0.244078	0.355729	0.279062	0.279062	0.276962	0.220624	0.198315	0.259542	0.198315	0.126358	0.111631	0.111631	0.159094	0.257284	0.206022	0.240058	0.111631	0.0986686	0.0624027	0.019733	0	0	0	0	0	0	0	0	0	0	0	0.197322	0.212524	0.111631	0.111631	0.111631	0.111631	0.111631	0.111631	0.212524	0.197322	0	0	0	0	0	0	0	0	0.209756	0.224981	0.019733	0.197322	0.212524	0.111631	0.249598	0.249598	0.0986686	0.238426	0.230962	0.159091	0.238426	0.335446	0.344608	0.257284	0.383134	0.316339	0.296648	0.295992	0.315725	0.315725	0.315725	0.399064	0.340645	0.45385	0.473994	0.425977	0.494892	0.516453	0.469047	0.445196	0.421842	0.406807	0.425977	0.494892	0.449981	0.449981	0.516453	0.469047	0.397125	0.430976	0.516453	0.464457	0.494892	0.449981	0.397125	0.496857	0.538597	0.45042	0.474413	0.474413	0.423692	0.455573	0.433235	0.423692	0.455573	0.423692	0.397125	0.436811	0.474413	0.474413	0.433235	0.423692	0.449981	0.397125	0.430976	0.449981	0.363868	0.402475	0.402475	0.353001	0.402475	0.353001	0.402475	0.396625	0.357378	0.360093	0.280467	0.263274	0.296648	0.220624	0.142302	0.0986686	0.0624027	0.115058	0.203156	0.139532	0.0624027	0.115058	0.203156	0.143655	0.039466	0	0.111622	0.223244	0.111622	0.039466	0.230115	0.197322	0	0.019733	0.132369	0.213436	0.0986613	0	0	0.197322	0.212524	0.0986686	0.143655	0.220614	0.138131	0.111631	0.111631	0.111631	0.111631	0.240058	0.27626	0.197337	0.142302	0.111631	0.111631	0.159094	0.257284	0.224994	0.169756	0.178691	0.257284	0.230973	0.244087	0.296648	0.224994	0.220624	0.276962	0.230973	0.197337	0.279062	0.27626	0.315725	0.399064	0.337774	0.355739	0.335457	0.249609	0.315725	0.402463	0.315725	0.316339	0.296648	0.295992	0.315725	0.316339	0.30185	0.355729	0.276962	0.220624	0.279062	0.279062	0.276962	0.220624	0.198315	0.259542	0.198315	0.259542	0.276962	0.169756	0.126358	0.240058	0.279062	0.142302	0.159094	0.257284	0.230973	0.223261	0.223261	0.223261	0.223261	0.223261	0.223261	0.223261	0.223261	0.223261	0.223261	0.27626	0.240058	0.142302	0.197337	0.223261	0.237625	0.280467	0.321239	0.334889	0.334889	0.334889	0.334889	0.334889	0.334889	0.334889	0.334889	0.334889	0.334889	0.334889	0.362257	0.436811	0.433235	0.391698
0.223202	0.334801	0.223202	0.223202	0.223202	0.111601	0.111601	0.223202	0.111601	0	0	0	0.111601	0.223202	0.111601	0.223202	0	0	0	0	0	0	0	0	0	0	0	0	0	0	0	0.223202	0.223202	0	0	0	0	0	0	0.223202	0.223202	0	0	0	0	0	0	0	0	0.223202	0.223202	0	0.223202	0.223202	0	0.223202	0.223202	0	0.223202	0.223202	0.111601	0.223202	0.334801	0.334801	0.223202	0.334801	0.223202	0.223202	0.223202	0.223202	0.223202	0.223202	0.334801	0.223202	0.334801	0.334801	0.223202	0.334801	0.334801	0.223202	0.223202	0.223202	0.223202	0.223202	0.334801	0.223202	0.223202	0.334801	0.223202	0.111601	0.223202	0.334801	0.223202	0.334801	0.223202	0.111601	0.334801	0.334801	0.111601	0.223202	0.223202	0.111601	0.223202	0.111601	0.111601	0.223202	0.111601	0.111601	0.223202	0.223202	0.223202	0.111601	0.111601	0.223202	0.111601	0.223202	0.223202	0	0.223202	0.223202	0.111601	0.223202	0.111601	0.223202	0.223202	0.223202	0.223202	0	0.111601	0.223202	0.111601	0	0	0	0.111601	0.223202	0.111601	0	0.111601	0.223202	0.111601	0	0	0.111601	0.223202	0.111601	0	0.223202	0.223202	0	0	0.111601	0.223202	0.111601	0	0	0.223202	0.223202	0	0.111601	0.223202	0.111601	0	0	0	0	0.223202	0.223202	0	0	0	0	0.111601	0.223202	0.111601	0	0.111601	0.223202	0.111601	0.111601	0.223202	0.111601	0.111601	0.223202	0.111601	0	0.223202	0.223202	0.223202	0.334801	0.223202	0.223202	0.223202	0.111601	0.223202	0.334801	0.223202	0.223202	0.223202	0.223202	0.223202	0.223202	0.223202	0.334801	0.223202	0.111601	0.223202	0.223202	0.223202	0.111601	0.111601	0.223202	0.111601	0.223202	0.223202	0	0	0.223202	0.223202	0	0.111601	0.223202	0.111601	0	0	0	0	0	0	0	0	0	0	0.223202	0.223202	0	0	0	0	0	0	0	0	0	0	0	0	0	0	0	0	0	0.111601	0.223202	0.111601	0
0.223158	0.334736	0.223158	0.223158	0.223158	0.11158	0.11158	0.223158	0.11158	0	0	0	0.11158	0.223158	0.11158	0.223158	0	0	0	0	0	0	0	0	0	0	0	0	0	0	0	0.223158	0.223158	0	0	0	0	0	0	0.223158	0.223158	0	0	0	0	0	0	0	0	0.223158	0.223158	0	0.223158	0.223158	0	0.223158	0.223158	0	0.223158	0.223158	0.11158	0.223158	0.334736	0.334736	0.223158	0.334736	0.223158	0.223158	0.223158	0.223158	0.223158	0.223158	0.334736	0.223158	0.334736	0.334736	0.223158	0.334736	0.334736	0.223158	0.223158	0.223158	0.223158	0.223158	0.334736	0.223158	0.223158	0.334736	0.223158	0.11158	0.223158	0.334736	0.223158	0.334736	0.223158	0.11158	0.334736	0.334736	0.11158	0.223158	0.223158	0.11158	0.223158	0.11158	0.11158	0.223158	0.11158	0.11158	0.223158	0.223158	0.223158	0.11158	0.11158	0.223158	0.11158	0.223158	0.223158	0	0.223158	0.223158	0.11158	0.223158	0.11158	0.223158	0.223158	0.223158	0.223158	0	0.11158	0.223158	0.11158	0	0	0	0.11158	0.223158	0.11158	0	0.11158	0.223158	0.11158	0	0	0.11158	0.223158	0.11158	0	0.223158	0.223158	0	0	0.11158	0.223158	0.11158	0	0	0.223158	0.223158	0	0.11158	0.223158	0.11158	0	0	0	0	0.223158	0.223158	0	0	0	0	0.11158	0.223158	0.11158	0	0.11158	0.223158	0.11158	0.11158	0.223158	0.11158	0.11158	0.223158	0.11158	0	0.223158	0.223158	0.223158	0.334736	0.223158	0.223158	0.223158	0.11158	0.223158	0.334736	0.223158	0.223158	0.223158	0.223158	0.223158	0.223158	0.223158	0.334736	0.223158	0.11158	0.223158	0.223158	0.223158	0.11158	0.11158	0.223158	0.11158	0.223158	0.223158	0	0	0.223158	0.223158	0	0.11158	0.223158	0.11158	0	0	0	0	0	0	0	0	0	0	0.223158	0.223158	0	0	0	0	0	0	0	0	0	0	0	0	0	0	0	0	0	0.11158	0.223158	0.11158	0
0.223117	0.334673	0.223117	0.223117	0.223117	0.111559	0.111559	0.223117	0.111559	0	0	0	0.111559	0.223117	0.111559	0.223117	0	0	0	0	0	0	0	0	0	0	0	0	0	0	0	0.223117	0.223117	0	0	0	0	0	0	0.223117	0.223117	0	0	0	0	0	0	0	0	0.223117	0.223117	0	0.223117	0.223117	0	0.223117	0.223117	0	0.223117	0.223117	0.111559	0.223117	0.334673	0.334673	0.223117	0.334673	0.223117	0.223117	0.223117	0.223117	0.223117	0.223117	0.334673	0.223117	0.334673	0.334673	0.223117	0.334673	0.334673	0.223117	0.223117	0.223117	0.223117	0.223117	0.334673	0.223117	0.223117	0.334673	0.223117	0.111559	0.223117	0.334673	0.223117	0.334673	0.223117	0.111559	0.334673	0.334673	0.111559	0.223117	0.223117	0.111559	0.223117	0.111559	0.111559	0.223117	0.111559	0.111559	0.223117	0.223117	0.223117	0.111559	0.111559	0.223117	0.111559	0.223117	0.223117	0	0.223117	0.223117	0.111559	0.223117	0.111559	0.223117	0.223117	0.223117	0.223117	0	0.111559	0.223117	0.111559	0	0	0	0.111559	0.223117	0.111559	0	0.111559	0.223117	0.111559	0	0	0.111559	0.223117	0.111559	0	0.223117	0.223117	0	0	0.111559	0.223117	0.111559	0	0	0.223117	0.223117	0	0.111559	0.223117	0.111559	0	0	0	0	0.223117	0.223117	0	0	0	0	0.111559	0.223117	0.111559	0	0.111559	0.223117	0.111559	0.111559	0.223117	0.111559	0.111559	0.223117	0.111559	0	0.223117	0.223117	0.223117	0.334673	0.223117	0.223117	0.223117	0.111559	0.223117	0.334673	0.223117	0.223117	0.223117	0.223117	0.223117	0.223117	0.223117	0.334673	0.223117	0.111559	0.223117	0.223117	0.223117	0.111559	0.111559	0.223117	0.111559	0.223117	0.223117	0	0	0.223117	0.223117	0	0.111559	0.223117	0.111559	0	0	0	0	0	0	0	0	0	0	0.223117	0.223117	0	0	0	0	0	0	0	0	0	0	0	0	0	0	0	0	0	0.111559	0.223117	0.111559	0
0.223073	0.334608	0.223073	0.223073	0.223073	0.111537	0.111537	0.223073	0.111537	0	0	0	0.111537	0.223073	0.111537	0.223073	0	0	0	0	0	0	0	0	0	0	0	0	0	0	0	0.223073	0.223073	0	0	0	0	0	0	0.223073	0.223073	0	0	0	0	0	0	0	0	0.223073	0.223073	0	0.223073	0.223073	0	0.223073	0.223073	0	0.223073	0.223073	0.111537	0.223073	0.334608	0.334608	0.223073	0.334608	0.223073	0.223073	0.223073	0.223073	0.223073	0.223073	0.334608	0.223073	0.334608	0.334608	0.223073	0.334608	0.334608	0.223073	0.223073	0.223073	0.223073	0.223073	0.334608	0.223073	0.223073	0.334608	0.223073	0.111537	0.223073	0.334608	0.223073	0.334608	0.223073	0.111537	0.334608	0.334608	0.111537	0.223073	0.223073	0.111537	0.223073	0.111537	0.111537	0.223073	0.111537	0.111537	0.223073	0.223073	0.223073	0.111537	0.111537	0.223073	0.111537	0.223073	0.223073	0	0.223073	0.223073	0.111537	0.223073	0.111537	0.223073	0.223073	0.223073	0.223073	0	0.111537	0.223073	0.111537	0	0	0	0.111537	0.223073	0.111537	0	0.111537	0.223073	0.111537	0	0	0.111537	0.223073	0.111537	0	0.223073	0.223073	0	0	0.111537	0.223073	0.111537	0	0	0.223073	0.223073	0	0.111537	0.223073	0.111537	0	0	0	0	0.223073	0.223073	0	0	0	0	0.111537	0.223073	0.111537	0	0.111537	0.223073	0.111537	0.111537	0.223073	0.111537	0.111537	0.223073	0.111537	0	0.223073	0.223073	0.223073	0.334608	0.223073	0.223073	0.223073	0.111537	0.223073	0.334608	0.223073	0.223073	0.223073	0.223073	0.223073	0.223073	0.223073	0.334608	0.223073	0.111537	0.223073	0.223073	0.223073	0.111537	0.111537	0.223073	0.111537	0.223073	0.223073	0	0	0.223073	0.223073	0	0.111537	0.223073	0.111537	0	0	0	0	0	0	0	0	0	0	0.223073	0.223073	0	0	0	0	0	0	0	0	0	0	0	0	0	0	0	0	0	0.111537	0.223073	0.111537	0
0.223032	0.334545	0.223032	0.223032	0.223032	0.111516	0.111516	0.223032	0.111516	0	0	0	0.111516	0.223032	0.111516	0.223032	0	0	0	0	0	0	0	0	0	0	0	0	0	0	0	0.223032	0.223032	0	0	0	0	0	0	0.223032	0.223032	0	0	0	0	0	0	0	0	0.223032	0.223032	0	0.223032	0.223032	0	0.223032	0.223032	0	0.223032	0.223032	0.111516	0.223032	0.334545	0.334545	0.223032	0.334545	0.223032	0.223032	0.223032	0.223032	0.223032	0.223032	0.334545	0.223032	0.334545	0.334545	0.223032	0.334545	0.334545	0.223032	0.223032	0.223032	0.223032	0.223032	0.334545	0.223032	0.223032	0.334545	0.223032	0.111516	0.223032	0.334545	0.223032	0.334545	0.223032	0.111516	0.334545	0.334545	0.111516	0.223032	0.223032	0.111516	0.223032	0.111516	0.111516	0.223032	0.111516	0.111516	0.223032	0.223032	0.223032	0.111516	0.111516	0.223032	0.111516	0.223032	0.223032	0	0.223032	0.223032	0.111516	0.223032	0.111516	0.223032	0.223032	0.223032	0.223032	0	0.111516	0.223032	0.111516	0	0	0	0.111516	0.223032	0.111516	0	0.111516	0.223032	0.111516	0	0	0.111516	0.223032	0.111516	0	0.223032	0.223032	0	0	0.111516	0.223032	0.111516	0	0	0.223032	0.223032	0	0.111516	0.223032	0.111516	0	0	0	0	0.223032	0.223032	0	0	0	0	0.111516	0.223032	0.111516	0	0.111516	0.223032	0.111516	0.111516	0.223032	0.111516	0.111516	0.223032	0.111516	0	0.223032	0.223032	0.223032	0.334545	0.223032	0.223032	0.223032	0.111516	0.223032	0.334545	0.223032	0.223032	0.223032	0.223032	0.223032	0.223032	0.223032	0.334545	0.223032	0.111516	0.223032	0.223032	0.223032	0.111516	0.111516	0.223032	0.111516	0.223032	0.223032	0	0	0.223032	0.223032	0	0.111516	0.223032	0.111516	0	0	0	0	0	0	0	0	0	0	0.223032	0.223032	0	0	0	0	0	0	0	0	0	0	0	0	0	0	0	0	0	0.111516	0.223032	0.111516	0
0.222988	0.33448	0.222988	0.222988	0.222988	0.111495	0.111495	0.222988	0.111495	0	0	0	0.111495	0.222988	0.111495	0.222988	0	0	0	0	0	0	0	0	0	0	0	0	0	0	0	0.222988	0.222988	0	0	0	0	0	0	0.222988	0.222988	0	0	0	0	0	0	0	0	0.222988	0.222988	0	0.222988	0.222988	0	0.222988	0.222988	0	0.222988	0.222988	0.111495	0.222988	0.33448	0.33448	0.222988	0.33448	0.222988	0.222988	0.222988	0.222988	0.222988	0.222988	0.33448	0.222988	0.33448	0.33448	0.222988	0.33448	0.33448	0.222988	0.222988	0.222988	0.222988	0.222988	0.33448	0.222988	0.222988	0.33448	0.222988	0.111495	0.222988	0.33448	0.222988	0.33448	0.222988	0.111495	0.33448	0.33448	0.111495	0.222988	0.222988	0.111495	0.222988	0.111495	0.111495	0.222988	0.111495	0.111495	0.222988	0.222988	0.222988	0.111495	0.111495	0.222988	0.111495	0.222988	0.222988	0	0.222988	0.222988	0.111495	0.222988	0.111495	0.222988	0.222988	0.222988	0.222988	0	0.111495	0.222988	0.111495	0	0	0	0.111495	0.222988	0.111495	0	0.111495	0.222988	0.111495	0	0	0.111495	0.222988	0.111495	0	0.222988	0.222988	0	0	0.111495	0.222988	0.111495	0	0	0.222988	0.222988	0	0.111495	0.222988	0.111495	0	0	0	0	0.222988	0.222988	0	0	0	0	0.111495	0.222988	0.111495	0	0.111495	0.222988	0.111495	0.111495	0.222988	0.111495	0.111495	0.222988	0.111495	0	0.222988	0.222988	0.222988	0.33448	0.222988	0.222988	0.222988	0.111495	0.222988	0.33448	0.222988	0.222988	0.222988	0.222988	0.222988	0.222988	0.222988	0.33448	0.222988	0.111495	0.222988	0.222988	0.222988	0.111495	0.111495	0.222988	0.111495	0.222988	0.222988	0	0	0.222988	0.222988	0	0.111495	0.222988	0.111495	0	0	0	0	0	0	0	0	0	0	0.222988	0.222988	0	0	0	0	0	0	0	0	0	0	0	0	0	0	0	0	0	0.111495	0.222988	0.111495	0
0.264383	0.317748	0.249265	0.249265	0.249265	0.162502	0.142102	0.222947	0.111474	0	0	0	0.0881284	0.200966	0.162508	0.176256	0	0	0	0	0	0	0	0	0.0788266	0.176266	0.222962	0.222962	0.222962	0.222962	0.222962	0.236479	0.176256	0	0	0.0394133	0.124638	0.197073	0.222962	0.236479	0.176256	0	0	0.0788266	0.176266	0.222962	0.222962	0.28422	0.39414	0.424497	0.363374	0.339054	0.411488	0.401938	0.39414	0.498542	0.536074	0.56017	0.688309	0.705031	0.710521	0.828583	0.900438	0.864359	0.81154	0.848948	0.846203	0.831393	0.81154	0.846203	0.865261	0.899579	0.952404	0.919219	0.952404	0.952404	0.919219	0.881264	0.812493	0.79315	0.81154	0.81154	0.81154	0.846203	0.864359	0.777329	0.758108	0.798026	0.79315	0.82011	0.899579	0.952404	0.919219	0.881264	0.81154	0.852606	0.952404	0.952404	0.930138	0.973375	0.973375	0.98527	0.99468	0.95404	0.98527	0.99468	0.923436	0.930138	0.973375	0.907317	0.831393	0.82011	0.84345	0.831393	0.82011	0.831393	0.777329	0.782311	0.831393	0.777329	0.765248	0.777329	0.701723	0.635514	0.528785	0.424497	0.325013	0.252376	0.336752	0.363374	0.264398	0.222962	0.222962	0.222962	0.212251	0.200966	0.124633	0.124638	0.200971	0.200966	0.0881284	0	0	0.0881284	0.212241	0.162502	0.0394133	0.176256	0.239738	0.124638	0.0394133	0.0881284	0.200966	0.197066	0.0788266	0	0.176256	0.249265	0.0788266	0.0881284	0.212241	0.162502	0.0394133	0	0	0.0788266	0.249265	0.176256	0.0788266	0.176266	0.222962	0.222962	0.249276	0.315304	0.249276	0.222962	0.249276	0.315304	0.325013	0.388181	0.411488	0.388181	0.440658	0.498542	0.459639	0.445918	0.498542	0.498542	0.498542	0.557377	0.536074	0.585914	0.56431	0.547548	0.600319	0.611847	0.54896	0.54896	0.585914	0.600319	0.56431	0.54896	0.54896	0.564303	0.498542	0.459639	0.498542	0.498542	0.498542	0.459639	0.49385	0.54896	0.481106	0.498542	0.498542	0.504741	0.615654	0.635514	0.528785	0.504741	0.601615	0.581928	0.481106	0.445918	0.445918	0.445918	0.445918	0.445918	0.445918	0.445918	0.445918	0.445918	0.445918	0.528785	0.635514	0.66886	0.66886	0.66886	0.66886	0.66886	0.66886	0.66886	0.66886	0.66886	0.66886	0.66886	0.66886	0.66886	0.697283	0.782311	0.864367	0.891781	0.867952	0.831393	0.82011	0.864367
0.317686	0.264332	0.249217	0.249217	0.249217	0.2122	0.197021	0.222903	0.111452	0	0	0	0.0394058	0.124615	0.142085	0.0788116	0	0	0	0	0	0	0	0	0.176222	0.236434	0.222921	0.222921	0.222921	0.222921	0.222921	0.176233	0.0788116	0	0	0.0881113	0.200927	0.212212	0.222921	0.176233	0.0788116	0	0	0.176222	0.236434	0.222921	0.222921	0.324951	0.424417	0.394067	0.336688	0.37384	0.388108	0.401862	0.424417	0.498448	0.564196	0.581819	0.71038	0.704899	0.72338	0.872238	0.900269	0.846045	0.811388	0.848788	0.864197	0.819956	0.811388	0.864197	0.865099	0.916506	0.952225	0.919047	0.952225	0.952225	0.919047	0.852446	0.793001	0.81234	0.811388	0.811388	0.811388	0.864197	0.846045	0.765105	0.757966	0.797876	0.81234	0.831237	0.916506	0.952225	0.919047	0.852446	0.811388	0.881099	0.952225	0.952225	0.939925	0.973192	0.973192	0.994494	0.985085	0.953862	0.994494	0.985085	0.919895	0.939925	0.973192	0.893354	0.819956	0.831237	0.843292	0.819956	0.831237	0.819956	0.765105	0.797884	0.819956	0.765105	0.777183	0.765105	0.697153	0.615539	0.504647	0.394067	0.284167	0.264349	0.363305	0.336688	0.252328	0.222921	0.222921	0.222921	0.197036	0.124615	0.124609	0.200927	0.200933	0.124615	0.0394058	0	0	0.0394058	0.162471	0.2122	0.0881113	0.0788116	0.197028	0.200927	0.0881113	0.0394058	0.124615	0.239692	0.176222	0	0.0788116	0.249217	0.176222	0.0394058	0.162471	0.2122	0.0881113	0	0	0.176222	0.249217	0.0788116	0.176222	0.236434	0.222921	0.222921	0.249229	0.315243	0.249229	0.222921	0.249229	0.315243	0.394052	0.411411	0.388108	0.411411	0.461235	0.498448	0.459553	0.445834	0.498448	0.498448	0.498448	0.557271	0.564196	0.611732	0.547445	0.564204	0.600207	0.585804	0.548857	0.548857	0.611732	0.600207	0.547445	0.548857	0.548857	0.535973	0.498448	0.459553	0.498448	0.498448	0.498448	0.459553	0.512276	0.548857	0.474516	0.498448	0.498448	0.528686	0.635395	0.615539	0.504647	0.528686	0.616794	0.560066	0.474516	0.445834	0.445834	0.445834	0.445834	0.445834	0.445834	0.445834	0.445834	0.445834	0.445834	0.504647	0.615539	0.668735	0.668735	0.668735	0.668735	0.668735	0.668735	0.668735	0.668735	0.668735	0.668735	0.668735	0.668735	0.668735	0.701592	0.797884	0.86779	0.891615	0.864205	0.819956	0.831237	0.86779
0.33429	0.222862	0.222862	0.222862	0.222862	0.222862	0.222862	0.222862	0.111431	0	0	0	0	0	0	0	0	0	0	0	0	0	0	0	0.222862	0.222862	0	0	0	0	0	0	0	0	0	0.111431	0.222862	0.111431	0	0	0	0	0	0.222862	0.222862	0	0	0.222862	0.222862	0	0.111431	0.222862	0.111431	0.222862	0.222862	0.222862	0.33429	0.222862	0.33429	0.222862	0.222862	0.445716	0.33429	0.222862	0.222862	0.33429	0.33429	0.111431	0.222862	0.33429	0.222862	0.33429	0.33429	0.222862	0.33429	0.33429	0.222862	0.111431	0.222862	0.33429	0.222862	0.222862	0.222862	0.33429	0.222862	0.111431	0.222862	0.33429	0.33429	0.222862	0.33429	0.33429	0.222862	0.111431	0.222862	0.33429	0.33429	0.33429	0.222862	0.222862	0.222862	0.222862	0.111431	0.111431	0.222862	0.111431	0	0.222862	0.222862	0	0.111431	0.222862	0.111431	0.111431	0.222862	0.111431	0.111431	0.222862	0.111431	0.111431	0.222862	0.111431	0	0	0	0	0	0.111431	0.222862	0.111431	0	0	0	0	0	0	0.111431	0.222862	0.111431	0	0	0	0	0	0.111431	0.222862	0.111431	0	0.111431	0.222862	0.111431	0	0	0.222862	0.222862	0	0	0.222862	0.222862	0	0.111431	0.222862	0.111431	0	0	0.222862	0.222862	0	0.222862	0.222862	0	0	0.111431	0.222862	0.111431	0	0.111431	0.222862	0.33429	0.222862	0.111431	0.222862	0.222862	0.222862	0.111431	0	0.222862	0.222862	0.222862	0.33429	0.33429	0.33429	0.111431	0.222862	0.222862	0.222862	0.222862	0.222862	0.33429	0.222862	0.111431	0.222862	0.222862	0.222862	0.222862	0.111431	0.222862	0.222862	0.222862	0.111431	0.222862	0.222862	0	0.222862	0.222862	0.222862	0.222862	0	0	0.222862	0.222862	0	0	0	0	0	0	0	0	0	0	0	0	0	0	0	0	0	0	0	0	0	0	0	0	0	0	0	0.111431	0.222862	0.111431	0	0	0.111431	0.222862	0.111431
0.334225	0.222818	0.222818	0.222818	0.222818	0.222818	0.222818	0.222818	0.11141	0	0	0	0	0	0	0	0	0	0	0	0	0	0	0	0.222818	0.222818	0	0	0	0	0	0	0	0	0	0.11141	0.222818	0.11141	0	0	0	0	0	0.222818	0.222818	0	0	0.222818	0.222818	0	0.11141	0.222818	0.11141	0.222818	0.222818	0.222818	0.334225	0.222818	0.334225	0.222818	0.222818	0.44563	0.334225	0.222818	0.222818	0.334225	0.334225	0.11141	0.222818	0.334225	0.222818	0.334225	0.334225	0.222818	0.334225	0.334225	0.222818	0.11141	0.222818	0.334225	0.222818	0.222818	0.222818	0.334225	0.222818	0.11141	0.222818	0.334225	0.334225	0.222818	0.334225	0.334225	0.222818	0.11141	0.222818	0.334225	0.334225	0.334225	0.222818	0.222818	0.222818	0.222818	0.11141	0.11141	0.222818	0.11141	0	0.222818	0.222818	0	0.11141	0.222818	0.11141	0.11141	0.222818	0.11141	0.11141	0.222818	0.11141	0.11141	0.222818	0.11141	0	0	0	0	0	0.11141	0.222818	0.11141	0	0	0	0	0	0	0.11141	0.222818	0.11141	0	0	0	0	0	0.11141	0.222818	0.11141	0	0.11141	0.222818	0.11141	0	0	0.222818	0.222818	0	0	0.222818	0.222818	0	0.11141	0.222818	0.11141	0	0	0.222818	0.222818	0	0.222818	0.222818	0	0	0.11141	0.222818	0.11141	0	0.11141	0.222818	0.334225	0.222818	0.11141	0.222818	0.222818	0.222818	0.11141	0	0.222818	0.222818	0.222818	0.334225	0.334225	0.334225	0.11141	0.222818	0.222818	0.222818	0.222818	0.222818	0.334225	0.222818	0.11141	0.222818	0.222818	0.222818	0.222818	0.11141	0.222818	0.222818	0.222818	0.11141	0.222818	0.222818	0	0.222818	0.222818	0.222818	0.222818	0	0	0.222818	0.222818	0	0	0	0	0	0	0	0	0	0	0	0	0	0	0	0	0	0	0	0	0	0	0	0	0	0	0	0.11141	0.222818	0.11141	0	0	0.11141	0.222818	0.11141
0.334163	0.222777	0.222777	0.222777	0.222777	0.222777	0.222777	0.222777	0.111389	0	0	0	0	0	0	0	0	0	0	0	0	0	0	0	0.222777	0.222777	0	0	0	0	0	0	0	0	0	0.111389	0.222777	0.111389	0	0	0	0	0	0.222777	0.222777	0	0	0.222777	0.222777	0	0.111389	0.222777	0.111389	0.222777	0.222777	0.222777	0.334163	0.222777	0.334163	0.222777	0.222777	0.445547	0.334163	0.222777	0.222777	0.334163	0.334163	0.111389	0.222777	0.334163	0.222777	0.334163	0.334163	0.222777	0.334163	0.334163	0.222777	0.111389	0.222777	0.334163	0.222777	0.222777	0.222777	0.334163	0.222777	0.111389	0.222777	0.334163	0.334163	0.222777	0.334163	0.334163	0.222777	0.111389	0.222777	0.334163	0.334163	0.334163	0.222777	0.222777	0.222777	0.222777	0.111389	0.111389	0.222777	0.111389	0	0.222777	0.222777	0	0.111389	0.222777	0.111389	0.111389	0.222777	0.111389	0.111389	0.222777	0.111389	0.111389	0.222777	0.111389	0	0	0	0	0	0.111389	0.222777	0.111389	0	0	0	0	0	0	0.111389	0.222777	0.111389	0	0	0	0	0	0.111389	0.222777	0.111389	0	0.111389	0.222777	0.111389	0	0	0.222777	0.222777	0	0	0.222777	0.222777	0	0.111389	0.222777	0.111389	0	0	0.222777	0.222777	0	0.222777	0.222777	0	0	0.111389	0.222777	0.111389	0	0.111389	0.222777	0.334163	0.222777	0.111389	0.222777	0.222777	0.222777	0.111389	0	0.222777	0.222777	0.222777	0.334163	0.334163	0.334163	0.111389	0.222777	0.222777	0.222777	0.222777	0.222777	0.334163	0.222777	0.111389	0.222777	0.222777	0.222777	0.222777	0.111389	0.222777	0.222777	0.222777	0.111389	0.222777	0.222777	0	0.222777	0.222777	0.222777	0.222777	0	0	0.222777	0.222777	0	0	0	0	0	0	0	0	0	0	0	0	0	0	0	0	0	0	0	0	0	0	0	0	0	0	0	0.111389	0.222777	0.111389	0	0	0.111389	0.222777	0.111389
0.334098	0.222733	0.222733	0.222733	0.222733	0.222733	0.222733	0.222733	0.111367	0	0	0	0	0	0	0	0	0	0	0	0	0	0	0	0.222733	0.222733	0	0	0	0	0	0	0	0	0	0.111367	0.222733	0.111367	0	0	0	0	0	0.222733	0.222733	0	0	0.222733	0.222733	0	0.111367	0.222733	0.111367	0.222733	0.222733	0.222733	0.334098	0.222733	0.334098	0.222733	0.222733	0.44546	0.334098	0.222733	0.222733	0.334098	0.334098	0.111367	0.222733	0.334098	0.222733	0.334098	0.334098	0.222733	0.334098	0.334098	0.222733	0.111367	0.222733	0.334098	0.222733	0.222733	0.222733	0.334098	0.222733	0.111367	0.222733	0.334098	0.334098	0.222733	0.334098	0.334098	0.222733	0.111367	0.222733	0.334098	0.334098	0.334098	0.222733	0.222733	0.222733	0.222733	0.111367	0.111367	0.222733	0.111367	0	0.222733	0.222733	0	0.111367	0.222733	0.111367	0.111367	0.222733	0.111367	0.111367	0.222733	0.111367	0.111367	0.222733	0.111367	0	0	0	0	0	0.111367	0.222733	0.111367	0	0	0	0	0	0	0.111367	0.222733	0.111367	0	0	0	0	0	0.111367	0.222733	0.111367	0	0.111367	0.222733	0.111367	0	0	0.222733	0.222733	0	0	0.222733	0.222733	0	0.111367	0.222733	0.111367	0	0	0.222733	0.222733	0	0.222733	0.222733	0	0	0.111367	0.222733	0.111367	0	0.111367	0.222733	0.334098	0.222733	0.111367	0.222733	0.222733	0.222733	0.111367	0	0.222733	0.222733	0.222733	0.334098	0.334098	0.334098	0.111367	0.222733	0.222733	0.222733	0.222733	0.222733	0.334098	0.222733	0.111367	0.222733	0.222733	0.222733	0.222733	0.111367	0.222733	0.222733	0.222733	0.111367	0.222733	0.222733	0	0.222733	0.222733	0.222733	0.222733	0	0	0.222733	0.222733	0	0	0	0	0	0	0	0	0	0	0	0	0	0	0	0	0	0	0	0	0	0	0	0	0	0	0	0.111367	0.222733	0.111367	0	0	0.111367	0.222733	0.111367
0.334036	0.222692	0.222692	0.222692	0.222692	0.222692	0.222692	0.222692	0.111346	0	0	0	0	0	0	0	0	0	0	0	0	0	0	0	0.222692	0.222692	0	0	0	0	0	0	0	0	0	0.111346	0.222692	0.111346	0	0	0	0	0	0.222692	0.222692	0	0	0.222692	0.222692	0	0.111346	0.222692	0.111346	0.222692	0.222692	0.222692	0.334036	0.222692	0.334036	0.222692	0.222692	0.445377	0.334036	0.222692	0.222692	0.334036	0.334036	0.111346	0.222692	0.334036	0.222692	0.334036	0.334036	0.222692	0.334036	0.334036	0.222692	0.111346	0.222692	0.334036	0.222692	0.222692	0.222692	0.334036	0.222692	0.111346	0.222692	0.334036	0.334036	0.222692	0.334036	0.334036	0.222692	0.111346	0.222692	0.334036	0.334036	0.334036	0.222692	0.222692	0.222692	0.222692	0.111346	0.111346	0.222692	0.111346	0	0.222692	0.222692	0	0.111346	0.222692	0.111346	0.111346	0.222692	0.111346	0.111346	0.222692	0.111346	0.111346	0.222692	0.111346	0	0	0	0	0	0.111346	0.222692	0.111346	0	0	0	0	0	0	0.111346	0.222692	0.111346	0	0	0	0	0	0.111346	0.222692	0.111346	0	0.111346	0.222692	0.111346	0	0	0.222692	0.222692	0	0	0.222692	0.222692	0	0.111346	0.222692	0.111346	0	0	0.222692	0.222692	0	0.222692	0.222692	0	0	0.111346	0.222692	0.111346	0	0.111346	0.222692	0.334036	0.222692	0.111346	0.222692	0.222692	0.222692	0.111346	0	0.222692	0.222692	0.222692	0.334036	0.334036	0.334036	0.111346	0.222692	0.222692	0.222692	0.222692	0.222692	0.334036	0.222692	0.111346	0.222692	0.222692	0.222692	0.222692	0.111346	0.222692	0.222692	0.222692	0.111346	0.222692	0.222692	0	0.222692	0.222692	0.222692	0.222692	0	0	0.222692	0.222692	0	0	0	0	0	0	0	0	0	0	0	0	0	0	0	0	0	0	0	0	0	0	0	0	0	0	0	0.111346	0.222692	0.111346	0	0	0.111346	0.222692	0.111346
0.352038	0.248932	0.248932	0.248932	0.243427	0.262563	0.262563	0.25885	0.197786	0.126021	0.0984056	0.0622363	0.0196804	0	0	0	0	0	0	0	0	0	0.0393608	0.0880161	0.211958	0.196796	0	0	0.0196804	0.0622363	0.0984056	0.111333	0.111333	0.111333	0.111333	0.137763	0.237791	0.158667	0.126021	0.169303	0.209213	0.236991	0.27972	0.359133	0.317337	0.25204	0.307427	0.382125	0.378559	0.350408	0.440072	0.497878	0.459028	0.497878	0.497878	0.497878	0.556634	0.497878	0.556634	0.497878	0.497878	0.629748	0.556634	0.497878	0.497878	0.556634	0.556634	0.493193	0.54823	0.563552	0.497878	0.556634	0.556634	0.497878	0.517703	0.493573	0.463219	0.449219	0.47925	0.515076	0.448782	0.448782	0.448782	0.493573	0.405723	0.369767	0.463219	0.53463	0.515076	0.448782	0.493573	0.492393	0.424841	0.396066	0.467796	0.515076	0.493573	0.492393	0.444009	0.429827	0.424841	0.424841	0.396066	0.422562	0.435646	0.396066	0.41842	0.460708	0.410941	0.362898	0.422562	0.435646	0.396066	0.422562	0.435646	0.361291	0.334574	0.359133	0.317952	0.325775	0.339737	0.255851	0.222666	0.222666	0.222666	0.222666	0.222666	0.230358	0.256598	0.178215	0.169303	0.209213	0.222666	0.222666	0.222666	0.222666	0.230358	0.256598	0.15867	0.111333	0.111333	0.111333	0.111333	0.111333	0.157443	0.248932	0.157443	0.111333	0.157443	0.248932	0.157443	0.111333	0.126021	0.262563	0.243427	0.111333	0.141922	0.278318	0.239418	0.126021	0.197786	0.25885	0.15867	0.141922	0.196811	0.275524	0.239418	0.126021	0.262563	0.243427	0.126021	0.169303	0.243436	0.314883	0.248944	0.25204	0.317952	0.378559	0.433406	0.336873	0.292575	0.356426	0.356426	0.356426	0.317952	0.350408	0.448782	0.448782	0.467796	0.515076	0.493573	0.47273	0.369767	0.424841	0.405723	0.401402	0.401402	0.401402	0.45264	0.359133	0.317952	0.378559	0.378559	0.359133	0.356426	0.317952	0.378559	0.39801	0.401402	0.35206	0.401402	0.401402	0.333997	0.401402	0.401402	0.401402	0.401402	0.333997	0.333997	0.401402	0.401402	0.333997	0.333997	0.348191	0.390654	0.431633	0.445325	0.445325	0.445325	0.445325	0.445325	0.445325	0.445325	0.445325	0.445325	0.445325	0.445325	0.445325	0.473974	0.529551	0.55665	0.55665	0.55665	0.55665	0.55665	0.55665	0.55665	0.55665	0.551406	0.573774	0.556996	0.55665	0.55665	0.584147	0.625446	0.57882
0.401315	0.314823	0.314823	0.314823	0.300996	0.356358	0.356358	0.348674	0.348674	0.256559	0.202589	0.157413	0.0622217	0	0	0	0	0	0	0	0	0	0.124443	0.200665	0.200665	0.124443	0	0	0.0622217	0.157413	0.202589	0.222623	0.222623	0.222623	0.222623	0.202589	0.278265	0.256552	0.256559	0.351992	0.421105	0.476327	0.567561	0.607746	0.513107	0.513107	0.622226	0.661431	0.651403	0.715415	0.863943	0.917819	0.897351	0.917819	0.917819	0.917819	0.950953	0.917819	0.950953	0.917819	0.917819	0.995489	0.950953	0.917819	0.917819	0.950953	0.950953	0.971892	1.02613	0.971892	0.917819	0.950953	0.950953	0.917819	0.863943	0.801174	0.847655	0.878605	0.878605	0.853574	0.810304	0.810304	0.810304	0.801174	0.715415	0.715415	0.847655	0.899067	0.853574	0.810304	0.801174	0.796811	0.756954	0.769635	0.853574	0.853574	0.801174	0.796811	0.801174	0.769635	0.756954	0.756954	0.769635	0.824043	0.787043	0.769635	0.842165	0.842165	0.731998	0.731998	0.824043	0.787043	0.769635	0.824043	0.787043	0.697887	0.642431	0.607746	0.607746	0.622226	0.567561	0.476327	0.445239	0.445239	0.445239	0.445239	0.445239	0.421105	0.351992	0.299711	0.351992	0.421105	0.445239	0.445239	0.445239	0.445239	0.421105	0.351992	0.256559	0.222623	0.222623	0.222623	0.222623	0.222623	0.248896	0.314823	0.248896	0.222623	0.248896	0.314823	0.248896	0.222623	0.256559	0.356358	0.300996	0.222623	0.299711	0.401325	0.299711	0.256559	0.348674	0.348674	0.256559	0.299711	0.405172	0.405172	0.299711	0.256559	0.356358	0.300996	0.256559	0.351992	0.449561	0.497782	0.458939	0.513107	0.607746	0.651403	0.647226	0.554447	0.554447	0.599405	0.599405	0.599405	0.607746	0.715415	0.810304	0.810304	0.853574	0.853574	0.801174	0.749241	0.715415	0.756954	0.715415	0.703958	0.703958	0.703958	0.69788	0.607746	0.607746	0.651403	0.651403	0.607746	0.599405	0.607746	0.651403	0.69788	0.703958	0.677051	0.703958	0.703958	0.667841	0.703958	0.703958	0.703958	0.703958	0.667841	0.667841	0.703958	0.703958	0.667841	0.667841	0.697887	0.787043	0.864395	0.890423	0.890423	0.890423	0.890423	0.890423	0.890423	0.890423	0.890423	0.890423	0.890423	0.890423	0.890423	0.952587	1.06318	1.11298	1.11298	1.11298	1.11298	1.11298	1.11298	1.11298	1.11298	1.08659	1.08051	1.09792	1.11298	1.11298	1.15294	1.18961	1.14215
0.351904	0.248837	0.248837	0.248837	0.177056	0.262463	0.262463	0.197711	0.258752	0.158609	0.13771	0.202537	0.0983608	0	0	0	0	0	0	0	0	0	0.196721	0.211877	0.0879826	0.0393458	0	0	0.0983608	0.202537	0.13771	0.111291	0.111291	0.111291	0.111291	0.0983681	0.2377	0.230259	0.158609	0.2565	0.23027	0.255753	0.339608	0.317831	0.251944	0.317216	0.362752	0.343578	0.378415	0.454178	0.517505	0.497689	0.458853	0.497689	0.497689	0.497689	0.556422	0.497689	0.556422	0.497689	0.497689	0.629508	0.556422	0.497689	0.497689	0.556422	0.556422	0.563337	0.548021	0.493006	0.497689	0.556422	0.556422	0.497689	0.439905	0.44384	0.570833	0.479067	0.449048	0.467618	0.448611	0.448611	0.448611	0.44384	0.369626	0.405568	0.570833	0.534426	0.467618	0.448611	0.44384	0.492205	0.424679	0.429664	0.51488	0.467618	0.44384	0.492205	0.493385	0.395916	0.424679	0.424679	0.429664	0.454185	0.390505	0.429664	0.460533	0.41826	0.36276	0.410784	0.454185	0.390505	0.429664	0.454185	0.390505	0.348059	0.320261	0.317831	0.358997	0.325651	0.279613	0.236901	0.222581	0.222581	0.222581	0.222581	0.222581	0.209133	0.169239	0.178147	0.2565	0.23027	0.222581	0.222581	0.222581	0.222581	0.209133	0.169239	0.125973	0.111291	0.111291	0.111291	0.111291	0.111291	0.157383	0.248837	0.157383	0.111291	0.157383	0.248837	0.157383	0.111291	0.158609	0.262463	0.177056	0.111291	0.239327	0.278212	0.141868	0.158609	0.258752	0.197711	0.125973	0.239327	0.275419	0.196736	0.141868	0.158609	0.262463	0.177056	0.158609	0.2565	0.295091	0.314763	0.248849	0.317216	0.358997	0.378415	0.375848	0.292463	0.336745	0.35629	0.35629	0.35629	0.358997	0.454178	0.448611	0.448611	0.51488	0.467618	0.44384	0.420557	0.405568	0.424679	0.369626	0.40125	0.40125	0.40125	0.397858	0.317831	0.358997	0.378415	0.378415	0.317831	0.35629	0.358997	0.378415	0.452468	0.40125	0.351926	0.40125	0.40125	0.33387	0.40125	0.40125	0.40125	0.40125	0.33387	0.33387	0.40125	0.40125	0.33387	0.33387	0.361154	0.43548	0.4421	0.445155	0.445155	0.445155	0.445155	0.445155	0.445155	0.445155	0.445155	0.445155	0.445155	0.445155	0.445155	0.511496	0.563345	0.556438	0.556438	0.556438	0.556438	0.556438	0.556438	0.556438	0.556438	0.542706	0.573555	0.581264	0.556438	0.556438	0.607312	0.625208	0.570518
0.333781	0.222522	0.222522	0.222522	0.111262	0.222522	0.222522	0.111262	0.222522	0.111262	0.111262	0.222522	0.111262	0	0	0	0	0	0	0	0	0	0.222522	0.222522	0	0	0	0	0.111262	0.222522	0.111262	0	0	0	0	0	0.222522	0.222522	0.111262	0.222522	0.111262	0.111262	0.222522	0.111262	0	0.222522	0.222522	0.111262	0.222522	0.333781	0.333781	0.222522	0.111262	0.222522	0.222522	0.222522	0.333781	0.222522	0.333781	0.222522	0.222522	0.445038	0.333781	0.222522	0.222522	0.333781	0.333781	0.333781	0.222522	0.111262	0.222522	0.333781	0.333781	0.222522	0.111262	0.222522	0.445038	0.222522	0.111262	0.222522	0.222522	0.222522	0.222522	0.222522	0.111262	0.222522	0.445038	0.333781	0.222522	0.222522	0.222522	0.333781	0.222522	0.222522	0.333781	0.222522	0.222522	0.333781	0.333781	0.111262	0.222522	0.222522	0.222522	0.222522	0	0.222522	0.222522	0	0	0.222522	0.222522	0	0.222522	0.222522	0	0	0	0.111262	0.222522	0.111262	0	0	0	0	0	0	0	0	0	0.111262	0.222522	0.111262	0	0	0	0	0	0	0	0	0	0	0	0	0.111262	0.222522	0.111262	0	0.111262	0.222522	0.111262	0	0.111262	0.222522	0.111262	0	0.222522	0.222522	0	0.111262	0.222522	0.111262	0	0.222522	0.222522	0	0	0.111262	0.222522	0.111262	0.111262	0.222522	0.222522	0.222522	0.111262	0.222522	0.222522	0.222522	0.222522	0.111262	0.222522	0.222522	0.222522	0.222522	0.222522	0.333781	0.222522	0.222522	0.333781	0.222522	0.222522	0.222522	0.222522	0.222522	0.111262	0.222522	0.222522	0.222522	0.222522	0.111262	0.222522	0.222522	0.222522	0.111262	0.222522	0.222522	0.222522	0.333781	0.222522	0.111262	0.222522	0.222522	0	0.222522	0.222522	0.222522	0.222522	0	0	0.222522	0.222522	0	0	0.111262	0.222522	0.111262	0	0	0	0	0	0	0	0	0	0	0	0	0.222522	0.222522	0	0	0	0	0	0	0	0	0	0.222522	0.222522	0	0	0.222522	0.222522	0
0.333717	0.222479	0.222479	0.222479	0.11124	0.222479	0.222479	0.11124	0.222479	0.11124	0.11124	0.222479	0.11124	0	0	0	0	0	0	0	0	0	0.222479	0.222479	0	0	0	0	0.11124	0.222479	0.11124	0	0	0	0	0	0.222479	0.222479	0.11124	0.222479	0.11124	0.11124	0.222479	0.11124	0	0.222479	0.222479	0.11124	0.222479	0.333717	0.333717	0.222479	0.11124	0.222479	0.222479	0.222479	0.333717	0.222479	0.333717	0.222479	0.222479	0.444952	0.333717	0.222479	0.222479	0.333717	0.333717	0.333717	0.222479	0.11124	0.222479	0.333717	0.333717	0.222479	0.11124	0.222479	0.444952	0.222479	0.11124	0.222479	0.222479	0.222479	0.222479	0.222479	0.11124	0.222479	0.444952	0.333717	0.222479	0.222479	0.222479	0.333717	0.222479	0.222479	0.333717	0.222479	0.222479	0.333717	0.333717	0.11124	0.222479	0.222479	0.222479	0.222479	0	0.222479	0.222479	0	0	0.222479	0.222479	0	0.222479	0.222479	0	0	0	0.11124	0.222479	0.11124	0	0	0	0	0	0	0	0	0	0.11124	0.222479	0.11124	0	0	0	0	0	0	0	0	0	0	0	0	0.11124	0.222479	0.11124	0	0.11124	0.222479	0.11124	0	0.11124	0.222479	0.11124	0	0.222479	0.222479	0	0.11124	0.222479	0.11124	0	0.222479	0.222479	0	0	0.11124	0.222479	0.11124	0.11124	0.222479	0.222479	0.222479	0.11124	0.222479	0.222479	0.222479	0.222479	0.11124	0.222479	0.222479	0.222479	0.222479	0.222479	0.333717	0.222479	0.222479	0.333717	0.222479	0.222479	0.222479	0.222479	0.222479	0.11124	0.222479	0.222479	0.222479	0.222479	0.11124	0.222479	0.222479	0.222479	0.11124	0.222479	0.222479	0.222479	0.333717	0.222479	0.11124	0.222479	0.222479	0	0.222479	0.222479	0.222479	0.222479	0	0	0.222479	0.222479	0	0	0.11124	0.222479	0.11124	0	0	0	0	0	0	0	0	0	0	0	0	0.222479	0.222479	0	0	0	0	0	0	0	0	0	0.222479	0.222479	0	0	0.222479	0.222479	0
0.333654	0.222438	0.222438	0.222438	0.111219	0.222438	0.222438	0.111219	0.222438	0.111219	0.111219	0.222438	0.111219	0	0	0	0	0	0	0	0	0	0.222438	0.222438	0	0	0	0	0.111219	0.222438	0.111219	0	0	0	0	0	0.222438	0.222438	0.111219	0.222438	0.111219	0.111219	0.222438	0.111219	0	0.222438	0.222438	0.111219	0.222438	0.333654	0.333654	0.222438	0.111219	0.222438	0.222438	0.222438	0.333654	0.222438	0.333654	0.222438	0.222438	0.444869	0.333654	0.222438	0.222438	0.333654	0.333654	0.333654	0.222438	0.111219	0.222438	0.333654	0.333654	0.222438	0.111219	0.222438	0.444869	0.222438	0.111219	0.222438	0.222438	0.222438	0.222438	0.222438	0.111219	0.222438	0.444869	0.333654	0.222438	0.222438	0.222438	0.333654	0.222438	0.222438	0.333654	0.222438	0.222438	0.333654	0.333654	0.111219	0.222438	0.222438	0.222438	0.222438	0	0.222438	0.222438	0	0	0.222438	0.222438	0	0.222438	0.222438	0	0	0	0.111219	0.222438	0.111219	0	0	0	0	0	0	0	0	0	0.111219	0.222438	0.111219	0	0	0	0	0	0	0	0	0	0	0	0	0.111219	0.222438	0.111219	0	0.111219	0.222438	0.111219	0	0.111219	0.222438	0.111219	0	0.222438	0.222438	0	0.111219	0.222438	0.111219	0	0.222438	0.222438	0	0	0.111219	0.222438	0.111219	0.111219	0.222438	0.222438	0.222438	0.111219	0.222438	0.222438	0.222438	0.222438	0.111219	0.222438	0.222438	0.222438	0.222438	0.222438	0.333654	0.222438	0.222438	0.333654	0.222438	0.222438	0.222438	0.222438	0.222438	0.111219	0.222438	0.222438	0.222438	0.222438	0.111219	0.222438	0.222438	0.222438	0.111219	0.222438	0.222438	0.222438	0.333654	0.222438	0.111219	0.222438	0.222438	0	0.222438	0.222438	0.222438	0.222438	0	0	0.222438	0.222438	0	0	0.111219	0.222438	0.111219	0	0	0	0	0	0	0	0	0	0	0	0	0.222438	0.222438	0	0	0	0	0	0	0	0	0	0.222438	0.222438	0	0	0.222438	0.222438	0
0.33359	0.222394	0.222394	0.222394	0.111198	0.222394	0.222394	0.111198	0.222394	0.111198	0.111198	0.222394	0.111198	0	0	0	0	0	0	0	0	0	0.222394	0.222394	0	0	0	0	0.111198	0.222394	0.111198	0	0	0	0	0	0.222394	0.222394	0.111198	0.222394	0.111198	0.111198	0.222394	0.111198	0	0.222394	0.222394	0.111198	0.222394	0.33359	0.33359	0.222394	0.111198	0.222394	0.222394	0.222394	0.33359	0.222394	0.33359	0.222394	0.222394	0.444782	0.33359	0.222394	0.222394	0.33359	0.33359	0.33359	0.222394	0.111198	0.222394	0.33359	0.33359	0.222394	0.111198	0.222394	0.444782	0.222394	0.111198	0.222394	0.222394	0.222394	0.222394	0.222394	0.111198	0.222394	0.444782	0.33359	0.222394	0.222394	0.222394	0.33359	0.222394	0.222394	0.33359	0.222394	0.222394	0.33359	0.33359	0.111198	0.222394	0.222394	0.222394	0.222394	0	0.222394	0.222394	0	0	0.222394	0.222394	0	0.222394	0.222394	0	0	0	0.111198	0.222394	0.111198	0	0	0	0	0	0	0	0	0	0.111198	0.222394	0.111198	0	0	0	0	0	0	0	0	0	0	0	0	0.111198	0.222394	0.111198	0	0.111198	0.222394	0.111198	0	0.111198	0.222394	0.111198	0	0.222394	0.222394	0	0.111198	0.222394	0.111198	0	0.222394	0.222394	0	0	0.111198	0.222394	0.111198	0.111198	0.222394	0.222394	0.222394	0.111198	0.222394	0.222394	0.222394	0.222394	0.111198	0.222394	0.222394	0.222394	0.222394	0.222394	0.33359	0.222394	0.222394	0.33359	0.222394	0.222394	0.222394	0.222394	0.222394	0.111198	0.222394	0.222394	0.222394	0.222394	0.111198	0.222394	0.222394	0.222394	0.111198	0.222394	0.222394	0.222394	0.33359	0.222394	0.111198	0.222394	0.222394	0	0.222394	0.222394	0.222394	0.222394	0	0	0.222394	0.222394	0	0	0.111198	0.222394	0.111198	0	0	0	0	0	0	0	0	0	0	0	0	0.222394	0.222394	0	0	0	0	0	0	0	0	0	0.222394	0.222394	0	0	0.222394	0.222394	0
0.333525	0.222351	0.222351	0.222351	0.111176	0.222351	0.222351	0.111176	0.222351	0.111176	0.111176	0.222351	0.111176	0	0	0	0	0	0	0	0	0	0.222351	0.222351	0	0	0	0	0.111176	0.222351	0.111176	0	0	0	0	0	0.222351	0.222351	0.111176	0.222351	0.111176	0.111176	0.222351	0.111176	0	0.222351	0.222351	0.111176	0.222351	0.333525	0.333525	0.222351	0.111176	0.222351	0.222351	0.222351	0.333525	0.222351	0.333525	0.222351	0.222351	0.444696	0.333525	0.222351	0.222351	0.333525	0.333525	0.333525	0.222351	0.111176	0.222351	0.333525	0.333525	0.222351	0.111176	0.222351	0.444696	0.222351	0.111176	0.222351	0.222351	0.222351	0.222351	0.222351	0.111176	0.222351	0.444696	0.333525	0.222351	0.222351	0.222351	0.333525	0.222351	0.222351	0.333525	0.222351	0.222351	0.333525	0.333525	0.111176	0.222351	0.222351	0.222351	0.222351	0	0.222351	0.222351	0	0	0.222351	0.222351	0	0.222351	0.222351	0	0	0	0.111176	0.222351	0.111176	0	0	0	0	0	0	0	0	0	0.111176	0.222351	0.111176	0	0	0	0	0	0	0	0	0	0	0	0	0.111176	0.222351	0.111176	0	0.111176	0.222351	0.111176	0	0.111176	0.222351	0.111176	0	0.222351	0.222351	0	0.111176	0.222351	0.111176	0	0.222351	0.222351	0	0	0.111176	0.222351	0.111176	0.111176	0.222351	0.222351	0.222351	0.111176	0.222351	0.222351	0.222351	0.222351	0.111176	0.222351	0.222351	0.222351	0.222351	0.222351	0.333525	0.222351	0.222351	0.333525	0.222351	0.222351	0.222351	0.222351	0.222351	0.111176	0.222351	0.222351	0.222351	0.222351	0.111176	0.222351	0.222351	0.222351	0.111176	0.222351	0.222351	0.222351	0.333525	0.222351	0.111176	0.222351	0.222351	0	0.222351	0.222351	0.222351	0.222351	0	0	0.222351	0.222351	0	0	0.111176	0.222351	0.111176	0	0	0	0	0	0	0	0	0	0	0	0	0.222351	0.222351	0	0	0	0	0	0	0	0	0	0.222351	0.222351	0	0	0.222351	0.222351	0
0.327034	0.24621	0.229153	0.229153	0.131815	0.236612	0.22231	0.0982486	0.22404	0.125819	0.0982486	0.202306	0.138948	0.0621413	0.0196504	0	0	0	0	0	0	0	0.185375	0.217043	0.208893	0.222325	0.222325	0.222325	0.230006	0.256207	0.158427	0.141705	0.19651	0.236629	0.279292	0.319893	0.40079	0.40079	0.351522	0.40079	0.369202	0.395461	0.448097	0.421916	0.460429	0.584241	0.598605	0.583254	0.64247	0.696391	0.696391	0.650533	0.637649	0.676714	0.676714	0.694453	0.745653	0.703018	0.708484	0.650533	0.668389	0.73993	0.653193	0.598605	0.580597	0.605334	0.581918	0.558904	0.497118	0.475283	0.522121	0.558904	0.555785	0.497118	0.458326	0.497118	0.589491	0.448097	0.421916	0.453664	0.448097	0.448097	0.448097	0.429171	0.395461	0.467082	0.57018	0.472009	0.40079	0.381541	0.377981	0.452375	0.377981	0.397402	0.471599	0.40079	0.40079	0.45195	0.413117	0.292128	0.375418	0.377981	0.358585	0.336359	0.279292	0.358585	0.355882	0.306957	0.333486	0.40079	0.40079	0.333486	0.381541	0.377981	0.319893	0.333486	0.333486	0.334063	0.358585	0.317466	0.319893	0.333486	0.333486	0.333486	0.333486	0.333486	0.333486	0.333486	0.333486	0.334063	0.339218	0.25546	0.222325	0.222325	0.251655	0.306957	0.333486	0.333486	0.333486	0.333486	0.333486	0.333486	0.333486	0.333486	0.351522	0.40079	0.351522	0.333486	0.334063	0.339218	0.273703	0.279292	0.325277	0.339218	0.273703	0.279292	0.358585	0.336359	0.279292	0.325277	0.339218	0.273703	0.279292	0.358585	0.336359	0.279292	0.334642	0.395461	0.429171	0.360739	0.369202	0.424193	0.424193	0.424193	0.360739	0.40079	0.420075	0.424193	0.443331	0.421916	0.453664	0.467082	0.491257	0.497118	0.497118	0.516912	0.448097	0.48612	0.555785	0.497118	0.497118	0.497118	0.497118	0.497118	0.49244	0.547393	0.547393	0.547393	0.510909	0.458326	0.497118	0.497118	0.497118	0.458326	0.497118	0.497118	0.497118	0.536341	0.434981	0.395461	0.448097	0.429171	0.390057	0.472426	0.472426	0.453664	0.410313	0.362343	0.41778	0.478518	0.472426	0.430974	0.444644	0.441593	0.434981	0.360739	0.362343	0.41778	0.444644	0.444644	0.444644	0.444644	0.444644	0.444644	0.444644	0.444644	0.444644	0.444644	0.460004	0.410313	0.362343	0.41778	0.444644	0.444644	0.444644	0.458749	0.500993	0.542083	0.555799	0.598605	0.598605	0.555799	0.569862	0.624491	0.606615	0.569862
0.310631	0.310631	0.248505	0.248505	0.18638	0.279219	0.222267	0.0621267	0.229108	0.169	0.0621267	0.157173	0.20036	0.157173	0.0621267	0	0	0	0	0	0	0	0.10018	0.277854	0.420465	0.444561	0.444561	0.444561	0.420465	0.351457	0.256168	0.299255	0.404556	0.475602	0.566698	0.641454	0.702887	0.702887	0.676021	0.702887	0.714327	0.768464	0.809072	0.82279	0.931874	1.1071	1.13329	1.15119	1.22647	1.26701	1.26701	1.24241	1.26121	1.2971	1.2971	1.33491	1.37449	1.35185	1.2971	1.24241	1.28064	1.26701	1.17244	1.13329	1.09625	1.06483	1.0113	0.958006	0.916423	0.931874	0.970414	0.958006	0.949507	0.916423	0.895986	0.916423	0.897699	0.809072	0.82279	0.82279	0.809072	0.809072	0.809072	0.768464	0.768464	0.852275	0.846365	0.748101	0.702887	0.660425	0.650411	0.69626	0.650411	0.696817	0.745513	0.702887	0.702887	0.696817	0.598493	0.553604	0.646241	0.650411	0.606821	0.553604	0.566698	0.606821	0.598493	0.62128	0.666825	0.702887	0.702887	0.666825	0.660425	0.650411	0.641454	0.666825	0.666825	0.641454	0.606821	0.606821	0.641454	0.666825	0.666825	0.666825	0.666825	0.666825	0.666825	0.666825	0.666825	0.641454	0.566698	0.475602	0.444561	0.444561	0.512326	0.62128	0.666825	0.666825	0.666825	0.666825	0.666825	0.666825	0.666825	0.666825	0.676021	0.702887	0.676021	0.666825	0.641454	0.566698	0.512326	0.566698	0.62128	0.566698	0.512326	0.566698	0.606821	0.553604	0.566698	0.62128	0.566698	0.512326	0.566698	0.606821	0.553604	0.566698	0.676021	0.768464	0.768464	0.696826	0.714327	0.755802	0.755802	0.755802	0.696826	0.702887	0.748101	0.755802	0.799955	0.82279	0.82279	0.852275	0.90498	0.916423	0.916423	0.862629	0.809072	0.897699	0.949507	0.916423	0.916423	0.916423	0.916423	0.916423	0.970414	1.02457	1.02457	1.02457	0.951139	0.895986	0.916423	0.916423	0.916423	0.895986	0.916423	0.916423	0.916423	0.90498	0.785846	0.768464	0.809072	0.768464	0.785846	0.862629	0.862629	0.82279	0.730885	0.730885	0.840885	0.877269	0.862629	0.86308	0.889069	0.86308	0.785846	0.696826	0.730885	0.840885	0.889069	0.889069	0.889069	0.889069	0.889069	0.889069	0.889069	0.889069	0.889069	0.889069	0.840885	0.730885	0.730885	0.840885	0.889069	0.889069	0.889069	0.91853	1.00633	1.08493	1.11129	1.13329	1.13329	1.11129	1.14042	1.18781	1.15119	1.14042
0.246116	0.326909	0.229066	0.229066	0.212463	0.319749	0.222225	0.0196429	0.223955	0.208799	0.0196429	0.0621177	0.138895	0.202229	0.0982112	0	0	0	0	0	0	0	0.0809885	0.216961	0.229918	0.222241	0.222241	0.222241	0.208813	0.16898	0.12578	0.238962	0.274999	0.255363	0.33909	0.333936	0.400637	0.400637	0.351389	0.400637	0.404949	0.429008	0.447926	0.453492	0.543288	0.67244	0.598378	0.606384	0.677306	0.696126	0.696126	0.650286	0.658833	0.676457	0.676457	0.726765	0.74537	0.702751	0.653839	0.650286	0.701922	0.660293	0.616479	0.598378	0.555933	0.565561	0.540444	0.5156	0.496929	0.503486	0.521923	0.5156	0.555574	0.496929	0.458152	0.496929	0.485935	0.447926	0.453492	0.421756	0.447926	0.447926	0.447926	0.395311	0.429008	0.514095	0.462336	0.419916	0.400637	0.343054	0.377838	0.452203	0.377838	0.451778	0.471419	0.400637	0.400637	0.397251	0.310585	0.336232	0.432581	0.377838	0.317346	0.292017	0.33909	0.317346	0.355747	0.362198	0.333359	0.400637	0.400637	0.333359	0.343054	0.377838	0.333936	0.333359	0.333359	0.319771	0.317346	0.358449	0.333936	0.333359	0.333359	0.333359	0.333359	0.333359	0.333359	0.333359	0.333359	0.319771	0.279186	0.236539	0.222241	0.222241	0.316732	0.362198	0.333359	0.333359	0.333359	0.333359	0.333359	0.333359	0.333359	0.333359	0.351389	0.400637	0.351389	0.333359	0.319771	0.279186	0.273599	0.33909	0.325153	0.279186	0.273599	0.33909	0.317346	0.292017	0.33909	0.325153	0.279186	0.273599	0.33909	0.317346	0.292017	0.33909	0.385923	0.429008	0.395311	0.347527	0.404949	0.424031	0.424031	0.424031	0.347527	0.400637	0.47183	0.424031	0.492633	0.453492	0.421756	0.514095	0.536137	0.496929	0.496929	0.439233	0.447926	0.589267	0.555574	0.496929	0.496929	0.496929	0.496929	0.496929	0.562478	0.547185	0.547185	0.547185	0.47307	0.458152	0.496929	0.496929	0.496929	0.458152	0.496929	0.496929	0.496929	0.49107	0.389908	0.429008	0.447926	0.395311	0.434815	0.472246	0.472246	0.421756	0.362205	0.410157	0.459829	0.448362	0.472246	0.441425	0.444475	0.43081	0.389908	0.347527	0.410157	0.459829	0.444475	0.444475	0.444475	0.444475	0.444475	0.444475	0.444475	0.444475	0.444475	0.444475	0.417621	0.362205	0.410157	0.459829	0.444475	0.444475	0.444475	0.468561	0.536505	0.550354	0.555588	0.598378	0.598378	0.555588	0.577715	0.624253	0.583033	0.577715
0.222182	0.333271	0.222182	0.222182	0.222182	0.333271	0.222182	0	0.222182	0.222182	0	0	0.111092	0.222182	0.111092	0	0	0	0	0	0	0	0.111092	0.222182	0.111092	0	0	0	0	0	0	0.222182	0.222182	0.111092	0.222182	0.111092	0.222182	0.222182	0.111092	0.222182	0.222182	0.222182	0.222182	0.222182	0.333271	0.444358	0.222182	0.222182	0.333271	0.333271	0.333271	0.222182	0.222182	0.222182	0.222182	0.333271	0.333271	0.222182	0.111092	0.222182	0.333271	0.222182	0.222182	0.222182	0.111092	0.222182	0.222182	0.222182	0.222182	0.222182	0.222182	0.222182	0.333271	0.222182	0.111092	0.222182	0.222182	0.222182	0.222182	0.111092	0.222182	0.222182	0.222182	0.111092	0.222182	0.333271	0.222182	0.222182	0.222182	0.111092	0.222182	0.333271	0.222182	0.333271	0.333271	0.222182	0.222182	0.222182	0.111092	0.222182	0.333271	0.222182	0.111092	0.111092	0.222182	0.111092	0.222182	0.222182	0	0.222182	0.222182	0	0.111092	0.222182	0.111092	0	0	0	0.111092	0.222182	0.111092	0	0	0	0	0	0	0	0	0	0	0	0	0	0.222182	0.222182	0	0	0	0	0	0	0	0	0.111092	0.222182	0.111092	0	0	0	0.111092	0.222182	0.111092	0	0.111092	0.222182	0.111092	0.111092	0.222182	0.111092	0	0.111092	0.222182	0.111092	0.111092	0.222182	0.222182	0.222182	0.111092	0	0.222182	0.222182	0.222182	0.222182	0	0.222182	0.333271	0.222182	0.333271	0.222182	0.111092	0.333271	0.333271	0.222182	0.222182	0.111092	0.222182	0.444358	0.333271	0.222182	0.222182	0.222182	0.222182	0.222182	0.333271	0.222182	0.222182	0.222182	0	0.111092	0.222182	0.222182	0.222182	0.111092	0.222182	0.222182	0.222182	0.222182	0	0.222182	0.222182	0.111092	0.222182	0.222182	0.222182	0.111092	0	0.222182	0.222182	0.111092	0.222182	0.111092	0	0	0	0	0.222182	0.222182	0	0	0	0	0	0	0	0	0	0	0	0	0.222182	0.222182	0	0	0	0.111092	0.222182	0.111092	0	0.222182	0.222182	0	0.111092	0.222182	0.111092	0.111092
0.222141	0.333209	0.222141	0.222141	0.222141	0.333209	0.222141	0	0.222141	0.222141	0	0	0.111071	0.222141	0.111071	0	0	0	0	0	0	0	0.111071	0.222141	0.111071	0	0	0	0	0	0	0.222141	0.222141	0.111071	0.222141	0.111071	0.222141	0.222141	0.111071	0.222141	0.222141	0.222141	0.222141	0.222141	0.333209	0.444275	0.222141	0.222141	0.333209	0.333209	0.333209	0.222141	0.222141	0.222141	0.222141	0.333209	0.333209	0.222141	0.111071	0.222141	0.333209	0.222141	0.222141	0.222141	0.111071	0.222141	0.222141	0.222141	0.222141	0.222141	0.222141	0.222141	0.333209	0.222141	0.111071	0.222141	0.222141	0.222141	0.222141	0.111071	0.222141	0.222141	0.222141	0.111071	0.222141	0.333209	0.222141	0.222141	0.222141	0.111071	0.222141	0.333209	0.222141	0.333209	0.333209	0.222141	0.222141	0.222141	0.111071	0.222141	0.333209	0.222141	0.111071	0.111071	0.222141	0.111071	0.222141	0.222141	0	0.222141	0.222141	0	0.111071	0.222141	0.111071	0	0	0	0.111071	0.222141	0.111071	0	0	0	0	0	0	0	0	0	0	0	0	0	0.222141	0.222141	0	0	0	0	0	0	0	0	0.111071	0.222141	0.111071	0	0	0	0.111071	0.222141	0.111071	0	0.111071	0.222141	0.111071	0.111071	0.222141	0.111071	0	0.111071	0.222141	0.111071	0.111071	0.222141	0.222141	0.222141	0.111071	0	0.222141	0.222141	0.222141	0.222141	0	0.222141	0.333209	0.222141	0.333209	0.222141	0.111071	0.333209	0.333209	0.222141	0.222141	0.111071	0.222141	0.444275	0.333209	0.222141	0.222141	0.222141	0.222141	0.222141	0.333209	0.222141	0.222141	0.222141	0	0.111071	0.222141	0.222141	0.222141	0.111071	0.222141	0.222141	0.222141	0.222141	0	0.222141	0.222141	0.111071	0.222141	0.222141	0.222141	0.111071	0	0.222141	0.222141	0.111071	0.222141	0.111071	0	0	0	0	0.222141	0.222141	0	0	0	0	0	0	0	0	0	0	0	0	0.222141	0.222141	0	0	0	0.111071	0.222141	0.111071	0	0.222141	0.222141	0	0.111071	0.222141	0.111071	0.111071
0.222098	0.333145	0.222098	0.222098	0.222098	0.333145	0.222098	0	0.222098	0.222098	0	0	0.111049	0.222098	0.111049	0	0	0	0	0	0	0	0.111049	0.222098	0.111049	0	0	0	0	0	0	0.222098	0.222098	0.111049	0.222098	0.111049	0.222098	0.222098	0.111049	0.222098	0.222098	0.222098	0.222098	0.222098	0.333145	0.444189	0.222098	0.222098	0.333145	0.333145	0.333145	0.222098	0.222098	0.222098	0.222098	0.333145	0.333145	0.222098	0.111049	0.222098	0.333145	0.222098	0.222098	0.222098	0.111049	0.222098	0.222098	0.222098	0.222098	0.222098	0.222098	0.222098	0.333145	0.222098	0.111049	0.222098	0.222098	0.222098	0.222098	0.111049	0.222098	0.222098	0.222098	0.111049	0.222098	0.333145	0.222098	0.222098	0.222098	0.111049	0.222098	0.333145	0.222098	0.333145	0.333145	0.222098	0.222098	0.222098	0.111049	0.222098	0.333145	0.222098	0.111049	0.111049	0.222098	0.111049	0.222098	0.222098	0	0.222098	0.222098	0	0.111049	0.222098	0.111049	0	0	0	0.111049	0.222098	0.111049	0	0	0	0	0	0	0	0	0	0	0	0	0	0.222098	0.222098	0	0	0	0	0	0	0	0	0.111049	0.222098	0.111049	0	0	0	0.111049	0.222098	0.111049	0	0.111049	0.222098	0.111049	0.111049	0.222098	0.111049	0	0.111049	0.222098	0.111049	0.111049	0.222098	0.222098	0.222098	0.111049	0	0.222098	0.222098	0.222098	0.222098	0	0.222098	0.333145	0.222098	0.333145	0.222098	0.111049	0.333145	0.333145	0.222098	0.222098	0.111049	0.222098	0.444189	0.333145	0.222098	0.222098	0.222098	0.222098	0.222098	0.333145	0.222098	0.222098	0.222098	0	0.111049	0.222098	0.222098	0.222098	0.111049	0.222098	0.222098	0.222098	0.222098	0	0.222098	0.222098	0.111049	0.222098	0.222098	0.222098	0.111049	0	0.222098	0.222098	0.111049	0.222098	0.111049	0	0	0	0	0.222098	0.222098	0	0	0	0	0	0	0	0	0	0	0	0	0.222098	0.222098	0	0	0	0.111049	0.222098	0.111049	0	0.222098	0.222098	0	0.111049	0.222098	0.111049	0.111049
0.222055	0.33308	0.222055	0.222055	0.222055	0.33308	0.222055	0	0.222055	0.222055	0	0	0.111028	0.222055	0.111028	0	0	0	0	0	0	0	0.111028	0.222055	0.111028	0	0	0	0	0	0	0.222055	0.222055	0.111028	0.222055	0.111028	0.222055	0.222055	0.111028	0.222055	0.222055	0.222055	0.222055	0.222055	0.33308	0.444103	0.222055	0.222055	0.33308	0.33308	0.33308	0.222055	0.222055	0.222055	0.222055	0.33308	0.33308	0.222055	0.111028	0.222055	0.33308	0.222055	0.222055	0.222055	0.111028	0.222055	0.222055	0.222055	0.222055	0.222055	0.222055	0.222055	0.33308	0.222055	0.111028	0.222055	0.222055	0.222055	0.222055	0.111028	0.222055	0.222055	0.222055	0.111028	0.222055	0.33308	0.222055	0.222055	0.222055	0.111028	0.222055	0.33308	0.222055	0.33308	0.33308	0.222055	0.222055	0.222055	0.111028	0.222055	0.33308	0.222055	0.111028	0.111028	0.222055	0.111028	0.222055	0.222055	0	0.222055	0.222055	0	0.111028	0.222055	0.111028	0	0	0	0.111028	0.222055	0.111028	0	0	0	0	0	0	0	0	0	0	0	0	0	0.222055	0.222055	0	0	0	0	0	0	0	0	0.111028	0.222055	0.111028	0	0	0	0.111028	0.222055	0.111028	0	0.111028	0.222055	0.111028	0.111028	0.222055	0.111028	0	0.111028	0.222055	0.111028	0.111028	0.222055	0.222055	0.222055	0.111028	0	0.222055	0.222055	0.222055	0.222055	0	0.222055	0.33308	0.222055	0.33308	0.222055	0.111028	0.33308	0.33308	0.222055	0.222055	0.111028	0.222055	0.444103	0.33308	0.222055	0.222055	0.222055	0.222055	0.222055	0.33308	0.222055	0.222055	0.222055	0	0.111028	0.222055	0.222055	0.222055	0.111028	0.222055	0.222055	0.222055	0.222055	0	0.222055	0.222055	0.111028	0.222055	0.222055	0.222055	0.111028	0	0.222055	0.222055	0.111028	0.222055	0.111028	0	0	0	0	0.222055	0.222055	0	0	0	0	0	0	0	0	0	0	0	0	0.222055	0.222055	0	0	0	0.111028	0.222055	0.111028	0	0.222055	0.222055	0	0.111028	0.222055	0.111028	0.111028
0.222014	0.333018	0.222014	0.222014	0.222014	0.333018	0.222014	0	0.222014	0.222014	0	0	0.111007	0.222014	0.111007	0	0	0	0	0	0	0	0.111007	0.222014	0.111007	0	0	0	0	0	0	0.222014	0.222014	0.111007	0.222014	0.111007	0.222014	0.222014	0.111007	0.222014	0.222014	0.222014	0.222014	0.222014	0.333018	0.444021	0.222014	0.222014	0.333018	0.333018	0.333018	0.222014	0.222014	0.222014	0.222014	0.333018	0.333018	0.222014	0.111007	0.222014	0.333018	0.222014	0.222014	0.222014	0.111007	0.222014	0.222014	0.222014	0.222014	0.222014	0.222014	0.222014	0.333018	0.222014	0.111007	0.222014	0.222014	0.222014	0.222014	0.111007	0.222014	0.222014	0.222014	0.111007	0.222014	0.333018	0.222014	0.222014	0.222014	0.111007	0.222014	0.333018	0.222014	0.333018	0.333018	0.222014	0.222014	0.222014	0.111007	0.222014	0.333018	0.222014	0.111007	0.111007	0.222014	0.111007	0.222014	0.222014	0	0.222014	0.222014	0	0.111007	0.222014	0.111007	0	0	0	0.111007	0.222014	0.111007	0	0	0	0	0	0	0	0	0	0	0	0	0	0.222014	0.222014	0	0	0	0	0	0	0	0	0.111007	0.222014	0.111007	0	0	0	0.111007	0.222014	0.111007	0	0.111007	0.222014	0.111007	0.111007	0.222014	0.111007	0	0.111007	0.222014	0.111007	0.111007	0.222014	0.222014	0.222014	0.111007	0	0.222014	0.222014	0.222014	0.222014	0	0.222014	0.333018	0.222014	0.333018	0.222014	0.111007	0.333018	0.333018	0.222014	0.222014	0.111007	0.222014	0.444021	0.333018	0.222014	0.222014	0.222014	0.222014	0.222014	0.333018	0.222014	0.222014	0.222014	0	0.111007	0.222014	0.222014	0.222014	0.111007	0.222014	0.222014	0.222014	0.222014	0	0.222014	0.222014	0.111007	0.222014	0.222014	0.222014	0.111007	0	0.222014	0.222014	0.111007	0.222014	0.111007	0	0	0	0	0.222014	0.222014	0	0	0	0	0	0	0	0	0	0	0	0	0.222014	0.222014	0	0	0	0.111007	0.222014	0.111007	0	0.222014	0.222014	0	0.111007	0.222014	0.111007	0.111007
0.221971	0.332954	0.221971	0.221971	0.221971	0.332954	0.221971	0	0.221971	0.221971	0	0	0.110986	0.221971	0.110986	0	0	0	0	0	0	0	0.110986	0.221971	0.110986	0	0	0	0	0	0	0.221971	0.221971	0.110986	0.221971	0.110986	0.221971	0.221971	0.110986	0.221971	0.221971	0.221971	0.221971	0.221971	0.332954	0.443935	0.221971	0.221971	0.332954	0.332954	0.332954	0.221971	0.221971	0.221971	0.221971	0.332954	0.332954	0.221971	0.110986	0.221971	0.332954	0.221971	0.221971	0.221971	0.110986	0.221971	0.221971	0.221971	0.221971	0.221971	0.221971	0.221971	0.332954	0.221971	0.110986	0.221971	0.221971	0.221971	0.221971	0.110986	0.221971	0.221971	0.221971	0.110986	0.221971	0.332954	0.221971	0.221971	0.221971	0.110986	0.221971	0.332954	0.221971	0.332954	0.332954	0.221971	0.221971	0.221971	0.110986	0.221971	0.332954	0.221971	0.110986	0.110986	0.221971	0.110986	0.221971	0.221971	0	0.221971	0.221971	0	0.110986	0.221971	0.110986	0	0	0	0.110986	0.221971	0.110986	0	0	0	0	0	0	0	0	0	0	0	0	0	0.221971	0.221971	0	0	0	0	0	0	0	0	0.110986	0.221971	0.110986	0	0	0	0.110986	0.221971	0.110986	0	0.110986	0.221971	0.110986	0.110986	0.221971	0.110986	0	0.110986	0.221971	0.110986	0.110986	0.221971	0.221971	0.221971	0.110986	0	0.221971	0.221971	0.221971	0.221971	0	0.221971	0.332954	0.221971	0.332954	0.221971	0.110986	0.332954	0.332954	0.221971	0.221971	0.110986	0.221971	0.443935	0.332954	0.221971	0.221971	0.221971	0.221971	0.221971	0.332954	0.221971	0.221971	0.221971	0	0.110986	0.221971	0.221971	0.221971	0.110986	0.221971	0.221971	0.221971	0.221971	0	0.221971	0.221971	0.110986	0.221971	0.221971	0.221971	0.110986	0	0.221971	0.221971	0.110986	0.221971	0.110986	0	0	0	0	0.221971	0.221971	0	0	0	0	0	0	0	0	0	0	0	0	0.221971	0.221971	0	0	0	0.110986	0.221971	0.110986	0	0.221971	0.221971	0	0.110986	0.221971	0.110986	0.110986
0.43864	0.472424	0.400103	0.400103	0.361715	0.316303	0.248126	0.175462	0.235399	0.248126	0.175462	0.221945	0.248138	0.313864	0.248138	0.221945	0.221945	0.221945	0.251224	0.337506	0.417065	0.443883	0.424381	0.447329	0.438647	0.443883	0.472439	0.557614	0.638671	0.723416	0.834085	0.881621	0.861312	0.871087	0.915024	0.925894	0.968933	1.0025	1.06718	1.13156	1.16439	1.21862	1.24052	1.27296	1.31866	1.28078	1.15377	1.13156	1.15843	1.15843	1.15843	1.13156	1.13156	1.16439	1.21862	1.23118	1.21166	1.18599	1.20082	1.24052	1.19761	1.13156	1.13156	1.13156	1.11512	1.09914	1.07722	1.04459	0.957754	0.915024	0.915024	0.881621	0.860415	0.773782	0.698522	0.701814	0.701814	0.701814	0.701814	0.674989	0.701814	0.666958	0.614094	0.59887	0.614094	0.609054	0.546455	0.546455	0.58324	0.59887	0.614094	0.609054	0.620324	0.657656	0.571239	0.496266	0.496266	0.496266	0.491596	0.546455	0.561727	0.496266	0.457541	0.491596	0.546455	0.545049	0.59758	0.526372	0.502438	0.59758	0.561735	0.557614	0.620332	0.579272	0.545049	0.612844	0.665808	0.665808	0.707279	0.754649	0.698522	0.665808	0.665808	0.665808	0.665808	0.665808	0.665808	0.665808	0.665808	0.665808	0.665808	0.665808	0.665808	0.723416	0.807837	0.740238	0.665808	0.665808	0.723416	0.834085	0.887713	0.887713	0.887713	0.887713	0.863992	0.794392	0.698522	0.723416	0.834085	0.887713	0.894619	0.915024	0.894619	0.887713	0.863992	0.861312	0.871087	0.863992	0.794392	0.761756	0.834085	0.863992	0.861312	0.871087	0.894619	0.915024	0.915024	0.915024	0.894619	0.887713	0.915024	0.915024	0.915024	0.948873	1.00019	1.07722	1.07077	1.05631	1.07077	1.02301	1.03572	1.07077	1.05266	1.02301	0.990142	0.980774	1.09	1.12336	1.01773	1.0025	1.02301	1.02301	1.02301	0.990142	0.895474	0.807837	0.807837	0.807837	0.834085	0.863992	0.861312	0.861312	0.861312	0.871087	0.848715	0.773782	0.754649	0.754649	0.778742	0.827599	0.807837	0.816368	0.794392	0.754649	0.754649	0.698522	0.665808	0.666958	0.649419	0.620332	0.579272	0.47891	0.472439	0.557614	0.638671	0.665808	0.632614	0.561735	0.557614	0.638671	0.665808	0.665808	0.665808	0.723416	0.834085	0.887713	0.887713	0.887713	0.887713	0.887713	0.915024	0.915024	0.887713	0.887713	0.887713	0.863992	0.827599	0.816368	0.860423	0.915024	0.915024	0.887713	0.894619	0.915024	0.925894	0.980774
0.472337	0.438558	0.400028	0.400028	0.335152	0.211243	0.24808	0.235355	0.175429	0.24808	0.235355	0.221904	0.248092	0.313805	0.248092	0.221904	0.221904	0.221904	0.263143	0.372134	0.424302	0.4438	0.416987	0.447246	0.459131	0.4438	0.478821	0.579165	0.643352	0.7401	0.848558	0.870925	0.861152	0.881457	0.914854	0.935637	0.968753	1.01754	1.0898	1.13135	1.17731	1.23095	1.24029	1.28474	1.31841	1.2514	1.14553	1.13135	1.15821	1.15821	1.15821	1.13135	1.13135	1.17731	1.23095	1.2184	1.21143	1.18577	1.20826	1.24029	1.17666	1.13135	1.13135	1.13135	1.11492	1.09051	1.07702	1.03552	0.944639	0.914854	0.914854	0.870925	0.842185	0.761615	0.693973	0.701684	0.701684	0.701684	0.701684	0.674864	0.701684	0.652846	0.598759	0.61398	0.598759	0.583131	0.546353	0.546353	0.608941	0.61398	0.598759	0.583131	0.677124	0.633707	0.526274	0.496174	0.496174	0.496174	0.509939	0.546353	0.533528	0.496174	0.457456	0.509939	0.546353	0.56163	0.597469	0.502345	0.526274	0.597469	0.544948	0.579165	0.620217	0.55751	0.56163	0.632496	0.665684	0.665684	0.72008	0.754509	0.693973	0.665684	0.665684	0.665684	0.665684	0.665684	0.665684	0.665684	0.665684	0.665684	0.665684	0.665684	0.665684	0.7401	0.807687	0.723282	0.665684	0.665684	0.7401	0.848558	0.887548	0.887548	0.887548	0.887548	0.860263	0.778597	0.693973	0.7401	0.848558	0.887548	0.894452	0.914854	0.894452	0.887548	0.860263	0.861152	0.881457	0.860263	0.778597	0.773638	0.848558	0.860263	0.861152	0.881457	0.894452	0.914854	0.914854	0.914854	0.894452	0.887548	0.914854	0.914854	0.914854	0.964772	1.01224	1.07702	1.05611	1.07057	1.05611	1.02282	1.0444	1.05611	1.05246	1.02282	0.980592	0.989958	1.12315	1.0898	1.00231	1.01754	1.02282	1.02282	1.02282	0.980592	0.863832	0.807687	0.807687	0.807687	0.848558	0.860263	0.861152	0.861152	0.861152	0.881457	0.83393	0.761615	0.754509	0.754509	0.794244	0.816216	0.807687	0.827445	0.778597	0.754509	0.754509	0.693973	0.665684	0.652846	0.649298	0.620217	0.55751	0.472352	0.478821	0.579165	0.643352	0.665684	0.61273	0.544948	0.579165	0.643352	0.665684	0.665684	0.665684	0.7401	0.848558	0.887548	0.887548	0.887548	0.887548	0.887548	0.914854	0.914854	0.887548	0.887548	0.887548	0.860263	0.816216	0.827445	0.863832	0.914854	0.914854	0.887548	0.894452	0.914854	0.935637	0.989958
0.332763	0.221843	0.221843	0.221843	0.110922	0	0.221843	0.221843	0	0.221843	0.221843	0	0.110922	0.221843	0.110922	0	0	0	0.110922	0.221843	0.110922	0	0	0.221843	0.221843	0	0.110922	0.221843	0.110922	0.221843	0.221843	0.110922	0.221843	0.221843	0.221843	0.221843	0.221843	0.332763	0.332763	0.221843	0.332763	0.332763	0.221843	0.332763	0.332763	0.221843	0.110922	0.221843	0.332763	0.332763	0.332763	0.221843	0.221843	0.332763	0.332763	0.221843	0.332763	0.221843	0.221843	0.221843	0.110922	0.221843	0.221843	0.221843	0.110922	0.110922	0.221843	0.110922	0	0.221843	0.221843	0.110922	0.221843	0.110922	0	0.221843	0.221843	0.221843	0.221843	0.110922	0.221843	0.110922	0.110922	0.221843	0.110922	0.221843	0.221843	0.221843	0.332763	0.221843	0.110922	0.221843	0.44368	0.221843	0.110922	0.221843	0.221843	0.221843	0.221843	0.221843	0.221843	0.221843	0.110922	0.221843	0.221843	0.221843	0.221843	0	0.221843	0.221843	0.110922	0.221843	0.110922	0	0.221843	0.221843	0	0	0.221843	0.221843	0	0	0	0	0	0	0	0	0	0	0	0	0	0.221843	0.221843	0	0	0	0.221843	0.221843	0	0	0	0	0	0	0	0.221843	0.221843	0	0.110922	0.221843	0.110922	0	0	0.221843	0.221843	0	0	0.221843	0.221843	0	0.221843	0.221843	0.110922	0.221843	0.221843	0.221843	0.110922	0	0.221843	0.221843	0.221843	0.332763	0.221843	0.221843	0.221843	0.332763	0.221843	0.221843	0.221843	0.221843	0.332763	0.221843	0.110922	0.221843	0.44368	0.221843	0.221843	0.332763	0.221843	0.221843	0.221843	0.110922	0	0.221843	0.221843	0.221843	0.221843	0	0.221843	0.221843	0.221843	0.221843	0	0.110922	0.221843	0.221843	0.221843	0.110922	0.221843	0.221843	0	0.221843	0.221843	0	0	0.110922	0.221843	0.110922	0	0	0.110922	0.221843	0.110922	0	0	0.110922	0.221843	0.110922	0	0	0	0.221843	0.221843	0	0	0	0	0	0.221843	0.221843	0	0	0	0	0.110922	0.221843	0.110922	0.221843	0.221843	0	0.110922	0.221843	0.221843	0.221843
0.332701	0.221802	0.221802	0.221802	0.110902	0	0.221802	0.221802	0	0.221802	0.221802	0	0.110902	0.221802	0.110902	0	0	0	0.110902	0.221802	0.110902	0	0	0.221802	0.221802	0	0.110902	0.221802	0.110902	0.221802	0.221802	0.110902	0.221802	0.221802	0.221802	0.221802	0.221802	0.332701	0.332701	0.221802	0.332701	0.332701	0.221802	0.332701	0.332701	0.221802	0.110902	0.221802	0.332701	0.332701	0.332701	0.221802	0.221802	0.332701	0.332701	0.221802	0.332701	0.221802	0.221802	0.221802	0.110902	0.221802	0.221802	0.221802	0.110902	0.110902	0.221802	0.110902	0	0.221802	0.221802	0.110902	0.221802	0.110902	0	0.221802	0.221802	0.221802	0.221802	0.110902	0.221802	0.110902	0.110902	0.221802	0.110902	0.221802	0.221802	0.221802	0.332701	0.221802	0.110902	0.221802	0.443598	0.221802	0.110902	0.221802	0.221802	0.221802	0.221802	0.221802	0.221802	0.221802	0.110902	0.221802	0.221802	0.221802	0.221802	0	0.221802	0.221802	0.110902	0.221802	0.110902	0	0.221802	0.221802	0	0	0.221802	0.221802	0	0	0	0	0	0	0	0	0	0	0	0	0	0.221802	0.221802	0	0	0	0.221802	0.221802	0	0	0	0	0	0	0	0.221802	0.221802	0	0.110902	0.221802	0.110902	0	0	0.221802	0.221802	0	0	0.221802	0.221802	0	0.221802	0.221802	0.110902	0.221802	0.221802	0.221802	0.110902	0	0.221802	0.221802	0.221802	0.332701	0.221802	0.221802	0.221802	0.332701	0.221802	0.221802	0.221802	0.221802	0.332701	0.221802	0.110902	0.221802	0.443598	0.221802	0.221802	0.332701	0.221802	0.221802	0.221802	0.110902	0	0.221802	0.221802	0.221802	0.221802	0	0.221802	0.221802	0.221802	0.221802	0	0.110902	0.221802	0.221802	0.221802	0.110902	0.221802	0.221802	0	0.221802	0.221802	0	0	0.110902	0.221802	0.110902	0	0	0.110902	0.221802	0.110902	0	0	0.110902	0.221802	0.110902	0	0	0	0.221802	0.221802	0	0	0	0	0	0.221802	0.221802	0	0	0	0	0.110902	0.221802	0.110902	0.221802	0.221802	0	0.110902	0.221802	0.221802	0.221802
0.332637	0.221759	0.221759	0.221759	0.11088	0	0.221759	0.221759	0	0.221759	0.221759	0	0.11088	0.221759	0.11088	0	0	0	0.11088	0.221759	0.11088	0	0	0.221759	0.221759	0	0.11088	0.221759	0.11088	0.221759	0.221759	0.11088	0.221759	0.221759	0.221759	0.221759	0.221759	0.332637	0.332637	0.221759	0.332637	0.332637	0.221759	0.332637	0.332637	0.221759	0.11088	0.221759	0.332637	0.332637	0.332637	0.221759	0.221759	0.332637	0.332637	0.221759	0.332637	0.221759	0.221759	0.221759	0.11088	0.221759	0.221759	0.221759	0.11088	0.11088	0.221759	0.11088	0	0.221759	0.221759	0.11088	0.221759	0.11088	0	0.221759	0.221759	0.221759	0.221759	0.11088	0.221759	0.11088	0.11088	0.221759	0.11088	0.221759	0.221759	0.221759	0.332637	0.221759	0.11088	0.221759	0.443512	0.221759	0.11088	0.221759	0.221759	0.221759	0.221759	0.221759	0.221759	0.221759	0.11088	0.221759	0.221759	0.221759	0.221759	0	0.221759	0.221759	0.11088	0.221759	0.11088	0	0.221759	0.221759	0	0	0.221759	0.221759	0	0	0	0	0	0	0	0	0	0	0	0	0	0.221759	0.221759	0	0	0	0.221759	0.221759	0	0	0	0	0	0	0	0.221759	0.221759	0	0.11088	0.221759	0.11088	0	0	0.221759	0.221759	0	0	0.221759	0.221759	0	0.221759	0.221759	0.11088	0.221759	0.221759	0.221759	0.11088	0	0.221759	0.221759	0.221759	0.332637	0.221759	0.221759	0.221759	0.332637	0.221759	0.221759	0.221759	0.221759	0.332637	0.221759	0.11088	0.221759	0.443512	0.221759	0.221759	0.332637	0.221759	0.221759	0.221759	0.11088	0	0.221759	0.221759	0.221759	0.221759	0	0.221759	0.221759	0.221759	0.221759	0	0.11088	0.221759	0.221759	0.221759	0.11088	0.221759	0.221759	0	0.221759	0.221759	0	0	0.11088	0.221759	0.11088	0	0	0.11088	0.221759	0.11088	0	0	0.11088	0.221759	0.11088	0	0	0	0.221759	0.221759	0	0	0	0	0	0.221759	0.221759	0	0	0	0	0.11088	0.221759	0.11088	0.221759	0.221759	0	0.11088	0.221759	0.221759	0.221759
0.332572	0.221716	0.221716	0.221716	0.110859	0	0.221716	0.221716	0	0.221716	0.221716	0	0.110859	0.221716	0.110859	0	0	0	0.110859	0.221716	0.110859	0	0	0.221716	0.221716	0	0.110859	0.221716	0.110859	0.221716	0.221716	0.110859	0.221716	0.221716	0.221716	0.221716	0.221716	0.332572	0.332572	0.221716	0.332572	0.332572	0.221716	0.332572	0.332572	0.221716	0.110859	0.221716	0.332572	0.332572	0.332572	0.221716	0.221716	0.332572	0.332572	0.221716	0.332572	0.221716	0.221716	0.221716	0.110859	0.221716	0.221716	0.221716	0.110859	0.110859	0.221716	0.110859	0	0.221716	0.221716	0.110859	0.221716	0.110859	0	0.221716	0.221716	0.221716	0.221716	0.110859	0.221716	0.110859	0.110859	0.221716	0.110859	0.221716	0.221716	0.221716	0.332572	0.221716	0.110859	0.221716	0.443426	0.221716	0.110859	0.221716	0.221716	0.221716	0.221716	0.221716	0.221716	0.221716	0.110859	0.221716	0.221716	0.221716	0.221716	0	0.221716	0.221716	0.110859	0.221716	0.110859	0	0.221716	0.221716	0	0	0.221716	0.221716	0	0	0	0	0	0	0	0	0	0	0	0	0	0.221716	0.221716	0	0	0	0.221716	0.221716	0	0	0	0	0	0	0	0.221716	0.221716	0	0.110859	0.221716	0.110859	0	0	0.221716	0.221716	0	0	0.221716	0.221716	0	0.221716	0.221716	0.110859	0.221716	0.221716	0.221716	0.110859	0	0.221716	0.221716	0.221716	0.332572	0.221716	0.221716	0.221716	0.332572	0.221716	0.221716	0.221716	0.221716	0.332572	0.221716	0.110859	0.221716	0.443426	0.221716	0.221716	0.332572	0.221716	0.221716	0.221716	0.110859	0	0.221716	0.221716	0.221716	0.221716	0	0.221716	0.221716	0.221716	0.221716	0	0.110859	0.221716	0.221716	0.221716	0.110859	0.221716	0.221716	0	0.221716	0.221716	0	0	0.110859	0.221716	0.110859	0	0	0.110859	0.221716	0.110859	0	0	0.110859	0.221716	0.110859	0	0	0	0.221716	0.221716	0	0	0	0	0	0.221716	0.221716	0	0	0	0	0.110859	0.221716	0.110859	0.221716	0.221716	0	0.110859	0.221716	0.221716	0.221716
0.332511	0.221675	0.221675	0.221675	0.110838	0	0.221675	0.221675	0	0.221675	0.221675	0	0.110838	0.221675	0.110838	0	0	0	0.110838	0.221675	0.110838	0	0	0.221675	0.221675	0	0.110838	0.221675	0.110838	0.221675	0.221675	0.110838	0.221675	0.221675	0.221675	0.221675	0.221675	0.332511	0.332511	0.221675	0.332511	0.332511	0.221675	0.332511	0.332511	0.221675	0.110838	0.221675	0.332511	0.332511	0.332511	0.221675	0.221675	0.332511	0.332511	0.221675	0.332511	0.221675	0.221675	0.221675	0.110838	0.221675	0.221675	0.221675	0.110838	0.110838	0.221675	0.110838	0	0.221675	0.221675	0.110838	0.221675	0.110838	0	0.221675	0.221675	0.221675	0.221675	0.110838	0.221675	0.110838	0.110838	0.221675	0.110838	0.221675	0.221675	0.221675	0.332511	0.221675	0.110838	0.221675	0.443344	0.221675	0.110838	0.221675	0.221675	0.221675	0.221675	0.221675	0.221675	0.221675	0.110838	0.221675	0.221675	0.221675	0.221675	0	0.221675	0.221675	0.110838	0.221675	0.110838	0	0.221675	0.221675	0	0	0.221675	0.221675	0	0	0	0	0	0	0	0	0	0	0	0	0	0.221675	0.221675	0	0	0	0.221675	0.221675	0	0	0	0	0	0	0	0.221675	0.221675	0	0.110838	0.221675	0.110838	0	0	0.221675	0.221675	0	0	0.221675	0.221675	0	0.221675	0.221675	0.110838	0.221675	0.221675	0.221675	0.110838	0	0.221675	0.221675	0.221675	0.332511	0.221675	0.221675	0.221675	0.332511	0.221675	0.221675	0.221675	0.221675	0.332511	0.221675	0.110838	0.221675	0.443344	0.221675	0.221675	0.332511	0.221675	0.221675	0.221675	0.110838	0	0.221675	0.221675	0.221675	0.221675	0	0.221675	0.221675	0.221675	0.221675	0	0.110838	0.221675	0.221675	0.221675	0.110838	0.221675	0.221675	0	0.221675	0.221675	0	0	0.110838	0.221675	0.110838	0	0	0.110838	0.221675	0.110838	0	0	0.110838	0.221675	0.110838	0	0	0	0.221675	0.221675	0	0	0	0	0	0.221675	0.221675	0	0	0	0	0.110838	0.221675	0.110838	0.221675	0.221675	0	0.110838	0.221675	0.221675	0.221675
0.471796	0.39957	0.39957	0.39957	0.350453	0.332472	0.361233	0.335336	0.278443	0.357494	0.315888	0.221649	0.247807	0.313446	0.247807	0.221649	0.221649	0.235909	0.291239	0.335336	0.291239	0.306023	0.346602	0.422902	0.403871	0.346602	0.394259	0.465661	0.464429	0.520533	0.539005	0.544324	0.596784	0.596784	0.614837	0.640516	0.666357	0.737424	0.743385	0.70088	0.743385	0.743385	0.70088	0.743385	0.743385	0.70088	0.674091	0.70088	0.743385	0.72483	0.700053	0.648555	0.630859	0.651206	0.627191	0.535077	0.557203	0.495606	0.495606	0.495606	0.456933	0.495606	0.477062	0.452284	0.420633	0.430107	0.433657	0.394259	0.41651	0.458605	0.446733	0.420633	0.433657	0.359642	0.332472	0.39957	0.39957	0.361233	0.335336	0.291239	0.335336	0.27287	0.291239	0.335336	0.254683	0.313446	0.313446	0.313446	0.380368	0.274963	0.219031	0.294507	0.44757	0.280488	0.238331	0.313446	0.313446	0.313446	0.313446	0.313446	0.333036	0.333613	0.291239	0.354799	0.335336	0.333613	0.314059	0.25089	0.354799	0.335336	0.291239	0.335336	0.27287	0.278443	0.357494	0.315888	0.25089	0.306023	0.38038	0.376831	0.31892	0.332472	0.361241	0.41651	0.443292	0.457354	0.49947	0.540435	0.554109	0.554109	0.554109	0.554109	0.582472	0.648555	0.613277	0.554109	0.554109	0.554109	0.596784	0.596784	0.554109	0.554109	0.554109	0.56813	0.610145	0.651218	0.664922	0.666071	0.613277	0.582472	0.63571	0.639619	0.576177	0.554109	0.582472	0.648555	0.613277	0.56813	0.610145	0.657079	0.630859	0.610145	0.657079	0.613277	0.548889	0.571155	0.571155	0.535077	0.467314	0.471811	0.545728	0.509355	0.495606	0.534709	0.452284	0.446733	0.446733	0.49132	0.441982	0.446733	0.427865	0.441982	0.510849	0.427865	0.394259	0.446733	0.549914	0.39957	0.39957	0.450574	0.357494	0.354799	0.354799	0.316501	0.31892	0.39957	0.39957	0.39957	0.39957	0.346602	0.422902	0.441982	0.446733	0.409065	0.361241	0.420633	0.470989	0.470989	0.433657	0.359642	0.361233	0.335336	0.278443	0.357494	0.315888	0.221649	0.25089	0.316501	0.338186	0.254683	0.221649	0.235909	0.291239	0.335336	0.254683	0.221649	0.25089	0.316501	0.338186	0.254683	0.221649	0.25089	0.306023	0.361233	0.315888	0.235909	0.278443	0.31892	0.332472	0.332472	0.39957	0.39957	0.332472	0.332472	0.361241	0.41651	0.44025	0.470989	0.447169	0.458605	0.409065	0.361241	0.420633	0.470989	0.489762	0.495606
0.753499	0.700745	0.700745	0.700745	0.673961	0.664793	0.619387	0.551917	0.564971	0.604972	0.510765	0.443207	0.456844	0.49551	0.456844	0.443207	0.443207	0.474153	0.551917	0.551917	0.551917	0.619387	0.694702	0.753499	0.71215	0.694702	0.766122	0.849678	0.91363	0.967457	1.00822	1.07558	1.12983	1.12983	1.16887	1.22274	1.27674	1.35821	1.3703	1.34774	1.3703	1.3703	1.34774	1.3703	1.3703	1.34774	1.33401	1.34774	1.3703	1.33084	1.27674	1.23863	1.2025	1.16887	1.11514	1.00327	0.955086	0.91363	0.91363	0.91363	0.893256	0.91363	0.874596	0.820283	0.820283	0.838322	0.783451	0.766122	0.838322	0.838322	0.806606	0.820283	0.783451	0.694702	0.664793	0.700745	0.700745	0.619387	0.551917	0.551917	0.551917	0.510765	0.551917	0.551917	0.474153	0.49551	0.49551	0.49551	0.499362	0.396606	0.396606	0.446647	0.470072	0.411783	0.446647	0.49551	0.49551	0.49551	0.49551	0.49551	0.546321	0.545622	0.551917	0.596669	0.551917	0.545622	0.499369	0.510765	0.596669	0.551917	0.551917	0.551917	0.510765	0.564971	0.604972	0.510765	0.510765	0.619387	0.658412	0.648429	0.639499	0.664793	0.728658	0.838322	0.88636	0.915731	1.00327	1.08163	1.1079	1.1079	1.1079	1.1079	1.16854	1.23863	1.16854	1.1079	1.1079	1.1079	1.12983	1.12983	1.1079	1.1079	1.1079	1.13694	1.22368	1.3029	1.32941	1.27884	1.16854	1.16854	1.25737	1.22368	1.13694	1.1079	1.16854	1.23863	1.16854	1.13694	1.22368	1.25737	1.2025	1.22368	1.25737	1.16854	1.08163	1.07558	1.07558	1.00327	0.915731	0.948241	1.02145	0.948241	0.91363	0.902222	0.820283	0.806606	0.806606	0.797517	0.797517	0.806606	0.766122	0.797517	0.843786	0.766122	0.766122	0.806606	0.793173	0.700745	0.700745	0.694694	0.604972	0.596669	0.596669	0.604972	0.639499	0.700745	0.700745	0.700745	0.700745	0.694702	0.753499	0.797517	0.806606	0.728658	0.728658	0.820283	0.86	0.86	0.783451	0.694702	0.619387	0.551917	0.564971	0.604972	0.510765	0.443207	0.510765	0.604972	0.564971	0.474153	0.443207	0.474153	0.551917	0.551917	0.474153	0.443207	0.510765	0.604972	0.564971	0.474153	0.443207	0.510765	0.619387	0.619387	0.510765	0.474153	0.564971	0.639499	0.664793	0.664793	0.700745	0.700745	0.664793	0.664793	0.728658	0.838322	0.86045	0.86	0.874596	0.838322	0.728658	0.728658	0.820283	0.86	0.902222	0.91363
0.385746	0.399417	0.399417	0.399417	0.350318	0.332344	0.305905	0.291127	0.338056	0.316379	0.250793	0.221564	0.247712	0.313326	0.247712	0.221564	0.221564	0.254584	0.335207	0.291127	0.335207	0.361094	0.359503	0.422739	0.367937	0.359503	0.427701	0.512528	0.537724	0.520332	0.579925	0.60801	0.596554	0.596554	0.650955	0.675243	0.699783	0.779605	0.743099	0.70061	0.743099	0.743099	0.70061	0.743099	0.743099	0.70061	0.673831	0.70061	0.743099	0.692074	0.6661	0.648305	0.608334	0.6146	0.589115	0.499277	0.514029	0.495415	0.495415	0.495415	0.456756	0.495415	0.446996	0.420471	0.45211	0.429941	0.38872	0.427701	0.458428	0.416349	0.446562	0.45211	0.38872	0.346468	0.332344	0.399417	0.399417	0.305905	0.291127	0.335207	0.291127	0.272765	0.335207	0.291127	0.235818	0.313326	0.313326	0.313326	0.313936	0.218947	0.274858	0.294394	0.299557	0.353027	0.361084	0.313326	0.313326	0.313326	0.313326	0.313326	0.396033	0.333485	0.335207	0.354663	0.291127	0.333485	0.266362	0.315767	0.354663	0.291127	0.335207	0.291127	0.272765	0.338056	0.316379	0.250793	0.315767	0.361094	0.342008	0.376686	0.332918	0.332344	0.408907	0.458428	0.443121	0.467134	0.534871	0.548677	0.553895	0.553895	0.553895	0.553895	0.613041	0.648305	0.582247	0.553895	0.553895	0.553895	0.596554	0.596554	0.553895	0.553895	0.553895	0.575955	0.639372	0.657996	0.664665	0.637574	0.582247	0.613041	0.656826	0.609909	0.56791	0.553895	0.613041	0.648305	0.582247	0.575955	0.639372	0.635464	0.608334	0.639372	0.635464	0.582247	0.540226	0.570935	0.570935	0.499277	0.457178	0.509159	0.545517	0.471628	0.495415	0.489574	0.420471	0.446562	0.446562	0.441812	0.491132	0.446562	0.394106	0.491132	0.510653	0.394106	0.427701	0.446562	0.437888	0.399417	0.399417	0.396041	0.316379	0.354663	0.354663	0.357357	0.332918	0.399417	0.399417	0.399417	0.399417	0.359503	0.422739	0.491132	0.446562	0.361102	0.408907	0.45211	0.470807	0.470807	0.38872	0.346468	0.305905	0.291127	0.338056	0.316379	0.250793	0.221564	0.315767	0.357357	0.278335	0.235818	0.221564	0.254584	0.335207	0.291127	0.235818	0.221564	0.315767	0.357357	0.278335	0.235818	0.221564	0.315767	0.361094	0.305905	0.250793	0.254584	0.338056	0.332918	0.332344	0.332344	0.399417	0.399417	0.332344	0.332344	0.408907	0.458428	0.429497	0.470807	0.476878	0.416349	0.361102	0.408907	0.45211	0.470807	0.534504	0.495415
0.110753	0.221505	0.221505	0.221505	0.110753	0	0	0.110753	0.221505	0.110753	0	0	0.110753	0.221505	0.110753	0	0	0.110753	0.221505	0.110753	0.221505	0.221505	0.110753	0.221505	0.110753	0.110753	0.221505	0.332256	0.332256	0.221505	0.332256	0.332256	0.221505	0.221505	0.332256	0.332256	0.332256	0.443004	0.332256	0.221505	0.332256	0.332256	0.221505	0.332256	0.332256	0.221505	0.110753	0.221505	0.332256	0.221505	0.221505	0.221505	0.110753	0.221505	0.221505	0	0.221505	0.221505	0.221505	0.221505	0.110753	0.221505	0.110753	0.110753	0.221505	0.110753	0	0.221505	0.221505	0	0.221505	0.221505	0	0	0	0.221505	0.221505	0	0.110753	0.221505	0.110753	0.110753	0.221505	0.110753	0	0.221505	0.221505	0.221505	0.221505	0.110753	0.221505	0.221505	0.221505	0.332256	0.332256	0.221505	0.221505	0.221505	0.221505	0.221505	0.332256	0.221505	0.221505	0.221505	0.110753	0.221505	0.110753	0.221505	0.221505	0.110753	0.221505	0.110753	0.110753	0.221505	0.110753	0	0.221505	0.221505	0.110753	0.221505	0.110753	0	0.221505	0.221505	0	0.110753	0.221505	0.110753	0	0	0	0	0.221505	0.221505	0	0	0	0	0.221505	0.221505	0	0	0	0.110753	0.221505	0.110753	0	0	0	0.221505	0.221505	0	0	0	0.221505	0.221505	0	0.110753	0.221505	0.110753	0.110753	0.221505	0.110753	0	0	0.221505	0.221505	0	0	0.221505	0.221505	0	0.221505	0.221505	0.110753	0.221505	0.221505	0.221505	0.332256	0.221505	0.110753	0.332256	0.332256	0.110753	0.221505	0.221505	0.221505	0.221505	0.221505	0.221505	0.110753	0.221505	0.221505	0.221505	0.110753	0.221505	0.221505	0.221505	0.221505	0.110753	0.221505	0.332256	0.221505	0	0.221505	0.221505	0.221505	0.221505	0	0	0	0.110753	0.221505	0.110753	0	0	0.221505	0.221505	0	0	0	0.110753	0.221505	0.110753	0	0	0.221505	0.221505	0	0	0	0.221505	0.221505	0	0	0.110753	0.221505	0.110753	0	0	0.221505	0.221505	0	0	0.221505	0.221505	0	0.221505	0.221505	0	0	0.221505	0.221505	0.221505	0.332256	0.221505
0.110732	0.221463	0.221463	0.221463	0.110732	0	0	0.110732	0.221463	0.110732	0	0	0.110732	0.221463	0.110732	0	0	0.110732	0.221463	0.110732	0.221463	0.221463	0.110732	0.221463	0.110732	0.110732	0.221463	0.332192	0.332192	0.221463	0.332192	0.332192	0.221463	0.221463	0.332192	0.332192	0.332192	0.442919	0.332192	0.221463	0.332192	0.332192	0.221463	0.332192	0.332192	0.221463	0.110732	0.221463	0.332192	0.221463	0.221463	0.221463	0.110732	0.221463	0.221463	0	0.221463	0.221463	0.221463	0.221463	0.110732	0.221463	0.110732	0.110732	0.221463	0.110732	0	0.221463	0.221463	0	0.221463	0.221463	0	0	0	0.221463	0.221463	0	0.110732	0.221463	0.110732	0.110732	0.221463	0.110732	0	0.221463	0.221463	0.221463	0.221463	0.110732	0.221463	0.221463	0.221463	0.332192	0.332192	0.221463	0.221463	0.221463	0.221463	0.221463	0.332192	0.221463	0.221463	0.221463	0.110732	0.221463	0.110732	0.221463	0.221463	0.110732	0.221463	0.110732	0.110732	0.221463	0.110732	0	0.221463	0.221463	0.110732	0.221463	0.110732	0	0.221463	0.221463	0	0.110732	0.221463	0.110732	0	0	0	0	0.221463	0.221463	0	0	0	0	0.221463	0.221463	0	0	0	0.110732	0.221463	0.110732	0	0	0	0.221463	0.221463	0	0	0	0.221463	0.221463	0	0.110732	0.221463	0.110732	0.110732	0.221463	0.110732	0	0	0.221463	0.221463	0	0	0.221463	0.221463	0	0.221463	0.221463	0.110732	0.221463	0.221463	0.221463	0.332192	0.221463	0.110732	0.332192	0.332192	0.110732	0.221463	0.221463	0.221463	0.221463	0.221463	0.221463	0.110732	0.221463	0.221463	0.221463	0.110732	0.221463	0.221463	0.221463	0.221463	0.110732	0.221463	0.332192	0.221463	0	0.221463	0.221463	0.221463	0.221463	0	0	0	0.110732	0.221463	0.110732	0	0	0.221463	0.221463	0	0	0	0.110732	0.221463	0.110732	0	0	0.221463	0.221463	0	0	0	0.221463	0.221463	0	0	0.110732	0.221463	0.110732	0	0	0.221463	0.221463	0	0	0.221463	0.221463	0	0.221463	0.221463	0	0	0.221463	0.221463	0.221463	0.332192	0.221463
0.110711	0.221422	0.221422	0.221422	0.110711	0	0	0.110711	0.221422	0.110711	0	0	0.110711	0.221422	0.110711	0	0	0.110711	0.221422	0.110711	0.221422	0.221422	0.110711	0.221422	0.110711	0.110711	0.221422	0.33213	0.33213	0.221422	0.33213	0.33213	0.221422	0.221422	0.33213	0.33213	0.33213	0.442837	0.33213	0.221422	0.33213	0.33213	0.221422	0.33213	0.33213	0.221422	0.110711	0.221422	0.33213	0.221422	0.221422	0.221422	0.110711	0.221422	0.221422	0	0.221422	0.221422	0.221422	0.221422	0.110711	0.221422	0.110711	0.110711	0.221422	0.110711	0	0.221422	0.221422	0	0.221422	0.221422	0	0	0	0.221422	0.221422	0	0.110711	0.221422	0.110711	0.110711	0.221422	0.110711	0	0.221422	0.221422	0.221422	0.221422	0.110711	0.221422	0.221422	0.221422	0.33213	0.33213	0.221422	0.221422	0.221422	0.221422	0.221422	0.33213	0.221422	0.221422	0.221422	0.110711	0.221422	0.110711	0.221422	0.221422	0.110711	0.221422	0.110711	0.110711	0.221422	0.110711	0	0.221422	0.221422	0.110711	0.221422	0.110711	0	0.221422	0.221422	0	0.110711	0.221422	0.110711	0	0	0	0	0.221422	0.221422	0	0	0	0	0.221422	0.221422	0	0	0	0.110711	0.221422	0.110711	0	0	0	0.221422	0.221422	0	0	0	0.221422	0.221422	0	0.110711	0.221422	0.110711	0.110711	0.221422	0.110711	0	0	0.221422	0.221422	0	0	0.221422	0.221422	0	0.221422	0.221422	0.110711	0.221422	0.221422	0.221422	0.33213	0.221422	0.110711	0.33213	0.33213	0.110711	0.221422	0.221422	0.221422	0.221422	0.221422	0.221422	0.110711	0.221422	0.221422	0.221422	0.110711	0.221422	0.221422	0.221422	0.221422	0.110711	0.221422	0.33213	0.221422	0	0.221422	0.221422	0.221422	0.221422	0	0	0	0.110711	0.221422	0.110711	0	0	0.221422	0.221422	0	0	0	0.110711	0.221422	0.110711	0	0	0.221422	0.221422	0	0	0	0.221422	0.221422	0	0	0.110711	0.221422	0.110711	0	0	0.221422	0.221422	0	0	0.221422	0.221422	0	0.221422	0.221422	0	0	0.221422	0.221422	0.221422	0.33213	0.221422
0.11069	0.221379	0.221379	0.221379	0.11069	0	0	0.11069	0.221379	0.11069	0	0	0.11069	0.221379	0.11069	0	0	0.11069	0.221379	0.11069	0.221379	0.221379	0.11069	0.221379	0.11069	0.11069	0.221379	0.332066	0.332066	0.221379	0.332066	0.332066	0.221379	0.221379	0.332066	0.332066	0.332066	0.442751	0.332066	0.221379	0.332066	0.332066	0.221379	0.332066	0.332066	0.221379	0.11069	0.221379	0.332066	0.221379	0.221379	0.221379	0.11069	0.221379	0.221379	0	0.221379	0.221379	0.221379	0.221379	0.11069	0.221379	0.11069	0.11069	0.221379	0.11069	0	0.221379	0.221379	0	0.221379	0.221379	0	0	0	0.221379	0.221379	0	0.11069	0.221379	0.11069	0.11069	0.221379	0.11069	0	0.221379	0.221379	0.221379	0.221379	0.11069	0.221379	0.221379	0.221379	0.332066	0.332066	0.221379	0.221379	0.221379	0.221379	0.221379	0.332066	0.221379	0.221379	0.221379	0.11069	0.221379	0.11069	0.221379	0.221379	0.11069	0.221379	0.11069	0.11069	0.221379	0.11069	0	0.221379	0.221379	0.11069	0.221379	0.11069	0	0.221379	0.221379	0	0.11069	0.221379	0.11069	0	0	0	0	0.221379	0.221379	0	0	0	0	0.221379	0.221379	0	0	0	0.11069	0.221379	0.11069	0	0	0	0.221379	0.221379	0	0	0	0.221379	0.221379	0	0.11069	0.221379	0.11069	0.11069	0.221379	0.11069	0	0	0.221379	0.221379	0	0	0.221379	0.221379	0	0.221379	0.221379	0.11069	0.221379	0.221379	0.221379	0.332066	0.221379	0.11069	0.332066	0.332066	0.11069	0.221379	0.221379	0.221379	0.221379	0.221379	0.221379	0.11069	0.221379	0.221379	0.221379	0.11069	0.221379	0.221379	0.221379	0.221379	0.11069	0.221379	0.332066	0.221379	0	0.221379	0.221379	0.221379	0.221379	0	0	0	0.11069	0.221379	0.11069	0	0	0.221379	0.221379	0	0	0	0.11069	0.221379	0.11069	0	0	0.221379	0.221379	0	0	0	0.221379	0.221379	0	0	0.11069	0.221379	0.11069	0	0	0.221379	0.221379	0	0	0.221379	0.221379	0	0.221379	0.221379	0	0	0.221379	0.221379	0.221379	0.332066	0.221379
0.110668	0.221336	0.221336	0.221336	0.110668	0	0	0.110668	0.221336	0.110668	0	0	0.110668	0.221336	0.110668	0	0	0.110668	0.221336	0.110668	0.221336	0.221336	0.110668	0.221336	0.110668	0.110668	0.221336	0.332002	0.332002	0.221336	0.332002	0.332002	0.221336	0.221336	0.332002	0.332002	0.332002	0.442666	0.332002	0.221336	0.332002	0.332002	0.221336	0.332002	0.332002	0.221336	0.110668	0.221336	0.332002	0.221336	0.221336	0.221336	0.110668	0.221336	0.221336	0	0.221336	0.221336	0.221336	0.221336	0.110668	0.221336	0.110668	0.110668	0.221336	0.110668	0	0.221336	0.221336	0	0.221336	0.221336	0	0	0	0.221336	0.221336	0	0.110668	0.221336	0.110668	0.110668	0.221336	0.110668	0	0.221336	0.221336	0.221336	0.221336	0.110668	0.221336	0.221336	0.221336	0.332002	0.332002	0.221336	0.221336	0.221336	0.221336	0.221336	0.332002	0.221336	0.221336	0.221336	0.110668	0.221336	0.110668	0.221336	0.221336	0.110668	0.221336	0.110668	0.110668	0.221336	0.110668	0	0.221336	0.221336	0.110668	0.221336	0.110668	0	0.221336	0.221336	0	0.110668	0.221336	0.110668	0	0	0	0	0.221336	0.221336	0	0	0	0	0.221336	0.221336	0	0	0	0.110668	0.221336	0.110668	0	0	0	0.221336	0.221336	0	0	0	0.221336	0.221336	0	0.110668	0.221336	0.110668	0.110668	0.221336	0.110668	0	0	0.221336	0.221336	0	0	0.221336	0.221336	0	0.221336	0.221336	0.110668	0.221336	0.221336	0.221336	0.332002	0.221336	0.110668	0.332002	0.332002	0.110668	0.221336	0.221336	0.221336	0.221336	0.221336	0.221336	0.110668	0.221336	0.221336	0.221336	0.110668	0.221336	0.221336	0.221336	0.221336	0.110668	0.221336	0.332002	0.221336	0	0.221336	0.221336	0.221336	0.221336	0	0	0	0.110668	0.221336	0.110668	0	0	0.221336	0.221336	0	0	0	0.110668	0.221336	0.110668	0	0	0.221336	0.221336	0	0	0	0.221336	0.221336	0	0	0.110668	0.221336	0.110668	0	0	0.221336	0.221336	0	0	0.221336	0.221336	0	0.221336	0.221336	0	0	0.221336	0.221336	0.221336	0.332002	0.221336
0.110648	0.221295	0.221295	0.221295	0.110648	0	0	0.110648	0.221295	0.110648	0	0	0.110648	0.221295	0.110648	0	0	0.110648	0.221295	0.110648	0.221295	0.221295	0.110648	0.221295	0.110648	0.110648	0.221295	0.33194	0.33194	0.221295	0.33194	0.33194	0.221295	0.221295	0.33194	0.33194	0.33194	0.442583	0.33194	0.221295	0.33194	0.33194	0.221295	0.33194	0.33194	0.221295	0.110648	0.221295	0.33194	0.221295	0.221295	0.221295	0.110648	0.221295	0.221295	0	0.221295	0.221295	0.221295	0.221295	0.110648	0.221295	0.110648	0.110648	0.221295	0.110648	0	0.221295	0.221295	0	0.221295	0.221295	0	0	0	0.221295	0.221295	0	0.110648	0.221295	0.110648	0.110648	0.221295	0.110648	0	0.221295	0.221295	0.221295	0.221295	0.110648	0.221295	0.221295	0.221295	0.33194	0.33194	0.221295	0.221295	0.221295	0.221295	0.221295	0.33194	0.221295	0.221295	0.221295	0.110648	0.221295	0.110648	0.221295	0.221295	0.110648	0.221295	0.110648	0.110648	0.221295	0.110648	0	0.221295	0.221295	0.110648	0.221295	0.110648	0	0.221295	0.221295	0	0.110648	0.221295	0.110648	0	0	0	0	0.221295	0.221295	0	0	0	0	0.221295	0.221295	0	0	0	0.110648	0.221295	0.110648	0	0	0	0.221295	0.221295	0	0	0	0.221295	0.221295	0	0.110648	0.221295	0.110648	0.110648	0.221295	0.110648	0	0	0.221295	0.221295	0	0	0.221295	0.221295	0	0.221295	0.221295	0.110648	0.221295	0.221295	0.221295	0.33194	0.221295	0.110648	0.33194	0.33194	0.110648	0.221295	0.221295	0.221295	0.221295	0.221295	0.221295	0.110648	0.221295	0.221295	0.221295	0.110648	0.221295	0.221295	0.221295	0.221295	0.110648	0.221295	0.33194	0.221295	0	0.221295	0.221295	0.221295	0.221295	0	0	0	0.110648	0.221295	0.110648	0	0	0.221295	0.221295	0	0	0	0.110648	0.221295	0.110648	0	0	0.221295	0.221295	0	0	0	0.221295	0.221295	0	0	0.110648	0.221295	0.110648	0	0	0.221295	0.221295	0	0	0.221295	0.221295	0	0.221295	0.221295	0	0	0.221295	0.221295	0.221295	0.33194	0.221295
0.861363	0.791975	0.752353	0.752353	0.696396	0.663782	0.663782	0.641514	0.57751	0.509988	0.555917	0.636727	0.641514	0.612226	0.597048	0.636727	0.663782	0.672936	0.699679	0.672936	0.699679	0.699679	0.672936	0.699679	0.737985	0.846133	0.91224	0.945173	0.945173	0.91224	0.945173	0.945173	0.91224	0.945986	1.03256	1.04945	1.01463	1.00249	0.980905	1.0333	1.10205	1.06751	1.0199	1.01463	0.997143	0.965985	0.97779	1.0199	0.980129	0.91224	0.91224	0.91224	0.891897	0.91224	0.91224	0.885012	0.878939	0.858692	0.825081	0.737985	0.672936	0.699679	0.672936	0.641514	0.612226	0.597048	0.636727	0.630689	0.52477	0.500909	0.595761	0.52477	0.442532	0.442532	0.442532	0.494756	0.494756	0.442532	0.456149	0.494756	0.4901	0.54339	0.560025	0.477453	0.500909	0.595761	0.52477	0.494756	0.494756	0.456149	0.494756	0.532004	0.618436	0.655655	0.607201	0.581465	0.631896	0.683083	0.699679	0.699679	0.705118	0.647443	0.683083	0.734866	0.759439	0.771427	0.759439	0.805379	0.805379	0.846133	0.91224	0.891897	0.891897	0.91224	0.891897	0.885012	0.91224	0.91224	0.923077	0.965985	0.946798	0.997152	1.04141	1.0199	1.05237	1.08175	1.04141	1.03256	1.07892	1.10621	1.10621	1.16283	1.23674	1.1733	1.1342	1.21806	1.30004	1.32739	1.28287	1.23674	1.2733	1.32739	1.32739	1.30238	1.22806	1.13689	1.16283	1.2733	1.32739	1.28287	1.1733	1.1342	1.21806	1.30004	1.28287	1.1733	1.10621	1.08175	1.00935	0.946798	0.97779	0.987129	0.916426	0.885012	0.885012	0.846133	0.737985	0.663782	0.663782	0.699679	0.699679	0.663782	0.664929	0.647443	0.618444	0.612226	0.595761	0.560025	0.560018	0.532004	0.54339	0.607201	0.560018	0.4901	0.544792	0.508482	0.494756	0.494756	0.494756	0.532004	0.54339	0.595761	0.595761	0.560025	0.54339	0.595761	0.595761	0.595761	0.560025	0.54339	0.560025	0.52184	0.445967	0.415796	0.457819	0.445967	0.408363	0.322544	0.221269	0.282063	0.391148	0.423089	0.371071	0.297889	0.336479	0.415796	0.421274	0.360614	0.336479	0.415796	0.442532	0.456149	0.494756	0.456149	0.500909	0.61098	0.630689	0.52477	0.471002	0.555917	0.636727	0.630689	0.52477	0.442532	0.500909	0.597048	0.57751	0.477453	0.500909	0.61098	0.630689	0.595761	0.61098	0.663782	0.699679	0.699679	0.663782	0.699679	0.699679	0.721215	0.831548	0.91224	0.91224	0.91224	0.909718	0.825081
0.857639	0.776222	0.752207	0.752207	0.691856	0.663654	0.663654	0.636604	0.55581	0.509889	0.577398	0.64139	0.636604	0.596932	0.612108	0.64139	0.663654	0.672806	0.699543	0.672806	0.699543	0.699543	0.672806	0.699543	0.770282	0.874405	0.912064	0.944991	0.944991	0.912064	0.944991	0.944991	0.912064	0.96183	1.05288	1.04925	0.999252	0.980716	1.0023	1.06802	1.10184	1.05289	1.0197	0.999252	0.996951	0.965799	0.986939	1.0197	0.954655	0.912064	0.912064	0.912064	0.891725	0.912064	0.912064	0.884841	0.868268	0.858526	0.813726	0.721076	0.672806	0.699543	0.672806	0.636604	0.596932	0.612108	0.64139	0.610862	0.500812	0.524669	0.595646	0.500812	0.442447	0.442447	0.442447	0.49466	0.49466	0.442447	0.456061	0.49466	0.508384	0.559917	0.543285	0.470911	0.524669	0.595646	0.500812	0.49466	0.49466	0.456061	0.49466	0.55991	0.675059	0.631775	0.581353	0.607084	0.655529	0.704982	0.699543	0.699543	0.682951	0.647318	0.704982	0.755246	0.771278	0.759292	0.771278	0.805224	0.805224	0.874405	0.912064	0.891725	0.891725	0.912064	0.891725	0.884841	0.912064	0.912064	0.932784	0.965799	0.946615	1.00915	1.03237	1.0197	1.06373	1.07871	1.03237	1.04121	1.08154	1.106	1.106	1.17307	1.23651	1.1626	1.13667	1.22782	1.30213	1.32713	1.27305	1.23651	1.28262	1.32713	1.32713	1.29978	1.21783	1.13398	1.17307	1.28262	1.32713	1.27305	1.1626	1.13667	1.22782	1.30213	1.27305	1.1626	1.106	1.07871	0.996959	0.946615	0.986939	0.977601	0.912906	0.884841	0.884841	0.831387	0.721076	0.663654	0.663654	0.699543	0.699543	0.663654	0.650855	0.647318	0.618325	0.596932	0.595646	0.543285	0.531901	0.55991	0.559917	0.581353	0.531901	0.508384	0.544687	0.490006	0.49466	0.49466	0.49466	0.55991	0.559917	0.595646	0.595646	0.543285	0.559917	0.595646	0.595646	0.595646	0.543285	0.559917	0.543285	0.472528	0.445881	0.423008	0.437228	0.445881	0.385159	0.282008	0.221227	0.322482	0.421192	0.415715	0.336414	0.297831	0.370999	0.423008	0.391072	0.33413	0.370999	0.423008	0.442447	0.456061	0.49466	0.456061	0.524669	0.630567	0.610862	0.500812	0.477361	0.577398	0.64139	0.610862	0.500812	0.442447	0.524669	0.612108	0.55581	0.470911	0.524669	0.630567	0.610862	0.595646	0.630567	0.663654	0.699543	0.699543	0.663654	0.699543	0.699543	0.737843	0.84597	0.912064	0.912064	0.912064	0.892577	0.813726
0	0	0.221169	0.221169	0	0	0	0	0	0.110585	0.221169	0.110585	0	0.110585	0.221169	0.110585	0	0.110585	0.221169	0.110585	0.221169	0.221169	0.110585	0.221169	0.331751	0.331751	0.221169	0.331751	0.331751	0.221169	0.331751	0.331751	0.221169	0.331751	0.442331	0.331751	0.221169	0.331751	0.442331	0.442331	0.331751	0.221169	0.221169	0.221169	0.331751	0.221169	0.221169	0.221169	0.110585	0.221169	0.221169	0.221169	0.110585	0.221169	0.221169	0	0.110585	0.221169	0.110585	0	0.110585	0.221169	0.110585	0	0.110585	0.221169	0.110585	0	0	0.221169	0.221169	0	0	0	0	0.221169	0.221169	0	0.110585	0.221169	0.221169	0.221169	0.110585	0	0.221169	0.221169	0	0.221169	0.221169	0.110585	0.221169	0.331751	0.442331	0.221169	0.221169	0.331751	0.331751	0.331751	0.221169	0.221169	0.221169	0.221169	0.331751	0.331751	0.221169	0.110585	0.221169	0.221169	0.221169	0.331751	0.221169	0.110585	0.110585	0.221169	0.110585	0	0.221169	0.221169	0.221169	0.221169	0.110585	0.221169	0.110585	0.221169	0.221169	0	0.110585	0.221169	0.110585	0	0	0.221169	0.221169	0	0.110585	0.221169	0.110585	0	0	0.221169	0.221169	0	0	0	0	0	0.221169	0.221169	0	0	0	0.110585	0.221169	0.110585	0	0	0	0	0	0.110585	0.221169	0.110585	0	0	0	0	0	0	0	0.221169	0.221169	0	0.110585	0.221169	0.110585	0.110585	0.221169	0.110585	0.221169	0.331751	0.221169	0.221169	0.221169	0.221169	0.221169	0.110585	0.221169	0.221169	0.221169	0.331751	0.221169	0.221169	0.221169	0.110585	0.221169	0.221169	0.221169	0.221169	0.110585	0.221169	0.110585	0.110585	0.221169	0.110585	0.110585	0.221169	0.110585	0	0	0.221169	0.221169	0	0	0.110585	0.221169	0.110585	0	0.110585	0.221169	0.110585	0	0.110585	0.221169	0.110585	0.221169	0.221169	0	0	0.110585	0.221169	0.110585	0	0	0	0.221169	0.221169	0	0	0.221169	0.221169	0	0.221169	0.221169	0	0.221169	0.221169	0	0.221169	0.221169	0.221169	0.221169	0.221169	0.221169	0.221169	0.221169	0.110585
0	0	0.221126	0.221126	0	0	0	0	0	0.110563	0.221126	0.110563	0	0.110563	0.221126	0.110563	0	0.110563	0.221126	0.110563	0.221126	0.221126	0.110563	0.221126	0.331687	0.331687	0.221126	0.331687	0.331687	0.221126	0.331687	0.331687	0.221126	0.331687	0.442245	0.331687	0.221126	0.331687	0.442245	0.442245	0.331687	0.221126	0.221126	0.221126	0.331687	0.221126	0.221126	0.221126	0.110563	0.221126	0.221126	0.221126	0.110563	0.221126	0.221126	0	0.110563	0.221126	0.110563	0	0.110563	0.221126	0.110563	0	0.110563	0.221126	0.110563	0	0	0.221126	0.221126	0	0	0	0	0.221126	0.221126	0	0.110563	0.221126	0.221126	0.221126	0.110563	0	0.221126	0.221126	0	0.221126	0.221126	0.110563	0.221126	0.331687	0.442245	0.221126	0.221126	0.331687	0.331687	0.331687	0.221126	0.221126	0.221126	0.221126	0.331687	0.331687	0.221126	0.110563	0.221126	0.221126	0.221126	0.331687	0.221126	0.110563	0.110563	0.221126	0.110563	0	0.221126	0.221126	0.221126	0.221126	0.110563	0.221126	0.110563	0.221126	0.221126	0	0.110563	0.221126	0.110563	0	0	0.221126	0.221126	0	0.110563	0.221126	0.110563	0	0	0.221126	0.221126	0	0	0	0	0	0.221126	0.221126	0	0	0	0.110563	0.221126	0.110563	0	0	0	0	0	0.110563	0.221126	0.110563	0	0	0	0	0	0	0	0.221126	0.221126	0	0.110563	0.221126	0.110563	0.110563	0.221126	0.110563	0.221126	0.331687	0.221126	0.221126	0.221126	0.221126	0.221126	0.110563	0.221126	0.221126	0.221126	0.331687	0.221126	0.221126	0.221126	0.110563	0.221126	0.221126	0.221126	0.221126	0.110563	0.221126	0.110563	0.110563	0.221126	0.110563	0.110563	0.221126	0.110563	0	0	0.221126	0.221126	0	0	0.110563	0.221126	0.110563	0	0.110563	0.221126	0.110563	0	0.110563	0.221126	0.110563	0.221126	0.221126	0	0	0.110563	0.221126	0.110563	0	0	0	0.221126	0.221126	0	0	0.221126	0.221126	0	0.221126	0.221126	0	0.221126	0.221126	0	0.221126	0.221126	0.221126	0.221126	0.221126	0.221126	0.221126	0.221126	0.110563
0	0	0.221083	0.221083	0	0	0	0	0	0.110542	0.221083	0.110542	0	0.110542	0.221083	0.110542	0	0.110542	0.221083	0.110542	0.221083	0.221083	0.110542	0.221083	0.331623	0.331623	0.221083	0.331623	0.331623	0.221083	0.331623	0.331623	0.221083	0.331623	0.44216	0.331623	0.221083	0.331623	0.44216	0.44216	0.331623	0.221083	0.221083	0.221083	0.331623	0.221083	0.221083	0.221083	0.110542	0.221083	0.221083	0.221083	0.110542	0.221083	0.221083	0	0.110542	0.221083	0.110542	0	0.110542	0.221083	0.110542	0	0.110542	0.221083	0.110542	0	0	0.221083	0.221083	0	0	0	0	0.221083	0.221083	0	0.110542	0.221083	0.221083	0.221083	0.110542	0	0.221083	0.221083	0	0.221083	0.221083	0.110542	0.221083	0.331623	0.44216	0.221083	0.221083	0.331623	0.331623	0.331623	0.221083	0.221083	0.221083	0.221083	0.331623	0.331623	0.221083	0.110542	0.221083	0.221083	0.221083	0.331623	0.221083	0.110542	0.110542	0.221083	0.110542	0	0.221083	0.221083	0.221083	0.221083	0.110542	0.221083	0.110542	0.221083	0.221083	0	0.110542	0.221083	0.110542	0	0	0.221083	0.221083	0	0.110542	0.221083	0.110542	0	0	0.221083	0.221083	0	0	0	0	0	0.221083	0.221083	0	0	0	0.110542	0.221083	0.110542	0	0	0	0	0	0.110542	0.221083	0.110542	0	0	0	0	0	0	0	0.221083	0.221083	0	0.110542	0.221083	0.110542	0.110542	0.221083	0.110542	0.221083	0.331623	0.221083	0.221083	0.221083	0.221083	0.221083	0.110542	0.221083	0.221083	0.221083	0.331623	0.221083	0.221083	0.221083	0.110542	0.221083	0.221083	0.221083	0.221083	0.110542	0.221083	0.110542	0.110542	0.221083	0.110542	0.110542	0.221083	0.110542	0	0	0.221083	0.221083	0	0	0.110542	0.221083	0.110542	0	0.110542	0.221083	0.110542	0	0.110542	0.221083	0.110542	0.221083	0.221083	0	0	0.110542	0.221083	0.110542	0	0	0	0.221083	0.221083	0	0	0.221083	0.221083	0	0.221083	0.221083	0	0.221083	0.221083	0	0.221083	0.221083	0.221083	0.221083	0.221083	0.221083	0.221083	0.221083	0.110542
0	0	0.221042	0.221042	0	0	0	0	0	0.110522	0.221042	0.110522	0	0.110522	0.221042	0.110522	0	0.110522	0.221042	0.110522	0.221042	0.221042	0.110522	0.221042	0.331561	0.331561	0.221042	0.331561	0.331561	0.221042	0.331561	0.331561	0.221042	0.331561	0.442078	0.331561	0.221042	0.331561	0.442078	0.442078	0.331561	0.221042	0.221042	0.221042	0.331561	0.221042	0.221042	0.221042	0.110522	0.221042	0.221042	0.221042	0.110522	0.221042	0.221042	0	0.110522	0.221042	0.110522	0	0.110522	0.221042	0.110522	0	0.110522	0.221042	0.110522	0	0	0.221042	0.221042	0	0	0	0	0.221042	0.221042	0	0.110522	0.221042	0.221042	0.221042	0.110522	0	0.221042	0.221042	0	0.221042	0.221042	0.110522	0.221042	0.331561	0.442078	0.221042	0.221042	0.331561	0.331561	0.331561	0.221042	0.221042	0.221042	0.221042	0.331561	0.331561	0.221042	0.110522	0.221042	0.221042	0.221042	0.331561	0.221042	0.110522	0.110522	0.221042	0.110522	0	0.221042	0.221042	0.221042	0.221042	0.110522	0.221042	0.110522	0.221042	0.221042	0	0.110522	0.221042	0.110522	0	0	0.221042	0.221042	0	0.110522	0.221042	0.110522	0	0	0.221042	0.221042	0	0	0	0	0	0.221042	0.221042	0	0	0	0.110522	0.221042	0.110522	0	0	0	0	0	0.110522	0.221042	0.110522	0	0	0	0	0	0	0	0.221042	0.221042	0	0.110522	0.221042	0.110522	0.110522	0.221042	0.110522	0.221042	0.331561	0.221042	0.221042	0.221042	0.221042	0.221042	0.110522	0.221042	0.221042	0.221042	0.331561	0.221042	0.221042	0.221042	0.110522	0.221042	0.221042	0.221042	0.221042	0.110522	0.221042	0.110522	0.110522	0.221042	0.110522	0.110522	0.221042	0.110522	0	0	0.221042	0.221042	0	0	0.110522	0.221042	0.110522	0	0.110522	0.221042	0.110522	0	0.110522	0.221042	0.110522	0.221042	0.221042	0	0	0.110522	0.221042	0.110522	0	0	0	0.221042	0.221042	0	0	0.221042	0.221042	0	0.221042	0.221042	0	0.221042	0.221042	0	0.221042	0.221042	0.221042	0.221042	0.221042	0.221042	0.221042	0.221042	0.110522
0	0	0.221	0.221	0	0	0	0	0	0.1105	0.221	0.1105	0	0.1105	0.221	0.1105	0	0.1105	0.221	0.1105	0.221	0.221	0.1105	0.221	0.331497	0.331497	0.221	0.331497	0.331497	0.221	0.331497	0.331497	0.221	0.331497	0.441993	0.331497	0.221	0.331497	0.441993	0.441993	0.331497	0.221	0.221	0.221	0.331497	0.221	0.221	0.221	0.1105	0.221	0.221	0.221	0.1105	0.221	0.221	0	0.1105	0.221	0.1105	0	0.1105	0.221	0.1105	0	0.1105	0.221	0.1105	0	0	0.221	0.221	0	0	0	0	0.221	0.221	0	0.1105	0.221	0.221	0.221	0.1105	0	0.221	0.221	0	0.221	0.221	0.1105	0.221	0.331497	0.441993	0.221	0.221	0.331497	0.331497	0.331497	0.221	0.221	0.221	0.221	0.331497	0.331497	0.221	0.1105	0.221	0.221	0.221	0.331497	0.221	0.1105	0.1105	0.221	0.1105	0	0.221	0.221	0.221	0.221	0.1105	0.221	0.1105	0.221	0.221	0	0.1105	0.221	0.1105	0	0	0.221	0.221	0	0.1105	0.221	0.1105	0	0	0.221	0.221	0	0	0	0	0	0.221	0.221	0	0	0	0.1105	0.221	0.1105	0	0	0	0	0	0.1105	0.221	0.1105	0	0	0	0	0	0	0	0.221	0.221	0	0.1105	0.221	0.1105	0.1105	0.221	0.1105	0.221	0.331497	0.221	0.221	0.221	0.221	0.221	0.1105	0.221	0.221	0.221	0.331497	0.221	0.221	0.221	0.1105	0.221	0.221	0.221	0.221	0.1105	0.221	0.1105	0.1105	0.221	0.1105	0.1105	0.221	0.1105	0	0	0.221	0.221	0	0	0.1105	0.221	0.1105	0	0.1105	0.221	0.1105	0	0.1105	0.221	0.1105	0.221	0.221	0	0	0.1105	0.221	0.1105	0	0	0	0.221	0.221	0	0	0.221	0.221	0	0.221	0.221	0	0.221	0.221	0	0.221	0.221	0.221	0.221	0.221	0.221	0.221	0.221	0.1105
0	0	0.220957	0.220957	0	0	0	0	0	0.110479	0.220957	0.110479	0	0.110479	0.220957	0.110479	0	0.110479	0.220957	0.110479	0.220957	0.220957	0.110479	0.220957	0.331434	0.331434	0.220957	0.331434	0.331434	0.220957	0.331434	0.331434	0.220957	0.331434	0.441908	0.331434	0.220957	0.331434	0.441908	0.441908	0.331434	0.220957	0.220957	0.220957	0.331434	0.220957	0.220957	0.220957	0.110479	0.220957	0.220957	0.220957	0.110479	0.220957	0.220957	0	0.110479	0.220957	0.110479	0	0.110479	0.220957	0.110479	0	0.110479	0.220957	0.110479	0	0	0.220957	0.220957	0	0	0	0	0.220957	0.220957	0	0.110479	0.220957	0.220957	0.220957	0.110479	0	0.220957	0.220957	0	0.220957	0.220957	0.110479	0.220957	0.331434	0.441908	0.220957	0.220957	0.331434	0.331434	0.331434	0.220957	0.220957	0.220957	0.220957	0.331434	0.331434	0.220957	0.110479	0.220957	0.220957	0.220957	0.331434	0.220957	0.110479	0.110479	0.220957	0.110479	0	0.220957	0.220957	0.220957	0.220957	0.110479	0.220957	0.110479	0.220957	0.220957	0	0.110479	0.220957	0.110479	0	0	0.220957	0.220957	0	0.110479	0.220957	0.110479	0	0	0.220957	0.220957	0	0	0	0	0	0.220957	0.220957	0	0	0	0.110479	0.220957	0.110479	0	0	0	0	0	0.110479	0.220957	0.110479	0	0	0	0	0	0	0	0.220957	0.220957	0	0.110479	0.220957	0.110479	0.110479	0.220957	0.110479	0.220957	0.331434	0.220957	0.220957	0.220957	0.220957	0.220957	0.110479	0.220957	0.220957	0.220957	0.331434	0.220957	0.220957	0.220957	0.110479	0.220957	0.220957	0.220957	0.220957	0.110479	0.220957	0.110479	0.110479	0.220957	0.110479	0.110479	0.220957	0.110479	0	0	0.220957	0.220957	0	0	0.110479	0.220957	0.110479	0	0.110479	0.220957	0.110479	0	0.110479	0.220957	0.110479	0.220957	0.220957	0	0	0.110479	0.220957	0.110479	0	0	0	0.220957	0.220957	0	0	0.220957	0.220957	0	0.220957	0.220957	0	0.220957	0.220957	0	0.220957	0.220957	0.220957	0.220957	0.220957	0.220957	0.220957	0.220957	0.110479
0.88366	0.88366	0.844841	0.736859	0.662768	0.662768	0.662768	0.662768	0.662768	0.70405	0.751204	0.695333	0.662768	0.671908	0.69861	0.671908	0.690933	0.758279	0.804149	0.812641	0.823821	0.804149	0.812641	0.857381	0.892237	0.856487	0.770249	0.754239	0.740978	0.69861	0.740978	0.778119	0.785926	0.841216	0.852912	0.754239	0.69861	0.740978	0.758264	0.674158	0.597402	0.54396	0.507706	0.494	0.552299	0.568631	0.594852	0.594852	0.596136	0.611291	0.594852	0.55917	0.476724	0.45712	0.445286	0.415161	0.422443	0.40774	0.384645	0.415161	0.422443	0.370504	0.333684	0.390551	0.422443	0.370504	0.26199	0.220932	0.281632	0.398276	0.322052	0.250077	0.335966	0.415161	0.500144	0.594852	0.523969	0.441856	0.489352	0.54396	0.507706	0.494	0.489352	0.555069	0.68204	0.733744	0.775187	0.891387	0.910848	0.890535	0.910848	0.94373	0.987928	0.910848	0.910848	0.94373	0.94373	0.94373	0.910848	0.910848	0.944542	0.997919	1.01308	0.995621	0.964511	0.976297	1.01834	0.985622	0.964511	0.995621	0.964511	0.915027	0.921667	0.964511	0.976297	1.05076	1.06231	0.953382	0.910848	0.910848	0.890535	0.910848	0.890535	0.910848	0.910848	0.911688	0.976297	0.985622	0.945352	0.995629	1.07727	1.06231	1.01834	1.05076	1.0801	1.03982	1.03099	1.07727	1.10453	1.06231	0.953382	0.911688	0.995629	1.07727	1.10453	1.10453	1.06231	0.953382	0.940502	1.05076	1.10453	1.0801	1.0078	0.915027	0.830278	0.720114	0.662768	0.662768	0.662768	0.640534	0.576628	0.476724	0.441856	0.441856	0.441856	0.441856	0.441856	0.441856	0.441856	0.494	0.494	0.441856	0.422443	0.370504	0.297434	0.333684	0.360063	0.26199	0.312431	0.360052	0.237553	0.246993	0.246993	0.246993	0.284311	0.237559	0.312431	0.312431	0.312431	0.398264	0.351484	0.392487	0.360063	0.333684	0.398276	0.360063	0.35365	0.314865	0.247005	0.312431	0.247005	0.247005	0.312431	0.247005	0.247005	0.312431	0.247005	0.220932	0.250077	0.35365	0.314865	0.220932	0.220932	0.284323	0.35365	0.26199	0.220932	0.284323	0.35365	0.297434	0.335966	0.402094	0.445286	0.436645	0.420631	0.322052	0.281632	0.390551	0.422443	0.40774	0.384645	0.415161	0.441856	0.500144	0.594852	0.523969	0.441856	0.470283	0.54396	0.507706	0.500144	0.594852	0.594852	0.610047	0.69861	0.69861	0.690933	0.751204	0.751204	0.751204	0.716927	0.69861	0.69861	0.69861	0.69861	0.671908
0.883497	0.883497	0.830124	0.719981	0.662646	0.662646	0.662646	0.662646	0.662646	0.716794	0.751065	0.690805	0.662646	0.671784	0.698481	0.671784	0.695204	0.770107	0.804001	0.823669	0.812491	0.804001	0.823669	0.857222	0.892072	0.838342	0.758139	0.733608	0.740841	0.698481	0.740841	0.804936	0.804944	0.84106	0.827354	0.733608	0.698481	0.740841	0.729433	0.617378	0.597292	0.54386	0.489262	0.493909	0.552197	0.629595	0.594741	0.594741	0.611178	0.596026	0.594741	0.54246	0.470196	0.436564	0.445204	0.422365	0.415084	0.384574	0.407664	0.422365	0.415084	0.335903	0.359997	0.420553	0.415084	0.335903	0.250031	0.220891	0.321992	0.398202	0.28158	0.261942	0.370436	0.422365	0.523872	0.594741	0.500052	0.441775	0.507612	0.54386	0.489262	0.493909	0.507612	0.576521	0.703911	0.754099	0.790619	0.908161	0.910679	0.89037	0.910679	0.943556	0.987745	0.910679	0.910679	0.943556	0.943556	0.943556	0.910679	0.910679	0.960369	1.01289	0.997735	0.995437	0.964332	0.98544	1.01815	0.976117	0.964332	0.995437	0.964332	0.91152	0.931367	0.964332	0.98544	1.06211	1.05057	0.940328	0.910679	0.910679	0.89037	0.910679	0.89037	0.910679	0.910679	0.914857	0.98544	0.976117	0.945178	1.00762	1.0799	1.05057	1.01815	1.06211	1.07707	1.0308	1.03963	1.0799	1.10432	1.05057	0.940328	0.914857	1.00762	1.0799	1.10432	1.10432	1.05057	0.940328	0.953205	1.06211	1.10432	1.07707	0.995445	0.91152	0.844685	0.736722	0.662646	0.662646	0.662646	0.635638	0.554966	0.470196	0.441775	0.441775	0.441775	0.441775	0.441775	0.441775	0.441775	0.493909	0.493909	0.441775	0.415084	0.335903	0.297379	0.359997	0.333622	0.250031	0.312373	0.314801	0.195234	0.246948	0.246948	0.246948	0.333606	0.273327	0.312373	0.312373	0.312373	0.398191	0.392408	0.429509	0.333622	0.359997	0.398202	0.333622	0.353584	0.28427	0.246959	0.312373	0.246959	0.246959	0.312373	0.246959	0.246959	0.312373	0.246959	0.220891	0.261942	0.353584	0.28427	0.220891	0.220891	0.314807	0.353584	0.250031	0.220891	0.314807	0.353584	0.297379	0.370436	0.40202	0.445204	0.457035	0.390478	0.28158	0.321992	0.420553	0.415084	0.384574	0.407664	0.422365	0.441775	0.523872	0.594741	0.500052	0.441775	0.476636	0.54386	0.489262	0.523872	0.594741	0.594741	0.62961	0.698481	0.698481	0.695204	0.751065	0.751065	0.751065	0.70392	0.698481	0.698481	0.698481	0.698481	0.671784
0	0	0	0	0	0	0	0	0	0.220831	0.220831	0	0	0.110416	0.220831	0.110416	0.110416	0.220831	0.220831	0.220831	0.110416	0.220831	0.220831	0.220831	0.331245	0.220831	0.110416	0.220831	0.331245	0.220831	0.331245	0.441656	0.331245	0.331245	0.331245	0.220831	0.220831	0.331245	0.331245	0.220831	0.331245	0.220831	0.110416	0.220831	0.331245	0.441656	0.220831	0.220831	0.220831	0.110416	0.220831	0.110416	0	0.110416	0.220831	0.110416	0	0.110416	0.220831	0.110416	0	0	0.220831	0.220831	0	0	0	0	0.220831	0.220831	0	0.110416	0.220831	0.110416	0.220831	0.220831	0	0	0.220831	0.220831	0.110416	0.220831	0.220831	0.220831	0.331245	0.331245	0.220831	0.331245	0.220831	0.110416	0.220831	0.331245	0.441656	0.220831	0.220831	0.331245	0.331245	0.331245	0.220831	0.220831	0.331245	0.331245	0.220831	0.331245	0.220831	0.220831	0.220831	0.110416	0.220831	0.331245	0.220831	0	0.220831	0.220831	0.220831	0.220831	0	0	0.220831	0.220831	0.110416	0.220831	0.110416	0.220831	0.220831	0.110416	0.220831	0.110416	0.110416	0.220831	0.110416	0	0.220831	0.220831	0	0.110416	0.220831	0.110416	0	0	0	0.110416	0.220831	0.110416	0	0	0	0	0.220831	0.220831	0	0	0	0	0.220831	0.220831	0	0	0	0	0	0	0	0	0	0	0	0	0	0.220831	0.220831	0	0	0	0.110416	0.220831	0.110416	0	0.220831	0.220831	0.110416	0.220831	0.220831	0.220831	0.331245	0.220831	0.220831	0.220831	0.220831	0.331245	0.331245	0.331245	0.110416	0.220831	0.220831	0.110416	0.220831	0.110416	0.110416	0.220831	0.110416	0.110416	0.220831	0.110416	0.110416	0.220831	0.110416	0	0.110416	0.220831	0.110416	0	0	0.220831	0.220831	0	0	0.220831	0.220831	0.110416	0.220831	0.110416	0.220831	0.220831	0	0	0.220831	0.220831	0	0.110416	0.220831	0.110416	0	0.220831	0.220831	0	0	0.110416	0.220831	0.110416	0.220831	0.220831	0.220831	0.220831	0.220831	0.220831	0.110416	0.220831	0.220831	0.220831	0.110416	0.220831	0.220831	0.220831	0.220831	0.110416
0	0	0	0	0	0	0	0	0	0.220788	0.220788	0	0	0.110395	0.220788	0.110395	0.110395	0.220788	0.220788	0.220788	0.110395	0.220788	0.220788	0.220788	0.331181	0.220788	0.110395	0.220788	0.331181	0.220788	0.331181	0.44157	0.331181	0.331181	0.331181	0.220788	0.220788	0.331181	0.331181	0.220788	0.331181	0.220788	0.110395	0.220788	0.331181	0.44157	0.220788	0.220788	0.220788	0.110395	0.220788	0.110395	0	0.110395	0.220788	0.110395	0	0.110395	0.220788	0.110395	0	0	0.220788	0.220788	0	0	0	0	0.220788	0.220788	0	0.110395	0.220788	0.110395	0.220788	0.220788	0	0	0.220788	0.220788	0.110395	0.220788	0.220788	0.220788	0.331181	0.331181	0.220788	0.331181	0.220788	0.110395	0.220788	0.331181	0.44157	0.220788	0.220788	0.331181	0.331181	0.331181	0.220788	0.220788	0.331181	0.331181	0.220788	0.331181	0.220788	0.220788	0.220788	0.110395	0.220788	0.331181	0.220788	0	0.220788	0.220788	0.220788	0.220788	0	0	0.220788	0.220788	0.110395	0.220788	0.110395	0.220788	0.220788	0.110395	0.220788	0.110395	0.110395	0.220788	0.110395	0	0.220788	0.220788	0	0.110395	0.220788	0.110395	0	0	0	0.110395	0.220788	0.110395	0	0	0	0	0.220788	0.220788	0	0	0	0	0.220788	0.220788	0	0	0	0	0	0	0	0	0	0	0	0	0	0.220788	0.220788	0	0	0	0.110395	0.220788	0.110395	0	0.220788	0.220788	0.110395	0.220788	0.220788	0.220788	0.331181	0.220788	0.220788	0.220788	0.220788	0.331181	0.331181	0.331181	0.110395	0.220788	0.220788	0.110395	0.220788	0.110395	0.110395	0.220788	0.110395	0.110395	0.220788	0.110395	0.110395	0.220788	0.110395	0	0.110395	0.220788	0.110395	0	0	0.220788	0.220788	0	0	0.220788	0.220788	0.110395	0.220788	0.110395	0.220788	0.220788	0	0	0.220788	0.220788	0	0.110395	0.220788	0.110395	0	0.220788	0.220788	0	0	0.110395	0.220788	0.110395	0.220788	0.220788	0.220788	0.220788	0.220788	0.220788	0.110395	0.220788	0.220788	0.220788	0.110395	0.220788	0.220788	0.220788	0.220788	0.110395
0	0	0	0	0	0	0	0	0	0.220748	0.220748	0	0	0.110374	0.220748	0.110374	0.110374	0.220748	0.220748	0.220748	0.110374	0.220748	0.220748	0.220748	0.331119	0.220748	0.110374	0.220748	0.331119	0.220748	0.331119	0.441489	0.331119	0.331119	0.331119	0.220748	0.220748	0.331119	0.331119	0.220748	0.331119	0.220748	0.110374	0.220748	0.331119	0.441489	0.220748	0.220748	0.220748	0.110374	0.220748	0.110374	0	0.110374	0.220748	0.110374	0	0.110374	0.220748	0.110374	0	0	0.220748	0.220748	0	0	0	0	0.220748	0.220748	0	0.110374	0.220748	0.110374	0.220748	0.220748	0	0	0.220748	0.220748	0.110374	0.220748	0.220748	0.220748	0.331119	0.331119	0.220748	0.331119	0.220748	0.110374	0.220748	0.331119	0.441489	0.220748	0.220748	0.331119	0.331119	0.331119	0.220748	0.220748	0.331119	0.331119	0.220748	0.331119	0.220748	0.220748	0.220748	0.110374	0.220748	0.331119	0.220748	0	0.220748	0.220748	0.220748	0.220748	0	0	0.220748	0.220748	0.110374	0.220748	0.110374	0.220748	0.220748	0.110374	0.220748	0.110374	0.110374	0.220748	0.110374	0	0.220748	0.220748	0	0.110374	0.220748	0.110374	0	0	0	0.110374	0.220748	0.110374	0	0	0	0	0.220748	0.220748	0	0	0	0	0.220748	0.220748	0	0	0	0	0	0	0	0	0	0	0	0	0	0.220748	0.220748	0	0	0	0.110374	0.220748	0.110374	0	0.220748	0.220748	0.110374	0.220748	0.220748	0.220748	0.331119	0.220748	0.220748	0.220748	0.220748	0.331119	0.331119	0.331119	0.110374	0.220748	0.220748	0.110374	0.220748	0.110374	0.110374	0.220748	0.110374	0.110374	0.220748	0.110374	0.110374	0.220748	0.110374	0	0.110374	0.220748	0.110374	0	0	0.220748	0.220748	0	0	0.220748	0.220748	0.110374	0.220748	0.110374	0.220748	0.220748	0	0	0.220748	0.220748	0	0.110374	0.220748	0.110374	0	0.220748	0.220748	0	0	0.110374	0.220748	0.110374	0.220748	0.220748	0.220748	0.220748	0.220748	0.220748	0.110374	0.220748	0.220748	0.220748	0.110374	0.220748	0.220748	0.220748	0.220748	0.110374
0	0	0	0	0	0	0	0	0	0.220705	0.220705	0	0	0.110353	0.220705	0.110353	0.110353	0.220705	0.220705	0.220705	0.110353	0.220705	0.220705	0.220705	0.331056	0.220705	0.110353	0.220705	0.331056	0.220705	0.331056	0.441404	0.331056	0.331056	0.331056	0.220705	0.220705	0.331056	0.331056	0.220705	0.331056	0.220705	0.110353	0.220705	0.331056	0.441404	0.220705	0.220705	0.220705	0.110353	0.220705	0.110353	0	0.110353	0.220705	0.110353	0	0.110353	0.220705	0.110353	0	0	0.220705	0.220705	0	0	0	0	0.220705	0.220705	0	0.110353	0.220705	0.110353	0.220705	0.220705	0	0	0.220705	0.220705	0.110353	0.220705	0.220705	0.220705	0.331056	0.331056	0.220705	0.331056	0.220705	0.110353	0.220705	0.331056	0.441404	0.220705	0.220705	0.331056	0.331056	0.331056	0.220705	0.220705	0.331056	0.331056	0.220705	0.331056	0.220705	0.220705	0.220705	0.110353	0.220705	0.331056	0.220705	0	0.220705	0.220705	0.220705	0.220705	0	0	0.220705	0.220705	0.110353	0.220705	0.110353	0.220705	0.220705	0.110353	0.220705	0.110353	0.110353	0.220705	0.110353	0	0.220705	0.220705	0	0.110353	0.220705	0.110353	0	0	0	0.110353	0.220705	0.110353	0	0	0	0	0.220705	0.220705	0	0	0	0	0.220705	0.220705	0	0	0	0	0	0	0	0	0	0	0	0	0	0.220705	0.220705	0	0	0	0.110353	0.220705	0.110353	0	0.220705	0.220705	0.110353	0.220705	0.220705	0.220705	0.331056	0.220705	0.220705	0.220705	0.220705	0.331056	0.331056	0.331056	0.110353	0.220705	0.220705	0.110353	0.220705	0.110353	0.110353	0.220705	0.110353	0.110353	0.220705	0.110353	0.110353	0.220705	0.110353	0	0.110353	0.220705	0.110353	0	0	0.220705	0.220705	0	0	0.220705	0.220705	0.110353	0.220705	0.110353	0.220705	0.220705	0	0	0.220705	0.220705	0	0.110353	0.220705	0.110353	0	0.220705	0.220705	0	0	0.110353	0.220705	0.110353	0.220705	0.220705	0.220705	0.220705	0.220705	0.220705	0.110353	0.220705	0.220705	0.220705	0.110353	0.220705	0.220705	0.220705	0.220705	0.110353
0	0	0	0	0	0	0	0	0	0.220663	0.220663	0	0	0.110332	0.220663	0.110332	0.110332	0.220663	0.220663	0.220663	0.110332	0.220663	0.220663	0.220663	0.330992	0.220663	0.110332	0.220663	0.330992	0.220663	0.330992	0.441319	0.330992	0.330992	0.330992	0.220663	0.220663	0.330992	0.330992	0.220663	0.330992	0.220663	0.110332	0.220663	0.330992	0.441319	0.220663	0.220663	0.220663	0.110332	0.220663	0.110332	0	0.110332	0.220663	0.110332	0	0.110332	0.220663	0.110332	0	0	0.220663	0.220663	0	0	0	0	0.220663	0.220663	0	0.110332	0.220663	0.110332	0.220663	0.220663	0	0	0.220663	0.220663	0.110332	0.220663	0.220663	0.220663	0.330992	0.330992	0.220663	0.330992	0.220663	0.110332	0.220663	0.330992	0.441319	0.220663	0.220663	0.330992	0.330992	0.330992	0.220663	0.220663	0.330992	0.330992	0.220663	0.330992	0.220663	0.220663	0.220663	0.110332	0.220663	0.330992	0.220663	0	0.220663	0.220663	0.220663	0.220663	0	0	0.220663	0.220663	0.110332	0.220663	0.110332	0.220663	0.220663	0.110332	0.220663	0.110332	0.110332	0.220663	0.110332	0	0.220663	0.220663	0	0.110332	0.220663	0.110332	0	0	0	0.110332	0.220663	0.110332	0	0	0	0	0.220663	0.220663	0	0	0	0	0.220663	0.220663	0	0	0	0	0	0	0	0	0	0	0	0	0	0.220663	0.220663	0	0	0	0.110332	0.220663	0.110332	0	0.220663	0.220663	0.110332	0.220663	0.220663	0.220663	0.330992	0.220663	0.220663	0.220663	0.220663	0.330992	0.330992	0.330992	0.110332	0.220663	0.220663	0.110332	0.220663	0.110332	0.110332	0.220663	0.110332	0.110332	0.220663	0.110332	0.110332	0.220663	0.110332	0	0.110332	0.220663	0.110332	0	0	0.220663	0.220663	0	0	0.220663	0.220663	0.110332	0.220663	0.110332	0.220663	0.220663	0	0	0.220663	0.220663	0	0.110332	0.220663	0.110332	0	0.220663	0.220663	0	0	0.110332	0.220663	0.110332	0.220663	0.220663	0.220663	0.220663	0.220663	0.220663	0.110332	0.220663	0.220663	0.220663	0.110332	0.220663	0.220663	0.220663	0.220663	0.110332
0	0	0	0	0	0	0	0	0	0.22062	0.22062	0	0	0.11031	0.22062	0.11031	0.11031	0.22062	0.22062	0.22062	0.11031	0.22062	0.22062	0.22062	0.330928	0.22062	0.11031	0.22062	0.330928	0.22062	0.330928	0.441234	0.330928	0.330928	0.330928	0.22062	0.22062	0.330928	0.330928	0.22062	0.330928	0.22062	0.11031	0.22062	0.330928	0.441234	0.22062	0.22062	0.22062	0.11031	0.22062	0.11031	0	0.11031	0.22062	0.11031	0	0.11031	0.22062	0.11031	0	0	0.22062	0.22062	0	0	0	0	0.22062	0.22062	0	0.11031	0.22062	0.11031	0.22062	0.22062	0	0	0.22062	0.22062	0.11031	0.22062	0.22062	0.22062	0.330928	0.330928	0.22062	0.330928	0.22062	0.11031	0.22062	0.330928	0.441234	0.22062	0.22062	0.330928	0.330928	0.330928	0.22062	0.22062	0.330928	0.330928	0.22062	0.330928	0.22062	0.22062	0.22062	0.11031	0.22062	0.330928	0.22062	0	0.22062	0.22062	0.22062	0.22062	0	0	0.22062	0.22062	0.11031	0.22062	0.11031	0.22062	0.22062	0.11031	0.22062	0.11031	0.11031	0.22062	0.11031	0	0.22062	0.22062	0	0.11031	0.22062	0.11031	0	0	0	0.11031	0.22062	0.11031	0	0	0	0	0.22062	0.22062	0	0	0	0	0.22062	0.22062	0	0	0	0	0	0	0	0	0	0	0	0	0	0.22062	0.22062	0	0	0	0.11031	0.22062	0.11031	0	0.22062	0.22062	0.11031	0.22062	0.22062	0.22062	0.330928	0.22062	0.22062	0.22062	0.22062	0.330928	0.330928	0.330928	0.11031	0.22062	0.22062	0.11031	0.22062	0.11031	0.11031	0.22062	0.11031	0.11031	0.22062	0.11031	0.11031	0.22062	0.11031	0	0.11031	0.22062	0.11031	0	0	0.22062	0.22062	0	0	0.22062	0.22062	0.11031	0.22062	0.11031	0.22062	0.22062	0	0	0.22062	0.22062	0	0.11031	0.22062	0.11031	0	0.22062	0.22062	0	0	0.11031	0.22062	0.11031	0.22062	0.22062	0.22062	0.22062	0.22062	0.22062	0.11031	0.22062	0.22062	0.22062	0.11031	0.22062	0.22062	0.22062	0.22062	0.11031
0.661758	0.661758	0.661758	0.661758	0.661758	0.661758	0.661758	0.68988	0.774005	0.822566	0.735736	0.661758	0.68988	0.757123	0.769076	0.694273	0.639558	0.61036	0.593945	0.593945	0.595227	0.681001	0.697546	0.697546	0.739849	0.697546	0.670884	0.697546	0.739849	0.697546	0.666329	0.628753	0.551459	0.551459	0.551459	0.493248	0.493248	0.551459	0.512889	0.444608	0.50842	0.444608	0.401482	0.444608	0.469552	0.474377	0.311956	0.272962	0.27573	0.237198	0.311956	0.246629	0.281203	0.384059	0.36994	0.333176	0.389955	0.4218	0.444608	0.435979	0.441183	0.441183	0.41999	0.359515	0.335453	0.444616	0.554222	0.634786	0.697546	0.697546	0.719016	0.811402	0.822566	0.811402	0.822566	0.802924	0.829012	0.939068	1.04988	1.07067	1.08408	1.12467	1.12467	1.12467	1.15138	1.15138	1.12467	1.11721	1.10353	1.16972	1.26522	1.31064	1.34271	1.31931	1.34158	1.36405	1.36405	1.36405	1.34158	1.34158	1.36405	1.36405	1.34158	1.36405	1.37348	1.39598	1.36461	1.35791	1.39598	1.3845	1.34158	1.32334	1.34158	1.34158	1.27896	1.16972	1.13074	1.21435	1.25557	1.20113	1.19352	1.20113	1.13343	1.12467	1.12467	1.07845	1.00627	0.913632	0.920263	0.963041	0.913632	0.939068	1.01679	0.951929	0.882313	0.858737	0.78956	0.694273	0.719016	0.829012	0.882313	0.858737	0.78956	0.694273	0.661758	0.661758	0.661758	0.661758	0.628766	0.523171	0.441183	0.441183	0.441183	0.441183	0.523171	0.628766	0.609117	0.499382	0.441183	0.441183	0.441183	0.441183	0.441183	0.441183	0.441183	0.441183	0.441183	0.441183	0.441183	0.41999	0.321562	0.220595	0.220595	0.220595	0.246629	0.311956	0.246629	0.220595	0.311956	0.311956	0.246629	0.311956	0.272962	0.237192	0.314374	0.194967	0.220579	0.281185	0.246618	0.281185	0.330867	0.330867	0.11029	0.220579	0.220579	0.11029	0.220579	0.174385	0.194973	0.237192	0.194973	0.198837	0.198832	0.160777	0.194973	0.198832	0.12331	0.123315	0.198837	0.198832	0.12331	0.123315	0.19498	0.311956	0.311956	0.220595	0.281203	0.39767	0.321562	0.246629	0.311956	0.246629	0.311956	0.311956	0.281203	0.389955	0.456423	0.444608	0.444616	0.541734	0.558318	0.475997	0.499382	0.593945	0.593945	0.609117	0.68988	0.757123	0.837219	0.865789	0.90946	0.90946	0.876259	0.856074	0.856074	0.856074	0.834495	0.856074	0.856074	0.78956	0.757123	0.802924	0.769076	0.750059	0.715834	0.670884
0.661636	0.661636	0.661636	0.661636	0.661636	0.661636	0.661636	0.694144	0.789414	0.811252	0.718883	0.661636	0.694144	0.768933	0.756983	0.689752	0.634669	0.595117	0.593835	0.593835	0.610246	0.702839	0.697416	0.697416	0.739711	0.697416	0.67076	0.697416	0.739711	0.697416	0.62865	0.567659	0.551355	0.551355	0.551355	0.493156	0.493156	0.551355	0.482246	0.444525	0.508324	0.444525	0.401407	0.444525	0.435891	0.389869	0.311897	0.237153	0.275678	0.27291	0.311897	0.246583	0.321501	0.407043	0.335391	0.359448	0.419912	0.414451	0.444525	0.456338	0.441101	0.441101	0.389883	0.333114	0.369871	0.471091	0.575642	0.63944	0.697416	0.697416	0.735599	0.822414	0.811252	0.822414	0.811252	0.802775	0.843397	0.951753	1.06406	1.07047	1.09225	1.12447	1.12447	1.12447	1.15117	1.15117	1.12447	1.10332	1.11701	1.19011	1.27693	1.3104	1.34246	1.33053	1.34134	1.36379	1.36379	1.36379	1.34134	1.34134	1.36379	1.36379	1.34134	1.36379	1.38425	1.39572	1.35766	1.36435	1.39572	1.37323	1.34134	1.32309	1.34134	1.34134	1.26918	1.15907	1.13322	1.22409	1.24806	1.1933	1.20091	1.1933	1.13053	1.12447	1.12447	1.07543	0.993928	0.91013	0.929948	0.962862	0.91013	0.951753	1.0166	0.938895	0.88215	0.855032	0.773862	0.689752	0.735599	0.843397	0.88215	0.855032	0.773862	0.689752	0.661636	0.661636	0.661636	0.661636	0.609004	0.49929	0.441101	0.441101	0.441101	0.441101	0.49929	0.609004	0.62865	0.523074	0.441101	0.441101	0.441101	0.441101	0.441101	0.441101	0.441101	0.441101	0.441101	0.441101	0.441101	0.389883	0.28115	0.220554	0.220554	0.220554	0.246583	0.311897	0.246583	0.220554	0.311897	0.311897	0.246583	0.311897	0.237153	0.194937	0.261526	0.140566	0.220537	0.389854	0.246571	0.174351	0.330803	0.330803	0.110269	0.220537	0.220537	0.110269	0.220537	0.281131	0.237147	0.194937	0.237147	0.1988	0.123292	0.209948	0.237147	0.123292	0.123286	0.198794	0.1988	0.123292	0.123286	0.198794	0.209959	0.311897	0.311897	0.220554	0.321501	0.397595	0.28115	0.246583	0.311897	0.246583	0.311897	0.311897	0.321501	0.419912	0.435898	0.444525	0.471091	0.558215	0.541633	0.469479	0.523074	0.593835	0.593835	0.62865	0.694144	0.768933	0.855023	0.876097	0.909291	0.909291	0.865628	0.855916	0.855916	0.855916	0.834341	0.855916	0.855916	0.773862	0.768933	0.802775	0.756983	0.74992	0.702847	0.67076
0	0	0	0	0	0	0	0.110248	0.220495	0.110248	0	0	0.110248	0.220495	0.110248	0	0	0.110248	0.220495	0.220495	0.220495	0.33074	0.220495	0.220495	0.33074	0.220495	0.110248	0.220495	0.33074	0.220495	0.110248	0.220495	0.33074	0.33074	0.33074	0.220495	0.220495	0.33074	0.220495	0.220495	0.33074	0.220495	0.110248	0.220495	0.220495	0.220495	0.220495	0.110248	0.220495	0.220495	0.220495	0.110248	0.220495	0.220495	0	0.220495	0.220495	0	0.220495	0.220495	0	0	0	0.110248	0.220495	0.220495	0.220495	0.110248	0.220495	0.220495	0.220495	0.220495	0.110248	0.220495	0.110248	0.220495	0.220495	0.220495	0.33074	0.220495	0.220495	0.220495	0.220495	0.220495	0.33074	0.33074	0.220495	0.220495	0.33074	0.33074	0.33074	0.33074	0.440982	0.33074	0.220495	0.33074	0.33074	0.33074	0.220495	0.220495	0.33074	0.33074	0.220495	0.33074	0.33074	0.220495	0.110248	0.220495	0.220495	0.220495	0.220495	0	0.220495	0.220495	0	0	0.110248	0.220495	0.110248	0.110248	0.220495	0.110248	0	0.220495	0.220495	0	0	0	0.220495	0.220495	0	0.220495	0.220495	0	0	0	0	0	0.220495	0.220495	0	0	0	0	0	0	0	0	0	0	0	0	0	0	0	0	0.220495	0.220495	0	0	0	0	0	0	0	0	0	0	0	0	0	0	0	0	0.110248	0.220495	0.110248	0	0.220495	0.220495	0.110248	0.220495	0.110248	0.110248	0.220495	0.110248	0.220495	0.440982	0.220495	0.110248	0.33074	0.33074	0.110248	0.220495	0.220495	0.110248	0.220495	0.33074	0.220495	0.110248	0.220495	0.110248	0	0.220495	0.220495	0	0.110248	0.220495	0.110248	0	0.110248	0.220495	0.110248	0.220495	0.220495	0	0.220495	0.220495	0	0.110248	0.220495	0.110248	0.220495	0.220495	0.220495	0.220495	0.110248	0.220495	0.220495	0.220495	0.110248	0	0.220495	0.220495	0.220495	0.220495	0.110248	0.220495	0.33074	0.220495	0.220495	0.220495	0.110248	0.220495	0.220495	0.220495	0.110248	0.220495	0.220495	0	0.220495	0.220495	0.110248	0.220495	0.110248	0.110248
0	0	0	0	0	0	0	0.110226	0.220452	0.110226	0	0	0.110226	0.220452	0.110226	0	0	0.110226	0.220452	0.220452	0.220452	0.330676	0.220452	0.220452	0.330676	0.220452	0.110226	0.220452	0.330676	0.220452	0.110226	0.220452	0.330676	0.330676	0.330676	0.220452	0.220452	0.330676	0.220452	0.220452	0.330676	0.220452	0.110226	0.220452	0.220452	0.220452	0.220452	0.110226	0.220452	0.220452	0.220452	0.110226	0.220452	0.220452	0	0.220452	0.220452	0	0.220452	0.220452	0	0	0	0.110226	0.220452	0.220452	0.220452	0.110226	0.220452	0.220452	0.220452	0.220452	0.110226	0.220452	0.110226	0.220452	0.220452	0.220452	0.330676	0.220452	0.220452	0.220452	0.220452	0.220452	0.330676	0.330676	0.220452	0.220452	0.330676	0.330676	0.330676	0.330676	0.440898	0.330676	0.220452	0.330676	0.330676	0.330676	0.220452	0.220452	0.330676	0.330676	0.220452	0.330676	0.330676	0.220452	0.110226	0.220452	0.220452	0.220452	0.220452	0	0.220452	0.220452	0	0	0.110226	0.220452	0.110226	0.110226	0.220452	0.110226	0	0.220452	0.220452	0	0	0	0.220452	0.220452	0	0.220452	0.220452	0	0	0	0	0	0.220452	0.220452	0	0	0	0	0	0	0	0	0	0	0	0	0	0	0	0	0.220452	0.220452	0	0	0	0	0	0	0	0	0	0	0	0	0	0	0	0	0.110226	0.220452	0.110226	0	0.220452	0.220452	0.110226	0.220452	0.110226	0.110226	0.220452	0.110226	0.220452	0.440898	0.220452	0.110226	0.330676	0.330676	0.110226	0.220452	0.220452	0.110226	0.220452	0.330676	0.220452	0.110226	0.220452	0.110226	0	0.220452	0.220452	0	0.110226	0.220452	0.110226	0	0.110226	0.220452	0.110226	0.220452	0.220452	0	0.220452	0.220452	0	0.110226	0.220452	0.110226	0.220452	0.220452	0.220452	0.220452	0.110226	0.220452	0.220452	0.220452	0.110226	0	0.220452	0.220452	0.220452	0.220452	0.110226	0.220452	0.330676	0.220452	0.220452	0.220452	0.110226	0.220452	0.220452	0.220452	0.110226	0.220452	0.220452	0	0.220452	0.220452	0.110226	0.220452	0.110226	0.110226
0	0	0	0	0	0	0	0.110205	0.22041	0.110205	0	0	0.110205	0.22041	0.110205	0	0	0.110205	0.22041	0.22041	0.22041	0.330612	0.22041	0.22041	0.330612	0.22041	0.110205	0.22041	0.330612	0.22041	0.110205	0.22041	0.330612	0.330612	0.330612	0.22041	0.22041	0.330612	0.22041	0.22041	0.330612	0.22041	0.110205	0.22041	0.22041	0.22041	0.22041	0.110205	0.22041	0.22041	0.22041	0.110205	0.22041	0.22041	0	0.22041	0.22041	0	0.22041	0.22041	0	0	0	0.110205	0.22041	0.22041	0.22041	0.110205	0.22041	0.22041	0.22041	0.22041	0.110205	0.22041	0.110205	0.22041	0.22041	0.22041	0.330612	0.22041	0.22041	0.22041	0.22041	0.22041	0.330612	0.330612	0.22041	0.22041	0.330612	0.330612	0.330612	0.330612	0.440813	0.330612	0.22041	0.330612	0.330612	0.330612	0.22041	0.22041	0.330612	0.330612	0.22041	0.330612	0.330612	0.22041	0.110205	0.22041	0.22041	0.22041	0.22041	0	0.22041	0.22041	0	0	0.110205	0.22041	0.110205	0.110205	0.22041	0.110205	0	0.22041	0.22041	0	0	0	0.22041	0.22041	0	0.22041	0.22041	0	0	0	0	0	0.22041	0.22041	0	0	0	0	0	0	0	0	0	0	0	0	0	0	0	0	0.22041	0.22041	0	0	0	0	0	0	0	0	0	0	0	0	0	0	0	0	0.110205	0.22041	0.110205	0	0.22041	0.22041	0.110205	0.22041	0.110205	0.110205	0.22041	0.110205	0.22041	0.440813	0.22041	0.110205	0.330612	0.330612	0.110205	0.22041	0.22041	0.110205	0.22041	0.330612	0.22041	0.110205	0.22041	0.110205	0	0.22041	0.22041	0	0.110205	0.22041	0.110205	0	0.110205	0.22041	0.110205	0.22041	0.22041	0	0.22041	0.22041	0	0.110205	0.22041	0.110205	0.22041	0.22041	0.22041	0.22041	0.110205	0.22041	0.22041	0.22041	0.110205	0	0.22041	0.22041	0.22041	0.22041	0.110205	0.22041	0.330612	0.22041	0.22041	0.22041	0.110205	0.22041	0.22041	0.22041	0.110205	0.22041	0.22041	0	0.22041	0.22041	0.110205	0.22041	0.110205	0.110205
0	0	0	0	0	0	0	0.110185	0.220369	0.110185	0	0	0.110185	0.220369	0.110185	0	0	0.110185	0.220369	0.220369	0.220369	0.330551	0.220369	0.220369	0.330551	0.220369	0.110185	0.220369	0.330551	0.220369	0.110185	0.220369	0.330551	0.330551	0.330551	0.220369	0.220369	0.330551	0.220369	0.220369	0.330551	0.220369	0.110185	0.220369	0.220369	0.220369	0.220369	0.110185	0.220369	0.220369	0.220369	0.110185	0.220369	0.220369	0	0.220369	0.220369	0	0.220369	0.220369	0	0	0	0.110185	0.220369	0.220369	0.220369	0.110185	0.220369	0.220369	0.220369	0.220369	0.110185	0.220369	0.110185	0.220369	0.220369	0.220369	0.330551	0.220369	0.220369	0.220369	0.220369	0.220369	0.330551	0.330551	0.220369	0.220369	0.330551	0.330551	0.330551	0.330551	0.440731	0.330551	0.220369	0.330551	0.330551	0.330551	0.220369	0.220369	0.330551	0.330551	0.220369	0.330551	0.330551	0.220369	0.110185	0.220369	0.220369	0.220369	0.220369	0	0.220369	0.220369	0	0	0.110185	0.220369	0.110185	0.110185	0.220369	0.110185	0	0.220369	0.220369	0	0	0	0.220369	0.220369	0	0.220369	0.220369	0	0	0	0	0	0.220369	0.220369	0	0	0	0	0	0	0	0	0	0	0	0	0	0	0	0	0.220369	0.220369	0	0	0	0	0	0	0	0	0	0	0	0	0	0	0	0	0.110185	0.220369	0.110185	0	0.220369	0.220369	0.110185	0.220369	0.110185	0.110185	0.220369	0.110185	0.220369	0.440731	0.220369	0.110185	0.330551	0.330551	0.110185	0.220369	0.220369	0.110185	0.220369	0.330551	0.220369	0.110185	0.220369	0.110185	0	0.220369	0.220369	0	0.110185	0.220369	0.110185	0	0.110185	0.220369	0.110185	0.220369	0.220369	0	0.220369	0.220369	0	0.110185	0.220369	0.110185	0.220369	0.220369	0.220369	0.220369	0.110185	0.220369	0.220369	0.220369	0.110185	0	0.220369	0.220369	0.220369	0.220369	0.110185	0.220369	0.330551	0.220369	0.220369	0.220369	0.110185	0.220369	0.220369	0.220369	0.110185	0.220369	0.220369	0	0.220369	0.220369	0.110185	0.220369	0.110185	0.110185
0	0	0	0	0	0	0	0.110164	0.220327	0.110164	0	0	0.110164	0.220327	0.110164	0	0	0.110164	0.220327	0.220327	0.220327	0.330488	0.220327	0.220327	0.330488	0.220327	0.110164	0.220327	0.330488	0.220327	0.110164	0.220327	0.330488	0.330488	0.330488	0.220327	0.220327	0.330488	0.220327	0.220327	0.330488	0.220327	0.110164	0.220327	0.220327	0.220327	0.220327	0.110164	0.220327	0.220327	0.220327	0.110164	0.220327	0.220327	0	0.220327	0.220327	0	0.220327	0.220327	0	0	0	0.110164	0.220327	0.220327	0.220327	0.110164	0.220327	0.220327	0.220327	0.220327	0.110164	0.220327	0.110164	0.220327	0.220327	0.220327	0.330488	0.220327	0.220327	0.220327	0.220327	0.220327	0.330488	0.330488	0.220327	0.220327	0.330488	0.330488	0.330488	0.330488	0.440647	0.330488	0.220327	0.330488	0.330488	0.330488	0.220327	0.220327	0.330488	0.330488	0.220327	0.330488	0.330488	0.220327	0.110164	0.220327	0.220327	0.220327	0.220327	0	0.220327	0.220327	0	0	0.110164	0.220327	0.110164	0.110164	0.220327	0.110164	0	0.220327	0.220327	0	0	0	0.220327	0.220327	0	0.220327	0.220327	0	0	0	0	0	0.220327	0.220327	0	0	0	0	0	0	0	0	0	0	0	0	0	0	0	0	0.220327	0.220327	0	0	0	0	0	0	0	0	0	0	0	0	0	0	0	0	0.110164	0.220327	0.110164	0	0.220327	0.220327	0.110164	0.220327	0.110164	0.110164	0.220327	0.110164	0.220327	0.440647	0.220327	0.110164	0.330488	0.330488	0.110164	0.220327	0.220327	0.110164	0.220327	0.330488	0.220327	0.110164	0.220327	0.110164	0	0.220327	0.220327	0	0.110164	0.220327	0.110164	0	0.110164	0.220327	0.110164	0.220327	0.220327	0	0.220327	0.220327	0	0.110164	0.220327	0.110164	0.220327	0.220327	0.220327	0.220327	0.110164	0.220327	0.220327	0.220327	0.110164	0	0.220327	0.220327	0.220327	0.220327	0.110164	0.220327	0.330488	0.220327	0.220327	0.220327	0.110164	0.220327	0.220327	0.220327	0.110164	0.220327	0.220327	0	0.220327	0.220327	0.110164	0.220327	0.110164	0.110164
0	0	0	0	0	0	0	0.110143	0.220284	0.110143	0	0	0.110143	0.220284	0.110143	0	0	0.110143	0.220284	0.220284	0.220284	0.330424	0.220284	0.220284	0.330424	0.220284	0.110143	0.220284	0.330424	0.220284	0.110143	0.220284	0.330424	0.330424	0.330424	0.220284	0.220284	0.330424	0.220284	0.220284	0.330424	0.220284	0.110143	0.220284	0.220284	0.220284	0.220284	0.110143	0.220284	0.220284	0.220284	0.110143	0.220284	0.220284	0	0.220284	0.220284	0	0.220284	0.220284	0	0	0	0.110143	0.220284	0.220284	0.220284	0.110143	0.220284	0.220284	0.220284	0.220284	0.110143	0.220284	0.110143	0.220284	0.220284	0.220284	0.330424	0.220284	0.220284	0.220284	0.220284	0.220284	0.330424	0.330424	0.220284	0.220284	0.330424	0.330424	0.330424	0.330424	0.440562	0.330424	0.220284	0.330424	0.330424	0.330424	0.220284	0.220284	0.330424	0.330424	0.220284	0.330424	0.330424	0.220284	0.110143	0.220284	0.220284	0.220284	0.220284	0	0.220284	0.220284	0	0	0.110143	0.220284	0.110143	0.110143	0.220284	0.110143	0	0.220284	0.220284	0	0	0	0.220284	0.220284	0	0.220284	0.220284	0	0	0	0	0	0.220284	0.220284	0	0	0	0	0	0	0	0	0	0	0	0	0	0	0	0	0.220284	0.220284	0	0	0	0	0	0	0	0	0	0	0	0	0	0	0	0	0.110143	0.220284	0.110143	0	0.220284	0.220284	0.110143	0.220284	0.110143	0.110143	0.220284	0.110143	0.220284	0.440562	0.220284	0.110143	0.330424	0.330424	0.110143	0.220284	0.220284	0.110143	0.220284	0.330424	0.220284	0.110143	0.220284	0.110143	0	0.220284	0.220284	0	0.110143	0.220284	0.110143	0	0.110143	0.220284	0.110143	0.220284	0.220284	0	0.220284	0.220284	0	0.110143	0.220284	0.110143	0.220284	0.220284	0.220284	0.220284	0.110143	0.220284	0.220284	0.220284	0.110143	0	0.220284	0.220284	0.220284	0.220284	0.110143	0.220284	0.330424	0.220284	0.220284	0.220284	0.110143	0.220284	0.220284	0.220284	0.110143	0.220284	0.220284	0	0.220284	0.220284	0.110143	0.220284	0.110143	0.110143
0.88097	0.88097	0.88097	0.88097	0.88097	0.88097	0.88097	0.85743	0.788358	0.755971	0.82775	0.88097	0.887824	0.908075	0.887824	0.908913	0.992599	1.0519	1.06904	1.06904	1.00474	0.957623	0.908075	0.908075	0.905564	0.821313	0.810167	0.888673	0.905564	0.854771	0.864471	0.908075	0.905564	0.818537	0.78835	0.783534	0.767905	0.679964	0.593041	0.593041	0.5669	0.492497	0.487862	0.542304	0.50616	0.492497	0.492497	0.454066	0.492497	0.492497	0.492497	0.454066	0.41935	0.397064	0.389362	0.41935	0.397064	0.389362	0.492497	0.492497	0.468851	0.553379	0.693216	0.810167	0.821313	0.835944	0.888673	0.887824	0.908075	0.941666	0.961574	0.994882	1.05907	1.12296	1.16794	1.26329	1.28529	1.3173	1.36197	1.33954	1.33954	1.37139	1.4576	1.53406	1.57642	1.60922	1.67426	1.75161	1.7922	1.7922	1.7922	1.7922	1.74944	1.68417	1.69716	1.70606	1.65195	1.63026	1.64275	1.69716	1.77052	1.7922	1.77522	1.76023	1.70606	1.63536	1.57113	1.55709	1.55709	1.49556	1.38623	1.34912	1.39386	1.36253	1.32133	1.32133	1.29644	1.25366	1.24639	1.27106	1.22245	1.1317	1.10116	1.05907	0.95048	0.88097	0.88097	0.88097	0.842269	0.767905	0.772827	0.821313	0.734615	0.660751	0.660751	0.660751	0.660751	0.660751	0.627809	0.522374	0.440511	0.440511	0.440511	0.440511	0.440511	0.440511	0.440511	0.440511	0.440511	0.440511	0.440511	0.440511	0.440511	0.440511	0.440511	0.440511	0.522374	0.593041	0.498622	0.440511	0.440511	0.440511	0.440511	0.413897	0.334943	0.249316	0.220259	0.220259	0.220259	0.220259	0.220259	0.220259	0.220259	0.249316	0.332668	0.358967	0.261192	0.280774	0.397064	0.321071	0.209678	0.275309	0.236836	0.246253	0.31148	0.246253	0.31148	0.492474	0.31148	0.246253	0.397052	0.397052	0.246253	0.31148	0.31148	0.246253	0.31148	0.358955	0.275309	0.198534	0.275309	0.236836	0.220259	0.31148	0.31148	0.249316	0.332668	0.397064	0.383474	0.413897	0.487862	0.542304	0.540909	0.593041	0.557468	0.553379	0.60943	0.557468	0.553379	0.648008	0.696483	0.669863	0.661892	0.644486	0.60943	0.593041	0.594321	0.60943	0.593041	0.593041	0.594321	0.63382	0.696483	0.766913	0.801701	0.801701	0.810167	0.821313	0.802642	0.748917	0.748917	0.714744	0.701906	0.783534	0.801701	0.767905	0.724227	0.748917	0.748917	0.772827	0.821313	0.801701	0.810167	0.854771	0.864471	0.887824
0.880801	0.880801	0.880801	0.880801	0.880801	0.880801	0.880801	0.853724	0.772678	0.767757	0.842107	0.880801	0.887654	0.9079	0.887654	0.912066	1.00454	1.05169	1.06884	1.06884	0.992408	0.941485	0.9079	0.9079	0.888502	0.810011	0.821156	0.90539	0.888502	0.854606	0.874757	0.9079	0.888502	0.788207	0.788199	0.802488	0.755825	0.638461	0.592927	0.592927	0.522273	0.492402	0.506063	0.5422	0.487768	0.492402	0.492402	0.453979	0.492402	0.492402	0.492402	0.453979	0.389287	0.396987	0.419269	0.389287	0.396987	0.419269	0.492402	0.492402	0.475181	0.574762	0.73137	0.821156	0.810011	0.853716	0.90539	0.887654	0.9079	0.957439	0.96139	1.0098	1.08151	1.12275	1.18829	1.27498	1.28504	1.3285	1.36171	1.33928	1.33928	1.38213	1.48205	1.5436	1.57612	1.62203	1.6955	1.75989	1.79185	1.79185	1.79185	1.79185	1.72822	1.68385	1.70573	1.69684	1.64244	1.62995	1.65163	1.70573	1.78211	1.79185	1.77488	1.75127	1.69684	1.62949	1.5689	1.55679	1.55679	1.48715	1.3772	1.35111	1.39359	1.35558	1.32107	1.32107	1.29385	1.24615	1.25342	1.27082	1.21227	1.1288	1.10095	1.04736	0.937459	0.880801	0.880801	0.880801	0.827591	0.755825	0.788207	0.810011	0.717784	0.660624	0.660624	0.660624	0.660624	0.660624	0.608073	0.498526	0.440427	0.440427	0.440427	0.440427	0.440427	0.440427	0.440427	0.440427	0.440427	0.440427	0.440427	0.440427	0.440427	0.440427	0.440427	0.440427	0.498526	0.592927	0.522273	0.440427	0.440427	0.440427	0.440427	0.421076	0.369305	0.261142	0.220217	0.220217	0.220217	0.220217	0.220217	0.220217	0.220217	0.261142	0.358898	0.332604	0.249268	0.32101	0.396987	0.28072	0.194646	0.275256	0.272493	0.246205	0.31142	0.246205	0.31142	0.492379	0.31142	0.246205	0.396975	0.396975	0.246205	0.31142	0.31142	0.246205	0.31142	0.31384	0.275256	0.198496	0.275256	0.272493	0.220217	0.31142	0.31142	0.261142	0.358898	0.396987	0.40642	0.421076	0.506063	0.5422	0.557361	0.592927	0.540805	0.574762	0.594207	0.540805	0.574762	0.661765	0.69635	0.669734	0.647884	0.644362	0.594207	0.592927	0.609313	0.594207	0.592927	0.592927	0.609313	0.638461	0.69635	0.8128	0.801547	0.801547	0.821156	0.810011	0.783383	0.748773	0.748773	0.701772	0.714607	0.802488	0.801547	0.755825	0.724088	0.748773	0.748773	0.788207	0.810011	0.801547	0.821156	0.854606	0.874757	0.887654
0	0	0	0	0	0	0	0	0	0.220159	0.220159	0	0.11008	0.220159	0.11008	0.11008	0.220159	0.11008	0.220159	0.220159	0	0.220159	0.220159	0.220159	0.220159	0.11008	0.220159	0.330236	0.220159	0.220159	0.220159	0.220159	0.220159	0.11008	0.330236	0.330236	0.11008	0	0.220159	0.220159	0.11008	0.220159	0.220159	0.220159	0.11008	0.220159	0.220159	0.11008	0.220159	0.220159	0.220159	0.11008	0	0.220159	0.220159	0	0.220159	0.220159	0.220159	0.220159	0.11008	0.220159	0.330236	0.220159	0.11008	0.330236	0.330236	0.11008	0.220159	0.330236	0.220159	0.330236	0.330236	0.220159	0.330236	0.330236	0.220159	0.330236	0.330236	0.220159	0.220159	0.330236	0.440311	0.330236	0.330236	0.440311	0.440311	0.330236	0.330236	0.330236	0.330236	0.330236	0.220159	0.330236	0.330236	0.220159	0.220159	0.330236	0.330236	0.330236	0.440311	0.330236	0.220159	0.220159	0.220159	0.11008	0	0.220159	0.220159	0	0	0.11008	0.220159	0.11008	0	0	0	0.11008	0.220159	0.11008	0	0	0	0	0	0	0	0	0	0.11008	0.220159	0.11008	0	0	0	0	0	0	0	0	0	0	0	0	0	0	0	0	0	0	0	0	0	0	0	0	0	0.220159	0.220159	0	0	0	0	0.11008	0.220159	0.11008	0	0	0	0	0	0	0	0.11008	0.220159	0.11008	0	0.220159	0.220159	0	0	0.220159	0.220159	0.11008	0.220159	0.11008	0.220159	0.440311	0.220159	0.11008	0.330236	0.330236	0.11008	0.220159	0.220159	0.11008	0.220159	0.220159	0.220159	0.11008	0.220159	0.220159	0	0.220159	0.220159	0.11008	0.220159	0.220159	0.220159	0.11008	0.220159	0.220159	0.220159	0.220159	0.11008	0.220159	0.11008	0.11008	0.220159	0.220159	0.220159	0.11008	0.11008	0.220159	0.11008	0.220159	0.220159	0.11008	0.220159	0.220159	0.220159	0.11008	0.220159	0.440311	0.220159	0.220159	0.220159	0.11008	0.220159	0.220159	0.220159	0.11008	0.220159	0.330236	0.220159	0.11008	0.11008	0.220159	0.220159	0.220159	0.11008	0.220159	0.220159	0.220159	0.220159	0.11008
0	0	0	0	0	0	0	0	0	0.220117	0.220117	0	0.110059	0.220117	0.110059	0.110059	0.220117	0.110059	0.220117	0.220117	0	0.220117	0.220117	0.220117	0.220117	0.110059	0.220117	0.330173	0.220117	0.220117	0.220117	0.220117	0.220117	0.110059	0.330173	0.330173	0.110059	0	0.220117	0.220117	0.110059	0.220117	0.220117	0.220117	0.110059	0.220117	0.220117	0.110059	0.220117	0.220117	0.220117	0.110059	0	0.220117	0.220117	0	0.220117	0.220117	0.220117	0.220117	0.110059	0.220117	0.330173	0.220117	0.110059	0.330173	0.330173	0.110059	0.220117	0.330173	0.220117	0.330173	0.330173	0.220117	0.330173	0.330173	0.220117	0.330173	0.330173	0.220117	0.220117	0.330173	0.440227	0.330173	0.330173	0.440227	0.440227	0.330173	0.330173	0.330173	0.330173	0.330173	0.220117	0.330173	0.330173	0.220117	0.220117	0.330173	0.330173	0.330173	0.440227	0.330173	0.220117	0.220117	0.220117	0.110059	0	0.220117	0.220117	0	0	0.110059	0.220117	0.110059	0	0	0	0.110059	0.220117	0.110059	0	0	0	0	0	0	0	0	0	0.110059	0.220117	0.110059	0	0	0	0	0	0	0	0	0	0	0	0	0	0	0	0	0	0	0	0	0	0	0	0	0	0.220117	0.220117	0	0	0	0	0.110059	0.220117	0.110059	0	0	0	0	0	0	0	0.110059	0.220117	0.110059	0	0.220117	0.220117	0	0	0.220117	0.220117	0.110059	0.220117	0.110059	0.220117	0.440227	0.220117	0.110059	0.330173	0.330173	0.110059	0.220117	0.220117	0.110059	0.220117	0.220117	0.220117	0.110059	0.220117	0.220117	0	0.220117	0.220117	0.110059	0.220117	0.220117	0.220117	0.110059	0.220117	0.220117	0.220117	0.220117	0.110059	0.220117	0.110059	0.110059	0.220117	0.220117	0.220117	0.110059	0.110059	0.220117	0.110059	0.220117	0.220117	0.110059	0.220117	0.220117	0.220117	0.110059	0.220117	0.440227	0.220117	0.220117	0.220117	0.110059	0.220117	0.220117	0.220117	0.110059	0.220117	0.330173	0.220117	0.110059	0.110059	0.220117	0.220117	0.220117	0.110059	0.220117	0.220117	0.220117	0.220117	0.110059
0	0	0	0	0	0	0	0	0	0.220074	0.220074	0	0.110038	0.220074	0.110038	0.110038	0.220074	0.110038	0.220074	0.220074	0	0.220074	0.220074	0.220074	0.220074	0.110038	0.220074	0.33011	0.220074	0.220074	0.220074	0.220074	0.220074	0.110038	0.33011	0.33011	0.110038	0	0.220074	0.220074	0.110038	0.220074	0.220074	0.220074	0.110038	0.220074	0.220074	0.110038	0.220074	0.220074	0.220074	0.110038	0	0.220074	0.220074	0	0.220074	0.220074	0.220074	0.220074	0.110038	0.220074	0.33011	0.220074	0.110038	0.33011	0.33011	0.110038	0.220074	0.33011	0.220074	0.33011	0.33011	0.220074	0.33011	0.33011	0.220074	0.33011	0.33011	0.220074	0.220074	0.33011	0.440142	0.33011	0.33011	0.440142	0.440142	0.33011	0.33011	0.33011	0.33011	0.33011	0.220074	0.33011	0.33011	0.220074	0.220074	0.33011	0.33011	0.33011	0.440142	0.33011	0.220074	0.220074	0.220074	0.110038	0	0.220074	0.220074	0	0	0.110038	0.220074	0.110038	0	0	0	0.110038	0.220074	0.110038	0	0	0	0	0	0	0	0	0	0.110038	0.220074	0.110038	0	0	0	0	0	0	0	0	0	0	0	0	0	0	0	0	0	0	0	0	0	0	0	0	0	0.220074	0.220074	0	0	0	0	0.110038	0.220074	0.110038	0	0	0	0	0	0	0	0.110038	0.220074	0.110038	0	0.220074	0.220074	0	0	0.220074	0.220074	0.110038	0.220074	0.110038	0.220074	0.440142	0.220074	0.110038	0.33011	0.33011	0.110038	0.220074	0.220074	0.110038	0.220074	0.220074	0.220074	0.110038	0.220074	0.220074	0	0.220074	0.220074	0.110038	0.220074	0.220074	0.220074	0.110038	0.220074	0.220074	0.220074	0.220074	0.110038	0.220074	0.110038	0.110038	0.220074	0.220074	0.220074	0.110038	0.110038	0.220074	0.110038	0.220074	0.220074	0.110038	0.220074	0.220074	0.220074	0.110038	0.220074	0.440142	0.220074	0.220074	0.220074	0.110038	0.220074	0.220074	0.220074	0.110038	0.220074	0.33011	0.220074	0.110038	0.110038	0.220074	0.220074	0.220074	0.110038	0.220074	0.220074	0.220074	0.220074	0.110038
0	0	0	0	0	0	0	0	0	0.220032	0.220032	0	0.110016	0.220032	0.110016	0.110016	0.220032	0.110016	0.220032	0.220032	0	0.220032	0.220032	0.220032	0.220032	0.110016	0.220032	0.330046	0.220032	0.220032	0.220032	0.220032	0.220032	0.110016	0.330046	0.330046	0.110016	0	0.220032	0.220032	0.110016	0.220032	0.220032	0.220032	0.110016	0.220032	0.220032	0.110016	0.220032	0.220032	0.220032	0.110016	0	0.220032	0.220032	0	0.220032	0.220032	0.220032	0.220032	0.110016	0.220032	0.330046	0.220032	0.110016	0.330046	0.330046	0.110016	0.220032	0.330046	0.220032	0.330046	0.330046	0.220032	0.330046	0.330046	0.220032	0.330046	0.330046	0.220032	0.220032	0.330046	0.440058	0.330046	0.330046	0.440058	0.440058	0.330046	0.330046	0.330046	0.330046	0.330046	0.220032	0.330046	0.330046	0.220032	0.220032	0.330046	0.330046	0.330046	0.440058	0.330046	0.220032	0.220032	0.220032	0.110016	0	0.220032	0.220032	0	0	0.110016	0.220032	0.110016	0	0	0	0.110016	0.220032	0.110016	0	0	0	0	0	0	0	0	0	0.110016	0.220032	0.110016	0	0	0	0	0	0	0	0	0	0	0	0	0	0	0	0	0	0	0	0	0	0	0	0	0	0.220032	0.220032	0	0	0	0	0.110016	0.220032	0.110016	0	0	0	0	0	0	0	0.110016	0.220032	0.110016	0	0.220032	0.220032	0	0	0.220032	0.220032	0.110016	0.220032	0.110016	0.220032	0.440058	0.220032	0.110016	0.330046	0.330046	0.110016	0.220032	0.220032	0.110016	0.220032	0.220032	0.220032	0.110016	0.220032	0.220032	0	0.220032	0.220032	0.110016	0.220032	0.220032	0.220032	0.110016	0.220032	0.220032	0.220032	0.220032	0.110016	0.220032	0.110016	0.110016	0.220032	0.220032	0.220032	0.110016	0.110016	0.220032	0.110016	0.220032	0.220032	0.110016	0.220032	0.220032	0.220032	0.110016	0.220032	0.440058	0.220032	0.220032	0.220032	0.110016	0.220032	0.220032	0.220032	0.110016	0.220032	0.330046	0.220032	0.110016	0.110016	0.220032	0.220032	0.220032	0.110016	0.220032	0.220032	0.220032	0.220032	0.110016
0	0	0	0	0	0	0	0	0	0.21999	0.21999	0	0.109995	0.21999	0.109995	0.109995	0.21999	0.109995	0.21999	0.21999	0	0.21999	0.21999	0.21999	0.21999	0.109995	0.21999	0.329983	0.21999	0.21999	0.21999	0.21999	0.21999	0.109995	0.329983	0.329983	0.109995	0	0.21999	0.21999	0.109995	0.21999	0.21999	0.21999	0.109995	0.21999	0.21999	0.109995	0.21999	0.21999	0.21999	0.109995	0	0.21999	0.21999	0	0.21999	0.21999	0.21999	0.21999	0.109995	0.21999	0.329983	0.21999	0.109995	0.329983	0.329983	0.109995	0.21999	0.329983	0.21999	0.329983	0.329983	0.21999	0.329983	0.329983	0.21999	0.329983	0.329983	0.21999	0.21999	0.329983	0.439973	0.329983	0.329983	0.439973	0.439973	0.329983	0.329983	0.329983	0.329983	0.329983	0.21999	0.329983	0.329983	0.21999	0.21999	0.329983	0.329983	0.329983	0.439973	0.329983	0.21999	0.21999	0.21999	0.109995	0	0.21999	0.21999	0	0	0.109995	0.21999	0.109995	0	0	0	0.109995	0.21999	0.109995	0	0	0	0	0	0	0	0	0	0.109995	0.21999	0.109995	0	0	0	0	0	0	0	0	0	0	0	0	0	0	0	0	0	0	0	0	0	0	0	0	0	0.21999	0.21999	0	0	0	0	0.109995	0.21999	0.109995	0	0	0	0	0	0	0	0.109995	0.21999	0.109995	0	0.21999	0.21999	0	0	0.21999	0.21999	0.109995	0.21999	0.109995	0.21999	0.439973	0.21999	0.109995	0.329983	0.329983	0.109995	0.21999	0.21999	0.109995	0.21999	0.21999	0.21999	0.109995	0.21999	0.21999	0	0.21999	0.21999	0.109995	0.21999	0.21999	0.21999	0.109995	0.21999	0.21999	0.21999	0.21999	0.109995	0.21999	0.109995	0.109995	0.21999	0.21999	0.21999	0.109995	0.109995	0.21999	0.109995	0.21999	0.21999	0.109995	0.21999	0.21999	0.21999	0.109995	0.21999	0.439973	0.21999	0.21999	0.21999	0.109995	0.21999	0.21999	0.21999	0.109995	0.21999	0.329983	0.21999	0.109995	0.109995	0.21999	0.21999	0.21999	0.109995	0.21999	0.21999	0.21999	0.21999	0.109995
0	0	0	0	0	0	0	0	0	0.219949	0.219949	0	0.109975	0.219949	0.109975	0.109975	0.219949	0.109975	0.219949	0.219949	0	0.219949	0.219949	0.219949	0.219949	0.109975	0.219949	0.329922	0.219949	0.219949	0.219949	0.219949	0.219949	0.109975	0.329922	0.329922	0.109975	0	0.219949	0.219949	0.109975	0.219949	0.219949	0.219949	0.109975	0.219949	0.219949	0.109975	0.219949	0.219949	0.219949	0.109975	0	0.219949	0.219949	0	0.219949	0.219949	0.219949	0.219949	0.109975	0.219949	0.329922	0.219949	0.109975	0.329922	0.329922	0.109975	0.219949	0.329922	0.219949	0.329922	0.329922	0.219949	0.329922	0.329922	0.219949	0.329922	0.329922	0.219949	0.219949	0.329922	0.439892	0.329922	0.329922	0.439892	0.439892	0.329922	0.329922	0.329922	0.329922	0.329922	0.219949	0.329922	0.329922	0.219949	0.219949	0.329922	0.329922	0.329922	0.439892	0.329922	0.219949	0.219949	0.219949	0.109975	0	0.219949	0.219949	0	0	0.109975	0.219949	0.109975	0	0	0	0.109975	0.219949	0.109975	0	0	0	0	0	0	0	0	0	0.109975	0.219949	0.109975	0	0	0	0	0	0	0	0	0	0	0	0	0	0	0	0	0	0	0	0	0	0	0	0	0	0.219949	0.219949	0	0	0	0	0.109975	0.219949	0.109975	0	0	0	0	0	0	0	0.109975	0.219949	0.109975	0	0.219949	0.219949	0	0	0.219949	0.219949	0.109975	0.219949	0.109975	0.219949	0.439892	0.219949	0.109975	0.329922	0.329922	0.109975	0.219949	0.219949	0.109975	0.219949	0.219949	0.219949	0.109975	0.219949	0.219949	0	0.219949	0.219949	0.109975	0.219949	0.219949	0.219949	0.109975	0.219949	0.219949	0.219949	0.219949	0.109975	0.219949	0.109975	0.109975	0.219949	0.219949	0.219949	0.109975	0.109975	0.219949	0.109975	0.219949	0.219949	0.109975	0.219949	0.219949	0.219949	0.109975	0.219949	0.439892	0.219949	0.219949	0.219949	0.109975	0.219949	0.219949	0.219949	0.109975	0.219949	0.329922	0.219949	0.109975	0.109975	0.219949	0.219949	0.219949	0.109975	0.219949	0.219949	0.219949	0.219949	0.109975
0.329884	0.329884	0.329884	0.343904	0.385844	0.426319	0.439842	0.439842	0.468138	0.54148	0.523385	0.495582	0.533755	0.548758	0.523389	0.550137	0.592139	0.560682	0.592139	0.592139	0.577938	0.643507	0.625948	0.617745	0.617745	0.603832	0.625948	0.646137	0.592139	0.592139	0.592139	0.55662	0.523385	0.496722	0.556613	0.492127	0.39119	0.413268	0.455035	0.443256	0.417359	0.448764	0.443256	0.424535	0.373905	0.41961	0.400727	0.365214	0.41961	0.400727	0.39646	0.347725	0.358429	0.462036	0.467323	0.426319	0.491748	0.510224	0.516481	0.498237	0.470149	0.553213	0.617738	0.566709	0.550137	0.641147	0.660019	0.620191	0.686952	0.737599	0.695425	0.737599	0.737599	0.712861	0.762283	0.780645	0.782343	0.83738	0.873587	0.887322	0.923413	1.00056	1.05781	1.01704	1.03453	1.06475	1.05781	1.03453	1.02573	0.999621	1.00865	1.03453	1.0137	1.04307	1.04307	1.0137	1.0137	1.04307	1.04307	1.00846	0.978227	0.896004	0.83671	0.8101	0.800483	0.777504	0.769692	0.800483	0.800483	0.769692	0.756074	0.704336	0.643802	0.571693	0.549796	0.549796	0.549796	0.544616	0.548758	0.506887	0.481271	0.453794	0.439842	0.439842	0.439842	0.439842	0.439842	0.439842	0.439842	0.436823	0.430282	0.356843	0.329884	0.329884	0.329884	0.329884	0.329884	0.303641	0.248937	0.219924	0.219924	0.219924	0.219924	0.219924	0.219924	0.219924	0.219924	0.219924	0.219924	0.219924	0.219924	0.219924	0.219924	0.219924	0.219924	0.219924	0.194387	0.274891	0.272131	0.219924	0.219924	0.219924	0.219924	0.245879	0.311006	0.245879	0.219924	0.219924	0.219924	0.219924	0.219924	0.219924	0.219924	0.227521	0.253438	0.156716	0.124469	0.25933	0.24043	0.109962	0.124469	0.25933	0.25933	0.195351	0.255663	0.195351	0.313423	0.455013	0.255663	0.195351	0.350412	0.339458	0.174942	0.25933	0.24043	0.174942	0.25933	0.25933	0.25933	0.17602	0.25933	0.278304	0.226691	0.352037	0.332725	0.288972	0.371362	0.393109	0.39646	0.382891	0.443256	0.424535	0.41961	0.400727	0.347725	0.39646	0.347725	0.365214	0.41961	0.400727	0.39646	0.347725	0.365214	0.41961	0.39119	0.443256	0.424535	0.39119	0.443256	0.443256	0.424535	0.39119	0.443256	0.545633	0.39646	0.358422	0.332725	0.288972	0.352037	0.352037	0.332725	0.2527	0.311006	0.377408	0.292214	0.259339	0.288972	0.332725	0.331016	0.331016	0.288972	0.371362	0.373898	0.373898	0.373898	0.339477
0.65962	0.65962	0.65962	0.689296	0.777355	0.853754	0.879463	0.879463	0.940862	1.0135	0.975924	0.995461	1.0501	1.03013	1.03013	1.08441	1.12104	1.10476	1.12104	1.12104	1.15945	1.22899	1.19315	1.17497	1.17497	1.19315	1.19315	1.15977	1.12104	1.12104	1.12104	1.0501	0.975924	0.975924	0.959929	0.813899	0.76016	0.831799	0.831799	0.800329	0.813899	0.813899	0.800329	0.76016	0.722988	0.747635	0.706608	0.706608	0.747635	0.706608	0.695291	0.668716	0.722988	0.843066	0.853308	0.853754	0.906521	0.947655	0.959929	0.921805	0.921805	1.04287	1.09514	1.06721	1.08441	1.14766	1.19061	1.22899	1.32049	1.35964	1.33725	1.35964	1.35964	1.37428	1.413	1.45329	1.52005	1.57372	1.65323	1.73518	1.80697	1.91932	1.97281	1.95128	1.98823	1.98823	1.97281	1.98823	1.96994	1.91559	1.93439	1.98823	1.99032	2.00542	2.00542	1.99032	1.99032	2.00542	2.00542	1.93576	1.80697	1.69849	1.62956	1.57492	1.55442	1.54273	1.53881	1.55442	1.55442	1.53881	1.51234	1.40255	1.23787	1.12809	1.09928	1.09928	1.09928	1.07321	1.03013	0.995461	0.963466	0.908605	0.879463	0.879463	0.879463	0.879463	0.879463	0.879463	0.879463	0.853754	0.777355	0.689296	0.65962	0.65962	0.65962	0.65962	0.65962	0.614566	0.50679	0.439757	0.439757	0.439757	0.439757	0.439757	0.439757	0.439757	0.439757	0.439757	0.439757	0.439757	0.439757	0.439757	0.439757	0.439757	0.439757	0.439757	0.400184	0.396384	0.400184	0.439757	0.439757	0.439757	0.439757	0.453289	0.491654	0.453289	0.439757	0.439757	0.439757	0.439757	0.439757	0.439757	0.439757	0.415921	0.347659	0.2534	0.2534	0.351969	0.29729	0.219882	0.2534	0.351969	0.351969	0.34438	0.34438	0.34438	0.506775	0.506775	0.34438	0.34438	0.408578	0.369757	0.29729	0.351969	0.29729	0.29729	0.351969	0.351969	0.351969	0.296021	0.351969	0.408578	0.491654	0.592026	0.547622	0.547622	0.639258	0.689288	0.695291	0.747635	0.800329	0.76016	0.747635	0.706608	0.668716	0.695291	0.668716	0.706608	0.747635	0.706608	0.695291	0.668716	0.706608	0.747635	0.76016	0.800329	0.76016	0.76016	0.800329	0.800329	0.76016	0.76016	0.800329	0.787001	0.695291	0.614566	0.547622	0.547622	0.592026	0.592026	0.547622	0.470463	0.491654	0.495475	0.443171	0.491654	0.547622	0.547622	0.541376	0.541376	0.547622	0.639258	0.643383	0.643383	0.643383	0.653288
0.329758	0.329758	0.329758	0.356706	0.430117	0.436655	0.439673	0.439673	0.505197	0.541272	0.496532	0.530708	0.53355	0.523189	0.548548	0.574105	0.591912	0.560467	0.591912	0.591912	0.60827	0.64326	0.6036	0.617508	0.617508	0.625708	0.6036	0.609818	0.591912	0.591912	0.591912	0.52283	0.496532	0.523185	0.486934	0.400581	0.424372	0.454861	0.413109	0.443086	0.448591	0.417199	0.443086	0.39104	0.373762	0.419449	0.365074	0.400573	0.419449	0.365074	0.396308	0.347592	0.405725	0.508539	0.467143	0.436655	0.491559	0.552654	0.516283	0.469969	0.498046	0.643832	0.617501	0.566492	0.574105	0.640901	0.706188	0.675879	0.718912	0.737316	0.695158	0.737316	0.737316	0.743689	0.761991	0.819967	0.848697	0.837059	0.952622	0.946269	0.947272	1.07017	1.0574	1.01665	1.06434	1.03413	1.0574	1.06434	1.00301	0.976315	1.03922	1.06434	1.01331	1.04267	1.04267	1.01331	1.01331	1.04267	1.04267	0.971474	0.905724	0.870011	0.819983	0.792833	0.800176	0.777206	0.769396	0.800176	0.800176	0.769396	0.761753	0.723108	0.622082	0.563491	0.549585	0.549585	0.549585	0.536022	0.523189	0.506693	0.490412	0.463499	0.439673	0.439673	0.439673	0.439673	0.439673	0.439673	0.439673	0.426155	0.385696	0.343772	0.329758	0.329758	0.329758	0.329758	0.329758	0.358284	0.313309	0.21984	0.21984	0.21984	0.21984	0.21984	0.21984	0.21984	0.21984	0.21984	0.21984	0.21984	0.21984	0.21984	0.21984	0.21984	0.21984	0.21984	0.272027	0.274785	0.194313	0.21984	0.21984	0.21984	0.21984	0.245784	0.310887	0.245784	0.21984	0.21984	0.21984	0.21984	0.21984	0.21984	0.21984	0.206557	0.167154	0.124421	0.156656	0.259231	0.174875	0.10992	0.156656	0.259231	0.259231	0.255565	0.195276	0.255565	0.454838	0.313303	0.195276	0.255565	0.278198	0.264277	0.240338	0.259231	0.174875	0.240338	0.259231	0.259231	0.259231	0.175953	0.259231	0.350278	0.443069	0.351902	0.288861	0.332598	0.427905	0.446895	0.396308	0.467944	0.443086	0.39104	0.419449	0.365074	0.347592	0.396308	0.347592	0.400573	0.419449	0.365074	0.396308	0.347592	0.400573	0.419449	0.424372	0.443086	0.39104	0.424372	0.443086	0.443086	0.39104	0.424372	0.443086	0.434479	0.396308	0.303525	0.288861	0.332598	0.351902	0.351902	0.288861	0.233983	0.310887	0.311492	0.292102	0.373746	0.332598	0.288861	0.330889	0.330889	0.332598	0.427905	0.373754	0.373754	0.373754	0.377275
0	0	0	0.109891	0.219781	0.109891	0	0	0.219781	0.219781	0.109891	0.219781	0.109891	0.109891	0.219781	0.219781	0.219781	0.109891	0.219781	0.219781	0.219781	0.219781	0.109891	0.219781	0.219781	0.219781	0.109891	0.219781	0.219781	0.219781	0.219781	0	0.109891	0.219781	0.109891	0	0.219781	0.219781	0	0.219781	0.219781	0.109891	0.219781	0.109891	0.109891	0.219781	0.109891	0.219781	0.219781	0.109891	0.219781	0.109891	0.219781	0.329669	0.219781	0.109891	0.219781	0.329669	0.219781	0.109891	0.219781	0.439555	0.329669	0.219781	0.219781	0.329669	0.439555	0.329669	0.329669	0.329669	0.219781	0.329669	0.329669	0.329669	0.329669	0.439555	0.439555	0.329669	0.549437	0.439555	0.329669	0.549437	0.439555	0.329669	0.439555	0.329669	0.439555	0.439555	0.219781	0.219781	0.439555	0.439555	0.219781	0.329669	0.329669	0.219781	0.219781	0.329669	0.329669	0.109891	0.109891	0.219781	0.109891	0.109891	0.219781	0.109891	0	0.219781	0.219781	0	0.109891	0.219781	0.109891	0	0	0	0	0	0.109891	0.109891	0.109891	0.109891	0	0	0	0	0	0	0	0	0	0	0	0	0	0	0	0.219781	0.219781	0	0	0	0	0	0	0	0	0	0	0	0	0	0	0	0	0	0.219781	0.219781	0	0	0	0	0	0.109891	0.219781	0.109891	0	0	0	0	0	0	0	0	0	0	0.109891	0.219781	0.109891	0	0.109891	0.219781	0.219781	0.219781	0.109891	0.219781	0.439555	0.219781	0.109891	0.219781	0.219781	0.219781	0.219781	0.219781	0.109891	0.219781	0.219781	0.219781	0.219781	0.109891	0.219781	0.329669	0.439555	0.219781	0.109891	0.219781	0.329669	0.329669	0.219781	0.329669	0.219781	0.109891	0.219781	0.109891	0.109891	0.219781	0.109891	0.219781	0.219781	0.109891	0.219781	0.109891	0.219781	0.219781	0.219781	0.219781	0.109891	0.219781	0.219781	0.219781	0.109891	0.219781	0.219781	0.219781	0.219781	0	0.109891	0.219781	0.219781	0.219781	0.109891	0	0.219781	0.219781	0.219781	0.329669	0.219781	0.109891	0.219781	0.219781	0.219781	0.329669	0.219781	0.219781	0.219781	0.219781
0	0	0	0.10987	0.219739	0.10987	0	0	0.219739	0.219739	0.10987	0.219739	0.10987	0.10987	0.219739	0.219739	0.219739	0.10987	0.219739	0.219739	0.219739	0.219739	0.10987	0.219739	0.219739	0.219739	0.10987	0.219739	0.219739	0.219739	0.219739	0	0.10987	0.219739	0.10987	0	0.219739	0.219739	0	0.219739	0.219739	0.10987	0.219739	0.10987	0.10987	0.219739	0.10987	0.219739	0.219739	0.10987	0.219739	0.10987	0.219739	0.329606	0.219739	0.10987	0.219739	0.329606	0.219739	0.10987	0.219739	0.439471	0.329606	0.219739	0.219739	0.329606	0.439471	0.329606	0.329606	0.329606	0.219739	0.329606	0.329606	0.329606	0.329606	0.439471	0.439471	0.329606	0.549332	0.439471	0.329606	0.549332	0.439471	0.329606	0.439471	0.329606	0.439471	0.439471	0.219739	0.219739	0.439471	0.439471	0.219739	0.329606	0.329606	0.219739	0.219739	0.329606	0.329606	0.10987	0.10987	0.219739	0.10987	0.10987	0.219739	0.10987	0	0.219739	0.219739	0	0.10987	0.219739	0.10987	0	0	0	0	0	0.10987	0.10987	0.10987	0.10987	0	0	0	0	0	0	0	0	0	0	0	0	0	0	0	0.219739	0.219739	0	0	0	0	0	0	0	0	0	0	0	0	0	0	0	0	0	0.219739	0.219739	0	0	0	0	0	0.10987	0.219739	0.10987	0	0	0	0	0	0	0	0	0	0	0.10987	0.219739	0.10987	0	0.10987	0.219739	0.219739	0.219739	0.10987	0.219739	0.439471	0.219739	0.10987	0.219739	0.219739	0.219739	0.219739	0.219739	0.10987	0.219739	0.219739	0.219739	0.219739	0.10987	0.219739	0.329606	0.439471	0.219739	0.10987	0.219739	0.329606	0.329606	0.219739	0.329606	0.219739	0.10987	0.219739	0.10987	0.10987	0.219739	0.10987	0.219739	0.219739	0.10987	0.219739	0.10987	0.219739	0.219739	0.219739	0.219739	0.10987	0.219739	0.219739	0.219739	0.10987	0.219739	0.219739	0.219739	0.219739	0	0.10987	0.219739	0.219739	0.219739	0.10987	0	0.219739	0.219739	0.219739	0.329606	0.219739	0.10987	0.219739	0.219739	0.219739	0.329606	0.219739	0.219739	0.219739	0.219739
0	0	0	0.109849	0.219696	0.109849	0	0	0.219696	0.219696	0.109849	0.219696	0.109849	0.109849	0.219696	0.219696	0.219696	0.109849	0.219696	0.219696	0.219696	0.219696	0.109849	0.219696	0.219696	0.219696	0.109849	0.219696	0.219696	0.219696	0.219696	0	0.109849	0.219696	0.109849	0	0.219696	0.219696	0	0.219696	0.219696	0.109849	0.219696	0.109849	0.109849	0.219696	0.109849	0.219696	0.219696	0.109849	0.219696	0.109849	0.219696	0.329543	0.219696	0.109849	0.219696	0.329543	0.219696	0.109849	0.219696	0.439386	0.329543	0.219696	0.219696	0.329543	0.439386	0.329543	0.329543	0.329543	0.219696	0.329543	0.329543	0.329543	0.329543	0.439386	0.439386	0.329543	0.549227	0.439386	0.329543	0.549227	0.439386	0.329543	0.439386	0.329543	0.439386	0.439386	0.219696	0.219696	0.439386	0.439386	0.219696	0.329543	0.329543	0.219696	0.219696	0.329543	0.329543	0.109849	0.109849	0.219696	0.109849	0.109849	0.219696	0.109849	0	0.219696	0.219696	0	0.109849	0.219696	0.109849	0	0	0	0	0	0.109849	0.109849	0.109849	0.109849	0	0	0	0	0	0	0	0	0	0	0	0	0	0	0	0.219696	0.219696	0	0	0	0	0	0	0	0	0	0	0	0	0	0	0	0	0	0.219696	0.219696	0	0	0	0	0	0.109849	0.219696	0.109849	0	0	0	0	0	0	0	0	0	0	0.109849	0.219696	0.109849	0	0.109849	0.219696	0.219696	0.219696	0.109849	0.219696	0.439386	0.219696	0.109849	0.219696	0.219696	0.219696	0.219696	0.219696	0.109849	0.219696	0.219696	0.219696	0.219696	0.109849	0.219696	0.329543	0.439386	0.219696	0.109849	0.219696	0.329543	0.329543	0.219696	0.329543	0.219696	0.109849	0.219696	0.109849	0.109849	0.219696	0.109849	0.219696	0.219696	0.109849	0.219696	0.109849	0.219696	0.219696	0.219696	0.219696	0.109849	0.219696	0.219696	0.219696	0.109849	0.219696	0.219696	0.219696	0.219696	0	0.109849	0.219696	0.219696	0.219696	0.109849	0	0.219696	0.219696	0.219696	0.329543	0.219696	0.109849	0.219696	0.219696	0.219696	0.329543	0.219696	0.219696	0.219696	0.219696
0	0	0	0.109828	0.219656	0.109828	0	0	0.219656	0.219656	0.109828	0.219656	0.109828	0.109828	0.219656	0.219656	0.219656	0.109828	0.219656	0.219656	0.219656	0.219656	0.109828	0.219656	0.219656	0.219656	0.109828	0.219656	0.219656	0.219656	0.219656	0	0.109828	0.219656	0.109828	0	0.219656	0.219656	0	0.219656	0.219656	0.109828	0.219656	0.109828	0.109828	0.219656	0.109828	0.219656	0.219656	0.109828	0.219656	0.109828	0.219656	0.329482	0.219656	0.109828	0.219656	0.329482	0.219656	0.109828	0.219656	0.439305	0.329482	0.219656	0.219656	0.329482	0.439305	0.329482	0.329482	0.329482	0.219656	0.329482	0.329482	0.329482	0.329482	0.439305	0.439305	0.329482	0.549126	0.439305	0.329482	0.549126	0.439305	0.329482	0.439305	0.329482	0.439305	0.439305	0.219656	0.219656	0.439305	0.439305	0.219656	0.329482	0.329482	0.219656	0.219656	0.329482	0.329482	0.109828	0.109828	0.219656	0.109828	0.109828	0.219656	0.109828	0	0.219656	0.219656	0	0.109828	0.219656	0.109828	0	0	0	0	0	0.109828	0.109828	0.109828	0.109828	0	0	0	0	0	0	0	0	0	0	0	0	0	0	0	0.219656	0.219656	0	0	0	0	0	0	0	0	0	0	0	0	0	0	0	0	0	0.219656	0.219656	0	0	0	0	0	0.109828	0.219656	0.109828	0	0	0	0	0	0	0	0	0	0	0.109828	0.219656	0.109828	0	0.109828	0.219656	0.219656	0.219656	0.109828	0.219656	0.439305	0.219656	0.109828	0.219656	0.219656	0.219656	0.219656	0.219656	0.109828	0.219656	0.219656	0.219656	0.219656	0.109828	0.219656	0.329482	0.439305	0.219656	0.109828	0.219656	0.329482	0.329482	0.219656	0.329482	0.219656	0.109828	0.219656	0.109828	0.109828	0.219656	0.109828	0.219656	0.219656	0.109828	0.219656	0.109828	0.219656	0.219656	0.219656	0.219656	0.109828	0.219656	0.219656	0.219656	0.109828	0.219656	0.219656	0.219656	0.219656	0	0.109828	0.219656	0.219656	0.219656	0.109828	0	0.219656	0.219656	0.219656	0.329482	0.219656	0.109828	0.219656	0.219656	0.219656	0.329482	0.219656	0.219656	0.219656	0.219656
0	0	0	0.109807	0.219614	0.109807	0	0	0.219614	0.219614	0.109807	0.219614	0.109807	0.109807	0.219614	0.219614	0.219614	0.109807	0.219614	0.219614	0.219614	0.219614	0.109807	0.219614	0.219614	0.219614	0.109807	0.219614	0.219614	0.219614	0.219614	0	0.109807	0.219614	0.109807	0	0.219614	0.219614	0	0.219614	0.219614	0.109807	0.219614	0.109807	0.109807	0.219614	0.109807	0.219614	0.219614	0.109807	0.219614	0.109807	0.219614	0.329419	0.219614	0.109807	0.219614	0.329419	0.219614	0.109807	0.219614	0.439221	0.329419	0.219614	0.219614	0.329419	0.439221	0.329419	0.329419	0.329419	0.219614	0.329419	0.329419	0.329419	0.329419	0.439221	0.439221	0.329419	0.549021	0.439221	0.329419	0.549021	0.439221	0.329419	0.439221	0.329419	0.439221	0.439221	0.219614	0.219614	0.439221	0.439221	0.219614	0.329419	0.329419	0.219614	0.219614	0.329419	0.329419	0.109807	0.109807	0.219614	0.109807	0.109807	0.219614	0.109807	0	0.219614	0.219614	0	0.109807	0.219614	0.109807	0	0	0	0	0	0.109807	0.109807	0.109807	0.109807	0	0	0	0	0	0	0	0	0	0	0	0	0	0	0	0.219614	0.219614	0	0	0	0	0	0	0	0	0	0	0	0	0	0	0	0	0	0.219614	0.219614	0	0	0	0	0	0.109807	0.219614	0.109807	0	0	0	0	0	0	0	0	0	0	0.109807	0.219614	0.109807	0	0.109807	0.219614	0.219614	0.219614	0.109807	0.219614	0.439221	0.219614	0.109807	0.219614	0.219614	0.219614	0.219614	0.219614	0.109807	0.219614	0.219614	0.219614	0.219614	0.109807	0.219614	0.329419	0.439221	0.219614	0.109807	0.219614	0.329419	0.329419	0.219614	0.329419	0.219614	0.109807	0.219614	0.109807	0.109807	0.219614	0.109807	0.219614	0.219614	0.109807	0.219614	0.109807	0.219614	0.219614	0.219614	0.219614	0.109807	0.219614	0.219614	0.219614	0.109807	0.219614	0.219614	0.219614	0.219614	0	0.109807	0.219614	0.219614	0.219614	0.109807	0	0.219614	0.219614	0.219614	0.329419	0.219614	0.109807	0.219614	0.219614	0.219614	0.329419	0.219614	0.219614	0.219614	0.219614
0.453102	0.494826	0.549643	0.602911	0.624993	0.570821	0.562848	0.604473	0.65097	0.624993	0.602911	0.624993	0.602911	0.6298	0.668384	0.685904	0.694364	0.667824	0.694364	0.694364	0.694364	0.694364	0.667824	0.694364	0.677063	0.633672	0.586764	0.616803	0.599147	0.591236	0.591236	0.548957	0.559827	0.591236	0.559827	0.548957	0.555772	0.50462	0.453102	0.515693	0.497477	0.436157	0.429626	0.390593	0.416722	0.46661	0.443011	0.454341	0.423887	0.390593	0.44258	0.416722	0.485209	0.529738	0.448079	0.416722	0.503869	0.590271	0.558811	0.549298	0.609121	0.724608	0.663854	0.634561	0.660162	0.730569	0.791673	0.736474	0.736474	0.77339	0.816047	0.904682	0.912351	0.930132	0.973455	1.04958	1.0562	1.03295	1.13024	1.08121	1.04148	1.1116	1.03804	1.00711	1.03804	0.989571	1.0313	1.0313	0.991855	1.01215	1.08121	1.06313	0.952739	0.94619	0.920366	0.862057	0.85217	0.869013	0.843504	0.776318	0.791928	0.825684	0.788115	0.760883	0.739034	0.679288	0.65874	0.625899	0.520784	0.439171	0.462969	0.530102	0.522591	0.467424	0.439171	0.439171	0.412637	0.357883	0.32995	0.303796	0.303796	0.313558	0.248557	0.219589	0.219589	0.219589	0.219589	0.219589	0.219589	0.219589	0.219589	0.219589	0.219589	0.219589	0.219589	0.219589	0.219589	0.312951	0.357875	0.329381	0.329381	0.329381	0.329381	0.329381	0.329381	0.329381	0.329381	0.329381	0.329381	0.329381	0.329381	0.329381	0.329381	0.329381	0.315955	0.275854	0.332218	0.357875	0.329381	0.329381	0.315955	0.275854	0.233716	0.252315	0.335042	0.32995	0.329381	0.329381	0.329381	0.303178	0.248557	0.219589	0.219589	0.233716	0.275854	0.315955	0.32995	0.335042	0.252315	0.233716	0.288532	0.332218	0.311139	0.310532	0.245503	0.310532	0.454319	0.274472	0.216995	0.272407	0.293697	0.311136	0.291124	0.291769	0.240072	0.310532	0.310532	0.310532	0.310532	0.245503	0.310532	0.395844	0.454319	0.274472	0.236115	0.310532	0.376832	0.362567	0.274472	0.349878	0.258935	0.195053	0.293697	0.240072	0.245503	0.310532	0.245503	0.310532	0.349347	0.313558	0.35417	0.313558	0.373328	0.373328	0.35417	0.3515	0.313558	0.335042	0.330511	0.330511	0.252315	0.271716	0.274472	0.274472	0.236109	0.124279	0.195053	0.255273	0.258935	0.258935	0.156477	0.139961	0.274472	0.255273	0.258935	0.33894	0.245492	0.155267	0.245492	0.245492	0.245492	0.347174	0.245492	0.245492	0.245492	0.227163
0.90722	0.993943	1.10308	1.19133	1.19133	1.12637	1.12637	1.21231	1.24569	1.19133	1.19133	1.19133	1.19133	1.24569	1.28113	1.31848	1.33521	1.32162	1.33521	1.33521	1.33521	1.33521	1.32162	1.33521	1.30009	1.21231	1.15768	1.17318	1.13701	1.11933	1.11933	1.0976	1.10308	1.11933	1.10308	1.0976	1.04849	0.939427	0.90722	0.958465	0.9204	0.852453	0.776169	0.759001	0.812658	0.852007	0.866467	0.83053	0.759001	0.759001	0.799109	0.812658	0.893836	0.893836	0.812658	0.812658	0.937815	1.03439	1.05172	1.08276	1.158	1.23323	1.19857	1.21137	1.26487	1.34559	1.38826	1.35757	1.35757	1.4404	1.59791	1.71705	1.73254	1.77054	1.86307	1.9562	1.9698	1.9852	2.04986	2.02328	2.00236	2.00929	1.93144	1.93144	1.93144	1.89429	1.91639	1.91639	1.94831	1.98729	2.02328	1.9852	1.86872	1.80421	1.75003	1.68164	1.66071	1.6418	1.58776	1.54038	1.57252	1.60637	1.56485	1.51004	1.43098	1.3456	1.31705	1.20733	0.987866	0.878122	0.90722	0.993943	1.02856	0.939427	0.878122	0.878122	0.83053	0.721885	0.633555	0.5789	0.5789	0.599349	0.506017	0.439087	0.439087	0.439087	0.439087	0.439087	0.439087	0.439087	0.439087	0.439087	0.439087	0.439087	0.439087	0.439087	0.439087	0.506017	0.613629	0.658614	0.658614	0.658614	0.658614	0.658614	0.658614	0.658614	0.658614	0.658614	0.658614	0.658614	0.658614	0.658614	0.658614	0.658614	0.633555	0.559719	0.546786	0.613629	0.658614	0.658614	0.633555	0.559719	0.469745	0.469745	0.559719	0.633555	0.658614	0.658614	0.658614	0.613629	0.506017	0.439087	0.439087	0.469745	0.559719	0.633555	0.633555	0.559719	0.469745	0.469745	0.546786	0.546786	0.494727	0.490904	0.452598	0.490904	0.506003	0.395779	0.392919	0.392919	0.450084	0.49472	0.443349	0.442495	0.443349	0.490904	0.490904	0.490904	0.490904	0.452598	0.490904	0.548837	0.506003	0.395779	0.442495	0.490904	0.49472	0.450084	0.395779	0.407955	0.351433	0.343855	0.450084	0.443349	0.452598	0.490904	0.452598	0.490904	0.593657	0.599349	0.599349	0.599349	0.642402	0.642402	0.599349	0.591123	0.599349	0.559719	0.54055	0.54055	0.469745	0.399574	0.395779	0.395779	0.295569	0.253014	0.343855	0.343855	0.351433	0.351433	0.253014	0.295569	0.395779	0.343855	0.351433	0.369193	0.310472	0.245456	0.310472	0.310472	0.310472	0.395768	0.310472	0.310472	0.310472	0.253006
0.462792	0.529899	0.58138	0.624754	0.60268	0.562632	0.570602	0.63343	0.629558	0.60268	0.624754	0.60268	0.624754	0.650721	0.668128	0.717816	0.694098	0.667568	0.694098	0.694098	0.694098	0.694098	0.667568	0.694098	0.656482	0.604241	0.58654	0.616567	0.575854	0.59101	0.59101	0.548747	0.559612	0.59101	0.559612	0.548747	0.522033	0.467245	0.462792	0.515496	0.469252	0.425505	0.385107	0.423725	0.447907	0.466431	0.472446	0.412479	0.390443	0.423725	0.44241	0.447907	0.529535	0.485023	0.416563	0.447907	0.601723	0.641384	0.597652	0.57323	0.644904	0.72433	0.663599	0.668966	0.693279	0.772358	0.79137	0.736192	0.736192	0.861488	0.976923	0.938632	0.912002	0.963167	1.04468	1.08721	1.05579	1.06272	1.12981	1.0808	1.04108	1.07399	1.00672	1.03764	1.00672	0.989191	1.03091	1.03091	1.04469	1.01176	1.0808	1.03255	0.933219	0.921651	0.89514	0.845862	0.851844	0.842291	0.815967	0.776021	0.808555	0.825368	0.78206	0.754631	0.713883	0.672345	0.658488	0.625659	0.520585	0.439003	0.452929	0.494637	0.547711	0.504426	0.439003	0.439003	0.454167	0.405106	0.315834	0.288425	0.288425	0.354035	0.312831	0.219504	0.219504	0.219504	0.219504	0.219504	0.219504	0.219504	0.219504	0.219504	0.219504	0.219504	0.219504	0.219504	0.219504	0.248462	0.303062	0.329255	0.329255	0.329255	0.329255	0.329255	0.329255	0.329255	0.329255	0.329255	0.329255	0.329255	0.329255	0.329255	0.329255	0.329255	0.329824	0.334914	0.288421	0.303062	0.329255	0.329255	0.329824	0.334914	0.252218	0.233626	0.275748	0.315834	0.329255	0.329255	0.329255	0.357738	0.312831	0.219504	0.219504	0.252218	0.334914	0.329824	0.315834	0.275748	0.233626	0.252218	0.332091	0.288421	0.263886	0.310413	0.245409	0.310413	0.312826	0.274366	0.272302	0.216912	0.362428	0.376688	0.23998	0.291657	0.291012	0.310413	0.310413	0.310413	0.310413	0.245409	0.310413	0.395692	0.312826	0.274366	0.357726	0.310413	0.311017	0.293585	0.274366	0.277773	0.258835	0.255176	0.362428	0.291012	0.245409	0.310413	0.245409	0.310413	0.479934	0.354035	0.313438	0.354035	0.373185	0.373185	0.313438	0.351365	0.354035	0.275748	0.330385	0.330385	0.233626	0.194016	0.274366	0.274366	0.139907	0.156417	0.255176	0.194978	0.258835	0.258835	0.124231	0.236019	0.274366	0.194978	0.258835	0.263874	0.245398	0.155208	0.245398	0.245398	0.245398	0.347041	0.245398	0.245398	0.245398	0.156414
0.109723	0.219446	0.219446	0.219446	0.109723	0	0.109723	0.219446	0.109723	0.109723	0.219446	0.109723	0.219446	0.219446	0.219446	0.329166	0.219446	0.109723	0.219446	0.219446	0.219446	0.219446	0.109723	0.219446	0.109723	0	0.109723	0.219446	0.109723	0.219446	0.219446	0	0.109723	0.219446	0.109723	0	0	0	0.109723	0.219446	0.109723	0	0	0.219446	0.219446	0.219446	0.219446	0	0.109723	0.219446	0.219446	0.219446	0.329166	0.219446	0.109723	0.219446	0.438885	0.438885	0.329166	0.219446	0.329166	0.438885	0.329166	0.329166	0.329166	0.438885	0.438885	0.329166	0.329166	0.5486	0.658311	0.438885	0.329166	0.438885	0.5486	0.5486	0.438885	0.438885	0.5486	0.438885	0.329166	0.438885	0.329166	0.438885	0.329166	0.329166	0.438885	0.438885	0.438885	0.219446	0.438885	0.329166	0	0.219446	0.219446	0.109723	0.219446	0.219446	0.219446	0.109723	0.219446	0.219446	0	0	0	0	0	0.219446	0.219446	0	0	0	0.219446	0.219446	0	0	0.219446	0.219446	0	0	0	0.219446	0.219446	0	0	0	0	0	0	0	0	0	0	0	0	0	0	0	0	0	0	0	0	0	0	0	0	0	0	0	0	0	0	0	0.109723	0.219446	0.109723	0	0	0	0.109723	0.219446	0.109723	0	0	0	0	0	0	0.219446	0.219446	0	0	0.109723	0.219446	0.109723	0	0	0	0.109723	0.219446	0.109723	0.109723	0.219446	0.109723	0.219446	0.219446	0.219446	0.219446	0.109723	0.329166	0.329166	0.109723	0.219446	0.219446	0.219446	0.219446	0.219446	0.219446	0.109723	0.219446	0.329166	0.219446	0.219446	0.329166	0.219446	0.219446	0.219446	0.219446	0.219446	0.219446	0.219446	0.329166	0.219446	0.109723	0.219446	0.109723	0.219446	0.438885	0.219446	0.109723	0.219446	0.219446	0.219446	0.109723	0.219446	0.219446	0	0.219446	0.219446	0	0	0.219446	0.219446	0	0.109723	0.219446	0.109723	0.219446	0.219446	0	0.219446	0.219446	0.109723	0.219446	0.219446	0.219446	0.109723	0.219446	0.219446	0.219446	0.329166	0.219446	0.219446	0.219446	0.109723
0.109702	0.219404	0.219404	0.219404	0.109702	0	0.109702	0.219404	0.109702	0.109702	0.219404	0.109702	0.219404	0.219404	0.219404	0.329103	0.219404	0.109702	0.219404	0.219404	0.219404	0.219404	0.109702	0.219404	0.109702	0	0.109702	0.219404	0.109702	0.219404	0.219404	0	0.109702	0.219404	0.109702	0	0	0	0.109702	0.219404	0.109702	0	0	0.219404	0.219404	0.219404	0.219404	0	0.109702	0.219404	0.219404	0.219404	0.329103	0.219404	0.109702	0.219404	0.438801	0.438801	0.329103	0.219404	0.329103	0.438801	0.329103	0.329103	0.329103	0.438801	0.438801	0.329103	0.329103	0.548495	0.658185	0.438801	0.329103	0.438801	0.548495	0.548495	0.438801	0.438801	0.548495	0.438801	0.329103	0.438801	0.329103	0.438801	0.329103	0.329103	0.438801	0.438801	0.438801	0.219404	0.438801	0.329103	0	0.219404	0.219404	0.109702	0.219404	0.219404	0.219404	0.109702	0.219404	0.219404	0	0	0	0	0	0.219404	0.219404	0	0	0	0.219404	0.219404	0	0	0.219404	0.219404	0	0	0	0.219404	0.219404	0	0	0	0	0	0	0	0	0	0	0	0	0	0	0	0	0	0	0	0	0	0	0	0	0	0	0	0	0	0	0	0.109702	0.219404	0.109702	0	0	0	0.109702	0.219404	0.109702	0	0	0	0	0	0	0.219404	0.219404	0	0	0.109702	0.219404	0.109702	0	0	0	0.109702	0.219404	0.109702	0.109702	0.219404	0.109702	0.219404	0.219404	0.219404	0.219404	0.109702	0.329103	0.329103	0.109702	0.219404	0.219404	0.219404	0.219404	0.219404	0.219404	0.109702	0.219404	0.329103	0.219404	0.219404	0.329103	0.219404	0.219404	0.219404	0.219404	0.219404	0.219404	0.219404	0.329103	0.219404	0.109702	0.219404	0.109702	0.219404	0.438801	0.219404	0.109702	0.219404	0.219404	0.219404	0.109702	0.219404	0.219404	0	0.219404	0.219404	0	0	0.219404	0.219404	0	0.109702	0.219404	0.109702	0.219404	0.219404	0	0.219404	0.219404	0.109702	0.219404	0.219404	0.219404	0.109702	0.219404	0.219404	0.219404	0.329103	0.219404	0.219404	0.219404	0.109702
0.109681	0.219362	0.219362	0.219362	0.109681	0	0.109681	0.219362	0.109681	0.109681	0.219362	0.109681	0.219362	0.219362	0.219362	0.32904	0.219362	0.109681	0.219362	0.219362	0.219362	0.219362	0.109681	0.219362	0.109681	0	0.109681	0.219362	0.109681	0.219362	0.219362	0	0.109681	0.219362	0.109681	0	0	0	0.109681	0.219362	0.109681	0	0	0.219362	0.219362	0.219362	0.219362	0	0.109681	0.219362	0.219362	0.219362	0.32904	0.219362	0.109681	0.219362	0.438717	0.438717	0.32904	0.219362	0.32904	0.438717	0.32904	0.32904	0.32904	0.438717	0.438717	0.32904	0.32904	0.54839	0.658059	0.438717	0.32904	0.438717	0.54839	0.54839	0.438717	0.438717	0.54839	0.438717	0.32904	0.438717	0.32904	0.438717	0.32904	0.32904	0.438717	0.438717	0.438717	0.219362	0.438717	0.32904	0	0.219362	0.219362	0.109681	0.219362	0.219362	0.219362	0.109681	0.219362	0.219362	0	0	0	0	0	0.219362	0.219362	0	0	0	0.219362	0.219362	0	0	0.219362	0.219362	0	0	0	0.219362	0.219362	0	0	0	0	0	0	0	0	0	0	0	0	0	0	0	0	0	0	0	0	0	0	0	0	0	0	0	0	0	0	0	0.109681	0.219362	0.109681	0	0	0	0.109681	0.219362	0.109681	0	0	0	0	0	0	0.219362	0.219362	0	0	0.109681	0.219362	0.109681	0	0	0	0.109681	0.219362	0.109681	0.109681	0.219362	0.109681	0.219362	0.219362	0.219362	0.219362	0.109681	0.32904	0.32904	0.109681	0.219362	0.219362	0.219362	0.219362	0.219362	0.219362	0.109681	0.219362	0.32904	0.219362	0.219362	0.32904	0.219362	0.219362	0.219362	0.219362	0.219362	0.219362	0.219362	0.32904	0.219362	0.109681	0.219362	0.109681	0.219362	0.438717	0.219362	0.109681	0.219362	0.219362	0.219362	0.109681	0.219362	0.219362	0	0.219362	0.219362	0	0	0.219362	0.219362	0	0.109681	0.219362	0.109681	0.219362	0.219362	0	0.219362	0.219362	0.109681	0.219362	0.219362	0.219362	0.109681	0.219362	0.219362	0.219362	0.32904	0.219362	0.219362	0.219362	0.109681
0.109661	0.219321	0.219321	0.219321	0.109661	0	0.109661	0.219321	0.109661	0.109661	0.219321	0.109661	0.219321	0.219321	0.219321	0.32898	0.219321	0.109661	0.219321	0.219321	0.219321	0.219321	0.109661	0.219321	0.109661	0	0.109661	0.219321	0.109661	0.219321	0.219321	0	0.109661	0.219321	0.109661	0	0	0	0.109661	0.219321	0.109661	0	0	0.219321	0.219321	0.219321	0.219321	0	0.109661	0.219321	0.219321	0.219321	0.32898	0.219321	0.109661	0.219321	0.438636	0.438636	0.32898	0.219321	0.32898	0.438636	0.32898	0.32898	0.32898	0.438636	0.438636	0.32898	0.32898	0.548289	0.657938	0.438636	0.32898	0.438636	0.548289	0.548289	0.438636	0.438636	0.548289	0.438636	0.32898	0.438636	0.32898	0.438636	0.32898	0.32898	0.438636	0.438636	0.438636	0.219321	0.438636	0.32898	0	0.219321	0.219321	0.109661	0.219321	0.219321	0.219321	0.109661	0.219321	0.219321	0	0	0	0	0	0.219321	0.219321	0	0	0	0.219321	0.219321	0	0	0.219321	0.219321	0	0	0	0.219321	0.219321	0	0	0	0	0	0	0	0	0	0	0	0	0	0	0	0	0	0	0	0	0	0	0	0	0	0	0	0	0	0	0	0.109661	0.219321	0.109661	0	0	0	0.109661	0.219321	0.109661	0	0	0	0	0	0	0.219321	0.219321	0	0	0.109661	0.219321	0.109661	0	0	0	0.109661	0.219321	0.109661	0.109661	0.219321	0.109661	0.219321	0.219321	0.219321	0.219321	0.109661	0.32898	0.32898	0.109661	0.219321	0.219321	0.219321	0.219321	0.219321	0.219321	0.109661	0.219321	0.32898	0.219321	0.219321	0.32898	0.219321	0.219321	0.219321	0.219321	0.219321	0.219321	0.219321	0.32898	0.219321	0.109661	0.219321	0.109661	0.219321	0.438636	0.219321	0.109661	0.219321	0.219321	0.219321	0.109661	0.219321	0.219321	0	0.219321	0.219321	0	0	0.219321	0.219321	0	0.109661	0.219321	0.109661	0.219321	0.219321	0	0.219321	0.219321	0.109661	0.219321	0.219321	0.219321	0.109661	0.219321	0.219321	0.219321	0.32898	0.219321	0.219321	0.219321	0.109661
0.10964	0.219279	0.219279	0.219279	0.10964	0	0.10964	0.219279	0.10964	0.10964	0.219279	0.10964	0.219279	0.219279	0.219279	0.328917	0.219279	0.10964	0.219279	0.219279	0.219279	0.219279	0.10964	0.219279	0.10964	0	0.10964	0.219279	0.10964	0.219279	0.219279	0	0.10964	0.219279	0.10964	0	0	0	0.10964	0.219279	0.10964	0	0	0.219279	0.219279	0.219279	0.219279	0	0.10964	0.219279	0.219279	0.219279	0.328917	0.219279	0.10964	0.219279	0.438552	0.438552	0.328917	0.219279	0.328917	0.438552	0.328917	0.328917	0.328917	0.438552	0.438552	0.328917	0.328917	0.548184	0.657812	0.438552	0.328917	0.438552	0.548184	0.548184	0.438552	0.438552	0.548184	0.438552	0.328917	0.438552	0.328917	0.438552	0.328917	0.328917	0.438552	0.438552	0.438552	0.219279	0.438552	0.328917	0	0.219279	0.219279	0.10964	0.219279	0.219279	0.219279	0.10964	0.219279	0.219279	0	0	0	0	0	0.219279	0.219279	0	0	0	0.219279	0.219279	0	0	0.219279	0.219279	0	0	0	0.219279	0.219279	0	0	0	0	0	0	0	0	0	0	0	0	0	0	0	0	0	0	0	0	0	0	0	0	0	0	0	0	0	0	0	0.10964	0.219279	0.10964	0	0	0	0.10964	0.219279	0.10964	0	0	0	0	0	0	0.219279	0.219279	0	0	0.10964	0.219279	0.10964	0	0	0	0.10964	0.219279	0.10964	0.10964	0.219279	0.10964	0.219279	0.219279	0.219279	0.219279	0.10964	0.328917	0.328917	0.10964	0.219279	0.219279	0.219279	0.219279	0.219279	0.219279	0.10964	0.219279	0.328917	0.219279	0.219279	0.328917	0.219279	0.219279	0.219279	0.219279	0.219279	0.219279	0.219279	0.328917	0.219279	0.10964	0.219279	0.10964	0.219279	0.438552	0.219279	0.10964	0.219279	0.219279	0.219279	0.10964	0.219279	0.219279	0	0.219279	0.219279	0	0	0.219279	0.219279	0	0.10964	0.219279	0.10964	0.219279	0.219279	0	0.219279	0.219279	0.10964	0.219279	0.219279	0.219279	0.10964	0.219279	0.219279	0.219279	0.328917	0.219279	0.219279	0.219279	0.10964
0.109619	0.219237	0.219237	0.219237	0.109619	0	0.109619	0.219237	0.109619	0.109619	0.219237	0.109619	0.219237	0.219237	0.219237	0.328854	0.219237	0.109619	0.219237	0.219237	0.219237	0.219237	0.109619	0.219237	0.109619	0	0.109619	0.219237	0.109619	0.219237	0.219237	0	0.109619	0.219237	0.109619	0	0	0	0.109619	0.219237	0.109619	0	0	0.219237	0.219237	0.219237	0.219237	0	0.109619	0.219237	0.219237	0.219237	0.328854	0.219237	0.109619	0.219237	0.438468	0.438468	0.328854	0.219237	0.328854	0.438468	0.328854	0.328854	0.328854	0.438468	0.438468	0.328854	0.328854	0.548079	0.657686	0.438468	0.328854	0.438468	0.548079	0.548079	0.438468	0.438468	0.548079	0.438468	0.328854	0.438468	0.328854	0.438468	0.328854	0.328854	0.438468	0.438468	0.438468	0.219237	0.438468	0.328854	0	0.219237	0.219237	0.109619	0.219237	0.219237	0.219237	0.109619	0.219237	0.219237	0	0	0	0	0	0.219237	0.219237	0	0	0	0.219237	0.219237	0	0	0.219237	0.219237	0	0	0	0.219237	0.219237	0	0	0	0	0	0	0	0	0	0	0	0	0	0	0	0	0	0	0	0	0	0	0	0	0	0	0	0	0	0	0	0.109619	0.219237	0.109619	0	0	0	0.109619	0.219237	0.109619	0	0	0	0	0	0	0.219237	0.219237	0	0	0.109619	0.219237	0.109619	0	0	0	0.109619	0.219237	0.109619	0.109619	0.219237	0.109619	0.219237	0.219237	0.219237	0.219237	0.109619	0.328854	0.328854	0.109619	0.219237	0.219237	0.219237	0.219237	0.219237	0.219237	0.109619	0.219237	0.328854	0.219237	0.219237	0.328854	0.219237	0.219237	0.219237	0.219237	0.219237	0.219237	0.219237	0.328854	0.219237	0.109619	0.219237	0.109619	0.219237	0.438468	0.219237	0.109619	0.219237	0.219237	0.219237	0.109619	0.219237	0.219237	0	0.219237	0.219237	0	0	0.219237	0.219237	0	0.109619	0.219237	0.109619	0.219237	0.219237	0	0.219237	0.219237	0.109619	0.219237	0.219237	0.219237	0.109619	0.219237	0.219237	0.219237	0.328854	0.219237	0.219237	0.219237	0.109619
1.1014	1.11763	1.08561	1.03173	1.02297	1.06889	1.13164	1.17139	1.18604	1.24047	1.2477	1.24047	1.31105	1.33318	1.33318	1.32244	1.21665	1.15592	1.17139	1.13957	1.05404	1.01041	1.02297	0.999963	0.968701	1.04259	1.0717	0.999963	0.907907	0.838267	0.731125	0.657611	0.63555	0.572141	0.473014	0.466623	0.550749	0.630808	0.63555	0.572141	0.538339	0.6053	0.657611	0.624826	0.590223	0.590223	0.519892	0.496252	0.591497	0.641424	0.676733	0.693174	0.735212	0.728035	0.752379	0.831972	0.931559	0.894568	0.87076	0.884451	0.936387	0.980241	0.971787	1.0583	1.12632	1.21602	1.23135	1.23074	1.31732	1.42458	1.47018	1.45583	1.52824	1.56174	1.50748	1.47528	1.50748	1.57703	1.55933	1.45635	1.47529	1.61138	1.68777	1.72077	1.67618	1.70853	1.68777	1.58131	1.47529	1.35606	1.31732	1.21603	1.20674	1.2477	1.22525	1.24047	1.21665	1.10819	0.999963	0.907907	0.838267	0.731125	0.6053	0.496252	0.438418	0.438418	0.438418	0.519892	0.590223	0.496252	0.41193	0.333351	0.357261	0.417357	0.387512	0.27944	0.319546	0.417357	0.387512	0.27944	0.219212	0.319546	0.417357	0.387512	0.27944	0.219212	0.219212	0.219212	0.219212	0.219212	0.219212	0.219212	0.219212	0.219212	0.248131	0.333351	0.41193	0.438418	0.438418	0.438418	0.438418	0.438418	0.466623	0.550749	0.630808	0.657611	0.657611	0.657611	0.657611	0.657611	0.657611	0.657611	0.657611	0.657611	0.689922	0.784613	0.806318	0.714511	0.657611	0.630808	0.591497	0.606534	0.63555	0.657611	0.657611	0.657611	0.6053	0.496252	0.438418	0.519892	0.624826	0.657611	0.657611	0.63555	0.572141	0.473014	0.438418	0.438418	0.438418	0.485544	0.539727	0.505247	0.538339	0.554819	0.473014	0.490156	0.490156	0.490156	0.490156	0.451908	0.509673	0.466608	0.381652	0.404567	0.395177	0.433239	0.441821	0.441821	0.441821	0.433247	0.490156	0.548001	0.490156	0.490156	0.548001	0.490156	0.490156	0.490156	0.490156	0.490156	0.490156	0.490156	0.471413	0.395177	0.417357	0.490156	0.451908	0.490156	0.619981	0.490156	0.419156	0.404567	0.395177	0.357261	0.259951	0.31	0.31	0.219212	0.27125	0.274001	0.193758	0.219212	0.232501	0.245071	0.173301	0.208681	0.235705	0.193751	0.235705	0.20867	0.122542	0.235705	0.20867	0.159768	0.245071	0.245071	0.20867	0.159768	0.245071	0.245071	0.245071	0.27942	0.219195	0.219195	0.219195	0.109598
1.10119	1.11741	1.07708	1.02277	1.03153	1.07149	1.13935	1.17117	1.19338	1.24747	1.24023	1.24747	1.32219	1.33292	1.33292	1.31079	1.20651	1.1557	1.17117	1.13143	1.04239	1.01022	1.03153	0.987694	0.977766	1.05384	1.06869	0.987694	0.904422	0.82366	0.714374	0.657485	0.630687	0.550644	0.466534	0.472924	0.572031	0.635428	0.630687	0.550644	0.554713	0.624706	0.657485	0.605184	0.59011	0.59011	0.496157	0.519792	0.606418	0.641301	0.69843	0.693042	0.735072	0.748227	0.76411	0.84966	0.93138	0.870594	0.894397	0.90109	0.936208	0.980054	0.992984	1.10253	1.1446	1.23779	1.23111	1.24746	1.35302	1.4243	1.4699	1.4962	1.55903	1.54794	1.47501	1.475	1.54647	1.59376	1.52795	1.44158	1.50719	1.64787	1.71564	1.7082	1.67586	1.72044	1.66599	1.55808	1.4504	1.34914	1.28945	1.20339	1.21641	1.24023	1.22502	1.24747	1.20651	1.09709	0.987694	0.904422	0.82366	0.714374	0.624706	0.519792	0.438334	0.438334	0.438334	0.496157	0.59011	0.519792	0.419076	0.367551	0.331024	0.387437	0.417278	0.319485	0.279387	0.387437	0.417278	0.319485	0.21917	0.279387	0.387437	0.417278	0.319485	0.21917	0.21917	0.21917	0.21917	0.21917	0.21917	0.21917	0.21917	0.21917	0.259902	0.367551	0.419076	0.438334	0.438334	0.438334	0.438334	0.438334	0.472924	0.572031	0.635428	0.657485	0.657485	0.657485	0.657485	0.657485	0.657485	0.657485	0.657485	0.657485	0.685425	0.769008	0.817255	0.730985	0.657485	0.635428	0.606418	0.591384	0.630687	0.657485	0.657485	0.657485	0.624706	0.519792	0.438334	0.496157	0.605184	0.657485	0.657485	0.630687	0.550644	0.466534	0.438334	0.438334	0.438334	0.503659	0.539624	0.50515	0.554713	0.538236	0.466534	0.490063	0.490063	0.490063	0.490063	0.451822	0.479221	0.433156	0.40449	0.381579	0.395101	0.466519	0.441737	0.441737	0.441737	0.453476	0.490063	0.547897	0.490063	0.490063	0.547897	0.490063	0.490063	0.490063	0.490063	0.490063	0.490063	0.490063	0.417278	0.395101	0.471323	0.490063	0.451822	0.490063	0.619862	0.490063	0.411851	0.381579	0.395101	0.331024	0.248083	0.30994	0.30994	0.21917	0.235666	0.273949	0.208642	0.21917	0.173268	0.245025	0.232456	0.193721	0.193714	0.23566	0.193714	0.159738	0.197547	0.193714	0.159738	0.208631	0.245025	0.245025	0.159738	0.208631	0.245025	0.245025	0.245025	0.173258	0.219154	0.219154	0.219154	0.109577
0.109556	0.219112	0.109556	0.109556	0.219112	0.109556	0.219112	0.219112	0.219112	0.219112	0.109556	0.219112	0.328665	0.219112	0.219112	0.219112	0	0.109556	0.219112	0.109556	0	0.219112	0.219112	0	0.219112	0.219112	0	0	0	0	0	0	0	0	0	0.109556	0.219112	0.109556	0	0	0.219112	0.219112	0	0	0.219112	0.219112	0	0.219112	0.219112	0.219112	0.328665	0.219112	0.328665	0.328665	0.219112	0.328665	0.438217	0.328665	0.438217	0.328665	0.328665	0.438217	0.438217	0.547765	0.438217	0.547765	0.438217	0.438217	0.547765	0.547765	0.657309	0.657309	0.547765	0.328665	0.328665	0.547765	0.657309	0.547765	0.328665	0.328665	0.547765	0.657309	0.547765	0.328665	0.328665	0.438217	0.219112	0.219112	0.219112	0.109556	0.219112	0.219112	0.219112	0.109556	0.219112	0.219112	0	0	0	0	0	0	0.219112	0.219112	0	0	0	0	0.219112	0.219112	0.109556	0.219112	0.109556	0	0.219112	0.219112	0	0	0.219112	0.219112	0	0	0	0.219112	0.219112	0	0	0	0	0	0	0	0	0	0.109556	0.219112	0.109556	0	0	0	0	0	0.109556	0.219112	0.109556	0	0	0	0	0	0	0	0	0	0	0	0.219112	0.219112	0	0.109556	0.219112	0.109556	0	0	0	0	0.219112	0.219112	0	0	0	0	0	0	0	0	0	0	0	0.219112	0.219112	0.109556	0.219112	0.109556	0	0.219112	0.219112	0.219112	0.219112	0.109556	0.219112	0.219112	0.219112	0.109556	0.219112	0.328665	0.219112	0.219112	0.219112	0.219112	0.219112	0.328665	0.219112	0.219112	0.328665	0.219112	0.219112	0.219112	0.219112	0.219112	0.219112	0.219112	0.109556	0.219112	0.328665	0.219112	0.109556	0.219112	0.438217	0.219112	0	0.109556	0.219112	0.109556	0	0.219112	0.219112	0	0.109556	0.219112	0.109556	0	0	0.219112	0.219112	0	0.109556	0.219112	0.109556	0.109556	0.219112	0.109556	0.109556	0.219112	0.219112	0.219112	0.109556	0.219112	0.219112	0.219112	0.219112	0.109556	0.219112	0.219112	0.219112	0.109556
0.109535	0.21907	0.109535	0.109535	0.21907	0.109535	0.21907	0.21907	0.21907	0.21907	0.109535	0.21907	0.328603	0.21907	0.21907	0.21907	0	0.109535	0.21907	0.109535	0	0.21907	0.21907	0	0.21907	0.21907	0	0	0	0	0	0	0	0	0	0.109535	0.21907	0.109535	0	0	0.21907	0.21907	0	0	0.21907	0.21907	0	0.21907	0.21907	0.21907	0.328603	0.21907	0.328603	0.328603	0.21907	0.328603	0.438133	0.328603	0.438133	0.328603	0.328603	0.438133	0.438133	0.54766	0.438133	0.54766	0.438133	0.438133	0.54766	0.54766	0.657184	0.657184	0.54766	0.328603	0.328603	0.54766	0.657184	0.54766	0.328603	0.328603	0.54766	0.657184	0.54766	0.328603	0.328603	0.438133	0.21907	0.21907	0.21907	0.109535	0.21907	0.21907	0.21907	0.109535	0.21907	0.21907	0	0	0	0	0	0	0.21907	0.21907	0	0	0	0	0.21907	0.21907	0.109535	0.21907	0.109535	0	0.21907	0.21907	0	0	0.21907	0.21907	0	0	0	0.21907	0.21907	0	0	0	0	0	0	0	0	0	0.109535	0.21907	0.109535	0	0	0	0	0	0.109535	0.21907	0.109535	0	0	0	0	0	0	0	0	0	0	0	0.21907	0.21907	0	0.109535	0.21907	0.109535	0	0	0	0	0.21907	0.21907	0	0	0	0	0	0	0	0	0	0	0	0.21907	0.21907	0.109535	0.21907	0.109535	0	0.21907	0.21907	0.21907	0.21907	0.109535	0.21907	0.21907	0.21907	0.109535	0.21907	0.328603	0.21907	0.21907	0.21907	0.21907	0.21907	0.328603	0.21907	0.21907	0.328603	0.21907	0.21907	0.21907	0.21907	0.21907	0.21907	0.21907	0.109535	0.21907	0.328603	0.21907	0.109535	0.21907	0.438133	0.21907	0	0.109535	0.21907	0.109535	0	0.21907	0.21907	0	0.109535	0.21907	0.109535	0	0	0.21907	0.21907	0	0.109535	0.21907	0.109535	0.109535	0.21907	0.109535	0.109535	0.21907	0.21907	0.21907	0.109535	0.21907	0.21907	0.21907	0.21907	0.109535	0.21907	0.21907	0.21907	0.109535
0.109514	0.219028	0.109514	0.109514	0.219028	0.109514	0.219028	0.219028	0.219028	0.219028	0.109514	0.219028	0.32854	0.219028	0.219028	0.219028	0	0.109514	0.219028	0.109514	0	0.219028	0.219028	0	0.219028	0.219028	0	0	0	0	0	0	0	0	0	0.109514	0.219028	0.109514	0	0	0.219028	0.219028	0	0	0.219028	0.219028	0	0.219028	0.219028	0.219028	0.32854	0.219028	0.32854	0.32854	0.219028	0.32854	0.438049	0.32854	0.438049	0.32854	0.32854	0.438049	0.438049	0.547556	0.438049	0.547556	0.438049	0.438049	0.547556	0.547556	0.657058	0.657058	0.547556	0.32854	0.32854	0.547556	0.657058	0.547556	0.32854	0.32854	0.547556	0.657058	0.547556	0.32854	0.32854	0.438049	0.219028	0.219028	0.219028	0.109514	0.219028	0.219028	0.219028	0.109514	0.219028	0.219028	0	0	0	0	0	0	0.219028	0.219028	0	0	0	0	0.219028	0.219028	0.109514	0.219028	0.109514	0	0.219028	0.219028	0	0	0.219028	0.219028	0	0	0	0.219028	0.219028	0	0	0	0	0	0	0	0	0	0.109514	0.219028	0.109514	0	0	0	0	0	0.109514	0.219028	0.109514	0	0	0	0	0	0	0	0	0	0	0	0.219028	0.219028	0	0.109514	0.219028	0.109514	0	0	0	0	0.219028	0.219028	0	0	0	0	0	0	0	0	0	0	0	0.219028	0.219028	0.109514	0.219028	0.109514	0	0.219028	0.219028	0.219028	0.219028	0.109514	0.219028	0.219028	0.219028	0.109514	0.219028	0.32854	0.219028	0.219028	0.219028	0.219028	0.219028	0.32854	0.219028	0.219028	0.32854	0.219028	0.219028	0.219028	0.219028	0.219028	0.219028	0.219028	0.109514	0.219028	0.32854	0.219028	0.109514	0.219028	0.438049	0.219028	0	0.109514	0.219028	0.109514	0	0.219028	0.219028	0	0.109514	0.219028	0.109514	0	0	0.219028	0.219028	0	0.109514	0.219028	0.109514	0.109514	0.219028	0.109514	0.109514	0.219028	0.219028	0.219028	0.109514	0.219028	0.219028	0.219028	0.219028	0.109514	0.219028	0.219028	0.219028	0.109514
0.109493	0.218986	0.109493	0.109493	0.218986	0.109493	0.218986	0.218986	0.218986	0.218986	0.109493	0.218986	0.328477	0.218986	0.218986	0.218986	0	0.109493	0.218986	0.109493	0	0.218986	0.218986	0	0.218986	0.218986	0	0	0	0	0	0	0	0	0	0.109493	0.218986	0.109493	0	0	0.218986	0.218986	0	0	0.218986	0.218986	0	0.218986	0.218986	0.218986	0.328477	0.218986	0.328477	0.328477	0.218986	0.328477	0.437966	0.328477	0.437966	0.328477	0.328477	0.437966	0.437966	0.547451	0.437966	0.547451	0.437966	0.437966	0.547451	0.547451	0.656932	0.656932	0.547451	0.328477	0.328477	0.547451	0.656932	0.547451	0.328477	0.328477	0.547451	0.656932	0.547451	0.328477	0.328477	0.437966	0.218986	0.218986	0.218986	0.109493	0.218986	0.218986	0.218986	0.109493	0.218986	0.218986	0	0	0	0	0	0	0.218986	0.218986	0	0	0	0	0.218986	0.218986	0.109493	0.218986	0.109493	0	0.218986	0.218986	0	0	0.218986	0.218986	0	0	0	0.218986	0.218986	0	0	0	0	0	0	0	0	0	0.109493	0.218986	0.109493	0	0	0	0	0	0.109493	0.218986	0.109493	0	0	0	0	0	0	0	0	0	0	0	0.218986	0.218986	0	0.109493	0.218986	0.109493	0	0	0	0	0.218986	0.218986	0	0	0	0	0	0	0	0	0	0	0	0.218986	0.218986	0.109493	0.218986	0.109493	0	0.218986	0.218986	0.218986	0.218986	0.109493	0.218986	0.218986	0.218986	0.109493	0.218986	0.328477	0.218986	0.218986	0.218986	0.218986	0.218986	0.328477	0.218986	0.218986	0.328477	0.218986	0.218986	0.218986	0.218986	0.218986	0.218986	0.218986	0.109493	0.218986	0.328477	0.218986	0.109493	0.218986	0.437966	0.218986	0	0.109493	0.218986	0.109493	0	0.218986	0.218986	0	0.109493	0.218986	0.109493	0	0	0.218986	0.218986	0	0.109493	0.218986	0.109493	0.109493	0.218986	0.109493	0.109493	0.218986	0.218986	0.218986	0.109493	0.218986	0.218986	0.218986	0.218986	0.109493	0.218986	0.218986	0.218986	0.109493
0.109472	0.218944	0.109472	0.109472	0.218944	0.109472	0.218944	0.218944	0.218944	0.218944	0.109472	0.218944	0.328414	0.218944	0.218944	0.218944	0	0.109472	0.218944	0.109472	0	0.218944	0.218944	0	0.218944	0.218944	0	0	0	0	0	0	0	0	0	0.109472	0.218944	0.109472	0	0	0.218944	0.218944	0	0	0.218944	0.218944	0	0.218944	0.218944	0.218944	0.328414	0.218944	0.328414	0.328414	0.218944	0.328414	0.437882	0.328414	0.437882	0.328414	0.328414	0.437882	0.437882	0.547346	0.437882	0.547346	0.437882	0.437882	0.547346	0.547346	0.656807	0.656807	0.547346	0.328414	0.328414	0.547346	0.656807	0.547346	0.328414	0.328414	0.547346	0.656807	0.547346	0.328414	0.328414	0.437882	0.218944	0.218944	0.218944	0.109472	0.218944	0.218944	0.218944	0.109472	0.218944	0.218944	0	0	0	0	0	0	0.218944	0.218944	0	0	0	0	0.218944	0.218944	0.109472	0.218944	0.109472	0	0.218944	0.218944	0	0	0.218944	0.218944	0	0	0	0.218944	0.218944	0	0	0	0	0	0	0	0	0	0.109472	0.218944	0.109472	0	0	0	0	0	0.109472	0.218944	0.109472	0	0	0	0	0	0	0	0	0	0	0	0.218944	0.218944	0	0.109472	0.218944	0.109472	0	0	0	0	0.218944	0.218944	0	0	0	0	0	0	0	0	0	0	0	0.218944	0.218944	0.109472	0.218944	0.109472	0	0.218944	0.218944	0.218944	0.218944	0.109472	0.218944	0.218944	0.218944	0.109472	0.218944	0.328414	0.218944	0.218944	0.218944	0.218944	0.218944	0.328414	0.218944	0.218944	0.328414	0.218944	0.218944	0.218944	0.218944	0.218944	0.218944	0.218944	0.109472	0.218944	0.328414	0.218944	0.109472	0.218944	0.437882	0.218944	0	0.109472	0.218944	0.109472	0	0.218944	0.218944	0	0.109472	0.218944	0.109472	0	0	0.218944	0.218944	0	0.109472	0.218944	0.109472	0.109472	0.218944	0.109472	0.109472	0.218944	0.218944	0.218944	0.109472	0.218944	0.218944	0.218944	0.218944	0.109472	0.218944	0.218944	0.218944	0.109472
0.451304	0.489501	0.468001	0.494452	0.520994	0.494452	0.539006	0.520994	0.514121	0.514121	0.494452	0.520994	0.512292	0.422595	0.417693	0.417693	0.38408	0.424809	0.446713	0.415452	0.424371	0.452956	0.404026	0.328377	0.356784	0.311997	0.218919	0.218919	0.218919	0.193499	0.139534	0.10946	0.10946	0.10946	0.10946	0.135445	0.199205	0.129795	0.0865351	0.10946	0.208391	0.193485	0.0193492	0.0611891	0.23379	0.23379	0.0967497	0.244744	0.263171	0.277033	0.367113	0.273635	0.348811	0.355717	0.277033	0.385517	0.495935	0.394637	0.489478	0.432648	0.465978	0.547257	0.547257	0.638194	0.547257	0.65698	0.602602	0.619453	0.700819	0.700819	0.789236	0.789236	0.700819	0.547269	0.547269	0.700819	0.789236	0.700819	0.566428	0.569396	0.679671	0.736744	0.614895	0.445443	0.426114	0.478654	0.348282	0.369665	0.372189	0.320293	0.33402	0.290882	0.25228	0.156	0.208391	0.193485	0	0	0.0193492	0.0611891	0.0967497	0.10946	0.244744	0.244744	0.10946	0.139534	0.193499	0.233003	0.329504	0.310191	0.244755	0.309585	0.244755	0.218919	0.309585	0.309585	0.218919	0.218919	0.270887	0.23539	0.10946	0.10946	0.10946	0.208391	0.193485	0	0	0	0.0386985	0.0865351	0.10946	0.10946	0.10946	0.139534	0.216333	0.25228	0.175216	0.166454	0.220622	0.275013	0.314992	0.328377	0.328944	0.353091	0.312602	0.314992	0.328377	0.328377	0.328377	0.328377	0.328377	0.328377	0.328377	0.328377	0.328377	0.328377	0.404026	0.452956	0.424371	0.415452	0.446713	0.424809	0.38408	0.342332	0.328377	0.328377	0.394648	0.394648	0.328377	0.328377	0.328377	0.302254	0.247799	0.218919	0.218919	0.218919	0.218919	0.218919	0.218919	0.270887	0.23539	0.154794	0.244744	0.154794	0.10946	0.244744	0.244744	0.244744	0.244744	0.135445	0.216324	0.242436	0.251532	0.154794	0.244744	0.328923	0.23379	0.251532	0.244744	0.22647	0.23379	0.338458	0.23379	0.216324	0.317336	0.236178	0.242436	0.251532	0.22647	0.23379	0.251532	0.244744	0.193492	0.273635	0.330628	0.244744	0.154794	0.22647	0.41407	0.205677	0.0193492	0.129795	0.209286	0.112821	0.0611891	0.216324	0.193485	0.0193492	0.129795	0.209286	0.0967426	0	0.0386985	0.22564	0.193485	0.0193492	0.129795	0.209286	0.112821	0.129795	0.209286	0.0967426	0.123891	0.220606	0.205677	0.218902	0.109452	0.218902	0.218902	0.218902	0.218902	0.109452	0.218902	0.218902	0.218902	0.109452
0.882256	0.90238	0.917595	0.971466	0.971466	0.971466	1.00887	0.971466	0.955544	0.955544	0.971466	0.971466	0.863826	0.756688	0.74422	0.74422	0.773804	0.827999	0.810181	0.810181	0.849854	0.827999	0.719685	0.656606	0.611759	0.504475	0.437748	0.437748	0.437748	0.398356	0.294668	0.218877	0.218877	0.218877	0.218877	0.19918	0.154764	0.183523	0.197289	0.218877	0.197289	0.122349	0.0611746	0.154764	0.273582	0.273582	0.19918	0.309526	0.368068	0.406712	0.464283	0.394573	0.406712	0.427346	0.406712	0.522672	0.641005	0.547164	0.619034	0.65886	0.744205	0.789109	0.789109	0.854657	0.789109	0.911019	0.941322	0.980649	1.03231	1.03231	1.09423	1.09423	1.03231	0.934957	0.934957	1.03231	1.09423	1.03231	0.980656	0.986365	0.978743	0.941322	0.789109	0.68559	0.636337	0.591848	0.591848	0.636337	0.640444	0.611759	0.558013	0.451218	0.34607	0.252242	0.197289	0.122349	0	0	0.0611746	0.154764	0.19918	0.218877	0.309526	0.309526	0.218877	0.294668	0.398356	0.468313	0.538903	0.493219	0.451218	0.489407	0.451218	0.437748	0.489407	0.489407	0.437748	0.437748	0.398356	0.294668	0.218877	0.218877	0.218877	0.197289	0.122349	0	0	0	0.122349	0.197289	0.218877	0.218877	0.218877	0.294668	0.391721	0.34607	0.294668	0.34607	0.451218	0.558013	0.631624	0.656606	0.631624	0.597522	0.597522	0.631624	0.656606	0.656606	0.656606	0.656606	0.656606	0.656606	0.656606	0.656606	0.656606	0.656606	0.719685	0.827999	0.849854	0.810181	0.810181	0.827999	0.773804	0.686147	0.656606	0.656606	0.692115	0.692115	0.656606	0.656606	0.656606	0.611759	0.504475	0.437748	0.437748	0.437748	0.437748	0.437748	0.437748	0.398356	0.294668	0.244708	0.309526	0.244708	0.218877	0.309526	0.309526	0.309526	0.309526	0.19918	0.213676	0.30587	0.333948	0.244708	0.309526	0.333948	0.273582	0.333948	0.309526	0.252235	0.273582	0.367043	0.273582	0.213676	0.285622	0.285622	0.30587	0.333948	0.252235	0.273582	0.333948	0.309526	0.350361	0.394573	0.350361	0.309526	0.244708	0.252235	0.346049	0.16641	0.0611746	0.183523	0.183523	0.122349	0.154764	0.213676	0.122349	0.0611746	0.183523	0.183523	0.0611746	0	0.122349	0.244697	0.122349	0.0611746	0.183523	0.183523	0.122349	0.183523	0.183523	0.0611746	0.16641	0.225597	0.16641	0.218861	0.109431	0.218861	0.218861	0.218861	0.218861	0.109431	0.218861	0.218861	0.218861	0.109431
0.451132	0.489314	0.495771	0.520795	0.494264	0.520795	0.5388	0.494264	0.513925	0.513925	0.520795	0.494264	0.425968	0.389253	0.417533	0.417533	0.428152	0.424647	0.415293	0.446542	0.434661	0.411222	0.356655	0.328251	0.302138	0.247704	0.218835	0.218835	0.218835	0.270784	0.2353	0.109418	0.109418	0.109418	0.109418	0.0967128	0.0611657	0.209206	0.208312	0.109418	0.086502	0.0386837	0.0967057	0.199129	0.233701	0.233701	0.135393	0.24465	0.337778	0.348678	0.366973	0.27353	0.276927	0.355582	0.348678	0.459729	0.571451	0.394486	0.489292	0.575042	0.600499	0.547048	0.547048	0.63795	0.547048	0.728032	0.736463	0.681334	0.700551	0.700551	0.788935	0.788935	0.700551	0.54706	0.54706	0.700551	0.788935	0.700551	0.619219	0.569178	0.563893	0.602372	0.48392	0.445273	0.369524	0.348149	0.478471	0.425951	0.372047	0.320171	0.274908	0.220538	0.166391	0.123853	0.086502	0.0386837	0	0	0.0967057	0.199129	0.135393	0.109418	0.24465	0.24465	0.109418	0.2353	0.270784	0.251449	0.329378	0.263082	0.244661	0.309467	0.244661	0.218835	0.309467	0.309467	0.218835	0.218835	0.193425	0.139481	0.109418	0.109418	0.109418	0.086502	0.0386837	0	0	0	0.193411	0.208312	0.109418	0.109418	0.109418	0.2353	0.271472	0.166391	0.175149	0.252184	0.290771	0.333893	0.328818	0.328251	0.314871	0.312482	0.352956	0.328818	0.328251	0.328251	0.328251	0.328251	0.328251	0.328251	0.328251	0.328251	0.328251	0.328251	0.356655	0.411222	0.434661	0.446542	0.415293	0.424647	0.428152	0.355076	0.328251	0.328251	0.394498	0.394498	0.328251	0.328251	0.328251	0.356647	0.311878	0.218835	0.218835	0.218835	0.218835	0.218835	0.218835	0.193425	0.139481	0.154735	0.24465	0.154735	0.109418	0.24465	0.24465	0.24465	0.24465	0.0967128	0.140808	0.321898	0.328798	0.154735	0.24465	0.251436	0.233701	0.328798	0.24465	0.155937	0.233701	0.338329	0.233701	0.140808	0.236088	0.317215	0.321898	0.328798	0.155937	0.233701	0.328798	0.24465	0.330502	0.27353	0.193418	0.24465	0.154735	0.155937	0.252177	0.123844	0.0967057	0.209206	0.129745	0.112778	0.199129	0.140808	0.0386837	0.0967057	0.209206	0.129745	0.0193419	0	0.193411	0.225554	0.0386837	0.0967057	0.209206	0.129745	0.112778	0.209206	0.129745	0.0193419	0.205598	0.220522	0.123844	0.218819	0.10941	0.218819	0.218819	0.218819	0.218819	0.10941	0.218819	0.218819	0.218819	0.10941
0.109389	0.218777	0.218777	0.218777	0.109389	0.218777	0.218777	0.109389	0.218777	0.218777	0.218777	0.109389	0	0.109389	0.218777	0.218777	0.218777	0.109389	0.109389	0.218777	0.109389	0	0	0	0	0	0	0	0	0.218777	0.218777	0	0	0	0	0	0	0.218777	0.218777	0	0	0	0.109389	0.218777	0.218777	0.218777	0.109389	0.218777	0.328163	0.328163	0.328163	0.218777	0.218777	0.328163	0.328163	0.437548	0.546928	0.328163	0.437548	0.546928	0.546928	0.437548	0.437548	0.546928	0.437548	0.656305	0.656305	0.546928	0.546928	0.546928	0.656305	0.656305	0.546928	0.328163	0.328163	0.546928	0.656305	0.546928	0.437548	0.328163	0.328163	0.437548	0.328163	0.328163	0.218777	0.218777	0.437548	0.328163	0.218777	0.109389	0	0	0	0	0	0	0	0	0.109389	0.218777	0.109389	0	0.218777	0.218777	0	0.218777	0.218777	0.109389	0.218777	0.109389	0.109389	0.218777	0.109389	0	0.218777	0.218777	0	0	0	0	0	0	0	0	0	0	0	0	0.218777	0.218777	0	0	0	0.218777	0.218777	0	0.109389	0.218777	0.218777	0.218777	0.109389	0	0	0.109389	0.218777	0.109389	0	0	0	0	0	0	0	0	0	0	0	0	0.109389	0.218777	0.109389	0.109389	0.218777	0.109389	0	0	0.218777	0.218777	0	0	0	0.218777	0.218777	0	0	0	0	0	0	0	0	0.109389	0.218777	0.109389	0	0.218777	0.218777	0.218777	0.218777	0	0.109389	0.328163	0.328163	0.109389	0.218777	0.218777	0.218777	0.328163	0.218777	0.109389	0.218777	0.328163	0.218777	0.109389	0.218777	0.328163	0.328163	0.328163	0.109389	0.218777	0.328163	0.218777	0.328163	0.218777	0.109389	0.218777	0.109389	0.109389	0.218777	0.109389	0.109389	0.218777	0.109389	0.109389	0.218777	0.109389	0	0.109389	0.218777	0.109389	0	0	0.218777	0.218777	0	0.109389	0.218777	0.109389	0.109389	0.218777	0.109389	0	0.218777	0.218777	0.109389	0.218777	0.109389	0.218777	0.218777	0.218777	0.218777	0.109389	0.218777	0.218777	0.218777	0.109389
0.109368	0.218735	0.218735	0.218735	0.109368	0.218735	0.218735	0.109368	0.218735	0.218735	0.218735	0.109368	0	0.109368	0.218735	0.218735	0.218735	0.109368	0.109368	0.218735	0.109368	0	0	0	0	0	0	0	0	0.218735	0.218735	0	0	0	0	0	0	0.218735	0.218735	0	0	0	0.109368	0.218735	0.218735	0.218735	0.109368	0.218735	0.328101	0.328101	0.328101	0.218735	0.218735	0.328101	0.328101	0.437464	0.546824	0.328101	0.437464	0.546824	0.546824	0.437464	0.437464	0.546824	0.437464	0.65618	0.65618	0.546824	0.546824	0.546824	0.65618	0.65618	0.546824	0.328101	0.328101	0.546824	0.65618	0.546824	0.437464	0.328101	0.328101	0.437464	0.328101	0.328101	0.218735	0.218735	0.437464	0.328101	0.218735	0.109368	0	0	0	0	0	0	0	0	0.109368	0.218735	0.109368	0	0.218735	0.218735	0	0.218735	0.218735	0.109368	0.218735	0.109368	0.109368	0.218735	0.109368	0	0.218735	0.218735	0	0	0	0	0	0	0	0	0	0	0	0	0.218735	0.218735	0	0	0	0.218735	0.218735	0	0.109368	0.218735	0.218735	0.218735	0.109368	0	0	0.109368	0.218735	0.109368	0	0	0	0	0	0	0	0	0	0	0	0	0.109368	0.218735	0.109368	0.109368	0.218735	0.109368	0	0	0.218735	0.218735	0	0	0	0.218735	0.218735	0	0	0	0	0	0	0	0	0.109368	0.218735	0.109368	0	0.218735	0.218735	0.218735	0.218735	0	0.109368	0.328101	0.328101	0.109368	0.218735	0.218735	0.218735	0.328101	0.218735	0.109368	0.218735	0.328101	0.218735	0.109368	0.218735	0.328101	0.328101	0.328101	0.109368	0.218735	0.328101	0.218735	0.328101	0.218735	0.109368	0.218735	0.109368	0.109368	0.218735	0.109368	0.109368	0.218735	0.109368	0.109368	0.218735	0.109368	0	0.109368	0.218735	0.109368	0	0	0.218735	0.218735	0	0.109368	0.218735	0.109368	0.109368	0.218735	0.109368	0	0.218735	0.218735	0.109368	0.218735	0.109368	0.218735	0.218735	0.218735	0.218735	0.109368	0.218735	0.218735	0.218735	0.109368
0.109348	0.218695	0.218695	0.218695	0.109348	0.218695	0.218695	0.109348	0.218695	0.218695	0.218695	0.109348	0	0.109348	0.218695	0.218695	0.218695	0.109348	0.109348	0.218695	0.109348	0	0	0	0	0	0	0	0	0.218695	0.218695	0	0	0	0	0	0	0.218695	0.218695	0	0	0	0.109348	0.218695	0.218695	0.218695	0.109348	0.218695	0.328041	0.328041	0.328041	0.218695	0.218695	0.328041	0.328041	0.437384	0.546724	0.328041	0.437384	0.546724	0.546724	0.437384	0.437384	0.546724	0.437384	0.65606	0.65606	0.546724	0.546724	0.546724	0.65606	0.65606	0.546724	0.328041	0.328041	0.546724	0.65606	0.546724	0.437384	0.328041	0.328041	0.437384	0.328041	0.328041	0.218695	0.218695	0.437384	0.328041	0.218695	0.109348	0	0	0	0	0	0	0	0	0.109348	0.218695	0.109348	0	0.218695	0.218695	0	0.218695	0.218695	0.109348	0.218695	0.109348	0.109348	0.218695	0.109348	0	0.218695	0.218695	0	0	0	0	0	0	0	0	0	0	0	0	0.218695	0.218695	0	0	0	0.218695	0.218695	0	0.109348	0.218695	0.218695	0.218695	0.109348	0	0	0.109348	0.218695	0.109348	0	0	0	0	0	0	0	0	0	0	0	0	0.109348	0.218695	0.109348	0.109348	0.218695	0.109348	0	0	0.218695	0.218695	0	0	0	0.218695	0.218695	0	0	0	0	0	0	0	0	0.109348	0.218695	0.109348	0	0.218695	0.218695	0.218695	0.218695	0	0.109348	0.328041	0.328041	0.109348	0.218695	0.218695	0.218695	0.328041	0.218695	0.109348	0.218695	0.328041	0.218695	0.109348	0.218695	0.328041	0.328041	0.328041	0.109348	0.218695	0.328041	0.218695	0.328041	0.218695	0.109348	0.218695	0.109348	0.109348	0.218695	0.109348	0.109348	0.218695	0.109348	0.109348	0.218695	0.109348	0	0.109348	0.218695	0.109348	0	0	0.218695	0.218695	0	0.109348	0.218695	0.109348	0.109348	0.218695	0.109348	0	0.218695	0.218695	0.109348	0.218695	0.109348	0.218695	0.218695	0.218695	0.218695	0.109348	0.218695	0.218695	0.218695	0.109348
0.109327	0.218653	0.218653	0.218653	0.109327	0.218653	0.218653	0.109327	0.218653	0.218653	0.218653	0.109327	0	0.109327	0.218653	0.218653	0.218653	0.109327	0.109327	0.218653	0.109327	0	0	0	0	0	0	0	0	0.218653	0.218653	0	0	0	0	0	0	0.218653	0.218653	0	0	0	0.109327	0.218653	0.218653	0.218653	0.109327	0.218653	0.327978	0.327978	0.327978	0.218653	0.218653	0.327978	0.327978	0.4373	0.54662	0.327978	0.4373	0.54662	0.54662	0.4373	0.4373	0.54662	0.4373	0.655935	0.655935	0.54662	0.54662	0.54662	0.655935	0.655935	0.54662	0.327978	0.327978	0.54662	0.655935	0.54662	0.4373	0.327978	0.327978	0.4373	0.327978	0.327978	0.218653	0.218653	0.4373	0.327978	0.218653	0.109327	0	0	0	0	0	0	0	0	0.109327	0.218653	0.109327	0	0.218653	0.218653	0	0.218653	0.218653	0.109327	0.218653	0.109327	0.109327	0.218653	0.109327	0	0.218653	0.218653	0	0	0	0	0	0	0	0	0	0	0	0	0.218653	0.218653	0	0	0	0.218653	0.218653	0	0.109327	0.218653	0.218653	0.218653	0.109327	0	0	0.109327	0.218653	0.109327	0	0	0	0	0	0	0	0	0	0	0	0	0.109327	0.218653	0.109327	0.109327	0.218653	0.109327	0	0	0.218653	0.218653	0	0	0	0.218653	0.218653	0	0	0	0	0	0	0	0	0.109327	0.218653	0.109327	0	0.218653	0.218653	0.218653	0.218653	0	0.109327	0.327978	0.327978	0.109327	0.218653	0.218653	0.218653	0.327978	0.218653	0.109327	0.218653	0.327978	0.218653	0.109327	0.218653	0.327978	0.327978	0.327978	0.109327	0.218653	0.327978	0.218653	0.327978	0.218653	0.109327	0.218653	0.109327	0.109327	0.218653	0.109327	0.109327	0.218653	0.109327	0.109327	0.218653	0.109327	0	0.109327	0.218653	0.109327	0	0	0.218653	0.218653	0	0.109327	0.218653	0.109327	0.109327	0.218653	0.109327	0	0.218653	0.218653	0.109327	0.218653	0.109327	0.218653	0.218653	0.218653	0.218653	0.109327	0.218653	0.218653	0.218653	0.109327
0.109306	0.218612	0.218612	0.218612	0.109306	0.218612	0.218612	0.109306	0.218612	0.218612	0.218612	0.109306	0	0.109306	0.218612	0.218612	0.218612	0.109306	0.109306	0.218612	0.109306	0	0	0	0	0	0	0	0	0.218612	0.218612	0	0	0	0	0	0	0.218612	0.218612	0	0	0	0.109306	0.218612	0.218612	0.218612	0.109306	0.218612	0.327916	0.327916	0.327916	0.218612	0.218612	0.327916	0.327916	0.437217	0.546515	0.327916	0.437217	0.546515	0.546515	0.437217	0.437217	0.546515	0.437217	0.65581	0.65581	0.546515	0.546515	0.546515	0.65581	0.65581	0.546515	0.327916	0.327916	0.546515	0.65581	0.546515	0.437217	0.327916	0.327916	0.437217	0.327916	0.327916	0.218612	0.218612	0.437217	0.327916	0.218612	0.109306	0	0	0	0	0	0	0	0	0.109306	0.218612	0.109306	0	0.218612	0.218612	0	0.218612	0.218612	0.109306	0.218612	0.109306	0.109306	0.218612	0.109306	0	0.218612	0.218612	0	0	0	0	0	0	0	0	0	0	0	0	0.218612	0.218612	0	0	0	0.218612	0.218612	0	0.109306	0.218612	0.218612	0.218612	0.109306	0	0	0.109306	0.218612	0.109306	0	0	0	0	0	0	0	0	0	0	0	0	0.109306	0.218612	0.109306	0.109306	0.218612	0.109306	0	0	0.218612	0.218612	0	0	0	0.218612	0.218612	0	0	0	0	0	0	0	0	0.109306	0.218612	0.109306	0	0.218612	0.218612	0.218612	0.218612	0	0.109306	0.327916	0.327916	0.109306	0.218612	0.218612	0.218612	0.327916	0.218612	0.109306	0.218612	0.327916	0.218612	0.109306	0.218612	0.327916	0.327916	0.327916	0.109306	0.218612	0.327916	0.218612	0.327916	0.218612	0.109306	0.218612	0.109306	0.109306	0.218612	0.109306	0.109306	0.218612	0.109306	0.109306	0.218612	0.109306	0	0.109306	0.218612	0.109306	0	0	0.218612	0.218612	0	0.109306	0.218612	0.109306	0.109306	0.218612	0.109306	0	0.218612	0.218612	0.109306	0.218612	0.109306	0.218612	0.218612	0.218612	0.218612	0.109306	0.218612	0.218612	0.218612	0.109306
0.345611	0.394049	0.394049	0.394049	0.345611	0.356242	0.349896	0.312127	0.333513	0.329003	0.329003	0.251164	0.247423	0.312127	0.333513	0.29044	0.251897	0.155763	0.154559	0.244372	0.154559	0.109294	0.109294	0.109294	0.109294	0.0966028	0.0610962	0.0193199	0	0.193191	0.208075	0.109294	0.109294	0.109294	0.109294	0.109294	0.109294	0.208075	0.193191	0	0	0.0193199	0.129597	0.208968	0.191249	0.198903	0.140648	0.225298	0.31151	0.34559	0.35465	0.25189	0.259911	0.348277	0.337944	0.460825	0.541266	0.337944	0.460825	0.557233	0.557233	0.484128	0.50229	0.588506	0.488735	0.691154	0.691154	0.588506	0.588506	0.588506	0.691154	0.673932	0.544362	0.355177	0.391182	0.561572	0.643044	0.525524	0.410724	0.327853	0.327853	0.437134	0.327853	0.301772	0.208075	0.238968	0.441386	0.371616	0.333513	0.328445	0.327878	0.327878	0.327878	0.327878	0.35625	0.410755	0.437167	0.451035	0.493702	0.520203	0.477171	0.492569	0.545421	0.520203	0.492569	0.545421	0.502317	0.46729	0.51334	0.460857	0.450619	0.488758	0.450619	0.437167	0.452268	0.403413	0.35625	0.396419	0.383497	0.329014	0.274595	0.23265	0.218587	0.193205	0.139322	0.0966028	0.0610962	0.0193199	0.205364	0.220271	0.0431992	0.0864037	0.123712	0.257753	0.276612	0.193205	0.244383	0.309115	0.309115	0.309115	0.244383	0.247423	0.301795	0.345611	0.394049	0.345611	0.327878	0.327878	0.341812	0.383497	0.423726	0.437167	0.423726	0.383497	0.341812	0.327878	0.327878	0.327878	0.345611	0.394049	0.345611	0.354673	0.417059	0.362993	0.327878	0.327878	0.394049	0.394049	0.327878	0.327878	0.301795	0.349896	0.356242	0.314514	0.274595	0.23265	0.218587	0.218587	0.218587	0.20538	0.191264	0.220284	0.251897	0.155763	0.109294	0.208075	0.225298	0.225298	0.208968	0.0610962	0.13661	0.30546	0.31449	0.109285	0.21857	0.21857	0.21857	0.31449	0.208968	0.129597	0.232632	0.31449	0.220271	0.123703	0.21857	0.327853	0.327853	0.327853	0.109285	0.21857	0.31449	0.208968	0.321532	0.233435	0.140648	0.235819	0.123703	0.109285	0.21857	0.123703	0.129597	0.208968	0.112649	0.129597	0.208968	0.0965957	0.0193199	0.129597	0.208968	0.0965957	0.0193199	0.0610962	0.215995	0.225298	0.0864037	0.135239	0.215995	0.140648	0.13661	0.215995	0.140648	0.0966028	0.244372	0.244372	0.173878	0.257753	0.155763	0.244372	0.244372	0.244372	0.244372	0.154559	0.244372	0.244372	0.244372	0.173878
0.664651	0.691064	0.691064	0.691064	0.664651	0.61083	0.588426	0.596615	0.557166	0.538085	0.538085	0.467602	0.503709	0.596615	0.557166	0.450533	0.345545	0.251859	0.244337	0.309056	0.244337	0.218545	0.218545	0.218545	0.218545	0.198878	0.154529	0.0610817	0	0.122163	0.196989	0.218545	0.218545	0.218545	0.218545	0.218545	0.218545	0.196989	0.122163	0	0	0.0610817	0.183245	0.183245	0.109265	0.154529	0.213352	0.244326	0.273167	0.393962	0.427564	0.345524	0.383395	0.406081	0.366485	0.527553	0.527553	0.366485	0.527553	0.588394	0.588394	0.610794	0.666859	0.699621	0.618094	0.787888	0.787888	0.699621	0.699621	0.699621	0.787888	0.727328	0.546322	0.426698	0.546322	0.606511	0.610794	0.466773	0.332313	0.32779	0.32779	0.43705	0.32779	0.225255	0.196989	0.295483	0.463578	0.488665	0.557166	0.630665	0.65561	0.65561	0.65561	0.65561	0.718592	0.826742	0.874116	0.903082	0.969992	0.969992	0.935142	0.98941	1.02387	0.969992	0.98941	1.02387	0.935142	0.916202	0.954094	0.903082	0.880917	0.90101	0.880917	0.874116	0.826742	0.718592	0.718592	0.79406	0.772629	0.664651	0.557166	0.467602	0.437084	0.397751	0.294221	0.198878	0.154529	0.0610817	0.166158	0.225255	0.166158	0.196989	0.251859	0.34983	0.406094	0.397751	0.450533	0.488665	0.488665	0.488665	0.450533	0.503709	0.61083	0.664651	0.691064	0.664651	0.65561	0.65561	0.685105	0.772629	0.848564	0.874116	0.848564	0.772629	0.685105	0.65561	0.65561	0.65561	0.664651	0.691064	0.664651	0.685105	0.74309	0.702312	0.65561	0.65561	0.691064	0.691064	0.65561	0.65561	0.61083	0.588426	0.61083	0.630665	0.557166	0.467602	0.437084	0.437084	0.437084	0.413392	0.38245	0.397751	0.345545	0.251859	0.218545	0.196989	0.244326	0.244326	0.183245	0.154529	0.196989	0.244326	0.274522	0.109265	0.218528	0.218528	0.218528	0.274522	0.183245	0.183245	0.274522	0.274522	0.225255	0.166158	0.218528	0.32779	0.32779	0.32779	0.109265	0.218528	0.274522	0.183245	0.305406	0.273167	0.213352	0.285189	0.166158	0.109265	0.218528	0.166158	0.183245	0.183245	0.122163	0.183245	0.183245	0.0610817	0.0610817	0.183245	0.183245	0.0610817	0.0610817	0.154529	0.213352	0.244326	0.196989	0.198878	0.213352	0.213352	0.196989	0.213352	0.213352	0.198878	0.309056	0.309056	0.295483	0.34983	0.251859	0.309056	0.309056	0.309056	0.309056	0.244337	0.309056	0.309056	0.309056	0.295483
0.345479	0.393899	0.393899	0.393899	0.345479	0.301679	0.349763	0.35242	0.27449	0.328878	0.328878	0.232561	0.311405	0.35242	0.27449	0.220203	0.166138	0.123665	0.1545	0.244279	0.1545	0.109252	0.109252	0.109252	0.109252	0.135187	0.198827	0.0965589	0	0.038625	0.0863707	0.109252	0.109252	0.109252	0.109252	0.109252	0.109252	0.0863707	0.038625	0	0	0.0965589	0.208888	0.129548	0.027311	0.0610729	0.215913	0.225212	0.159252	0.345458	0.433971	0.413283	0.505424	0.428784	0.337816	0.541059	0.460649	0.337816	0.541059	0.557021	0.557021	0.642799	0.656576	0.588282	0.488549	0.690891	0.690891	0.588282	0.588282	0.588282	0.690891	0.596152	0.391033	0.355042	0.544154	0.48433	0.483943	0.36437	0.24731	0.327728	0.327728	0.436967	0.327728	0.139259	0.0863707	0.173812	0.295418	0.257664	0.27449	0.314394	0.327753	0.327753	0.327753	0.327753	0.403259	0.452096	0.437	0.460681	0.520004	0.493513	0.476989	0.527482	0.520008	0.493513	0.527482	0.520008	0.465114	0.495018	0.513145	0.450863	0.450447	0.488571	0.450447	0.437	0.410598	0.356114	0.403259	0.407405	0.427502	0.379432	0.333386	0.251068	0.218503	0.270373	0.234943	0.135187	0.198827	0.0965589	0.123656	0.220187	0.287088	0.207996	0.155703	0.257655	0.348148	0.270373	0.24429	0.308997	0.308997	0.308997	0.24429	0.311405	0.356106	0.345479	0.393899	0.345479	0.327753	0.327753	0.354537	0.427502	0.434001	0.437	0.434001	0.427502	0.354537	0.327753	0.327753	0.327753	0.345479	0.393899	0.345479	0.341682	0.416899	0.398138	0.327753	0.327753	0.393899	0.393899	0.327753	0.327753	0.356106	0.349763	0.301679	0.328319	0.333386	0.251068	0.218503	0.218503	0.218503	0.226051	0.191191	0.2202	0.166138	0.123665	0.109252	0.0863707	0.225212	0.225212	0.129548	0.198827	0.136558	0.147075	0.232543	0.109244	0.218487	0.218487	0.218487	0.232543	0.129548	0.208888	0.31437	0.232543	0.220187	0.205286	0.218487	0.327728	0.327728	0.327728	0.109244	0.218487	0.232543	0.129548	0.241976	0.233346	0.215913	0.316734	0.205286	0.109244	0.218487	0.205286	0.208888	0.129548	0.112606	0.208888	0.129548	0.0193125	0.0965589	0.208888	0.129548	0.0193125	0.0965589	0.198827	0.140594	0.225212	0.207996	0.096566	0.140594	0.215913	0.136558	0.140594	0.215913	0.135187	0.244279	0.244279	0.238877	0.257655	0.123665	0.244279	0.244279	0.244279	0.244279	0.1545	0.244279	0.244279	0.244279	0.238877
0.109223	0.218445	0.218445	0.218445	0.109223	0	0.218445	0.218445	0	0.218445	0.218445	0	0.218445	0.218445	0	0	0	0	0.109223	0.218445	0.109223	0	0	0	0	0.109223	0.218445	0.109223	0	0	0	0	0	0	0	0	0	0	0	0	0	0.109223	0.218445	0.109223	0	0	0.218445	0.218445	0.109223	0.327666	0.436884	0.436884	0.546099	0.436884	0.327666	0.546099	0.436884	0.327666	0.546099	0.546099	0.546099	0.65531	0.65531	0.546099	0.436884	0.65531	0.65531	0.546099	0.546099	0.546099	0.65531	0.546099	0.327666	0.327666	0.546099	0.436884	0.436884	0.327666	0.218445	0.327666	0.327666	0.436884	0.327666	0.109223	0	0.109223	0.218445	0.109223	0	0	0	0	0	0	0.218445	0.218445	0	0.109223	0.218445	0.109223	0.109223	0.218445	0.109223	0.109223	0.218445	0.109223	0	0.218445	0.218445	0	0.109223	0.218445	0.109223	0	0	0	0.218445	0.109223	0.218445	0.218445	0.218445	0.109223	0	0.218445	0.218445	0.109223	0.218445	0.109223	0.109223	0.218445	0.327666	0.218445	0.109223	0.218445	0.327666	0.218445	0.109223	0.218445	0.218445	0.218445	0.109223	0.218445	0.218445	0.109223	0.218445	0.109223	0	0	0.109223	0.218445	0.109223	0	0.109223	0.218445	0.109223	0	0	0	0.109223	0.218445	0.109223	0	0.218445	0.218445	0	0	0.218445	0.218445	0	0	0.218445	0.218445	0	0.109223	0.218445	0.109223	0	0	0	0.109223	0	0.109223	0	0	0	0	0.218445	0.218445	0.109223	0.218445	0.109223	0.109223	0.218445	0.109223	0.218445	0.218445	0.218445	0.218445	0.109223	0.218445	0.327666	0.218445	0.218445	0.218445	0.218445	0.327666	0.327666	0.327666	0.109223	0.218445	0.218445	0.109223	0.218445	0.218445	0.218445	0.327666	0.218445	0.109223	0.218445	0.218445	0.218445	0.109223	0.109223	0.218445	0.109223	0	0.109223	0.218445	0.109223	0	0.109223	0.218445	0.109223	0.218445	0.218445	0	0.109223	0.218445	0.109223	0.109223	0.218445	0.109223	0.218445	0.218445	0.218445	0.218445	0	0.218445	0.218445	0.218445	0.218445	0.109223	0.218445	0.218445	0.218445	0.218445
0.109202	0.218403	0.218403	0.218403	0.109202	0	0.218403	0.218403	0	0.218403	0.218403	0	0.218403	0.218403	0	0	0	0	0.109202	0.218403	0.109202	0	0	0	0	0.109202	0.218403	0.109202	0	0	0	0	0	0	0	0	0	0	0	0	0	0.109202	0.218403	0.109202	0	0	0.218403	0.218403	0.109202	0.327603	0.4368	0.4368	0.545995	0.4368	0.327603	0.545995	0.4368	0.327603	0.545995	0.545995	0.545995	0.655185	0.655185	0.545995	0.4368	0.655185	0.655185	0.545995	0.545995	0.545995	0.655185	0.545995	0.327603	0.327603	0.545995	0.4368	0.4368	0.327603	0.218403	0.327603	0.327603	0.4368	0.327603	0.109202	0	0.109202	0.218403	0.109202	0	0	0	0	0	0	0.218403	0.218403	0	0.109202	0.218403	0.109202	0.109202	0.218403	0.109202	0.109202	0.218403	0.109202	0	0.218403	0.218403	0	0.109202	0.218403	0.109202	0	0	0	0.218403	0.109202	0.218403	0.218403	0.218403	0.109202	0	0.218403	0.218403	0.109202	0.218403	0.109202	0.109202	0.218403	0.327603	0.218403	0.109202	0.218403	0.327603	0.218403	0.109202	0.218403	0.218403	0.218403	0.109202	0.218403	0.218403	0.109202	0.218403	0.109202	0	0	0.109202	0.218403	0.109202	0	0.109202	0.218403	0.109202	0	0	0	0.109202	0.218403	0.109202	0	0.218403	0.218403	0	0	0.218403	0.218403	0	0	0.218403	0.218403	0	0.109202	0.218403	0.109202	0	0	0	0.109202	0	0.109202	0	0	0	0	0.218403	0.218403	0.109202	0.218403	0.109202	0.109202	0.218403	0.109202	0.218403	0.218403	0.218403	0.218403	0.109202	0.218403	0.327603	0.218403	0.218403	0.218403	0.218403	0.327603	0.327603	0.327603	0.109202	0.218403	0.218403	0.109202	0.218403	0.218403	0.218403	0.327603	0.218403	0.109202	0.218403	0.218403	0.218403	0.109202	0.109202	0.218403	0.109202	0	0.109202	0.218403	0.109202	0	0.109202	0.218403	0.109202	0.218403	0.218403	0	0.109202	0.218403	0.109202	0.109202	0.218403	0.109202	0.218403	0.218403	0.218403	0.218403	0	0.218403	0.218403	0.218403	0.218403	0.109202	0.218403	0.218403	0.218403	0.218403
0.109181	0.218362	0.218362	0.218362	0.109181	0	0.218362	0.218362	0	0.218362	0.218362	0	0.218362	0.218362	0	0	0	0	0.109181	0.218362	0.109181	0	0	0	0	0.109181	0.218362	0.109181	0	0	0	0	0	0	0	0	0	0	0	0	0	0.109181	0.218362	0.109181	0	0	0.218362	0.218362	0.109181	0.327541	0.436717	0.436717	0.54589	0.436717	0.327541	0.54589	0.436717	0.327541	0.54589	0.54589	0.54589	0.65506	0.65506	0.54589	0.436717	0.65506	0.65506	0.54589	0.54589	0.54589	0.65506	0.54589	0.327541	0.327541	0.54589	0.436717	0.436717	0.327541	0.218362	0.327541	0.327541	0.436717	0.327541	0.109181	0	0.109181	0.218362	0.109181	0	0	0	0	0	0	0.218362	0.218362	0	0.109181	0.218362	0.109181	0.109181	0.218362	0.109181	0.109181	0.218362	0.109181	0	0.218362	0.218362	0	0.109181	0.218362	0.109181	0	0	0	0.218362	0.109181	0.218362	0.218362	0.218362	0.109181	0	0.218362	0.218362	0.109181	0.218362	0.109181	0.109181	0.218362	0.327541	0.218362	0.109181	0.218362	0.327541	0.218362	0.109181	0.218362	0.218362	0.218362	0.109181	0.218362	0.218362	0.109181	0.218362	0.109181	0	0	0.109181	0.218362	0.109181	0	0.109181	0.218362	0.109181	0	0	0	0.109181	0.218362	0.109181	0	0.218362	0.218362	0	0	0.218362	0.218362	0	0	0.218362	0.218362	0	0.109181	0.218362	0.109181	0	0	0	0.109181	0	0.109181	0	0	0	0	0.218362	0.218362	0.109181	0.218362	0.109181	0.109181	0.218362	0.109181	0.218362	0.218362	0.218362	0.218362	0.109181	0.218362	0.327541	0.218362	0.218362	0.218362	0.218362	0.327541	0.327541	0.327541	0.109181	0.218362	0.218362	0.109181	0.218362	0.218362	0.218362	0.327541	0.218362	0.109181	0.218362	0.218362	0.218362	0.109181	0.109181	0.218362	0.109181	0	0.109181	0.218362	0.109181	0	0.109181	0.218362	0.109181	0.218362	0.218362	0	0.109181	0.218362	0.109181	0.109181	0.218362	0.109181	0.218362	0.218362	0.218362	0.218362	0	0.218362	0.218362	0.218362	0.218362	0.109181	0.218362	0.218362	0.218362	0.218362
0.10916	0.21832	0.21832	0.21832	0.10916	0	0.21832	0.21832	0	0.21832	0.21832	0	0.21832	0.21832	0	0	0	0	0.10916	0.21832	0.10916	0	0	0	0	0.10916	0.21832	0.10916	0	0	0	0	0	0	0	0	0	0	0	0	0	0.10916	0.21832	0.10916	0	0	0.21832	0.21832	0.10916	0.327478	0.436634	0.436634	0.545786	0.436634	0.327478	0.545786	0.436634	0.327478	0.545786	0.545786	0.545786	0.654935	0.654935	0.545786	0.436634	0.654935	0.654935	0.545786	0.545786	0.545786	0.654935	0.545786	0.327478	0.327478	0.545786	0.436634	0.436634	0.327478	0.21832	0.327478	0.327478	0.436634	0.327478	0.10916	0	0.10916	0.21832	0.10916	0	0	0	0	0	0	0.21832	0.21832	0	0.10916	0.21832	0.10916	0.10916	0.21832	0.10916	0.10916	0.21832	0.10916	0	0.21832	0.21832	0	0.10916	0.21832	0.10916	0	0	0	0.21832	0.10916	0.21832	0.21832	0.21832	0.10916	0	0.21832	0.21832	0.10916	0.21832	0.10916	0.10916	0.21832	0.327478	0.21832	0.10916	0.21832	0.327478	0.21832	0.10916	0.21832	0.21832	0.21832	0.10916	0.21832	0.21832	0.10916	0.21832	0.10916	0	0	0.10916	0.21832	0.10916	0	0.10916	0.21832	0.10916	0	0	0	0.10916	0.21832	0.10916	0	0.21832	0.21832	0	0	0.21832	0.21832	0	0	0.21832	0.21832	0	0.10916	0.21832	0.10916	0	0	0	0.10916	0	0.10916	0	0	0	0	0.21832	0.21832	0.10916	0.21832	0.10916	0.10916	0.21832	0.10916	0.21832	0.21832	0.21832	0.21832	0.10916	0.21832	0.327478	0.21832	0.21832	0.21832	0.21832	0.327478	0.327478	0.327478	0.10916	0.21832	0.21832	0.10916	0.21832	0.21832	0.21832	0.327478	0.21832	0.10916	0.21832	0.21832	0.21832	0.10916	0.10916	0.21832	0.10916	0	0.10916	0.21832	0.10916	0	0.10916	0.21832	0.10916	0.21832	0.21832	0	0.10916	0.21832	0.10916	0.10916	0.21832	0.10916	0.21832	0.21832	0.21832	0.21832	0	0.21832	0.21832	0.21832	0.21832	0.10916	0.21832	0.21832	0.21832	0.21832
0.10914	0.218279	0.218279	0.218279	0.10914	0	0.218279	0.218279	0	0.218279	0.218279	0	0.218279	0.218279	0	0	0	0	0.10914	0.218279	0.10914	0	0	0	0	0.10914	0.218279	0.10914	0	0	0	0	0	0	0	0	0	0	0	0	0	0.10914	0.218279	0.10914	0	0	0.218279	0.218279	0.10914	0.327416	0.436551	0.436551	0.545683	0.436551	0.327416	0.545683	0.436551	0.327416	0.545683	0.545683	0.545683	0.65481	0.65481	0.545683	0.436551	0.65481	0.65481	0.545683	0.545683	0.545683	0.65481	0.545683	0.327416	0.327416	0.545683	0.436551	0.436551	0.327416	0.218279	0.327416	0.327416	0.436551	0.327416	0.10914	0	0.10914	0.218279	0.10914	0	0	0	0	0	0	0.218279	0.218279	0	0.10914	0.218279	0.10914	0.10914	0.218279	0.10914	0.10914	0.218279	0.10914	0	0.218279	0.218279	0	0.10914	0.218279	0.10914	0	0	0	0.218279	0.10914	0.218279	0.218279	0.218279	0.10914	0	0.218279	0.218279	0.10914	0.218279	0.10914	0.10914	0.218279	0.327416	0.218279	0.10914	0.218279	0.327416	0.218279	0.10914	0.218279	0.218279	0.218279	0.10914	0.218279	0.218279	0.10914	0.218279	0.10914	0	0	0.10914	0.218279	0.10914	0	0.10914	0.218279	0.10914	0	0	0	0.10914	0.218279	0.10914	0	0.218279	0.218279	0	0	0.218279	0.218279	0	0	0.218279	0.218279	0	0.10914	0.218279	0.10914	0	0	0	0.10914	0	0.10914	0	0	0	0	0.218279	0.218279	0.10914	0.218279	0.10914	0.10914	0.218279	0.10914	0.218279	0.218279	0.218279	0.218279	0.10914	0.218279	0.327416	0.218279	0.218279	0.218279	0.218279	0.327416	0.327416	0.327416	0.10914	0.218279	0.218279	0.10914	0.218279	0.218279	0.218279	0.327416	0.218279	0.10914	0.218279	0.218279	0.218279	0.10914	0.10914	0.218279	0.10914	0	0.10914	0.218279	0.10914	0	0.10914	0.218279	0.10914	0.218279	0.218279	0	0.10914	0.218279	0.10914	0.10914	0.218279	0.10914	0.218279	0.218279	0.218279	0.218279	0	0.218279	0.218279	0.218279	0.218279	0.10914	0.218279	0.218279	0.218279	0.218279
0.109119	0.218237	0.218237	0.218237	0.109119	0	0.218237	0.218237	0	0.218237	0.218237	0	0.218237	0.218237	0	0	0	0	0.109119	0.218237	0.109119	0	0	0	0	0.109119	0.218237	0.109119	0	0	0	0	0	0	0	0	0	0	0	0	0	0.109119	0.218237	0.109119	0	0	0.218237	0.218237	0.109119	0.327354	0.436468	0.436468	0.545579	0.436468	0.327354	0.545579	0.436468	0.327354	0.545579	0.545579	0.545579	0.654686	0.654686	0.545579	0.436468	0.654686	0.654686	0.545579	0.545579	0.545579	0.654686	0.545579	0.327354	0.327354	0.545579	0.436468	0.436468	0.327354	0.218237	0.327354	0.327354	0.436468	0.327354	0.109119	0	0.109119	0.218237	0.109119	0	0	0	0	0	0	0.218237	0.218237	0	0.109119	0.218237	0.109119	0.109119	0.218237	0.109119	0.109119	0.218237	0.109119	0	0.218237	0.218237	0	0.109119	0.218237	0.109119	0	0	0	0.218237	0.109119	0.218237	0.218237	0.218237	0.109119	0	0.218237	0.218237	0.109119	0.218237	0.109119	0.109119	0.218237	0.327354	0.218237	0.109119	0.218237	0.327354	0.218237	0.109119	0.218237	0.218237	0.218237	0.109119	0.218237	0.218237	0.109119	0.218237	0.109119	0	0	0.109119	0.218237	0.109119	0	0.109119	0.218237	0.109119	0	0	0	0.109119	0.218237	0.109119	0	0.218237	0.218237	0	0	0.218237	0.218237	0	0	0.218237	0.218237	0	0.109119	0.218237	0.109119	0	0	0	0.109119	0	0.109119	0	0	0	0	0.218237	0.218237	0.109119	0.218237	0.109119	0.109119	0.218237	0.109119	0.218237	0.218237	0.218237	0.218237	0.109119	0.218237	0.327354	0.218237	0.218237	0.218237	0.218237	0.327354	0.327354	0.327354	0.109119	0.218237	0.218237	0.109119	0.218237	0.218237	0.218237	0.327354	0.218237	0.109119	0.218237	0.218237	0.218237	0.109119	0.109119	0.218237	0.109119	0	0.109119	0.218237	0.109119	0	0.109119	0.218237	0.109119	0.218237	0.218237	0	0.109119	0.218237	0.109119	0.109119	0.218237	0.109119	0.218237	0.218237	0.218237	0.218237	0	0.218237	0.218237	0.218237	0.218237	0.109119	0.218237	0.218237	0.218237	0.218237
0.588798	0.56953	0.537264	0.537264	0.470856	0.493988	0.587529	0.517519	0.436418	0.451493	0.439805	0.410051	0.415453	0.318087	0.218212	0.218212	0.218212	0.218212	0.207729	0.196682	0.0862497	0	0	0.0771467	0.172511	0.207729	0.196682	0.0862497	0.0771467	0.172511	0.218212	0.218212	0.218212	0.218212	0.218212	0.218212	0.172511	0.0771467	0	0	0	0.0862497	0.196682	0.192866	0.0771467	0.0771467	0.243952	0.243952	0.231439	0.39336	0.487895	0.451468	0.502903	0.439778	0.331804	0.518916	0.493948	0.379886	0.502903	0.518916	0.545471	0.654556	0.654556	0.545471	0.436381	0.627878	0.609852	0.552252	0.587494	0.587494	0.659095	0.627894	0.502919	0.426046	0.590029	0.579862	0.579862	0.507347	0.501456	0.598811	0.659131	0.817321	0.89715	0.879575	0.872785	0.856438	0.846828	0.849463	0.872785	0.900468	0.983376	1.06402	1.14676	1.25571	1.26515	1.15709	1.11853	1.18063	1.18816	1.18063	1.23481	1.2111	1.12119	1.12648	1.16605	1.12119	1.09093	1.08066	1.05911	1.06402	1.06681	0.995401	0.845954	0.711251	0.602538	0.493988	0.415453	0.278165	0.308584	0.308584	0.308584	0.243964	0.172511	0.278144	0.218194	0.172499	0.318075	0.280822	0.365943	0.477125	0.5455	0.487919	0.483329	0.537264	0.552279	0.524652	0.535882	0.623165	0.673645	0.690011	0.663638	0.690011	0.690011	0.663638	0.690011	0.663638	0.654611	0.654611	0.63265	0.56953	0.470856	0.436418	0.470856	0.56953	0.63265	0.654611	0.654611	0.654611	0.663638	0.690011	0.663638	0.654611	0.690011	0.690011	0.654611	0.654611	0.690011	0.690011	0.654611	0.602538	0.587529	0.587529	0.493988	0.470856	0.552287	0.535882	0.464494	0.436418	0.436418	0.43127	0.33183	0.258765	0.218212	0.218212	0.218212	0.218212	0.231439	0.172499	0.0862497	0.196682	0.207729	0.243964	0.308584	0.243964	0.308584	0.308584	0.308584	0.308584	0.243964	0.308584	0.385728	0.393373	0.385728	0.308584	0.308584	0.387649	0.424299	0.46287	0.329577	0.347156	0.308584	0.243964	0.308584	0.310982	0.27275	0.355618	0.308584	0.234635	0.27275	0.27275	0.27275	0.196689	0.192866	0.243952	0.159039	0.0385734	0.139073	0.22491	0.121976	0.121983	0.196689	0.27275	0.234635	0.308584	0.308584	0.218212	0.243964	0.308584	0.280822	0.329577	0.355631	0.329577	0.393373	0.355631	0.349296	0.349296	0.33183	0.402721	0.393373	0.469261	0.487919	0.483329	0.573431	0.587529	0.587529	0.587529
0.603652	0.548132	0.537162	0.537162	0.464406	0.517421	0.587418	0.493894	0.436335	0.431188	0.439721	0.417164	0.38567	0.278112	0.218171	0.218171	0.218171	0.218171	0.192837	0.121959	0.038566	0	0	0.172466	0.231395	0.192837	0.121959	0.038566	0.172466	0.231395	0.218171	0.218171	0.218171	0.218171	0.218171	0.218171	0.231395	0.172466	0	0	0	0.038566	0.121959	0.234584	0.172466	0.172466	0.243905	0.243905	0.318014	0.393285	0.487802	0.402625	0.397041	0.439694	0.331741	0.464367	0.602374	0.431159	0.397041	0.464367	0.545367	0.654431	0.654431	0.545367	0.436298	0.573282	0.502808	0.501331	0.587382	0.587382	0.5615	0.583583	0.589917	0.425965	0.502823	0.579752	0.579752	0.477034	0.483237	0.573321	0.621857	0.760624	0.880248	0.879407	0.872619	0.86663	0.846667	0.845793	0.872619	0.903593	0.995212	1.0666	1.15687	1.26491	1.25547	1.14655	1.12097	1.18794	1.1804	1.18794	1.24178	1.20101	1.11832	1.13416	1.16583	1.11832	1.09073	1.07216	1.05891	1.0666	1.06381	0.983189	0.856275	0.727651	0.621857	0.517421	0.38567	0.278112	0.308525	0.308525	0.308525	0.243918	0.231395	0.385639	0.218152	0.278091	0.41535	0.310929	0.425971	0.50725	0.545396	0.487826	0.501361	0.537162	0.524552	0.552174	0.552182	0.646472	0.695243	0.68988	0.663512	0.68988	0.68988	0.663512	0.68988	0.663512	0.654486	0.654486	0.627811	0.548132	0.464406	0.436335	0.464406	0.548132	0.627811	0.654486	0.654486	0.654486	0.663512	0.68988	0.663512	0.654486	0.68988	0.68988	0.654486	0.654486	0.68988	0.68988	0.654486	0.621857	0.587418	0.587418	0.517421	0.464406	0.53578	0.552182	0.470766	0.436335	0.436335	0.451407	0.365874	0.246952	0.218171	0.218171	0.218171	0.218171	0.172478	0.077132	0.038566	0.121959	0.192837	0.243918	0.308525	0.243918	0.308525	0.308525	0.308525	0.308525	0.243918	0.308525	0.318027	0.393298	0.469159	0.308525	0.308525	0.34709	0.387581	0.462782	0.355563	0.387575	0.308525	0.243918	0.308525	0.35555	0.272698	0.310923	0.308525	0.26996	0.272698	0.272698	0.272698	0.196651	0.234584	0.243905	0.207678	0.0862333	0.192822	0.224867	0.121953	0.196645	0.196651	0.272698	0.26996	0.308525	0.308525	0.218171	0.243918	0.308525	0.310929	0.355563	0.329514	0.355563	0.393298	0.329514	0.349229	0.349229	0.365874	0.379838	0.393298	0.539908	0.487826	0.501361	0.598697	0.587418	0.587418	0.587418
0.218111	0	0.218111	0.218111	0	0.218111	0.218111	0	0	0.109056	0.218111	0.109056	0	0	0	0	0	0	0	0	0	0	0	0.218111	0.218111	0	0	0	0.218111	0.218111	0	0	0	0	0	0	0.218111	0.218111	0	0	0	0	0	0.218111	0.218111	0.218111	0.218111	0.218111	0.327164	0.327164	0.436215	0.327164	0.327164	0.436215	0.327164	0.436215	0.654307	0.436215	0.327164	0.436215	0.545263	0.654307	0.654307	0.545263	0.436215	0.545263	0.436215	0.436215	0.545263	0.545263	0.436215	0.436215	0.545263	0.327164	0.327164	0.436215	0.436215	0.218111	0.109056	0.218111	0.109056	0.109056	0.218111	0.109056	0	0.218111	0.218111	0	0	0.109056	0.218111	0.109056	0.218111	0.218111	0	0	0.109056	0.218111	0.109056	0.218111	0.218111	0	0	0.218111	0.218111	0	0	0.109056	0.218111	0.109056	0	0	0.218111	0.218111	0.218111	0.218111	0	0.109056	0.218111	0.218111	0.218111	0.109056	0.218111	0.436215	0.218111	0.327164	0.436215	0.218111	0.327164	0.327164	0.327164	0.218111	0.218111	0.218111	0.218111	0.327164	0.218111	0.327164	0.327164	0.218111	0.109056	0.218111	0.218111	0.109056	0.218111	0.109056	0	0	0	0	0	0	0	0	0	0	0	0	0.109056	0.218111	0.109056	0	0.218111	0.218111	0	0	0.218111	0.218111	0	0.218111	0.218111	0.218111	0.218111	0	0.109056	0.218111	0.109056	0	0	0.218111	0.218111	0	0	0	0	0	0	0	0	0	0	0.109056	0.218111	0.109056	0.218111	0.218111	0.218111	0.218111	0.109056	0.218111	0.109056	0.218111	0.436215	0.218111	0.218111	0.218111	0.218111	0.327164	0.218111	0.327164	0.218111	0.109056	0.218111	0.327164	0.218111	0.218111	0.218111	0.218111	0.218111	0.218111	0.218111	0.109056	0.218111	0.218111	0.218111	0.109056	0.218111	0.218111	0.109056	0.218111	0.109056	0.218111	0.218111	0.218111	0.218111	0	0.109056	0.218111	0.218111	0.218111	0.109056	0.218111	0.218111	0.109056	0.218111	0.218111	0.218111	0.109056	0.218111	0.436215	0.218111	0.218111	0.327164	0.218111	0.218111	0.218111
0.218069	0	0.218069	0.218069	0	0.218069	0.218069	0	0	0.109035	0.218069	0.109035	0	0	0	0	0	0	0	0	0	0	0	0.218069	0.218069	0	0	0	0.218069	0.218069	0	0	0	0	0	0	0.218069	0.218069	0	0	0	0	0	0.218069	0.218069	0.218069	0.218069	0.218069	0.327102	0.327102	0.436132	0.327102	0.327102	0.436132	0.327102	0.436132	0.654182	0.436132	0.327102	0.436132	0.545159	0.654182	0.654182	0.545159	0.436132	0.545159	0.436132	0.436132	0.545159	0.545159	0.436132	0.436132	0.545159	0.327102	0.327102	0.436132	0.436132	0.218069	0.109035	0.218069	0.109035	0.109035	0.218069	0.109035	0	0.218069	0.218069	0	0	0.109035	0.218069	0.109035	0.218069	0.218069	0	0	0.109035	0.218069	0.109035	0.218069	0.218069	0	0	0.218069	0.218069	0	0	0.109035	0.218069	0.109035	0	0	0.218069	0.218069	0.218069	0.218069	0	0.109035	0.218069	0.218069	0.218069	0.109035	0.218069	0.436132	0.218069	0.327102	0.436132	0.218069	0.327102	0.327102	0.327102	0.218069	0.218069	0.218069	0.218069	0.327102	0.218069	0.327102	0.327102	0.218069	0.109035	0.218069	0.218069	0.109035	0.218069	0.109035	0	0	0	0	0	0	0	0	0	0	0	0	0.109035	0.218069	0.109035	0	0.218069	0.218069	0	0	0.218069	0.218069	0	0.218069	0.218069	0.218069	0.218069	0	0.109035	0.218069	0.109035	0	0	0.218069	0.218069	0	0	0	0	0	0	0	0	0	0	0.109035	0.218069	0.109035	0.218069	0.218069	0.218069	0.218069	0.109035	0.218069	0.109035	0.218069	0.436132	0.218069	0.218069	0.218069	0.218069	0.327102	0.218069	0.327102	0.218069	0.109035	0.218069	0.327102	0.218069	0.218069	0.218069	0.218069	0.218069	0.218069	0.218069	0.109035	0.218069	0.218069	0.218069	0.109035	0.218069	0.218069	0.109035	0.218069	0.109035	0.218069	0.218069	0.218069	0.218069	0	0.109035	0.218069	0.218069	0.218069	0.109035	0.218069	0.218069	0.109035	0.218069	0.218069	0.218069	0.109035	0.218069	0.436132	0.218069	0.218069	0.327102	0.218069	0.218069	0.218069
0.218028	0	0.218028	0.218028	0	0.218028	0.218028	0	0	0.109014	0.218028	0.109014	0	0	0	0	0	0	0	0	0	0	0	0.218028	0.218028	0	0	0	0.218028	0.218028	0	0	0	0	0	0	0.218028	0.218028	0	0	0	0	0	0.218028	0.218028	0.218028	0.218028	0.218028	0.32704	0.32704	0.436049	0.32704	0.32704	0.436049	0.32704	0.436049	0.654058	0.436049	0.32704	0.436049	0.545055	0.654058	0.654058	0.545055	0.436049	0.545055	0.436049	0.436049	0.545055	0.545055	0.436049	0.436049	0.545055	0.32704	0.32704	0.436049	0.436049	0.218028	0.109014	0.218028	0.109014	0.109014	0.218028	0.109014	0	0.218028	0.218028	0	0	0.109014	0.218028	0.109014	0.218028	0.218028	0	0	0.109014	0.218028	0.109014	0.218028	0.218028	0	0	0.218028	0.218028	0	0	0.109014	0.218028	0.109014	0	0	0.218028	0.218028	0.218028	0.218028	0	0.109014	0.218028	0.218028	0.218028	0.109014	0.218028	0.436049	0.218028	0.32704	0.436049	0.218028	0.32704	0.32704	0.32704	0.218028	0.218028	0.218028	0.218028	0.32704	0.218028	0.32704	0.32704	0.218028	0.109014	0.218028	0.218028	0.109014	0.218028	0.109014	0	0	0	0	0	0	0	0	0	0	0	0	0.109014	0.218028	0.109014	0	0.218028	0.218028	0	0	0.218028	0.218028	0	0.218028	0.218028	0.218028	0.218028	0	0.109014	0.218028	0.109014	0	0	0.218028	0.218028	0	0	0	0	0	0	0	0	0	0	0.109014	0.218028	0.109014	0.218028	0.218028	0.218028	0.218028	0.109014	0.218028	0.109014	0.218028	0.436049	0.218028	0.218028	0.218028	0.218028	0.32704	0.218028	0.32704	0.218028	0.109014	0.218028	0.32704	0.218028	0.218028	0.218028	0.218028	0.218028	0.218028	0.218028	0.109014	0.218028	0.218028	0.218028	0.109014	0.218028	0.218028	0.109014	0.218028	0.109014	0.218028	0.218028	0.218028	0.218028	0	0.109014	0.218028	0.218028	0.218028	0.109014	0.218028	0.218028	0.109014	0.218028	0.218028	0.218028	0.109014	0.218028	0.436049	0.218028	0.218028	0.32704	0.218028	0.218028	0.218028
0.217986	0	0.217986	0.217986	0	0.217986	0.217986	0	0	0.108994	0.217986	0.108994	0	0	0	0	0	0	0	0	0	0	0	0.217986	0.217986	0	0	0	0.217986	0.217986	0	0	0	0	0	0	0.217986	0.217986	0	0	0	0	0	0.217986	0.217986	0.217986	0.217986	0.217986	0.326977	0.326977	0.435966	0.326977	0.326977	0.435966	0.326977	0.435966	0.653933	0.435966	0.326977	0.435966	0.544952	0.653933	0.653933	0.544952	0.435966	0.544952	0.435966	0.435966	0.544952	0.544952	0.435966	0.435966	0.544952	0.326977	0.326977	0.435966	0.435966	0.217986	0.108994	0.217986	0.108994	0.108994	0.217986	0.108994	0	0.217986	0.217986	0	0	0.108994	0.217986	0.108994	0.217986	0.217986	0	0	0.108994	0.217986	0.108994	0.217986	0.217986	0	0	0.217986	0.217986	0	0	0.108994	0.217986	0.108994	0	0	0.217986	0.217986	0.217986	0.217986	0	0.108994	0.217986	0.217986	0.217986	0.108994	0.217986	0.435966	0.217986	0.326977	0.435966	0.217986	0.326977	0.326977	0.326977	0.217986	0.217986	0.217986	0.217986	0.326977	0.217986	0.326977	0.326977	0.217986	0.108994	0.217986	0.217986	0.108994	0.217986	0.108994	0	0	0	0	0	0	0	0	0	0	0	0	0.108994	0.217986	0.108994	0	0.217986	0.217986	0	0	0.217986	0.217986	0	0.217986	0.217986	0.217986	0.217986	0	0.108994	0.217986	0.108994	0	0	0.217986	0.217986	0	0	0	0	0	0	0	0	0	0	0.108994	0.217986	0.108994	0.217986	0.217986	0.217986	0.217986	0.108994	0.217986	0.108994	0.217986	0.435966	0.217986	0.217986	0.217986	0.217986	0.326977	0.217986	0.326977	0.217986	0.108994	0.217986	0.326977	0.217986	0.217986	0.217986	0.217986	0.217986	0.217986	0.217986	0.108994	0.217986	0.217986	0.217986	0.108994	0.217986	0.217986	0.108994	0.217986	0.108994	0.217986	0.217986	0.217986	0.217986	0	0.108994	0.217986	0.217986	0.217986	0.108994	0.217986	0.217986	0.108994	0.217986	0.217986	0.217986	0.108994	0.217986	0.435966	0.217986	0.217986	0.326977	0.217986	0.217986	0.217986
0.217945	0	0.217945	0.217945	0	0.217945	0.217945	0	0	0.108973	0.217945	0.108973	0	0	0	0	0	0	0	0	0	0	0	0.217945	0.217945	0	0	0	0.217945	0.217945	0	0	0	0	0	0	0.217945	0.217945	0	0	0	0	0	0.217945	0.217945	0.217945	0.217945	0.217945	0.326915	0.326915	0.435883	0.326915	0.326915	0.435883	0.326915	0.435883	0.653809	0.435883	0.326915	0.435883	0.544848	0.653809	0.653809	0.544848	0.435883	0.544848	0.435883	0.435883	0.544848	0.544848	0.435883	0.435883	0.544848	0.326915	0.326915	0.435883	0.435883	0.217945	0.108973	0.217945	0.108973	0.108973	0.217945	0.108973	0	0.217945	0.217945	0	0	0.108973	0.217945	0.108973	0.217945	0.217945	0	0	0.108973	0.217945	0.108973	0.217945	0.217945	0	0	0.217945	0.217945	0	0	0.108973	0.217945	0.108973	0	0	0.217945	0.217945	0.217945	0.217945	0	0.108973	0.217945	0.217945	0.217945	0.108973	0.217945	0.435883	0.217945	0.326915	0.435883	0.217945	0.326915	0.326915	0.326915	0.217945	0.217945	0.217945	0.217945	0.326915	0.217945	0.326915	0.326915	0.217945	0.108973	0.217945	0.217945	0.108973	0.217945	0.108973	0	0	0	0	0	0	0	0	0	0	0	0	0.108973	0.217945	0.108973	0	0.217945	0.217945	0	0	0.217945	0.217945	0	0.217945	0.217945	0.217945	0.217945	0	0.108973	0.217945	0.108973	0	0	0.217945	0.217945	0	0	0	0	0	0	0	0	0	0	0.108973	0.217945	0.108973	0.217945	0.217945	0.217945	0.217945	0.108973	0.217945	0.108973	0.217945	0.435883	0.217945	0.217945	0.217945	0.217945	0.326915	0.217945	0.326915	0.217945	0.108973	0.217945	0.326915	0.217945	0.217945	0.217945	0.217945	0.217945	0.217945	0.217945	0.108973	0.217945	0.217945	0.217945	0.108973	0.217945	0.217945	0.108973	0.217945	0.108973	0.217945	0.217945	0.217945	0.217945	0	0.108973	0.217945	0.217945	0.217945	0.108973	0.217945	0.217945	0.108973	0.217945	0.217945	0.217945	0.108973	0.217945	0.435883	0.217945	0.217945	0.326915	0.217945	0.217945	0.217945
0.217903	0	0.217903	0.217903	0	0.217903	0.217903	0	0	0.108952	0.217903	0.108952	0	0	0	0	0	0	0	0	0	0	0	0.217903	0.217903	0	0	0	0.217903	0.217903	0	0	0	0	0	0	0.217903	0.217903	0	0	0	0	0	0.217903	0.217903	0.217903	0.217903	0.217903	0.326853	0.326853	0.4358	0.326853	0.326853	0.4358	0.326853	0.4358	0.653685	0.4358	0.326853	0.4358	0.544745	0.653685	0.653685	0.544745	0.4358	0.544745	0.4358	0.4358	0.544745	0.544745	0.4358	0.4358	0.544745	0.326853	0.326853	0.4358	0.4358	0.217903	0.108952	0.217903	0.108952	0.108952	0.217903	0.108952	0	0.217903	0.217903	0	0	0.108952	0.217903	0.108952	0.217903	0.217903	0	0	0.108952	0.217903	0.108952	0.217903	0.217903	0	0	0.217903	0.217903	0	0	0.108952	0.217903	0.108952	0	0	0.217903	0.217903	0.217903	0.217903	0	0.108952	0.217903	0.217903	0.217903	0.108952	0.217903	0.4358	0.217903	0.326853	0.4358	0.217903	0.326853	0.326853	0.326853	0.217903	0.217903	0.217903	0.217903	0.326853	0.217903	0.326853	0.326853	0.217903	0.108952	0.217903	0.217903	0.108952	0.217903	0.108952	0	0	0	0	0	0	0	0	0	0	0	0	0.108952	0.217903	0.108952	0	0.217903	0.217903	0	0	0.217903	0.217903	0	0.217903	0.217903	0.217903	0.217903	0	0.108952	0.217903	0.108952	0	0	0.217903	0.217903	0	0	0	0	0	0	0	0	0	0	0.108952	0.217903	0.108952	0.217903	0.217903	0.217903	0.217903	0.108952	0.217903	0.108952	0.217903	0.4358	0.217903	0.217903	0.217903	0.217903	0.326853	0.217903	0.326853	0.217903	0.108952	0.217903	0.326853	0.217903	0.217903	0.217903	0.217903	0.217903	0.217903	0.217903	0.108952	0.217903	0.217903	0.217903	0.108952	0.217903	0.217903	0.108952	0.217903	0.108952	0.217903	0.217903	0.217903	0.217903	0	0.108952	0.217903	0.217903	0.217903	0.108952	0.217903	0.217903	0.108952	0.217903	0.217903	0.217903	0.108952	0.217903	0.4358	0.217903	0.217903	0.326853	0.217903	0.217903	0.217903
0.688957	0.65361	0.65474	0.637522	0.62697	0.621025	0.516729	0.435751	0.493233	0.587899	0.56866	0.470136	0.435751	0.435751	0.435751	0.435751	0.409424	0.331323	0.246621	0.217878	0.217878	0.217878	0.192579	0.272334	0.2696	0.217878	0.217878	0.217878	0.310514	0.348763	0.246621	0.217878	0.217878	0.217878	0.217878	0.217878	0.231086	0.172237	0	0	0.0770291	0.172247	0.217878	0.308113	0.308113	0.308113	0.308113	0.308113	0.392761	0.392761	0.450781	0.329057	0.310501	0.439109	0.363328	0.416577	0.626923	0.463749	0.331299	0.409393	0.544641	0.653561	0.601572	0.516697	0.487152	0.572527	0.513826	0.523829	0.560751	0.620998	0.616209	0.617414	0.732752	0.694314	0.730739	0.793961	0.852513	0.865471	0.855129	0.845534	0.824221	0.801412	0.812439	0.848165	0.871451	0.940209	1.04763	1.08927	1.08927	1.0947	1.11083	1.0947	1.04763	0.940209	0.927507	1.03625	1.06518	0.99388	0.902384	0.898263	0.898263	0.871451	0.871451	0.865471	0.812439	0.735807	0.681386	0.572563	0.396538	0.224583	0.121796	0.0385146	0.192565	0.224568	0.207401	0.24358	0.0861185	0.158796	0.31759	0.38514	0.392773	0.450803	0.572555	0.62101	0.560774	0.672608	0.702798	0.622214	0.719488	0.730739	0.730739	0.688957	0.688957	0.758626	0.826911	0.844653	0.793038	0.793969	0.779831	0.809692	0.855129	0.833168	0.726677	0.662624	0.688957	0.662624	0.65361	0.65361	0.710164	0.818806	0.871451	0.871451	0.844661	0.764476	0.681386	0.65361	0.65361	0.62697	0.587899	0.602844	0.631683	0.62697	0.637522	0.637522	0.547398	0.463784	0.487174	0.487174	0.385154	0.392773	0.402106	0.439133	0.439133	0.331323	0.293324	0.348763	0.280394	0.172247	0.0770291	0.172237	0.234271	0.121796	0.0385146	0.0385146	0.121796	0.192579	0.217878	0.217878	0.217878	0.217878	0.217878	0.25837	0.365385	0.37933	0.392773	0.414818	0.516729	0.586632	0.535064	0.551443	0.535064	0.536444	0.664843	0.622214	0.572555	0.536444	0.536444	0.597896	0.586632	0.645608	0.622214	0.516729	0.487174	0.551436	0.536444	0.523851	0.487174	0.50069	0.536444	0.523851	0.476396	0.37933	0.387064	0.346627	0.308113	0.231086	0.258354	0.224568	0.138861	0.217862	0.138861	0.224568	0.192565	0.217862	0.217862	0.0770291	0.192572	0.234271	0.24358	0.24358	0.192572	0.310508	0.346627	0.329073	0.430604	0.476396	0.487174	0.449159	0.487174	0.616209	0.487174	0.487174	0.544668	0.523851	0.572555	0.586632
0.688826	0.653486	0.640884	0.6374	0.631563	0.601503	0.493139	0.435668	0.516631	0.60273	0.547294	0.463696	0.435668	0.435668	0.435668	0.435668	0.416527	0.365315	0.258321	0.217837	0.217837	0.217837	0.207372	0.272282	0.234232	0.217837	0.217837	0.217837	0.28034	0.348696	0.258321	0.217837	0.217837	0.217837	0.217837	0.217837	0.172214	0.0770144	0	0	0.172204	0.231042	0.217837	0.308055	0.308055	0.308055	0.308055	0.308055	0.392686	0.392686	0.402012	0.280329	0.258305	0.439025	0.416497	0.363259	0.572411	0.518028	0.331236	0.355001	0.544537	0.653436	0.493103	0.414718	0.487059	0.523729	0.513728	0.572418	0.468445	0.539085	0.616092	0.582706	0.664717	0.672488	0.730601	0.767222	0.809538	0.854967	0.865306	0.845374	0.824064	0.812284	0.80126	0.844501	0.871285	0.927331	1.03605	1.08906	1.08906	1.09449	1.11062	1.09449	1.03605	0.927331	0.940031	1.04743	1.06219	0.981687	0.898921	0.898092	0.898092	0.871285	0.871285	0.854967	0.80126	0.739686	0.685594	0.587787	0.396463	0.22454	0.196346	0.0861021	0.138835	0.224525	0.158766	0.243534	0.246556	0.207361	0.414718	0.468445	0.392698	0.540462	0.597783	0.560667	0.620892	0.702665	0.672481	0.645486	0.747644	0.730601	0.730601	0.688826	0.688826	0.804019	0.844493	0.826754	0.792888	0.77492	0.779683	0.852351	0.865306	0.81865	0.710029	0.662498	0.688826	0.662498	0.653486	0.653486	0.726539	0.833009	0.871285	0.871285	0.848004	0.779691	0.685594	0.653486	0.653486	0.631563	0.60273	0.587787	0.626851	0.631563	0.6374	0.6374	0.568552	0.470047	0.487082	0.487082	0.414739	0.392698	0.379257	0.43905	0.43905	0.365315	0.293268	0.348696	0.310455	0.231042	0.172204	0.0770144	0.192535	0.196346	0.0861021	0.0861021	0.196346	0.207372	0.217837	0.217837	0.217837	0.217837	0.217837	0.246574	0.33126	0.402029	0.392698	0.385081	0.493139	0.58652	0.551339	0.534962	0.551339	0.536342	0.608844	0.645486	0.597783	0.536342	0.536342	0.572446	0.58652	0.622095	0.645486	0.560667	0.487082	0.523752	0.536342	0.551331	0.487082	0.482498	0.536342	0.551331	0.506476	0.402029	0.423572	0.386984	0.308055	0.31753	0.310442	0.224525	0.192528	0.21782	0.192528	0.224525	0.138835	0.21782	0.21782	0.172204	0.234226	0.192535	0.243534	0.243534	0.234226	0.355009	0.386984	0.35502	0.463681	0.506476	0.487082	0.449074	0.487082	0.616092	0.487082	0.487082	0.544564	0.551331	0.597783	0.58652
0.217779	0	0.10889	0.217779	0.10889	0	0	0	0.217779	0.217779	0	0	0	0	0	0	0.10889	0.217779	0.10889	0	0	0	0.10889	0.217779	0.10889	0	0	0	0.10889	0.217779	0.10889	0	0	0	0	0	0	0	0	0	0.217779	0.217779	0	0.217779	0.217779	0.217779	0.217779	0.217779	0.326667	0.326667	0.326667	0.217779	0.217779	0.435552	0.435552	0.326667	0.544434	0.544434	0.326667	0.326667	0.544434	0.653312	0.435552	0.326667	0.435552	0.435552	0.435552	0.544434	0.326667	0.326667	0.435552	0.326667	0.326667	0.217779	0.326667	0.326667	0.217779	0.10889	0.217779	0.217779	0.10889	0.217779	0.10889	0	0	0	0	0	0	0.10889	0.217779	0.10889	0	0	0.217779	0.217779	0	0	0	0.217779	0.217779	0	0	0.10889	0.10889	0.10889	0.10889	0.217779	0.217779	0.10889	0.217779	0.10889	0.10889	0.217779	0.10889	0.217779	0.326667	0.217779	0.435552	0.435552	0.217779	0.435552	0.326667	0.217779	0.435552	0.435552	0.326667	0.326667	0.435552	0.326667	0.326667	0.217779	0.217779	0.435552	0.326667	0.217779	0.217779	0.217779	0.326667	0.435552	0.217779	0	0	0.10889	0.217779	0.10889	0	0	0.217779	0.217779	0	0	0.10889	0.217779	0.10889	0	0	0.10889	0.217779	0.10889	0	0.10889	0.217779	0.217779	0.217779	0.10889	0.217779	0.217779	0.217779	0.217779	0.10889	0.217779	0.217779	0.217779	0.10889	0.217779	0.217779	0.217779	0.217779	0	0.10889	0.217779	0.10889	0.10889	0.217779	0.10889	0	0	0	0	0	0	0	0.217779	0.217779	0	0	0.217779	0.217779	0.10889	0.217779	0.217779	0.217779	0.326667	0.326667	0.217779	0.217779	0.217779	0.217779	0.217779	0.326667	0.326667	0.217779	0.217779	0.217779	0.326667	0.217779	0.10889	0.217779	0.326667	0.326667	0.217779	0.326667	0.326667	0.217779	0.326667	0.326667	0.217779	0.217779	0.217779	0.217779	0.217779	0.10889	0.217779	0.217779	0.217779	0.217779	0.10889	0.217779	0.217779	0.217779	0.326667	0.326667	0.217779	0.326667	0.326667	0.217779	0.10889	0.217779	0.435552	0.217779	0.217779	0.326667	0.326667	0.326667	0.217779
0.217738	0	0.108869	0.217738	0.108869	0	0	0	0.217738	0.217738	0	0	0	0	0	0	0.108869	0.217738	0.108869	0	0	0	0.108869	0.217738	0.108869	0	0	0	0.108869	0.217738	0.108869	0	0	0	0	0	0	0	0	0	0.217738	0.217738	0	0.217738	0.217738	0.217738	0.217738	0.217738	0.326605	0.326605	0.326605	0.217738	0.217738	0.435469	0.435469	0.326605	0.544331	0.544331	0.326605	0.326605	0.544331	0.653188	0.435469	0.326605	0.435469	0.435469	0.435469	0.544331	0.326605	0.326605	0.435469	0.326605	0.326605	0.217738	0.326605	0.326605	0.217738	0.108869	0.217738	0.217738	0.108869	0.217738	0.108869	0	0	0	0	0	0	0.108869	0.217738	0.108869	0	0	0.217738	0.217738	0	0	0	0.217738	0.217738	0	0	0.108869	0.108869	0.108869	0.108869	0.217738	0.217738	0.108869	0.217738	0.108869	0.108869	0.217738	0.108869	0.217738	0.326605	0.217738	0.435469	0.435469	0.217738	0.435469	0.326605	0.217738	0.435469	0.435469	0.326605	0.326605	0.435469	0.326605	0.326605	0.217738	0.217738	0.435469	0.326605	0.217738	0.217738	0.217738	0.326605	0.435469	0.217738	0	0	0.108869	0.217738	0.108869	0	0	0.217738	0.217738	0	0	0.108869	0.217738	0.108869	0	0	0.108869	0.217738	0.108869	0	0.108869	0.217738	0.217738	0.217738	0.108869	0.217738	0.217738	0.217738	0.217738	0.108869	0.217738	0.217738	0.217738	0.108869	0.217738	0.217738	0.217738	0.217738	0	0.108869	0.217738	0.108869	0.108869	0.217738	0.108869	0	0	0	0	0	0	0	0.217738	0.217738	0	0	0.217738	0.217738	0.108869	0.217738	0.217738	0.217738	0.326605	0.326605	0.217738	0.217738	0.217738	0.217738	0.217738	0.326605	0.326605	0.217738	0.217738	0.217738	0.326605	0.217738	0.108869	0.217738	0.326605	0.326605	0.217738	0.326605	0.326605	0.217738	0.326605	0.326605	0.217738	0.217738	0.217738	0.217738	0.217738	0.108869	0.217738	0.217738	0.217738	0.217738	0.108869	0.217738	0.217738	0.217738	0.326605	0.326605	0.217738	0.326605	0.326605	0.217738	0.108869	0.217738	0.435469	0.217738	0.217738	0.326605	0.326605	0.326605	0.217738
0.217696	0	0.108849	0.217696	0.108849	0	0	0	0.217696	0.217696	0	0	0	0	0	0	0.108849	0.217696	0.108849	0	0	0	0.108849	0.217696	0.108849	0	0	0	0.108849	0.217696	0.108849	0	0	0	0	0	0	0	0	0	0.217696	0.217696	0	0.217696	0.217696	0.217696	0.217696	0.217696	0.326543	0.326543	0.326543	0.217696	0.217696	0.435386	0.435386	0.326543	0.544227	0.544227	0.326543	0.326543	0.544227	0.653064	0.435386	0.326543	0.435386	0.435386	0.435386	0.544227	0.326543	0.326543	0.435386	0.326543	0.326543	0.217696	0.326543	0.326543	0.217696	0.108849	0.217696	0.217696	0.108849	0.217696	0.108849	0	0	0	0	0	0	0.108849	0.217696	0.108849	0	0	0.217696	0.217696	0	0	0	0.217696	0.217696	0	0	0.108849	0.108849	0.108849	0.108849	0.217696	0.217696	0.108849	0.217696	0.108849	0.108849	0.217696	0.108849	0.217696	0.326543	0.217696	0.435386	0.435386	0.217696	0.435386	0.326543	0.217696	0.435386	0.435386	0.326543	0.326543	0.435386	0.326543	0.326543	0.217696	0.217696	0.435386	0.326543	0.217696	0.217696	0.217696	0.326543	0.435386	0.217696	0	0	0.108849	0.217696	0.108849	0	0	0.217696	0.217696	0	0	0.108849	0.217696	0.108849	0	0	0.108849	0.217696	0.108849	0	0.108849	0.217696	0.217696	0.217696	0.108849	0.217696	0.217696	0.217696	0.217696	0.108849	0.217696	0.217696	0.217696	0.108849	0.217696	0.217696	0.217696	0.217696	0	0.108849	0.217696	0.108849	0.108849	0.217696	0.108849	0	0	0	0	0	0	0	0.217696	0.217696	0	0	0.217696	0.217696	0.108849	0.217696	0.217696	0.217696	0.326543	0.326543	0.217696	0.217696	0.217696	0.217696	0.217696	0.326543	0.326543	0.217696	0.217696	0.217696	0.326543	0.217696	0.108849	0.217696	0.326543	0.326543	0.217696	0.326543	0.326543	0.217696	0.326543	0.326543	0.217696	0.217696	0.217696	0.217696	0.217696	0.108849	0.217696	0.217696	0.217696	0.217696	0.108849	0.217696	0.217696	0.217696	0.326543	0.326543	0.217696	0.326543	0.326543	0.217696	0.108849	0.217696	0.435386	0.217696	0.217696	0.326543	0.326543	0.326543	0.217696
0.217655	0	0.108828	0.217655	0.108828	0	0	0	0.217655	0.217655	0	0	0	0	0	0	0.108828	0.217655	0.108828	0	0	0	0.108828	0.217655	0.108828	0	0	0	0.108828	0.217655	0.108828	0	0	0	0	0	0	0	0	0	0.217655	0.217655	0	0.217655	0.217655	0.217655	0.217655	0.217655	0.326481	0.326481	0.326481	0.217655	0.217655	0.435304	0.435304	0.326481	0.544124	0.544124	0.326481	0.326481	0.544124	0.65294	0.435304	0.326481	0.435304	0.435304	0.435304	0.544124	0.326481	0.326481	0.435304	0.326481	0.326481	0.217655	0.326481	0.326481	0.217655	0.108828	0.217655	0.217655	0.108828	0.217655	0.108828	0	0	0	0	0	0	0.108828	0.217655	0.108828	0	0	0.217655	0.217655	0	0	0	0.217655	0.217655	0	0	0.108828	0.108828	0.108828	0.108828	0.217655	0.217655	0.108828	0.217655	0.108828	0.108828	0.217655	0.108828	0.217655	0.326481	0.217655	0.435304	0.435304	0.217655	0.435304	0.326481	0.217655	0.435304	0.435304	0.326481	0.326481	0.435304	0.326481	0.326481	0.217655	0.217655	0.435304	0.326481	0.217655	0.217655	0.217655	0.326481	0.435304	0.217655	0	0	0.108828	0.217655	0.108828	0	0	0.217655	0.217655	0	0	0.108828	0.217655	0.108828	0	0	0.108828	0.217655	0.108828	0	0.108828	0.217655	0.217655	0.217655	0.108828	0.217655	0.217655	0.217655	0.217655	0.108828	0.217655	0.217655	0.217655	0.108828	0.217655	0.217655	0.217655	0.217655	0	0.108828	0.217655	0.108828	0.108828	0.217655	0.108828	0	0	0	0	0	0	0	0.217655	0.217655	0	0	0.217655	0.217655	0.108828	0.217655	0.217655	0.217655	0.326481	0.326481	0.217655	0.217655	0.217655	0.217655	0.217655	0.326481	0.326481	0.217655	0.217655	0.217655	0.326481	0.217655	0.108828	0.217655	0.326481	0.326481	0.217655	0.326481	0.326481	0.217655	0.326481	0.326481	0.217655	0.217655	0.217655	0.217655	0.217655	0.108828	0.217655	0.217655	0.217655	0.217655	0.108828	0.217655	0.217655	0.217655	0.326481	0.326481	0.217655	0.326481	0.326481	0.217655	0.108828	0.217655	0.435304	0.217655	0.217655	0.326481	0.326481	0.326481	0.217655
0.217614	0	0.108807	0.217614	0.108807	0	0	0	0.217614	0.217614	0	0	0	0	0	0	0.108807	0.217614	0.108807	0	0	0	0.108807	0.217614	0.108807	0	0	0	0.108807	0.217614	0.108807	0	0	0	0	0	0	0	0	0	0.217614	0.217614	0	0.217614	0.217614	0.217614	0.217614	0.217614	0.326419	0.326419	0.326419	0.217614	0.217614	0.435221	0.435221	0.326419	0.54402	0.54402	0.326419	0.326419	0.54402	0.652816	0.435221	0.326419	0.435221	0.435221	0.435221	0.54402	0.326419	0.326419	0.435221	0.326419	0.326419	0.217614	0.326419	0.326419	0.217614	0.108807	0.217614	0.217614	0.108807	0.217614	0.108807	0	0	0	0	0	0	0.108807	0.217614	0.108807	0	0	0.217614	0.217614	0	0	0	0.217614	0.217614	0	0	0.108807	0.108807	0.108807	0.108807	0.217614	0.217614	0.108807	0.217614	0.108807	0.108807	0.217614	0.108807	0.217614	0.326419	0.217614	0.435221	0.435221	0.217614	0.435221	0.326419	0.217614	0.435221	0.435221	0.326419	0.326419	0.435221	0.326419	0.326419	0.217614	0.217614	0.435221	0.326419	0.217614	0.217614	0.217614	0.326419	0.435221	0.217614	0	0	0.108807	0.217614	0.108807	0	0	0.217614	0.217614	0	0	0.108807	0.217614	0.108807	0	0	0.108807	0.217614	0.108807	0	0.108807	0.217614	0.217614	0.217614	0.108807	0.217614	0.217614	0.217614	0.217614	0.108807	0.217614	0.217614	0.217614	0.108807	0.217614	0.217614	0.217614	0.217614	0	0.108807	0.217614	0.108807	0.108807	0.217614	0.108807	0	0	0	0	0	0	0	0.217614	0.217614	0	0	0.217614	0.217614	0.108807	0.217614	0.217614	0.217614	0.326419	0.326419	0.217614	0.217614	0.217614	0.217614	0.217614	0.326419	0.326419	0.217614	0.217614	0.217614	0.326419	0.217614	0.108807	0.217614	0.326419	0.326419	0.217614	0.326419	0.326419	0.217614	0.326419	0.326419	0.217614	0.217614	0.217614	0.217614	0.217614	0.108807	0.217614	0.217614	0.217614	0.217614	0.108807	0.217614	0.217614	0.217614	0.326419	0.326419	0.217614	0.326419	0.326419	0.217614	0.108807	0.217614	0.435221	0.217614	0.217614	0.326419	0.326419	0.326419	0.217614
0.217572	0	0.108787	0.217572	0.108787	0	0	0	0.217572	0.217572	0	0	0	0	0	0	0.108787	0.217572	0.108787	0	0	0	0.108787	0.217572	0.108787	0	0	0	0.108787	0.217572	0.108787	0	0	0	0	0	0	0	0	0	0.217572	0.217572	0	0.217572	0.217572	0.217572	0.217572	0.217572	0.326357	0.326357	0.326357	0.217572	0.217572	0.435138	0.435138	0.326357	0.543917	0.543917	0.326357	0.326357	0.543917	0.652692	0.435138	0.326357	0.435138	0.435138	0.435138	0.543917	0.326357	0.326357	0.435138	0.326357	0.326357	0.217572	0.326357	0.326357	0.217572	0.108787	0.217572	0.217572	0.108787	0.217572	0.108787	0	0	0	0	0	0	0.108787	0.217572	0.108787	0	0	0.217572	0.217572	0	0	0	0.217572	0.217572	0	0	0.108787	0.108787	0.108787	0.108787	0.217572	0.217572	0.108787	0.217572	0.108787	0.108787	0.217572	0.108787	0.217572	0.326357	0.217572	0.435138	0.435138	0.217572	0.435138	0.326357	0.217572	0.435138	0.435138	0.326357	0.326357	0.435138	0.326357	0.326357	0.217572	0.217572	0.435138	0.326357	0.217572	0.217572	0.217572	0.326357	0.435138	0.217572	0	0	0.108787	0.217572	0.108787	0	0	0.217572	0.217572	0	0	0.108787	0.217572	0.108787	0	0	0.108787	0.217572	0.108787	0	0.108787	0.217572	0.217572	0.217572	0.108787	0.217572	0.217572	0.217572	0.217572	0.108787	0.217572	0.217572	0.217572	0.108787	0.217572	0.217572	0.217572	0.217572	0	0.108787	0.217572	0.108787	0.108787	0.217572	0.108787	0	0	0	0	0	0	0	0.217572	0.217572	0	0	0.217572	0.217572	0.108787	0.217572	0.217572	0.217572	0.326357	0.326357	0.217572	0.217572	0.217572	0.217572	0.217572	0.326357	0.326357	0.217572	0.217572	0.217572	0.326357	0.217572	0.108787	0.217572	0.326357	0.326357	0.217572	0.326357	0.326357	0.217572	0.326357	0.326357	0.217572	0.217572	0.217572	0.217572	0.217572	0.108787	0.217572	0.217572	0.217572	0.217572	0.108787	0.217572	0.217572	0.217572	0.326357	0.326357	0.217572	0.326357	0.326357	0.217572	0.108787	0.217572	0.435138	0.217572	0.217572	0.326357	0.326357	0.326357	0.217572
0.348232	0.30036	0.343968	0.392175	0.343968	0.326319	0.326319	0.326319	0.354548	0.310042	0.217548	0.217548	0.217548	0.217548	0.217548	0.217548	0.249969	0.331927	0.318286	0.27329	0.231544	0.217548	0.249969	0.327438	0.261533	0.217548	0.217548	0.217548	0.23784	0.289056	0.225062	0.217548	0.217548	0.217548	0.217548	0.217548	0.217548	0.217548	0.217548	0.217548	0.288417	0.289056	0.204404	0.307644	0.326872	0.327438	0.308246	0.307644	0.392163	0.392163	0.392163	0.307644	0.307644	0.486409	0.486409	0.392163	0.568084	0.541771	0.371338	0.364811	0.534212	0.630673	0.438439	0.346619	0.411473	0.435902	0.435902	0.50321	0.330794	0.330794	0.415941	0.343945	0.335788	0.2529	0.359195	0.373328	0.307644	0.243221	0.308246	0.327438	0.26782	0.331927	0.326883	0.326319	0.326319	0.313018	0.27329	0.231544	0.217548	0.225062	0.250699	0.155022	0.13866	0.192287	0.269189	0.233914	0.108774	0.108774	0.108774	0.207085	0.177265	0.0608056	0.0961436	0.155022	0.177276	0.177276	0.155022	0.243209	0.243209	0.153823	0.261521	0.21238	0.256536	0.346634	0.310643	0.38886	0.480688	0.433802	0.558914	0.560564	0.433802	0.558914	0.461863	0.429949	0.578096	0.558914	0.500285	0.482227	0.560564	0.500285	0.520566	0.480699	0.486434	0.615271	0.524813	0.443914	0.438466	0.419947	0.461863	0.505789	0.348232	0.30036	0.326319	0.343968	0.392175	0.343968	0.326319	0.326319	0.354548	0.310042	0.217548	0.217548	0.249969	0.331927	0.310643	0.246247	0.217548	0.243221	0.307644	0.243221	0.204404	0.214977	0.269874	0.289056	0.289056	0.214977	0.271919	0.269874	0.289056	0.290966	0.193239	0.256527	0.261521	0.243209	0.153823	0.243209	0.249954	0.232324	0.22505	0.0859929	0.138649	0.217529	0.123114	0.128981	0.207973	0.0961359	0.0384559	0.0859929	0.108774	0.108774	0.108774	0.108774	0.108774	0.233914	0.269189	0.217548	0.217548	0.308246	0.327438	0.26782	0.331927	0.369857	0.365834	0.405604	0.423443	0.367348	0.346634	0.326872	0.308246	0.327438	0.407875	0.405604	0.346634	0.326872	0.307644	0.392163	0.307644	0.23784	0.294124	0.353487	0.353487	0.261521	0.343945	0.343945	0.243209	0.343945	0.343945	0.243209	0.249954	0.232324	0.22505	0.243209	0.158554	0.224225	0.224225	0.234697	0.219223	0.123114	0.231524	0.234697	0.240916	0.320002	0.315346	0.234697	0.330794	0.330794	0.224225	0.139978	0.267805	0.455803	0.275296	0.310035	0.392163	0.392163	0.411033	0.346634
0.585629	0.607927	0.661492	0.68778	0.661492	0.652494	0.652494	0.652494	0.607927	0.501315	0.435006	0.435006	0.435006	0.435006	0.435006	0.435006	0.46538	0.554518	0.607927	0.554518	0.46538	0.435006	0.46538	0.535527	0.49013	0.435006	0.435006	0.435006	0.439229	0.438382	0.411428	0.435006	0.435006	0.435006	0.435006	0.435006	0.435006	0.435006	0.435006	0.435006	0.439229	0.438382	0.411428	0.486341	0.536212	0.535527	0.49013	0.486341	0.543736	0.543736	0.543736	0.486341	0.486341	0.615154	0.615154	0.543736	0.636987	0.543723	0.484039	0.461373	0.512945	0.567649	0.448358	0.404148	0.343879	0.438355	0.438355	0.38157	0.343879	0.343879	0.364742	0.392088	0.365761	0.340659	0.4459	0.490122	0.486341	0.448391	0.49013	0.535527	0.501315	0.554518	0.627668	0.652494	0.652494	0.627668	0.554518	0.46538	0.435006	0.411428	0.343902	0.250662	0.292822	0.395861	0.395861	0.292822	0.217506	0.217506	0.217506	0.196053	0.0607911	0.153794	0.197933	0.250662	0.303972	0.303972	0.250662	0.307586	0.307586	0.243175	0.365761	0.392101	0.486341	0.583729	0.593779	0.681841	0.778969	0.782762	0.826831	0.829949	0.782762	0.826831	0.732022	0.778498	0.876714	0.826831	0.826831	0.782762	0.829949	0.826831	0.875453	0.885531	0.896728	0.972613	0.885531	0.805107	0.791683	0.751948	0.732022	0.681295	0.585629	0.607927	0.652494	0.661492	0.68778	0.661492	0.652494	0.652494	0.607927	0.501315	0.435006	0.435006	0.46538	0.554518	0.593779	0.501315	0.435006	0.448391	0.486341	0.448391	0.411428	0.389267	0.389267	0.438382	0.438382	0.389267	0.392101	0.389267	0.438382	0.4459	0.340659	0.348166	0.365761	0.307586	0.243175	0.307586	0.331855	0.271868	0.250654	0.196053	0.224183	0.217488	0.165367	0.182373	0.182373	0.0607911	0.121582	0.196053	0.217506	0.217506	0.217506	0.217506	0.217506	0.292822	0.395861	0.435006	0.435006	0.49013	0.535527	0.501315	0.554518	0.636432	0.634097	0.583729	0.632351	0.632351	0.583729	0.536212	0.49013	0.535527	0.58814	0.583729	0.583729	0.536212	0.486341	0.543736	0.486341	0.439229	0.461373	0.424668	0.424668	0.365761	0.392088	0.392088	0.307586	0.392088	0.392088	0.307586	0.331855	0.271868	0.250654	0.307586	0.271868	0.243163	0.243163	0.283831	0.224183	0.165367	0.273216	0.283831	0.303953	0.303953	0.283831	0.283831	0.343879	0.343879	0.243163	0.212337	0.392088	0.512945	0.404163	0.501299	0.543736	0.543736	0.598721	0.583729
0.348098	0.354411	0.343835	0.392024	0.343835	0.326193	0.326193	0.326193	0.300244	0.246151	0.217463	0.217463	0.217463	0.217463	0.217463	0.217463	0.231454	0.273184	0.318163	0.331799	0.249873	0.217463	0.231454	0.327313	0.308128	0.217463	0.217463	0.217463	0.288306	0.288945	0.204324	0.217463	0.217463	0.217463	0.217463	0.217463	0.217463	0.217463	0.217463	0.217463	0.237748	0.288945	0.224976	0.307526	0.388702	0.327313	0.261432	0.307526	0.392013	0.392013	0.392013	0.307526	0.307526	0.486224	0.486224	0.392013	0.492638	0.389172	0.447037	0.364672	0.378586	0.469207	0.438272	0.426743	0.250596	0.435736	0.435736	0.258575	0.330668	0.330668	0.257862	0.343814	0.261421	0.193165	0.290855	0.308125	0.307526	0.243127	0.261432	0.327313	0.267717	0.273184	0.312897	0.326193	0.326193	0.326757	0.331799	0.249873	0.217463	0.204324	0.165347	0.123076	0.233824	0.269086	0.192212	0.138606	0.108732	0.108732	0.108732	0.0859596	0.0692984	0.197881	0.134544	0.123076	0.150123	0.150123	0.123076	0.243116	0.243116	0.153764	0.33566	0.340579	0.369706	0.405449	0.350743	0.442065	0.541236	0.482041	0.500094	0.560349	0.482041	0.500094	0.410888	0.539529	0.577875	0.500094	0.5587	0.433635	0.560349	0.5587	0.576917	0.524611	0.486246	0.615035	0.480513	0.412689	0.438297	0.386813	0.410888	0.386326	0.348098	0.354411	0.326193	0.343835	0.392024	0.343835	0.326193	0.326193	0.300244	0.246151	0.217463	0.217463	0.231454	0.273184	0.350743	0.309923	0.217463	0.243127	0.307526	0.243127	0.224976	0.26977	0.214895	0.288945	0.288945	0.26977	0.271815	0.214895	0.288945	0.359059	0.252803	0.256429	0.33566	0.243116	0.153764	0.243116	0.326736	0.232235	0.15496	0.207006	0.300221	0.217447	0.204309	0.207894	0.128931	0.0192206	0.192198	0.207006	0.108732	0.108732	0.108732	0.108732	0.108732	0.138606	0.192212	0.217463	0.217463	0.261432	0.327313	0.267717	0.273184	0.369715	0.490012	0.346501	0.367207	0.42328	0.405449	0.388702	0.261432	0.327313	0.407719	0.346501	0.405449	0.388702	0.307526	0.392013	0.307526	0.288306	0.439118	0.353352	0.353352	0.33566	0.343814	0.343814	0.243116	0.343814	0.343814	0.243116	0.326736	0.232235	0.15496	0.243116	0.30991	0.22414	0.22414	0.315226	0.219139	0.204309	0.312874	0.315226	0.31988	0.240824	0.234608	0.315226	0.330668	0.330668	0.22414	0.214885	0.421957	0.45563	0.346492	0.449922	0.392013	0.392013	0.480494	0.405449
0.217406	0.217406	0.108703	0.217406	0.108703	0	0	0	0	0	0	0	0	0	0	0	0	0	0.108703	0.217406	0.108703	0	0	0.217406	0.217406	0	0	0	0.217406	0.217406	0	0	0	0	0	0	0	0	0	0	0.108703	0.217406	0.108703	0.217406	0.326106	0.217406	0.108703	0.217406	0.326106	0.326106	0.326106	0.217406	0.217406	0.434805	0.434805	0.326106	0.434805	0.326106	0.434805	0.326106	0.326106	0.434805	0.434805	0.434805	0.217406	0.434805	0.434805	0.217406	0.326106	0.326106	0.217406	0.326106	0.217406	0.108703	0.217406	0.217406	0.217406	0.108703	0.108703	0.217406	0.108703	0	0	0	0	0.108703	0.217406	0.108703	0	0	0	0	0.217406	0.217406	0	0	0	0	0	0	0.108703	0.217406	0.108703	0	0	0	0	0.217406	0.217406	0.108703	0.326106	0.326106	0.326106	0.326106	0.217406	0.326106	0.434805	0.326106	0.326106	0.434805	0.326106	0.326106	0.217406	0.434805	0.434805	0.326106	0.434805	0.217406	0.434805	0.434805	0.434805	0.326106	0.217406	0.434805	0.217406	0.108703	0.217406	0.108703	0.217406	0.217406	0.217406	0.217406	0	0.108703	0.217406	0.108703	0	0	0	0	0	0	0	0	0.217406	0.217406	0	0.108703	0.217406	0.108703	0.108703	0.217406	0.108703	0.217406	0.217406	0.217406	0.217406	0.108703	0.217406	0.326106	0.217406	0.217406	0.326106	0.217406	0.108703	0.217406	0.326106	0.217406	0.108703	0.217406	0.326106	0.217406	0.217406	0.217406	0.108703	0	0.217406	0.217406	0	0	0	0	0	0	0	0	0	0.108703	0.217406	0.108703	0	0.217406	0.434805	0.217406	0.217406	0.326106	0.326106	0.326106	0.108703	0.217406	0.326106	0.217406	0.326106	0.326106	0.217406	0.326106	0.217406	0.217406	0.434805	0.326106	0.326106	0.326106	0.326106	0.326106	0.217406	0.326106	0.326106	0.217406	0.326106	0.217406	0.108703	0.217406	0.326106	0.217406	0.217406	0.326106	0.217406	0.217406	0.326106	0.326106	0.326106	0.217406	0.217406	0.326106	0.326106	0.326106	0.217406	0.217406	0.434805	0.434805	0.326106	0.434805	0.326106	0.326106	0.434805	0.326106
0.217364	0.217364	0.108683	0.217364	0.108683	0	0	0	0	0	0	0	0	0	0	0	0	0	0.108683	0.217364	0.108683	0	0	0.217364	0.217364	0	0	0	0.217364	0.217364	0	0	0	0	0	0	0	0	0	0	0.108683	0.217364	0.108683	0.217364	0.326045	0.217364	0.108683	0.217364	0.326045	0.326045	0.326045	0.217364	0.217364	0.434722	0.434722	0.326045	0.434722	0.326045	0.434722	0.326045	0.326045	0.434722	0.434722	0.434722	0.217364	0.434722	0.434722	0.217364	0.326045	0.326045	0.217364	0.326045	0.217364	0.108683	0.217364	0.217364	0.217364	0.108683	0.108683	0.217364	0.108683	0	0	0	0	0.108683	0.217364	0.108683	0	0	0	0	0.217364	0.217364	0	0	0	0	0	0	0.108683	0.217364	0.108683	0	0	0	0	0.217364	0.217364	0.108683	0.326045	0.326045	0.326045	0.326045	0.217364	0.326045	0.434722	0.326045	0.326045	0.434722	0.326045	0.326045	0.217364	0.434722	0.434722	0.326045	0.434722	0.217364	0.434722	0.434722	0.434722	0.326045	0.217364	0.434722	0.217364	0.108683	0.217364	0.108683	0.217364	0.217364	0.217364	0.217364	0	0.108683	0.217364	0.108683	0	0	0	0	0	0	0	0	0.217364	0.217364	0	0.108683	0.217364	0.108683	0.108683	0.217364	0.108683	0.217364	0.217364	0.217364	0.217364	0.108683	0.217364	0.326045	0.217364	0.217364	0.326045	0.217364	0.108683	0.217364	0.326045	0.217364	0.108683	0.217364	0.326045	0.217364	0.217364	0.217364	0.108683	0	0.217364	0.217364	0	0	0	0	0	0	0	0	0	0.108683	0.217364	0.108683	0	0.217364	0.434722	0.217364	0.217364	0.326045	0.326045	0.326045	0.108683	0.217364	0.326045	0.217364	0.326045	0.326045	0.217364	0.326045	0.217364	0.217364	0.434722	0.326045	0.326045	0.326045	0.326045	0.326045	0.217364	0.326045	0.326045	0.217364	0.326045	0.217364	0.108683	0.217364	0.326045	0.217364	0.217364	0.326045	0.217364	0.217364	0.326045	0.326045	0.326045	0.217364	0.217364	0.326045	0.326045	0.326045	0.217364	0.217364	0.434722	0.434722	0.326045	0.434722	0.326045	0.326045	0.434722	0.326045
0.217323	0.217323	0.108662	0.217323	0.108662	0	0	0	0	0	0	0	0	0	0	0	0	0	0.108662	0.217323	0.108662	0	0	0.217323	0.217323	0	0	0	0.217323	0.217323	0	0	0	0	0	0	0	0	0	0	0.108662	0.217323	0.108662	0.217323	0.325983	0.217323	0.108662	0.217323	0.325983	0.325983	0.325983	0.217323	0.217323	0.43464	0.43464	0.325983	0.43464	0.325983	0.43464	0.325983	0.325983	0.43464	0.43464	0.43464	0.217323	0.43464	0.43464	0.217323	0.325983	0.325983	0.217323	0.325983	0.217323	0.108662	0.217323	0.217323	0.217323	0.108662	0.108662	0.217323	0.108662	0	0	0	0	0.108662	0.217323	0.108662	0	0	0	0	0.217323	0.217323	0	0	0	0	0	0	0.108662	0.217323	0.108662	0	0	0	0	0.217323	0.217323	0.108662	0.325983	0.325983	0.325983	0.325983	0.217323	0.325983	0.43464	0.325983	0.325983	0.43464	0.325983	0.325983	0.217323	0.43464	0.43464	0.325983	0.43464	0.217323	0.43464	0.43464	0.43464	0.325983	0.217323	0.43464	0.217323	0.108662	0.217323	0.108662	0.217323	0.217323	0.217323	0.217323	0	0.108662	0.217323	0.108662	0	0	0	0	0	0	0	0	0.217323	0.217323	0	0.108662	0.217323	0.108662	0.108662	0.217323	0.108662	0.217323	0.217323	0.217323	0.217323	0.108662	0.217323	0.325983	0.217323	0.217323	0.325983	0.217323	0.108662	0.217323	0.325983	0.217323	0.108662	0.217323	0.325983	0.217323	0.217323	0.217323	0.108662	0	0.217323	0.217323	0	0	0	0	0	0	0	0	0	0.108662	0.217323	0.108662	0	0.217323	0.43464	0.217323	0.217323	0.325983	0.325983	0.325983	0.108662	0.217323	0.325983	0.217323	0.325983	0.325983	0.217323	0.325983	0.217323	0.217323	0.43464	0.325983	0.325983	0.325983	0.325983	0.325983	0.217323	0.325983	0.325983	0.217323	0.325983	0.217323	0.108662	0.217323	0.325983	0.217323	0.217323	0.325983	0.217323	0.217323	0.325983	0.325983	0.325983	0.217323	0.217323	0.325983	0.325983	0.325983	0.217323	0.217323	0.43464	0.43464	0.325983	0.43464	0.325983	0.325983	0.43464	0.325983
0.217282	0.217282	0.108641	0.217282	0.108641	0	0	0	0	0	0	0	0	0	0	0	0	0	0.108641	0.217282	0.108641	0	0	0.217282	0.217282	0	0	0	0.217282	0.217282	0	0	0	0	0	0	0	0	0	0	0.108641	0.217282	0.108641	0.217282	0.325921	0.217282	0.108641	0.217282	0.325921	0.325921	0.325921	0.217282	0.217282	0.434558	0.434558	0.325921	0.434558	0.325921	0.434558	0.325921	0.325921	0.434558	0.434558	0.434558	0.217282	0.434558	0.434558	0.217282	0.325921	0.325921	0.217282	0.325921	0.217282	0.108641	0.217282	0.217282	0.217282	0.108641	0.108641	0.217282	0.108641	0	0	0	0	0.108641	0.217282	0.108641	0	0	0	0	0.217282	0.217282	0	0	0	0	0	0	0.108641	0.217282	0.108641	0	0	0	0	0.217282	0.217282	0.108641	0.325921	0.325921	0.325921	0.325921	0.217282	0.325921	0.434558	0.325921	0.325921	0.434558	0.325921	0.325921	0.217282	0.434558	0.434558	0.325921	0.434558	0.217282	0.434558	0.434558	0.434558	0.325921	0.217282	0.434558	0.217282	0.108641	0.217282	0.108641	0.217282	0.217282	0.217282	0.217282	0	0.108641	0.217282	0.108641	0	0	0	0	0	0	0	0	0.217282	0.217282	0	0.108641	0.217282	0.108641	0.108641	0.217282	0.108641	0.217282	0.217282	0.217282	0.217282	0.108641	0.217282	0.325921	0.217282	0.217282	0.325921	0.217282	0.108641	0.217282	0.325921	0.217282	0.108641	0.217282	0.325921	0.217282	0.217282	0.217282	0.108641	0	0.217282	0.217282	0	0	0	0	0	0	0	0	0	0.108641	0.217282	0.108641	0	0.217282	0.434558	0.217282	0.217282	0.325921	0.325921	0.325921	0.108641	0.217282	0.325921	0.217282	0.325921	0.325921	0.217282	0.325921	0.217282	0.217282	0.434558	0.325921	0.325921	0.325921	0.325921	0.325921	0.217282	0.325921	0.325921	0.217282	0.325921	0.217282	0.108641	0.217282	0.325921	0.217282	0.217282	0.325921	0.217282	0.217282	0.325921	0.325921	0.325921	0.217282	0.217282	0.325921	0.325921	0.325921	0.217282	0.217282	0.434558	0.434558	0.325921	0.434558	0.325921	0.325921	0.434558	0.325921
0.217241	0.217241	0.108621	0.217241	0.108621	0	0	0	0	0	0	0	0	0	0	0	0	0	0.108621	0.217241	0.108621	0	0	0.217241	0.217241	0	0	0	0.217241	0.217241	0	0	0	0	0	0	0	0	0	0	0.108621	0.217241	0.108621	0.217241	0.325859	0.217241	0.108621	0.217241	0.325859	0.325859	0.325859	0.217241	0.217241	0.434475	0.434475	0.325859	0.434475	0.325859	0.434475	0.325859	0.325859	0.434475	0.434475	0.434475	0.217241	0.434475	0.434475	0.217241	0.325859	0.325859	0.217241	0.325859	0.217241	0.108621	0.217241	0.217241	0.217241	0.108621	0.108621	0.217241	0.108621	0	0	0	0	0.108621	0.217241	0.108621	0	0	0	0	0.217241	0.217241	0	0	0	0	0	0	0.108621	0.217241	0.108621	0	0	0	0	0.217241	0.217241	0.108621	0.325859	0.325859	0.325859	0.325859	0.217241	0.325859	0.434475	0.325859	0.325859	0.434475	0.325859	0.325859	0.217241	0.434475	0.434475	0.325859	0.434475	0.217241	0.434475	0.434475	0.434475	0.325859	0.217241	0.434475	0.217241	0.108621	0.217241	0.108621	0.217241	0.217241	0.217241	0.217241	0	0.108621	0.217241	0.108621	0	0	0	0	0	0	0	0	0.217241	0.217241	0	0.108621	0.217241	0.108621	0.108621	0.217241	0.108621	0.217241	0.217241	0.217241	0.217241	0.108621	0.217241	0.325859	0.217241	0.217241	0.325859	0.217241	0.108621	0.217241	0.325859	0.217241	0.108621	0.217241	0.325859	0.217241	0.217241	0.217241	0.108621	0	0.217241	0.217241	0	0	0	0	0	0	0	0	0	0.108621	0.217241	0.108621	0	0.217241	0.434475	0.217241	0.217241	0.325859	0.325859	0.325859	0.108621	0.217241	0.325859	0.217241	0.325859	0.325859	0.217241	0.325859	0.217241	0.217241	0.434475	0.325859	0.325859	0.325859	0.325859	0.325859	0.217241	0.325859	0.325859	0.217241	0.325859	0.217241	0.108621	0.217241	0.325859	0.217241	0.217241	0.325859	0.217241	0.217241	0.325859	0.325859	0.325859	0.217241	0.217241	0.325859	0.325859	0.325859	0.217241	0.217241	0.434475	0.434475	0.325859	0.434475	0.325859	0.325859	0.434475	0.325859
0.391577	0.391577	0.326385	0.331421	0.249588	0.245871	0.299902	0.325822	0.325822	0.325822	0.325822	0.325822	0.325822	0.325822	0.325822	0.325822	0.325822	0.312541	0.31017	0.350343	0.326385	0.325822	0.325822	0.391577	0.391577	0.325822	0.325822	0.325822	0.400882	0.449432	0.434426	0.434426	0.421069	0.381093	0.339669	0.325822	0.325822	0.325822	0.354016	0.408179	0.431444	0.424983	0.352449	0.391577	0.44156	0.369293	0.335297	0.372771	0.422797	0.424101	0.424101	0.347701	0.366788	0.50829	0.474928	0.391565	0.467495	0.377181	0.456324	0.364255	0.364255	0.463932	0.463932	0.429273	0.242838	0.431412	0.426255	0.240549	0.319514	0.314866	0.218888	0.312515	0.217198	0.0959894	0.218888	0.218888	0.218888	0.122926	0.0959894	0.197654	0.135753	0.060713	0.0191987	0.0383973	0.0858618	0.13439	0.197654	0.111942	0.060713	0.095997	0.108608	0.108608	0.233557	0.268779	0.231191	0.272873	0.312541	0.325822	0.325822	0.325822	0.360717	0.414443	0.352449	0.339669	0.381093	0.421069	0.462374	0.534812	0.534812	0.533436	0.614646	0.591421	0.568543	0.546057	0.485692	0.54301	0.595137	0.521544	0.540628	0.595137	0.502469	0.519773	0.479966	0.614333	0.614333	0.524013	0.576259	0.437797	0.558063	0.521535	0.489452	0.388258	0.307176	0.485668	0.307176	0.242851	0.307176	0.242851	0.287977	0.288615	0.269462	0.233557	0.108608	0.13439	0.214639	0.139765	0.095997	0.108608	0.108608	0.108608	0.108608	0.095997	0.060713	0.0191987	0.191978	0.206769	0.108608	0.153589	0.242838	0.153589	0.154786	0.252514	0.192945	0.256136	0.256136	0.261122	0.249574	0.139765	0.214639	0.326362	0.249574	0.23197	0.326362	0.242838	0.154783	0.240549	0.330289	0.234339	0.122926	0.217198	0.325795	0.217198	0.217198	0.217198	0.108599	0.0383973	0.223884	0.191978	0.0191987	0.060713	0.095997	0.122936	0.165159	0.204092	0.217216	0.191994	0.138449	0.153589	0.242838	0.153589	0.0858618	0.223884	0.395304	0.271505	0.271505	0.353995	0.391565	0.391565	0.237478	0.293676	0.360694	0.242838	0.34342	0.34342	0.242838	0.34342	0.242838	0.249574	0.44196	0.335823	0.335823	0.335823	0.346091	0.330289	0.234339	0.314866	0.319514	0.240549	0.330289	0.245851	0.138438	0.240549	0.319514	0.223884	0.223884	0.314866	0.234339	0.223884	0.330289	0.330289	0.314866	0.234339	0.257567	0.34342	0.34342	0.360694	0.274876	0.290523	0.456324	0.463932	0.364255	0.446526	0.370772	0.364255	0.446526	0.352948
0.686732	0.686732	0.626711	0.553673	0.464671	0.500551	0.607001	0.6515	0.6515	0.6515	0.6515	0.6515	0.6515	0.6515	0.6515	0.6515	0.6515	0.626711	0.592874	0.592874	0.626711	0.6515	0.6515	0.686732	0.686732	0.6515	0.6515	0.6515	0.714087	0.821559	0.868637	0.868637	0.843245	0.767786	0.680811	0.6515	0.6515	0.6515	0.714087	0.821559	0.843245	0.767786	0.680811	0.686732	0.680802	0.635462	0.645246	0.645246	0.631388	0.633131	0.633131	0.584737	0.631388	0.685109	0.587243	0.542907	0.55697	0.500535	0.518605	0.460671	0.460671	0.542895	0.542895	0.424021	0.307117	0.424881	0.403532	0.303489	0.303489	0.283399	0.223841	0.272799	0.217157	0.0606984	0.223841	0.223841	0.223841	0.165115	0.0606984	0.15356	0.195754	0.15356	0.0606984	0.121397	0.195754	0.197631	0.15356	0.121397	0.15356	0.197631	0.217175	0.217175	0.292376	0.395257	0.464671	0.553673	0.626711	0.6515	0.6515	0.6515	0.697909	0.738432	0.680811	0.680811	0.767786	0.843245	0.929281	1.00103	1.00103	1.05408	1.09284	1.04036	0.988061	0.935989	0.895362	0.927685	0.923304	0.877067	0.923304	0.923304	0.832687	0.874119	0.884182	0.971131	0.971131	0.884182	0.874119	0.790477	0.825572	0.728379	0.633131	0.535395	0.4856	0.614217	0.4856	0.447708	0.4856	0.447708	0.438559	0.437715	0.388674	0.292376	0.217175	0.197631	0.212013	0.212013	0.197631	0.217175	0.217175	0.217175	0.217175	0.197631	0.15356	0.0606984	0.121397	0.195754	0.217175	0.242805	0.307117	0.242805	0.25028	0.34014	0.34014	0.347635	0.347635	0.365204	0.331349	0.212013	0.212013	0.331349	0.331349	0.271453	0.331349	0.307117	0.250272	0.303489	0.343355	0.283399	0.165115	0.217157	0.325733	0.217157	0.217157	0.217157	0.108579	0.121397	0.242792	0.121397	0.0606984	0.15356	0.197631	0.25028	0.343378	0.410801	0.434343	0.395257	0.292376	0.242805	0.307117	0.242805	0.195754	0.242792	0.307117	0.391503	0.391503	0.437715	0.542907	0.542907	0.438559	0.460671	0.45178	0.307117	0.391491	0.391491	0.307117	0.391491	0.307117	0.331349	0.463844	0.364186	0.364186	0.364186	0.403532	0.343355	0.283399	0.283399	0.303489	0.303489	0.343355	0.330227	0.223841	0.303489	0.303489	0.242792	0.242792	0.283399	0.283399	0.242792	0.343355	0.343355	0.283399	0.283399	0.364186	0.391491	0.391491	0.45178	0.403547	0.445221	0.518605	0.542895	0.460671	0.483302	0.483302	0.460671	0.483302	0.424021
0.391427	0.391427	0.312421	0.272768	0.231101	0.30945	0.353871	0.325696	0.325696	0.325696	0.325696	0.325696	0.325696	0.325696	0.325696	0.325696	0.325696	0.326259	0.350208	0.31005	0.312421	0.325696	0.325696	0.391427	0.391427	0.325696	0.325696	0.325696	0.353879	0.408021	0.434258	0.434258	0.431278	0.42482	0.352313	0.325696	0.325696	0.325696	0.400728	0.449259	0.420907	0.380945	0.339538	0.391427	0.388119	0.369151	0.372628	0.335167	0.366647	0.423939	0.423939	0.347568	0.422636	0.443054	0.345439	0.391416	0.395626	0.377037	0.38237	0.364116	0.364116	0.463756	0.463756	0.279422	0.242746	0.35229	0.34596	0.319393	0.240457	0.23425	0.218805	0.231084	0.217116	0.0191913	0.218805	0.218805	0.218805	0.203998	0.0191913	0.0606896	0.135701	0.197579	0.095953	0.191905	0.20669	0.0959599	0.0606896	0.1119	0.197579	0.134339	0.108566	0.108566	0.138395	0.191919	0.249492	0.331294	0.326259	0.325696	0.325696	0.325696	0.39564	0.414283	0.339538	0.352313	0.42482	0.431278	0.498975	0.534606	0.534606	0.595848	0.577332	0.55256	0.52802	0.503747	0.485505	0.542802	0.54042	0.521344	0.594909	0.54042	0.456171	0.576038	0.523812	0.614098	0.614098	0.479781	0.519574	0.437629	0.499332	0.407107	0.365136	0.326249	0.307058	0.485483	0.307058	0.242757	0.307058	0.242757	0.237386	0.288505	0.214567	0.138395	0.108566	0.0959599	0.139712	0.214558	0.134339	0.108566	0.108566	0.108566	0.108566	0.134339	0.197579	0.095953	0.0383826	0.0858287	0.108566	0.15353	0.242746	0.15353	0.122889	0.192871	0.252418	0.256038	0.256038	0.335149	0.326238	0.214558	0.139712	0.249479	0.326238	0.231882	0.249479	0.242746	0.224622	0.319393	0.330164	0.314746	0.203998	0.217116	0.325671	0.217116	0.217116	0.217116	0.108558	0.191905	0.223799	0.0383826	0.095953	0.197579	0.134339	0.154726	0.250221	0.224633	0.217132	0.268676	0.233468	0.15353	0.242746	0.15353	0.20669	0.223799	0.121379	0.271401	0.271401	0.233474	0.391416	0.391416	0.287867	0.438449	0.438027	0.242746	0.34329	0.34329	0.242746	0.34329	0.242746	0.326238	0.441793	0.335696	0.335696	0.335696	0.426093	0.330164	0.314746	0.23425	0.240457	0.319393	0.330164	0.407991	0.299764	0.319393	0.240457	0.223799	0.223799	0.23425	0.314746	0.223799	0.330164	0.330164	0.23425	0.314746	0.41515	0.34329	0.34329	0.438027	0.345964	0.358512	0.38237	0.463756	0.364116	0.370631	0.446356	0.364116	0.370631	0.352814
0.217074	0.217074	0	0	0	0.217074	0.217074	0	0	0	0	0	0	0	0	0	0	0.108538	0.217074	0.108538	0	0	0	0.217074	0.217074	0	0	0	0	0	0	0	0.108538	0.217074	0.108538	0	0	0	0.217074	0.217074	0	0	0	0.217074	0.217074	0.217074	0.217074	0.108538	0.217074	0.32561	0.32561	0.217074	0.32561	0.32561	0.217074	0.32561	0.32561	0.32561	0.32561	0.32561	0.32561	0.434143	0.434143	0.217074	0.217074	0.32561	0.32561	0.32561	0.217074	0.217074	0.217074	0.217074	0.217074	0	0.217074	0.217074	0.217074	0.217074	0	0	0.108538	0.217074	0.108538	0.217074	0.217074	0	0	0.108538	0.217074	0.108538	0	0	0	0	0.108538	0.217074	0.108538	0	0	0	0.217074	0.217074	0	0.108538	0.217074	0.108538	0.217074	0.217074	0.217074	0.32561	0.217074	0.217074	0.217074	0.217074	0.217074	0.32561	0.32561	0.32561	0.434143	0.32561	0.217074	0.434143	0.32561	0.434143	0.434143	0.217074	0.32561	0.217074	0.32561	0.217074	0.217074	0.217074	0.217074	0.434143	0.217074	0.108538	0.217074	0.108538	0.108538	0.217074	0.108538	0	0	0	0.108538	0.217074	0.108538	0	0	0	0	0.108538	0.217074	0.108538	0	0	0	0.108538	0.217074	0.108538	0	0.108538	0.217074	0.217074	0.217074	0.32561	0.32561	0.217074	0.108538	0.217074	0.32561	0.217074	0.217074	0.217074	0.217074	0.32561	0.32561	0.32561	0.217074	0.217074	0.32561	0.217074	0.217074	0.217074	0.108538	0.217074	0.217074	0	0.108538	0.217074	0.108538	0.108538	0.217074	0.108538	0	0.217074	0.217074	0.108538	0.217074	0.108538	0.217074	0.217074	0	0.217074	0.217074	0.108538	0.32561	0.32561	0.217074	0.434143	0.434143	0.217074	0.32561	0.32561	0.217074	0.32561	0.217074	0.32561	0.434143	0.32561	0.32561	0.32561	0.434143	0.32561	0.32561	0.217074	0.217074	0.32561	0.32561	0.434143	0.32561	0.32561	0.217074	0.217074	0.217074	0.217074	0.32561	0.217074	0.32561	0.32561	0.217074	0.32561	0.434143	0.32561	0.32561	0.434143	0.32561	0.32561	0.32561	0.434143	0.32561	0.32561	0.434143	0.32561	0.32561	0.32561
0.217033	0.217033	0	0	0	0.217033	0.217033	0	0	0	0	0	0	0	0	0	0	0.108517	0.217033	0.108517	0	0	0	0.217033	0.217033	0	0	0	0	0	0	0	0.108517	0.217033	0.108517	0	0	0	0.217033	0.217033	0	0	0	0.217033	0.217033	0.217033	0.217033	0.108517	0.217033	0.325548	0.325548	0.217033	0.325548	0.325548	0.217033	0.325548	0.325548	0.325548	0.325548	0.325548	0.325548	0.43406	0.43406	0.217033	0.217033	0.325548	0.325548	0.325548	0.217033	0.217033	0.217033	0.217033	0.217033	0	0.217033	0.217033	0.217033	0.217033	0	0	0.108517	0.217033	0.108517	0.217033	0.217033	0	0	0.108517	0.217033	0.108517	0	0	0	0	0.108517	0.217033	0.108517	0	0	0	0.217033	0.217033	0	0.108517	0.217033	0.108517	0.217033	0.217033	0.217033	0.325548	0.217033	0.217033	0.217033	0.217033	0.217033	0.325548	0.325548	0.325548	0.43406	0.325548	0.217033	0.43406	0.325548	0.43406	0.43406	0.217033	0.325548	0.217033	0.325548	0.217033	0.217033	0.217033	0.217033	0.43406	0.217033	0.108517	0.217033	0.108517	0.108517	0.217033	0.108517	0	0	0	0.108517	0.217033	0.108517	0	0	0	0	0.108517	0.217033	0.108517	0	0	0	0.108517	0.217033	0.108517	0	0.108517	0.217033	0.217033	0.217033	0.325548	0.325548	0.217033	0.108517	0.217033	0.325548	0.217033	0.217033	0.217033	0.217033	0.325548	0.325548	0.325548	0.217033	0.217033	0.325548	0.217033	0.217033	0.217033	0.108517	0.217033	0.217033	0	0.108517	0.217033	0.108517	0.108517	0.217033	0.108517	0	0.217033	0.217033	0.108517	0.217033	0.108517	0.217033	0.217033	0	0.217033	0.217033	0.108517	0.325548	0.325548	0.217033	0.43406	0.43406	0.217033	0.325548	0.325548	0.217033	0.325548	0.217033	0.325548	0.43406	0.325548	0.325548	0.325548	0.43406	0.325548	0.325548	0.217033	0.217033	0.325548	0.325548	0.43406	0.325548	0.325548	0.217033	0.217033	0.217033	0.217033	0.325548	0.217033	0.325548	0.325548	0.217033	0.325548	0.43406	0.325548	0.325548	0.43406	0.325548	0.325548	0.325548	0.43406	0.325548	0.325548	0.43406	0.325548	0.325548	0.325548
0.216992	0.216992	0	0	0	0.216992	0.216992	0	0	0	0	0	0	0	0	0	0	0.108497	0.216992	0.108497	0	0	0	0.216992	0.216992	0	0	0	0	0	0	0	0.108497	0.216992	0.108497	0	0	0	0.216992	0.216992	0	0	0	0.216992	0.216992	0.216992	0.216992	0.108497	0.216992	0.325486	0.325486	0.216992	0.325486	0.325486	0.216992	0.325486	0.325486	0.325486	0.325486	0.325486	0.325486	0.433978	0.433978	0.216992	0.216992	0.325486	0.325486	0.325486	0.216992	0.216992	0.216992	0.216992	0.216992	0	0.216992	0.216992	0.216992	0.216992	0	0	0.108497	0.216992	0.108497	0.216992	0.216992	0	0	0.108497	0.216992	0.108497	0	0	0	0	0.108497	0.216992	0.108497	0	0	0	0.216992	0.216992	0	0.108497	0.216992	0.108497	0.216992	0.216992	0.216992	0.325486	0.216992	0.216992	0.216992	0.216992	0.216992	0.325486	0.325486	0.325486	0.433978	0.325486	0.216992	0.433978	0.325486	0.433978	0.433978	0.216992	0.325486	0.216992	0.325486	0.216992	0.216992	0.216992	0.216992	0.433978	0.216992	0.108497	0.216992	0.108497	0.108497	0.216992	0.108497	0	0	0	0.108497	0.216992	0.108497	0	0	0	0	0.108497	0.216992	0.108497	0	0	0	0.108497	0.216992	0.108497	0	0.108497	0.216992	0.216992	0.216992	0.325486	0.325486	0.216992	0.108497	0.216992	0.325486	0.216992	0.216992	0.216992	0.216992	0.325486	0.325486	0.325486	0.216992	0.216992	0.325486	0.216992	0.216992	0.216992	0.108497	0.216992	0.216992	0	0.108497	0.216992	0.108497	0.108497	0.216992	0.108497	0	0.216992	0.216992	0.108497	0.216992	0.108497	0.216992	0.216992	0	0.216992	0.216992	0.108497	0.325486	0.325486	0.216992	0.433978	0.433978	0.216992	0.325486	0.325486	0.216992	0.325486	0.216992	0.325486	0.433978	0.325486	0.325486	0.325486	0.433978	0.325486	0.325486	0.216992	0.216992	0.325486	0.325486	0.433978	0.325486	0.325486	0.216992	0.216992	0.216992	0.216992	0.325486	0.216992	0.325486	0.325486	0.216992	0.325486	0.433978	0.325486	0.325486	0.433978	0.325486	0.325486	0.325486	0.433978	0.325486	0.325486	0.433978	0.325486	0.325486	0.325486
0.216951	0.216951	0	0	0	0.216951	0.216951	0	0	0	0	0	0	0	0	0	0	0.108476	0.216951	0.108476	0	0	0	0.216951	0.216951	0	0	0	0	0	0	0	0.108476	0.216951	0.108476	0	0	0	0.216951	0.216951	0	0	0	0.216951	0.216951	0.216951	0.216951	0.108476	0.216951	0.325425	0.325425	0.216951	0.325425	0.325425	0.216951	0.325425	0.325425	0.325425	0.325425	0.325425	0.325425	0.433896	0.433896	0.216951	0.216951	0.325425	0.325425	0.325425	0.216951	0.216951	0.216951	0.216951	0.216951	0	0.216951	0.216951	0.216951	0.216951	0	0	0.108476	0.216951	0.108476	0.216951	0.216951	0	0	0.108476	0.216951	0.108476	0	0	0	0	0.108476	0.216951	0.108476	0	0	0	0.216951	0.216951	0	0.108476	0.216951	0.108476	0.216951	0.216951	0.216951	0.325425	0.216951	0.216951	0.216951	0.216951	0.216951	0.325425	0.325425	0.325425	0.433896	0.325425	0.216951	0.433896	0.325425	0.433896	0.433896	0.216951	0.325425	0.216951	0.325425	0.216951	0.216951	0.216951	0.216951	0.433896	0.216951	0.108476	0.216951	0.108476	0.108476	0.216951	0.108476	0	0	0	0.108476	0.216951	0.108476	0	0	0	0	0.108476	0.216951	0.108476	0	0	0	0.108476	0.216951	0.108476	0	0.108476	0.216951	0.216951	0.216951	0.325425	0.325425	0.216951	0.108476	0.216951	0.325425	0.216951	0.216951	0.216951	0.216951	0.325425	0.325425	0.325425	0.216951	0.216951	0.325425	0.216951	0.216951	0.216951	0.108476	0.216951	0.216951	0	0.108476	0.216951	0.108476	0.108476	0.216951	0.108476	0	0.216951	0.216951	0.108476	0.216951	0.108476	0.216951	0.216951	0	0.216951	0.216951	0.108476	0.325425	0.325425	0.216951	0.433896	0.433896	0.216951	0.325425	0.325425	0.216951	0.325425	0.216951	0.325425	0.433896	0.325425	0.325425	0.325425	0.433896	0.325425	0.325425	0.216951	0.216951	0.325425	0.325425	0.433896	0.325425	0.325425	0.216951	0.216951	0.216951	0.216951	0.325425	0.216951	0.325425	0.325425	0.216951	0.325425	0.433896	0.325425	0.325425	0.433896	0.325425	0.325425	0.325425	0.433896	0.325425	0.325425	0.433896	0.325425	0.325425	0.325425
0.216908	0.216908	0	0	0	0.216908	0.216908	0	0	0	0	0	0	0	0	0	0	0.108455	0.216908	0.108455	0	0	0	0.216908	0.216908	0	0	0	0	0	0	0	0.108455	0.216908	0.108455	0	0	0	0.216908	0.216908	0	0	0	0.216908	0.216908	0.216908	0.216908	0.108455	0.216908	0.325361	0.325361	0.216908	0.325361	0.325361	0.216908	0.325361	0.325361	0.325361	0.325361	0.325361	0.325361	0.433811	0.433811	0.216908	0.216908	0.325361	0.325361	0.325361	0.216908	0.216908	0.216908	0.216908	0.216908	0	0.216908	0.216908	0.216908	0.216908	0	0	0.108455	0.216908	0.108455	0.216908	0.216908	0	0	0.108455	0.216908	0.108455	0	0	0	0	0.108455	0.216908	0.108455	0	0	0	0.216908	0.216908	0	0.108455	0.216908	0.108455	0.216908	0.216908	0.216908	0.325361	0.216908	0.216908	0.216908	0.216908	0.216908	0.325361	0.325361	0.325361	0.433811	0.325361	0.216908	0.433811	0.325361	0.433811	0.433811	0.216908	0.325361	0.216908	0.325361	0.216908	0.216908	0.216908	0.216908	0.433811	0.216908	0.108455	0.216908	0.108455	0.108455	0.216908	0.108455	0	0	0	0.108455	0.216908	0.108455	0	0	0	0	0.108455	0.216908	0.108455	0	0	0	0.108455	0.216908	0.108455	0	0.108455	0.216908	0.216908	0.216908	0.325361	0.325361	0.216908	0.108455	0.216908	0.325361	0.216908	0.216908	0.216908	0.216908	0.325361	0.325361	0.325361	0.216908	0.216908	0.325361	0.216908	0.216908	0.216908	0.108455	0.216908	0.216908	0	0.108455	0.216908	0.108455	0.108455	0.216908	0.108455	0	0.216908	0.216908	0.108455	0.216908	0.108455	0.216908	0.216908	0	0.216908	0.216908	0.108455	0.325361	0.325361	0.216908	0.433811	0.433811	0.216908	0.325361	0.325361	0.216908	0.325361	0.216908	0.325361	0.433811	0.325361	0.325361	0.325361	0.433811	0.325361	0.325361	0.216908	0.216908	0.325361	0.325361	0.433811	0.325361	0.325361	0.216908	0.216908	0.216908	0.216908	0.325361	0.216908	0.325361	0.325361	0.216908	0.325361	0.433811	0.325361	0.325361	0.433811	0.325361	0.325361	0.325361	0.433811	0.325361	0.325361	0.433811	0.325361	0.325361	0.325361
0.347171	0.309097	0.230837	0.272456	0.312063	0.353467	0.309097	0.216884	0.216884	0.216884	0.230837	0.272456	0.312063	0.325324	0.325324	0.299444	0.245495	0.249207	0.330915	0.325886	0.325324	0.325324	0.325324	0.40027	0.448745	0.433761	0.433761	0.433761	0.433761	0.433761	0.433761	0.420425	0.41159	0.44256	0.430785	0.433761	0.433761	0.433761	0.448745	0.40027	0.325324	0.33915	0.38051	0.44256	0.418666	0.41381	0.395187	0.360166	0.43248	0.480757	0.460456	0.39098	0.460055	0.460055	0.39098	0.421719	0.423455	0.442548	0.441302	0.422153	0.404369	0.497644	0.479213	0.306707	0.306707	0.390968	0.390968	0.353456	0.271091	0.29008	0.288175	0.288175	0.288175	0.20378	0.306707	0.306707	0.268369	0.271091	0.1917	0.230837	0.284978	0.328126	0.267003	0.326441	0.307307	0.230837	0.272456	0.317316	0.349808	0.309696	0.312063	0.33915	0.38051	0.420425	0.430785	0.44256	0.41159	0.420425	0.447521	0.488732	0.558875	0.558875	0.528816	0.568979	0.609206	0.595485	0.634612	0.600092	0.583954	0.613707	0.523573	0.49135	0.48495	0.48495	0.48495	0.542181	0.542181	0.523213	0.57538	0.499866	0.437129	0.518974	0.422153	0.511481	0.474205	0.287538	0.358102	0.271091	0.345568	0.255745	0.255745	0.237106	0.242469	0.414675	0.191686	0.0958433	0.197354	0.139552	0.128588	0.197354	0.134185	0.0857306	0.0383387	0	0.0958433	0.197354	0.134185	0.108442	0.108442	0.108442	0.108442	0.134185	0.197354	0.0958433	0.0191694	0.0606202	0.0958502	0.134185	0.197354	0.128588	0.0857306	0.153355	0.242469	0.224365	0.214313	0.314386	0.31204	0.216867	0.138227	0.223543	0.299421	0.216867	0.216867	0.216867	0.216867	0.325299	0.325299	0.325299	0.216867	0.203765	0.314386	0.223543	0.223543	0.214313	0.139552	0.223543	0.223543	0.0383387	0.0958433	0.197354	0.134185	0.154549	0.249935	0.224376	0.216884	0.268369	0.233201	0.134185	0.197354	0.0958433	0.216867	0.216867	0.0383387	0.223543	0.20734	0.128588	0.329787	0.329787	0.223543	0.422138	0.420394	0.23082	0.326427	0.326427	0.233982	0.345564	0.249194	0.342898	0.447079	0.342898	0.342898	0.342898	0.447079	0.342898	0.342898	0.279102	0.29008	0.358102	0.3637	0.445846	0.334766	0.342898	0.242469	0.242469	0.279102	0.29008	0.358102	0.252129	0.334766	0.342898	0.242469	0.342898	0.430755	0.319028	0.329787	0.422138	0.326427	0.326427	0.326427	0.434575	0.31204	0.31204	0.422138	0.341284	0.339124	0.325299
0.583844	0.499786	0.46396	0.552827	0.625753	0.606073	0.499786	0.433679	0.433679	0.433679	0.46396	0.552827	0.625753	0.650504	0.650504	0.606073	0.499786	0.46396	0.552827	0.625753	0.650504	0.650504	0.650504	0.712996	0.820304	0.867309	0.867309	0.867309	0.867309	0.867309	0.867309	0.841956	0.802652	0.802652	0.841956	0.867309	0.867309	0.867309	0.820304	0.712996	0.650504	0.67977	0.766612	0.802652	0.749655	0.737303	0.696842	0.696842	0.780375	0.780375	0.72979	0.685682	0.727266	0.727266	0.685682	0.634491	0.632165	0.684063	0.679218	0.630423	0.58195	0.652736	0.596896	0.484859	0.484859	0.542079	0.542079	0.437046	0.390906	0.444541	0.437046	0.437046	0.437046	0.410173	0.484859	0.484859	0.394653	0.390906	0.394653	0.46396	0.540053	0.540053	0.499786	0.533894	0.488635	0.46396	0.552827	0.606073	0.591968	0.591968	0.625753	0.67977	0.766612	0.841956	0.841956	0.802652	0.802652	0.841956	0.896049	0.981705	1.05246	1.05246	1.05838	1.12302	1.15874	1.17666	1.21201	1.14343	1.10555	1.09117	0.981705	0.909067	0.893994	0.893994	0.893994	0.926268	0.926268	0.88283	0.872784	0.82565	0.789269	0.72979	0.630423	0.694185	0.586347	0.437889	0.444541	0.390906	0.402931	0.347105	0.347105	0.293181	0.306649	0.363631	0.121212	0.060606	0.153326	0.21169	0.181817	0.153326	0.197329	0.195455	0.121212	0	0.060606	0.153326	0.197329	0.216843	0.216843	0.216843	0.216843	0.197329	0.153326	0.060606	0.060606	0.153326	0.197329	0.197329	0.153326	0.181817	0.195455	0.242434	0.306649	0.249891	0.21169	0.282968	0.272384	0.216826	0.2235	0.242423	0.2235	0.216826	0.216826	0.216826	0.216826	0.325238	0.325238	0.325238	0.216826	0.164864	0.282968	0.242423	0.242423	0.21169	0.21169	0.242423	0.242423	0.121212	0.060606	0.153326	0.197329	0.249898	0.342854	0.410173	0.433679	0.394653	0.291929	0.197329	0.153326	0.060606	0.216826	0.216826	0.121212	0.242423	0.181817	0.181817	0.342833	0.342833	0.242423	0.388057	0.380409	0.272384	0.329724	0.329724	0.282968	0.402918	0.330844	0.390894	0.484837	0.390894	0.390894	0.390894	0.484837	0.390894	0.390894	0.423375	0.444541	0.444541	0.459968	0.482565	0.364647	0.390894	0.306649	0.306649	0.423375	0.444541	0.444541	0.339621	0.364647	0.390894	0.306649	0.390894	0.424234	0.303027	0.342833	0.388057	0.329724	0.329724	0.329724	0.437022	0.272384	0.272384	0.388057	0.388057	0.380409	0.325238
0.347039	0.245402	0.249113	0.33079	0.325763	0.29933	0.245402	0.216802	0.216802	0.216802	0.249113	0.33079	0.325763	0.325201	0.325201	0.353333	0.30898	0.23075	0.272353	0.311945	0.325201	0.325201	0.325201	0.353341	0.407401	0.433597	0.433597	0.433597	0.433597	0.433597	0.433597	0.430622	0.442393	0.411434	0.420266	0.433597	0.433597	0.433597	0.407401	0.353341	0.325201	0.351777	0.424173	0.411434	0.385636	0.413653	0.360029	0.395038	0.480575	0.432316	0.409638	0.390832	0.459881	0.459881	0.390832	0.327447	0.423294	0.507324	0.441135	0.36609	0.345447	0.497455	0.409627	0.306591	0.306591	0.39082	0.39082	0.233119	0.270988	0.357966	0.288066	0.288066	0.288066	0.224291	0.306591	0.306591	0.191627	0.270988	0.268268	0.249113	0.328002	0.28487	0.266902	0.326317	0.260637	0.249113	0.33079	0.317195	0.309579	0.349676	0.325763	0.351777	0.424173	0.430622	0.420266	0.411434	0.442393	0.430622	0.457094	0.523375	0.558664	0.558664	0.536885	0.591544	0.608976	0.617062	0.634371	0.569733	0.583733	0.576454	0.488547	0.463475	0.484767	0.484767	0.484767	0.541976	0.541976	0.479052	0.518783	0.499677	0.436963	0.370086	0.36609	0.511287	0.344914	0.237025	0.28997	0.270988	0.274353	0.255649	0.255649	0.172459	0.242377	0.257077	0.0383242	0.0191621	0.0605973	0.214231	0.207262	0.0605973	0.095814	0.206376	0.191613	0	0.0191621	0.0605973	0.095814	0.108401	0.108401	0.108401	0.108401	0.095814	0.0605973	0.0191621	0.095807	0.197279	0.134135	0.095814	0.0605973	0.207262	0.206376	0.153297	0.242377	0.154488	0.139499	0.233894	0.230733	0.216785	0.299308	0.223458	0.138175	0.216785	0.216785	0.216785	0.216785	0.325176	0.325176	0.325176	0.216785	0.122693	0.233894	0.223458	0.223458	0.139499	0.214231	0.223458	0.223458	0.191613	0.0191621	0.0605973	0.095814	0.122702	0.164844	0.203703	0.216802	0.191627	0.138185	0.095814	0.0605973	0.0191621	0.216785	0.216785	0.191613	0.223458	0.128539	0.207262	0.329662	0.329662	0.223458	0.341155	0.338996	0.311922	0.326303	0.326303	0.314267	0.425445	0.325742	0.342768	0.44691	0.342768	0.342768	0.342768	0.44691	0.342768	0.342768	0.428457	0.357966	0.28997	0.363562	0.370067	0.260626	0.342768	0.242377	0.242377	0.428457	0.357966	0.28997	0.192578	0.260626	0.342768	0.242377	0.342768	0.351754	0.240092	0.329662	0.341155	0.326303	0.326303	0.326303	0.434411	0.230733	0.230733	0.341155	0.421979	0.420235	0.325176
0.216744	0	0.108373	0.216744	0.108373	0	0	0	0	0	0.108373	0.216744	0.108373	0	0	0.216744	0.216744	0	0	0	0	0	0	0	0	0	0	0	0	0	0	0.108373	0.216744	0.108373	0	0	0	0	0	0	0	0.108373	0.216744	0.108373	0.108373	0.216744	0.108373	0.216744	0.325115	0.216744	0.216744	0.216744	0.325115	0.325115	0.216744	0.108373	0.325115	0.433483	0.325115	0.216744	0.216744	0.433483	0.325115	0.216744	0.216744	0.325115	0.325115	0.108373	0.216744	0.325115	0.216744	0.216744	0.216744	0.108373	0.216744	0.216744	0	0.216744	0.216744	0.108373	0.216744	0.108373	0.108373	0.216744	0.108373	0.108373	0.216744	0.108373	0.108373	0.216744	0.108373	0.108373	0.216744	0.108373	0	0.108373	0.216744	0.108373	0.108373	0.216744	0.216744	0.216744	0.108373	0.216744	0.216744	0.216744	0.216744	0	0.216744	0.216744	0	0.108373	0.216744	0.216744	0.216744	0.325115	0.325115	0.216744	0.325115	0.325115	0.216744	0.108373	0.216744	0.433483	0.216744	0.108373	0.216744	0.216744	0.216744	0.216744	0.216744	0.108373	0.216744	0.216744	0	0	0	0.216744	0.216744	0	0	0.216744	0.216744	0	0	0	0	0	0	0	0	0	0	0	0.108373	0.216744	0.108373	0	0	0.216744	0.216744	0.108373	0.216744	0.108373	0.108373	0.216744	0.216744	0.216744	0.325115	0.216744	0.108373	0.216744	0.216744	0.216744	0.216744	0.325115	0.325115	0.325115	0.216744	0.108373	0.216744	0.216744	0.216744	0.108373	0.216744	0.216744	0.216744	0.216744	0	0	0	0	0	0	0	0	0	0	0	0	0.216744	0.216744	0.216744	0.216744	0.108373	0.216744	0.325115	0.325115	0.216744	0.325115	0.325115	0.325115	0.325115	0.325115	0.325115	0.433483	0.325115	0.325115	0.433483	0.325115	0.325115	0.325115	0.433483	0.325115	0.325115	0.433483	0.325115	0.216744	0.325115	0.325115	0.216744	0.325115	0.216744	0.216744	0.433483	0.325115	0.216744	0.108373	0.216744	0.325115	0.216744	0.325115	0.325115	0.216744	0.325115	0.325115	0.325115	0.325115	0.325115	0.433483	0.216744	0.216744	0.325115	0.433483	0.433483	0.325115
0.216702	0	0.108351	0.216702	0.108351	0	0	0	0	0	0.108351	0.216702	0.108351	0	0	0.216702	0.216702	0	0	0	0	0	0	0	0	0	0	0	0	0	0	0.108351	0.216702	0.108351	0	0	0	0	0	0	0	0.108351	0.216702	0.108351	0.108351	0.216702	0.108351	0.216702	0.325051	0.216702	0.216702	0.216702	0.325051	0.325051	0.216702	0.108351	0.325051	0.433397	0.325051	0.216702	0.216702	0.433397	0.325051	0.216702	0.216702	0.325051	0.325051	0.108351	0.216702	0.325051	0.216702	0.216702	0.216702	0.108351	0.216702	0.216702	0	0.216702	0.216702	0.108351	0.216702	0.108351	0.108351	0.216702	0.108351	0.108351	0.216702	0.108351	0.108351	0.216702	0.108351	0.108351	0.216702	0.108351	0	0.108351	0.216702	0.108351	0.108351	0.216702	0.216702	0.216702	0.108351	0.216702	0.216702	0.216702	0.216702	0	0.216702	0.216702	0	0.108351	0.216702	0.216702	0.216702	0.325051	0.325051	0.216702	0.325051	0.325051	0.216702	0.108351	0.216702	0.433397	0.216702	0.108351	0.216702	0.216702	0.216702	0.216702	0.216702	0.108351	0.216702	0.216702	0	0	0	0.216702	0.216702	0	0	0.216702	0.216702	0	0	0	0	0	0	0	0	0	0	0	0.108351	0.216702	0.108351	0	0	0.216702	0.216702	0.108351	0.216702	0.108351	0.108351	0.216702	0.216702	0.216702	0.325051	0.216702	0.108351	0.216702	0.216702	0.216702	0.216702	0.325051	0.325051	0.325051	0.216702	0.108351	0.216702	0.216702	0.216702	0.108351	0.216702	0.216702	0.216702	0.216702	0	0	0	0	0	0	0	0	0	0	0	0	0.216702	0.216702	0.216702	0.216702	0.108351	0.216702	0.325051	0.325051	0.216702	0.325051	0.325051	0.325051	0.325051	0.325051	0.325051	0.433397	0.325051	0.325051	0.433397	0.325051	0.325051	0.325051	0.433397	0.325051	0.325051	0.433397	0.325051	0.216702	0.325051	0.325051	0.216702	0.325051	0.216702	0.216702	0.433397	0.325051	0.216702	0.108351	0.216702	0.325051	0.216702	0.325051	0.325051	0.216702	0.325051	0.325051	0.325051	0.325051	0.325051	0.433397	0.216702	0.216702	0.325051	0.433397	0.433397	0.325051
0.216661	0	0.108331	0.216661	0.108331	0	0	0	0	0	0.108331	0.216661	0.108331	0	0	0.216661	0.216661	0	0	0	0	0	0	0	0	0	0	0	0	0	0	0.108331	0.216661	0.108331	0	0	0	0	0	0	0	0.108331	0.216661	0.108331	0.108331	0.216661	0.108331	0.216661	0.324989	0.216661	0.216661	0.216661	0.324989	0.324989	0.216661	0.108331	0.324989	0.433315	0.324989	0.216661	0.216661	0.433315	0.324989	0.216661	0.216661	0.324989	0.324989	0.108331	0.216661	0.324989	0.216661	0.216661	0.216661	0.108331	0.216661	0.216661	0	0.216661	0.216661	0.108331	0.216661	0.108331	0.108331	0.216661	0.108331	0.108331	0.216661	0.108331	0.108331	0.216661	0.108331	0.108331	0.216661	0.108331	0	0.108331	0.216661	0.108331	0.108331	0.216661	0.216661	0.216661	0.108331	0.216661	0.216661	0.216661	0.216661	0	0.216661	0.216661	0	0.108331	0.216661	0.216661	0.216661	0.324989	0.324989	0.216661	0.324989	0.324989	0.216661	0.108331	0.216661	0.433315	0.216661	0.108331	0.216661	0.216661	0.216661	0.216661	0.216661	0.108331	0.216661	0.216661	0	0	0	0.216661	0.216661	0	0	0.216661	0.216661	0	0	0	0	0	0	0	0	0	0	0	0.108331	0.216661	0.108331	0	0	0.216661	0.216661	0.108331	0.216661	0.108331	0.108331	0.216661	0.216661	0.216661	0.324989	0.216661	0.108331	0.216661	0.216661	0.216661	0.216661	0.324989	0.324989	0.324989	0.216661	0.108331	0.216661	0.216661	0.216661	0.108331	0.216661	0.216661	0.216661	0.216661	0	0	0	0	0	0	0	0	0	0	0	0	0.216661	0.216661	0.216661	0.216661	0.108331	0.216661	0.324989	0.324989	0.216661	0.324989	0.324989	0.324989	0.324989	0.324989	0.324989	0.433315	0.324989	0.324989	0.433315	0.324989	0.324989	0.324989	0.433315	0.324989	0.324989	0.433315	0.324989	0.216661	0.324989	0.324989	0.216661	0.324989	0.216661	0.216661	0.433315	0.324989	0.216661	0.108331	0.216661	0.324989	0.216661	0.324989	0.324989	0.216661	0.324989	0.324989	0.324989	0.324989	0.324989	0.433315	0.216661	0.216661	0.324989	0.433315	0.433315	0.324989
0.21662	0	0.10831	0.21662	0.10831	0	0	0	0	0	0.10831	0.21662	0.10831	0	0	0.21662	0.21662	0	0	0	0	0	0	0	0	0	0	0	0	0	0	0.10831	0.21662	0.10831	0	0	0	0	0	0	0	0.10831	0.21662	0.10831	0.10831	0.21662	0.10831	0.21662	0.324928	0.21662	0.21662	0.21662	0.324928	0.324928	0.21662	0.10831	0.324928	0.433233	0.324928	0.21662	0.21662	0.433233	0.324928	0.21662	0.21662	0.324928	0.324928	0.10831	0.21662	0.324928	0.21662	0.21662	0.21662	0.10831	0.21662	0.21662	0	0.21662	0.21662	0.10831	0.21662	0.10831	0.10831	0.21662	0.10831	0.10831	0.21662	0.10831	0.10831	0.21662	0.10831	0.10831	0.21662	0.10831	0	0.10831	0.21662	0.10831	0.10831	0.21662	0.21662	0.21662	0.10831	0.21662	0.21662	0.21662	0.21662	0	0.21662	0.21662	0	0.10831	0.21662	0.21662	0.21662	0.324928	0.324928	0.21662	0.324928	0.324928	0.21662	0.10831	0.21662	0.433233	0.21662	0.10831	0.21662	0.21662	0.21662	0.21662	0.21662	0.10831	0.21662	0.21662	0	0	0	0.21662	0.21662	0	0	0.21662	0.21662	0	0	0	0	0	0	0	0	0	0	0	0.10831	0.21662	0.10831	0	0	0.21662	0.21662	0.10831	0.21662	0.10831	0.10831	0.21662	0.21662	0.21662	0.324928	0.21662	0.10831	0.21662	0.21662	0.21662	0.21662	0.324928	0.324928	0.324928	0.21662	0.10831	0.21662	0.21662	0.21662	0.10831	0.21662	0.21662	0.21662	0.21662	0	0	0	0	0	0	0	0	0	0	0	0	0.21662	0.21662	0.21662	0.21662	0.10831	0.21662	0.324928	0.324928	0.21662	0.324928	0.324928	0.324928	0.324928	0.324928	0.324928	0.433233	0.324928	0.324928	0.433233	0.324928	0.324928	0.324928	0.433233	0.324928	0.324928	0.433233	0.324928	0.21662	0.324928	0.324928	0.21662	0.324928	0.21662	0.21662	0.433233	0.324928	0.21662	0.10831	0.21662	0.324928	0.21662	0.324928	0.324928	0.21662	0.324928	0.324928	0.324928	0.324928	0.324928	0.433233	0.21662	0.21662	0.324928	0.433233	0.433233	0.324928
0.216579	0	0.10829	0.216579	0.10829	0	0	0	0	0	0.10829	0.216579	0.10829	0	0	0.216579	0.216579	0	0	0	0	0	0	0	0	0	0	0	0	0	0	0.10829	0.216579	0.10829	0	0	0	0	0	0	0	0.10829	0.216579	0.10829	0.10829	0.216579	0.10829	0.216579	0.324866	0.216579	0.216579	0.216579	0.324866	0.324866	0.216579	0.10829	0.324866	0.433152	0.324866	0.216579	0.216579	0.433152	0.324866	0.216579	0.216579	0.324866	0.324866	0.10829	0.216579	0.324866	0.216579	0.216579	0.216579	0.10829	0.216579	0.216579	0	0.216579	0.216579	0.10829	0.216579	0.10829	0.10829	0.216579	0.10829	0.10829	0.216579	0.10829	0.10829	0.216579	0.10829	0.10829	0.216579	0.10829	0	0.10829	0.216579	0.10829	0.10829	0.216579	0.216579	0.216579	0.10829	0.216579	0.216579	0.216579	0.216579	0	0.216579	0.216579	0	0.10829	0.216579	0.216579	0.216579	0.324866	0.324866	0.216579	0.324866	0.324866	0.216579	0.10829	0.216579	0.433152	0.216579	0.10829	0.216579	0.216579	0.216579	0.216579	0.216579	0.10829	0.216579	0.216579	0	0	0	0.216579	0.216579	0	0	0.216579	0.216579	0	0	0	0	0	0	0	0	0	0	0	0.10829	0.216579	0.10829	0	0	0.216579	0.216579	0.10829	0.216579	0.10829	0.10829	0.216579	0.216579	0.216579	0.324866	0.216579	0.10829	0.216579	0.216579	0.216579	0.216579	0.324866	0.324866	0.324866	0.216579	0.10829	0.216579	0.216579	0.216579	0.10829	0.216579	0.216579	0.216579	0.216579	0	0	0	0	0	0	0	0	0	0	0	0	0.216579	0.216579	0.216579	0.216579	0.10829	0.216579	0.324866	0.324866	0.216579	0.324866	0.324866	0.324866	0.324866	0.324866	0.324866	0.433152	0.324866	0.324866	0.433152	0.324866	0.324866	0.324866	0.433152	0.324866	0.324866	0.433152	0.324866	0.216579	0.324866	0.324866	0.216579	0.324866	0.216579	0.216579	0.433152	0.324866	0.216579	0.10829	0.216579	0.324866	0.216579	0.324866	0.324866	0.216579	0.324866	0.324866	0.324866	0.324866	0.324866	0.433152	0.216579	0.216579	0.324866	0.433152	0.433152	0.324866
0.270679	0.191409	0.242111	0.306241	0.242111	0.216554	0.245122	0.298989	0.32483	0.32483	0.325391	0.330412	0.248828	0.216554	0.216554	0.308627	0.35293	0.32483	0.32483	0.32483	0.32483	0.32483	0.32483	0.32483	0.32483	0.32483	0.32483	0.32483	0.32483	0.32483	0.32483	0.351375	0.423689	0.43013	0.433102	0.433102	0.433102	0.433102	0.446841	0.487989	0.528012	0.536272	0.522778	0.456572	0.446429	0.484214	0.446429	0.484214	0.522418	0.441888	0.436465	0.41803	0.459756	0.459356	0.390386	0.377024	0.499107	0.537274	0.459356	0.390386	0.390386	0.503483	0.403754	0.345053	0.346643	0.403754	0.387077	0.27869	0.346643	0.403754	0.325945	0.325945	0.345053	0.309225	0.349277	0.346643	0.298989	0.390386	0.40917	0.385196	0.436465	0.410964	0.420221	0.460163	0.43689	0.446429	0.484214	0.462946	0.489112	0.515366	0.489112	0.51537	0.522778	0.489112	0.515017	0.552091	0.583067	0.552091	0.552091	0.583067	0.583067	0.583067	0.552091	0.548092	0.515366	0.508568	0.490603	0.433102	0.484214	0.484214	0.433102	0.446429	0.484214	0.466096	0.423689	0.459756	0.440217	0.330412	0.387077	0.371625	0.249555	0.192358	0.270679	0.427968	0.2421	0.133981	0.197054	0.189471	0.197054	0.218227	0.255357	0.172262	0.232847	0.267961	0.216554	0.216554	0.216554	0.308627	0.346643	0.245122	0.216554	0.308627	0.35293	0.32483	0.32483	0.32483	0.298989	0.245122	0.216554	0.216554	0.216554	0.216554	0.216554	0.216554	0.224035	0.249555	0.192358	0.191409	0.216554	0.267961	0.251746	0.192358	0.251746	0.154315	0.133981	0.231265	0.231265	0.197054	0.311566	0.216538	0.108269	0.216538	0.216538	0.216538	0.203455	0.313909	0.318543	0.32537	0.2421	0.153122	0.2421	0.248815	0.231265	0.133981	0.232847	0.270679	0.270679	0.267961	0.216554	0.20347	0.164656	0.122562	0.108278	0.108278	0.108278	0.108278	0.138027	0.191409	0.216554	0.216554	0.306241	0.306241	0.306241	0.306241	0.242111	0.306241	0.409159	0.42497	0.346643	0.403754	0.42497	0.441875	0.440631	0.440631	0.440631	0.506745	0.422811	0.422811	0.473484	0.409159	0.42497	0.403754	0.478485	0.390374	0.390374	0.484192	0.390374	0.306241	0.371625	0.357558	0.270679	0.345043	0.236746	0.2421	0.414045	0.313909	0.233627	0.13934	0.231265	0.318543	0.207025	0.311566	0.311566	0.207025	0.329286	0.329286	0.318543	0.32537	0.342377	0.446399	0.2421	0.2421	0.342377	0.436862	0.445169	0.357558
0.390311	0.394054	0.446345	0.484121	0.446345	0.433021	0.499027	0.605152	0.649515	0.649515	0.624803	0.551987	0.463256	0.433021	0.433021	0.499027	0.605152	0.649515	0.649515	0.649515	0.649515	0.649515	0.649515	0.649515	0.649515	0.649515	0.649515	0.649515	0.649515	0.649515	0.649515	0.678737	0.765447	0.840677	0.865992	0.865992	0.865992	0.865992	0.894688	0.980214	1.05677	1.05677	0.980214	0.894688	0.872729	0.892635	0.872729	0.892635	0.881489	0.801432	0.78807	0.748516	0.728681	0.726161	0.68464	0.736183	0.824395	0.774945	0.726161	0.68464	0.68464	0.678185	0.581065	0.581065	0.582956	0.581065	0.533765	0.533082	0.582956	0.581065	0.533082	0.533082	0.581065	0.591069	0.591069	0.582956	0.605152	0.68464	0.728681	0.748516	0.78807	0.801432	0.819057	0.840237	0.854498	0.872729	0.892635	0.907686	0.960976	0.960976	0.960976	1.01435	0.980214	0.960976	1.03401	1.08784	1.10387	1.08784	1.08784	1.10387	1.10387	1.10387	1.08784	1.03401	0.960976	0.945226	0.907686	0.865992	0.892635	0.892635	0.865992	0.872729	0.892635	0.854498	0.765447	0.728681	0.678729	0.551987	0.533765	0.487884	0.342332	0.339104	0.390311	0.42273	0.306182	0.197029	0.153092	0.108248	0.153092	0.242065	0.346577	0.292735	0.291486	0.394054	0.433021	0.433021	0.433021	0.499027	0.582956	0.499027	0.433021	0.499027	0.605152	0.649515	0.649515	0.649515	0.605152	0.499027	0.433021	0.433021	0.433021	0.433021	0.433021	0.433021	0.40955	0.342332	0.339104	0.394054	0.433021	0.394054	0.339104	0.339104	0.339104	0.249518	0.197029	0.270627	0.270627	0.153092	0.271968	0.216495	0.108248	0.216495	0.216495	0.216495	0.164612	0.282536	0.302565	0.33034	0.306182	0.242065	0.306182	0.33034	0.270627	0.197029	0.291486	0.390311	0.390311	0.394054	0.433021	0.40955	0.342332	0.249518	0.216513	0.216513	0.216513	0.216513	0.291486	0.394054	0.433021	0.433021	0.484121	0.484121	0.484121	0.484121	0.446345	0.484121	0.595988	0.638695	0.582956	0.581065	0.638695	0.683022	0.678185	0.678185	0.678185	0.683022	0.631203	0.631203	0.585455	0.595988	0.638695	0.581065	0.595988	0.541254	0.541254	0.612347	0.541254	0.484121	0.487884	0.443865	0.390311	0.402318	0.292735	0.306182	0.363077	0.282536	0.282536	0.211368	0.270627	0.302565	0.18154	0.271968	0.271968	0.18154	0.34231	0.34231	0.302565	0.33034	0.390298	0.484097	0.306182	0.306182	0.390298	0.450404	0.48183	0.443865
0.270575	0.267858	0.242018	0.306123	0.242018	0.216471	0.308508	0.352794	0.324704	0.324704	0.311469	0.271937	0.230398	0.216471	0.216471	0.245028	0.298873	0.324704	0.324704	0.324704	0.324704	0.324704	0.324704	0.324704	0.324704	0.324704	0.324704	0.324704	0.324704	0.324704	0.324704	0.338504	0.379785	0.419625	0.432936	0.432936	0.432936	0.432936	0.456396	0.522576	0.536065	0.527809	0.487801	0.446669	0.446257	0.484027	0.446257	0.484027	0.47832	0.410806	0.436296	0.385047	0.409013	0.459179	0.390235	0.460773	0.498914	0.427822	0.459179	0.390235	0.390235	0.384563	0.34492	0.403599	0.34651	0.34492	0.325255	0.384557	0.34651	0.34492	0.325819	0.325819	0.403599	0.349142	0.309106	0.34651	0.352794	0.390235	0.459579	0.417869	0.436296	0.441717	0.420059	0.459985	0.465916	0.446257	0.484027	0.490414	0.515168	0.488923	0.515168	0.540142	0.487801	0.515168	0.547881	0.551879	0.582842	0.551879	0.551879	0.582842	0.582842	0.582842	0.551879	0.514818	0.488923	0.508372	0.462767	0.432936	0.484027	0.484027	0.432936	0.446257	0.484027	0.436721	0.379785	0.409013	0.386937	0.271937	0.325255	0.306719	0.164593	0.251649	0.270575	0.278571	0.242007	0.0956677	0.0605048	0.0270569	0.0605048	0.111566	0.255258	0.236655	0.137974	0.191335	0.216471	0.216471	0.216471	0.245028	0.34651	0.308508	0.216471	0.245028	0.298873	0.324704	0.324704	0.324704	0.352794	0.308508	0.216471	0.216471	0.216471	0.216471	0.216471	0.216471	0.203392	0.164593	0.251649	0.267858	0.216471	0.191335	0.192284	0.251649	0.192284	0.122514	0.0956677	0.231176	0.231176	0.0605048	0.23038	0.216455	0.108228	0.216455	0.216455	0.216455	0.122505	0.233537	0.239725	0.248719	0.242007	0.153063	0.242007	0.325245	0.231176	0.0956677	0.137974	0.270575	0.270575	0.191335	0.216471	0.223949	0.249459	0.154255	0.108236	0.108236	0.108236	0.108236	0.232757	0.267858	0.216471	0.216471	0.306123	0.306123	0.306123	0.306123	0.242018	0.306123	0.478301	0.491884	0.34651	0.34492	0.491884	0.506549	0.440462	0.440462	0.440462	0.441705	0.422648	0.422648	0.344388	0.478301	0.491884	0.34492	0.409001	0.390224	0.390224	0.484005	0.390224	0.306123	0.306719	0.289528	0.270575	0.273935	0.172195	0.242007	0.256685	0.233537	0.313788	0.213905	0.231176	0.239725	0.128343	0.23038	0.23038	0.128343	0.329159	0.329159	0.239725	0.248719	0.342245	0.446227	0.242007	0.242007	0.342245	0.359459	0.369503	0.289528
0.216414	0.216414	0.108207	0.216414	0.108207	0	0.216414	0.216414	0	0	0	0	0	0	0	0	0	0	0	0	0	0	0	0	0	0	0	0	0	0	0	0	0	0	0	0	0	0	0.108207	0.216414	0.108207	0	0	0	0.108207	0.216414	0.108207	0.216414	0.216414	0.108207	0.216414	0.108207	0.216414	0.324619	0.216414	0.324619	0.324619	0.216414	0.324619	0.216414	0.216414	0.216414	0.216414	0.324619	0.216414	0.216414	0.216414	0.324619	0.216414	0.216414	0.216414	0.216414	0.324619	0.216414	0.108207	0.216414	0.216414	0.216414	0.324619	0.216414	0.216414	0.216414	0.108207	0.216414	0.216414	0.108207	0.216414	0.216414	0.216414	0.108207	0.216414	0.216414	0	0.216414	0.216414	0.108207	0.216414	0.108207	0.108207	0.216414	0.216414	0.216414	0.108207	0	0.108207	0.216414	0.108207	0	0.216414	0.216414	0	0.108207	0.216414	0.108207	0	0.216414	0.216414	0	0.216414	0.216414	0	0.216414	0.216414	0.216414	0.216414	0	0	0	0	0	0.216414	0.216414	0	0	0	0	0	0	0.216414	0.216414	0	0	0	0	0	0	0.216414	0.216414	0	0	0	0	0	0	0	0	0.216414	0.216414	0	0	0.108207	0.216414	0.108207	0	0	0.216414	0.216414	0	0.216414	0.216414	0.108207	0.216414	0.216414	0.216414	0.108207	0.216414	0.216414	0.216414	0.216414	0.108207	0.216414	0.324619	0.216414	0	0	0.216414	0.216414	0	0	0.108207	0.216414	0.108207	0	0	0	0	0.216414	0.216414	0	0	0.216414	0.216414	0.216414	0.216414	0.108207	0.216414	0.432821	0.432821	0.216414	0.216414	0.432821	0.432821	0.324619	0.324619	0.324619	0.324619	0.324619	0.324619	0.216414	0.432821	0.432821	0.216414	0.324619	0.324619	0.324619	0.432821	0.324619	0.216414	0.216414	0.216414	0.216414	0.216414	0.108207	0.216414	0.216414	0.216414	0.324619	0.216414	0.216414	0.216414	0.108207	0.216414	0.216414	0.108207	0.324619	0.324619	0.216414	0.216414	0.324619	0.432821	0.216414	0.216414	0.324619	0.324619	0.324619	0.216414
0.216373	0.216373	0.108187	0.216373	0.108187	0	0.216373	0.216373	0	0	0	0	0	0	0	0	0	0	0	0	0	0	0	0	0	0	0	0	0	0	0	0	0	0	0	0	0	0	0.108187	0.216373	0.108187	0	0	0	0.108187	0.216373	0.108187	0.216373	0.216373	0.108187	0.216373	0.108187	0.216373	0.324557	0.216373	0.324557	0.324557	0.216373	0.324557	0.216373	0.216373	0.216373	0.216373	0.324557	0.216373	0.216373	0.216373	0.324557	0.216373	0.216373	0.216373	0.216373	0.324557	0.216373	0.108187	0.216373	0.216373	0.216373	0.324557	0.216373	0.216373	0.216373	0.108187	0.216373	0.216373	0.108187	0.216373	0.216373	0.216373	0.108187	0.216373	0.216373	0	0.216373	0.216373	0.108187	0.216373	0.108187	0.108187	0.216373	0.216373	0.216373	0.108187	0	0.108187	0.216373	0.108187	0	0.216373	0.216373	0	0.108187	0.216373	0.108187	0	0.216373	0.216373	0	0.216373	0.216373	0	0.216373	0.216373	0.216373	0.216373	0	0	0	0	0	0.216373	0.216373	0	0	0	0	0	0	0.216373	0.216373	0	0	0	0	0	0	0.216373	0.216373	0	0	0	0	0	0	0	0	0.216373	0.216373	0	0	0.108187	0.216373	0.108187	0	0	0.216373	0.216373	0	0.216373	0.216373	0.108187	0.216373	0.216373	0.216373	0.108187	0.216373	0.216373	0.216373	0.216373	0.108187	0.216373	0.324557	0.216373	0	0	0.216373	0.216373	0	0	0.108187	0.216373	0.108187	0	0	0	0	0.216373	0.216373	0	0	0.216373	0.216373	0.216373	0.216373	0.108187	0.216373	0.432739	0.432739	0.216373	0.216373	0.432739	0.432739	0.324557	0.324557	0.324557	0.324557	0.324557	0.324557	0.216373	0.432739	0.432739	0.216373	0.324557	0.324557	0.324557	0.432739	0.324557	0.216373	0.216373	0.216373	0.216373	0.216373	0.108187	0.216373	0.216373	0.216373	0.324557	0.216373	0.216373	0.216373	0.108187	0.216373	0.216373	0.108187	0.324557	0.324557	0.216373	0.216373	0.324557	0.432739	0.216373	0.216373	0.324557	0.324557	0.324557	0.216373
0.21633	0.21633	0.108166	0.21633	0.108166	0	0.21633	0.21633	0	0	0	0	0	0	0	0	0	0	0	0	0	0	0	0	0	0	0	0	0	0	0	0	0	0	0	0	0	0	0.108166	0.21633	0.108166	0	0	0	0.108166	0.21633	0.108166	0.21633	0.21633	0.108166	0.21633	0.108166	0.21633	0.324493	0.21633	0.324493	0.324493	0.21633	0.324493	0.21633	0.21633	0.21633	0.21633	0.324493	0.21633	0.21633	0.21633	0.324493	0.21633	0.21633	0.21633	0.21633	0.324493	0.21633	0.108166	0.21633	0.21633	0.21633	0.324493	0.21633	0.21633	0.21633	0.108166	0.21633	0.21633	0.108166	0.21633	0.21633	0.21633	0.108166	0.21633	0.21633	0	0.21633	0.21633	0.108166	0.21633	0.108166	0.108166	0.21633	0.21633	0.21633	0.108166	0	0.108166	0.21633	0.108166	0	0.21633	0.21633	0	0.108166	0.21633	0.108166	0	0.21633	0.21633	0	0.21633	0.21633	0	0.21633	0.21633	0.21633	0.21633	0	0	0	0	0	0.21633	0.21633	0	0	0	0	0	0	0.21633	0.21633	0	0	0	0	0	0	0.21633	0.21633	0	0	0	0	0	0	0	0	0.21633	0.21633	0	0	0.108166	0.21633	0.108166	0	0	0.21633	0.21633	0	0.21633	0.21633	0.108166	0.21633	0.21633	0.21633	0.108166	0.21633	0.21633	0.21633	0.21633	0.108166	0.21633	0.324493	0.21633	0	0	0.21633	0.21633	0	0	0.108166	0.21633	0.108166	0	0	0	0	0.21633	0.21633	0	0	0.21633	0.21633	0.21633	0.21633	0.108166	0.21633	0.432654	0.432654	0.21633	0.21633	0.432654	0.432654	0.324493	0.324493	0.324493	0.324493	0.324493	0.324493	0.21633	0.432654	0.432654	0.21633	0.324493	0.324493	0.324493	0.432654	0.324493	0.21633	0.21633	0.21633	0.21633	0.21633	0.108166	0.21633	0.21633	0.21633	0.324493	0.21633	0.21633	0.21633	0.108166	0.21633	0.21633	0.108166	0.324493	0.324493	0.21633	0.21633	0.324493	0.432654	0.21633	0.21633	0.324493	0.324493	0.324493	0.21633
0.216289	0.216289	0.108145	0.216289	0.108145	0	0.216289	0.216289	0	0	0	0	0	0	0	0	0	0	0	0	0	0	0	0	0	0	0	0	0	0	0	0	0	0	0	0	0	0	0.108145	0.216289	0.108145	0	0	0	0.108145	0.216289	0.108145	0.216289	0.216289	0.108145	0.216289	0.108145	0.216289	0.324432	0.216289	0.324432	0.324432	0.216289	0.324432	0.216289	0.216289	0.216289	0.216289	0.324432	0.216289	0.216289	0.216289	0.324432	0.216289	0.216289	0.216289	0.216289	0.324432	0.216289	0.108145	0.216289	0.216289	0.216289	0.324432	0.216289	0.216289	0.216289	0.108145	0.216289	0.216289	0.108145	0.216289	0.216289	0.216289	0.108145	0.216289	0.216289	0	0.216289	0.216289	0.108145	0.216289	0.108145	0.108145	0.216289	0.216289	0.216289	0.108145	0	0.108145	0.216289	0.108145	0	0.216289	0.216289	0	0.108145	0.216289	0.108145	0	0.216289	0.216289	0	0.216289	0.216289	0	0.216289	0.216289	0.216289	0.216289	0	0	0	0	0	0.216289	0.216289	0	0	0	0	0	0	0.216289	0.216289	0	0	0	0	0	0	0.216289	0.216289	0	0	0	0	0	0	0	0	0.216289	0.216289	0	0	0.108145	0.216289	0.108145	0	0	0.216289	0.216289	0	0.216289	0.216289	0.108145	0.216289	0.216289	0.216289	0.108145	0.216289	0.216289	0.216289	0.216289	0.108145	0.216289	0.324432	0.216289	0	0	0.216289	0.216289	0	0	0.108145	0.216289	0.108145	0	0	0	0	0.216289	0.216289	0	0	0.216289	0.216289	0.216289	0.216289	0.108145	0.216289	0.432573	0.432573	0.216289	0.216289	0.432573	0.432573	0.324432	0.324432	0.324432	0.324432	0.324432	0.324432	0.216289	0.432573	0.432573	0.216289	0.324432	0.324432	0.324432	0.432573	0.324432	0.216289	0.216289	0.216289	0.216289	0.216289	0.108145	0.216289	0.216289	0.216289	0.324432	0.216289	0.216289	0.216289	0.108145	0.216289	0.216289	0.108145	0.324432	0.324432	0.216289	0.216289	0.324432	0.432573	0.216289	0.216289	0.324432	0.324432	0.324432	0.216289
0.216249	0.216249	0.108125	0.216249	0.108125	0	0.216249	0.216249	0	0	0	0	0	0	0	0	0	0	0	0	0	0	0	0	0	0	0	0	0	0	0	0	0	0	0	0	0	0	0.108125	0.216249	0.108125	0	0	0	0.108125	0.216249	0.108125	0.216249	0.216249	0.108125	0.216249	0.108125	0.216249	0.324371	0.216249	0.324371	0.324371	0.216249	0.324371	0.216249	0.216249	0.216249	0.216249	0.324371	0.216249	0.216249	0.216249	0.324371	0.216249	0.216249	0.216249	0.216249	0.324371	0.216249	0.108125	0.216249	0.216249	0.216249	0.324371	0.216249	0.216249	0.216249	0.108125	0.216249	0.216249	0.108125	0.216249	0.216249	0.216249	0.108125	0.216249	0.216249	0	0.216249	0.216249	0.108125	0.216249	0.108125	0.108125	0.216249	0.216249	0.216249	0.108125	0	0.108125	0.216249	0.108125	0	0.216249	0.216249	0	0.108125	0.216249	0.108125	0	0.216249	0.216249	0	0.216249	0.216249	0	0.216249	0.216249	0.216249	0.216249	0	0	0	0	0	0.216249	0.216249	0	0	0	0	0	0	0.216249	0.216249	0	0	0	0	0	0	0.216249	0.216249	0	0	0	0	0	0	0	0	0.216249	0.216249	0	0	0.108125	0.216249	0.108125	0	0	0.216249	0.216249	0	0.216249	0.216249	0.108125	0.216249	0.216249	0.216249	0.108125	0.216249	0.216249	0.216249	0.216249	0.108125	0.216249	0.324371	0.216249	0	0	0.216249	0.216249	0	0	0.108125	0.216249	0.108125	0	0	0	0	0.216249	0.216249	0	0	0.216249	0.216249	0.216249	0.216249	0.108125	0.216249	0.432491	0.432491	0.216249	0.216249	0.432491	0.432491	0.324371	0.324371	0.324371	0.324371	0.324371	0.324371	0.216249	0.432491	0.432491	0.216249	0.324371	0.324371	0.324371	0.432491	0.324371	0.216249	0.216249	0.216249	0.216249	0.216249	0.108125	0.216249	0.216249	0.216249	0.324371	0.216249	0.216249	0.216249	0.108125	0.216249	0.216249	0.108125	0.324371	0.324371	0.216249	0.216249	0.324371	0.432491	0.216249	0.216249	0.324371	0.324371	0.324371	0.216249
0.216208	0.216208	0.108104	0.216208	0.108104	0	0.216208	0.216208	0	0	0	0	0	0	0	0	0	0	0	0	0	0	0	0	0	0	0	0	0	0	0	0	0	0	0	0	0	0	0.108104	0.216208	0.108104	0	0	0	0.108104	0.216208	0.108104	0.216208	0.216208	0.108104	0.216208	0.108104	0.216208	0.32431	0.216208	0.32431	0.32431	0.216208	0.32431	0.216208	0.216208	0.216208	0.216208	0.32431	0.216208	0.216208	0.216208	0.32431	0.216208	0.216208	0.216208	0.216208	0.32431	0.216208	0.108104	0.216208	0.216208	0.216208	0.32431	0.216208	0.216208	0.216208	0.108104	0.216208	0.216208	0.108104	0.216208	0.216208	0.216208	0.108104	0.216208	0.216208	0	0.216208	0.216208	0.108104	0.216208	0.108104	0.108104	0.216208	0.216208	0.216208	0.108104	0	0.108104	0.216208	0.108104	0	0.216208	0.216208	0	0.108104	0.216208	0.108104	0	0.216208	0.216208	0	0.216208	0.216208	0	0.216208	0.216208	0.216208	0.216208	0	0	0	0	0	0.216208	0.216208	0	0	0	0	0	0	0.216208	0.216208	0	0	0	0	0	0	0.216208	0.216208	0	0	0	0	0	0	0	0	0.216208	0.216208	0	0	0.108104	0.216208	0.108104	0	0	0.216208	0.216208	0	0.216208	0.216208	0.108104	0.216208	0.216208	0.216208	0.108104	0.216208	0.216208	0.216208	0.216208	0.108104	0.216208	0.32431	0.216208	0	0	0.216208	0.216208	0	0	0.108104	0.216208	0.108104	0	0	0	0	0.216208	0.216208	0	0	0.216208	0.216208	0.216208	0.216208	0.108104	0.216208	0.43241	0.43241	0.216208	0.216208	0.43241	0.43241	0.32431	0.32431	0.32431	0.32431	0.32431	0.32431	0.216208	0.43241	0.43241	0.216208	0.32431	0.32431	0.32431	0.43241	0.32431	0.216208	0.216208	0.216208	0.216208	0.216208	0.108104	0.216208	0.216208	0.216208	0.32431	0.216208	0.216208	0.216208	0.108104	0.216208	0.216208	0.108104	0.32431	0.32431	0.216208	0.216208	0.32431	0.43241	0.216208	0.216208	0.32431	0.32431	0.32431	0.216208
0.389716	0.352325	0.326513	0.352325	0.291041	0.328745	0.398977	0.31513	0.216183	0.216183	0.244702	0.328745	0.406239	0.432361	0.432361	0.460176	0.54314	0.622093	0.648525	0.648525	0.648525	0.648525	0.648525	0.648525	0.648525	0.648525	0.648525	0.648525	0.648525	0.648525	0.648525	0.648525	0.648525	0.648525	0.648525	0.648525	0.648525	0.704639	0.795178	0.773772	0.68039	0.676085	0.758528	0.83809	0.871399	0.891275	0.871399	0.891275	0.891275	0.871399	0.891275	0.871399	0.891275	0.923451	0.891275	0.854473	0.787792	0.769037	0.787792	0.769037	0.786869	0.786869	0.820478	0.838082	0.753697	0.735061	0.769037	0.787792	0.70152	0.683597	0.752724	0.786869	0.752724	0.683597	0.721024	0.786869	0.786869	0.786869	0.787792	0.735061	0.70152	0.717976	0.773772	0.806118	0.721024	0.68892	0.735061	0.66848	0.598154	0.583325	0.598154	0.512708	0.489396	0.582068	0.512708	0.445664	0.519775	0.564236	0.60423	0.564236	0.53227	0.53227	0.466479	0.460176	0.530901	0.547153	0.466479	0.432361	0.41159	0.31513	0.244702	0.326513	0.352325	0.256359	0.216183	0.229287	0.241684	0.170907	0.229287	0.170895	0	0.170895	0.229287	0.31513	0.41159	0.432361	0.432361	0.432361	0.432361	0.432361	0.512708	0.616193	0.648525	0.648525	0.648525	0.648525	0.648525	0.648525	0.721024	0.826686	0.812436	0.704639	0.648525	0.648525	0.648525	0.648525	0.721024	0.826686	0.864672	0.864672	0.864672	0.864672	0.83809	0.758528	0.676085	0.648525	0.616193	0.512708	0.432361	0.432361	0.413365	0.362541	0.256359	0.216183	0.216183	0.229287	0.241684	0.170907	0.229287	0.170895	0.13778	0.222819	0.191066	0.216165	0.108083	0.191066	0.222819	0.205786	0.229287	0.256359	0.352325	0.46016	0.447295	0.406239	0.328745	0.352325	0.41159	0.432361	0.432361	0.466479	0.564236	0.626769	0.648525	0.648525	0.648525	0.648525	0.616193	0.582068	0.596937	0.676085	0.735061	0.735061	0.735061	0.769037	0.826686	0.891275	0.930533	0.882208	0.786869	0.820478	0.918688	0.882208	0.787792	0.773764	0.773764	0.73803	0.725054	0.725054	0.683597	0.741968	0.697329	0.582068	0.630241	0.593244	0.547145	0.534991	0.420355	0.346048	0.346048	0.346048	0.308098	0.305715	0.31513	0.389716	0.31513	0.305715	0.352312	0.194854	0.222819	0.222819	0.0854479	0.216165	0.216165	0.108083	0.298452	0.308083	0.241684	0.232447	0.346042	0.498244	0.427252	0.389716	0.464899	0.540429	0.540429	0.483383
0.389642	0.326451	0.352258	0.326451	0.290986	0.362473	0.376307	0.275527	0.216143	0.216143	0.256311	0.362473	0.413287	0.432279	0.432279	0.466391	0.564129	0.626651	0.648403	0.648403	0.648403	0.648403	0.648403	0.648403	0.648403	0.648403	0.648403	0.648403	0.648403	0.648403	0.648403	0.648403	0.648403	0.648403	0.648403	0.648403	0.648403	0.720888	0.805966	0.758385	0.675957	0.680262	0.773627	0.841408	0.871234	0.891107	0.871234	0.891107	0.891107	0.871234	0.891107	0.871234	0.891107	0.923277	0.891107	0.82653	0.768892	0.787643	0.768892	0.787643	0.78672	0.78672	0.837924	0.820323	0.741844	0.734922	0.787643	0.768892	0.68879	0.683468	0.797764	0.78672	0.720888	0.683468	0.752582	0.78672	0.78672	0.78672	0.768892	0.734922	0.68879	0.737891	0.803241	0.795028	0.704506	0.701388	0.734922	0.65065	0.583215	0.598041	0.583215	0.489304	0.512612	0.581958	0.489304	0.44558	0.547042	0.604107	0.604116	0.543037	0.532169	0.532169	0.460089	0.466391	0.54705	0.5308	0.460089	0.432279	0.382085	0.275527	0.256311	0.352258	0.326451	0.244656	0.216143	0.170875	0.241638	0.229244	0.170875	0.0764151	0	0.0764151	0.170875	0.275527	0.382085	0.432279	0.432279	0.432279	0.432279	0.432279	0.489304	0.596824	0.648403	0.648403	0.648403	0.648403	0.648403	0.648403	0.704506	0.812283	0.82653	0.720888	0.648403	0.648403	0.648403	0.648403	0.704506	0.812283	0.864509	0.864509	0.864509	0.864509	0.841408	0.773627	0.680262	0.648403	0.596824	0.489304	0.432279	0.432279	0.406162	0.328683	0.244656	0.216143	0.216143	0.170875	0.241638	0.229244	0.170875	0.0764151	0.19103	0.222777	0.137754	0.216125	0.108063	0.137754	0.222777	0.15753	0.170875	0.244656	0.326451	0.427172	0.42718	0.413287	0.362473	0.326451	0.382085	0.432279	0.432279	0.460089	0.543037	0.621975	0.648403	0.648403	0.648403	0.648403	0.596824	0.581958	0.616077	0.680262	0.734922	0.734922	0.734922	0.787643	0.854312	0.891107	0.908134	0.858568	0.78672	0.837924	0.918515	0.858568	0.768892	0.773618	0.773618	0.71784	0.724917	0.724917	0.683468	0.713755	0.667249	0.581958	0.630122	0.567993	0.519677	0.464811	0.383979	0.345983	0.345983	0.345983	0.278159	0.305658	0.38207	0.389642	0.275527	0.305658	0.308033	0.120826	0.222777	0.222777	0.0382076	0.216125	0.216125	0.108063	0.244636	0.256294	0.241638	0.191037	0.270169	0.422012	0.460073	0.389642	0.411513	0.540327	0.540327	0.483292
0.216084	0.108042	0.216084	0.108042	0.108042	0.216084	0.108042	0	0	0	0.108042	0.216084	0.108042	0	0	0.108042	0.216084	0.108042	0	0	0	0	0	0	0	0	0	0	0	0	0	0	0	0	0	0	0	0.216084	0.216084	0	0	0.108042	0.216084	0.108042	0.108042	0.216084	0.108042	0.216084	0.216084	0.108042	0.216084	0.108042	0.216084	0.324124	0.216084	0.108042	0.216084	0.324124	0.216084	0.324124	0.216084	0.216084	0.324124	0.216084	0.108042	0.216084	0.324124	0.216084	0.108042	0.216084	0.432162	0.216084	0.108042	0.216084	0.324124	0.216084	0.216084	0.216084	0.216084	0.216084	0.108042	0.324124	0.324124	0.108042	0	0.216084	0.216084	0	0.108042	0.216084	0.108042	0	0.216084	0.216084	0	0.108042	0.324124	0.324124	0.108042	0	0.216084	0.216084	0	0.108042	0.216084	0.108042	0	0	0	0	0.108042	0.216084	0.108042	0	0	0	0.216084	0.216084	0	0	0	0	0	0	0	0	0	0	0	0	0	0	0	0	0	0	0	0	0	0	0.216084	0.216084	0	0	0	0	0	0	0	0	0	0	0.108042	0.216084	0.108042	0	0	0	0	0	0	0	0	0	0	0	0.216084	0.216084	0	0	0.216084	0.216084	0.108042	0.216084	0.108042	0.108042	0.216084	0.108042	0	0	0.108042	0.216084	0.108042	0.108042	0.216084	0.108042	0	0	0	0	0	0	0	0	0	0	0	0.216084	0.216084	0.108042	0.216084	0.216084	0.216084	0.324124	0.324124	0.216084	0.324124	0.324124	0.216084	0.324124	0.432162	0.324124	0.216084	0.324124	0.324124	0.216084	0.324124	0.324124	0.216084	0.324124	0.324124	0.216084	0.324124	0.216084	0.216084	0.216084	0.216084	0.216084	0.216084	0.216084	0.108042	0.216084	0.324124	0.216084	0	0.216084	0.216084	0	0.216084	0.216084	0	0.216084	0.216084	0.108042	0.216084	0.216084	0.216084	0.108042	0.108042	0.216084	0.324124	0.216084	0.108042	0.324124	0.324124	0.216084
0.216043	0.108022	0.216043	0.108022	0.108022	0.216043	0.108022	0	0	0	0.108022	0.216043	0.108022	0	0	0.108022	0.216043	0.108022	0	0	0	0	0	0	0	0	0	0	0	0	0	0	0	0	0	0	0	0.216043	0.216043	0	0	0.108022	0.216043	0.108022	0.108022	0.216043	0.108022	0.216043	0.216043	0.108022	0.216043	0.108022	0.216043	0.324063	0.216043	0.108022	0.216043	0.324063	0.216043	0.324063	0.216043	0.216043	0.324063	0.216043	0.108022	0.216043	0.324063	0.216043	0.108022	0.216043	0.43208	0.216043	0.108022	0.216043	0.324063	0.216043	0.216043	0.216043	0.216043	0.216043	0.108022	0.324063	0.324063	0.108022	0	0.216043	0.216043	0	0.108022	0.216043	0.108022	0	0.216043	0.216043	0	0.108022	0.324063	0.324063	0.108022	0	0.216043	0.216043	0	0.108022	0.216043	0.108022	0	0	0	0	0.108022	0.216043	0.108022	0	0	0	0.216043	0.216043	0	0	0	0	0	0	0	0	0	0	0	0	0	0	0	0	0	0	0	0	0	0	0.216043	0.216043	0	0	0	0	0	0	0	0	0	0	0.108022	0.216043	0.108022	0	0	0	0	0	0	0	0	0	0	0	0.216043	0.216043	0	0	0.216043	0.216043	0.108022	0.216043	0.108022	0.108022	0.216043	0.108022	0	0	0.108022	0.216043	0.108022	0.108022	0.216043	0.108022	0	0	0	0	0	0	0	0	0	0	0	0.216043	0.216043	0.108022	0.216043	0.216043	0.216043	0.324063	0.324063	0.216043	0.324063	0.324063	0.216043	0.324063	0.43208	0.324063	0.216043	0.324063	0.324063	0.216043	0.324063	0.324063	0.216043	0.324063	0.324063	0.216043	0.324063	0.216043	0.216043	0.216043	0.216043	0.216043	0.216043	0.216043	0.108022	0.216043	0.324063	0.216043	0	0.216043	0.216043	0	0.216043	0.216043	0	0.216043	0.216043	0.108022	0.216043	0.216043	0.216043	0.108022	0.108022	0.216043	0.324063	0.216043	0.108022	0.324063	0.324063	0.216043
0.216001	0.108001	0.216001	0.108001	0.108001	0.216001	0.108001	0	0	0	0.108001	0.216001	0.108001	0	0	0.108001	0.216001	0.108001	0	0	0	0	0	0	0	0	0	0	0	0	0	0	0	0	0	0	0	0.216001	0.216001	0	0	0.108001	0.216001	0.108001	0.108001	0.216001	0.108001	0.216001	0.216001	0.108001	0.216001	0.108001	0.216001	0.323999	0.216001	0.108001	0.216001	0.323999	0.216001	0.323999	0.216001	0.216001	0.323999	0.216001	0.108001	0.216001	0.323999	0.216001	0.108001	0.216001	0.431995	0.216001	0.108001	0.216001	0.323999	0.216001	0.216001	0.216001	0.216001	0.216001	0.108001	0.323999	0.323999	0.108001	0	0.216001	0.216001	0	0.108001	0.216001	0.108001	0	0.216001	0.216001	0	0.108001	0.323999	0.323999	0.108001	0	0.216001	0.216001	0	0.108001	0.216001	0.108001	0	0	0	0	0.108001	0.216001	0.108001	0	0	0	0.216001	0.216001	0	0	0	0	0	0	0	0	0	0	0	0	0	0	0	0	0	0	0	0	0	0	0.216001	0.216001	0	0	0	0	0	0	0	0	0	0	0.108001	0.216001	0.108001	0	0	0	0	0	0	0	0	0	0	0	0.216001	0.216001	0	0	0.216001	0.216001	0.108001	0.216001	0.108001	0.108001	0.216001	0.108001	0	0	0.108001	0.216001	0.108001	0.108001	0.216001	0.108001	0	0	0	0	0	0	0	0	0	0	0	0.216001	0.216001	0.108001	0.216001	0.216001	0.216001	0.323999	0.323999	0.216001	0.323999	0.323999	0.216001	0.323999	0.431995	0.323999	0.216001	0.323999	0.323999	0.216001	0.323999	0.323999	0.216001	0.323999	0.323999	0.216001	0.323999	0.216001	0.216001	0.216001	0.216001	0.216001	0.216001	0.216001	0.108001	0.216001	0.323999	0.216001	0	0.216001	0.216001	0	0.216001	0.216001	0	0.216001	0.216001	0.108001	0.216001	0.216001	0.216001	0.108001	0.108001	0.216001	0.323999	0.216001	0.108001	0.323999	0.323999	0.216001
0.21596	0.10798	0.21596	0.10798	0.10798	0.21596	0.10798	0	0	0	0.10798	0.21596	0.10798	0	0	0.10798	0.21596	0.10798	0	0	0	0	0	0	0	0	0	0	0	0	0	0	0	0	0	0	0	0.21596	0.21596	0	0	0.10798	0.21596	0.10798	0.10798	0.21596	0.10798	0.21596	0.21596	0.10798	0.21596	0.10798	0.21596	0.323938	0.21596	0.10798	0.21596	0.323938	0.21596	0.323938	0.21596	0.21596	0.323938	0.21596	0.10798	0.21596	0.323938	0.21596	0.10798	0.21596	0.431914	0.21596	0.10798	0.21596	0.323938	0.21596	0.21596	0.21596	0.21596	0.21596	0.10798	0.323938	0.323938	0.10798	0	0.21596	0.21596	0	0.10798	0.21596	0.10798	0	0.21596	0.21596	0	0.10798	0.323938	0.323938	0.10798	0	0.21596	0.21596	0	0.10798	0.21596	0.10798	0	0	0	0	0.10798	0.21596	0.10798	0	0	0	0.21596	0.21596	0	0	0	0	0	0	0	0	0	0	0	0	0	0	0	0	0	0	0	0	0	0	0.21596	0.21596	0	0	0	0	0	0	0	0	0	0	0.10798	0.21596	0.10798	0	0	0	0	0	0	0	0	0	0	0	0.21596	0.21596	0	0	0.21596	0.21596	0.10798	0.21596	0.10798	0.10798	0.21596	0.10798	0	0	0.10798	0.21596	0.10798	0.10798	0.21596	0.10798	0	0	0	0	0	0	0	0	0	0	0	0.21596	0.21596	0.10798	0.21596	0.21596	0.21596	0.323938	0.323938	0.21596	0.323938	0.323938	0.21596	0.323938	0.431914	0.323938	0.21596	0.323938	0.323938	0.21596	0.323938	0.323938	0.21596	0.323938	0.323938	0.21596	0.323938	0.21596	0.21596	0.21596	0.21596	0.21596	0.21596	0.21596	0.10798	0.21596	0.323938	0.21596	0	0.21596	0.21596	0	0.21596	0.21596	0	0.21596	0.21596	0.10798	0.21596	0.21596	0.21596	0.10798	0.10798	0.21596	0.323938	0.21596	0.10798	0.323938	0.323938	0.21596
0.215919	0.10796	0.215919	0.10796	0.10796	0.215919	0.10796	0	0	0	0.10796	0.215919	0.10796	0	0	0.10796	0.215919	0.10796	0	0	0	0	0	0	0	0	0	0	0	0	0	0	0	0	0	0	0	0.215919	0.215919	0	0	0.10796	0.215919	0.10796	0.10796	0.215919	0.10796	0.215919	0.215919	0.10796	0.215919	0.10796	0.215919	0.323877	0.215919	0.10796	0.215919	0.323877	0.215919	0.323877	0.215919	0.215919	0.323877	0.215919	0.10796	0.215919	0.323877	0.215919	0.10796	0.215919	0.431833	0.215919	0.10796	0.215919	0.323877	0.215919	0.215919	0.215919	0.215919	0.215919	0.10796	0.323877	0.323877	0.10796	0	0.215919	0.215919	0	0.10796	0.215919	0.10796	0	0.215919	0.215919	0	0.10796	0.323877	0.323877	0.10796	0	0.215919	0.215919	0	0.10796	0.215919	0.10796	0	0	0	0	0.10796	0.215919	0.10796	0	0	0	0.215919	0.215919	0	0	0	0	0	0	0	0	0	0	0	0	0	0	0	0	0	0	0	0	0	0	0.215919	0.215919	0	0	0	0	0	0	0	0	0	0	0.10796	0.215919	0.10796	0	0	0	0	0	0	0	0	0	0	0	0.215919	0.215919	0	0	0.215919	0.215919	0.10796	0.215919	0.10796	0.10796	0.215919	0.10796	0	0	0.10796	0.215919	0.10796	0.10796	0.215919	0.10796	0	0	0	0	0	0	0	0	0	0	0	0.215919	0.215919	0.10796	0.215919	0.215919	0.215919	0.323877	0.323877	0.215919	0.323877	0.323877	0.215919	0.323877	0.431833	0.323877	0.215919	0.323877	0.323877	0.215919	0.323877	0.323877	0.215919	0.323877	0.323877	0.215919	0.323877	0.215919	0.215919	0.215919	0.215919	0.215919	0.215919	0.215919	0.10796	0.215919	0.323877	0.215919	0	0.215919	0.215919	0	0.215919	0.215919	0	0.215919	0.215919	0.10796	0.215919	0.215919	0.215919	0.10796	0.10796	0.215919	0.323877	0.215919	0.10796	0.323877	0.323877	0.215919
0.215877	0.107939	0.215877	0.107939	0.107939	0.215877	0.107939	0	0	0	0.107939	0.215877	0.107939	0	0	0.107939	0.215877	0.107939	0	0	0	0	0	0	0	0	0	0	0	0	0	0	0	0	0	0	0	0.215877	0.215877	0	0	0.107939	0.215877	0.107939	0.107939	0.215877	0.107939	0.215877	0.215877	0.107939	0.215877	0.107939	0.215877	0.323814	0.215877	0.107939	0.215877	0.323814	0.215877	0.323814	0.215877	0.215877	0.323814	0.215877	0.107939	0.215877	0.323814	0.215877	0.107939	0.215877	0.431748	0.215877	0.107939	0.215877	0.323814	0.215877	0.215877	0.215877	0.215877	0.215877	0.107939	0.323814	0.323814	0.107939	0	0.215877	0.215877	0	0.107939	0.215877	0.107939	0	0.215877	0.215877	0	0.107939	0.323814	0.323814	0.107939	0	0.215877	0.215877	0	0.107939	0.215877	0.107939	0	0	0	0	0.107939	0.215877	0.107939	0	0	0	0.215877	0.215877	0	0	0	0	0	0	0	0	0	0	0	0	0	0	0	0	0	0	0	0	0	0	0.215877	0.215877	0	0	0	0	0	0	0	0	0	0	0.107939	0.215877	0.107939	0	0	0	0	0	0	0	0	0	0	0	0.215877	0.215877	0	0	0.215877	0.215877	0.107939	0.215877	0.107939	0.107939	0.215877	0.107939	0	0	0.107939	0.215877	0.107939	0.107939	0.215877	0.107939	0	0	0	0	0	0	0	0	0	0	0	0.215877	0.215877	0.107939	0.215877	0.215877	0.215877	0.323814	0.323814	0.215877	0.323814	0.323814	0.215877	0.323814	0.431748	0.323814	0.215877	0.323814	0.323814	0.215877	0.323814	0.323814	0.215877	0.323814	0.323814	0.215877	0.323814	0.215877	0.215877	0.215877	0.215877	0.215877	0.215877	0.215877	0.107939	0.215877	0.323814	0.215877	0	0.215877	0.215877	0	0.215877	0.215877	0	0.215877	0.215877	0.107939	0.215877	0.215877	0.215877	0.107939	0.107939	0.215877	0.323814	0.215877	0.107939	0.323814	0.323814	0.215877
0.241316	0.152626	0.241316	0.152626	0.152626	0.241316	0.152626	0.107928	0.107928	0.137581	0.213304	0.248748	0.153815	0.107928	0.107928	0.171704	0.25453	0.153815	0.107928	0.107928	0.107928	0.137581	0.19079	0.215854	0.215854	0.215854	0.215854	0.24433	0.298022	0.32378	0.32378	0.32378	0.32378	0.32378	0.32378	0.32378	0.32378	0.351788	0.307629	0.24433	0.298022	0.324339	0.329344	0.283625	0.308225	0.366978	0.333195	0.351788	0.326568	0.283625	0.345522	0.308225	0.348147	0.402448	0.343937	0.308225	0.366978	0.420147	0.364489	0.420147	0.345522	0.383467	0.45787	0.389123	0.34129	0.389123	0.45787	0.389123	0.34129	0.389123	0.539594	0.407847	0.38395	0.435053	0.478474	0.411845	0.411845	0.393311	0.389123	0.389123	0.34129	0.438792	0.40109	0.248024	0.24433	0.345522	0.307629	0.24433	0.308225	0.329344	0.248024	0.24433	0.345522	0.307629	0.24433	0.308225	0.40109	0.404701	0.301659	0.339689	0.435053	0.380136	0.271163	0.23053	0.248748	0.11605	0.0381566	0	0	0	0.0953877	0.196416	0.133548	0.107928	0.137581	0.19079	0.307629	0.351788	0.351797	0.40562	0.431703	0.431703	0.431703	0.431703	0.431703	0.445397	0.486412	0.526306	0.539622	0.539622	0.539622	0.539622	0.539622	0.539622	0.539622	0.539622	0.539622	0.513352	0.459476	0.431703	0.496038	0.54632	0.539622	0.526306	0.486412	0.445397	0.431703	0.431703	0.40562	0.351797	0.32378	0.32378	0.34129	0.389123	0.34129	0.32378	0.32378	0.32378	0.310582	0.271163	0.229741	0.215854	0.215854	0.215854	0.215854	0.215854	0.267094	0.232093	0.107928	0.107928	0.205473	0.190775	0.0953877	0.196416	0.133548	0.153812	0.230516	0.133548	0.107928	0.0953952	0.138889	0.213294	0.133548	0.153815	0.248748	0.223311	0.215854	0.24433	0.298022	0.32378	0.32378	0.32378	0.32378	0.32378	0.32378	0.351797	0.40562	0.464589	0.458674	0.418862	0.458674	0.458674	0.458674	0.499319	0.478474	0.430426	0.497492	0.497492	0.435053	0.478474	0.53723	0.45787	0.389123	0.45787	0.45787	0.389123	0.45787	0.45787	0.389123	0.438792	0.420147	0.345522	0.421443	0.364489	0.348147	0.345522	0.345522	0.307629	0.30525	0.30525	0.223311	0.248748	0.333174	0.241316	0.107928	0.223299	0.230516	0.0953952	0.205473	0.190775	0	0.190775	0.22248	0.127977	0.196416	0.217521	0.248748	0.223311	0.235989	0.286806	0.364482	0.345522	0.277788	0.38911	0.38911	0.305847
0.305191	0.241281	0.305191	0.241281	0.241281	0.305191	0.241281	0.215812	0.215812	0.290542	0.386236	0.341224	0.24871	0.215812	0.215812	0.291788	0.345455	0.24871	0.215812	0.215812	0.215812	0.290542	0.392777	0.431618	0.431618	0.431618	0.431618	0.49741	0.603192	0.647412	0.647412	0.647412	0.647412	0.647412	0.647412	0.647412	0.647412	0.603192	0.49741	0.49741	0.603192	0.622779	0.550199	0.537486	0.589154	0.631476	0.641197	0.603192	0.537486	0.537486	0.581069	0.589154	0.589154	0.579184	0.579184	0.589154	0.631476	0.627427	0.627427	0.627427	0.581069	0.675989	0.72381	0.682423	0.65634	0.682423	0.72381	0.682423	0.65634	0.682423	0.778059	0.726322	0.746092	0.785518	0.776666	0.733799	0.733799	0.69353	0.682423	0.682423	0.65634	0.676531	0.581069	0.461755	0.49741	0.581069	0.49741	0.49741	0.589154	0.550199	0.461755	0.49741	0.581069	0.49741	0.49741	0.589154	0.581069	0.58356	0.581069	0.69353	0.785518	0.676539	0.550199	0.431618	0.341224	0.196391	0.120636	0	0	0	0.0603179	0.152597	0.196391	0.215812	0.290542	0.392777	0.49741	0.603192	0.709607	0.816405	0.863187	0.863187	0.863187	0.863187	0.863187	0.89179	0.97704	1.05335	1.07894	1.07894	1.07894	1.07894	1.07894	1.07894	1.07894	1.07894	1.07894	1.03066	0.92345	0.863187	0.92345	1.03066	1.07894	1.05335	0.97704	0.89179	0.863187	0.863187	0.816405	0.709607	0.647412	0.647412	0.65634	0.682423	0.65634	0.647412	0.647412	0.647412	0.622779	0.550199	0.461755	0.431618	0.431618	0.431618	0.431618	0.431618	0.392777	0.290542	0.215812	0.215812	0.194526	0.120636	0.0603179	0.152597	0.196391	0.248703	0.269751	0.196391	0.215812	0.196391	0.210684	0.210684	0.196391	0.24871	0.341224	0.408223	0.431618	0.49741	0.603192	0.647412	0.647412	0.647412	0.647412	0.647412	0.647412	0.709607	0.816405	0.85173	0.837516	0.816405	0.837516	0.837516	0.837516	0.827464	0.776666	0.776666	0.821726	0.821726	0.785518	0.776666	0.772903	0.72381	0.682423	0.72381	0.72381	0.682423	0.72381	0.72381	0.682423	0.676531	0.627427	0.581069	0.62916	0.627427	0.589154	0.581069	0.581069	0.49741	0.482554	0.482554	0.408223	0.341224	0.362914	0.305191	0.215812	0.248703	0.269751	0.196391	0.194526	0.120636	0	0.120636	0.24127	0.180953	0.152597	0.241281	0.341224	0.408223	0.435808	0.434969	0.486312	0.581069	0.531356	0.539502	0.539502	0.486312
0.241225	0.152568	0.241225	0.152568	0.152568	0.241225	0.152568	0.107886	0.107886	0.232005	0.267672	0.164061	0.122119	0.107886	0.107886	0.23589	0.254434	0.122119	0.107886	0.107886	0.107886	0.232005	0.266993	0.215771	0.215771	0.215771	0.215771	0.307511	0.351654	0.323655	0.323655	0.323655	0.323655	0.323655	0.323655	0.323655	0.323655	0.297908	0.244236	0.307511	0.351654	0.310463	0.271059	0.326443	0.348014	0.366838	0.370293	0.297908	0.283516	0.326443	0.34539	0.348014	0.308107	0.343806	0.402295	0.348014	0.366838	0.36435	0.419987	0.36435	0.34539	0.501663	0.457695	0.388974	0.34116	0.388974	0.457695	0.388974	0.34116	0.388974	0.539389	0.458094	0.416519	0.434887	0.430261	0.411687	0.411687	0.358318	0.388974	0.388974	0.34116	0.385687	0.301544	0.229653	0.307511	0.34539	0.244236	0.307511	0.348014	0.271059	0.229653	0.307511	0.34539	0.244236	0.307511	0.348014	0.301544	0.404547	0.400938	0.440284	0.434887	0.343816	0.329218	0.230442	0.164061	0.199103	0.190703	0	0	0	0.019071	0.0603093	0.0953586	0.107886	0.232005	0.266993	0.244236	0.297908	0.398217	0.446444	0.431537	0.431537	0.431537	0.431537	0.431537	0.454922	0.520888	0.534333	0.539415	0.539415	0.539415	0.539415	0.539415	0.539415	0.539415	0.539415	0.539415	0.546111	0.495848	0.431537	0.459299	0.513155	0.539415	0.534333	0.520888	0.454922	0.431537	0.431537	0.446444	0.398217	0.323655	0.323655	0.34116	0.388974	0.34116	0.323655	0.323655	0.323655	0.324215	0.329218	0.247929	0.215771	0.215771	0.215771	0.215771	0.215771	0.190717	0.137528	0.107886	0.107886	0.0852908	0.0381421	0.019071	0.0603093	0.0953586	0.223214	0.230429	0.0953586	0.107886	0.133497	0.213213	0.138836	0.0953586	0.122119	0.164061	0.202735	0.215771	0.307511	0.351654	0.323655	0.323655	0.323655	0.323655	0.323655	0.323655	0.398217	0.446444	0.43531	0.458499	0.418702	0.458499	0.458499	0.458499	0.453313	0.430261	0.478291	0.497303	0.497303	0.434887	0.430261	0.476765	0.457695	0.388974	0.457695	0.457695	0.388974	0.457695	0.457695	0.388974	0.385687	0.36435	0.34539	0.421283	0.419987	0.308107	0.34539	0.34539	0.244236	0.305134	0.305134	0.202735	0.164061	0.259387	0.241225	0.107886	0.153754	0.230429	0.133497	0.0852908	0.0381421	0	0.0381421	0.222396	0.206277	0.0603093	0.111206	0.164061	0.202735	0.286063	0.286697	0.232799	0.34539	0.383315	0.388963	0.388963	0.259398
0.215713	0.107857	0.215713	0.107857	0.107857	0.215713	0.107857	0	0	0.215713	0.215713	0	0	0	0	0.215713	0.215713	0	0	0	0	0.215713	0.215713	0	0	0	0	0.215713	0.215713	0	0	0	0	0	0	0	0	0	0	0.215713	0.215713	0	0	0.215713	0.215713	0.215713	0.215713	0	0.107857	0.215713	0.215713	0.215713	0.107857	0.215713	0.323567	0.215713	0.215713	0.215713	0.323567	0.215713	0.215713	0.43142	0.323567	0.215713	0.107857	0.215713	0.323567	0.215713	0.107857	0.215713	0.43142	0.323567	0.215713	0.215713	0.215713	0.215713	0.215713	0.107857	0.215713	0.215713	0.107857	0.215713	0.107857	0	0.215713	0.215713	0	0.215713	0.215713	0	0	0.215713	0.215713	0	0.215713	0.215713	0.107857	0.323567	0.323567	0.323567	0.215713	0.107857	0.215713	0.107857	0	0.215713	0.215713	0	0	0	0	0	0	0	0.215713	0.215713	0	0	0.215713	0.215713	0	0	0	0	0	0.107857	0.215713	0.107857	0	0	0	0	0	0	0	0	0	0.215713	0.215713	0	0	0	0	0.107857	0.215713	0.107857	0	0	0.215713	0.215713	0	0	0.107857	0.215713	0.107857	0	0	0	0.107857	0.215713	0.107857	0	0	0	0	0	0	0	0	0	0	0	0	0	0	0.215713	0.215713	0	0	0.107857	0.215713	0.107857	0	0	0	0	0	0.215713	0.215713	0	0	0	0	0	0	0.215713	0.215713	0.107857	0.215713	0.107857	0.215713	0.215713	0.215713	0.215713	0.215713	0.323567	0.323567	0.323567	0.215713	0.215713	0.323567	0.323567	0.215713	0.323567	0.323567	0.215713	0.323567	0.323567	0.215713	0.215713	0.215713	0.215713	0.323567	0.323567	0.107857	0.215713	0.215713	0	0.215713	0.215713	0	0	0.215713	0.215713	0	0.107857	0.215713	0.107857	0	0	0	0	0.215713	0.215713	0	0	0	0	0.215713	0.215713	0	0.215713	0.323567	0.323567	0.323567	0.107857
0.215672	0.107837	0.215672	0.107837	0.107837	0.215672	0.107837	0	0	0.215672	0.215672	0	0	0	0	0.215672	0.215672	0	0	0	0	0.215672	0.215672	0	0	0	0	0.215672	0.215672	0	0	0	0	0	0	0	0	0	0	0.215672	0.215672	0	0	0.215672	0.215672	0.215672	0.215672	0	0.107837	0.215672	0.215672	0.215672	0.107837	0.215672	0.323507	0.215672	0.215672	0.215672	0.323507	0.215672	0.215672	0.431339	0.323507	0.215672	0.107837	0.215672	0.323507	0.215672	0.107837	0.215672	0.431339	0.323507	0.215672	0.215672	0.215672	0.215672	0.215672	0.107837	0.215672	0.215672	0.107837	0.215672	0.107837	0	0.215672	0.215672	0	0.215672	0.215672	0	0	0.215672	0.215672	0	0.215672	0.215672	0.107837	0.323507	0.323507	0.323507	0.215672	0.107837	0.215672	0.107837	0	0.215672	0.215672	0	0	0	0	0	0	0	0.215672	0.215672	0	0	0.215672	0.215672	0	0	0	0	0	0.107837	0.215672	0.107837	0	0	0	0	0	0	0	0	0	0.215672	0.215672	0	0	0	0	0.107837	0.215672	0.107837	0	0	0.215672	0.215672	0	0	0.107837	0.215672	0.107837	0	0	0	0.107837	0.215672	0.107837	0	0	0	0	0	0	0	0	0	0	0	0	0	0	0.215672	0.215672	0	0	0.107837	0.215672	0.107837	0	0	0	0	0	0.215672	0.215672	0	0	0	0	0	0	0.215672	0.215672	0.107837	0.215672	0.107837	0.215672	0.215672	0.215672	0.215672	0.215672	0.323507	0.323507	0.323507	0.215672	0.215672	0.323507	0.323507	0.215672	0.323507	0.323507	0.215672	0.323507	0.323507	0.215672	0.215672	0.215672	0.215672	0.323507	0.323507	0.107837	0.215672	0.215672	0	0.215672	0.215672	0	0	0.215672	0.215672	0	0.107837	0.215672	0.107837	0	0	0	0	0.215672	0.215672	0	0	0	0	0.215672	0.215672	0	0.215672	0.323507	0.323507	0.323507	0.107837
0.215632	0.107816	0.215632	0.107816	0.107816	0.215632	0.107816	0	0	0.215632	0.215632	0	0	0	0	0.215632	0.215632	0	0	0	0	0.215632	0.215632	0	0	0	0	0.215632	0.215632	0	0	0	0	0	0	0	0	0	0	0.215632	0.215632	0	0	0.215632	0.215632	0.215632	0.215632	0	0.107816	0.215632	0.215632	0.215632	0.107816	0.215632	0.323446	0.215632	0.215632	0.215632	0.323446	0.215632	0.215632	0.431257	0.323446	0.215632	0.107816	0.215632	0.323446	0.215632	0.107816	0.215632	0.431257	0.323446	0.215632	0.215632	0.215632	0.215632	0.215632	0.107816	0.215632	0.215632	0.107816	0.215632	0.107816	0	0.215632	0.215632	0	0.215632	0.215632	0	0	0.215632	0.215632	0	0.215632	0.215632	0.107816	0.323446	0.323446	0.323446	0.215632	0.107816	0.215632	0.107816	0	0.215632	0.215632	0	0	0	0	0	0	0	0.215632	0.215632	0	0	0.215632	0.215632	0	0	0	0	0	0.107816	0.215632	0.107816	0	0	0	0	0	0	0	0	0	0.215632	0.215632	0	0	0	0	0.107816	0.215632	0.107816	0	0	0.215632	0.215632	0	0	0.107816	0.215632	0.107816	0	0	0	0.107816	0.215632	0.107816	0	0	0	0	0	0	0	0	0	0	0	0	0	0	0.215632	0.215632	0	0	0.107816	0.215632	0.107816	0	0	0	0	0	0.215632	0.215632	0	0	0	0	0	0	0.215632	0.215632	0.107816	0.215632	0.107816	0.215632	0.215632	0.215632	0.215632	0.215632	0.323446	0.323446	0.323446	0.215632	0.215632	0.323446	0.323446	0.215632	0.323446	0.323446	0.215632	0.323446	0.323446	0.215632	0.215632	0.215632	0.215632	0.323446	0.323446	0.107816	0.215632	0.215632	0	0.215632	0.215632	0	0	0.215632	0.215632	0	0.107816	0.215632	0.107816	0	0	0	0	0.215632	0.215632	0	0	0	0	0.215632	0.215632	0	0.215632	0.323446	0.323446	0.323446	0.107816
0.21559	0.107795	0.21559	0.107795	0.107795	0.21559	0.107795	0	0	0.21559	0.21559	0	0	0	0	0.21559	0.21559	0	0	0	0	0.21559	0.21559	0	0	0	0	0.21559	0.21559	0	0	0	0	0	0	0	0	0	0	0.21559	0.21559	0	0	0.21559	0.21559	0.21559	0.21559	0	0.107795	0.21559	0.21559	0.21559	0.107795	0.21559	0.323382	0.21559	0.21559	0.21559	0.323382	0.21559	0.21559	0.431173	0.323382	0.21559	0.107795	0.21559	0.323382	0.21559	0.107795	0.21559	0.431173	0.323382	0.21559	0.21559	0.21559	0.21559	0.21559	0.107795	0.21559	0.21559	0.107795	0.21559	0.107795	0	0.21559	0.21559	0	0.21559	0.21559	0	0	0.21559	0.21559	0	0.21559	0.21559	0.107795	0.323382	0.323382	0.323382	0.21559	0.107795	0.21559	0.107795	0	0.21559	0.21559	0	0	0	0	0	0	0	0.21559	0.21559	0	0	0.21559	0.21559	0	0	0	0	0	0.107795	0.21559	0.107795	0	0	0	0	0	0	0	0	0	0.21559	0.21559	0	0	0	0	0.107795	0.21559	0.107795	0	0	0.21559	0.21559	0	0	0.107795	0.21559	0.107795	0	0	0	0.107795	0.21559	0.107795	0	0	0	0	0	0	0	0	0	0	0	0	0	0	0.21559	0.21559	0	0	0.107795	0.21559	0.107795	0	0	0	0	0	0.21559	0.21559	0	0	0	0	0	0	0.21559	0.21559	0.107795	0.21559	0.107795	0.21559	0.21559	0.21559	0.21559	0.21559	0.323382	0.323382	0.323382	0.21559	0.21559	0.323382	0.323382	0.21559	0.323382	0.323382	0.21559	0.323382	0.323382	0.21559	0.21559	0.21559	0.21559	0.323382	0.323382	0.107795	0.21559	0.21559	0	0.21559	0.21559	0	0	0.21559	0.21559	0	0.107795	0.21559	0.107795	0	0	0	0	0.21559	0.21559	0	0	0	0	0.21559	0.21559	0	0.21559	0.323382	0.323382	0.323382	0.107795
0.215549	0.107775	0.215549	0.107775	0.107775	0.215549	0.107775	0	0	0.215549	0.215549	0	0	0	0	0.215549	0.215549	0	0	0	0	0.215549	0.215549	0	0	0	0	0.215549	0.215549	0	0	0	0	0	0	0	0	0	0	0.215549	0.215549	0	0	0.215549	0.215549	0.215549	0.215549	0	0.107775	0.215549	0.215549	0.215549	0.107775	0.215549	0.323322	0.215549	0.215549	0.215549	0.323322	0.215549	0.215549	0.431092	0.323322	0.215549	0.107775	0.215549	0.323322	0.215549	0.107775	0.215549	0.431092	0.323322	0.215549	0.215549	0.215549	0.215549	0.215549	0.107775	0.215549	0.215549	0.107775	0.215549	0.107775	0	0.215549	0.215549	0	0.215549	0.215549	0	0	0.215549	0.215549	0	0.215549	0.215549	0.107775	0.323322	0.323322	0.323322	0.215549	0.107775	0.215549	0.107775	0	0.215549	0.215549	0	0	0	0	0	0	0	0.215549	0.215549	0	0	0.215549	0.215549	0	0	0	0	0	0.107775	0.215549	0.107775	0	0	0	0	0	0	0	0	0	0.215549	0.215549	0	0	0	0	0.107775	0.215549	0.107775	0	0	0.215549	0.215549	0	0	0.107775	0.215549	0.107775	0	0	0	0.107775	0.215549	0.107775	0	0	0	0	0	0	0	0	0	0	0	0	0	0	0.215549	0.215549	0	0	0.107775	0.215549	0.107775	0	0	0	0	0	0.215549	0.215549	0	0	0	0	0	0	0.215549	0.215549	0.107775	0.215549	0.107775	0.215549	0.215549	0.215549	0.215549	0.215549	0.323322	0.323322	0.323322	0.215549	0.215549	0.323322	0.323322	0.215549	0.323322	0.323322	0.215549	0.323322	0.323322	0.215549	0.215549	0.215549	0.215549	0.323322	0.323322	0.107775	0.215549	0.215549	0	0.215549	0.215549	0	0	0.215549	0.215549	0	0.107775	0.215549	0.107775	0	0	0	0	0.215549	0.215549	0	0	0	0	0.215549	0.215549	0	0.215549	0.323322	0.323322	0.323322	0.107775
0.30716	0.24096	0.304785	0.24096	0.22297	0.286369	0.235629	0.215525	0.215525	0.285736	0.286369	0.202503	0.215525	0.215525	0.215525	0.266687	0.23174	0.107763	0.107763	0.121979	0.163873	0.267365	0.23174	0.107763	0.107763	0.107763	0.107763	0.20516	0.206041	0.0602403	0.0952496	0.107763	0.107763	0.107763	0.107763	0.107763	0.107763	0.107763	0.137371	0.269392	0.23174	0.107763	0.121979	0.254143	0.235621	0.240949	0.240949	0.121979	0.191443	0.269392	0.269392	0.269392	0.212979	0.286369	0.355858	0.288262	0.286369	0.267365	0.343403	0.272737	0.269392	0.425933	0.340749	0.240949	0.152394	0.240949	0.340749	0.240949	0.190492	0.269392	0.425933	0.323824	0.21297	0.222142	0.238677	0.230165	0.230165	0.153578	0.240949	0.25909	0.210406	0.305378	0.24096	0.215525	0.266687	0.23174	0.107763	0.20516	0.190485	0	0.0380985	0.222142	0.190485	0	0.190485	0.20516	0.153581	0.332671	0.380979	0.466995	0.528252	0.533722	0.520292	0.454401	0.431043	0.445933	0.397762	0.351259	0.405001	0.444717	0.485669	0.525502	0.552432	0.593286	0.638924	0.596332	0.566377	0.620197	0.681515	0.681515	0.64655	0.64655	0.674025	0.727859	0.754296	0.746803	0.725358	0.666717	0.64655	0.64655	0.64655	0.64655	0.64655	0.64655	0.64655	0.64655	0.64655	0.681515	0.681515	0.64655	0.620197	0.566377	0.525502	0.51292	0.537781	0.523078	0.485669	0.444717	0.481911	0.481911	0.405001	0.351259	0.340769	0.38853	0.340769	0.297567	0.243957	0.215525	0.247645	0.324395	0.259101	0.215525	0.215525	0.202503	0.163873	0.121979	0.107763	0.107763	0.0851933	0.0380985	0	0	0	0	0	0.190485	0.20516	0.107763	0.107763	0.153581	0.248369	0.22297	0.215525	0.215525	0.215525	0.215525	0.215525	0.304785	0.304785	0.215525	0.229391	0.270749	0.310108	0.323285	0.351259	0.43439	0.397762	0.340769	0.38853	0.340769	0.38853	0.407225	0.411217	0.392711	0.38853	0.457172	0.457172	0.457172	0.38853	0.38853	0.457172	0.438124	0.366419	0.438537	0.419507	0.363933	0.419507	0.401835	0.362433	0.366419	0.347616	0.344995	0.382876	0.332671	0.191443	0.269392	0.23174	0.107763	0.222959	0.230165	0.0952496	0.107763	0.20516	0.222142	0.0851933	0.133344	0.196117	0.0952427	0	0	0	0	0.190485	0.20516	0.0952496	0.0602403	0.0190492	0	0.190485	0.222142	0.0380985	0.202488	0.312416	0.317029	0.323824	0.152394
0.496654	0.444223	0.48182	0.444223	0.407603	0.434307	0.435145	0.430962	0.430962	0.435145	0.434307	0.407603	0.430962	0.430962	0.430962	0.39218	0.2901	0.215484	0.215484	0.248332	0.340705	0.385648	0.2901	0.215484	0.215484	0.215484	0.215484	0.19423	0.180677	0.152364	0.196092	0.215484	0.215484	0.215484	0.215484	0.215484	0.215484	0.215484	0.2901	0.388456	0.2901	0.215484	0.248332	0.344929	0.291344	0.304727	0.304727	0.248332	0.337492	0.388456	0.388456	0.388456	0.385648	0.434307	0.441755	0.441755	0.434307	0.385648	0.400406	0.400406	0.388456	0.42072	0.388443	0.304727	0.240914	0.304727	0.388443	0.304727	0.344929	0.388456	0.42072	0.32877	0.210363	0.240902	0.301127	0.26934	0.26934	0.248324	0.304727	0.362361	0.388456	0.485565	0.444223	0.430962	0.39218	0.2901	0.215484	0.19423	0.120452	0	0.120452	0.240902	0.120452	0	0.120452	0.19423	0.248332	0.385648	0.549363	0.78294	0.997973	1.05175	0.975555	0.890435	0.861876	0.815164	0.708529	0.708529	0.815164	0.890435	0.975555	1.05175	1.10554	1.18988	1.22264	1.13627	1.13627	1.24352	1.31051	1.31051	1.29269	1.29269	1.35083	1.45819	1.50805	1.48211	1.40451	1.32071	1.29269	1.29269	1.29269	1.29269	1.29269	1.29269	1.29269	1.29269	1.29269	1.31051	1.31051	1.29269	1.24352	1.13627	1.05175	1.00953	1.00953	1.0291	0.975555	0.890435	0.888393	0.888393	0.815164	0.708529	0.655342	0.681386	0.655342	0.602276	0.496654	0.430962	0.461053	0.530548	0.485573	0.430962	0.430962	0.407603	0.340705	0.248332	0.215484	0.215484	0.19423	0.120452	0	0	0	0	0	0.120452	0.19423	0.215484	0.215484	0.248332	0.340705	0.407603	0.430962	0.430962	0.430962	0.430962	0.430962	0.48182	0.48182	0.430962	0.461053	0.549363	0.621833	0.646428	0.708529	0.784324	0.708529	0.655342	0.681386	0.655342	0.681386	0.725217	0.732684	0.692476	0.681386	0.722709	0.722709	0.722709	0.681386	0.681386	0.722709	0.675502	0.630516	0.674961	0.626473	0.626473	0.626473	0.578303	0.628203	0.630516	0.588259	0.580185	0.530548	0.385648	0.337492	0.388456	0.2901	0.215484	0.248324	0.26934	0.196092	0.215484	0.19423	0.240902	0.19423	0.196092	0.152364	0.0602259	0	0	0	0	0.120452	0.19423	0.196092	0.152364	0.0602259	0	0.120452	0.240902	0.120452	0.163829	0.281193	0.301127	0.32877	0.240914
0.243863	0.240868	0.304668	0.240868	0.202425	0.286259	0.285627	0.215442	0.215442	0.235539	0.286259	0.222884	0.215442	0.215442	0.215442	0.190426	0.137318	0.107721	0.107721	0.153522	0.248274	0.212897	0.137318	0.107721	0.107721	0.107721	0.107721	0.0851606	0.127733	0.196042	0.133293	0.107721	0.107721	0.107721	0.107721	0.107721	0.107721	0.107721	0.231651	0.269289	0.137318	0.107721	0.153522	0.254045	0.171377	0.240857	0.240857	0.153522	0.250453	0.269289	0.269289	0.269289	0.267263	0.286259	0.288152	0.355721	0.286259	0.212897	0.272633	0.343271	0.269289	0.277247	0.340618	0.240857	0.152335	0.240857	0.340618	0.240857	0.325377	0.269289	0.277247	0.247537	0.138624	0.222057	0.316907	0.230077	0.230077	0.222874	0.240857	0.33254	0.337413	0.369717	0.240868	0.215442	0.190426	0.137318	0.107721	0.0851606	0.0380839	0	0.190412	0.222057	0.0380839	0	0.0380839	0.0851606	0.121932	0.179647	0.274634	0.417627	0.502727	0.5253	0.485483	0.444546	0.430878	0.404845	0.351125	0.397609	0.445762	0.454227	0.520093	0.533518	0.560042	0.621707	0.617908	0.56616	0.596103	0.647419	0.681253	0.681253	0.646302	0.646302	0.699115	0.751113	0.754007	0.740667	0.700673	0.659902	0.646302	0.646302	0.646302	0.646302	0.646302	0.646302	0.646302	0.646302	0.646302	0.681253	0.681253	0.646302	0.647419	0.596103	0.533518	0.537575	0.512723	0.522877	0.520093	0.454227	0.481727	0.481727	0.445762	0.397609	0.340639	0.38838	0.340639	0.351117	0.307042	0.215442	0.229303	0.32427	0.305264	0.215442	0.215442	0.222884	0.248274	0.153522	0.107721	0.107721	0.205082	0.190412	0	0	0	0	0	0.0380839	0.0851606	0.107721	0.107721	0.121932	0.16381	0.202425	0.215442	0.215442	0.215442	0.215442	0.215442	0.304668	0.304668	0.215442	0.24755	0.328715	0.32372	0.323161	0.397609	0.434223	0.351125	0.340639	0.38838	0.340639	0.38838	0.457395	0.411059	0.357771	0.38838	0.456997	0.456997	0.456997	0.38838	0.38838	0.456997	0.385098	0.366278	0.438368	0.363794	0.419346	0.363794	0.343281	0.485457	0.366278	0.307637	0.344863	0.277258	0.179647	0.250453	0.269289	0.137318	0.107721	0.153519	0.230077	0.133293	0.107721	0.0851606	0.222057	0.205082	0.095213	0.0602172	0.0190419	0	0	0	0	0.0380839	0.0851606	0.133293	0.196042	0.0952062	0	0.0380839	0.222057	0.190412	0.121923	0.232427	0.238586	0.247537	0.152335
0	0.107693	0.215385	0.107693	0	0.215385	0.215385	0	0	0.107693	0.215385	0.107693	0	0	0	0	0	0	0	0.107693	0.215385	0.107693	0	0	0	0	0	0	0.107693	0.215385	0.107693	0	0	0	0	0	0	0	0.215385	0.215385	0	0	0.107693	0.215385	0.107693	0.215385	0.215385	0.107693	0.215385	0.215385	0.215385	0.215385	0.215385	0.215385	0.215385	0.323076	0.215385	0.107693	0.215385	0.323076	0.215385	0.215385	0.323076	0.215385	0.107693	0.215385	0.323076	0.215385	0.323076	0.215385	0.215385	0.215385	0.107693	0.215385	0.323076	0.215385	0.215385	0.215385	0.215385	0.323076	0.323076	0.323076	0.107693	0	0	0	0	0	0	0	0.215385	0.215385	0	0	0	0	0	0	0.107693	0.215385	0.107693	0	0	0	0	0	0	0.215385	0.215385	0.107693	0.215385	0.107693	0.107693	0.215385	0.107693	0	0.215385	0.215385	0.215385	0.215385	0	0	0.215385	0.215385	0	0	0	0	0	0	0	0	0	0	0	0	0	0.215385	0.215385	0	0.215385	0.215385	0.107693	0.215385	0.107693	0.107693	0.215385	0.107693	0.215385	0.215385	0.215385	0.215385	0.107693	0.215385	0.107693	0.215385	0.215385	0	0	0.215385	0.215385	0	0	0.107693	0.215385	0.107693	0	0	0.215385	0.215385	0	0	0	0	0	0	0	0	0	0	0	0	0	0	0	0	0	0.215385	0.215385	0	0.107693	0.215385	0.107693	0	0.215385	0.215385	0	0.107693	0.215385	0.107693	0.215385	0.323076	0.215385	0.107693	0.215385	0.323076	0.323076	0.323076	0.215385	0.215385	0.323076	0.215385	0.215385	0.323076	0.215385	0.323076	0.215385	0.215385	0.430765	0.215385	0.107693	0.215385	0.107693	0	0.215385	0.215385	0	0	0.107693	0.215385	0.107693	0	0	0.215385	0.215385	0	0	0	0	0	0	0	0	0	0.107693	0.215385	0.107693	0	0	0.215385	0.215385	0.107693	0.215385	0.215385	0.215385	0.107693
0	0.107672	0.215343	0.107672	0	0.215343	0.215343	0	0	0.107672	0.215343	0.107672	0	0	0	0	0	0	0	0.107672	0.215343	0.107672	0	0	0	0	0	0	0.107672	0.215343	0.107672	0	0	0	0	0	0	0	0.215343	0.215343	0	0	0.107672	0.215343	0.107672	0.215343	0.215343	0.107672	0.215343	0.215343	0.215343	0.215343	0.215343	0.215343	0.215343	0.323013	0.215343	0.107672	0.215343	0.323013	0.215343	0.215343	0.323013	0.215343	0.107672	0.215343	0.323013	0.215343	0.323013	0.215343	0.215343	0.215343	0.107672	0.215343	0.323013	0.215343	0.215343	0.215343	0.215343	0.323013	0.323013	0.323013	0.107672	0	0	0	0	0	0	0	0.215343	0.215343	0	0	0	0	0	0	0.107672	0.215343	0.107672	0	0	0	0	0	0	0.215343	0.215343	0.107672	0.215343	0.107672	0.107672	0.215343	0.107672	0	0.215343	0.215343	0.215343	0.215343	0	0	0.215343	0.215343	0	0	0	0	0	0	0	0	0	0	0	0	0	0.215343	0.215343	0	0.215343	0.215343	0.107672	0.215343	0.107672	0.107672	0.215343	0.107672	0.215343	0.215343	0.215343	0.215343	0.107672	0.215343	0.107672	0.215343	0.215343	0	0	0.215343	0.215343	0	0	0.107672	0.215343	0.107672	0	0	0.215343	0.215343	0	0	0	0	0	0	0	0	0	0	0	0	0	0	0	0	0	0.215343	0.215343	0	0.107672	0.215343	0.107672	0	0.215343	0.215343	0	0.107672	0.215343	0.107672	0.215343	0.323013	0.215343	0.107672	0.215343	0.323013	0.323013	0.323013	0.215343	0.215343	0.323013	0.215343	0.215343	0.323013	0.215343	0.323013	0.215343	0.215343	0.43068	0.215343	0.107672	0.215343	0.107672	0	0.215343	0.215343	0	0	0.107672	0.215343	0.107672	0	0	0.215343	0.215343	0	0	0	0	0	0	0	0	0	0.107672	0.215343	0.107672	0	0	0.215343	0.215343	0.107672	0.215343	0.215343	0.215343	0.107672
0	0.107652	0.215303	0.107652	0	0.215303	0.215303	0	0	0.107652	0.215303	0.107652	0	0	0	0	0	0	0	0.107652	0.215303	0.107652	0	0	0	0	0	0	0.107652	0.215303	0.107652	0	0	0	0	0	0	0	0.215303	0.215303	0	0	0.107652	0.215303	0.107652	0.215303	0.215303	0.107652	0.215303	0.215303	0.215303	0.215303	0.215303	0.215303	0.215303	0.322952	0.215303	0.107652	0.215303	0.322952	0.215303	0.215303	0.322952	0.215303	0.107652	0.215303	0.322952	0.215303	0.322952	0.215303	0.215303	0.215303	0.107652	0.215303	0.322952	0.215303	0.215303	0.215303	0.215303	0.322952	0.322952	0.322952	0.107652	0	0	0	0	0	0	0	0.215303	0.215303	0	0	0	0	0	0	0.107652	0.215303	0.107652	0	0	0	0	0	0	0.215303	0.215303	0.107652	0.215303	0.107652	0.107652	0.215303	0.107652	0	0.215303	0.215303	0.215303	0.215303	0	0	0.215303	0.215303	0	0	0	0	0	0	0	0	0	0	0	0	0	0.215303	0.215303	0	0.215303	0.215303	0.107652	0.215303	0.107652	0.107652	0.215303	0.107652	0.215303	0.215303	0.215303	0.215303	0.107652	0.215303	0.107652	0.215303	0.215303	0	0	0.215303	0.215303	0	0	0.107652	0.215303	0.107652	0	0	0.215303	0.215303	0	0	0	0	0	0	0	0	0	0	0	0	0	0	0	0	0	0.215303	0.215303	0	0.107652	0.215303	0.107652	0	0.215303	0.215303	0	0.107652	0.215303	0.107652	0.215303	0.322952	0.215303	0.107652	0.215303	0.322952	0.322952	0.322952	0.215303	0.215303	0.322952	0.215303	0.215303	0.322952	0.215303	0.322952	0.215303	0.215303	0.430599	0.215303	0.107652	0.215303	0.107652	0	0.215303	0.215303	0	0	0.107652	0.215303	0.107652	0	0	0.215303	0.215303	0	0	0	0	0	0	0	0	0	0.107652	0.215303	0.107652	0	0	0.215303	0.215303	0.107652	0.215303	0.215303	0.215303	0.107652
0	0.107632	0.215262	0.107632	0	0.215262	0.215262	0	0	0.107632	0.215262	0.107632	0	0	0	0	0	0	0	0.107632	0.215262	0.107632	0	0	0	0	0	0	0.107632	0.215262	0.107632	0	0	0	0	0	0	0	0.215262	0.215262	0	0	0.107632	0.215262	0.107632	0.215262	0.215262	0.107632	0.215262	0.215262	0.215262	0.215262	0.215262	0.215262	0.215262	0.322892	0.215262	0.107632	0.215262	0.322892	0.215262	0.215262	0.322892	0.215262	0.107632	0.215262	0.322892	0.215262	0.322892	0.215262	0.215262	0.215262	0.107632	0.215262	0.322892	0.215262	0.215262	0.215262	0.215262	0.322892	0.322892	0.322892	0.107632	0	0	0	0	0	0	0	0.215262	0.215262	0	0	0	0	0	0	0.107632	0.215262	0.107632	0	0	0	0	0	0	0.215262	0.215262	0.107632	0.215262	0.107632	0.107632	0.215262	0.107632	0	0.215262	0.215262	0.215262	0.215262	0	0	0.215262	0.215262	0	0	0	0	0	0	0	0	0	0	0	0	0	0.215262	0.215262	0	0.215262	0.215262	0.107632	0.215262	0.107632	0.107632	0.215262	0.107632	0.215262	0.215262	0.215262	0.215262	0.107632	0.215262	0.107632	0.215262	0.215262	0	0	0.215262	0.215262	0	0	0.107632	0.215262	0.107632	0	0	0.215262	0.215262	0	0	0	0	0	0	0	0	0	0	0	0	0	0	0	0	0	0.215262	0.215262	0	0.107632	0.215262	0.107632	0	0.215262	0.215262	0	0.107632	0.215262	0.107632	0.215262	0.322892	0.215262	0.107632	0.215262	0.322892	0.322892	0.322892	0.215262	0.215262	0.322892	0.215262	0.215262	0.322892	0.215262	0.322892	0.215262	0.215262	0.430519	0.215262	0.107632	0.215262	0.107632	0	0.215262	0.215262	0	0	0.107632	0.215262	0.107632	0	0	0.215262	0.215262	0	0	0	0	0	0	0	0	0	0.107632	0.215262	0.107632	0	0	0.215262	0.215262	0.107632	0.215262	0.215262	0.215262	0.107632
0	0.107611	0.21522	0.107611	0	0.21522	0.21522	0	0	0.107611	0.21522	0.107611	0	0	0	0	0	0	0	0.107611	0.21522	0.107611	0	0	0	0	0	0	0.107611	0.21522	0.107611	0	0	0	0	0	0	0	0.21522	0.21522	0	0	0.107611	0.21522	0.107611	0.21522	0.21522	0.107611	0.21522	0.21522	0.21522	0.21522	0.21522	0.21522	0.21522	0.322829	0.21522	0.107611	0.21522	0.322829	0.21522	0.21522	0.322829	0.21522	0.107611	0.21522	0.322829	0.21522	0.322829	0.21522	0.21522	0.21522	0.107611	0.21522	0.322829	0.21522	0.21522	0.21522	0.21522	0.322829	0.322829	0.322829	0.107611	0	0	0	0	0	0	0	0.21522	0.21522	0	0	0	0	0	0	0.107611	0.21522	0.107611	0	0	0	0	0	0	0.21522	0.21522	0.107611	0.21522	0.107611	0.107611	0.21522	0.107611	0	0.21522	0.21522	0.21522	0.21522	0	0	0.21522	0.21522	0	0	0	0	0	0	0	0	0	0	0	0	0	0.21522	0.21522	0	0.21522	0.21522	0.107611	0.21522	0.107611	0.107611	0.21522	0.107611	0.21522	0.21522	0.21522	0.21522	0.107611	0.21522	0.107611	0.21522	0.21522	0	0	0.21522	0.21522	0	0	0.107611	0.21522	0.107611	0	0	0.21522	0.21522	0	0	0	0	0	0	0	0	0	0	0	0	0	0	0	0	0	0.21522	0.21522	0	0.107611	0.21522	0.107611	0	0.21522	0.21522	0	0.107611	0.21522	0.107611	0.21522	0.322829	0.21522	0.107611	0.21522	0.322829	0.322829	0.322829	0.21522	0.21522	0.322829	0.21522	0.21522	0.322829	0.21522	0.322829	0.21522	0.21522	0.430434	0.21522	0.107611	0.21522	0.107611	0	0.21522	0.21522	0	0	0.107611	0.21522	0.107611	0	0	0.21522	0.21522	0	0	0	0	0	0	0	0	0	0.107611	0.21522	0.107611	0	0	0.21522	0.21522	0.107611	0.21522	0.21522	0.21522	0.107611
0	0.10759	0.21518	0.10759	0	0.21518	0.21518	0	0	0.10759	0.21518	0.10759	0	0	0	0	0	0	0	0.10759	0.21518	0.10759	0	0	0	0	0	0	0.10759	0.21518	0.10759	0	0	0	0	0	0	0	0.21518	0.21518	0	0	0.10759	0.21518	0.10759	0.21518	0.21518	0.10759	0.21518	0.21518	0.21518	0.21518	0.21518	0.21518	0.21518	0.322768	0.21518	0.10759	0.21518	0.322768	0.21518	0.21518	0.322768	0.21518	0.10759	0.21518	0.322768	0.21518	0.322768	0.21518	0.21518	0.21518	0.10759	0.21518	0.322768	0.21518	0.21518	0.21518	0.21518	0.322768	0.322768	0.322768	0.10759	0	0	0	0	0	0	0	0.21518	0.21518	0	0	0	0	0	0	0.10759	0.21518	0.10759	0	0	0	0	0	0	0.21518	0.21518	0.10759	0.21518	0.10759	0.10759	0.21518	0.10759	0	0.21518	0.21518	0.21518	0.21518	0	0	0.21518	0.21518	0	0	0	0	0	0	0	0	0	0	0	0	0	0.21518	0.21518	0	0.21518	0.21518	0.10759	0.21518	0.10759	0.10759	0.21518	0.10759	0.21518	0.21518	0.21518	0.21518	0.10759	0.21518	0.10759	0.21518	0.21518	0	0	0.21518	0.21518	0	0	0.10759	0.21518	0.10759	0	0	0.21518	0.21518	0	0	0	0	0	0	0	0	0	0	0	0	0	0	0	0	0	0.21518	0.21518	0	0.10759	0.21518	0.10759	0	0.21518	0.21518	0	0.10759	0.21518	0.10759	0.21518	0.322768	0.21518	0.10759	0.21518	0.322768	0.322768	0.322768	0.21518	0.21518	0.322768	0.21518	0.21518	0.322768	0.21518	0.322768	0.21518	0.21518	0.430354	0.21518	0.10759	0.21518	0.10759	0	0.21518	0.21518	0	0	0.10759	0.21518	0.10759	0	0	0.21518	0.21518	0	0	0	0	0	0	0	0	0	0.10759	0.21518	0.10759	0	0	0.21518	0.21518	0.10759	0.21518	0.21518	0.21518	0.10759
0.430305	0.4114	0.433645	0.425229	0.430305	0.409634	0.313632	0.215156	0.274269	0.374589	0.360818	0.255141	0.215156	0.215156	0.215156	0.215156	0.215156	0.215156	0.215156	0.20482	0.193928	0.0850417	0.0380331	0.120274	0.190172	0.215156	0.215156	0.215156	0.20482	0.193928	0.0850417	0	0	0.0380331	0.120274	0.190172	0.215156	0.215156	0.228197	0.170083	0.0380331	0.120274	0.193934	0.193928	0.0850417	0.215138	0.215138	0.0850417	0.193928	0.26893	0.26893	0.26623	0.304262	0.306627	0.26893	0.350637	0.306627	0.190165	0.231342	0.350637	0.306627	0.26893	0.350637	0.304262	0.240547	0.304262	0.382219	0.344403	0.418357	0.39708	0.433645	0.433645	0.374589	0.39708	0.500241	0.481086	0.481086	0.481086	0.510271	0.6499	0.734522	0.799574	0.837567	0.808574	0.701289	0.645443	0.645443	0.645443	0.645443	0.645443	0.717596	0.822757	0.915918	1.0233	1.07566	1.07566	1.07566	1.07566	1.08102	1.09695	1.11071	1.18441	1.26413	1.31788	1.39927	1.47912	1.56043	1.62752	1.62752	1.64562	1.65088	1.64562	1.69919	1.73412	1.72409	1.77529	1.84081	1.81114	1.78745	1.78745	1.829	1.909	1.88884	1.78179	1.72074	1.72074	1.72074	1.72074	1.72074	1.72074	1.72074	1.72074	1.72074	1.72074	1.69408	1.61414	1.53286	1.52103	1.49853	1.39927	1.38421	1.41468	1.37793	1.38421	1.35412	1.24743	1.18135	1.11071	1.09695	1.05666	0.99172	1.01264	1.00404	0.971835	0.897576	0.928461	0.99172	0.891109	0.754923	0.731567	0.731567	0.647679	0.540558	0.476559	0.481086	0.443546	0.380341	0.274269	0.313632	0.387863	0.274269	0.215156	0.190172	0.120274	0.0380331	0	0	0.0760662	0.170094	0.215156	0.215156	0.274269	0.380341	0.430305	0.430305	0.430305	0.487069	0.579301	0.544552	0.540558	0.601357	0.595311	0.580552	0.619135	0.680347	0.680347	0.701289	0.791398	0.802286	0.791398	0.802286	0.784047	0.731567	0.738457	0.783128	0.749146	0.721607	0.721607	0.646558	0.629555	0.673932	0.629555	0.595311	0.590424	0.565399	0.590424	0.494433	0.445169	0.495876	0.344403	0.32496	0.35065	0.255141	0.243539	0.344403	0.306633	0.215156	0.215156	0.276889	0.344403	0.255141	0.215156	0.215156	0.304262	0.304262	0.215156	0.215156	0.215156	0.215156	0.215156	0.215156	0.274269	0.380341	0.430305	0.4114	0.360818	0.255141	0.215156	0.215156	0.304262	0.304262	0.20482	0.231342	0.240535	0.204808	0.120268
0.430224	0.404231	0.433564	0.445085	0.430224	0.380269	0.274218	0.215115	0.313573	0.397005	0.327121	0.243493	0.215115	0.215115	0.215115	0.215115	0.215115	0.215115	0.215115	0.190137	0.120251	0.038026	0.0850258	0.193891	0.204781	0.215115	0.215115	0.215115	0.190137	0.120251	0.038026	0	0	0.0850258	0.193891	0.204781	0.215115	0.215115	0.170062	0.0760519	0.0850258	0.193891	0.193897	0.120251	0.038026	0.215097	0.215097	0.038026	0.120251	0.268879	0.268879	0.231305	0.304205	0.350572	0.268879	0.306569	0.350572	0.231299	0.190129	0.306569	0.350572	0.268879	0.306569	0.304205	0.240502	0.304205	0.34223	0.344339	0.382154	0.374518	0.433564	0.433564	0.397005	0.374518	0.470354	0.480995	0.480995	0.480995	0.486978	0.613149	0.714429	0.76995	0.83395	0.822602	0.717462	0.645321	0.645321	0.645321	0.645321	0.645321	0.701158	0.808423	0.928287	1.03435	1.07545	1.07545	1.07545	1.07545	1.08082	1.09674	1.11828	1.19391	1.26617	1.31982	1.40725	1.48079	1.56752	1.62721	1.62721	1.65057	1.64531	1.65057	1.70396	1.73379	1.72377	1.78145	1.84046	1.80601	1.78712	1.78712	1.83496	1.91015	1.88236	1.77496	1.72041	1.72041	1.72041	1.72041	1.72041	1.72041	1.72041	1.72041	1.72041	1.72041	1.69546	1.62098	1.53446	1.52074	1.50786	1.40725	1.37767	1.41442	1.38395	1.37767	1.37084	1.2656	1.1933	1.11828	1.09674	1.0888	0.991534	1.00385	1.01245	0.986415	0.907019	0.915746	0.991534	0.919679	0.76995	0.731429	0.731429	0.665177	0.561448	0.49434	0.480995	0.443462	0.409557	0.313573	0.274218	0.387791	0.313573	0.215115	0.204781	0.193891	0.0850258	0	0	0.170051	0.228155	0.215115	0.215115	0.313573	0.409557	0.430224	0.430224	0.430224	0.510175	0.579192	0.528278	0.561448	0.601245	0.580443	0.595199	0.623672	0.68022	0.68022	0.717462	0.802136	0.79125	0.802136	0.79125	0.765238	0.731429	0.749974	0.782981	0.717462	0.721472	0.721472	0.632876	0.629436	0.673806	0.629436	0.580443	0.565293	0.590313	0.565293	0.47647	0.425149	0.420006	0.344339	0.350584	0.324899	0.243493	0.255093	0.344339	0.276837	0.215115	0.215115	0.306575	0.344339	0.243493	0.215115	0.215115	0.304205	0.304205	0.215115	0.215115	0.215115	0.215115	0.215115	0.215115	0.313573	0.409557	0.430224	0.404231	0.327121	0.243493	0.215115	0.215115	0.304205	0.304205	0.190137	0.190129	0.24049	0.156782	0.120246
0	0	0.215057	0.215057	0	0	0	0	0.215057	0.215057	0	0	0	0	0	0	0	0	0	0	0	0	0.107529	0.215057	0.107529	0	0	0	0	0	0	0	0	0.107529	0.215057	0.107529	0	0	0	0	0.107529	0.215057	0.107529	0	0	0.215057	0.215057	0	0	0.215057	0.215057	0.107529	0.215057	0.322584	0.215057	0.215057	0.322584	0.215057	0.107529	0.215057	0.322584	0.215057	0.215057	0.215057	0.107529	0.215057	0.215057	0.215057	0.215057	0.107529	0.215057	0.215057	0.215057	0.107529	0.215057	0.215057	0.215057	0.215057	0	0.107529	0.215057	0.107529	0	0.215057	0.215057	0	0	0	0	0	0	0	0.215057	0.215057	0	0	0	0	0.107529	0.215057	0.215057	0.215057	0.107529	0.107529	0.215057	0.107529	0.215057	0.215057	0.215057	0.215057	0.107529	0.215057	0.215057	0.215057	0.107529	0.215057	0.215057	0.107529	0.215057	0.215057	0.215057	0.107529	0	0	0	0	0	0	0	0	0	0	0	0	0.107529	0.215057	0.107529	0.215057	0.322584	0.215057	0.107529	0.215057	0.215057	0.107529	0.322584	0.322584	0.322584	0.215057	0.215057	0.430108	0.215057	0.107529	0.215057	0.322584	0.215057	0	0.215057	0.322584	0.215057	0.215057	0.215057	0.215057	0.215057	0.215057	0.215057	0.107529	0.215057	0.215057	0	0.215057	0.215057	0	0.107529	0.215057	0.107529	0	0	0.215057	0.215057	0	0	0.215057	0.215057	0	0	0	0.215057	0.215057	0.107529	0.215057	0.107529	0.107529	0.215057	0.107529	0.215057	0.215057	0.215057	0.215057	0.107529	0.215057	0.107529	0.215057	0.215057	0.215057	0.215057	0.107529	0.322584	0.322584	0.107529	0.215057	0.322584	0.215057	0.107529	0.215057	0.322584	0.215057	0.107529	0.107529	0.215057	0.215057	0.215057	0.107529	0	0.107529	0.215057	0.107529	0	0	0.215057	0.215057	0	0	0	0.215057	0.215057	0	0	0	0	0	0	0.215057	0.215057	0	0	0	0	0	0	0.215057	0.215057	0	0.107529	0.215057	0.107529	0.107529
0	0	0.215015	0.215015	0	0	0	0	0.215015	0.215015	0	0	0	0	0	0	0	0	0	0	0	0	0.107508	0.215015	0.107508	0	0	0	0	0	0	0	0	0.107508	0.215015	0.107508	0	0	0	0	0.107508	0.215015	0.107508	0	0	0.215015	0.215015	0	0	0.215015	0.215015	0.107508	0.215015	0.322521	0.215015	0.215015	0.322521	0.215015	0.107508	0.215015	0.322521	0.215015	0.215015	0.215015	0.107508	0.215015	0.215015	0.215015	0.215015	0.107508	0.215015	0.215015	0.215015	0.107508	0.215015	0.215015	0.215015	0.215015	0	0.107508	0.215015	0.107508	0	0.215015	0.215015	0	0	0	0	0	0	0	0.215015	0.215015	0	0	0	0	0.107508	0.215015	0.215015	0.215015	0.107508	0.107508	0.215015	0.107508	0.215015	0.215015	0.215015	0.215015	0.107508	0.215015	0.215015	0.215015	0.107508	0.215015	0.215015	0.107508	0.215015	0.215015	0.215015	0.107508	0	0	0	0	0	0	0	0	0	0	0	0	0.107508	0.215015	0.107508	0.215015	0.322521	0.215015	0.107508	0.215015	0.215015	0.107508	0.322521	0.322521	0.322521	0.215015	0.215015	0.430024	0.215015	0.107508	0.215015	0.322521	0.215015	0	0.215015	0.322521	0.215015	0.215015	0.215015	0.215015	0.215015	0.215015	0.215015	0.107508	0.215015	0.215015	0	0.215015	0.215015	0	0.107508	0.215015	0.107508	0	0	0.215015	0.215015	0	0	0.215015	0.215015	0	0	0	0.215015	0.215015	0.107508	0.215015	0.107508	0.107508	0.215015	0.107508	0.215015	0.215015	0.215015	0.215015	0.107508	0.215015	0.107508	0.215015	0.215015	0.215015	0.215015	0.107508	0.322521	0.322521	0.107508	0.215015	0.322521	0.215015	0.107508	0.215015	0.322521	0.215015	0.107508	0.107508	0.215015	0.215015	0.215015	0.107508	0	0.107508	0.215015	0.107508	0	0	0.215015	0.215015	0	0	0	0.215015	0.215015	0	0	0	0	0	0	0.215015	0.215015	0	0	0	0	0	0	0.215015	0.215015	0	0.107508	0.215015	0.107508	0.107508
0.457638	0.540144	0.594855	0.509881	0.429976	0.429976	0.429976	0.429976	0.409321	0.313393	0.214991	0.214991	0.274059	0.380049	0.429976	0.429976	0.429976	0.429976	0.429976	0.429976	0.429976	0.429976	0.411085	0.360542	0.254945	0.214991	0.214991	0.214991	0.214991	0.214991	0.214991	0.214991	0.214991	0.204663	0.19378	0.0849772	0	0	0	0.0760082	0.19002	0.19378	0.0849772	0	0	0.169954	0.240352	0.0760082	0	0.214975	0.214975	0.0849772	0.221592	0.306386	0.231166	0.268725	0.350371	0.30403	0.240363	0.313393	0.457624	0.433314	0.433314	0.433314	0.391283	0.433314	0.444829	0.480718	0.480718	0.463906	0.561124	0.629073	0.629073	0.623312	0.717047	0.801673	0.83433	0.854002	0.807956	0.737892	0.769505	0.836926	0.859903	0.88636	0.88636	0.859903	0.859903	0.859903	0.859903	0.859903	0.859903	0.887178	0.938581	0.906496	0.915217	1.02252	1.10203	1.18351	1.27	1.30752	1.33861	1.36053	1.37688	1.43035	1.43639	1.43035	1.49738	1.55041	1.57305	1.57305	1.59084	1.62627	1.6566	1.70974	1.72277	1.73279	1.73279	1.72277	1.73279	1.70298	1.62005	1.59084	1.66658	1.71942	1.71942	1.71942	1.74648	1.80017	1.80017	1.74648	1.71942	1.71942	1.71942	1.66658	1.59084	1.59627	1.59084	1.59627	1.66528	1.63423	1.53733	1.51986	1.49738	1.40644	1.38158	1.40181	1.45436	1.4444	1.39147	1.44689	1.4444	1.35309	1.30752	1.32941	1.26487	1.08019	0.990962	1.03723	1.02322	0.952323	0.849762	0.782529	0.764796	0.698681	0.613968	0.527973	0.529335	0.529335	0.411085	0.387567	0.396777	0.326932	0.276678	0.30403	0.231172	0.120182	0.0537439	0.221592	0.190013	0.0760082	0.169964	0.266027	0.268725	0.190027	0.214991	0.274059	0.462336	0.480718	0.443206	0.480718	0.476195	0.527973	0.578858	0.580108	0.594855	0.578858	0.578858	0.578858	0.580108	0.594855	0.580108	0.663702	0.679827	0.679827	0.714017	0.737892	0.783448	0.73396	0.68512	0.731007	0.698681	0.594855	0.580108	0.594855	0.553342	0.480718	0.443206	0.443206	0.480718	0.444829	0.396777	0.374302	0.403998	0.411085	0.433314	0.424904	0.429976	0.429976	0.409321	0.350382	0.326932	0.403998	0.429976	0.409321	0.313393	0.274059	0.380049	0.429976	0.429976	0.429976	0.429976	0.480718	0.480718	0.429976	0.429976	0.429976	0.429976	0.486697	0.593644	0.612795	0.509881	0.429976	0.411085	0.396777	0.374302	0.391283
0.463819	0.561018	0.579999	0.486605	0.429895	0.429895	0.429895	0.429895	0.379978	0.274008	0.214951	0.214951	0.313333	0.409243	0.429895	0.429895	0.429895	0.429895	0.429895	0.429895	0.429895	0.429895	0.403922	0.326871	0.243307	0.214951	0.214951	0.214951	0.214951	0.214951	0.214951	0.214951	0.214951	0.189991	0.120159	0.0379969	0	0	0	0.169921	0.231122	0.120159	0.0379969	0	0	0.0759937	0.240306	0.169921	0	0.214933	0.214933	0.0379969	0.221549	0.254881	0.189984	0.268673	0.306334	0.303972	0.240318	0.274008	0.424816	0.433232	0.433232	0.433232	0.391209	0.433232	0.424824	0.480627	0.480627	0.457552	0.540043	0.628955	0.628955	0.618546	0.700621	0.790644	0.834173	0.843639	0.821973	0.7494	0.754203	0.833312	0.859742	0.886193	0.886193	0.859742	0.859742	0.859742	0.859742	0.859742	0.859742	0.89026	0.938404	0.89672	0.927577	1.03355	1.10443	1.193	1.27656	1.30727	1.34909	1.36028	1.38289	1.43612	1.43008	1.43612	1.50671	1.5594	1.57276	1.57276	1.59597	1.62597	1.66497	1.71783	1.72245	1.73246	1.73246	1.72245	1.73246	1.69757	1.61261	1.59597	1.67318	1.7191	1.7191	1.7191	1.7478	1.80143	1.80143	1.7478	1.7191	1.7191	1.7191	1.67318	1.59597	1.59054	1.59597	1.59054	1.65628	1.65497	1.54266	1.51958	1.50671	1.42249	1.38132	1.39121	1.44413	1.45408	1.40154	1.42249	1.45408	1.36979	1.30727	1.32916	1.29172	1.12193	0.990775	1.02303	1.03704	0.98785	0.889436	0.782382	0.7833	0.746493	0.636932	0.544033	0.529235	0.529235	0.469994	0.387494	0.374232	0.360474	0.306341	0.303972	0.265976	0.193743	0.1612	0.221549	0.136994	0.169921	0.22798	0.231128	0.268673	0.204624	0.214951	0.313333	0.531941	0.480627	0.443123	0.480627	0.493961	0.544033	0.578749	0.594743	0.579999	0.578749	0.578749	0.578749	0.594743	0.579999	0.594743	0.684983	0.679699	0.679699	0.733822	0.7494	0.764652	0.713882	0.69752	0.73087	0.664668	0.579999	0.594743	0.579999	0.509785	0.480627	0.443123	0.443123	0.480627	0.424824	0.374232	0.396702	0.411008	0.403922	0.433232	0.444745	0.429895	0.429895	0.379978	0.324651	0.360474	0.411008	0.429895	0.379978	0.274008	0.313333	0.409243	0.429895	0.429895	0.429895	0.429895	0.480627	0.480627	0.429895	0.429895	0.429895	0.429895	0.509785	0.612679	0.593533	0.486605	0.429895	0.403922	0.374232	0.396702	0.391209
0.107447	0.214893	0.107447	0	0	0	0	0	0	0	0	0	0.214893	0.214893	0	0	0	0	0	0	0	0	0	0	0	0	0	0	0	0	0	0	0	0	0	0	0	0	0	0.214893	0.214893	0	0	0	0	0	0.214893	0.214893	0	0.214893	0.214893	0	0.214893	0.214893	0.107447	0.214893	0.214893	0.214893	0.107447	0	0.214893	0.214893	0.214893	0.214893	0.107447	0.214893	0.107447	0.214893	0.214893	0	0	0.214893	0.214893	0	0	0.107447	0.214893	0.107447	0.214893	0.214893	0	0	0	0.214893	0.214893	0	0	0	0	0	0	0.107447	0.214893	0.107447	0.214893	0.214893	0.107447	0.214893	0.214893	0.214893	0.322337	0.214893	0.214893	0.214893	0.107447	0.214893	0.322337	0.322337	0.214893	0.214893	0.214893	0.214893	0.322337	0.322337	0.107447	0.214893	0.214893	0.107447	0.214893	0.107447	0	0.214893	0.214893	0	0	0	0.107447	0.107447	0.107447	0.107447	0	0	0	0.214893	0.214893	0.107447	0.214893	0.107447	0.214893	0.429779	0.214893	0.214893	0.322337	0.322337	0.322337	0.214893	0.214893	0.322337	0.322337	0.214893	0.322337	0.322337	0.214893	0.322337	0.429779	0.429779	0.214893	0.214893	0.322337	0.429779	0.429779	0.214893	0.322337	0.429779	0.322337	0.214893	0.214893	0.214893	0.322337	0.214893	0.107447	0.214893	0.214893	0.214893	0.214893	0.214893	0.214893	0.214893	0.107447	0.214893	0.214893	0.107447	0.214893	0.107447	0	0.214893	0.429779	0.214893	0.107447	0.214893	0.214893	0.214893	0.214893	0.214893	0.107447	0.214893	0.214893	0.214893	0.214893	0.107447	0.214893	0.322337	0.214893	0.214893	0.322337	0.214893	0.214893	0.214893	0.214893	0.214893	0.107447	0.107447	0.214893	0.107447	0.107447	0.214893	0.107447	0.107447	0.214893	0.107447	0.107447	0.214893	0.107447	0	0.214893	0.214893	0	0	0	0.107447	0.214893	0.107447	0	0	0	0.214893	0.214893	0	0	0	0	0.214893	0.214893	0	0	0	0	0.214893	0.214893	0	0	0	0	0.107447	0.214893	0.107447
0.107427	0.214852	0.107427	0	0	0	0	0	0	0	0	0	0.214852	0.214852	0	0	0	0	0	0	0	0	0	0	0	0	0	0	0	0	0	0	0	0	0	0	0	0	0	0.214852	0.214852	0	0	0	0	0	0.214852	0.214852	0	0.214852	0.214852	0	0.214852	0.214852	0.107427	0.214852	0.214852	0.214852	0.107427	0	0.214852	0.214852	0.214852	0.214852	0.107427	0.214852	0.107427	0.214852	0.214852	0	0	0.214852	0.214852	0	0	0.107427	0.214852	0.107427	0.214852	0.214852	0	0	0	0.214852	0.214852	0	0	0	0	0	0	0.107427	0.214852	0.107427	0.214852	0.214852	0.107427	0.214852	0.214852	0.214852	0.322276	0.214852	0.214852	0.214852	0.107427	0.214852	0.322276	0.322276	0.214852	0.214852	0.214852	0.214852	0.322276	0.322276	0.107427	0.214852	0.214852	0.107427	0.214852	0.107427	0	0.214852	0.214852	0	0	0	0.107427	0.107427	0.107427	0.107427	0	0	0	0.214852	0.214852	0.107427	0.214852	0.107427	0.214852	0.429698	0.214852	0.214852	0.322276	0.322276	0.322276	0.214852	0.214852	0.322276	0.322276	0.214852	0.322276	0.322276	0.214852	0.322276	0.429698	0.429698	0.214852	0.214852	0.322276	0.429698	0.429698	0.214852	0.322276	0.429698	0.322276	0.214852	0.214852	0.214852	0.322276	0.214852	0.107427	0.214852	0.214852	0.214852	0.214852	0.214852	0.214852	0.214852	0.107427	0.214852	0.214852	0.107427	0.214852	0.107427	0	0.214852	0.429698	0.214852	0.107427	0.214852	0.214852	0.214852	0.214852	0.214852	0.107427	0.214852	0.214852	0.214852	0.214852	0.107427	0.214852	0.322276	0.214852	0.214852	0.322276	0.214852	0.214852	0.214852	0.214852	0.214852	0.107427	0.107427	0.214852	0.107427	0.107427	0.214852	0.107427	0.107427	0.214852	0.107427	0.107427	0.214852	0.107427	0	0.214852	0.214852	0	0	0	0.107427	0.214852	0.107427	0	0	0	0.214852	0.214852	0	0	0	0	0.214852	0.214852	0	0	0	0	0.214852	0.214852	0	0	0	0	0.107427	0.214852	0.107427
0.107406	0.21481	0.107406	0	0	0	0	0	0	0	0	0	0.21481	0.21481	0	0	0	0	0	0	0	0	0	0	0	0	0	0	0	0	0	0	0	0	0	0	0	0	0	0.21481	0.21481	0	0	0	0	0	0.21481	0.21481	0	0.21481	0.21481	0	0.21481	0.21481	0.107406	0.21481	0.21481	0.21481	0.107406	0	0.21481	0.21481	0.21481	0.21481	0.107406	0.21481	0.107406	0.21481	0.21481	0	0	0.21481	0.21481	0	0	0.107406	0.21481	0.107406	0.21481	0.21481	0	0	0	0.21481	0.21481	0	0	0	0	0	0	0.107406	0.21481	0.107406	0.21481	0.21481	0.107406	0.21481	0.21481	0.21481	0.322214	0.21481	0.21481	0.21481	0.107406	0.21481	0.322214	0.322214	0.21481	0.21481	0.21481	0.21481	0.322214	0.322214	0.107406	0.21481	0.21481	0.107406	0.21481	0.107406	0	0.21481	0.21481	0	0	0	0.107406	0.107406	0.107406	0.107406	0	0	0	0.21481	0.21481	0.107406	0.21481	0.107406	0.21481	0.429615	0.21481	0.21481	0.322214	0.322214	0.322214	0.21481	0.21481	0.322214	0.322214	0.21481	0.322214	0.322214	0.21481	0.322214	0.429615	0.429615	0.21481	0.21481	0.322214	0.429615	0.429615	0.21481	0.322214	0.429615	0.322214	0.21481	0.21481	0.21481	0.322214	0.21481	0.107406	0.21481	0.21481	0.21481	0.21481	0.21481	0.21481	0.21481	0.107406	0.21481	0.21481	0.107406	0.21481	0.107406	0	0.21481	0.429615	0.21481	0.107406	0.21481	0.21481	0.21481	0.21481	0.21481	0.107406	0.21481	0.21481	0.21481	0.21481	0.107406	0.21481	0.322214	0.21481	0.21481	0.322214	0.21481	0.21481	0.21481	0.21481	0.21481	0.107406	0.107406	0.21481	0.107406	0.107406	0.21481	0.107406	0.107406	0.21481	0.107406	0.107406	0.21481	0.107406	0	0.21481	0.21481	0	0	0	0.107406	0.21481	0.107406	0	0	0	0.21481	0.21481	0	0	0	0	0.21481	0.21481	0	0	0	0	0.21481	0.21481	0	0	0	0	0.107406	0.21481	0.107406
0.107385	0.21477	0.107385	0	0	0	0	0	0	0	0	0	0.21477	0.21477	0	0	0	0	0	0	0	0	0	0	0	0	0	0	0	0	0	0	0	0	0	0	0	0	0	0.21477	0.21477	0	0	0	0	0	0.21477	0.21477	0	0.21477	0.21477	0	0.21477	0.21477	0.107385	0.21477	0.21477	0.21477	0.107385	0	0.21477	0.21477	0.21477	0.21477	0.107385	0.21477	0.107385	0.21477	0.21477	0	0	0.21477	0.21477	0	0	0.107385	0.21477	0.107385	0.21477	0.21477	0	0	0	0.21477	0.21477	0	0	0	0	0	0	0.107385	0.21477	0.107385	0.21477	0.21477	0.107385	0.21477	0.21477	0.21477	0.322153	0.21477	0.21477	0.21477	0.107385	0.21477	0.322153	0.322153	0.21477	0.21477	0.21477	0.21477	0.322153	0.322153	0.107385	0.21477	0.21477	0.107385	0.21477	0.107385	0	0.21477	0.21477	0	0	0	0.107385	0.107385	0.107385	0.107385	0	0	0	0.21477	0.21477	0.107385	0.21477	0.107385	0.21477	0.429534	0.21477	0.21477	0.322153	0.322153	0.322153	0.21477	0.21477	0.322153	0.322153	0.21477	0.322153	0.322153	0.21477	0.322153	0.429534	0.429534	0.21477	0.21477	0.322153	0.429534	0.429534	0.21477	0.322153	0.429534	0.322153	0.21477	0.21477	0.21477	0.322153	0.21477	0.107385	0.21477	0.21477	0.21477	0.21477	0.21477	0.21477	0.21477	0.107385	0.21477	0.21477	0.107385	0.21477	0.107385	0	0.21477	0.429534	0.21477	0.107385	0.21477	0.21477	0.21477	0.21477	0.21477	0.107385	0.21477	0.21477	0.21477	0.21477	0.107385	0.21477	0.322153	0.21477	0.21477	0.322153	0.21477	0.21477	0.21477	0.21477	0.21477	0.107385	0.107385	0.21477	0.107385	0.107385	0.21477	0.107385	0.107385	0.21477	0.107385	0.107385	0.21477	0.107385	0	0.21477	0.21477	0	0	0	0.107385	0.21477	0.107385	0	0	0	0.21477	0.21477	0	0	0	0	0.21477	0.21477	0	0	0	0	0.21477	0.21477	0	0	0	0	0.107385	0.21477	0.107385
0.107365	0.214728	0.107365	0	0	0	0	0	0	0	0	0	0.214728	0.214728	0	0	0	0	0	0	0	0	0	0	0	0	0	0	0	0	0	0	0	0	0	0	0	0	0	0.214728	0.214728	0	0	0	0	0	0.214728	0.214728	0	0.214728	0.214728	0	0.214728	0.214728	0.107365	0.214728	0.214728	0.214728	0.107365	0	0.214728	0.214728	0.214728	0.214728	0.107365	0.214728	0.107365	0.214728	0.214728	0	0	0.214728	0.214728	0	0	0.107365	0.214728	0.107365	0.214728	0.214728	0	0	0	0.214728	0.214728	0	0	0	0	0	0	0.107365	0.214728	0.107365	0.214728	0.214728	0.107365	0.214728	0.214728	0.214728	0.322091	0.214728	0.214728	0.214728	0.107365	0.214728	0.322091	0.322091	0.214728	0.214728	0.214728	0.214728	0.322091	0.322091	0.107365	0.214728	0.214728	0.107365	0.214728	0.107365	0	0.214728	0.214728	0	0	0	0.107365	0.107365	0.107365	0.107365	0	0	0	0.214728	0.214728	0.107365	0.214728	0.107365	0.214728	0.42945	0.214728	0.214728	0.322091	0.322091	0.322091	0.214728	0.214728	0.322091	0.322091	0.214728	0.322091	0.322091	0.214728	0.322091	0.42945	0.42945	0.214728	0.214728	0.322091	0.42945	0.42945	0.214728	0.322091	0.42945	0.322091	0.214728	0.214728	0.214728	0.322091	0.214728	0.107365	0.214728	0.214728	0.214728	0.214728	0.214728	0.214728	0.214728	0.107365	0.214728	0.214728	0.107365	0.214728	0.107365	0	0.214728	0.42945	0.214728	0.107365	0.214728	0.214728	0.214728	0.214728	0.214728	0.107365	0.214728	0.214728	0.214728	0.214728	0.107365	0.214728	0.322091	0.214728	0.214728	0.322091	0.214728	0.214728	0.214728	0.214728	0.214728	0.107365	0.107365	0.214728	0.107365	0.107365	0.214728	0.107365	0.107365	0.214728	0.107365	0.107365	0.214728	0.107365	0	0.214728	0.214728	0	0	0	0.107365	0.214728	0.107365	0	0	0	0.214728	0.214728	0	0	0	0	0.214728	0.214728	0	0	0	0	0.214728	0.214728	0	0	0	0	0.107365	0.214728	0.107365
0.107344	0.214688	0.107344	0	0	0	0	0	0	0	0	0	0.214688	0.214688	0	0	0	0	0	0	0	0	0	0	0	0	0	0	0	0	0	0	0	0	0	0	0	0	0	0.214688	0.214688	0	0	0	0	0	0.214688	0.214688	0	0.214688	0.214688	0	0.214688	0.214688	0.107344	0.214688	0.214688	0.214688	0.107344	0	0.214688	0.214688	0.214688	0.214688	0.107344	0.214688	0.107344	0.214688	0.214688	0	0	0.214688	0.214688	0	0	0.107344	0.214688	0.107344	0.214688	0.214688	0	0	0	0.214688	0.214688	0	0	0	0	0	0	0.107344	0.214688	0.107344	0.214688	0.214688	0.107344	0.214688	0.214688	0.214688	0.32203	0.214688	0.214688	0.214688	0.107344	0.214688	0.32203	0.32203	0.214688	0.214688	0.214688	0.214688	0.32203	0.32203	0.107344	0.214688	0.214688	0.107344	0.214688	0.107344	0	0.214688	0.214688	0	0	0	0.107344	0.107344	0.107344	0.107344	0	0	0	0.214688	0.214688	0.107344	0.214688	0.107344	0.214688	0.42937	0.214688	0.214688	0.32203	0.32203	0.32203	0.214688	0.214688	0.32203	0.32203	0.214688	0.32203	0.32203	0.214688	0.32203	0.42937	0.42937	0.214688	0.214688	0.32203	0.42937	0.42937	0.214688	0.32203	0.42937	0.32203	0.214688	0.214688	0.214688	0.32203	0.214688	0.107344	0.214688	0.214688	0.214688	0.214688	0.214688	0.214688	0.214688	0.107344	0.214688	0.214688	0.107344	0.214688	0.107344	0	0.214688	0.42937	0.214688	0.107344	0.214688	0.214688	0.214688	0.214688	0.214688	0.107344	0.214688	0.214688	0.214688	0.214688	0.107344	0.214688	0.32203	0.214688	0.214688	0.32203	0.214688	0.214688	0.214688	0.214688	0.214688	0.107344	0.107344	0.214688	0.107344	0.107344	0.214688	0.107344	0.107344	0.214688	0.107344	0.107344	0.214688	0.107344	0	0.214688	0.214688	0	0	0	0.107344	0.214688	0.107344	0	0	0	0.214688	0.214688	0	0	0	0	0.214688	0.214688	0	0	0	0	0.214688	0.214688	0	0	0	0	0.107344	0.214688	0.107344
0.32255	0.327527	0.246656	0.214664	0.214664	0.214664	0.214664	0.214664	0.214664	0.214664	0.214664	0.214664	0.284594	0.285224	0.201694	0.201694	0.163219	0.121492	0.121492	0.163219	0.201694	0.214664	0.214664	0.214664	0.214664	0.214664	0.214664	0.214664	0.214664	0.214664	0.214664	0.214664	0.214664	0.201694	0.163219	0.121492	0.107332	0.107332	0.107332	0.20434	0.189723	0	0	0.0379462	0.084853	0.107332	0.20434	0.189723	0	0.214646	0.214646	0	0.189723	0.20434	0.152967	0.253126	0.253126	0.247376	0.212128	0.136822	0.234678	0.253126	0.249547	0.265621	0.239997	0.303567	0.239997	0.305932	0.343616	0.242982	0.214664	0.304161	0.323098	0.228474	0.214664	0.246656	0.327527	0.32255	0.396173	0.444152	0.429322	0.429322	0.429322	0.493303	0.543307	0.536647	0.536647	0.550225	0.590917	0.630695	0.643968	0.652848	0.678793	0.652848	0.661879	0.653395	0.642006	0.678793	0.661879	0.653395	0.677991	0.610977	0.602971	0.62033	0.631549	0.678793	0.719958	0.719958	0.678793	0.678793	0.678793	0.678793	0.701987	0.677991	0.615676	0.636372	0.628116	0.615676	0.636372	0.615676	0.630695	0.64508	0.59395	0.564116	0.617721	0.643968	0.637506	0.610982	0.610982	0.637506	0.643968	0.643968	0.630695	0.653395	0.653395	0.615676	0.636372	0.615676	0.62033	0.714431	0.661879	0.678793	0.719958	0.719958	0.719958	0.678793	0.662692	0.672392	0.677991	0.637782	0.644233	0.625812	0.577977	0.625812	0.689562	0.708357	0.595461	0.570769	0.599069	0.646176	0.646176	0.528529	0.577032	0.626376	0.558328	0.498021	0.469367	0.42425	0.455345	0.381352	0.271656	0.290225	0.258054	0.246641	0.237723	0.221253	0.221253	0.231586	0.121482	0.214646	0.214646	0.121482	0.231586	0.138123	0.127279	0.268315	0.42423	0.276244	0.230819	0.303567	0.303567	0.303567	0.284594	0.285224	0.234687	0.303567	0.303567	0.303567	0.303567	0.239997	0.303567	0.386965	0.303567	0.303567	0.36838	0.266297	0.268315	0.268315	0.268315	0.249547	0.190678	0.212128	0.285224	0.234687	0.222079	0.285224	0.234687	0.222079	0.285224	0.234687	0.222079	0.247376	0.190678	0.189738	0.265621	0.268315	0.189738	0.214664	0.242982	0.306526	0.327527	0.28206	0.296379	0.321994	0.349856	0.432654	0.396173	0.321994	0.335678	0.376615	0.416122	0.444152	0.396173	0.335678	0.376615	0.416122	0.429322	0.479986	0.479986	0.429322	0.429322	0.429322	0.442941	0.484842	0.510867	0.452587
0.61935	0.547169	0.459213	0.429241	0.429241	0.429241	0.429241	0.429241	0.429241	0.429241	0.429241	0.429241	0.433408	0.432573	0.405975	0.405975	0.339345	0.24734	0.24734	0.339345	0.405975	0.429241	0.429241	0.429241	0.429241	0.429241	0.429241	0.429241	0.429241	0.429241	0.429241	0.429241	0.429241	0.405975	0.339345	0.24734	0.214624	0.214624	0.214624	0.193454	0.119971	0	0	0.119971	0.193454	0.214624	0.193454	0.119971	0	0.214606	0.214606	0	0.119971	0.193454	0.24734	0.343552	0.343552	0.339345	0.384108	0.288942	0.29018	0.343552	0.336145	0.390614	0.442449	0.479896	0.442449	0.494671	0.577869	0.494671	0.429241	0.483634	0.52843	0.459213	0.429241	0.459213	0.547169	0.61935	0.7057	0.81191	0.858435	0.858435	0.858435	0.918366	1.02499	1.073	1.073	1.10112	1.18513	1.26186	1.28753	1.29199	1.30528	1.29199	1.27094	1.25241	1.27094	1.30528	1.27094	1.25241	1.23652	1.16462	1.14688	1.18422	1.25241	1.30528	1.32714	1.32714	1.30528	1.30528	1.30528	1.30528	1.28892	1.23652	1.21776	1.21776	1.19961	1.21776	1.21776	1.21776	1.26186	1.23856	1.13173	1.13173	1.23856	1.28753	1.26186	1.20828	1.20828	1.26186	1.28753	1.28753	1.26186	1.25241	1.25241	1.21776	1.21776	1.21776	1.18422	1.22336	1.27094	1.30528	1.32714	1.32714	1.32714	1.30528	1.27518	1.22336	1.23652	1.22336	1.16214	1.12022	1.09424	1.12022	1.16214	1.20558	1.13204	1.08001	1.06119	1.05677	1.05677	0.989269	1.0112	1.00799	0.9672	0.924996	0.866766	0.768182	0.719823	0.672266	0.529106	0.455259	0.360914	0.327457	0.299925	0.23994	0.23994	0.28007	0.163175	0.214606	0.214606	0.163175	0.28007	0.209523	0.29018	0.386904	0.41904	0.41904	0.432573	0.479896	0.479896	0.479896	0.433408	0.432573	0.433408	0.479896	0.479896	0.479896	0.479896	0.442449	0.479896	0.53653	0.479896	0.479896	0.483626	0.384108	0.386904	0.386904	0.386904	0.336145	0.336145	0.384108	0.432573	0.433408	0.405975	0.432573	0.433408	0.405975	0.432573	0.433408	0.405975	0.339345	0.336145	0.390614	0.390614	0.386904	0.390614	0.429241	0.494671	0.58591	0.547169	0.534526	0.599871	0.643847	0.7057	0.781192	0.7057	0.643847	0.672814	0.758767	0.833341	0.81191	0.7057	0.672814	0.758767	0.833341	0.858435	0.884846	0.884846	0.858435	0.858435	0.858435	0.88688	0.95259	0.95259	0.88688
0.308751	0.269564	0.228387	0.214582	0.214582	0.214582	0.214582	0.214582	0.214582	0.214582	0.214582	0.214582	0.234598	0.285116	0.221995	0.221995	0.247282	0.152909	0.152909	0.247282	0.221995	0.214582	0.214582	0.214582	0.214582	0.214582	0.214582	0.214582	0.214582	0.214582	0.214582	0.214582	0.214582	0.221995	0.247282	0.152909	0.107291	0.107291	0.107291	0.0848206	0.0379318	0	0	0.189652	0.204263	0.107291	0.0848206	0.0379318	0	0.214566	0.214566	0	0.0379318	0.0848206	0.121445	0.253031	0.253031	0.163156	0.266196	0.230726	0.170693	0.253031	0.190606	0.189665	0.239906	0.303452	0.239906	0.24289	0.343486	0.305816	0.214582	0.257968	0.322976	0.246562	0.214582	0.228387	0.269564	0.308751	0.349723	0.403229	0.429158	0.429158	0.429158	0.456767	0.510326	0.536442	0.536442	0.557806	0.619225	0.637263	0.643722	0.652599	0.678534	0.652599	0.641761	0.653146	0.661627	0.678534	0.641761	0.653146	0.645111	0.589165	0.602741	0.653966	0.683809	0.678534	0.719684	0.719684	0.678534	0.678534	0.678534	0.678534	0.670267	0.645111	0.636129	0.615441	0.627876	0.636129	0.615441	0.636129	0.637263	0.617485	0.5639	0.593724	0.644834	0.643722	0.630454	0.603641	0.603641	0.630454	0.643722	0.643722	0.637263	0.653146	0.653146	0.636129	0.615441	0.636129	0.653966	0.637539	0.641761	0.678534	0.719684	0.719684	0.719684	0.678534	0.736474	0.672137	0.645111	0.71416	0.689301	0.625574	0.577757	0.625574	0.643988	0.708088	0.630443	0.607194	0.647323	0.645931	0.645931	0.528328	0.627001	0.626139	0.558116	0.539437	0.568959	0.532381	0.455172	0.498897	0.450797	0.4333	0.331213	0.322407	0.315642	0.22117	0.22117	0.31105	0.201602	0.214566	0.214566	0.201602	0.31105	0.212038	0.306393	0.268214	0.27614	0.42407	0.349704	0.303452	0.303452	0.303452	0.234598	0.285116	0.284486	0.303452	0.303452	0.303452	0.303452	0.239906	0.303452	0.386819	0.303452	0.303452	0.304043	0.212047	0.268214	0.268214	0.268214	0.190606	0.249453	0.266196	0.285116	0.284486	0.201617	0.285116	0.284486	0.201617	0.285116	0.284486	0.201617	0.163156	0.249453	0.265521	0.189665	0.268214	0.265521	0.214582	0.305816	0.346096	0.269564	0.324644	0.349715	0.321871	0.396022	0.432489	0.349723	0.321871	0.348175	0.41983	0.426213	0.403229	0.349723	0.348175	0.41983	0.426213	0.429158	0.479804	0.479804	0.429158	0.429158	0.429158	0.452414	0.510673	0.484657	0.442772
0	0	0	0	0	0	0	0	0	0	0	0	0.107262	0.214524	0.107262	0.107262	0.214524	0.107262	0.107262	0.214524	0.107262	0	0	0	0	0	0	0	0	0	0	0	0	0.107262	0.214524	0.107262	0	0	0	0	0	0	0	0.214524	0.214524	0	0	0	0	0.214524	0.214524	0	0	0	0	0.214524	0.214524	0	0.214524	0.214524	0.107262	0.214524	0.107262	0	0.107262	0.214524	0.107262	0	0.214524	0.214524	0	0.107262	0.214524	0.107262	0	0	0	0	0	0	0	0	0	0	0	0	0	0.107262	0.214524	0.107262	0	0.107262	0.214524	0.107262	0.107262	0.214524	0.214524	0.214524	0.107262	0.214524	0.214524	0.107262	0.214524	0.321784	0.321784	0.214524	0.321784	0.321784	0.214524	0.214524	0.214524	0.214524	0.214524	0.214524	0.214524	0.107262	0.214524	0.214524	0.107262	0.214524	0.107262	0	0	0.214524	0.214524	0	0	0	0	0	0	0	0.107262	0.214524	0.214524	0.214524	0.107262	0.214524	0.321784	0.214524	0.107262	0.214524	0.321784	0.321784	0.321784	0.214524	0.429042	0.321784	0.214524	0.429042	0.429042	0.321784	0.214524	0.321784	0.321784	0.429042	0.321784	0.321784	0.429042	0.429042	0.429042	0.214524	0.429042	0.429042	0.321784	0.321784	0.429042	0.429042	0.321784	0.429042	0.429042	0.429042	0.321784	0.321784	0.321784	0.214524	0.214524	0.321784	0.214524	0.214524	0.214524	0.214524	0.321784	0.214524	0.321784	0.214524	0.214524	0.429042	0.321784	0.214524	0.214524	0.214524	0.107262	0.214524	0.214524	0.214524	0.214524	0.214524	0.214524	0.107262	0.214524	0.321784	0.214524	0.214524	0.214524	0.107262	0.214524	0.214524	0.214524	0.107262	0.214524	0.214524	0.214524	0.214524	0	0.214524	0.214524	0	0.214524	0.214524	0	0	0.214524	0.214524	0	0.214524	0.214524	0	0.214524	0.214524	0	0.214524	0.214524	0	0.214524	0.214524	0	0	0.107262	0.214524	0.107262	0	0	0.107262	0.214524	0.107262	0	0.214524	0.214524	0	0	0	0.107262	0.214524	0.107262	0
0	0	0	0	0	0	0	0	0	0	0	0	0.107242	0.214484	0.107242	0.107242	0.214484	0.107242	0.107242	0.214484	0.107242	0	0	0	0	0	0	0	0	0	0	0	0	0.107242	0.214484	0.107242	0	0	0	0	0	0	0	0.214484	0.214484	0	0	0	0	0.214484	0.214484	0	0	0	0	0.214484	0.214484	0	0.214484	0.214484	0.107242	0.214484	0.107242	0	0.107242	0.214484	0.107242	0	0.214484	0.214484	0	0.107242	0.214484	0.107242	0	0	0	0	0	0	0	0	0	0	0	0	0	0.107242	0.214484	0.107242	0	0.107242	0.214484	0.107242	0.107242	0.214484	0.214484	0.214484	0.107242	0.214484	0.214484	0.107242	0.214484	0.321724	0.321724	0.214484	0.321724	0.321724	0.214484	0.214484	0.214484	0.214484	0.214484	0.214484	0.214484	0.107242	0.214484	0.214484	0.107242	0.214484	0.107242	0	0	0.214484	0.214484	0	0	0	0	0	0	0	0.107242	0.214484	0.214484	0.214484	0.107242	0.214484	0.321724	0.214484	0.107242	0.214484	0.321724	0.321724	0.321724	0.214484	0.428962	0.321724	0.214484	0.428962	0.428962	0.321724	0.214484	0.321724	0.321724	0.428962	0.321724	0.321724	0.428962	0.428962	0.428962	0.214484	0.428962	0.428962	0.321724	0.321724	0.428962	0.428962	0.321724	0.428962	0.428962	0.428962	0.321724	0.321724	0.321724	0.214484	0.214484	0.321724	0.214484	0.214484	0.214484	0.214484	0.321724	0.214484	0.321724	0.214484	0.214484	0.428962	0.321724	0.214484	0.214484	0.214484	0.107242	0.214484	0.214484	0.214484	0.214484	0.214484	0.214484	0.107242	0.214484	0.321724	0.214484	0.214484	0.214484	0.107242	0.214484	0.214484	0.214484	0.107242	0.214484	0.214484	0.214484	0.214484	0	0.214484	0.214484	0	0.214484	0.214484	0	0	0.214484	0.214484	0	0.214484	0.214484	0	0.214484	0.214484	0	0.214484	0.214484	0	0.214484	0.214484	0	0	0.107242	0.214484	0.107242	0	0	0.107242	0.214484	0.107242	0	0.214484	0.214484	0	0	0	0.107242	0.214484	0.107242	0
0	0	0	0	0	0	0	0	0	0	0	0	0.107221	0.214442	0.107221	0.107221	0.214442	0.107221	0.107221	0.214442	0.107221	0	0	0	0	0	0	0	0	0	0	0	0	0.107221	0.214442	0.107221	0	0	0	0	0	0	0	0.214442	0.214442	0	0	0	0	0.214442	0.214442	0	0	0	0	0.214442	0.214442	0	0.214442	0.214442	0.107221	0.214442	0.107221	0	0.107221	0.214442	0.107221	0	0.214442	0.214442	0	0.107221	0.214442	0.107221	0	0	0	0	0	0	0	0	0	0	0	0	0	0.107221	0.214442	0.107221	0	0.107221	0.214442	0.107221	0.107221	0.214442	0.214442	0.214442	0.107221	0.214442	0.214442	0.107221	0.214442	0.321661	0.321661	0.214442	0.321661	0.321661	0.214442	0.214442	0.214442	0.214442	0.214442	0.214442	0.214442	0.107221	0.214442	0.214442	0.107221	0.214442	0.107221	0	0	0.214442	0.214442	0	0	0	0	0	0	0	0.107221	0.214442	0.214442	0.214442	0.107221	0.214442	0.321661	0.214442	0.107221	0.214442	0.321661	0.321661	0.321661	0.214442	0.428878	0.321661	0.214442	0.428878	0.428878	0.321661	0.214442	0.321661	0.321661	0.428878	0.321661	0.321661	0.428878	0.428878	0.428878	0.214442	0.428878	0.428878	0.321661	0.321661	0.428878	0.428878	0.321661	0.428878	0.428878	0.428878	0.321661	0.321661	0.321661	0.214442	0.214442	0.321661	0.214442	0.214442	0.214442	0.214442	0.321661	0.214442	0.321661	0.214442	0.214442	0.428878	0.321661	0.214442	0.214442	0.214442	0.107221	0.214442	0.214442	0.214442	0.214442	0.214442	0.214442	0.107221	0.214442	0.321661	0.214442	0.214442	0.214442	0.107221	0.214442	0.214442	0.214442	0.107221	0.214442	0.214442	0.214442	0.214442	0	0.214442	0.214442	0	0.214442	0.214442	0	0	0.214442	0.214442	0	0.214442	0.214442	0	0.214442	0.214442	0	0.214442	0.214442	0	0.214442	0.214442	0	0	0.107221	0.214442	0.107221	0	0	0.107221	0.214442	0.107221	0	0.214442	0.214442	0	0	0	0.107221	0.214442	0.107221	0
0	0	0	0	0	0	0	0	0	0	0	0	0.107201	0.214402	0.107201	0.107201	0.214402	0.107201	0.107201	0.214402	0.107201	0	0	0	0	0	0	0	0	0	0	0	0	0.107201	0.214402	0.107201	0	0	0	0	0	0	0	0.214402	0.214402	0	0	0	0	0.214402	0.214402	0	0	0	0	0.214402	0.214402	0	0.214402	0.214402	0.107201	0.214402	0.107201	0	0.107201	0.214402	0.107201	0	0.214402	0.214402	0	0.107201	0.214402	0.107201	0	0	0	0	0	0	0	0	0	0	0	0	0	0.107201	0.214402	0.107201	0	0.107201	0.214402	0.107201	0.107201	0.214402	0.214402	0.214402	0.107201	0.214402	0.214402	0.107201	0.214402	0.321601	0.321601	0.214402	0.321601	0.321601	0.214402	0.214402	0.214402	0.214402	0.214402	0.214402	0.214402	0.107201	0.214402	0.214402	0.107201	0.214402	0.107201	0	0	0.214402	0.214402	0	0	0	0	0	0	0	0.107201	0.214402	0.214402	0.214402	0.107201	0.214402	0.321601	0.214402	0.107201	0.214402	0.321601	0.321601	0.321601	0.214402	0.428798	0.321601	0.214402	0.428798	0.428798	0.321601	0.214402	0.321601	0.321601	0.428798	0.321601	0.321601	0.428798	0.428798	0.428798	0.214402	0.428798	0.428798	0.321601	0.321601	0.428798	0.428798	0.321601	0.428798	0.428798	0.428798	0.321601	0.321601	0.321601	0.214402	0.214402	0.321601	0.214402	0.214402	0.214402	0.214402	0.321601	0.214402	0.321601	0.214402	0.214402	0.428798	0.321601	0.214402	0.214402	0.214402	0.107201	0.214402	0.214402	0.214402	0.214402	0.214402	0.214402	0.107201	0.214402	0.321601	0.214402	0.214402	0.214402	0.107201	0.214402	0.214402	0.214402	0.107201	0.214402	0.214402	0.214402	0.214402	0	0.214402	0.214402	0	0.214402	0.214402	0	0	0.214402	0.214402	0	0.214402	0.214402	0	0.214402	0.214402	0	0.214402	0.214402	0	0.214402	0.214402	0	0	0.107201	0.214402	0.107201	0	0	0.107201	0.214402	0.107201	0	0.214402	0.214402	0	0	0	0.107201	0.214402	0.107201	0
0	0	0	0	0	0	0	0	0	0	0	0	0.107181	0.21436	0.107181	0.107181	0.21436	0.107181	0.107181	0.21436	0.107181	0	0	0	0	0	0	0	0	0	0	0	0	0.107181	0.21436	0.107181	0	0	0	0	0	0	0	0.21436	0.21436	0	0	0	0	0.21436	0.21436	0	0	0	0	0.21436	0.21436	0	0.21436	0.21436	0.107181	0.21436	0.107181	0	0.107181	0.21436	0.107181	0	0.21436	0.21436	0	0.107181	0.21436	0.107181	0	0	0	0	0	0	0	0	0	0	0	0	0	0.107181	0.21436	0.107181	0	0.107181	0.21436	0.107181	0.107181	0.21436	0.21436	0.21436	0.107181	0.21436	0.21436	0.107181	0.21436	0.321539	0.321539	0.21436	0.321539	0.321539	0.21436	0.21436	0.21436	0.21436	0.21436	0.21436	0.21436	0.107181	0.21436	0.21436	0.107181	0.21436	0.107181	0	0	0.21436	0.21436	0	0	0	0	0	0	0	0.107181	0.21436	0.21436	0.21436	0.107181	0.21436	0.321539	0.21436	0.107181	0.21436	0.321539	0.321539	0.321539	0.21436	0.428715	0.321539	0.21436	0.428715	0.428715	0.321539	0.21436	0.321539	0.321539	0.428715	0.321539	0.321539	0.428715	0.428715	0.428715	0.21436	0.428715	0.428715	0.321539	0.321539	0.428715	0.428715	0.321539	0.428715	0.428715	0.428715	0.321539	0.321539	0.321539	0.21436	0.21436	0.321539	0.21436	0.21436	0.21436	0.21436	0.321539	0.21436	0.321539	0.21436	0.21436	0.428715	0.321539	0.21436	0.21436	0.21436	0.107181	0.21436	0.21436	0.21436	0.21436	0.21436	0.21436	0.107181	0.21436	0.321539	0.21436	0.21436	0.21436	0.107181	0.21436	0.21436	0.21436	0.107181	0.21436	0.21436	0.21436	0.21436	0	0.21436	0.21436	0	0.21436	0.21436	0	0	0.21436	0.21436	0	0.21436	0.21436	0	0.21436	0.21436	0	0.21436	0.21436	0	0.21436	0.21436	0	0	0.107181	0.21436	0.107181	0	0	0.107181	0.21436	0.107181	0	0.21436	0.21436	0	0	0	0.107181	0.21436	0.107181	0
0.214338	0.214338	0.214338	0.214338	0.214338	0.214338	0.214338	0.214338	0.214338	0.214338	0.214338	0.214338	0.221742	0.247	0.152735	0.152735	0.247	0.221742	0.221742	0.247	0.152735	0.107169	0.136614	0.18945	0.214338	0.214338	0.214338	0.214338	0.214338	0.214338	0.214338	0.214338	0.214338	0.246281	0.324273	0.281632	0.228127	0.214338	0.214338	0.214338	0.214338	0.214338	0.214338	0.265218	0.230463	0.107169	0.107169	0.107169	0.107169	0.204029	0.189435	0	0	0	0	0.189435	0.204029	0.107169	0.230463	0.265218	0.246281	0.32703	0.32206	0.321505	0.347779	0.419352	0.41592	0.376043	0.413751	0.443477	0.42867	0.451899	0.510091	0.484105	0.442268	0.42867	0.42867	0.42867	0.42867	0.42867	0.442268	0.482995	0.522608	0.535832	0.535832	0.535832	0.563259	0.614741	0.618521	0.557172	0.563259	0.614741	0.618521	0.557172	0.5623	0.602055	0.584821	0.577099	0.546441	0.577099	0.577099	0.530783	0.552315	0.583585	0.523967	0.455452	0.495811	0.437357	0.3644	0.383123	0.386389	0.367832	0.3644	0.3644	0.3644	0.330854	0.349317	0.305468	0.257674	0.322608	0.246281	0.242613	0.295928	0.386389	0.386389	0.321505	0.321505	0.321505	0.295928	0.242613	0.214338	0.214338	0.246281	0.32703	0.372198	0.413751	0.381253	0.413751	0.49834	0.479257	0.423613	0.427402	0.475112	0.493997	0.492905	0.404982	0.531773	0.493997	0.427402	0.552294	0.552294	0.473976	0.404982	0.454653	0.454653	0.535803	0.454653	0.454653	0.535803	0.535803	0.538807	0.361928	0.501556	0.523949	0.420619	0.401858	0.49724	0.479234	0.386377	0.479234	0.473586	0.491799	0.408936	0.372183	0.36782	0.305461	0.275825	0.33887	0.239621	0.239621	0.246267	0.246992	0.335141	0.21432	0.321478	0.21432	0.21432	0.428634	0.321478	0.21432	0.21432	0.21432	0.121298	0.215988	0.231234	0.237362	0.228896	0.228896	0.228896	0.133954	0.228896	0.315281	0.220917	0.220917	0.204905	0.127078	0.220917	0.220917	0.220917	0.137913	0.228896	0.228896	0.211796	0.220917	0.0847241	0.204029	0.220917	0.0847241	0.239621	0.239621	0.121307	0.162971	0.284791	0.284791	0.201388	0.303106	0.303106	0.214338	0.303106	0.303106	0.228127	0.322608	0.34152	0.295928	0.386389	0.386389	0.321505	0.335168	0.381253	0.413751	0.381253	0.402771	0.442268	0.484105	0.510091	0.467896	0.482995	0.53482	0.510091	0.482995	0.522608	0.535832	0.530783	0.552315	0.536164	0.535832
0.428586	0.428586	0.428586	0.428586	0.428586	0.428586	0.428586	0.428586	0.428586	0.428586	0.428586	0.428586	0.405356	0.338827	0.246963	0.246963	0.338827	0.405356	0.405356	0.338827	0.246963	0.214296	0.288501	0.390018	0.428586	0.428586	0.428586	0.428586	0.428586	0.428586	0.428586	0.428586	0.428586	0.458512	0.533711	0.533711	0.458512	0.428586	0.428586	0.428586	0.428586	0.428586	0.428586	0.390018	0.288501	0.214296	0.214296	0.214296	0.214296	0.193159	0.119788	0	0	0	0	0.119788	0.193159	0.214296	0.288501	0.390018	0.458512	0.546334	0.618405	0.642865	0.671787	0.75761	0.810671	0.75761	0.740852	0.810671	0.857125	0.885527	0.951137	0.951137	0.885527	0.857125	0.857125	0.857125	0.857125	0.857125	0.885527	0.970178	1.04596	1.07136	1.07136	1.07136	1.13	1.2159	1.18333	1.09944	1.13	1.2159	1.18333	1.09944	1.10983	1.14513	1.10983	1.09257	1.0767	1.09257	1.09257	1.04596	1.04011	1.02657	0.898392	0.831634	0.821652	0.688659	0.62704	0.671779	0.67763	0.636694	0.62704	0.62704	0.62704	0.636694	0.598955	0.493916	0.482896	0.527624	0.458512	0.493916	0.598955	0.67763	0.67763	0.642865	0.642865	0.642865	0.598955	0.493916	0.428586	0.428586	0.458512	0.546334	0.65173	0.740852	0.740852	0.740852	0.831634	0.883496	0.831634	0.771211	0.771211	0.815954	0.81463	0.72122	0.76701	0.815954	0.771211	0.817702	0.817702	0.76701	0.72122	0.718725	0.718725	0.772593	0.718725	0.718725	0.772593	0.772593	0.782277	0.623019	0.676029	0.740829	0.632155	0.57946	0.66316	0.606076	0.535711	0.606076	0.589885	0.645069	0.606076	0.493901	0.482889	0.493901	0.418401	0.386302	0.303047	0.303047	0.326957	0.338805	0.375939	0.214279	0.321416	0.214279	0.214279	0.428551	0.321416	0.214279	0.214279	0.214279	0.162926	0.220874	0.279643	0.299467	0.267855	0.267855	0.267855	0.193159	0.267855	0.299467	0.239574	0.239574	0.179681	0.179681	0.239574	0.239574	0.239574	0.209203	0.267855	0.267855	0.209203	0.239574	0.193159	0.193159	0.239574	0.193159	0.303047	0.303047	0.246963	0.338827	0.431913	0.431913	0.405356	0.479164	0.479164	0.428586	0.479164	0.479164	0.458512	0.527624	0.575115	0.598955	0.67763	0.67763	0.642865	0.671787	0.740852	0.740852	0.740852	0.810671	0.885527	0.951137	0.951137	0.916965	0.970178	1.00397	0.951137	0.970178	1.04596	1.07136	1.04596	1.04011	1.05687	1.07136
0.214256	0.214256	0.214256	0.214256	0.214256	0.214256	0.214256	0.214256	0.214256	0.214256	0.214256	0.214256	0.201311	0.162909	0.121261	0.121261	0.162909	0.201311	0.201311	0.162909	0.121261	0.107128	0.230375	0.265117	0.214256	0.214256	0.214256	0.214256	0.214256	0.214256	0.214256	0.214256	0.214256	0.22804	0.281525	0.32415	0.246187	0.214256	0.214256	0.214256	0.214256	0.214256	0.214256	0.189377	0.136562	0.107128	0.107128	0.107128	0.107128	0.0846918	0.0378741	0	0	0	0	0.0378741	0.0846918	0.107128	0.136562	0.189377	0.22804	0.269155	0.308283	0.321382	0.335041	0.3759	0.415761	0.419192	0.381108	0.402617	0.428506	0.442099	0.483921	0.509897	0.451727	0.428506	0.428506	0.428506	0.428506	0.428506	0.451727	0.517229	0.530581	0.535627	0.535627	0.535627	0.592822	0.635163	0.589794	0.54918	0.592822	0.635163	0.589794	0.54918	0.584598	0.601825	0.562086	0.576879	0.546232	0.576879	0.576879	0.522409	0.552104	0.545241	0.443718	0.455278	0.450128	0.337174	0.364261	0.435544	0.386242	0.330728	0.364261	0.364261	0.364261	0.367692	0.295816	0.242521	0.303583	0.322485	0.22804	0.305351	0.349184	0.386242	0.386242	0.321382	0.321382	0.321382	0.349184	0.305351	0.214256	0.214256	0.22804	0.269155	0.322496	0.381108	0.413593	0.381108	0.423452	0.479074	0.49815	0.474931	0.427239	0.493809	0.550459	0.454876	0.423444	0.493809	0.474931	0.552083	0.552083	0.473796	0.454876	0.45448	0.45448	0.535599	0.45448	0.45448	0.535599	0.535599	0.606247	0.417036	0.437184	0.593091	0.486849	0.401704	0.569653	0.479051	0.38623	0.479051	0.404815	0.491612	0.552072	0.372041	0.30358	0.443284	0.423424	0.338741	0.23953	0.23953	0.321916	0.405248	0.415298	0.214238	0.321356	0.214238	0.214238	0.428471	0.321356	0.214238	0.214238	0.214238	0.201295	0.215906	0.310575	0.31516	0.228809	0.228809	0.228809	0.133903	0.228809	0.237271	0.220833	0.220833	0.127029	0.204827	0.220833	0.220833	0.220833	0.211715	0.228809	0.228809	0.137861	0.220833	0.203952	0.0846918	0.220833	0.203952	0.23953	0.23953	0.152677	0.246906	0.284682	0.284682	0.221657	0.30299	0.30299	0.214256	0.30299	0.30299	0.246187	0.322485	0.399468	0.349184	0.386242	0.386242	0.321382	0.347646	0.413593	0.381108	0.413593	0.443308	0.451727	0.509897	0.483921	0.467718	0.517229	0.509901	0.483921	0.517229	0.530581	0.535627	0.522409	0.552104	0.559524	0.535627
0	0	0	0	0	0	0	0	0	0	0	0	0	0	0	0	0	0	0	0	0	0	0.214197	0.214197	0	0	0	0	0	0	0	0	0	0	0.107099	0.214197	0.107099	0	0	0	0	0	0	0	0	0	0	0	0	0	0	0	0	0	0	0	0	0	0	0	0	0	0	0	0	0	0.107099	0.214197	0.107099	0	0	0	0.107099	0.214197	0.107099	0	0	0	0	0	0.107099	0.214197	0.107099	0	0	0	0.214197	0.214197	0	0	0.214197	0.214197	0	0	0.214197	0.214197	0.107099	0.214197	0.107099	0.214197	0.214197	0	0.214197	0.214197	0	0.214197	0.214197	0	0.214197	0.321293	0.214197	0.107099	0.214197	0.214197	0.214197	0.214197	0	0	0.214197	0.214197	0	0.214197	0.214197	0.214197	0.214197	0	0	0	0.214197	0.214197	0	0	0	0	0	0.107099	0.214197	0.107099	0.107099	0.214197	0.321293	0.321293	0.214197	0.321293	0.428388	0.321293	0.214197	0.321293	0.321293	0.428388	0.428388	0.321293	0.321293	0.321293	0.321293	0.428388	0.321293	0.321293	0.428388	0.428388	0.535479	0.321293	0.321293	0.535479	0.428388	0.321293	0.535479	0.428388	0.321293	0.428388	0.321293	0.428388	0.535479	0.321293	0.214197	0.428388	0.428388	0.321293	0.214197	0.214197	0.321293	0.428388	0.428388	0.214197	0.321293	0.214197	0.214197	0.428388	0.321293	0.214197	0.214197	0.214197	0.214197	0.214197	0.321293	0.321293	0.214197	0.214197	0.214197	0.107099	0.214197	0.214197	0.214197	0.214197	0.107099	0.214197	0.214197	0.214197	0.214197	0.214197	0.214197	0.214197	0.107099	0.214197	0.214197	0	0.214197	0.214197	0.214197	0.214197	0.107099	0.214197	0.214197	0.214197	0.107099	0.214197	0.214197	0	0.214197	0.214197	0.107099	0.214197	0.321293	0.214197	0.214197	0.214197	0	0.107099	0.214197	0.107099	0.214197	0.214197	0.107099	0.214197	0.107099	0.107099	0.214197	0.107099	0.107099	0.214197	0.107099	0	0	0.214197	0.214197	0
0	0	0	0	0	0	0	0	0	0	0	0	0	0	0	0	0	0	0	0	0	0	0.214157	0.214157	0	0	0	0	0	0	0	0	0	0	0.107079	0.214157	0.107079	0	0	0	0	0	0	0	0	0	0	0	0	0	0	0	0	0	0	0	0	0	0	0	0	0	0	0	0	0	0.107079	0.214157	0.107079	0	0	0	0.107079	0.214157	0.107079	0	0	0	0	0	0.107079	0.214157	0.107079	0	0	0	0.214157	0.214157	0	0	0.214157	0.214157	0	0	0.214157	0.214157	0.107079	0.214157	0.107079	0.214157	0.214157	0	0.214157	0.214157	0	0.214157	0.214157	0	0.214157	0.321233	0.214157	0.107079	0.214157	0.214157	0.214157	0.214157	0	0	0.214157	0.214157	0	0.214157	0.214157	0.214157	0.214157	0	0	0	0.214157	0.214157	0	0	0	0	0	0.107079	0.214157	0.107079	0.107079	0.214157	0.321233	0.321233	0.214157	0.321233	0.428308	0.321233	0.214157	0.321233	0.321233	0.428308	0.428308	0.321233	0.321233	0.321233	0.321233	0.428308	0.321233	0.321233	0.428308	0.428308	0.535379	0.321233	0.321233	0.535379	0.428308	0.321233	0.535379	0.428308	0.321233	0.428308	0.321233	0.428308	0.535379	0.321233	0.214157	0.428308	0.428308	0.321233	0.214157	0.214157	0.321233	0.428308	0.428308	0.214157	0.321233	0.214157	0.214157	0.428308	0.321233	0.214157	0.214157	0.214157	0.214157	0.214157	0.321233	0.321233	0.214157	0.214157	0.214157	0.107079	0.214157	0.214157	0.214157	0.214157	0.107079	0.214157	0.214157	0.214157	0.214157	0.214157	0.214157	0.214157	0.107079	0.214157	0.214157	0	0.214157	0.214157	0.214157	0.214157	0.107079	0.214157	0.214157	0.214157	0.107079	0.214157	0.214157	0	0.214157	0.214157	0.107079	0.214157	0.321233	0.214157	0.214157	0.214157	0	0.107079	0.214157	0.107079	0.214157	0.214157	0.107079	0.214157	0.107079	0.107079	0.214157	0.107079	0.107079	0.214157	0.107079	0	0	0.214157	0.214157	0
0	0	0	0	0	0	0	0	0	0	0	0	0	0	0	0	0	0	0	0	0	0	0.214115	0.214115	0	0	0	0	0	0	0	0	0	0	0.107058	0.214115	0.107058	0	0	0	0	0	0	0	0	0	0	0	0	0	0	0	0	0	0	0	0	0	0	0	0	0	0	0	0	0	0.107058	0.214115	0.107058	0	0	0	0.107058	0.214115	0.107058	0	0	0	0	0	0.107058	0.214115	0.107058	0	0	0	0.214115	0.214115	0	0	0.214115	0.214115	0	0	0.214115	0.214115	0.107058	0.214115	0.107058	0.214115	0.214115	0	0.214115	0.214115	0	0.214115	0.214115	0	0.214115	0.321171	0.214115	0.107058	0.214115	0.214115	0.214115	0.214115	0	0	0.214115	0.214115	0	0.214115	0.214115	0.214115	0.214115	0	0	0	0.214115	0.214115	0	0	0	0	0	0.107058	0.214115	0.107058	0.107058	0.214115	0.321171	0.321171	0.214115	0.321171	0.428224	0.321171	0.214115	0.321171	0.321171	0.428224	0.428224	0.321171	0.321171	0.321171	0.321171	0.428224	0.321171	0.321171	0.428224	0.428224	0.535275	0.321171	0.321171	0.535275	0.428224	0.321171	0.535275	0.428224	0.321171	0.428224	0.321171	0.428224	0.535275	0.321171	0.214115	0.428224	0.428224	0.321171	0.214115	0.214115	0.321171	0.428224	0.428224	0.214115	0.321171	0.214115	0.214115	0.428224	0.321171	0.214115	0.214115	0.214115	0.214115	0.214115	0.321171	0.321171	0.214115	0.214115	0.214115	0.107058	0.214115	0.214115	0.214115	0.214115	0.107058	0.214115	0.214115	0.214115	0.214115	0.214115	0.214115	0.214115	0.107058	0.214115	0.214115	0	0.214115	0.214115	0.214115	0.214115	0.107058	0.214115	0.214115	0.214115	0.107058	0.214115	0.214115	0	0.214115	0.214115	0.107058	0.214115	0.321171	0.214115	0.214115	0.214115	0	0.107058	0.214115	0.107058	0.214115	0.214115	0.107058	0.214115	0.107058	0.107058	0.214115	0.107058	0.107058	0.214115	0.107058	0	0	0.214115	0.214115	0
0	0	0	0	0	0	0	0	0	0	0	0	0	0	0	0	0	0	0	0	0	0	0.214075	0.214075	0	0	0	0	0	0	0	0	0	0	0.107038	0.214075	0.107038	0	0	0	0	0	0	0	0	0	0	0	0	0	0	0	0	0	0	0	0	0	0	0	0	0	0	0	0	0	0.107038	0.214075	0.107038	0	0	0	0.107038	0.214075	0.107038	0	0	0	0	0	0.107038	0.214075	0.107038	0	0	0	0.214075	0.214075	0	0	0.214075	0.214075	0	0	0.214075	0.214075	0.107038	0.214075	0.107038	0.214075	0.214075	0	0.214075	0.214075	0	0.214075	0.214075	0	0.214075	0.321111	0.214075	0.107038	0.214075	0.214075	0.214075	0.214075	0	0	0.214075	0.214075	0	0.214075	0.214075	0.214075	0.214075	0	0	0	0.214075	0.214075	0	0	0	0	0	0.107038	0.214075	0.107038	0.107038	0.214075	0.321111	0.321111	0.214075	0.321111	0.428144	0.321111	0.214075	0.321111	0.321111	0.428144	0.428144	0.321111	0.321111	0.321111	0.321111	0.428144	0.321111	0.321111	0.428144	0.428144	0.535175	0.321111	0.321111	0.535175	0.428144	0.321111	0.535175	0.428144	0.321111	0.428144	0.321111	0.428144	0.535175	0.321111	0.214075	0.428144	0.428144	0.321111	0.214075	0.214075	0.321111	0.428144	0.428144	0.214075	0.321111	0.214075	0.214075	0.428144	0.321111	0.214075	0.214075	0.214075	0.214075	0.214075	0.321111	0.321111	0.214075	0.214075	0.214075	0.107038	0.214075	0.214075	0.214075	0.214075	0.107038	0.214075	0.214075	0.214075	0.214075	0.214075	0.214075	0.214075	0.107038	0.214075	0.214075	0	0.214075	0.214075	0.214075	0.214075	0.107038	0.214075	0.214075	0.214075	0.107038	0.214075	0.214075	0	0.214075	0.214075	0.107038	0.214075	0.321111	0.214075	0.214075	0.214075	0	0.107038	0.214075	0.107038	0.214075	0.214075	0.107038	0.214075	0.107038	0.107038	0.214075	0.107038	0.107038	0.214075	0.107038	0	0	0.214075	0.214075	0
0	0	0	0	0	0	0	0	0	0	0	0	0	0	0	0	0	0	0	0	0	0	0.214034	0.214034	0	0	0	0	0	0	0	0	0	0	0.107017	0.214034	0.107017	0	0	0	0	0	0	0	0	0	0	0	0	0	0	0	0	0	0	0	0	0	0	0	0	0	0	0	0	0	0.107017	0.214034	0.107017	0	0	0	0.107017	0.214034	0.107017	0	0	0	0	0	0.107017	0.214034	0.107017	0	0	0	0.214034	0.214034	0	0	0.214034	0.214034	0	0	0.214034	0.214034	0.107017	0.214034	0.107017	0.214034	0.214034	0	0.214034	0.214034	0	0.214034	0.214034	0	0.214034	0.321049	0.214034	0.107017	0.214034	0.214034	0.214034	0.214034	0	0	0.214034	0.214034	0	0.214034	0.214034	0.214034	0.214034	0	0	0	0.214034	0.214034	0	0	0	0	0	0.107017	0.214034	0.107017	0.107017	0.214034	0.321049	0.321049	0.214034	0.321049	0.428061	0.321049	0.214034	0.321049	0.321049	0.428061	0.428061	0.321049	0.321049	0.321049	0.321049	0.428061	0.321049	0.321049	0.428061	0.428061	0.535071	0.321049	0.321049	0.535071	0.428061	0.321049	0.535071	0.428061	0.321049	0.428061	0.321049	0.428061	0.535071	0.321049	0.214034	0.428061	0.428061	0.321049	0.214034	0.214034	0.321049	0.428061	0.428061	0.214034	0.321049	0.214034	0.214034	0.428061	0.321049	0.214034	0.214034	0.214034	0.214034	0.214034	0.321049	0.321049	0.214034	0.214034	0.214034	0.107017	0.214034	0.214034	0.214034	0.214034	0.107017	0.214034	0.214034	0.214034	0.214034	0.214034	0.214034	0.214034	0.107017	0.214034	0.214034	0	0.214034	0.214034	0.214034	0.214034	0.107017	0.214034	0.214034	0.214034	0.107017	0.214034	0.214034	0	0.214034	0.214034	0.107017	0.214034	0.321049	0.214034	0.214034	0.214034	0	0.107017	0.214034	0.107017	0.214034	0.214034	0.107017	0.214034	0.107017	0.107017	0.214034	0.107017	0.107017	0.214034	0.107017	0	0	0.214034	0.214034	0
0.214011	0.214011	0.214011	0.214011	0.214011	0.214011	0.214011	0.214011	0.214011	0.214011	0.214011	0.214011	0.214011	0.214011	0.242244	0.295477	0.321015	0.321015	0.321015	0.321015	0.321015	0.348793	0.431339	0.394968	0.321015	0.321015	0.321015	0.321015	0.321015	0.321015	0.321015	0.321015	0.30793	0.268847	0.263467	0.326532	0.32157	0.321015	0.321015	0.321015	0.321015	0.30793	0.268847	0.22778	0.214011	0.214011	0.214011	0.214011	0.214011	0.214011	0.214011	0.201081	0.162722	0.121122	0.107006	0.107006	0.107006	0.107006	0.084595	0.0378308	0	0	0	0	0	0	0.0945732	0.194739	0.132408	0.121122	0.162722	0.201081	0.245906	0.326532	0.32157	0.321015	0.321015	0.321015	0.321015	0.321015	0.338376	0.3858	0.338376	0.321015	0.321015	0.321015	0.348785	0.342572	0.295477	0.321015	0.348785	0.305002	0.242244	0.295477	0.348785	0.305002	0.239268	0.302644	0.239268	0.264814	0.230112	0.121122	0.252357	0.233965	0.121122	0.252357	0.233965	0.107006	0.203719	0.31022	0.215659	0.0945732	0.189146	0.211473	0.228547	0.221392	0.0945807	0.0598172	0.215659	0.215659	0.0189154	0.189146	0.203719	0.230112	0.264814	0.214011	0.214011	0.214011	0.264814	0.211477	0.0598172	0.0189154	0	0.0378308	0.084595	0.132408	0.194739	0.126884	0.137703	0.228547	0.3148	0.31022	0.215659	0.29424	0.416545	0.325417	0.230882	0.31022	0.3148	0.43544	0.425047	0.338354	0.338354	0.338354	0.347224	0.43544	0.340985	0.336762	0.416545	0.431312	0.525867	0.330869	0.351829	0.523139	0.419966	0.330869	0.529934	0.451177	0.351829	0.441558	0.320989	0.427981	0.521769	0.322101	0.240743	0.428817	0.414823	0.320989	0.242224	0.237	0.3148	0.431312	0.431312	0.220581	0.31022	0.230882	0.253767	0.40918	0.31022	0.230882	0.237	0.245892	0.221392	0.228547	0.3148	0.295454	0.213994	0.213994	0.213994	0.106997	0.213994	0.227761	0.215659	0.201065	0.121113	0.230882	0.220581	0.220581	0.220581	0.204593	0.215659	0.215659	0.126884	0.237	0.228547	0.126892	0.267499	0.267499	0.304996	0.321559	0.281203	0.323779	0.322116	0.341	0.305594	0.382539	0.404365	0.37547	0.472885	0.496506	0.483368	0.509314	0.538001	0.514553	0.526922	0.509314	0.482259	0.535347	0.593651	0.603517	0.634437	0.626206	0.629628	0.676729	0.666344	0.692669	0.711016	0.662036	0.666344	0.702155	0.662036	0.65552	0.69602	0.736715	0.694472	0.64201
0.427933	0.427933	0.427933	0.427933	0.427933	0.427933	0.427933	0.427933	0.427933	0.427933	0.427933	0.427933	0.427933	0.427933	0.493164	0.598043	0.641885	0.641885	0.641885	0.641885	0.641885	0.703549	0.778812	0.703549	0.641885	0.641885	0.641885	0.641885	0.641885	0.641885	0.641885	0.641885	0.617463	0.545502	0.493164	0.545502	0.617463	0.641885	0.641885	0.641885	0.641885	0.617463	0.545502	0.457813	0.427933	0.427933	0.427933	0.427933	0.427933	0.427933	0.427933	0.404738	0.338311	0.246587	0.21397	0.21397	0.21397	0.21397	0.192865	0.119605	0	0	0	0	0	0	0.0598027	0.151294	0.194714	0.246587	0.338311	0.404738	0.457813	0.545502	0.617463	0.641885	0.641885	0.641885	0.641885	0.641885	0.650737	0.676598	0.650737	0.641885	0.641885	0.641885	0.598043	0.576108	0.598043	0.641885	0.598043	0.493164	0.493164	0.598043	0.598043	0.493164	0.441101	0.478434	0.441101	0.389424	0.288061	0.246587	0.342505	0.289296	0.246587	0.342505	0.289296	0.21397	0.192865	0.279217	0.220538	0.0598027	0.119605	0.208884	0.267447	0.246579	0.194714	0.151294	0.220538	0.220538	0.0598027	0.119605	0.192865	0.288061	0.389424	0.427933	0.427933	0.427933	0.389424	0.246587	0.151294	0.0598027	0	0.119605	0.192865	0.194714	0.151294	0.179407	0.208884	0.267447	0.299011	0.279217	0.220538	0.213952	0.382913	0.338288	0.279217	0.279217	0.299011	0.456999	0.418611	0.385713	0.385713	0.385713	0.418611	0.456999	0.397577	0.382913	0.382913	0.441069	0.499612	0.358811	0.441069	0.488024	0.397577	0.358811	0.516507	0.516507	0.441069	0.482125	0.320926	0.427898	0.482125	0.325354	0.320926	0.431229	0.375367	0.320926	0.325354	0.299011	0.299011	0.441069	0.441069	0.239209	0.279217	0.279217	0.358811	0.358811	0.279217	0.279217	0.299011	0.326459	0.246579	0.267447	0.299011	0.220538	0.213952	0.213952	0.213952	0.106976	0.213952	0.268773	0.220538	0.162678	0.162678	0.279217	0.239209	0.239209	0.239209	0.179407	0.220538	0.220538	0.179407	0.299011	0.267447	0.289296	0.385726	0.385726	0.493149	0.527494	0.532898	0.532898	0.52682	0.574239	0.584125	0.670755	0.720121	0.756455	0.871134	0.922178	0.949688	0.949688	0.922178	0.964253	0.986255	0.949688	0.9687	1.05526	1.12859	1.19596	1.21405	1.19596	1.2486	1.30131	1.32012	1.37321	1.37321	1.31143	1.32012	1.35407	1.31143	1.31143	1.39464	1.42631	1.34134	1.28361
0.21393	0.21393	0.21393	0.21393	0.21393	0.21393	0.21393	0.21393	0.21393	0.21393	0.21393	0.21393	0.21393	0.21393	0.304886	0.348652	0.320893	0.320893	0.320893	0.320893	0.320893	0.394818	0.431174	0.34866	0.320893	0.320893	0.320893	0.320893	0.320893	0.320893	0.320893	0.320893	0.321447	0.326407	0.263366	0.268745	0.307813	0.320893	0.320893	0.320893	0.320893	0.321447	0.326407	0.245812	0.21393	0.21393	0.21393	0.21393	0.21393	0.21393	0.21393	0.22132	0.24653	0.152444	0.106965	0.106965	0.106965	0.106965	0.203641	0.189074	0	0	0	0	0	0	0.0189082	0.0597944	0.0945447	0.152444	0.24653	0.22132	0.227693	0.268745	0.307813	0.320893	0.320893	0.320893	0.320893	0.320893	0.338247	0.385654	0.338247	0.320893	0.320893	0.320893	0.295365	0.342441	0.348652	0.320893	0.295365	0.242151	0.304886	0.348652	0.295365	0.242151	0.239176	0.302528	0.239176	0.189089	0.136354	0.152444	0.252261	0.170173	0.152444	0.252261	0.170173	0.106965	0.0845628	0.230794	0.215577	0.0189082	0.0378164	0.137651	0.22846	0.152441	0.132357	0.194664	0.215577	0.215577	0.0945372	0.0378164	0.0845628	0.136354	0.189089	0.21393	0.21393	0.21393	0.189089	0.137657	0.194664	0.0945372	0	0.189074	0.203641	0.0945447	0.0597944	0.204515	0.211392	0.22846	0.23691	0.230794	0.215577	0.133695	0.336634	0.325293	0.310102	0.230794	0.23691	0.435275	0.347092	0.338225	0.338225	0.338225	0.424886	0.435275	0.419806	0.416386	0.336634	0.431148	0.446223	0.330743	0.510838	0.443007	0.340856	0.330743	0.451005	0.529732	0.510838	0.52157	0.320866	0.427818	0.44139	0.321979	0.401081	0.428653	0.334503	0.320866	0.401971	0.31468	0.23691	0.431148	0.431148	0.220497	0.230794	0.310102	0.409025	0.25367	0.230794	0.310102	0.31468	0.321425	0.152441	0.22846	0.23691	0.136344	0.213912	0.213912	0.213912	0.106956	0.213912	0.307788	0.215577	0.121067	0.200988	0.310102	0.220497	0.220497	0.220497	0.126836	0.215577	0.215577	0.204515	0.31468	0.22846	0.30546	0.267397	0.267397	0.442609	0.382385	0.323656	0.281096	0.321993	0.39886	0.345043	0.43488	0.454183	0.418554	0.516086	0.537797	0.50912	0.483184	0.496317	0.606224	0.526721	0.483184	0.516441	0.558672	0.628526	0.65771	0.61357	0.625968	0.68173	0.676471	0.685136	0.710746	0.692405	0.655271	0.685136	0.701888	0.655271	0.661784	0.719991	0.718751	0.669038	0.641765
0	0	0	0	0	0	0	0	0	0	0	0	0	0	0.213871	0.213871	0	0	0	0	0	0.213871	0.213871	0	0	0	0	0	0	0	0	0	0.106936	0.213871	0.106936	0	0	0	0	0	0	0.106936	0.213871	0.106936	0	0	0	0	0	0	0	0.106936	0.213871	0.106936	0	0	0	0	0.213871	0.213871	0	0	0	0	0	0	0	0	0	0.106936	0.213871	0.106936	0	0	0	0	0	0	0	0	0.106936	0.213871	0.106936	0	0	0	0	0.213871	0.213871	0	0	0	0.213871	0.213871	0	0	0.106936	0.213871	0.106936	0	0	0.106936	0.213871	0.106936	0.106936	0.213871	0.106936	0	0	0.213871	0.213871	0	0	0.106936	0.213871	0.106936	0.106936	0.213871	0.213871	0.213871	0.106936	0	0	0	0	0	0	0	0	0.106936	0.213871	0.106936	0	0.213871	0.213871	0	0	0.213871	0.213871	0.213871	0.213871	0.213871	0.213871	0.106936	0.320804	0.320804	0.320804	0.213871	0.213871	0.427735	0.320804	0.320804	0.320804	0.320804	0.427735	0.427735	0.427735	0.427735	0.320804	0.427735	0.427735	0.320804	0.534664	0.427735	0.320804	0.320804	0.427735	0.534664	0.534664	0.534664	0.320804	0.427735	0.427735	0.320804	0.427735	0.427735	0.320804	0.320804	0.427735	0.320804	0.213871	0.427735	0.427735	0.213871	0.213871	0.320804	0.427735	0.213871	0.213871	0.320804	0.320804	0.320804	0.106936	0.213871	0.213871	0.106936	0.213871	0.213871	0.213871	0.106936	0.213871	0.320804	0.213871	0.106936	0.213871	0.320804	0.213871	0.213871	0.213871	0.106936	0.213871	0.213871	0.213871	0.320804	0.213871	0.320804	0.213871	0.213871	0.427735	0.320804	0.213871	0.106936	0.213871	0.320804	0.213871	0.320804	0.320804	0.213871	0.320804	0.320804	0.213871	0.106936	0.213871	0.427735	0.213871	0.106936	0.213871	0.213871	0.320804	0.320804	0.106936	0.213871	0.320804	0.213871	0.213871	0.213871	0.106936	0	0.213871	0.213871	0	0.106936	0.213871	0.106936	0	0
0	0	0	0	0	0	0	0	0	0	0	0	0	0	0.213831	0.213831	0	0	0	0	0	0.213831	0.213831	0	0	0	0	0	0	0	0	0	0.106916	0.213831	0.106916	0	0	0	0	0	0	0.106916	0.213831	0.106916	0	0	0	0	0	0	0	0.106916	0.213831	0.106916	0	0	0	0	0.213831	0.213831	0	0	0	0	0	0	0	0	0	0.106916	0.213831	0.106916	0	0	0	0	0	0	0	0	0.106916	0.213831	0.106916	0	0	0	0	0.213831	0.213831	0	0	0	0.213831	0.213831	0	0	0.106916	0.213831	0.106916	0	0	0.106916	0.213831	0.106916	0.106916	0.213831	0.106916	0	0	0.213831	0.213831	0	0	0.106916	0.213831	0.106916	0.106916	0.213831	0.213831	0.213831	0.106916	0	0	0	0	0	0	0	0	0.106916	0.213831	0.106916	0	0.213831	0.213831	0	0	0.213831	0.213831	0.213831	0.213831	0.213831	0.213831	0.106916	0.320744	0.320744	0.320744	0.213831	0.213831	0.427655	0.320744	0.320744	0.320744	0.320744	0.427655	0.427655	0.427655	0.427655	0.320744	0.427655	0.427655	0.320744	0.534564	0.427655	0.320744	0.320744	0.427655	0.534564	0.534564	0.534564	0.320744	0.427655	0.427655	0.320744	0.427655	0.427655	0.320744	0.320744	0.427655	0.320744	0.213831	0.427655	0.427655	0.213831	0.213831	0.320744	0.427655	0.213831	0.213831	0.320744	0.320744	0.320744	0.106916	0.213831	0.213831	0.106916	0.213831	0.213831	0.213831	0.106916	0.213831	0.320744	0.213831	0.106916	0.213831	0.320744	0.213831	0.213831	0.213831	0.106916	0.213831	0.213831	0.213831	0.320744	0.213831	0.320744	0.213831	0.213831	0.427655	0.320744	0.213831	0.106916	0.213831	0.320744	0.213831	0.320744	0.320744	0.213831	0.320744	0.320744	0.213831	0.106916	0.213831	0.427655	0.213831	0.106916	0.213831	0.213831	0.320744	0.320744	0.106916	0.213831	0.320744	0.213831	0.213831	0.213831	0.106916	0	0.213831	0.213831	0	0.106916	0.213831	0.106916	0	0
0	0	0	0	0	0	0	0	0	0	0	0	0	0	0.213789	0.213789	0	0	0	0	0	0.213789	0.213789	0	0	0	0	0	0	0	0	0	0.106895	0.213789	0.106895	0	0	0	0	0	0	0.106895	0.213789	0.106895	0	0	0	0	0	0	0	0.106895	0.213789	0.106895	0	0	0	0	0.213789	0.213789	0	0	0	0	0	0	0	0	0	0.106895	0.213789	0.106895	0	0	0	0	0	0	0	0	0.106895	0.213789	0.106895	0	0	0	0	0.213789	0.213789	0	0	0	0.213789	0.213789	0	0	0.106895	0.213789	0.106895	0	0	0.106895	0.213789	0.106895	0.106895	0.213789	0.106895	0	0	0.213789	0.213789	0	0	0.106895	0.213789	0.106895	0.106895	0.213789	0.213789	0.213789	0.106895	0	0	0	0	0	0	0	0	0.106895	0.213789	0.106895	0	0.213789	0.213789	0	0	0.213789	0.213789	0.213789	0.213789	0.213789	0.213789	0.106895	0.320682	0.320682	0.320682	0.213789	0.213789	0.427573	0.320682	0.320682	0.320682	0.320682	0.427573	0.427573	0.427573	0.427573	0.320682	0.427573	0.427573	0.320682	0.53446	0.427573	0.320682	0.320682	0.427573	0.53446	0.53446	0.53446	0.320682	0.427573	0.427573	0.320682	0.427573	0.427573	0.320682	0.320682	0.427573	0.320682	0.213789	0.427573	0.427573	0.213789	0.213789	0.320682	0.427573	0.213789	0.213789	0.320682	0.320682	0.320682	0.106895	0.213789	0.213789	0.106895	0.213789	0.213789	0.213789	0.106895	0.213789	0.320682	0.213789	0.106895	0.213789	0.320682	0.213789	0.213789	0.213789	0.106895	0.213789	0.213789	0.213789	0.320682	0.213789	0.320682	0.213789	0.213789	0.427573	0.320682	0.213789	0.106895	0.213789	0.320682	0.213789	0.320682	0.320682	0.213789	0.320682	0.320682	0.213789	0.106895	0.213789	0.427573	0.213789	0.106895	0.213789	0.213789	0.320682	0.320682	0.106895	0.213789	0.320682	0.213789	0.213789	0.213789	0.106895	0	0.213789	0.213789	0	0.106895	0.213789	0.106895	0	0
0	0	0	0	0	0	0	0	0	0	0	0	0	0	0.213749	0.213749	0	0	0	0	0	0.213749	0.213749	0	0	0	0	0	0	0	0	0	0.106875	0.213749	0.106875	0	0	0	0	0	0	0.106875	0.213749	0.106875	0	0	0	0	0	0	0	0.106875	0.213749	0.106875	0	0	0	0	0.213749	0.213749	0	0	0	0	0	0	0	0	0	0.106875	0.213749	0.106875	0	0	0	0	0	0	0	0	0.106875	0.213749	0.106875	0	0	0	0	0.213749	0.213749	0	0	0	0.213749	0.213749	0	0	0.106875	0.213749	0.106875	0	0	0.106875	0.213749	0.106875	0.106875	0.213749	0.106875	0	0	0.213749	0.213749	0	0	0.106875	0.213749	0.106875	0.106875	0.213749	0.213749	0.213749	0.106875	0	0	0	0	0	0	0	0	0.106875	0.213749	0.106875	0	0.213749	0.213749	0	0	0.213749	0.213749	0.213749	0.213749	0.213749	0.213749	0.106875	0.320622	0.320622	0.320622	0.213749	0.213749	0.427493	0.320622	0.320622	0.320622	0.320622	0.427493	0.427493	0.427493	0.427493	0.320622	0.427493	0.427493	0.320622	0.53436	0.427493	0.320622	0.320622	0.427493	0.53436	0.53436	0.53436	0.320622	0.427493	0.427493	0.320622	0.427493	0.427493	0.320622	0.320622	0.427493	0.320622	0.213749	0.427493	0.427493	0.213749	0.213749	0.320622	0.427493	0.213749	0.213749	0.320622	0.320622	0.320622	0.106875	0.213749	0.213749	0.106875	0.213749	0.213749	0.213749	0.106875	0.213749	0.320622	0.213749	0.106875	0.213749	0.320622	0.213749	0.213749	0.213749	0.106875	0.213749	0.213749	0.213749	0.320622	0.213749	0.320622	0.213749	0.213749	0.427493	0.320622	0.213749	0.106875	0.213749	0.320622	0.213749	0.320622	0.320622	0.213749	0.320622	0.320622	0.213749	0.106875	0.213749	0.427493	0.213749	0.106875	0.213749	0.213749	0.320622	0.320622	0.106875	0.213749	0.320622	0.213749	0.213749	0.213749	0.106875	0	0.213749	0.213749	0	0.106875	0.213749	0.106875	0	0
0	0	0	0	0	0	0	0	0	0	0	0	0	0	0.213708	0.213708	0	0	0	0	0	0.213708	0.213708	0	0	0	0	0	0	0	0	0	0.106854	0.213708	0.106854	0	0	0	0	0	0	0.106854	0.213708	0.106854	0	0	0	0	0	0	0	0.106854	0.213708	0.106854	0	0	0	0	0.213708	0.213708	0	0	0	0	0	0	0	0	0	0.106854	0.213708	0.106854	0	0	0	0	0	0	0	0	0.106854	0.213708	0.106854	0	0	0	0	0.213708	0.213708	0	0	0	0.213708	0.213708	0	0	0.106854	0.213708	0.106854	0	0	0.106854	0.213708	0.106854	0.106854	0.213708	0.106854	0	0	0.213708	0.213708	0	0	0.106854	0.213708	0.106854	0.106854	0.213708	0.213708	0.213708	0.106854	0	0	0	0	0	0	0	0	0.106854	0.213708	0.106854	0	0.213708	0.213708	0	0	0.213708	0.213708	0.213708	0.213708	0.213708	0.213708	0.106854	0.32056	0.32056	0.32056	0.213708	0.213708	0.42741	0.32056	0.32056	0.32056	0.32056	0.42741	0.42741	0.42741	0.42741	0.32056	0.42741	0.42741	0.32056	0.534257	0.42741	0.32056	0.32056	0.42741	0.534257	0.534257	0.534257	0.32056	0.42741	0.42741	0.32056	0.42741	0.42741	0.32056	0.32056	0.42741	0.32056	0.213708	0.42741	0.42741	0.213708	0.213708	0.32056	0.42741	0.213708	0.213708	0.32056	0.32056	0.32056	0.106854	0.213708	0.213708	0.106854	0.213708	0.213708	0.213708	0.106854	0.213708	0.32056	0.213708	0.106854	0.213708	0.32056	0.213708	0.213708	0.213708	0.106854	0.213708	0.213708	0.213708	0.32056	0.213708	0.32056	0.213708	0.213708	0.42741	0.32056	0.213708	0.106854	0.213708	0.32056	0.213708	0.32056	0.32056	0.213708	0.32056	0.32056	0.213708	0.106854	0.213708	0.42741	0.213708	0.106854	0.213708	0.213708	0.32056	0.32056	0.106854	0.213708	0.32056	0.213708	0.213708	0.213708	0.106854	0	0.213708	0.213708	0	0.106854	0.213708	0.106854	0	0
0	0	0	0	0	0	0	0	0	0	0	0	0	0	0.213668	0.213668	0	0	0	0	0	0.213668	0.213668	0	0	0	0	0	0	0	0	0	0.106834	0.213668	0.106834	0	0	0	0	0	0	0.106834	0.213668	0.106834	0	0	0	0	0	0	0	0.106834	0.213668	0.106834	0	0	0	0	0.213668	0.213668	0	0	0	0	0	0	0	0	0	0.106834	0.213668	0.106834	0	0	0	0	0	0	0	0	0.106834	0.213668	0.106834	0	0	0	0	0.213668	0.213668	0	0	0	0.213668	0.213668	0	0	0.106834	0.213668	0.106834	0	0	0.106834	0.213668	0.106834	0.106834	0.213668	0.106834	0	0	0.213668	0.213668	0	0	0.106834	0.213668	0.106834	0.106834	0.213668	0.213668	0.213668	0.106834	0	0	0	0	0	0	0	0	0.106834	0.213668	0.106834	0	0.213668	0.213668	0	0	0.213668	0.213668	0.213668	0.213668	0.213668	0.213668	0.106834	0.3205	0.3205	0.3205	0.213668	0.213668	0.42733	0.3205	0.3205	0.3205	0.3205	0.42733	0.42733	0.42733	0.42733	0.3205	0.42733	0.42733	0.3205	0.534157	0.42733	0.3205	0.3205	0.42733	0.534157	0.534157	0.534157	0.3205	0.42733	0.42733	0.3205	0.42733	0.42733	0.3205	0.3205	0.42733	0.3205	0.213668	0.42733	0.42733	0.213668	0.213668	0.3205	0.42733	0.213668	0.213668	0.3205	0.3205	0.3205	0.106834	0.213668	0.213668	0.106834	0.213668	0.213668	0.213668	0.106834	0.213668	0.3205	0.213668	0.106834	0.213668	0.3205	0.213668	0.213668	0.213668	0.106834	0.213668	0.213668	0.213668	0.3205	0.213668	0.3205	0.213668	0.213668	0.42733	0.3205	0.213668	0.106834	0.213668	0.3205	0.213668	0.3205	0.3205	0.213668	0.3205	0.3205	0.213668	0.106834	0.213668	0.42733	0.213668	0.106834	0.213668	0.213668	0.3205	0.3205	0.106834	0.213668	0.3205	0.213668	0.213668	0.213668	0.106834	0	0.213668	0.213668	0	0.106834	0.213668	0.106834	0	0
0.106822	0.106822	0.106822	0.106822	0.106822	0.106822	0.120915	0.162443	0.200736	0.213644	0.213644	0.213644	0.213644	0.213644	0.26436	0.26704	0.188836	0.213644	0.213644	0.213644	0.213644	0.302125	0.302125	0.213644	0.213644	0.213644	0.213644	0.241828	0.294971	0.320464	0.294971	0.241828	0.245484	0.325972	0.321018	0.320464	0.320464	0.320464	0.320464	0.320464	0.320464	0.346653	0.417995	0.42435	0.414146	0.374826	0.334084	0.320464	0.320464	0.307402	0.268386	0.263015	0.325972	0.321018	0.320464	0.320464	0.294971	0.241828	0.304479	0.348186	0.320464	0.294971	0.241828	0.213644	0.213644	0.213644	0.200736	0.162443	0.120915	0.152241	0.246201	0.215302	0.162443	0.120915	0.106822	0.106822	0.106822	0.106822	0.106822	0.106822	0.151063	0.238845	0.151063	0.106822	0.106822	0.0844499	0.0377659	0.188822	0.203369	0.106822	0.106822	0.106822	0.229717	0.26436	0.200736	0.162443	0.170994	0.246201	0.221024	0.188836	0.136172	0.152241	0.246201	0.221024	0.245484	0.325972	0.321018	0.320464	0.320464	0.394291	0.442042	0.427282	0.401467	0.380019	0.417995	0.42435	0.450437	0.515752	0.565859	0.608075	0.58659	0.547612	0.534097	0.534097	0.534097	0.534097	0.534097	0.534097	0.534097	0.544672	0.575231	0.544672	0.547612	0.600106	0.582928	0.534097	0.534097	0.540727	0.526018	0.526018	0.490959	0.477706	0.477706	0.44043	0.515397	0.475455	0.453576	0.385139	0.385139	0.534069	0.472063	0.472442	0.453576	0.453182	0.534069	0.534069	0.496715	0.467119	0.385127	0.477683	0.477683	0.385127	0.575197	0.513647	0.435936	0.434709	0.537063	0.622815	0.586252	0.561398	0.422222	0.503838	0.503838	0.435936	0.481404	0.472053	0.403659	0.400557	0.472053	0.385127	0.321007	0.490208	0.490208	0.340415	0.360757	0.415845	0.467119	0.339889	0.360757	0.415845	0.398327	0.381874	0.25684	0.321563	0.302716	0.25684	0.321563	0.321563	0.340415	0.305069	0.344582	0.398327	0.321563	0.245484	0.302125	0.36663	0.283869	0.302713	0.321007	0.298571	0.381883	0.403671	0.407628	0.472442	0.426019	0.473575	0.426019	0.448843	0.585654	0.531739	0.495655	0.498887	0.585672	0.664117	0.642291	0.67477	0.651107	0.617384	0.669198	0.687332	0.667337	0.680829	0.726428	0.815214	0.760005	0.770492	0.819806	0.829104	0.862811	0.845491	0.796877	0.829104	0.828239	0.777627	0.777627	0.777627	0.755305	0.747716	0.777627	0.777627	0.747716	0.770492	0.803334	0.781746	0.801562	0.841273
0.213603	0.213603	0.213603	0.213603	0.213603	0.213603	0.246164	0.33773	0.404044	0.4272	0.4272	0.4272	0.4272	0.4272	0.388756	0.385064	0.388756	0.4272	0.4272	0.4272	0.4272	0.477614	0.477614	0.4272	0.4272	0.4272	0.4272	0.492318	0.597017	0.640784	0.597017	0.492318	0.457028	0.544567	0.616404	0.640784	0.640784	0.640784	0.640784	0.640784	0.640784	0.669613	0.755158	0.829377	0.829377	0.755158	0.669613	0.640784	0.640784	0.616404	0.544567	0.492318	0.544567	0.616404	0.640784	0.640784	0.597017	0.492318	0.492318	0.597017	0.640784	0.597017	0.492318	0.4272	0.4272	0.4272	0.404044	0.33773	0.246164	0.246164	0.33773	0.388756	0.33773	0.246164	0.213603	0.213603	0.213603	0.213603	0.213603	0.213603	0.238811	0.302066	0.238811	0.213603	0.213603	0.192534	0.1194	0.1194	0.192534	0.213603	0.213603	0.213603	0.287567	0.388756	0.404044	0.33773	0.287567	0.33773	0.404044	0.388756	0.287567	0.246164	0.33773	0.404044	0.457028	0.544567	0.616404	0.640784	0.640784	0.702343	0.808048	0.854352	0.808048	0.738455	0.755158	0.829377	0.882662	0.967039	1.07322	1.15908	1.15908	1.09589	1.06789	1.06789	1.06789	1.06789	1.06789	1.06789	1.06789	1.07322	1.08903	1.07322	1.09589	1.14143	1.10624	1.06789	1.06789	1.02011	0.984564	0.984564	0.913998	0.880637	0.880637	0.860998	0.869641	0.777477	0.718886	0.675437	0.675437	0.770093	0.764991	0.764529	0.718886	0.7164	0.770093	0.770093	0.669069	0.577585	0.533978	0.604115	0.604115	0.533978	0.683799	0.718366	0.673841	0.669069	0.779746	0.834062	0.726272	0.642982	0.642982	0.683811	0.683811	0.673841	0.622718	0.587977	0.587977	0.577585	0.587977	0.533978	0.52659	0.642982	0.642982	0.573254	0.621003	0.621003	0.577585	0.577585	0.621003	0.621003	0.573254	0.52659	0.481334	0.525916	0.481334	0.481334	0.525916	0.525916	0.573254	0.583123	0.583123	0.573254	0.525916	0.457028	0.477614	0.481326	0.430515	0.481326	0.52659	0.57512	0.669605	0.718886	0.726287	0.764529	0.768716	0.768716	0.768716	0.818993	0.907723	0.90812	0.920597	0.984564	1.1149	1.20725	1.23064	1.23064	1.17859	1.17859	1.21754	1.25811	1.28279	1.35175	1.40448	1.45234	1.47666	1.52997	1.59738	1.61577	1.63331	1.59738	1.58305	1.61577	1.5629	1.51005	1.51005	1.51005	1.49869	1.49489	1.51005	1.51005	1.49489	1.52997	1.5629	1.55193	1.60516	1.68249
0.106782	0.106782	0.106782	0.106782	0.106782	0.106782	0.152183	0.246107	0.22094	0.213563	0.213563	0.213563	0.213563	0.213563	0.188765	0.266939	0.264259	0.213563	0.213563	0.213563	0.213563	0.30201	0.30201	0.213563	0.213563	0.213563	0.213563	0.304363	0.348054	0.320343	0.348054	0.304363	0.227303	0.268284	0.307285	0.320343	0.320343	0.320343	0.320343	0.320343	0.320343	0.333957	0.374684	0.413988	0.424189	0.417836	0.346521	0.320343	0.320343	0.320896	0.325848	0.262915	0.268284	0.307285	0.320343	0.320343	0.348054	0.304363	0.241736	0.294859	0.320343	0.348054	0.304363	0.213563	0.213563	0.213563	0.22094	0.246107	0.152183	0.120869	0.162382	0.215221	0.246107	0.152183	0.106782	0.106782	0.106782	0.106782	0.106782	0.106782	0.151006	0.238755	0.151006	0.106782	0.106782	0.203292	0.18875	0.0377516	0.0844178	0.106782	0.106782	0.106782	0.13612	0.188765	0.22094	0.246107	0.170929	0.162382	0.20066	0.264259	0.22963	0.120869	0.162382	0.20066	0.227303	0.268284	0.307285	0.320343	0.320343	0.348062	0.401314	0.42712	0.441874	0.412255	0.374684	0.413988	0.440669	0.481248	0.534561	0.586367	0.607844	0.555158	0.533894	0.533894	0.533894	0.533894	0.533894	0.533894	0.533894	0.544465	0.575013	0.544465	0.555158	0.599878	0.560267	0.533894	0.533894	0.507903	0.525818	0.525818	0.454598	0.477525	0.477525	0.440262	0.471894	0.396847	0.403518	0.384992	0.384992	0.533866	0.531527	0.472263	0.403518	0.453009	0.533866	0.533866	0.379396	0.33976	0.38498	0.477501	0.477501	0.38498	0.574978	0.659254	0.499743	0.434543	0.604286	0.622578	0.454577	0.422062	0.561185	0.503647	0.503647	0.499743	0.359133	0.403505	0.471874	0.400405	0.403505	0.38498	0.381729	0.490022	0.490022	0.398176	0.415687	0.36062	0.33976	0.466942	0.415687	0.36062	0.340286	0.320885	0.302601	0.321441	0.256743	0.302601	0.321441	0.321441	0.398176	0.344451	0.304953	0.340286	0.321441	0.227303	0.30201	0.302598	0.283761	0.36649	0.381729	0.396833	0.434135	0.453404	0.407473	0.472263	0.473395	0.425857	0.473395	0.494019	0.585432	0.585129	0.536875	0.563111	0.667337	0.707501	0.674514	0.642047	0.617149	0.650859	0.668944	0.72932	0.698387	0.729085	0.726152	0.814905	0.824468	0.786671	0.84517	0.828789	0.862483	0.819495	0.812511	0.828789	0.78554	0.777332	0.777332	0.777332	0.755017	0.747431	0.777332	0.777332	0.747431	0.786671	0.803029	0.781449	0.822317	0.84602
0	0	0	0	0	0	0.106752	0.213504	0.106752	0	0	0	0	0	0	0.213504	0.213504	0	0	0	0	0.213504	0.213504	0	0	0	0	0.213504	0.213504	0	0.213504	0.213504	0	0	0	0	0	0	0	0	0	0	0	0	0.106752	0.213504	0.106752	0	0	0.106752	0.213504	0.106752	0	0	0	0	0.213504	0.213504	0	0	0	0.213504	0.213504	0	0	0	0.106752	0.213504	0.106752	0	0	0.106752	0.213504	0.106752	0	0	0	0	0	0	0.106752	0.213504	0.106752	0	0	0.213504	0.213504	0	0	0	0	0	0	0	0.106752	0.213504	0.106752	0	0	0.213504	0.213504	0	0	0	0	0	0	0	0	0	0	0	0.213504	0.213504	0	0	0	0	0	0.106752	0.213504	0.106752	0	0	0	0	0	0	0	0.106752	0.213504	0.106752	0.106752	0.213504	0.106752	0	0	0	0.213504	0.213504	0	0.213504	0.213504	0.106752	0.213504	0.106752	0.213504	0.213504	0.213504	0.427002	0.427002	0.320254	0.213504	0.320254	0.427002	0.427002	0.213504	0.213504	0.320254	0.427002	0.427002	0.320254	0.533747	0.640488	0.427002	0.320254	0.533747	0.533747	0.320254	0.320254	0.533747	0.427002	0.427002	0.427002	0.213504	0.320254	0.427002	0.320254	0.320254	0.320254	0.320254	0.427002	0.427002	0.320254	0.320254	0.213504	0.213504	0.427002	0.320254	0.213504	0.213504	0.213504	0.213504	0.213504	0.106752	0.213504	0.213504	0.213504	0.320254	0.213504	0.106752	0.213504	0.213504	0	0.213504	0.213504	0.213504	0.320254	0.320254	0.320254	0.320254	0.320254	0.213504	0.320254	0.320254	0.213504	0.320254	0.320254	0.427002	0.427002	0.320254	0.320254	0.427002	0.427002	0.320254	0.213504	0.213504	0.320254	0.320254	0.427002	0.320254	0.320254	0.213504	0.427002	0.427002	0.213504	0.320254	0.213504	0.320254	0.213504	0.213504	0.213504	0.106752	0.213504	0.213504	0.213504	0.106752	0	0.213504	0.213504	0	0.213504	0.213504	0.106752	0.213504	0.106752
0	0	0	0	0	0	0.106732	0.213464	0.106732	0	0	0	0	0	0	0.213464	0.213464	0	0	0	0	0.213464	0.213464	0	0	0	0	0.213464	0.213464	0	0.213464	0.213464	0	0	0	0	0	0	0	0	0	0	0	0	0.106732	0.213464	0.106732	0	0	0.106732	0.213464	0.106732	0	0	0	0	0.213464	0.213464	0	0	0	0.213464	0.213464	0	0	0	0.106732	0.213464	0.106732	0	0	0.106732	0.213464	0.106732	0	0	0	0	0	0	0.106732	0.213464	0.106732	0	0	0.213464	0.213464	0	0	0	0	0	0	0	0.106732	0.213464	0.106732	0	0	0.213464	0.213464	0	0	0	0	0	0	0	0	0	0	0	0.213464	0.213464	0	0	0	0	0	0.106732	0.213464	0.106732	0	0	0	0	0	0	0	0.106732	0.213464	0.106732	0.106732	0.213464	0.106732	0	0	0	0.213464	0.213464	0	0.213464	0.213464	0.106732	0.213464	0.106732	0.213464	0.213464	0.213464	0.426923	0.426923	0.320195	0.213464	0.320195	0.426923	0.426923	0.213464	0.213464	0.320195	0.426923	0.426923	0.320195	0.533648	0.640369	0.426923	0.320195	0.533648	0.533648	0.320195	0.320195	0.533648	0.426923	0.426923	0.426923	0.213464	0.320195	0.426923	0.320195	0.320195	0.320195	0.320195	0.426923	0.426923	0.320195	0.320195	0.213464	0.213464	0.426923	0.320195	0.213464	0.213464	0.213464	0.213464	0.213464	0.106732	0.213464	0.213464	0.213464	0.320195	0.213464	0.106732	0.213464	0.213464	0	0.213464	0.213464	0.213464	0.320195	0.320195	0.320195	0.320195	0.320195	0.213464	0.320195	0.320195	0.213464	0.320195	0.320195	0.426923	0.426923	0.320195	0.320195	0.426923	0.426923	0.320195	0.213464	0.213464	0.320195	0.320195	0.426923	0.320195	0.320195	0.213464	0.426923	0.426923	0.213464	0.320195	0.213464	0.320195	0.213464	0.213464	0.213464	0.106732	0.213464	0.213464	0.213464	0.106732	0	0.213464	0.213464	0	0.213464	0.213464	0.106732	0.213464	0.106732
0	0	0	0	0	0	0.106712	0.213423	0.106712	0	0	0	0	0	0	0.213423	0.213423	0	0	0	0	0.213423	0.213423	0	0	0	0	0.213423	0.213423	0	0.213423	0.213423	0	0	0	0	0	0	0	0	0	0	0	0	0.106712	0.213423	0.106712	0	0	0.106712	0.213423	0.106712	0	0	0	0	0.213423	0.213423	0	0	0	0.213423	0.213423	0	0	0	0.106712	0.213423	0.106712	0	0	0.106712	0.213423	0.106712	0	0	0	0	0	0	0.106712	0.213423	0.106712	0	0	0.213423	0.213423	0	0	0	0	0	0	0	0.106712	0.213423	0.106712	0	0	0.213423	0.213423	0	0	0	0	0	0	0	0	0	0	0	0.213423	0.213423	0	0	0	0	0	0.106712	0.213423	0.106712	0	0	0	0	0	0	0	0.106712	0.213423	0.106712	0.106712	0.213423	0.106712	0	0	0	0.213423	0.213423	0	0.213423	0.213423	0.106712	0.213423	0.106712	0.213423	0.213423	0.213423	0.42684	0.42684	0.320133	0.213423	0.320133	0.42684	0.42684	0.213423	0.213423	0.320133	0.42684	0.42684	0.320133	0.533544	0.640245	0.42684	0.320133	0.533544	0.533544	0.320133	0.320133	0.533544	0.42684	0.42684	0.42684	0.213423	0.320133	0.42684	0.320133	0.320133	0.320133	0.320133	0.42684	0.42684	0.320133	0.320133	0.213423	0.213423	0.42684	0.320133	0.213423	0.213423	0.213423	0.213423	0.213423	0.106712	0.213423	0.213423	0.213423	0.320133	0.213423	0.106712	0.213423	0.213423	0	0.213423	0.213423	0.213423	0.320133	0.320133	0.320133	0.320133	0.320133	0.213423	0.320133	0.320133	0.213423	0.320133	0.320133	0.42684	0.42684	0.320133	0.320133	0.42684	0.42684	0.320133	0.213423	0.213423	0.320133	0.320133	0.42684	0.320133	0.320133	0.213423	0.42684	0.42684	0.213423	0.320133	0.213423	0.320133	0.213423	0.213423	0.213423	0.106712	0.213423	0.213423	0.213423	0.106712	0	0.213423	0.213423	0	0.213423	0.213423	0.106712	0.213423	0.106712
0	0	0	0	0	0	0.106692	0.213383	0.106692	0	0	0	0	0	0	0.213383	0.213383	0	0	0	0	0.213383	0.213383	0	0	0	0	0.213383	0.213383	0	0.213383	0.213383	0	0	0	0	0	0	0	0	0	0	0	0	0.106692	0.213383	0.106692	0	0	0.106692	0.213383	0.106692	0	0	0	0	0.213383	0.213383	0	0	0	0.213383	0.213383	0	0	0	0.106692	0.213383	0.106692	0	0	0.106692	0.213383	0.106692	0	0	0	0	0	0	0.106692	0.213383	0.106692	0	0	0.213383	0.213383	0	0	0	0	0	0	0	0.106692	0.213383	0.106692	0	0	0.213383	0.213383	0	0	0	0	0	0	0	0	0	0	0	0.213383	0.213383	0	0	0	0	0	0.106692	0.213383	0.106692	0	0	0	0	0	0	0	0.106692	0.213383	0.106692	0.106692	0.213383	0.106692	0	0	0	0.213383	0.213383	0	0.213383	0.213383	0.106692	0.213383	0.106692	0.213383	0.213383	0.213383	0.42676	0.42676	0.320073	0.213383	0.320073	0.42676	0.42676	0.213383	0.213383	0.320073	0.42676	0.42676	0.320073	0.533445	0.640126	0.42676	0.320073	0.533445	0.533445	0.320073	0.320073	0.533445	0.42676	0.42676	0.42676	0.213383	0.320073	0.42676	0.320073	0.320073	0.320073	0.320073	0.42676	0.42676	0.320073	0.320073	0.213383	0.213383	0.42676	0.320073	0.213383	0.213383	0.213383	0.213383	0.213383	0.106692	0.213383	0.213383	0.213383	0.320073	0.213383	0.106692	0.213383	0.213383	0	0.213383	0.213383	0.213383	0.320073	0.320073	0.320073	0.320073	0.320073	0.213383	0.320073	0.320073	0.213383	0.320073	0.320073	0.42676	0.42676	0.320073	0.320073	0.42676	0.42676	0.320073	0.213383	0.213383	0.320073	0.320073	0.42676	0.320073	0.320073	0.213383	0.42676	0.42676	0.213383	0.320073	0.213383	0.320073	0.213383	0.213383	0.213383	0.106692	0.213383	0.213383	0.213383	0.106692	0	0.213383	0.213383	0	0.213383	0.213383	0.106692	0.213383	0.106692
0	0	0	0	0	0	0.106671	0.213342	0.106671	0	0	0	0	0	0	0.213342	0.213342	0	0	0	0	0.213342	0.213342	0	0	0	0	0.213342	0.213342	0	0.213342	0.213342	0	0	0	0	0	0	0	0	0	0	0	0	0.106671	0.213342	0.106671	0	0	0.106671	0.213342	0.106671	0	0	0	0	0.213342	0.213342	0	0	0	0.213342	0.213342	0	0	0	0.106671	0.213342	0.106671	0	0	0.106671	0.213342	0.106671	0	0	0	0	0	0	0.106671	0.213342	0.106671	0	0	0.213342	0.213342	0	0	0	0	0	0	0	0.106671	0.213342	0.106671	0	0	0.213342	0.213342	0	0	0	0	0	0	0	0	0	0	0	0.213342	0.213342	0	0	0	0	0	0.106671	0.213342	0.106671	0	0	0	0	0	0	0	0.106671	0.213342	0.106671	0.106671	0.213342	0.106671	0	0	0	0.213342	0.213342	0	0.213342	0.213342	0.106671	0.213342	0.106671	0.213342	0.213342	0.213342	0.426678	0.426678	0.320011	0.213342	0.320011	0.426678	0.426678	0.213342	0.213342	0.320011	0.426678	0.426678	0.320011	0.533342	0.640002	0.426678	0.320011	0.533342	0.533342	0.320011	0.320011	0.533342	0.426678	0.426678	0.426678	0.213342	0.320011	0.426678	0.320011	0.320011	0.320011	0.320011	0.426678	0.426678	0.320011	0.320011	0.213342	0.213342	0.426678	0.320011	0.213342	0.213342	0.213342	0.213342	0.213342	0.106671	0.213342	0.213342	0.213342	0.320011	0.213342	0.106671	0.213342	0.213342	0	0.213342	0.213342	0.213342	0.320011	0.320011	0.320011	0.320011	0.320011	0.213342	0.320011	0.320011	0.213342	0.320011	0.320011	0.426678	0.426678	0.320011	0.320011	0.426678	0.426678	0.320011	0.213342	0.213342	0.320011	0.320011	0.426678	0.320011	0.320011	0.213342	0.426678	0.426678	0.213342	0.320011	0.213342	0.320011	0.213342	0.213342	0.213342	0.106671	0.213342	0.213342	0.213342	0.106671	0	0.213342	0.213342	0	0.213342	0.213342	0.106671	0.213342	0.106671
0.0377083	0.084321	0.106659	0.106659	0.106659	0.106659	0.150833	0.238481	0.150833	0.106659	0.106659	0.106659	0.106659	0.106659	0.135964	0.266633	0.229366	0.106659	0.106659	0.106659	0.135964	0.266633	0.229366	0.106659	0.12073	0.162195	0.20043	0.263956	0.229366	0.106659	0.226249	0.310953	0.319975	0.319975	0.319975	0.319975	0.319975	0.319975	0.319975	0.319975	0.319975	0.319975	0.319975	0.319975	0.346124	0.417357	0.423702	0.400854	0.347663	0.346124	0.417357	0.423702	0.42663	0.42663	0.42663	0.400854	0.429941	0.441367	0.42663	0.42663	0.42663	0.476977	0.476977	0.42663	0.42663	0.42663	0.439758	0.476977	0.439758	0.42663	0.42663	0.449749	0.507664	0.481802	0.440164	0.42663	0.42663	0.42663	0.413513	0.374254	0.362674	0.417357	0.423702	0.42663	0.42663	0.49021	0.539901	0.50732	0.454077	0.42663	0.42663	0.42663	0.42663	0.42663	0.449749	0.514965	0.528258	0.533282	0.533282	0.590226	0.641036	0.63993	0.63993	0.63993	0.63993	0.63993	0.63993	0.667125	0.720407	0.746574	0.746574	0.746574	0.785769	0.802108	0.760021	0.746574	0.746574	0.746574	0.746574	0.765612	0.821374	0.84505	0.853213	0.826984	0.773694	0.746574	0.746574	0.746574	0.746574	0.765612	0.821374	0.84505	0.84505	0.821374	0.795661	0.826984	0.853213	0.853213	0.847358	0.795435	0.746574	0.776441	0.776441	0.754152	0.776441	0.769316	0.802108	0.818555	0.827838	0.870517	0.823522	0.728249	0.674537	0.715445	0.750591	0.709952	0.616441	0.658538	0.715445	0.769067	0.769067	0.715445	0.832951	0.867224	0.706689	0.644897	0.754359	0.754122	0.621889	0.621889	0.735271	0.66229	0.681074	0.6829	0.574353	0.640194	0.703916	0.626729	0.621889	0.621889	0.621889	0.6829	0.664167	0.580808	0.558341	0.518745	0.560571	0.645441	0.558341	0.500967	0.483271	0.494898	0.518745	0.507664	0.481802	0.542854	0.549687	0.532275	0.539894	0.476977	0.472489	0.525215	0.525215	0.50732	0.591728	0.633784	0.666319	0.697586	0.65583	0.626729	0.640194	0.663103	0.641311	0.709708	0.715445	0.708461	0.76351	0.76351	0.81397	0.81397	0.798993	0.81223	0.859835	0.859835	0.81223	0.809605	0.844205	0.886301	0.92091	0.977804	0.936221	0.936221	0.921495	1.00186	1.00186	0.947357	0.9696	0.931278	0.944347	0.905349	0.905349	0.921495	0.927648	0.941337	0.931278	0.931278	0.927648	0.946611	0.983252	0.983252	0.959846	0.983252	0.983252	0.96575	0.983252	0.96575
0.119219	0.192242	0.213278	0.213278	0.213278	0.213278	0.238448	0.301607	0.238448	0.213278	0.213278	0.213278	0.213278	0.213278	0.28713	0.384479	0.28713	0.213278	0.213278	0.213278	0.28713	0.384479	0.28713	0.213278	0.24579	0.337218	0.40343	0.388166	0.28713	0.213278	0.319916	0.533183	0.639811	0.639811	0.639811	0.639811	0.639811	0.639811	0.639811	0.639811	0.639811	0.639811	0.639811	0.639811	0.668597	0.754011	0.828118	0.806821	0.701276	0.668597	0.754011	0.828118	0.853054	0.853054	0.853054	0.806821	0.776296	0.806821	0.853054	0.853054	0.853054	0.8793	0.8793	0.853054	0.853054	0.853054	0.859691	0.8793	0.859691	0.853054	0.853054	0.881322	0.94662	0.94662	0.881322	0.853054	0.853054	0.853054	0.828118	0.754011	0.701276	0.754011	0.828118	0.853054	0.853054	0.91261	1.01857	1.01857	0.91261	0.853054	0.853054	0.853054	0.853054	0.853054	0.881322	0.965571	1.04099	1.06627	1.06627	1.12464	1.23079	1.27946	1.27946	1.27946	1.27946	1.27946	1.27946	1.33701	1.44327	1.49262	1.49262	1.49262	1.52765	1.56053	1.52019	1.49262	1.49262	1.49262	1.49262	1.52019	1.60273	1.67994	1.70573	1.65589	1.54957	1.49262	1.49262	1.49262	1.49262	1.52019	1.60273	1.67994	1.67994	1.60273	1.58065	1.65589	1.70573	1.70573	1.65589	1.54957	1.49262	1.50776	1.50776	1.49642	1.50776	1.52765	1.56053	1.59495	1.61332	1.57862	1.47442	1.3497	1.2971	1.31882	1.30719	1.21569	1.1768	1.26718	1.31882	1.34864	1.34864	1.31882	1.38603	1.33699	1.20542	1.16436	1.19357	1.19208	1.1132	1.1132	1.14497	1.09907	1.14497	1.14838	1.08738	1.15486	1.19803	1.12495	1.1132	1.1132	1.1132	1.14838	1.10455	1.02169	0.970337	0.970337	1.06226	1.06226	0.970337	0.931105	0.894126	0.919199	0.970337	0.94662	0.94662	1.02169	1.03517	0.999199	0.931105	0.8793	0.931105	0.983069	0.983069	1.01857	1.12495	1.21569	1.28085	1.28085	1.19209	1.12495	1.15486	1.20542	1.22877	1.30719	1.31882	1.37058	1.42245	1.42245	1.45014	1.45014	1.50115	1.52648	1.55231	1.55231	1.52648	1.57862	1.6475	1.6831	1.75819	1.80991	1.78782	1.78782	1.8054	1.86172	1.86172	1.8581	1.8581	1.82476	1.8054	1.77187	1.77187	1.8054	1.84584	1.84584	1.82476	1.82476	1.84584	1.89292	1.93059	1.93059	1.9188	1.93059	1.93059	1.92175	1.93059	1.92175
0.188462	0.202982	0.106619	0.106619	0.106619	0.106619	0.150776	0.23839	0.150776	0.106619	0.106619	0.106619	0.106619	0.106619	0.229279	0.266532	0.135912	0.106619	0.106619	0.106619	0.229279	0.266532	0.135912	0.106619	0.15195	0.245732	0.220603	0.188477	0.135912	0.106619	0.226163	0.310835	0.319854	0.319854	0.319854	0.319854	0.319854	0.319854	0.319854	0.319854	0.319854	0.319854	0.319854	0.319854	0.333447	0.374112	0.413356	0.4412	0.393539	0.333447	0.374112	0.413356	0.426468	0.426468	0.426468	0.4412	0.429778	0.400702	0.426468	0.426468	0.426468	0.476796	0.476796	0.426468	0.426468	0.426468	0.439591	0.476796	0.439591	0.426468	0.426468	0.439997	0.481619	0.507472	0.449578	0.426468	0.426468	0.426468	0.423541	0.417199	0.362536	0.374112	0.413356	0.426468	0.426468	0.453904	0.507128	0.539696	0.490024	0.426468	0.426468	0.426468	0.426468	0.426468	0.439997	0.480514	0.519924	0.53308	0.53308	0.560366	0.613615	0.639688	0.639688	0.639688	0.639688	0.639688	0.639688	0.69196	0.743426	0.746291	0.746291	0.746291	0.769024	0.801804	0.765321	0.746291	0.746291	0.746291	0.746291	0.759733	0.800035	0.83967	0.852889	0.847036	0.795133	0.746291	0.746291	0.746291	0.746291	0.759733	0.800035	0.83967	0.83967	0.800035	0.811271	0.847036	0.852889	0.852889	0.82667	0.7734	0.746291	0.776146	0.776146	0.753866	0.776146	0.785471	0.801804	0.84388	0.827524	0.809297	0.758557	0.679532	0.674281	0.715173	0.709438	0.633543	0.649866	0.731857	0.715173	0.768775	0.768775	0.715173	0.832635	0.762278	0.662851	0.644652	0.701373	0.753836	0.621652	0.621652	0.680816	0.662038	0.734992	0.682641	0.574135	0.684979	0.703649	0.591503	0.621652	0.621652	0.621652	0.682641	0.617351	0.542647	0.518548	0.55813	0.645196	0.560358	0.518548	0.500777	0.455854	0.536055	0.55813	0.481619	0.507472	0.580588	0.549478	0.507476	0.47231	0.476796	0.539689	0.525016	0.525016	0.539696	0.626491	0.709683	0.697322	0.666066	0.601334	0.591503	0.684979	0.706421	0.673485	0.750306	0.715173	0.777048	0.76322	0.76322	0.813661	0.813661	0.879918	0.811922	0.859508	0.859508	0.811922	0.870187	0.868763	0.885965	0.991852	0.977433	0.935865	0.935865	0.943989	1.00148	1.00148	0.969232	0.946997	0.930925	0.921145	0.905006	0.905006	0.943989	0.94098	0.927296	0.930925	0.930925	0.94098	0.950744	0.982879	0.982879	0.959481	0.982879	0.982879	0.965384	0.982879	0.965384
0.21318	0.21318	0	0	0	0	0.10659	0.21318	0.10659	0	0	0	0	0	0.21318	0.21318	0	0	0	0	0.21318	0.21318	0	0	0.10659	0.21318	0.10659	0	0	0	0.21318	0.21318	0	0	0	0	0	0	0	0	0	0	0	0	0	0	0	0.21318	0.21318	0	0	0	0	0	0	0.21318	0.21318	0	0	0	0	0.21318	0.21318	0	0	0	0.10659	0.21318	0.10659	0	0	0	0.10659	0.21318	0.10659	0	0	0	0.10659	0.21318	0.10659	0	0	0	0	0	0	0.21318	0.21318	0	0	0	0	0	0	0	0	0	0	0	0	0	0	0	0	0	0	0.21318	0.21318	0	0	0	0.10659	0.21318	0.10659	0	0	0	0	0	0	0	0	0.21318	0.21318	0	0	0	0	0	0	0	0	0	0.21318	0.21318	0	0	0	0	0	0.21318	0.21318	0.10659	0.21318	0.21318	0.21318	0.319768	0.21318	0.21318	0.21318	0.10659	0.21318	0.319768	0.319768	0.21318	0.319768	0.426354	0.319768	0.426354	0.426354	0.319768	0.532937	0.426354	0.319768	0.319768	0.426354	0.532937	0.319768	0.319768	0.426354	0.426354	0.532937	0.426354	0.21318	0.426354	0.426354	0.21318	0.319768	0.319768	0.319768	0.426354	0.319768	0.21318	0.21318	0.319768	0.426354	0.21318	0.21318	0.21318	0.10659	0.319768	0.319768	0.10659	0.21318	0.319768	0.21318	0.10659	0.10659	0.21318	0.319768	0.21318	0.21318	0.21318	0.319768	0.426354	0.319768	0.21318	0.10659	0.21318	0.426354	0.426354	0.319768	0.426354	0.319768	0.426354	0.319768	0.319768	0.426354	0.426354	0.532937	0.319768	0.426354	0.426354	0.319768	0.426354	0.319768	0.319768	0.532937	0.426354	0.319768	0.319768	0.319768	0.426354	0.426354	0.319768	0.21318	0.21318	0.21318	0.21318	0.21318	0.319768	0.21318	0.10659	0.21318	0.21318	0.21318	0.10659	0.21318	0.21318	0	0.21318	0.21318	0.10659	0.21318	0.10659
0.213139	0.213139	0	0	0	0	0.10657	0.213139	0.10657	0	0	0	0	0	0.213139	0.213139	0	0	0	0	0.213139	0.213139	0	0	0.10657	0.213139	0.10657	0	0	0	0.213139	0.213139	0	0	0	0	0	0	0	0	0	0	0	0	0	0	0	0.213139	0.213139	0	0	0	0	0	0	0.213139	0.213139	0	0	0	0	0.213139	0.213139	0	0	0	0.10657	0.213139	0.10657	0	0	0	0.10657	0.213139	0.10657	0	0	0	0.10657	0.213139	0.10657	0	0	0	0	0	0	0.213139	0.213139	0	0	0	0	0	0	0	0	0	0	0	0	0	0	0	0	0	0	0.213139	0.213139	0	0	0	0.10657	0.213139	0.10657	0	0	0	0	0	0	0	0	0.213139	0.213139	0	0	0	0	0	0	0	0	0	0.213139	0.213139	0	0	0	0	0	0.213139	0.213139	0.10657	0.213139	0.213139	0.213139	0.319706	0.213139	0.213139	0.213139	0.10657	0.213139	0.319706	0.319706	0.213139	0.319706	0.426271	0.319706	0.426271	0.426271	0.319706	0.532834	0.426271	0.319706	0.319706	0.426271	0.532834	0.319706	0.319706	0.426271	0.426271	0.532834	0.426271	0.213139	0.426271	0.426271	0.213139	0.319706	0.319706	0.319706	0.426271	0.319706	0.213139	0.213139	0.319706	0.426271	0.213139	0.213139	0.213139	0.10657	0.319706	0.319706	0.10657	0.213139	0.319706	0.213139	0.10657	0.10657	0.213139	0.319706	0.213139	0.213139	0.213139	0.319706	0.426271	0.319706	0.213139	0.10657	0.213139	0.426271	0.426271	0.319706	0.426271	0.319706	0.426271	0.319706	0.319706	0.426271	0.426271	0.532834	0.319706	0.426271	0.426271	0.319706	0.426271	0.319706	0.319706	0.532834	0.426271	0.319706	0.319706	0.319706	0.426271	0.426271	0.319706	0.213139	0.213139	0.213139	0.213139	0.213139	0.319706	0.213139	0.10657	0.213139	0.213139	0.213139	0.10657	0.213139	0.213139	0	0.213139	0.213139	0.10657	0.213139	0.10657
0.213097	0.213097	0	0	0	0	0.106549	0.213097	0.106549	0	0	0	0	0	0.213097	0.213097	0	0	0	0	0.213097	0.213097	0	0	0.106549	0.213097	0.106549	0	0	0	0.213097	0.213097	0	0	0	0	0	0	0	0	0	0	0	0	0	0	0	0.213097	0.213097	0	0	0	0	0	0	0.213097	0.213097	0	0	0	0	0.213097	0.213097	0	0	0	0.106549	0.213097	0.106549	0	0	0	0.106549	0.213097	0.106549	0	0	0	0.106549	0.213097	0.106549	0	0	0	0	0	0	0.213097	0.213097	0	0	0	0	0	0	0	0	0	0	0	0	0	0	0	0	0	0	0.213097	0.213097	0	0	0	0.106549	0.213097	0.106549	0	0	0	0	0	0	0	0	0.213097	0.213097	0	0	0	0	0	0	0	0	0	0.213097	0.213097	0	0	0	0	0	0.213097	0.213097	0.106549	0.213097	0.213097	0.213097	0.319644	0.213097	0.213097	0.213097	0.106549	0.213097	0.319644	0.319644	0.213097	0.319644	0.426189	0.319644	0.426189	0.426189	0.319644	0.532731	0.426189	0.319644	0.319644	0.426189	0.532731	0.319644	0.319644	0.426189	0.426189	0.532731	0.426189	0.213097	0.426189	0.426189	0.213097	0.319644	0.319644	0.319644	0.426189	0.319644	0.213097	0.213097	0.319644	0.426189	0.213097	0.213097	0.213097	0.106549	0.319644	0.319644	0.106549	0.213097	0.319644	0.213097	0.106549	0.106549	0.213097	0.319644	0.213097	0.213097	0.213097	0.319644	0.426189	0.319644	0.213097	0.106549	0.213097	0.426189	0.426189	0.319644	0.426189	0.319644	0.426189	0.319644	0.319644	0.426189	0.426189	0.532731	0.319644	0.426189	0.426189	0.319644	0.426189	0.319644	0.319644	0.532731	0.426189	0.319644	0.319644	0.319644	0.426189	0.426189	0.319644	0.213097	0.213097	0.213097	0.213097	0.213097	0.319644	0.213097	0.106549	0.213097	0.213097	0.213097	0.106549	0.213097	0.213097	0	0.213097	0.213097	0.106549	0.213097	0.106549
0.213058	0.213058	0	0	0	0	0.106529	0.213058	0.106529	0	0	0	0	0	0.213058	0.213058	0	0	0	0	0.213058	0.213058	0	0	0.106529	0.213058	0.106529	0	0	0	0.213058	0.213058	0	0	0	0	0	0	0	0	0	0	0	0	0	0	0	0.213058	0.213058	0	0	0	0	0	0	0.213058	0.213058	0	0	0	0	0.213058	0.213058	0	0	0	0.106529	0.213058	0.106529	0	0	0	0.106529	0.213058	0.106529	0	0	0	0.106529	0.213058	0.106529	0	0	0	0	0	0	0.213058	0.213058	0	0	0	0	0	0	0	0	0	0	0	0	0	0	0	0	0	0	0.213058	0.213058	0	0	0	0.106529	0.213058	0.106529	0	0	0	0	0	0	0	0	0.213058	0.213058	0	0	0	0	0	0	0	0	0	0.213058	0.213058	0	0	0	0	0	0.213058	0.213058	0.106529	0.213058	0.213058	0.213058	0.319585	0.213058	0.213058	0.213058	0.106529	0.213058	0.319585	0.319585	0.213058	0.319585	0.42611	0.319585	0.42611	0.42611	0.319585	0.532632	0.42611	0.319585	0.319585	0.42611	0.532632	0.319585	0.319585	0.42611	0.42611	0.532632	0.42611	0.213058	0.42611	0.42611	0.213058	0.319585	0.319585	0.319585	0.42611	0.319585	0.213058	0.213058	0.319585	0.42611	0.213058	0.213058	0.213058	0.106529	0.319585	0.319585	0.106529	0.213058	0.319585	0.213058	0.106529	0.106529	0.213058	0.319585	0.213058	0.213058	0.213058	0.319585	0.42611	0.319585	0.213058	0.106529	0.213058	0.42611	0.42611	0.319585	0.42611	0.319585	0.42611	0.319585	0.319585	0.42611	0.42611	0.532632	0.319585	0.42611	0.42611	0.319585	0.42611	0.319585	0.319585	0.532632	0.42611	0.319585	0.319585	0.319585	0.42611	0.42611	0.319585	0.213058	0.213058	0.213058	0.213058	0.213058	0.319585	0.213058	0.106529	0.213058	0.213058	0.213058	0.106529	0.213058	0.213058	0	0.213058	0.213058	0.106529	0.213058	0.106529
0.213017	0.213017	0	0	0	0	0.106509	0.213017	0.106509	0	0	0	0	0	0.213017	0.213017	0	0	0	0	0.213017	0.213017	0	0	0.106509	0.213017	0.106509	0	0	0	0.213017	0.213017	0	0	0	0	0	0	0	0	0	0	0	0	0	0	0	0.213017	0.213017	0	0	0	0	0	0	0.213017	0.213017	0	0	0	0	0.213017	0.213017	0	0	0	0.106509	0.213017	0.106509	0	0	0	0.106509	0.213017	0.106509	0	0	0	0.106509	0.213017	0.106509	0	0	0	0	0	0	0.213017	0.213017	0	0	0	0	0	0	0	0	0	0	0	0	0	0	0	0	0	0	0.213017	0.213017	0	0	0	0.106509	0.213017	0.106509	0	0	0	0	0	0	0	0	0.213017	0.213017	0	0	0	0	0	0	0	0	0	0.213017	0.213017	0	0	0	0	0	0.213017	0.213017	0.106509	0.213017	0.213017	0.213017	0.319523	0.213017	0.213017	0.213017	0.106509	0.213017	0.319523	0.319523	0.213017	0.319523	0.426027	0.319523	0.426027	0.426027	0.319523	0.532529	0.426027	0.319523	0.319523	0.426027	0.532529	0.319523	0.319523	0.426027	0.426027	0.532529	0.426027	0.213017	0.426027	0.426027	0.213017	0.319523	0.319523	0.319523	0.426027	0.319523	0.213017	0.213017	0.319523	0.426027	0.213017	0.213017	0.213017	0.106509	0.319523	0.319523	0.106509	0.213017	0.319523	0.213017	0.106509	0.106509	0.213017	0.319523	0.213017	0.213017	0.213017	0.319523	0.426027	0.319523	0.213017	0.106509	0.213017	0.426027	0.426027	0.319523	0.426027	0.319523	0.426027	0.319523	0.319523	0.426027	0.426027	0.532529	0.319523	0.426027	0.426027	0.319523	0.426027	0.319523	0.319523	0.532529	0.426027	0.319523	0.319523	0.319523	0.426027	0.426027	0.319523	0.213017	0.213017	0.213017	0.213017	0.213017	0.319523	0.213017	0.106509	0.213017	0.213017	0.213017	0.106509	0.213017	0.213017	0	0.213017	0.213017	0.106509	0.213017	0.106509
0.212975	0.212975	0	0	0	0	0.106488	0.212975	0.106488	0	0	0	0	0	0.212975	0.212975	0	0	0	0	0.212975	0.212975	0	0	0.106488	0.212975	0.106488	0	0	0	0.212975	0.212975	0	0	0	0	0	0	0	0	0	0	0	0	0	0	0	0.212975	0.212975	0	0	0	0	0	0	0.212975	0.212975	0	0	0	0	0.212975	0.212975	0	0	0	0.106488	0.212975	0.106488	0	0	0	0.106488	0.212975	0.106488	0	0	0	0.106488	0.212975	0.106488	0	0	0	0	0	0	0.212975	0.212975	0	0	0	0	0	0	0	0	0	0	0	0	0	0	0	0	0	0	0.212975	0.212975	0	0	0	0.106488	0.212975	0.106488	0	0	0	0	0	0	0	0	0.212975	0.212975	0	0	0	0	0	0	0	0	0	0.212975	0.212975	0	0	0	0	0	0.212975	0.212975	0.106488	0.212975	0.212975	0.212975	0.319461	0.212975	0.212975	0.212975	0.106488	0.212975	0.319461	0.319461	0.212975	0.319461	0.425945	0.319461	0.425945	0.425945	0.319461	0.532426	0.425945	0.319461	0.319461	0.425945	0.532426	0.319461	0.319461	0.425945	0.425945	0.532426	0.425945	0.212975	0.425945	0.425945	0.212975	0.319461	0.319461	0.319461	0.425945	0.319461	0.212975	0.212975	0.319461	0.425945	0.212975	0.212975	0.212975	0.106488	0.319461	0.319461	0.106488	0.212975	0.319461	0.212975	0.106488	0.106488	0.212975	0.319461	0.212975	0.212975	0.212975	0.319461	0.425945	0.319461	0.212975	0.106488	0.212975	0.425945	0.425945	0.319461	0.425945	0.319461	0.425945	0.319461	0.319461	0.425945	0.425945	0.532426	0.319461	0.425945	0.425945	0.319461	0.425945	0.319461	0.319461	0.532426	0.425945	0.319461	0.319461	0.319461	0.425945	0.425945	0.319461	0.212975	0.212975	0.212975	0.212975	0.212975	0.319461	0.212975	0.106488	0.212975	0.212975	0.212975	0.106488	0.212975	0.212975	0	0.212975	0.212975	0.106488	0.212975	0.106488
0.212936	0.212936	0	0	0	0	0.106468	0.212936	0.106468	0	0.0376438	0.119043	0.188226	0.212953	0.225862	0.238073	0.168353	0.212953	0.241046	0.323833	0.393016	0.310422	0.212953	0.212953	0.274055	0.340878	0.252529	0.212953	0.271462	0.376448	0.405441	0.347061	0.323833	0.400169	0.425901	0.425901	0.425901	0.425901	0.425901	0.482084	0.588018	0.638836	0.638836	0.638836	0.638836	0.638836	0.638836	0.710252	0.814336	0.851754	0.851754	0.851754	0.851754	0.851754	0.851754	0.87796	0.87796	0.851754	0.851754	0.851754	0.851754	0.918959	1.02395	1.06465	1.06465	1.01283	0.941048	0.971418	1.0411	1.06465	1.06465	1.01283	0.941048	0.971418	1.0411	1.06465	1.06465	1.06465	1.09417	1.18192	1.25345	1.27751	1.27751	1.22546	1.11913	1.06465	1.06465	1.12921	1.23467	1.27751	1.27751	1.30439	1.38496	1.46398	1.49034	1.49034	1.49034	1.49034	1.49034	1.49034	1.51718	1.59763	1.67675	1.70313	1.70313	1.70313	1.70313	1.65764	1.55178	1.49034	1.49034	1.49034	1.54446	1.70645	1.86345	1.91587	1.91587	1.91587	1.91587	1.91587	1.91587	1.91587	1.91587	1.97551	2.08152	2.12856	2.12856	2.12856	2.12856	2.12856	2.12856	2.12856	2.12856	2.12856	2.08152	1.97551	1.91587	1.91587	1.94265	2.02293	2.10215	2.08152	2.0043	2.00006	2.0043	1.95137	1.92765	1.88159	1.82198	1.82198	1.82198	1.84091	1.84552	1.80677	1.78509	1.82896	1.85927	1.79537	1.73279	1.72337	1.70395	1.68054	1.667	1.60116	1.57621	1.54492	1.54994	1.58248	1.52416	1.52416	1.54994	1.54994	1.54857	1.46591	1.40021	1.44793	1.44793	1.43072	1.44058	1.42029	1.45232	1.46591	1.42029	1.40021	1.43072	1.44058	1.38188	1.35706	1.43072	1.45282	1.46977	1.49271	1.44058	1.4168	1.4832	1.49271	1.45282	1.49887	1.57577	1.61086	1.59718	1.5883	1.67125	1.71638	1.70188	1.67167	1.62834	1.6409	1.6818	1.71638	1.75551	1.75551	1.73279	1.75551	1.73279	1.75551	1.73279	1.73279	1.82042	1.85888	1.82042	1.76396	1.80715	1.80715	1.84743	1.87895	1.83745	1.89955	1.9557	1.91069	1.92066	1.94228	1.94228	1.96257	1.96257	1.94228	1.92765	1.92765	1.95716	2.00994	2.06274	2.06959	2.03339	2.05312	2.08627	2.08627	2.05725	2.05312	2.08627	2.08627	2.10215	2.13917	2.13917	2.13122	2.13917	2.13122
0.212895	0.212895	0	0	0	0	0.106448	0.212895	0.106448	0	0.0841551	0.191906	0.202684	0.212912	0.168321	0.238027	0.225818	0.212912	0.25248	0.357056	0.370683	0.271409	0.212912	0.212912	0.303436	0.340812	0.241	0.212912	0.310362	0.405363	0.376375	0.321572	0.357056	0.40711	0.425818	0.425818	0.425818	0.425818	0.425818	0.504951	0.60687	0.638713	0.638713	0.638713	0.638713	0.638713	0.638713	0.693978	0.800144	0.85159	0.85159	0.85159	0.85159	0.85159	0.85159	0.87779	0.87779	0.85159	0.85159	0.85159	0.85159	0.906369	1.01263	1.06444	1.06444	1.02376	0.949852	0.959497	1.03818	1.06444	1.06444	1.02376	0.949852	0.959497	1.03818	1.06444	1.06444	1.06444	1.09137	1.17207	1.25095	1.27727	1.27727	1.23443	1.12899	1.06444	1.06444	1.11892	1.22522	1.27727	1.27727	1.30631	1.39284	1.46563	1.49006	1.49006	1.49006	1.49006	1.49006	1.49006	1.51875	1.60439	1.67811	1.7028	1.7028	1.7028	1.7028	1.65048	1.54416	1.49006	1.49006	1.49006	1.54416	1.70612	1.86309	1.9155	1.9155	1.9155	1.9155	1.9155	1.9155	1.9155	1.9155	1.96939	2.07568	2.12815	2.12815	2.12815	2.12815	2.12815	2.12815	2.12815	2.12815	2.12815	2.07568	1.96939	1.9155	1.9155	1.94373	2.02812	2.10309	2.07568	1.99968	2.00392	1.99968	1.94663	1.92728	1.86916	1.82163	1.82163	1.82163	1.84516	1.84056	1.79857	1.78475	1.84707	1.85128	1.77601	1.73245	1.7115	1.70363	1.68021	1.63929	1.60085	1.57591	1.53543	1.54964	1.58217	1.52386	1.52386	1.54964	1.54964	1.53173	1.45204	1.39994	1.44765	1.44765	1.4403	1.43044	1.42001	1.46563	1.45204	1.42001	1.39994	1.4403	1.43044	1.3568	1.38161	1.4403	1.45254	1.47526	1.48291	1.43044	1.4225	1.49242	1.48291	1.45254	1.51361	1.58084	1.61055	1.58799	1.59687	1.69112	1.71605	1.69322	1.65945	1.62803	1.64919	1.68652	1.71605	1.75517	1.75517	1.73245	1.75517	1.73245	1.75517	1.73245	1.73245	1.85089	1.85852	1.79502	1.77481	1.8068	1.8068	1.87142	1.86802	1.83709	1.92286	1.94226	1.91032	1.93058	1.9419	1.9419	1.96219	1.96219	1.9419	1.92728	1.92728	1.96399	2.01658	2.06919	2.06235	2.03299	2.05685	2.08587	2.08587	2.05273	2.05685	2.08587	2.08587	2.10309	2.13875	2.13875	2.13081	2.13875	2.13081
0.212855	0.212855	0	0	0	0	0.106428	0.212855	0.106428	0	0.106428	0.212855	0.106428	0	0	0.212855	0.212855	0	0.106428	0.212855	0.106428	0	0	0	0.212855	0.212855	0	0	0.212855	0.212855	0	0.106428	0.212855	0.106428	0	0	0	0	0	0.212855	0.212855	0	0	0	0	0	0	0	0	0	0	0	0	0	0	0.212855	0.212855	0	0	0	0	0	0	0	0	0.212855	0.212855	0	0	0	0	0.212855	0.212855	0	0	0	0	0	0	0	0	0	0	0.212855	0.212855	0	0	0	0	0	0	0.106428	0.212855	0.106428	0	0	0	0	0	0	0.106428	0.212855	0.106428	0	0	0	0	0	0	0	0	0	0.106428	0.212855	0.106428	0	0	0	0	0	0	0	0	0	0	0	0	0	0	0	0	0	0	0	0	0	0	0	0.106428	0.212855	0.106428	0	0.106428	0.212855	0.106428	0.106428	0.212855	0.106428	0.212855	0.212855	0.212855	0.212855	0.106428	0.212855	0.319281	0.425705	0.212855	0.212855	0.319281	0.319281	0.425705	0.319281	0.319281	0.425705	0.319281	0.212855	0.425705	0.532125	0.319281	0.319281	0.425705	0.425705	0.425705	0.319281	0.212855	0.425705	0.425705	0.319281	0.212855	0.319281	0.425705	0.319281	0.319281	0.212855	0.319281	0.212855	0.212855	0.425705	0.319281	0.212855	0.212855	0.212855	0.212855	0.212855	0.319281	0.212855	0.212855	0.319281	0.212855	0.212855	0.212855	0.319281	0.425705	0.212855	0.212855	0.319281	0.319281	0.319281	0.212855	0.212855	0.425705	0.425705	0.319281	0.425705	0.319281	0.425705	0.319281	0.319281	0.638542	0.425705	0.319281	0.425705	0.425705	0.425705	0.532125	0.319281	0.319281	0.532125	0.425705	0.425705	0.425705	0.319281	0.319281	0.425705	0.425705	0.319281	0.212855	0.212855	0.319281	0.319281	0.319281	0.212855	0.212855	0.212855	0.212855	0.212855	0.106428	0.212855	0.212855	0.212855	0.106428	0.212855	0.212855	0.106428	0.212855	0.106428
0.212814	0.212814	0	0	0	0	0.106407	0.212814	0.106407	0	0.106407	0.212814	0.106407	0	0	0.212814	0.212814	0	0.106407	0.212814	0.106407	0	0	0	0.212814	0.212814	0	0	0.212814	0.212814	0	0.106407	0.212814	0.106407	0	0	0	0	0	0.212814	0.212814	0	0	0	0	0	0	0	0	0	0	0	0	0	0	0.212814	0.212814	0	0	0	0	0	0	0	0	0.212814	0.212814	0	0	0	0	0.212814	0.212814	0	0	0	0	0	0	0	0	0	0	0.212814	0.212814	0	0	0	0	0	0	0.106407	0.212814	0.106407	0	0	0	0	0	0	0.106407	0.212814	0.106407	0	0	0	0	0	0	0	0	0	0.106407	0.212814	0.106407	0	0	0	0	0	0	0	0	0	0	0	0	0	0	0	0	0	0	0	0	0	0	0	0.106407	0.212814	0.106407	0	0.106407	0.212814	0.106407	0.106407	0.212814	0.106407	0.212814	0.212814	0.212814	0.212814	0.106407	0.212814	0.319219	0.425622	0.212814	0.212814	0.319219	0.319219	0.425622	0.319219	0.319219	0.425622	0.319219	0.212814	0.425622	0.532022	0.319219	0.319219	0.425622	0.425622	0.425622	0.319219	0.212814	0.425622	0.425622	0.319219	0.212814	0.319219	0.425622	0.319219	0.319219	0.212814	0.319219	0.212814	0.212814	0.425622	0.319219	0.212814	0.212814	0.212814	0.212814	0.212814	0.319219	0.212814	0.212814	0.319219	0.212814	0.212814	0.212814	0.319219	0.425622	0.212814	0.212814	0.319219	0.319219	0.319219	0.212814	0.212814	0.425622	0.425622	0.319219	0.425622	0.319219	0.425622	0.319219	0.319219	0.638419	0.425622	0.319219	0.425622	0.425622	0.425622	0.532022	0.319219	0.319219	0.532022	0.425622	0.425622	0.425622	0.319219	0.319219	0.425622	0.425622	0.319219	0.212814	0.212814	0.319219	0.319219	0.319219	0.212814	0.212814	0.212814	0.212814	0.212814	0.106407	0.212814	0.212814	0.212814	0.106407	0.212814	0.212814	0.106407	0.212814	0.106407
0.212773	0.212773	0	0	0	0	0.106387	0.212773	0.106387	0	0.106387	0.212773	0.106387	0	0	0.212773	0.212773	0	0.106387	0.212773	0.106387	0	0	0	0.212773	0.212773	0	0	0.212773	0.212773	0	0.106387	0.212773	0.106387	0	0	0	0	0	0.212773	0.212773	0	0	0	0	0	0	0	0	0	0	0	0	0	0	0.212773	0.212773	0	0	0	0	0	0	0	0	0.212773	0.212773	0	0	0	0	0.212773	0.212773	0	0	0	0	0	0	0	0	0	0	0.212773	0.212773	0	0	0	0	0	0	0.106387	0.212773	0.106387	0	0	0	0	0	0	0.106387	0.212773	0.106387	0	0	0	0	0	0	0	0	0	0.106387	0.212773	0.106387	0	0	0	0	0	0	0	0	0	0	0	0	0	0	0	0	0	0	0	0	0	0	0	0.106387	0.212773	0.106387	0	0.106387	0.212773	0.106387	0.106387	0.212773	0.106387	0.212773	0.212773	0.212773	0.212773	0.106387	0.212773	0.319158	0.42554	0.212773	0.212773	0.319158	0.319158	0.42554	0.319158	0.319158	0.42554	0.319158	0.212773	0.42554	0.53192	0.319158	0.319158	0.42554	0.42554	0.42554	0.319158	0.212773	0.42554	0.42554	0.319158	0.212773	0.319158	0.42554	0.319158	0.319158	0.212773	0.319158	0.212773	0.212773	0.42554	0.319158	0.212773	0.212773	0.212773	0.212773	0.212773	0.319158	0.212773	0.212773	0.319158	0.212773	0.212773	0.212773	0.319158	0.42554	0.212773	0.212773	0.319158	0.319158	0.319158	0.212773	0.212773	0.42554	0.42554	0.319158	0.42554	0.319158	0.42554	0.319158	0.319158	0.638296	0.42554	0.319158	0.42554	0.42554	0.42554	0.53192	0.319158	0.319158	0.53192	0.42554	0.42554	0.42554	0.319158	0.319158	0.42554	0.42554	0.319158	0.212773	0.212773	0.319158	0.319158	0.319158	0.212773	0.212773	0.212773	0.212773	0.212773	0.106387	0.212773	0.212773	0.212773	0.106387	0.212773	0.212773	0.106387	0.212773	0.106387
0.212734	0.212734	0	0	0	0	0.106367	0.212734	0.106367	0	0.106367	0.212734	0.106367	0	0	0.212734	0.212734	0	0.106367	0.212734	0.106367	0	0	0	0.212734	0.212734	0	0	0.212734	0.212734	0	0.106367	0.212734	0.106367	0	0	0	0	0	0.212734	0.212734	0	0	0	0	0	0	0	0	0	0	0	0	0	0	0.212734	0.212734	0	0	0	0	0	0	0	0	0.212734	0.212734	0	0	0	0	0.212734	0.212734	0	0	0	0	0	0	0	0	0	0	0.212734	0.212734	0	0	0	0	0	0	0.106367	0.212734	0.106367	0	0	0	0	0	0	0.106367	0.212734	0.106367	0	0	0	0	0	0	0	0	0	0.106367	0.212734	0.106367	0	0	0	0	0	0	0	0	0	0	0	0	0	0	0	0	0	0	0	0	0	0	0	0.106367	0.212734	0.106367	0	0.106367	0.212734	0.106367	0.106367	0.212734	0.106367	0.212734	0.212734	0.212734	0.212734	0.106367	0.212734	0.319098	0.425461	0.212734	0.212734	0.319098	0.319098	0.425461	0.319098	0.319098	0.425461	0.319098	0.212734	0.425461	0.531821	0.319098	0.319098	0.425461	0.425461	0.425461	0.319098	0.212734	0.425461	0.425461	0.319098	0.212734	0.319098	0.425461	0.319098	0.319098	0.212734	0.319098	0.212734	0.212734	0.425461	0.319098	0.212734	0.212734	0.212734	0.212734	0.212734	0.319098	0.212734	0.212734	0.319098	0.212734	0.212734	0.212734	0.319098	0.425461	0.212734	0.212734	0.319098	0.319098	0.319098	0.212734	0.212734	0.425461	0.425461	0.319098	0.425461	0.319098	0.425461	0.319098	0.319098	0.638177	0.425461	0.319098	0.425461	0.425461	0.425461	0.531821	0.319098	0.319098	0.531821	0.425461	0.425461	0.425461	0.319098	0.319098	0.425461	0.425461	0.319098	0.212734	0.212734	0.319098	0.319098	0.319098	0.212734	0.212734	0.212734	0.212734	0.212734	0.106367	0.212734	0.212734	0.212734	0.106367	0.212734	0.212734	0.106367	0.212734	0.106367
0.212692	0.212692	0	0	0	0	0.106347	0.212692	0.106347	0	0.106347	0.212692	0.106347	0	0	0.212692	0.212692	0	0.106347	0.212692	0.106347	0	0	0	0.212692	0.212692	0	0	0.212692	0.212692	0	0.106347	0.212692	0.106347	0	0	0	0	0	0.212692	0.212692	0	0	0	0	0	0	0	0	0	0	0	0	0	0	0.212692	0.212692	0	0	0	0	0	0	0	0	0.212692	0.212692	0	0	0	0	0.212692	0.212692	0	0	0	0	0	0	0	0	0	0	0.212692	0.212692	0	0	0	0	0	0	0.106347	0.212692	0.106347	0	0	0	0	0	0	0.106347	0.212692	0.106347	0	0	0	0	0	0	0	0	0	0.106347	0.212692	0.106347	0	0	0	0	0	0	0	0	0	0	0	0	0	0	0	0	0	0	0	0	0	0	0	0.106347	0.212692	0.106347	0	0.106347	0.212692	0.106347	0.106347	0.212692	0.106347	0.212692	0.212692	0.212692	0.212692	0.106347	0.212692	0.319037	0.425379	0.212692	0.212692	0.319037	0.319037	0.425379	0.319037	0.319037	0.425379	0.319037	0.212692	0.425379	0.531718	0.319037	0.319037	0.425379	0.425379	0.425379	0.319037	0.212692	0.425379	0.425379	0.319037	0.212692	0.319037	0.425379	0.319037	0.319037	0.212692	0.319037	0.212692	0.212692	0.425379	0.319037	0.212692	0.212692	0.212692	0.212692	0.212692	0.319037	0.212692	0.212692	0.319037	0.212692	0.212692	0.212692	0.319037	0.425379	0.212692	0.212692	0.319037	0.319037	0.319037	0.212692	0.212692	0.425379	0.425379	0.319037	0.425379	0.319037	0.425379	0.319037	0.319037	0.638054	0.425379	0.319037	0.425379	0.425379	0.425379	0.531718	0.319037	0.319037	0.531718	0.425379	0.425379	0.425379	0.319037	0.319037	0.425379	0.425379	0.319037	0.212692	0.212692	0.319037	0.319037	0.319037	0.212692	0.212692	0.212692	0.212692	0.212692	0.106347	0.212692	0.212692	0.212692	0.106347	0.212692	0.212692	0.106347	0.212692	0.106347
0.212651	0.212651	0	0	0	0	0.106326	0.212651	0.106326	0	0.106326	0.212651	0.106326	0	0	0.212651	0.212651	0	0.106326	0.212651	0.106326	0	0	0	0.212651	0.212651	0	0	0.212651	0.212651	0	0.106326	0.212651	0.106326	0	0	0	0	0	0.212651	0.212651	0	0	0	0	0	0	0	0	0	0	0	0	0	0	0.212651	0.212651	0	0	0	0	0	0	0	0	0.212651	0.212651	0	0	0	0	0.212651	0.212651	0	0	0	0	0	0	0	0	0	0	0.212651	0.212651	0	0	0	0	0	0	0.106326	0.212651	0.106326	0	0	0	0	0	0	0.106326	0.212651	0.106326	0	0	0	0	0	0	0	0	0	0.106326	0.212651	0.106326	0	0	0	0	0	0	0	0	0	0	0	0	0	0	0	0	0	0	0	0	0	0	0	0.106326	0.212651	0.106326	0	0.106326	0.212651	0.106326	0.106326	0.212651	0.106326	0.212651	0.212651	0.212651	0.212651	0.106326	0.212651	0.318975	0.425297	0.212651	0.212651	0.318975	0.318975	0.425297	0.318975	0.318975	0.425297	0.318975	0.212651	0.425297	0.531616	0.318975	0.318975	0.425297	0.425297	0.425297	0.318975	0.212651	0.425297	0.425297	0.318975	0.212651	0.318975	0.425297	0.318975	0.318975	0.212651	0.318975	0.212651	0.212651	0.425297	0.318975	0.212651	0.212651	0.212651	0.212651	0.212651	0.318975	0.212651	0.212651	0.318975	0.212651	0.212651	0.212651	0.318975	0.425297	0.212651	0.212651	0.318975	0.318975	0.318975	0.212651	0.212651	0.425297	0.425297	0.318975	0.425297	0.318975	0.425297	0.318975	0.318975	0.637931	0.425297	0.318975	0.425297	0.425297	0.425297	0.531616	0.318975	0.318975	0.531616	0.425297	0.425297	0.425297	0.318975	0.318975	0.425297	0.425297	0.318975	0.212651	0.212651	0.318975	0.318975	0.318975	0.212651	0.212651	0.212651	0.212651	0.212651	0.106326	0.212651	0.212651	0.212651	0.106326	0.212651	0.212651	0.106326	0.212651	0.106326