6.46492	3.48824	7.87114	10.0507	4.53808	10.8154	15.6381	4.30561	4.7847	9.48598	8.88021	8.2441	9.77276	16.7191	20.1365	10.9735	12.0515	10.0347	13.6787	10.0625	8.9794	4.75342	12.7771	8.26775	5.02162	3.95483	6.15247	9.60798	7.52308	6.28685	6.95818	2.79355	9.89517	12.9009	14.9717	13.0482	13.0169	10.6987	18.7841	12.6906	5.59955	10.556	6.85961	6.57248	7.84356	5.59204	5.67126	5.31055	5.1855	5.9868	3.80384	6.7407	4.33345	3.10853	3.19524	8.65273	8.39752	8.02936	7.06301	16.1486	12.9295	7.46844	11.4615	10.9863	11.5248	8.38931	16.4321	10.3983	8.32631	6.92853	8.59982	14.6662	22.089	24.7068	15.6081	11.9933	10.5433	6.50192	8.98165	9.09513	4.0247	5.64128	3.37718	6.26932	7.06753	5.48869	4.6965	4.65396	4.55219	4.58233	3.42413	2.5982	2.03298	1.60556	1.39489	3.37598	2.63936	2.191	2.52945	1.59478	1.55546	2.89109	4.13009	1.53603	2.96612	2.09834	2.1046	2.74834	1.42844	1.85895	2.06781	2.34212	2.08877	1.89683	0.762813	5.50225	6.89252	2.97221	1.45329	0.913584	1.20291	2.95809	3.95618	1.90109	14.4825	19.7766	14.9285	9.72426	4.68544	3.654	4.04416	3.84112	1.8295	0.578025	2.26575	1.95311	2.46548	5.94316	14.2976	16.6952	9.6818	5.73361	4.3115	8.85527	8.07822	5.67909	8.33032	11.1222	4.50708	10.1929	17.1486	2.92138	12.8402	13.7439	3.68245	10.4562	12.1783	12.3025	6.34317	4.98013	9.09005	14.1496	13.5411	7.00292	4.17822	7.44476	15.5844	23.5917	13.6099	13.535	9.70315	8.11343	7.8794	9.23871	10.0871	14.5676	19.8009	8.01423	16.847	21.1162	9.21956	2.09126	10.0299	14.7077	2.17447	9.16395	4.40375	6.06108	10.5339	13.7822	18.5603	10.4123	17.4866	24.9541	16.6309	9.05559	9.77867	16.6453	4.16173	14.1227	17.1838	14.5417	13.7921	18.6629	13.1875	10.2509	8.37904	5.35974	13.3361	15.7755	14.5742	16.0755	23.9147	14.1182	9.24894	13.7924	25.3703	26.7625	22.5088	1.98048	21.0288	6.31432	7.48407	16.2586	10.5043	17.6955	33.0041	35.4338	20.1064	14.9566	21.8236	16.9014	17.1741	18.5378	29.4684	22.2601	17.2222	12.4186	9.21556	20.1101	23.2859	24.5503	7.33301	18.7982	11.3647	5.03592	6.46923	20.8963	26.3522	20.9712	9.45898	21.6027	17.9455	12.6553	10.5326	21.5547
5.89547	4.65812	7.66585	11.0882	4.73173	14.7805	17.7391	5.6714	2.51656	7.04094	1.55915	1.13161	7.8093	15.3024	16.4995	7.39422	9.71556	11.4478	11.3727	9.30554	6.22183	6.50862	11.4448	12.7622	10.361	5.85782	6.67034	10.7191	12.1111	9.32009	9.29067	7.45957	5.24336	8.79934	12.5449	9.74483	5.13927	14.4015	18.429	12.9583	16.0683	10.2998	5.12845	4.84794	3.79287	3.67904	5.15175	5.87863	5.20361	4.73691	3.10166	3.25332	5.17403	5.04336	6.40065	10.4746	4.24758	4.28343	14.842	17.4354	15.8047	10.8839	13.2885	14.8247	14.8272	6.14402	15.163	8.5219	9.10435	4.69413	14.8838	22.3949	27.8224	26.9643	10.5206	4.78203	10.578	11.2031	12.4031	10.1662	8.26562	6.7692	3.79704	6.24252	7.37819	7.10173	5.7422	4.20275	4.11365	4.50613	4.31687	3.55295	2.49631	1.51532	0.685082	2.63296	3.0277	1.30425	1.2442	0.919167	1.9991	3.05344	2.52598	3.39365	3.02474	2.03852	2.84199	2.79489	2.04686	2.85895	2.05065	2.09318	2.2954	2.04342	1.91544	1.26358	4.91019	5.4898	3.73019	2.61308	2.18502	2.85816	2.55636	0.823993	8.56139	14.9153	16.1375	12.4732	4.74557	3.10328	3.52524	6.26257	10.2612	9.58425	5.86917	2.97971	0.180544	3.81608	11.9776	21.2065	19.9547	9.79238	6.27924	9.96223	10.1025	9.55615	10.6578	12.536	14.0689	3.9537	16.4895	12.3861	6.64097	15.9333	18.5044	7.60569	7.68713	9.80597	5.84165	6.93647	14.2229	14.5052	13.9006	9.68395	9.78566	14.5828	15.4263	19.6971	16.2921	16.5513	9.61662	11.0654	19.6932	12.1916	12.0747	7.36012	16.9084	10.063	13.738	18.5059	14.7299	18.1334	16.677	12.5661	5.94352	14.0573	15.8007	10.9655	1.34585	18.1801	21.7511	10.0019	16.1531	20.4115	20.4158	13.8224	11.9724	16.3569	7.57423	7.67826	16.2402	14.0771	12.1865	13.7225	9.34569	5.49221	4.61854	3.9671	2.92652	9.5512	11.8291	11.8245	18.1343	11.9595	8.08045	11.2015	18.1202	12.2582	26.1638	12.5469	22.0261	10.4436	17.55	11.1443	13.8915	22.3124	20.1568	28.0227	16.7514	30.9752	29.5394	26.8159	21.9399	17.2941	18.1163	8.24917	10.8033	7.9654	7.3413	5.98556	18.5212	27.9525	18.2538	8.67909	13.8243	16.6331	24.1116	20.3638	16.7104	5.59327	17.0375	17.2436	8.40567	6.39805	5.35708	7.12405
5.88366	7.43819	11.3201	12.4369	2.14021	18.2674	16.3634	4.78254	2.21823	5.46556	3.50025	2.63911	9.66034	11.0123	16.219	14.3324	3.7729	2.36493	2.94705	7.99351	7.85542	3.409	3.71944	8.25574	11.2969	9.31751	9.09749	10.4074	11.2154	8.84293	7.89943	6.25094	4.10898	2.31034	7.87322	6.85409	7.72693	13.0268	12.6446	14.2645	11.5939	8.67975	6.98042	5.49568	1.46669	2.39779	3.85542	2.69075	3.31267	3.08907	5.12997	4.73886	6.86075	10.17	11.2712	7.90969	7.85999	9.325	16.5678	9.96133	12.1173	10.5427	13.8481	13.4285	17.1868	10.2445	15.0419	4.26363	6.32264	5.1021	13.2006	25.1039	28.1394	22.0379	10.649	25.7016	26.5987	20.4926	13.5769	11.2183	11.0169	8.32555	5.69838	6.42734	7.72116	8.25145	7.29319	4.43884	2.98673	2.92261	3.06573	3.45056	2.73085	1.30374	0.716801	1.21337	2.17255	1.24337	0.269596	1.71309	2.84978	1.00118	3.18534	3.409	2.21745	1.71199	3.73313	1.97065	3.54165	3.02121	1.91244	1.51773	1.59873	1.5276	1.3225	1.34313	1.43559	7.02427	6.38469	1.51632	0.791548	2.4562	2.2747	0.96581	6.00979	11.3107	12.4459	10.5703	9.81326	9.62762	7.92038	10.9231	15.9006	17.9361	14.7146	6.30539	1.73059	0.806284	2.32047	14.6414	24.2605	19.3875	5.01213	8.67074	10.5151	11.5922	9.19563	5.84232	8.9053	9.76067	9.09779	17.7209	10.5866	6.93517	16.4804	12.57	8.14447	14.0744	9.68527	7.9733	11.3646	6.62425	7.92816	6.87747	12.215	16.5814	20.3964	23.0134	23.6992	10.9662	6.98469	17.7674	17.8906	8.3519	11.7243	7.4457	9.68074	7.48977	8.19236	9.29672	9.19922	13.3372	13.0638	10.3792	9.04258	8.33115	8.71333	7.07729	5.07493	12.557	19.754	18.2897	5.0051	14.8381	23.8939	17.0217	15.7291	19.731	18.4498	17.6014	13.1917	10.0294	7.69082	10.0254	5.73054	1.41361	0.336584	2.04194	3.47267	7.6233	10.7184	14.4814	15.532	15.5584	17.0223	17.2146	24.9614	22.1728	26.0505	16.9498	17.0752	15.2501	16.6495	10.3449	18.9716	24.0968	22.2056	27.2971	21.7405	34.3715	19.1522	25.6168	17.8189	14.4427	12.8128	10.1585	14.1325	9.35155	5.98214	11.7033	16.8571	19.0826	18.7647	7.50445	16.4987	21.0512	12.2422	11.8916	18.3799	13.9753	19.6522	4.83339	8.55884	0.556145	6.84901	11.8452
2.91162	5.35085	15.1487	13.1599	4.48212	19.37	11.1482	4.99197	1.65117	3.75879	2.08681	5.58306	9.72413	3.27186	12.6354	18.2418	12.0928	12.3126	13.1369	13.0555	11.6778	9.92137	6.34442	2.24372	5.915	8.10696	8.7648	7.29769	11.5787	9.04503	6.23994	2.96511	4.87493	3.92763	4.73665	6.56339	8.9265	11.2993	8.92751	8.55402	7.69895	6.26523	4.80175	3.93994	4.78826	2.2629	4.19374	4.21563	1.88447	2.86087	3.73523	3.91875	8.60596	14.0912	9.64809	3.1503	5.69884	10.1346	6.97649	6.99409	12.0545	12.901	10.535	13.6525	15.0293	13.8672	12.3933	6.95571	1.22139	6.15481	2.54205	21.1265	33.6839	24.4603	25.4389	29.9878	24.0331	19.4334	11.2632	9.92346	10.3226	7.80895	5.28217	5.66853	7.09379	8.76393	8.99545	5.74811	2.85448	2.59225	3.23564	4.02612	2.45574	0.403561	1.46455	1.51463	1.57421	1.12468	0.950182	2.68247	1.61376	2.41783	2.70231	1.99166	1.42765	1.60834	3.93814	1.13956	3.3546	2.07469	1.65939	0.886932	0.587583	0.641397	0.55963	1.40925	0.74103	5.1504	7.45137	4.51773	1.62382	2.4759	2.10667	0.566282	8.80439	14.9228	6.66745	7.16858	13.5541	13.3096	10.4821	10.0824	11.95	13.5807	20.4778	11.7297	1.04914	1.92417	1.45131	6.64576	19.3746	27.3326	20.0565	3.88545	9.14544	8.33518	4.58019	3.32169	7.52255	8.24477	5.33701	14.9727	14.3782	4.88798	9.09893	12.7226	7.81485	12.8925	6.43419	6.98156	6.52489	4.94354	4.31045	7.09227	14.2726	13.348	12.7521	15.4264	14.6122	6.85647	17.8944	14.953	10.7636	5.01346	7.22916	6.80399	6.30137	1.06168	4.521	2.17137	5.46905	7.02767	6.44998	7.69507	5.34097	1.5667	7.00266	10.4065	5.60363	7.3396	14.9977	17.9142	18.2305	2.66104	18.2804	18.0479	11.9067	11.4674	18.0445	21.3419	19.7367	17.6321	15.8187	12.4904	5.30917	3.58877	3.36993	3.91717	6.88514	7.47864	7.34397	12.5388	12.4119	10.8538	16.4624	21.6519	25.8603	19.8177	21.128	14.6537	12.43	10.9682	9.06332	11.1747	13.3736	21.5709	22.3283	15.875	18.3387	29.959	12.149	25.3257	12.2277	19.4302	12.5067	13.1652	11.2298	15.2729	15.786	11.5227	22.7568	16.4848	7.47653	10.3101	9.80756	22.3161	20.3028	22.9133	24.6109	16.5779	11.619	1.49073	5.08051	11.4995	9.93978	22.7377
1.68417	8.10608	16.9027	9.58455	10.7648	18.1122	6.97601	4.12124	6.05474	5.97653	7.6412	10.1674	9.36876	6.64658	5.58463	11.712	12.2338	9.21273	5.7878	5.88323	6.29071	7.09138	8.40378	11.2521	5.7207	7.97668	8.25453	7.67637	16.516	7.70607	5.64456	4.47112	4.5232	6.54015	7.61594	8.22711	4.4854	7.12017	4.03154	3.4773	7.03278	2.24805	1.21107	5.49864	6.32526	1.45699	7.26995	4.56445	2.3777	4.17367	3.91757	7.84039	12.0533	12.5059	3.54551	3.45659	11.525	7.71917	3.1061	6.38769	14.6283	20.3663	10.3062	19.825	13.0309	15.8741	8.0884	10.4073	6.80998	7.5007	8.29099	11.5388	30.7233	26.8961	15.7211	24.0924	9.75835	11.4769	12.1376	9.72137	9.30794	8.91911	5.58306	3.77904	5.69832	8.47634	9.27964	6.19169	3.84642	4.19828	4.1155	3.31957	0.68175	2.48287	2.73299	2.45774	1.86496	0.510858	1.51445	1.90099	0.689455	3.0828	1.85417	1.79621	1.86559	2.3263	3.73671	1.45721	3.48572	2.13289	2.18647	1.32102	0.546391	0.640878	0.57192	1.53152	1.34109	2.5907	5.7874	6.65165	4.86982	3.71809	2.61822	1.26032	10.9964	15.1056	2.19417	9.16635	9.17144	11.4518	12.1071	8.47467	12.5703	9.3701	23.2934	19.7366	2.79901	1.18921	1.86144	0.280425	7.17486	22.5899	28.9391	11.523	4.03259	5.7115	4.25604	6.88096	8.18469	5.61765	5.75063	9.86411	15.1029	8.93701	7.0182	11.7604	2.37249	8.6944	10.2205	11.0778	7.59373	5.1223	5.5748	10.6842	8.71054	4.43021	4.13987	10.1121	8.50488	12.8995	16.8554	9.6679	6.48135	6.61275	5.69247	6.16388	4.21847	5.1156	4.48235	2.99903	4.67159	5.3818	6.15881	3.54522	3.13828	4.32982	7.82111	9.38395	5.53278	5.24172	7.53075	14.1058	22.7382	13.1949	6.82058	14.6849	16.0197	12.0261	14.4651	16.1368	15.429	17.9326	21.4079	13.258	6.16111	6.8361	6.25573	6.71917	10.1286	8.72126	6.56315	6.40722	14.2835	17.611	19.3064	19.5953	24.024	23.3902	19.25	8.13518	7.48598	5.84558	2.41949	9.17955	5.32013	18.9211	27.2449	6.66191	24.6104	18.6953	19.0539	20.033	16.7052	16.6393	13.8786	19.1433	11.8253	12.0942	18.1609	23.0094	17.4649	4.79455	6.03327	13.4641	9.49794	19.4003	22.3014	20.1246	23.7269	16.8978	10.3708	10.8825	19.624	20.6925	19.7459	20.8933
6.35091	14.1603	15.8067	1.88376	16.9728	14.9063	6.55044	7.17199	10.2635	9.88579	11.0491	10.9264	9.26085	7.28798	6.09996	2.88495	4.09265	6.48548	5.97153	5.42284	4.97182	4.92349	6.72548	14.6534	13.797	4.37492	8.27622	8.73918	19.7107	10.2559	6.60823	6.57086	6.33354	6.92551	8.99922	8.75598	6.78789	7.28258	8.67561	11.7358	8.96379	4.54413	3.96646	5.66356	4.67686	2.92816	7.02841	2.73895	6.97168	7.231	9.5833	15.2302	14.2345	8.91493	7.33706	12.0295	12.1635	7.12147	4.49747	11.8572	17.3692	23.5682	11.1586	22.9396	15.3727	16.0401	7.92429	13.7698	12.9917	7.27796	13.9884	10.7432	16.2801	28.3782	11.7826	23.2303	25.3731	8.67775	7.67943	11.7946	10.4954	9.68575	7.6596	7.68638	9.99212	11.1482	9.34017	5.99894	3.52736	2.80043	2.73965	3.15074	4.93316	5.78479	4.21289	2.50405	1.00063	0.919809	1.63445	2.31185	2.62167	3.20434	1.66027	1.45435	1.54363	2.8416	3.90929	2.19915	3.53425	2.05308	2.6522	2.19289	1.28488	1.17139	1.00189	1.63368	1.92421	0.919827	2.68786	5.28866	6.79713	7.49317	5.31201	0.690769	10.336	14.5351	7.84153	9.09026	6.48399	7.43381	11.5857	7.29044	13.153	7.86885	20.8526	27.139	13.9537	4.10723	1.67183	2.03654	0.224882	15.0582	28.6738	14.047	8.81966	12.8504	11.8399	14.9971	16.4315	10.6872	8.27044	8.68334	19.1305	13.9315	11.7207	15.0075	7.24137	2.11068	3.93907	9.88335	8.69775	4.90899	9.61202	7.76981	6.13209	7.987	8.79699	10.5126	9.8853	16.045	12.0628	8.89095	4.88702	9.85444	7.17924	8.83329	6.36886	6.94669	8.14148	6.85838	5.42304	6.06781	6.96852	3.10684	2.86361	5.69074	6.78307	4.61176	6.40532	10.9143	8.57829	7.17328	21.0026	17.1265	12.6213	5.18117	9.51306	9.14077	11.886	11.1002	7.28209	16.3327	22.5097	18.8697	13.6035	10.5962	7.66551	8.17772	12.6785	13.3377	13.3426	7.19593	8.58142	15.0637	16.8721	14.5777	18.088	18.3066	5.55738	6.21274	4.14603	3.01978	4.72051	11.4771	9.92556	13.057	23.6025	19.8742	28.8714	11.2265	19.9081	18.7928	19.8975	10.6086	25.8409	27.3836	21.956	25.221	25.0511	15.859	11.4512	20.4433	16.1762	13.6458	2.98363	4.53731	3.79857	5.16383	15.7681	21.3857	22.1193	19.2466	10.3497	3.96675	5.44242	4.74428
11.6265	15.3787	9.61176	13.2896	17.7909	9.18409	5.15586	5.90967	5.5327	6.78882	9.98482	9.12301	7.95974	6.24953	5.3501	8.09115	8.03162	3.39111	7.58914	5.94023	3.85278	3.4769	2.26148	10.5453	16.3254	6.92206	6.69197	6.92104	18.3414	11.9395	6.7375	5.78683	5.78691	5.83786	5.19153	5.57985	4.46746	8.81956	12.0127	10.4015	5.45871	4.48692	4.29462	2.82336	2.49972	1.45408	4.78958	7.84495	10.8705	9.96893	12.2265	14.3471	8.92397	8.16306	12.0481	12.2493	6.29401	7.59444	9.94412	18.8322	20.4588	21.6111	8.78956	19.6759	12.8677	10.9208	6.41724	11.5897	16.3609	14.0409	7.82714	12.5354	12.3877	21.989	22.6457	3.99253	16.2434	21.9053	6.97718	7.91471	10.6924	11.2206	12.1596	10.6158	8.87696	8.44349	5.06093	3.35808	5.06881	6.53841	6.99464	6.75846	6.04926	3.64254	3.12595	2.32422	0.939802	1.44548	3.16337	3.65713	3.41503	3.18977	1.66255	1.56647	1.19083	2.25576	3.63251	1.65119	3.04735	0.926182	2.18561	2.30411	1.91452	1.61448	1.26303	1.41362	1.70041	1.27192	1.49862	1.76115	2.97423	7.39392	8.61159	3.40672	6.14675	10.2021	7.06842	7.47609	6.89885	3.96231	9.0546	4.85381	11.2568	4.60591	10.8402	23.9164	24.1466	14.8901	5.89435	2.79496	1.87564	10.4442	30.7617	23.9723	15.3638	16.374	20.0588	23.9224	25.8437	15.7495	11.1392	7.59847	17.4461	11.5275	4.24847	12.3479	12.0996	14.9906	15.2441	12.4767	12.1639	13.514	10.9124	6.84429	2.52812	1.49531	7.78776	9.53213	13.3653	14.9683	8.69575	6.02664	2.39913	10.2391	6.74369	8.02427	10.7514	4.16	5.44658	6.21571	3.99108	7.81403	6.65677	4.26242	5.88313	5.87	4.04413	1.42948	4.37791	13.1509	12.0744	3.98018	14.4278	16.8256	20.2399	17.3007	10.7784	2.32719	10.0808	9.93725	10.302	12.1801	12.3392	13.9587	7.4994	5.95544	4.32538	2.31347	6.57527	8.82567	12.1931	13.111	11.4997	11.3966	7.62714	2.78951	9.77002	16.7177	12.9684	8.36834	2.2379	2.51758	8.65426	9.53809	5.39504	7.18003	18.5896	20.6056	18.8609	11.013	12.6383	13.9027	9.27023	14.2857	29.3749	27.2004	13.1772	12.1517	7.98963	5.78515	19.3131	15.1119	26.0978	16.7351	8.79277	14.8341	18.2068	15.0048	5.03977	10.6614	11.0467	8.48874	15.6101	20.2624	19.5892	14.2577
15.5754	12.1669	4.47299	17.8526	18.4302	6.92436	4.58493	5.21016	7.20089	6.46647	11.5132	11.1813	10.7084	11.681	9.89643	7.61228	9.89006	10.5072	5.73946	4.56148	2.93942	4.576	6.76861	8.70475	13.1753	13.399	8.92587	8.53327	16.5825	12.4008	9.14442	6.31119	4.35433	4.97531	4.99797	8.78729	7.85091	7.34597	9.37429	5.37117	3.92749	4.1363	3.75962	2.48301	1.0122	3.03083	7.48392	11.1188	12.6638	11.5634	11.0747	11.2259	9.70953	14.6625	13.9642	9.2908	8.0359	12.5145	22.2432	26.4427	25.1684	19.5334	6.72672	14.9554	8.27542	6.25449	13.791	12.2036	15.5352	14.4153	6.66405	6.83433	9.40228	14.2945	14.7335	13.4791	3.88484	23.7882	13.2338	2.01774	9.33801	14.0419	15.6702	14.2259	10.1356	9.71633	12.1633	14.6959	13.7569	10.4195	7.64006	5.91674	3.05835	2.42468	3.53751	1.93118	2.46938	4.84166	3.88712	3.26606	3.48303	2.68463	1.96589	2.20196	2.17238	2.35495	2.82075	1.32085	2.34633	0.50463	1.51177	1.94274	1.91858	1.75009	1.53592	1.48426	1.52134	1.1048	1.79391	2.41147	2.42452	3.12715	7.55426	6.28445	4.42034	5.99227	2.38241	5.83662	5.42813	3.32919	7.09419	5.2034	9.36412	4.72223	4.40247	12.7043	21.851	21.3233	12.8531	5.69419	3.40214	5.9145	29.7878	31.1694	18.2882	14.7575	18.9517	15.8746	24.9736	19.3456	13.5895	8.14647	10.6918	10.09	12.6531	5.26944	8.46389	15.9657	19.1358	16.4606	11.3859	12.1979	6.84053	5.23559	5.5808	3.64653	5.98175	11.0382	12.3682	6.23168	5.79345	8.81212	9.79364	3.87052	6.75911	9.47197	9.59155	3.39957	4.89136	6.62856	7.32906	11.1322	3.42004	8.25185	6.39173	2.65647	5.30421	4.39303	1.6343	9.10328	16.6182	1.71014	8.78997	11.0501	13.0827	17.358	18.4966	13.5263	3.66275	13.4097	17.7934	15.6471	13.7528	17.7927	13.5784	11.0743	8.55347	7.73034	10.0118	12.0154	8.97844	4.16449	11.4053	17.6553	16.5275	7.89743	6.73731	10.4169	11.5747	6.89755	4.46731	3.54885	7.68083	7.34382	11.0507	10.9425	11.6505	10.5421	3.22042	11.9511	2.83634	1.55727	13.8867	16.4425	24.9625	28.2058	21.4205	15.4693	11.2859	16.4172	9.98563	17.6707	29.7748	17.4281	14.1442	16.9334	18.6512	17.0556	17.7253	15.8454	23.3127	20.8314	18.3981	13.5166	14.6873	11.3417
13.651	6.46503	0.390557	18.8677	21.2114	9.15797	6.35911	7.71062	13.3621	13.0255	14.416	12.5697	13.5616	12.952	13.198	6.76965	6.03909	9.40623	9.20817	5.46829	7.31668	7.8989	8.43119	10.9362	14.8328	15.5631	6.97377	7.06626	12.8829	8.57331	7.10465	6.50765	5.56375	3.93146	6.43979	10.3132	7.73246	5.19934	7.06505	5.14815	3.23594	3.86841	3.99123	4.4515	5.11986	8.28867	12.2737	11.653	11.5215	11.5457	10.6652	13.3971	18.0033	19.8636	16.9618	12.4186	13.0082	19.9623	27.549	28.9707	27.7934	19.5498	14.3759	12.4971	8.79887	9.5858	23.1389	14.389	8.32371	9.20465	17.8013	22.0297	17.4709	17.2029	21.8084	26.1253	13.8644	18.6395	17.8918	8.74205	4.25287	12.6145	14.8194	12.87	10.8435	11.7164	12.1648	11.0726	9.7463	8.3139	5.32249	4.35619	3.63651	3.71096	2.53578	3.03191	7.18248	6.33273	4.43897	3.42637	3.00459	2.47618	2.69449	2.98109	3.02461	3.2781	2.55572	1.83817	1.83322	1.28158	1.57245	2.03431	1.7198	1.57862	1.616	1.73078	1.74115	1.63232	1.3017	2.01981	1.73323	1.52108	3.74758	5.27504	3.21842	3.05011	1.81698	5.1317	3.80652	2.52077	4.87509	4.46858	7.44013	4.45372	2.80651	6.09305	16.0697	15.8636	12.8033	12.0951	6.8466	0.548237	22.1052	30.8762	20.4072	19.4469	21.5683	10.7055	22.0896	23.0283	14.8047	8.39503	7.30131	3.48218	3.22579	7.75327	14.9365	13.5919	10.7975	11.2842	3.16025	7.20766	5.76147	5.59733	6.15584	7.93446	6.80446	9.18308	9.97024	6.59529	13.8296	6.30342	8.18239	5.12912	6.5178	8.78461	9.38469	8.46212	10.0197	9.35091	8.79843	4.76304	9.85234	14.6927	10.9123	9.98816	11.6034	13.9066	8.8062	1.56712	16.6576	10.441	3.58179	1.89608	5.33147	3.69583	5.02938	14.1573	10.1569	4.4978	15.5633	17.1412	18.1171	26.2136	22.4172	11.443	5.75385	3.15401	5.90096	11.4253	12.1393	12.5073	8.59045	10.0807	11.2377	6.62142	5.11594	7.13371	11.073	11.995	7.09528	5.63409	6.47162	4.0872	10.3484	12.3217	11.1596	7.1041	6.79322	7.92359	5.11879	6.76243	14.0136	17.7082	21.1163	24.1442	20.3756	12.809	16.5666	6.78923	12.9147	21.4012	20.0966	13.5223	15.5871	28.3064	12.4147	14.7588	16.0591	26.7364	29.2237	21.9066	12.1859	7.40671	12.1255	11.6699
10.5977	2.27898	11.2134	24.281	20.7681	10.0391	8.58564	10.0022	10.289	6.02747	6.85159	6.47663	7.7037	7.53577	14.8096	12.1559	7.22974	6.59075	9.78601	9.46552	6.61864	7.72936	8.86758	15.1158	16.3576	7.25292	5.27596	9.88343	9.3273	5.67899	4.22222	4.85396	6.23793	6.88912	8.76793	9.54231	7.35032	6.10876	5.59518	5.34566	2.1092	4.16899	6.60737	8.13803	10.7498	14.503	14.8256	11.1051	12.159	15.1439	15.7651	14.5564	13.864	7.17726	5.73856	10.73	18.6462	25.2275	28.6859	26.8612	20.4359	16.664	18.9831	9.79535	5.83447	18.3743	15.7825	17.6598	21.795	25.7954	25.2278	26.998	24.1554	20.6597	21.6342	28.335	26.9774	13.073	23.5756	13.6505	3.03439	12.1996	12.5663	10.1269	10.4069	8.61294	3.99987	3.84574	6.79057	6.32499	4.09473	4.63415	3.9789	3.012	3.70691	7.74991	8.39992	5.23529	4.25099	3.96307	4.10709	4.1963	3.80616	3.18012	3.29809	3.55111	3.15845	2.99066	2.61739	2.7432	2.99764	3.24685	2.82546	2.40986	2.3397	2.43895	2.13906	1.91054	0.955915	1.55082	2.25816	1.21244	1.89986	3.21673	2.39121	1.06499	2.80485	5.03669	3.56933	2.11584	3.43281	3.77503	4.51583	3.00377	0.473793	8.29479	17.7581	6.87153	15.882	22.5529	16.6995	6.62094	15.8678	32.4936	23.3504	19.6457	27.0715	14.4374	15.201	21.8211	12.5195	9.95636	8.10484	9.14034	11.9547	15.0479	16.3977	5.80075	6.55727	10.7515	5.35325	7.30421	6.72869	5.65346	6.22163	8.95038	6.44714	7.5325	7.09157	13.2988	14.5014	12.1949	15.2752	7.8227	3.64803	7.99528	7.30645	2.70443	0.644908	1.78951	6.86339	15.7924	20.8129	18.2215	12.2955	11.3478	12.4921	10.3376	9.73513	8.98145	9.06081	13.0067	12.0329	11.3527	11.1856	10.1341	6.61238	3.27919	13.939	20.6171	23.2207	24.0989	20.8767	8.23245	24.19	28.9211	21.0652	13.5629	10.6145	16.8046	16.6279	13.8474	13.5245	11.2155	7.35586	4.02066	7.70845	8.71972	16.3604	16.6215	5.68197	11.9515	12.979	12.3862	12.3823	8.4288	9.5338	7.88903	9.20505	7.29081	7.9667	5.78283	17.2736	18.4179	21.6558	23.7565	12.6467	14.7658	10.7071	19.2761	19.5402	12.5992	10.6386	14.8509	7.26047	31.3478	22.1633	1.21056	19.2096	21.7886	6.45441	8.59657	4.35558	7.05662	14.7622	8.8569
6.22791	7.16646	22.7686	24.7472	13.4842	8.98977	9.76384	10.8735	4.86298	4.68498	7.70536	7.65613	9.16911	6.39847	8.60979	15.084	15.1105	12.4515	11.2796	11.4798	6.50754	9.46084	11.349	15.8731	8.1338	5.96312	7.3335	4.56665	5.38235	5.58526	3.07408	2.49026	5.58398	7.34277	7.56415	8.64295	7.78645	5.15684	4.29003	3.70078	3.0574	6.43356	9.16301	11.1443	13.7489	15.201	13.7357	13.2558	17.4291	18.9699	14.902	7.38379	5.66041	8.8536	3.72289	11.7661	17.277	21.2572	23.3461	15.4186	3.99521	17.8677	22.7949	13.7482	13.3466	11.7988	16.0294	26.3722	26.4519	22.2035	14.7863	18.9684	15.0957	10.0274	12.0701	30.408	34.5198	1.85965	22.1534	19.3038	4.55696	10.7312	11.9865	9.34764	8.36071	9.39353	9.27792	7.01564	6.26363	5.3369	3.97263	4.28623	2.85706	3.69452	7.07336	7.84351	3.67113	3.32248	3.76024	4.87864	4.8667	4.04273	3.17155	2.5788	2.6706	2.93497	3.67258	3.77844	3.17516	3.20734	3.16039	3.50558	3.72303	3.3953	3.02681	2.90101	1.96818	1.43325	1.64853	0.543921	1.21544	1.18827	1.7637	2.27125	3.1469	2.27166	2.14524	4.64504	3.19124	1.91371	2.70234	3.08708	2.31694	1.20885	3.53545	11.3374	10.6957	13.1089	14.6351	20.1223	21.9775	11.6605	4.63027	28.0743	35.6205	31.9221	32.4499	24.1601	23.3272	16.8714	4.33263	9.03697	9.70407	11.3377	16.3078	16.7424	11.5454	4.23741	11.0238	9.46466	5.56918	5.08488	6.04554	3.52522	5.10513	7.26408	5.04771	7.35081	3.435	13.2311	12.3467	13.0497	7.14425	2.41338	1.67548	9.76552	1.1212	6.7011	9.37305	13.1818	16.6556	16.5501	12.3915	9.60979	5.99084	6.87198	7.73364	5.42047	9.53837	12.223	2.2455	8.11567	9.88719	7.66675	1.90425	6.73522	5.83082	5.3765	10.4797	19.3472	24.1308	24.5936	21.9158	20.176	4.95153	21.312	25.8664	25.1599	23.3745	20.0131	9.04999	8.76481	8.96421	7.51558	7.33838	7.12705	6.22109	4.56767	14.0634	18.516	16.4736	16.5484	12.7623	15.5843	20.675	2.48887	9.77105	9.48992	7.71735	6.52386	6.05558	14.3687	16.7781	8.91333	19.2043	26.5967	20.1723	12.83	21.2647	19.4324	10.5101	7.65434	8.15038	11.6718	3.90485	20.4484	26.2113	20.3749	15.8438	4.00179	21.6057	26.0233	20.8192	14.4425	16.4152	11.9499
2.9152	17.5004	21.9714	16.1434	5.70337	7.13477	11.1603	8.93702	11.056	9.27151	7.58763	7.40256	11.832	9.02097	7.16175	11.3207	16.3279	16.7331	15.0489	15.0029	12.6137	13.6865	14.0649	11.0769	2.92491	9.54963	3.38892	1.1535	4.8618	6.69657	1.2992	2.93397	3.31048	2.26166	3.46829	7.30387	4.46032	0.933587	0.839803	1.88805	4.94238	9.38591	9.64541	9.83689	10.9336	10.8253	12.4684	16.1372	17.5613	11.93	5.96843	6.94337	2.41597	13.185	14.797	13.2231	13.2875	18.2275	15.9928	2.92241	14.1456	22.4974	22.3185	8.28856	8.7172	20.2215	21.9803	6.81489	3.71371	0.312913	15.855	23.801	18.3802	10.092	2.72707	28.4941	37.2909	17.7551	13.9758	21.3171	11.0725	8.4086	12.8846	8.08853	6.7767	10.6801	14.0656	13.6835	9.70307	5.48748	3.34446	3.44176	1.98549	6.66508	7.88218	4.65743	1.80431	1.47977	4.03175	4.42069	3.31701	2.75074	3.13011	2.5932	1.51062	2.51145	3.29896	3.21718	2.73125	2.7827	2.24849	2.33037	3.02712	3.27541	3.09997	3.20231	2.23005	1.42912	1.63866	1.50172	1.61091	1.13825	1.16296	2.05173	3.44638	2.63976	2.04198	4.4335	2.69661	1.29174	1.20867	1.16296	0.558769	2.88397	9.17772	7.53491	5.82406	10.4384	3.4683	13.7612	20.4092	13.0159	10.8408	3.75958	25.6693	36.2973	34.1346	28.563	22.1811	7.0121	5.78321	8.46289	9.1505	12.6654	16.4848	13.2144	6.73046	12.7044	10.108	4.59452	2.16193	4.46385	6.93379	4.19081	5.53036	4.52646	6.28785	9.18447	2.05652	9.6771	7.53929	2.91766	3.89175	4.27617	2.65707	10.4802	2.80694	8.33351	6.49428	13.0111	9.11864	2.14527	9.04385	9.45181	5.04913	5.42981	7.82258	4.50973	8.41384	10.0116	6.86277	0.595109	4.25084	5.61122	9.19873	10.4966	8.64647	9.52536	12.2399	14.1298	13.4009	12.5142	9.23583	19.9524	21.1379	4.66383	13.2436	29.5683	33.1468	19.0886	15.1408	22.3292	16.8897	12.088	7.47937	4.18658	1.34773	1.56813	6.77755	10.1021	12.1281	8.7167	5.51528	14.2782	22.7832	7.65739	7.38996	9.68192	6.80277	5.86078	12.5596	12.5237	10.1262	13.2754	20.2658	26.2858	18.9887	21.6674	19.2218	15.8458	21.681	20.6616	16.8734	14.8596	13.8092	5.40011	24.3063	28.3513	19.2475	19.243	26.0005	19.987	20.4079	18.8758	19.6674	14.3092
11.2084	16.7126	13.9245	14.6039	9.07119	8.85565	12.4338	8.49786	9.22247	11.7933	11.744	11.2726	14.5057	9.60526	7.60102	4.83043	1.78846	5.48271	7.66695	9.84113	9.94133	9.11887	7.85995	3.66667	8.29286	8.14672	4.40241	4.26632	6.51152	5.68699	1.11114	1.34426	2.82631	1.54156	4.51834	6.16569	1.70153	2.32972	2.62879	5.1127	11.0054	13.0491	10.3209	7.53914	8.90894	12.0049	13.6914	10.8059	5.29326	1.98109	5.5212	6.30811	11.4886	18.1667	18.498	14.7733	14.042	16.9639	9.23273	12.3793	18.8495	18.7099	11.4587	9.72784	16.7513	16.8334	6.89364	16.8147	17.5828	21.552	31.8952	32.457	24.8987	24.9248	21.2702	20.7654	29.5614	13.7929	26.2532	21.9475	12.7963	5.01258	13.802	9.8876	10.2529	12.3048	15.046	17.5911	16.4932	11.0142	7.04383	6.60741	6.36512	7.84618	5.23604	4.41779	4.48966	4.38908	5.60726	4.27463	4.24966	3.59971	3.63706	3.39427	2.36981	3.32722	3.38406	3.43273	3.18179	3.37463	2.93043	2.70675	3.12754	3.8665	4.21949	4.61774	3.74899	2.50527	2.23193	2.42899	2.56505	2.49066	2.06441	1.60917	2.93797	2.38133	2.20807	4.79223	3.77532	1.59387	0.874061	1.46318	1.69092	5.72055	6.03261	4.59894	8.92185	3.54649	4.82286	11.5562	16.554	12.374	18.3832	19.1856	6.57904	30.186	32.0632	24.6776	18.7505	17.3897	14.8302	13.4635	11.2081	9.35197	6.76853	2.34497	8.08982	14.0711	9.03594	5.83863	3.81784	9.39679	5.14106	6.5003	9.80059	8.40362	6.9881	10.6826	4.1824	8.66032	8.17836	9.06417	5.71262	2.8664	6.08528	10.1298	3.34816	10.2019	8.45057	9.28271	5.4716	1.89674	8.54367	11.4663	6.93153	1.92891	2.96813	4.43853	8.27003	7.3427	11.3038	9.10647	7.31413	11.2534	12.8565	12.8759	14.1676	18.3193	16.281	10.7276	11.011	12.3805	12.3813	17.1842	19.1807	16.7922	0.366501	30.4332	32.0878	17.7513	26.278	18.0993	11.7747	6.72203	5.4802	9.45179	8.77036	6.49195	5.1745	7.5575	10.339	5.91927	4.30628	11.317	21.4309	13.1937	8.7196	7.44734	1.67613	7.54133	16.3113	11.5614	1.65859	3.11518	7.61531	18.1718	21.6093	21.6289	18.7999	31.889	33.8358	30.4695	21.0572	14.6635	18.0312	3.02878	23.4664	19.3661	16.1519	16.9378	21.722	15.1979	15.144	14.3037	7.62932	2.62727
19.0153	12.253	9.38837	18.6774	14.6145	10.8599	11.3607	9.04558	7.68752	9.80707	11.2903	11.5236	10.0624	4.63842	3.03076	8.74927	10.0067	6.90604	10.7423	8.79401	5.24014	4.94865	7.42237	8.22941	9.64289	7.93212	6.13705	6.37716	6.46664	0.426851	1.85867	4.13365	2.98459	5.05346	6.02462	2.59607	2.12772	2.36866	4.7576	11.8035	13.5793	9.41033	6.95385	6.47391	9.58956	10.5466	5.39113	5.15254	6.89036	1.8294	5.28311	10.6883	15.0937	17.8351	18.6254	14.5794	15.1891	12.2508	1.77841	12.745	15.185	9.24008	4.79713	9.98973	11.7908	4.21549	16.5102	17.5257	16.1192	26.0262	29.3584	20.841	9.20343	15.7484	28.6099	31.3541	26.2339	11.7115	22.6412	10.434	7.67931	2.54633	10.8228	7.66949	10.4414	11.6693	14.2586	13.484	14.0741	14.663	13.8474	12.8293	10.0618	6.95825	5.33757	6.07319	6.57812	4.40021	5.99177	7.82197	10.8202	11.4375	10.2286	8.42455	5.15621	3.25408	2.72464	3.25353	3.42522	3.55984	3.17554	3.16432	3.51964	4.0152	4.77814	5.85741	5.33639	3.76966	3.16369	3.22	3.31312	3.29055	2.9077	2.50821	1.98783	1.09896	2.04223	4.05351	4.67452	3.97034	2.39555	2.99128	4.36789	3.20414	7.27012	9.5167	5.10198	0.384382	6.03143	10.7819	7.97656	14.6347	17.9582	25.8966	5.89043	17.6479	23.8379	21.8763	24.673	22.8559	14.566	10.166	8.17349	3.84137	6.50678	10.3688	6.63994	9.11476	12.2839	12.6291	6.47664	15.6108	3.57157	11.8773	7.12615	7.41607	8.34428	8.90383	3.34944	16.1968	12.114	6.32877	3.5987	7.13417	10.263	7.20163	7.77347	12.9427	3.98683	8.32545	8.04476	8.08909	8.56072	8.59484	5.67686	4.9429	5.91826	1.4249	8.94337	14.9084	15.8291	11.9788	4.02627	9.3024	12.1147	13.9717	19.5429	23.8827	20.8939	13.3034	12.8159	16.9872	11.7767	18.7293	18.6834	19.6806	1.51895	30.7211	23.0222	24.5724	26.3219	19.7127	19.811	5.2087	7.41253	9.29307	10.3962	11.1092	9.89758	8.67276	9.7696	7.4957	6.61691	9.99624	19.4474	17.4479	18.5661	17.2976	14.4818	9.21534	16.5514	14.2368	7.5502	13.8129	20.2801	21.0126	15.2496	16.1125	31.1216	28.8034	27.5568	29.1828	26.3345	24.1346	20.5318	11.7696	26.1462	8.02825	3.56193	7.86988	19.419	16.5673	10.4724	12.7046	6.32517	14.0333
17.7889	19.1382	16.4661	18.552	17.0587	6.43518	8.8217	7.17682	3.90391	2.67156	1.80105	2.24877	4.67363	10.2552	12.7633	9.70066	10.4775	6.06951	10.1443	8.85133	10.0584	8.09034	6.35705	5.89091	7.52061	5.19191	2.6392	3.34821	5.13454	5.98907	1.15133	4.14786	5.74116	5.30597	3.83565	2.22474	2.56211	3.76885	8.93046	12.467	7.48474	7.12175	7.15003	5.65409	6.46986	6.7412	3.11	0.190863	8.26749	12.3485	13.1236	12.886	13.488	16.2381	18.3437	14.5202	12.6574	9.02666	9.88899	12.7246	12.1775	4.43123	7.8453	8.21551	8.04221	5.94126	18.5594	19.9442	27.8993	20.9478	5.64377	16.253	25.1139	25.2849	17.7693	7.10685	12.4685	19.573	16.3689	2.04775	10.3843	9.03528	11.421	5.69514	7.22164	7.12531	16.6268	12.4871	8.84524	9.9547	10.258	10.8602	10.4008	9.42744	9.98827	9.59329	9.97002	6.15256	7.48725	12.1493	18.7139	21.4586	20.8636	19.2971	14.8339	8.21213	5.07538	5.06288	6.42094	6.07736	4.8499	4.33636	4.34594	5.15733	7.03173	8.9936	9.21243	7.67748	6.26976	5.29375	4.74572	4.46396	4.38338	4.13441	3.36253	2.21711	2.25601	3.97687	6.00261	7.08089	4.77367	4.9916	6.1782	6.86183	10.3435	10.1336	9.46816	6.61714	9.51696	6.08617	11.2349	16.1471	18.976	29.6565	10.6552	13.3892	24.5814	29.1424	27.7848	19.7213	14.673	9.95576	10.8177	11.7911	8.61452	6.33781	7.6217	8.08471	13.5044	16.7963	8.17801	18.9762	18.2762	16.8746	9.73549	7.33645	5.71016	0.657351	11.1005	12.5532	4.53194	9.51946	9.05425	10.4136	12.9728	2.36542	13.0867	8.75352	4.96056	3.33395	10.9868	9.73744	5.03567	7.22864	5.29023	6.17529	8.79122	6.68006	9.93265	10.2246	14.1694	12.876	9.37994	11.7391	14.6035	17.6897	23.5523	19.8371	17.4884	20.0288	18.7702	18.0236	6.98914	22.1853	19.8191	18.9056	2.65716	25.4861	18.7233	11.7186	4.21435	16.3184	17.8019	9.40299	2.01921	3.90428	3.11002	3.74462	4.30904	2.98446	6.56405	7.75105	4.7369	7.77138	10.8942	7.4928	11.6226	11.1486	12.5709	15.914	16.5924	15.7591	9.80046	9.51223	9.18511	7.82718	11.6916	19.6947	17.1123	6.33465	21.9065	24.2225	28.6028	32.2139	25.2043	9.00625	24.5651	16.7492	10.9643	9.78125	19.8191	13.7896	11.6238	17.4037	11.9501	11.3229
10.0172	13.8364	18.6533	16.8517	13.8098	7.1524	6.51019	1.08022	4.16214	6.71551	10.1075	13.3661	15.1939	14.4452	9.46494	5.69025	8.34742	1.289	6.29963	7.35337	3.1197	6.23927	4.75417	2.52613	5.6067	0.620543	2.34953	6.51227	5.79354	8.69128	3.61881	5.53612	4.69748	3.20692	7.2373	5.46324	3.3467	6.18541	10.5926	8.77026	6.65032	10.9989	9.71822	5.20119	5.33387	7.30552	10.0215	11.0591	11.9979	12.8735	10.0236	12.9648	13.1684	14.0694	15.4972	11.922	10.0784	7.84075	12.7181	12.5829	10.3241	7.62024	11.2415	9.84161	3.71069	8.07834	22.6588	33.1673	34.1202	8.25926	22.004	32.5411	37.4486	39.3956	42.2599	37.7874	32.6899	28.3657	15.9604	14.0329	19.4768	15.8852	16.2795	8.66944	7.42808	6.8717	16.4361	13.6927	8.87074	6.2972	5.20645	8.79432	10.2086	8.60791	9.11868	10.7582	14.4324	12.1522	5.42933	12.5829	12.7705	16.803	20.6321	21.528	19.9918	13.3706	8.49523	9.66705	11.3821	10.2508	7.57674	5.60725	5.04231	7.02809	10.3362	12.7347	13.4911	11.7125	9.36129	7.36863	5.97681	5.38087	5.31875	4.70662	3.68452	3.06482	3.67033	5.63968	8.07952	8.78298	5.02391	5.50962	5.93116	8.75567	11.0748	11.7165	13.2108	13.9521	14.4951	9.27411	16.2257	10.447	20.6335	32.34	13.414	16.7881	26.9997	26.0118	26.8035	19.4469	13.3264	10.556	8.55908	18.265	10.9648	5.44347	5.22603	13.0361	15.413	14.5666	7.55427	17.0719	21.9618	17.4052	11.1282	7.70859	6.04987	5.60586	7.524	11.6574	16.7504	17.4188	18.5921	16.2966	8.68035	1.82704	11.6716	9.77784	2.72715	6.85725	12.2596	7.70963	5.97414	2.68566	6.6796	5.77116	11.6976	8.50612	7.57623	3.78118	11.4851	14.9412	17.7565	24.7853	21.8232	13.7246	23.9622	13.6078	3.96152	9.75056	11.6042	9.4811	5.25102	24.3198	20.9588	11.3638	11.9514	12.1199	12.7374	14.7221	24.8115	20.4451	10.83	6.91576	7.66791	6.27715	4.75271	5.04154	8.3498	7.6149	3.44761	2.50969	4.97189	12.2641	9.86945	5.14703	6.25175	3.91168	6.04342	9.05479	12.0206	13.0444	8.35583	5.67316	4.44913	3.8315	5.63245	7.86058	7.84865	10.2207	11.9353	21.1792	27.4106	31.8828	29.2415	10.91	17.7837	26.0818	23.7378	16.5089	15.8889	7.19581	20.015	23.997	17.049	11.3369
18.6574	15.7472	8.98681	10.2996	11.4106	7.55024	2.80683	4.98449	8.54449	12.5168	13.5936	11.0164	5.78723	2.48383	9.1494	10.352	6.63085	0.515503	5.28135	11.0186	5.89125	9.06056	5.1845	2.74598	7.25837	6.17509	11.3294	11.3319	5.88694	8.44738	10.4194	6.827	7.63133	9.24988	7.73473	5.54305	6.90182	8.95288	8.49906	8.49726	11.2356	15.0918	11.0664	12.6951	16.7439	18.216	16.4468	12.8589	13.7687	12.4625	11.543	15.4345	16.1095	12.7165	11.326	10.0813	5.58242	9.81195	14.9312	9.10386	6.77059	7.69044	10.9113	7.61344	11.2307	13.7061	22.4284	34.9517	25.0989	15.8642	32.6216	21.9996	13.8821	18.1052	32.6259	39.8647	39.6026	34.0341	25.2735	17.6149	18.3604	14.0133	16.5671	11.1775	8.74949	8.47113	14.5257	13.3737	8.65163	7.44725	15.6689	17.0398	13.4027	6.11602	9.0786	10.2842	11.4748	11.1164	6.85643	8.96495	13.8039	7.72383	6.05655	8.27876	11.9308	11.4186	9.48449	16.1224	15.775	13.6612	9.58439	6.02381	5.62073	8.58979	13.4562	15.8919	18.4226	18.0182	16.4087	12.6243	8.58293	7.12623	6.63487	5.59153	4.77757	4.2533	3.39179	3.14085	6.37682	7.25547	2.80908	3.1824	1.52722	5.38553	10.0818	9.96272	10.3856	15.3997	15.9209	9.80223	8.087	7.4114	21.9889	30.9093	12.9319	20.7866	26.2576	18.7084	25.7968	23.2794	16.2944	16.5547	2.74484	16.6005	15.0997	15.0384	17.375	10.6232	7.63498	13.393	12.23	4.99396	0.410533	12.4617	18.6582	16.8998	6.14534	5.9645	9.04695	9.02113	2.60007	4.08435	4.01794	4.83041	8.68134	11.6772	6.45232	4.08992	8.5618	9.5863	9.86088	8.41985	2.56776	6.6793	6.23484	9.86446	9.30623	9.64387	11.0319	6.47351	5.10243	3.38225	10.413	22.2044	18.5869	12.4996	15.4508	20.6165	16.8478	11.4781	4.76683	4.38129	8.13869	24.4312	18.8155	10.2721	19.1915	21.9255	23.4526	23.3084	15.3693	5.2893	2.48355	5.05602	6.42568	4.90197	5.38938	5.94119	8.4886	2.67441	3.42101	1.27961	7.07737	15.5645	10.5103	3.72444	9.92967	6.31789	2.76819	4.97194	7.71404	8.29463	6.09842	5.07274	4.5785	8.86074	13.5788	21.0567	26.7619	27.7496	22.9489	15.3675	21.6391	27.3338	26.437	20.955	9.09901	8.50122	16.133	15.3093	5.61032	8.82634	20.5471	15.6119	12.2549	10.5086
23.6952	24.6107	17.672	10.2684	4.16131	3.10662	7.98369	8.87134	11.4984	10.8623	7.13652	5.3262	9.89431	11.2965	8.33951	5.57102	3.76982	4.36209	5.21379	12.8371	8.95589	14.0541	9.70324	5.95983	13.1804	11.9821	5.64087	5.0587	7.0974	1.38048	13.1073	11.7114	10.4024	1.96087	13.8695	18.1711	19.2811	16.7067	13.1069	17.4993	20.4639	18.1846	13.136	14.6212	16.6808	16.8094	14.0292	12.4808	16.0242	15.2069	15.1784	18.2203	13.3845	10.3355	6.40394	8.02788	6.35923	15.2411	12.9418	2.43237	5.97849	9.10114	9.22166	4.55126	15.4009	15.9939	20.2002	35.3504	27.5563	15.5175	33.3587	31.3532	30.8652	23.5468	7.13493	17.7374	24.8657	28.2485	28.7494	19.994	15.5438	13.5188	15.75	10.8978	5.83097	7.70423	12.5297	14.9585	6.35471	13.5892	18.4508	15.4893	16.0774	10.108	10.8925	3.62965	8.07587	4.95239	9.10586	4.90489	6.98456	13.5393	16.6582	15.7368	11.323	6.58593	8.0578	14.3249	11.0321	13.5907	12.0416	8.90011	6.86609	10.8828	17.9976	17.1615	20.2856	20.535	17.9182	14.4281	11.5241	10.269	9.50336	8.63809	7.13353	5.65871	3.97558	1.42928	3.73614	7.66103	5.47337	1.82659	1.52824	6.6811	12.0116	8.89195	6.07308	12.8785	12.4004	9.08716	4.00179	13.8285	18.9643	24.6251	10.3888	24.526	25.26	12.1178	20.4862	20.7619	17.8932	20.5783	7.2023	8.46143	8.66451	12.4925	20.7484	15.5814	11.7404	13.3142	15.4675	3.25351	17.0677	24.5048	26.8158	25.5284	21.3374	8.00919	8.88436	14.355	17.1463	13.8868	13.5226	14.0097	10.4645	11.6014	12.8708	9.61049	6.63493	14.2483	12.8745	9.85915	7.66371	11.3738	6.07757	12.6591	4.29125	8.06823	11.9726	12.0533	13.9053	11.5433	19.197	25.3866	11.8478	17.3376	3.57965	13.746	18.2916	16.2396	9.78609	6.50803	10.5135	19.6045	15.6927	14.3858	17.8364	21.8962	22.0587	15.1223	3.18079	5.08641	4.56538	6.49741	8.25717	7.44773	6.84754	9.52711	14.5564	13.9837	7.05882	9.78049	10.6433	18.9676	15.31	3.78114	7.04159	8.90281	6.83006	7.72375	10.4958	7.91105	10.9771	13.7136	12.6419	13.7576	11.2934	17.2331	21.7908	24.7676	29.436	23.1796	19.8827	25.0661	22.0854	15.7656	20.9437	14.7806	1.1197	11.8058	13.8117	13.2938	3.57923	22.2817	29.9435	29.7145
14.8915	28.0615	16.3149	12.9315	8.77293	11.6275	13.2951	12.9505	7.73335	4.18077	12.3541	13.5973	10.9727	3.06025	4.14081	7.97777	8.77334	5.96107	3.31462	14.5198	10.2163	13.6202	17.1818	16.9299	9.43876	2.96109	12.9595	15.3954	11.7377	10.7156	7.10322	4.9771	6.77935	19.167	23.9265	23.4497	21.3573	19.5092	16.8461	14.6073	14.3891	8.53898	5.9204	7.28722	14.8657	12.4175	5.60857	8.85867	12.6794	12.3611	13.9747	13.8857	5.74514	5.87166	5.38882	2.71571	6.71312	11.368	4.87641	4.62177	5.7125	2.6737	5.32964	9.11347	6.83522	13.6571	21.3788	34.7988	29.8972	3.08525	21.6713	21.39	25.4825	33.876	29.8965	20.2657	10.2119	11.8578	23.0325	21.3323	11.4643	11.6252	15.4224	13.2281	11.2551	9.5822	11.2124	13.4245	3.26562	11.5238	6.32459	6.36719	13.4534	14.2749	7.94252	4.28651	6.9152	9.57363	9.77778	9.3155	6.75306	3.56336	6.17631	6.53009	6.26499	4.23865	10.9656	13.395	2.60233	10.5629	13.9085	13.4744	11.6216	11.5802	15.5488	9.76173	9.93105	15.0171	15.1658	9.92249	11.4396	13.8101	13.274	11.6686	9.14502	6.68129	4.86343	4.29378	2.95107	3.89783	4.79088	3.61117	3.31111	5.34774	12.3723	9.69434	5.3202	8.91024	7.44172	6.09874	11.3273	17.3891	15.0397	19.8646	8.56413	26.6122	24.4332	8.40959	11.5847	15.1508	21.8388	26.1489	7.37908	12.2554	8.77145	5.43522	15.7845	11.9975	22.089	26.6776	9.86837	11.8336	21.4624	19.5587	14.0947	14.511	22.6375	19.9037	24.2086	22.7101	12.4779	5.74655	9.85774	9.7313	4.54882	6.50256	3.30423	14.0404	11.0117	4.47736	14.6903	16.4876	10.1852	6.9269	8.75564	11.6447	4.0382	6.3642	7.22091	9.02443	9.52628	9.65002	27.1652	24.5778	2.32908	13.3728	12.092	3.33591	9.47156	14.8908	11.6054	9.56651	8.92308	9.69677	14.2265	10.0761	8.56119	6.95755	6.97224	4.08847	3.24745	3.90525	2.72384	2.80863	5.67898	7.66422	6.67827	5.36669	5.22616	10.3282	7.02245	14.714	11.4646	21.1296	18.6942	9.12573	3.57035	8.96491	4.88961	2.02046	12.5662	14.764	14.261	12.7519	10.6715	14.8885	18.2886	13.2961	12.381	19.405	15.7477	24.4096	22.9236	13.2964	16.1833	22.4564	25.673	24.837	15.7294	4.74747	19.3823	21.4484	19.6657	20.8028	21.5563	22.1955
12.9196	27.3184	11.5799	16.6409	18.2862	17.4903	11.0588	8.28805	5.43094	8.79054	9.49197	5.77723	3.07171	10.4578	9.87947	5.229	3.11785	5.16539	8.93953	19.4121	13.6252	11.756	11.2782	7.39278	13.7291	18.8649	19.6639	15.4464	15.6683	21.2162	21.0652	17.2657	21.6491	18.697	17.0033	18.9881	19.1548	16.6937	15.3283	14.3289	17.348	10.6729	4.47164	4.42869	13.8324	14.355	7.7045	6.32071	9.82076	9.03792	9.44604	9.92783	7.47417	8.87047	8.67105	5.82562	7.14317	5.97258	4.53299	5.29105	2.74305	4.42453	6.57448	10.0262	13.7229	17.9101	24.3656	31.9927	22.1543	27.1068	34.2147	30.9535	17.5842	13.3659	29.6211	30.2501	18.4714	5.6716	11.7995	17.2844	13.1904	9.91355	17.1916	20.0357	12.1235	8.51476	9.24907	8.29286	3.0121	5.60838	8.2069	6.34179	1.50994	6.68633	4.94755	4.30008	16.1558	17.5505	13.8673	11.3884	12.1017	11.9907	11.8823	11.2739	7.93896	4.08112	9.7254	12.5512	5.61572	5.18656	13.2081	19.2884	21.4547	18.1965	10.1867	12.2822	10.2234	16.8742	17.9528	11.2149	16.7389	19.0764	17.9498	14.2361	11.1049	8.766	6.68736	6.3796	5.46159	3.85259	5.99923	6.79711	7.89677	6.90132	5.07961	11.0301	14.8478	11.7053	5.15148	6.58278	14.6152	14.3328	12.931	19.7507	9.61728	25.7683	25.9697	9.96869	11.744	13.6643	23.5721	26.7093	23.3856	19.1913	17.8711	8.26764	7.01803	12.3906	29.0807	26.712	18.5269	27.4196	18.3094	9.39478	11.9428	2.52742	17.4919	16.5606	18.5577	12.3627	13.0405	10.8193	16.5473	14.0338	13.1776	7.23377	7.69549	6.44803	15.1808	13.2193	0.446332	10.7533	7.46166	5.39963	13.1344	5.30102	5.37303	7.50268	6.72902	7.12442	4.2458	15.0888	24.0961	20.8038	14.9905	7.04569	8.48266	7.69486	5.16534	9.65696	13.2972	12.637	6.73598	2.94866	7.56367	8.945	0.857352	9.23325	11.3447	2.37397	5.61798	2.95007	4.79889	6.60266	10.55	13.6523	13.3663	8.35709	7.16172	9.14166	12.6203	16.2196	12.5078	21.672	23.3714	23.065	17.3768	18.4367	12.8178	10.7545	5.12399	6.67432	8.12116	10.5822	11.2096	11.4105	12.9126	14.873	16.7522	28.2202	14.7263	19.0655	24.3425	17.1261	5.54618	11.386	21.3954	29.2626	26.928	17.5988	5.19782	15.3881	15.7902	10.3537	5.21653	8.28439
13.7836	14.0686	14.5037	20.2862	19.5276	10.8594	4.77661	6.46126	6.07208	7.95159	13.1732	14.432	10.8909	5.3831	3.47823	6.34433	1.86294	7.76329	15.021	18.3334	5.54396	6.45149	10.0278	15.9482	15.9454	14.596	17.3904	18.2766	20.0944	20.3317	19.302	15.5274	13.3445	3.21657	12.4947	18.2732	12.5668	7.35814	9.78713	19.2739	22.2993	16.5207	12.0031	7.69782	17.7757	16.4873	10.4732	7.87182	10.0723	9.43562	8.33824	10.727	12.4067	12.8056	11.3031	13.5214	6.44516	1.56878	2.51106	2.74415	1.28736	5.02045	8.04185	12.1861	17.741	28.216	27.3093	27.4534	1.99123	32.455	32.847	31.5646	31.8231	21.0494	10.8758	17.5869	19.452	15.8466	10.8986	5.66601	9.65388	9.98416	19.097	22.1603	15.328	11.0511	8.82204	7.03088	3.469	0.741687	0.659254	5.58897	1.71887	6.14614	7.38717	9.37488	16.5182	13.0373	15.1663	16.1017	18.1809	17.8206	16.1576	14.4404	12.0044	11.0639	13.6268	11.4706	8.5949	9.16918	14.6416	19.4539	23.4233	23.2314	17.1992	13.5524	10.7464	14.361	17.1565	15.9466	19.1111	16.7278	18.0139	14.9807	12.1326	9.65873	7.63245	7.17938	6.34941	4.04578	5.23706	8.64736	7.0429	7.34153	4.65013	6.33166	11.3517	14.1858	14.8443	5.79498	11.412	19.8956	21.6112	24.5078	16.3166	15.8017	28.4987	19.3287	18.2613	19.5487	21.5778	19.1917	19.4294	16.0066	12.8505	8.22147	3.1613	10.7034	24.5958	26.01	16.8583	23.2976	5.34173	5.96125	14.3456	11.9858	11.6038	13.1481	12.2366	12.9477	11.2732	14.0796	12.4262	11.4312	12.7042	13.5328	11.0023	7.81215	9.69342	16.3226	11.7113	4.2264	12.2965	14.1106	9.81634	4.88758	6.47772	6.20779	6.72404	4.84828	9.30141	13.387	17.0219	20.8479	19.6877	8.92436	1.28734	6.44362	7.35886	1.73319	4.90619	7.06384	7.63201	5.1722	3.02555	5.63578	8.66284	9.27945	9.22501	5.41159	6.18085	3.51662	9.43632	9.70819	8.44805	6.21739	7.68253	5.45178	7.34836	11.5025	14.7821	10.502	8.58485	14.2488	21.2954	28.2879	28.5875	23.2977	16.3641	15.7222	20.3252	29.3615	28.8855	27.1626	24.7912	18.9986	10.3339	4.5754	11.8491	26.8267	29.5402	18.0826	12.8885	22.7726	23.2224	14.653	6.52178	24.0898	25.7606	21.9776	18.5363	13.0881	9.23028	13.2935	14.7493	11.0896
18.5271	12.0816	13.9612	11.148	14.3367	17.0393	12.7793	8.21134	3.7965	6.68572	12.6374	14.293	9.56974	8.44769	8.47686	0.919711	9.55079	14.3764	16.2208	6.10359	11.1042	15.3919	11.6114	9.72871	15.1167	14.2391	11.8085	9.20365	5.80583	4.96008	8.05247	8.50342	3.76324	2.6144	13.4983	22.729	12.0235	5.34515	6.04447	18.2941	14.5643	9.72825	14.6868	13.5173	15.549	14.7781	11.0271	11.8448	13.0073	11.8867	9.53203	14.1163	14.6627	10.0013	16.3987	19.244	5.25928	2.41215	5.12747	5.09847	6.50621	1.07743	7.52035	20.1388	28.506	27.5064	21.0047	20.0457	15.8278	33.2567	11.0082	10.4966	26.178	29.6349	25.0084	6.93667	17.7609	25.7305	27.4884	21.5816	5.9147	7.07679	16.1776	23.311	20.0378	15.2203	12.1951	10.5764	6.63489	5.14665	7.29607	13.3934	14.1401	14.5477	13.7177	9.38033	17.6979	3.96975	14.0647	19.2871	20.1034	18.2724	14.5335	10.915	11.0741	19.3661	24.031	22.5123	17.5576	14.8312	16.7111	15.1633	17.3343	18.5288	17.5683	7.16094	5.99889	5.58971	13.9753	18.6707	16.6257	13.5707	16.8575	14.8817	12.9758	9.81988	7.99724	7.05672	6.97881	5.93881	3.1297	9.06672	5.6333	3.40653	6.59413	7.0779	7.75471	6.33442	10.8733	16.6381	5.68916	9.55907	16.9326	22.8026	25.528	6.53491	20.4967	21.9852	20.973	26.0642	23.0388	16.4792	13.155	23.1202	15.752	4.83762	3.6953	9.43108	15.8316	24.4388	5.55177	21.7012	18.4722	7.93811	17.1701	14.557	5.14449	8.10299	4.7055	11.2299	9.85727	13.7153	8.82065	10.3291	9.07525	13.4709	14.4307	12.1857	9.77815	13.977	13.5142	3.55742	16.4033	13.2997	1.36133	8.66864	7.29997	4.75242	5.50198	3.9868	9.02863	12.8324	16.1081	16.9293	20.0547	14.9039	10.2929	6.05932	3.77751	3.88126	5.3187	7.38812	7.09831	2.9429	2.89472	4.50496	10.2174	7.89334	4.50029	10.0702	7.55944	6.65904	12.8616	7.63805	2.17944	6.53994	8.65384	4.32041	3.0299	8.03077	8.69822	1.17779	7.352	3.95007	13.1778	19.5653	23.7747	21.0743	23.7872	14.0846	25.6424	26.6144	26.4773	33.6202	34.6176	33.0394	29.8245	19.3257	3.94148	15.5628	30.6164	29.9843	17.8442	13.5903	23.374	19.7635	0.628188	20.3141	18.05	14.0767	18.8028	20.6814	17.4842	16.1589	15.6489	17.7382
20.6243	22.2567	27.531	16.3368	8.9345	21.1896	19.4597	11.8107	10.1323	15.4921	11.2348	13.1407	17.9931	18.0887	12.886	19.3077	18.6266	13.6225	4.42063	14.2614	21.4028	17.3972	12.8543	11.0554	17.6156	19.0024	13.9174	8.12305	4.68442	5.6239	5.58398	9.59507	12.2498	11.5024	11.2502	25.5497	15.0473	8.90275	8.47898	16.0507	12.795	7.32902	12.6386	14.687	11.6168	15.6558	14.1291	13.5922	15.639	13.2056	9.71703	13.6988	10.0777	8.60923	22.5975	20.4037	4.40255	4.10684	5.95918	6.88112	10.7739	11.5628	10.2831	24.8241	30.14	10.8133	18.2558	21.0563	18.6916	30.025	11.9569	12.5109	5.60705	17.2866	19.8824	21.0734	2.9265	8.77629	17.9964	27.9299	26.8605	20.0137	6.4246	16.3461	22.1934	17.3797	13.7117	11.4535	8.67768	16.1965	22.8266	24.342	20.1778	18.7946	17.1334	8.37931	15.9366	9.50838	13.6218	13.0751	14.1742	14.9504	15.8573	6.90247	18.046	27.8367	28.0951	25.5448	21.3073	11.4714	11.0864	10.0631	7.28848	11.946	16.9172	12.9346	10.5026	11.8442	16.2378	17.1316	12.3225	13.2734	15.7095	14.4007	15.9016	16.6457	15.5421	14.1459	12.4895	10.2907	6.11442	5.90583	4.48448	10.4885	12.9899	10.761	9.57207	10.1082	7.94022	17.4223	16.8021	5.422	10.1857	16.9699	26.7866	26.8479	5.6541	11.6405	17.897	28.0436	28.1719	22.1462	18.2834	24.6681	20.3381	5.88603	6.9914	10.0019	12.9725	26.3074	13.4796	20.8445	24.4803	24.7544	18.2608	20.4405	16.0994	7.40192	6.2591	2.58502	13.871	16.8936	11.2368	12.3269	10.3809	10.5368	9.43039	7.14746	8.77831	12.4429	12.7996	3.86068	16.0687	11.7352	6.23974	7.86443	6.78543	3.048	6.14527	7.03819	1.69378	5.69281	11.0377	15.8965	20.8625	23.6131	23.9002	19.1242	8.20307	3.03055	2.55935	3.94993	10.2632	8.61292	4.42669	8.63181	4.23447	12.3415	5.668	2.89823	1.65099	6.93285	12.7369	3.7446	10.67	5.9329	1.29653	3.29304	8.87886	9.52873	5.66782	6.72331	3.29437	13.4571	16.8663	16.5286	13.7999	17.2366	24.0049	12.8004	21.9368	17.0339	14.063	14.7589	13.6241	21.3161	30.3837	35.1787	28.4327	17.2519	30.8564	34.5754	18.9947	17.7155	26.8719	12.1747	15.4719	20.9029	12.6973	1.11777	2.88042	10.2786	4.3479	3.23336	3.5766	5.76334
14.4794	17.0593	25.176	27.1988	12.8555	8.35044	17.5338	17.9716	19.5587	14.366	4.97367	2.74482	14.6242	24.2379	25.361	21.6252	12.1058	6.75147	18.7639	25.1891	21.5599	16.2839	14.5268	12.4442	17.1744	18.0891	13.2065	7.33293	5.53266	5.85482	4.61153	9.11359	11.0404	13.4376	10.4046	24.1497	17.1849	7.84031	8.6908	12.1889	12.3817	6.06267	8.5414	10.4564	8.63177	13.2863	17.6256	14.1798	12.6918	9.14563	7.02861	8.02346	5.75244	17.094	25.0926	17.1908	5.75638	6.65593	3.99153	14.8214	16.2876	22.3432	20.3904	28.0855	19.6307	19.283	22.0229	27.2472	21.8716	30.6853	10.3838	7.48864	10.5527	4.93959	15.7758	21.5001	21.8718	18.3741	14.0278	9.26574	18.9775	16.1669	17.0266	2.49606	18.8524	15.0882	13.6062	10.7583	11.7019	24.6321	28.1478	24.0418	16.5774	21.8623	14.582	11.8139	14.3821	10.0504	10.8236	4.87907	15.4072	14.4165	15.9294	3.80461	23.4652	20.6767	13.7873	11.9205	15.3216	11.0228	5.21258	9.75853	9.32746	1.64579	11.1948	13.7039	12	10.7306	7.94168	3.94621	6.17166	10.0817	12.4381	12.0284	14.4648	16.4535	14.9914	13.5139	13.366	11.1842	8.49969	6.87622	4.88654	9.49005	11.1389	11.0412	12.9164	10.6081	7.998	10.7951	19.3734	11.681	5.13153	4.4848	14.7358	28.1235	24.6055	4.90451	5.67157	18.5686	24.7763	24.2494	23.7071	21.7552	21.0479	12.7443	6.85814	11.5296	10.4148	24.0374	26.1752	15.861	13.827	27.5865	19.8337	19.7996	18.6103	9.0269	6.9282	13.0653	6.98954	8.74157	7.10053	10.7927	10.0213	6.82179	5.71436	6.53311	8.85449	10.8034	11.8547	6.88994	11.8739	11.8358	5.99396	5.50798	6.12994	1.83458	11.623	6.41917	4.96109	2.61568	3.47284	8.98356	12.4394	15.9407	21.5372	21.3507	10.5826	7.84009	4.22661	9.84617	10.7142	10.5692	5.82161	9.06931	16.3381	16.0344	11.7409	10.4005	10.0993	11.7078	14.3675	7.85796	15.4552	3.33454	10.0659	13.4089	13.3131	7.85349	6.1742	8.93656	7.34386	18.8033	15.9236	9.66319	10.746	17.3977	17.7236	10.0548	15.0935	7.56248	13.2342	18.5043	18.2148	14.7492	10.85	26.5309	34.1739	22.1742	32.9167	33.649	9.64049	23.9307	21.6118	12.8655	23.0133	19.3823	15.2694	13.3793	12.3559	12.9199	8.68342	7.79714	7.40236	12.5857
6.45389	10.63	15.3794	23.8966	25.4269	23.5183	20.5389	14.05	12.9371	15.387	23.7316	24.4442	19.6715	10.1238	9.28285	12.8934	10.2649	21.4577	23.1778	20.5104	16.4336	14.5587	15.2078	11.9746	10.6099	13.7382	10.4243	5.24712	2.35952	5.49772	7.70475	9.04719	4.39676	8.56296	15.0175	19.1733	15.6834	8.27932	9.49153	9.72744	11.2877	8.49196	8.30495	9.27529	13.8289	14.7828	18.5912	13.8834	6.72532	4.97908	4.21747	1.78452	11.161	19.5708	23.7887	15.2388	11.0784	13.23	16.2274	22.4567	14.1127	11.6501	18.4886	16.4936	12.6476	21.6228	12.5061	22.6856	22.2361	28.7245	13.8914	12.2408	13.5372	5.70415	13.5827	16.9007	18.4408	18.9667	24.169	7.75914	24.3344	20.2071	8.45493	7.82476	13.838	10.8873	14.6138	9.31132	15.7722	21.3328	12.5472	7.99375	17.201	24.4337	11.6409	15.5546	8.97527	2.20302	12.6938	14.4078	8.834	13.6066	20.1313	8.71048	23.1605	12.245	5.84455	2.34899	9.69844	16.7418	16.0812	8.69376	3.98147	4.98416	2.42729	4.84677	2.11341	3.38319	3.00857	7.18974	8.5629	4.79528	8.32679	10.6238	7.25077	8.26437	7.06274	5.26921	9.69308	7.15071	10.9527	12.656	13.7556	14.2117	12.0247	3.80163	3.60824	5.85327	7.19846	3.99322	9.85903	10.6381	13.5406	20.2665	22.2863	19.6662	23.7505	10.5915	2.10296	4.45018	19.8413	29.9413	23.1559	20.3585	21.4594	15.7427	6.68586	16.3556	21.8746	25.3525	19.6768	18.7119	9.95372	14.9297	19.066	23.2255	10.6761	7.63159	7.61935	15.3818	10.8523	9.65857	3.41885	8.23879	10.0462	9.53205	12.2434	9.94965	6.03464	6.26116	11.1414	12.0675	1.9541	10.9114	10.7097	6.30263	4.91011	4.16901	11.8626	4.83459	6.67048	2.23482	1.64547	5.02566	3.07107	2.22527	16.3226	20.1077	8.22557	6.49009	7.49545	5.37294	5.89284	9.45158	4.09977	4.42863	13.0701	6.13419	19.4338	11.7771	7.58034	14.118	20.1124	14.3032	26.845	26.704	23.977	25.1445	20.2871	7.58264	2.91518	9.81854	8.01434	15.3107	12.6594	12.1831	18.2155	10.3793	12.819	16.8879	13.8881	13.8222	18.9215	16.1526	10.8063	13.2504	23.0801	9.66507	29.082	17.6797	26.6322	28.0035	3.26522	23.3354	20.0416	22.2781	23.2906	17.38	14.3326	11.0672	9.53865	18.0049	17.6026	12.8444	11.2357	15.0966
7.02572	2.14472	10.4199	20.8587	25.8049	22.5876	26.4831	28.5634	27.8189	28.2918	29.7357	27.9343	30.4437	32.2119	31.5193	25.598	8.25406	22.1904	19.7496	13.7652	12.42	11.5162	9.98693	10.456	2.32778	10.9584	13.4611	11.7268	2.65195	1.84436	6.35704	6.16597	5.65142	13.5144	22.3817	19.0957	10.9167	13.233	8.64322	10.9858	12.7637	13.5461	11.4341	11.4633	14.3473	14.2427	12.7683	10.7328	4.09426	2.9702	4.69863	11.545	19.661	22.5669	22.0814	16.9984	14.9219	17.156	18.3073	6.21483	11.3265	15.3713	14.1781	21.7649	32.9807	23.8477	19.403	26.1639	24.7258	23.1662	9.87886	14.0012	11.6038	5.23995	7.43804	10.1579	10.4704	19.4626	23.5607	12.2031	31.197	20.2532	17.6407	10.0889	9.42661	4.77854	13.6004	11.0123	17.6391	14.1563	7.68195	5.00218	19.1437	19.0217	12.4281	13.6957	4.12697	7.43181	12.9391	14.5719	10.2685	11.1746	23.9098	11.0042	23.6492	11.2589	10.023	12.923	14.7381	17.715	17.4885	14.8629	7.86671	0.628119	8.22616	8.66642	3.79354	4.29617	4.17014	8.74602	9.11755	6.74362	2.46879	7.31919	9.51508	9.43607	9.67934	7.74209	6.77345	3.05898	9.06341	8.45973	14.895	20.0989	17.1315	5.30029	3.69533	2.34866	4.73294	3.43059	5.25756	8.97381	19.8767	27.1546	27.4149	23.5759	17.8358	10.4208	2.49115	1.42535	22.8719	32.7477	15.7429	18.8844	26.7997	23.1712	12.3122	15.8524	19.3048	14.9313	4.77767	11.8057	13.2309	7.48993	28.4807	23.2521	6.48242	4.65819	10.2158	4.83161	10.6683	14.0438	6.65206	2.03555	2.07546	6.26418	13.8271	11.2213	6.48194	6.86143	9.44548	13.3117	9.16383	5.01233	10.0169	8.70728	2.66984	4.06195	9.39025	6.76834	5.45137	3.91963	4.60621	7.51408	3.60756	3.17263	14.9348	20.7097	12.5037	11.7225	10.4638	6.76418	10.8573	7.92007	3.19962	6.14513	12.4262	7.03754	17.7339	22.0882	17.6576	13.0978	22.7281	14.9697	20.6063	30.5161	31.0313	27.4701	25.8257	20.0763	11.487	10.5962	6.95002	12.7406	15.3665	14.9018	20.0097	6.03529	13.9949	16.4548	15.3626	20.4667	23.8585	21.2143	19.1146	15.1147	17.5922	20.4051	16.3405	23.4333	17.5192	27.1586	6.09292	18.5538	18.3952	23.9193	26.9645	25.6424	19.5035	14.5239	10.6365	22.0011	20.243	22.5681	20.1417	17.7245
12.8043	7.18475	3.00765	5.7802	15.8009	1.85399	11.1971	7.78283	8.75451	15.5427	16.9862	10.4725	14.6961	18.5258	14.6424	24.4893	9.96503	18.952	20.5165	20.2343	12.346	5.7884	10.6656	16.4898	11.3255	10.6493	10.7896	13.9833	9.29136	5.83775	5.41469	5.96187	12.2626	19.8413	22.3856	18.1492	16.7352	13.9998	10.2216	12.2019	18.1633	18.8137	14.2241	10.3057	7.13389	2.1182	4.84071	9.12081	3.38191	5.27011	13.9041	18.1714	19.8984	14.8158	12.3611	9.30674	8.42749	8.34543	9.81275	19.659	16.5625	17.8594	23.3685	25.9509	22.6401	17.2633	11.3295	16.1798	19.036	18.9072	12.819	11.0824	6.72664	2.38373	5.23999	10.6916	14.1879	25.3177	16.2385	22.1244	26.8721	6.19427	27.8216	13.9004	6.46275	2.81946	7.07946	14.8369	21.0713	15.0539	5.74917	8.7714	17.6681	7.34898	14.6172	11.1927	11.3416	9.57686	9.8544	7.27849	16.8876	6.0092	21.3979	11.113	28.0591	20.0167	19.435	16.9616	13.4237	11.563	9.7676	9.92155	7.90177	6.51055	7.32879	2.78927	5.31789	5.67667	6.06611	10.173	8.1486	9.9508	13.7785	0.835318	11.3101	12.2376	13.9911	10.1118	3.38721	2.75005	9.10417	7.18836	15.1578	25.9671	23.4462	16.0275	20.1332	21.3902	20.5931	18.0165	15.9939	17.7253	15.5558	5.33964	10.2439	8.07608	8.76474	5.75389	2.71269	1.87487	20.9219	32.0446	17.9798	14.8932	22.276	21.1995	12.9547	5.55574	20.3806	19.995	11.4621	19.2943	13.7061	18.6671	28.0711	13.0459	6.34645	16.2165	17.3726	10.8294	5.09763	14.5368	8.40442	10.9691	13.447	13.2482	6.05909	10.0332	13.5417	8.54075	5.49065	9.27168	13.0764	8.9761	1.80235	7.43109	0.958523	2.7261	6.50955	4.07644	2.57124	2.71024	4.2199	8.84404	9.06954	9.87282	14.9705	21.3246	18.8737	10.8281	8.5662	13.6513	10.8991	1.32671	2.39492	5.2957	12.3652	8.31544	8.68046	14.579	17.64	15.6867	17.5771	15.8775	13.5653	11.2949	18.3669	16.7917	23.8605	26.3133	21.399	16.2911	10.4785	12.7066	17.5457	13.2386	21.0882	5.25668	7.77131	5.09609	8.01725	15.9284	17.6191	14.2967	18.1861	19.3027	13.0549	18.438	7.06975	22.4901	9.21477	24.9888	12.7384	10.1058	14.4333	21.0181	19.9572	13.6829	17.1149	19.4081	20.3591	20.3499	10.4368	10.9644	11.989	8.01426
11.9636	9.33679	8.1478	10.7354	14.3653	3.6713	11.607	7.79365	1.02226	14.1085	10.702	4.54488	8.0641	4.69756	22.2714	26.3066	6.36377	16.6718	17.5944	17.9221	14.6311	17.4261	21.7884	15.1379	6.87014	7.65693	4.04881	13.0742	13.5147	8.87265	5.76239	9.31939	20.9835	20.9875	16.2558	15.4161	19.9072	21.9764	20.391	20.7143	21.0792	18.5678	14.9063	11.4466	5.65204	3.96747	5.74425	13.3596	8.5629	8.74397	14.9716	15.6115	9.19171	8.16694	12.765	13.2741	18.5561	19.7902	20.1016	17.0877	10.9445	16.889	19.2559	16.07	9.84116	14.6689	9.13393	9.6943	11.0449	14.0533	8.76746	8.10598	6.8119	3.34656	7.4542	12.1896	11.2842	21.6931	6.73856	26.4989	20.6985	3.96629	27.8601	20.584	5.3562	11.8178	17.7386	20.8408	15.861	6.58489	10.4737	9.78436	11.919	15.9137	16.4786	12.7729	16.0635	14.3058	15.1158	20.5456	18.265	4.97028	17.047	7.95244	27.6918	16.0817	17.8848	16.7757	15.2644	16.7733	16.5089	13.0884	8.7097	6.91475	9.86215	8.99155	5.82091	10.9189	1.06622	12.5911	16.1173	11.5038	13.5387	12.6032	6.43958	9.73127	16.5307	19.0359	12.1743	16.3837	17.0134	17.9824	30.597	33.1105	20.1189	3.68886	2.09444	1.80008	4.01556	6.96082	3.61065	6.38349	13.0622	27.0835	28.2814	22.945	19.1392	15.595	14.7641	9.75571	11.5315	27.9704	18.7596	12.4953	15.9568	17.4324	17.9103	8.34838	6.90158	15.9964	19.835	28.9613	4.06346	24.4007	16.8088	11.0669	20.1549	27.551	15.6262	14.4914	12.3152	7.28341	7.62948	13.7466	13.2325	8.81124	9.99741	13.4335	16.1487	14.3645	8.13059	8.4083	11.6937	10.3192	2.90301	5.48708	1.86293	2.41992	4.59775	1.16389	2.27179	4.89355	3.27931	5.86656	4.7094	6.35673	9.58667	9.92818	13.415	9.89439	7.93964	13.9341	10.2592	5.27266	5.49664	1.92345	11.6267	16.4032	4.90476	4.32606	2.89541	7.22418	11.6979	10.6427	12.875	16.8145	14.3985	5.90482	10.6845	21.7717	24.1596	25.4252	12.3641	12.2721	16.5273	9.65757	20.1613	4.91244	8.38963	10.4397	6.47633	9.46545	19.0565	14.5035	11.1421	4.47669	11.8622	19.6438	15.8444	17.9133	20.7114	22.5946	16.5594	8.60918	13.2669	15.1954	6.6789	14.4554	9.27386	5.80923	3.4248	9.64968	9.23494	6.71209	7.38332	13.2997
8.29156	7.55304	6.99477	5.69495	5.21792	5.02442	3.4673	4.3661	6.05312	13.9969	10.577	6.53516	5.1819	8.59014	24.6245	22.3778	7.64832	13.712	15.5259	13.4861	11.308	8.54965	5.99477	11.4549	20.5549	13.9674	8.87027	1.95896	13.2244	9.38051	7.90342	17.0273	24.289	18.9469	12.4144	14.2484	17.1467	21.4498	24.274	23.2911	18.3363	12.3874	9.18081	8.38055	7.47112	5.60864	10.3589	15.6341	7.47989	13.4329	20.8334	15.8937	2.40486	7.23022	12.4199	8.744	8.01136	5.77169	10.4416	10.0557	10.9321	16.123	15.5391	13.2296	9.8183	13.0817	10.5872	8.49393	8.07559	6.84462	9.37045	15.4682	11.7184	10.8799	11.6916	11.2127	13.1458	15.351	9.23196	24.9198	16.1916	3.60684	23.0628	20.7827	10.586	21.2148	19.521	12.7675	5.18065	4.50419	6.5437	15.5789	21.1617	16.8548	11.7339	10.8597	14.8812	8.16315	12.4801	17.0777	9.32924	10.0881	12.9212	6.18639	25.2961	21.0106	8.79555	7.92638	9.1346	13.2296	17.151	15.7998	10.3645	4.81463	8.98849	9.98023	5.498	10.8972	11.5502	10.8921	20.0653	17.4481	7.20234	15.815	13.4651	8.32254	8.8004	25.868	24.7769	10.91	7.3514	13.9415	26.1347	12.8902	11.2636	23.6229	30.1142	32.2938	30.3777	28.6706	28.2975	26.366	24.3845	19.015	12.5244	14.9793	14.0868	19.2403	21.237	20.901	3.99072	25.1628	23.8217	9.53163	12.3737	17.9896	19.1191	12.0292	6.96393	7.93084	28.7721	32.8864	3.08305	21.9961	23.4224	28.6199	25.3609	16.7483	5.29401	7.64679	8.509	7.81708	13.585	13.3417	10.838	11.2657	17.7199	6.01863	12.6584	12.0961	10.0848	9.64687	10.8761	8.88783	4.3948	3.47152	1.09586	3.5188	5.65068	1.56306	5.02129	5.98942	4.22855	4.55622	8.09397	18.2821	17.5709	14.0492	16.8334	8.96053	3.10395	14.4976	8.01596	3.98165	1.597	5.45329	8.60958	18.8018	6.47562	6.0156	3.66591	7.93267	6.36132	6.95839	20.9308	28.9686	30.1973	24.7344	13.8387	11.2967	23.7981	28.9974	13.8275	10.7751	16.1148	10.0592	19.9005	7.90346	11.5382	14.52	9.98609	5.80114	9.76954	15.2621	19.9269	14.5895	12.459	16.5746	11.1252	10.3411	17.7405	23.125	17.9654	11.033	8.57052	2.42369	12.5885	18.904	20.0748	16.4284	17.2436	18.0501	14.9233	9.52795	15.8125	22.6627
5.67138	4.24585	2.31673	2.30688	2.61859	5.15728	2.07595	5.16059	7.6763	11.5135	11.8987	8.17575	1.79526	12.8411	21.907	15.1178	14.1472	5.97619	11.0695	14.9758	13.1562	14.0512	21.4522	23.1461	17.8215	9.34478	12.4277	9.18276	10.1032	5.48775	8.90351	23.8507	24.3594	15.5351	13.6483	16.6549	17.6991	17.5889	18.5246	17.954	13.8082	7.39338	3.58423	5.08967	5.78778	6.11364	9.57281	12.3071	2.7246	11.0427	21.2301	17.6862	1.55563	4.90562	6.19383	6.57425	3.67321	6.49119	6.90665	5.92775	7.81461	11.1281	7.45417	8.26088	6.37293	6.80647	4.39404	10.7795	7.61624	4.29198	16.4763	15.8159	9.81592	11.5897	13.3151	15.3147	18.5724	0.662221	22.5808	19.7496	7.05375	12.2959	16.1222	14.5805	6.29002	18.3864	9.33832	3.66162	7.21978	6.90735	13.0153	14.1098	11.1419	10.5904	9.48979	13.9115	16.4364	2.93514	12.5218	7.60175	7.75172	11.149	13.9688	11.0246	12.2291	23.3183	21.8123	14.0608	6.16768	8.05953	15.1108	14.0012	10.6397	8.67549	13.4779	0.140879	14.5373	15.4718	11.9122	11.8625	25.3998	17.7723	5.55709	11.5106	20.1809	24.7812	28.6434	29.3095	20.1073	17.0486	16.6414	20.2014	24.0242	26.3242	27.191	28.8509	31.6715	32.8792	29.5456	24.6596	25.1815	25.4154	14.3181	1.84823	12.4917	8.27137	13.9128	11.9819	14.3875	25.7411	18.4057	19.2314	28.3484	9.33836	10.0622	20.8443	19.7471	8.33396	8.53235	5.27136	24.9362	36.7825	15.7336	12.34	31.0607	32.5645	15.4682	9.82395	8.52137	7.65197	5.20597	10.0038	20.1944	11.861	10.1711	18.4211	14.7311	13.1719	15.7677	11.429	8.38874	9.50395	10.0279	7.15941	8.33009	8.79024	7.98058	5.19265	2.69499	4.10359	5.1352	3.84339	3.25618	7.80919	14.2634	17.6278	6.73152	1.27641	11.7086	6.03537	4.37665	15.3852	8.79698	2.52544	0.0445491	5.74629	13.7007	16.7756	8.77995	10.0591	12.3506	6.89018	4.07662	19.4311	22.4666	22.79	25.4682	25.6798	29.2792	18.459	20.9636	29.8856	17.4157	14.0565	15.6419	12.0437	17.1977	8.62474	8.03769	12.4521	8.53382	14.4526	15.128	13.6052	18.1218	15.5925	16.5339	16.3567	5.17168	3.8985	8.25718	14.0126	7.64074	3.30078	9.01297	9.86326	15.1462	16.0084	15.0919	15.5606	10.281	9.99907	15.5026	4.71764	17.4432	20.3005
9.04907	7.46196	4.94411	4.88982	7.679	12.1361	16.0504	16.3095	8.66341	6.38377	13.3144	10.8925	1.6107	14.8614	16.5593	10.9649	10.119	6.89448	17.8406	26.5829	22.303	12.8086	9.30972	7.32005	7.00798	1.62671	8.3112	11.5455	11.6626	8.14146	13.6024	26.242	21.9288	14.4096	15.7555	20.4714	19.1965	14.8605	12.2022	11.1425	10.184	10.9933	6.79463	4.45969	4.9949	8.08767	3.83936	8.15276	13.8805	17.1778	18.359	15.7494	0.935534	7.46806	4.89823	7.50853	4.93896	6.5939	7.30056	2.51369	5.77621	10.9985	6.67035	6.27569	8.01497	6.6953	9.74367	9.55752	7.33879	8.95062	14.1027	15.7228	11.4077	10.9089	9.17737	13.8413	9.82216	21.9319	25.8791	12.4804	5.19261	11.845	7.50255	12.1695	8.08334	12.713	10.714	3.16425	4.42084	3.28058	7.11814	4.64522	7.87007	9.69111	8.32627	19.2025	13.3493	16.0082	14.996	7.58502	8.99215	13.4155	19.4829	18.0131	7.88683	11.6596	20.5517	17.3915	10.4815	7.45382	16.4185	12.0836	8.31291	12.8063	17.169	7.81327	16.828	11.3564	12.4879	22.4133	29.7297	20.3773	15.0731	19.4462	23.2545	27.5196	27.6241	22.8223	5.44767	31.4806	24.1777	32.8048	36.8067	32.8297	31.5077	29.3737	28.2304	23.1246	24.522	23.9602	21.965	22.5829	18.7489	13.5927	10.073	7.50688	5.37254	6.68283	12.7594	24.3849	32.7382	5.00917	27.3634	23.4745	15.7174	23.2341	22.7509	15.8786	14.5795	11.9713	13.3834	30.8711	25.8123	8.87673	32.2324	29.1935	18.4012	8.68028	10.332	10.6804	11.7994	12.9611	20.9187	11.7239	10.5178	20.8302	6.91646	13.0384	15.9445	13.8949	7.39007	5.21266	8.97553	6.86901	4.88091	4.09978	4.12038	3.74363	3.15911	6.01637	7.40531	2.00956	7.62365	8.31986	12.3837	14.2946	11.4123	11.3332	14.9028	13.2923	8.16309	12.5014	9.85042	3.83398	3.37249	6.39014	10.1644	8.34289	8.37242	4.40272	1.08748	2.94382	6.28479	19.2882	11.2085	11.1015	19.474	18.218	28.1523	26.9751	15.2067	30.4932	25.7237	19.4642	12.5786	13.4151	17.3844	19.2432	16.215	13.1434	15.2981	14.558	18.7137	20.1884	11.632	8.30136	21.1333	23.3824	12.2103	6.73002	13.0278	8.56156	12.2441	23.9005	27.3054	22.7684	14.0796	13.6638	4.47179	9.14188	6.73146	5.84	15.9203	5.8182	21.8977	16.2221
5.66716	7.94782	8.749	6.49572	4.71351	7.45132	9.05587	4.87154	10.1272	6.43711	16.3808	12.2215	2.43629	13.8206	13.8626	10.991	12.1006	5.51121	22.5801	18.1833	4.81802	5.28264	4.7842	1.61519	3.45913	5.18546	2.00872	2.30257	7.44594	10.2596	21.0304	27.5744	21.0592	19.8543	19.6624	20.7024	15.2933	10.0976	8.2258	5.17109	3.20752	12.2366	13.8582	9.71842	4.90202	1.89393	4.0014	1.97987	6.98797	9.48928	9.48405	10.2906	8.64961	10.373	7.88882	9.59891	6.61329	10.1962	8.88745	5.50552	5.36983	10.1506	6.59939	5.7231	8.83081	11.0814	9.54983	2.24116	10.5642	8.83679	6.20129	13.2218	12.9459	14.3661	15.2597	21.6373	5.16273	28.7566	17.8706	3.54641	8.63242	9.9046	8.10277	11.5102	13.9959	7.43799	7.31217	3.11489	2.28607	1.45515	7.17722	6.27191	5.9546	11.5641	14.552	21.7808	19.4889	21.5243	16.2293	14.6061	15.2498	14.6657	10.6256	13.1691	7.82608	8.79917	16.7151	17.1229	13.7482	5.43721	16.6091	13.2944	8.44984	11.313	15.9559	9.86631	10.5585	24.9623	29.4662	28.3249	18.3553	13.9976	10.4562	16.9695	2.37742	18.9497	28.2679	24.4195	18.7802	40.7494	33.1054	38.1992	38.1258	29.5079	26.4505	23.9195	22.871	18.186	18.2533	16.6712	17.1087	15.321	16.7919	17.9881	13.6477	8.57772	5.66865	9.03486	9.34922	10.3533	30.19	25.3179	11.0322	23.8833	24.971	25.6616	25.6214	19.9771	16.7486	9.62232	11.5913	18.277	31.2445	7.35848	29.5276	31.5573	24.8123	9.39514	8.66236	9.04591	13.2645	14.3646	16.868	9.82563	13.7884	19.142	4.77385	15.2943	16.6284	14.6848	14.3344	9.95993	2.85638	4.2874	5.18362	4.81556	5.37429	10.6967	10.8034	10.5242	4.05052	10.0503	9.55293	2.20227	8.4232	13.5748	10.727	3.98801	3.21681	9.37376	13.4614	12.4557	6.66791	6.839	8.81136	6.8634	11.5373	7.45594	7.87864	3.95676	7.48144	3.98023	13.6483	27.8478	27.1622	30.9665	34.311	31.7384	30.0819	26.9434	11.2095	25.1096	24.802	15.4259	5.8603	7.36014	15.1018	22.8047	24.3357	19.172	13.946	7.27794	1.67558	3.03916	16.7724	26.4335	30.6756	32.1585	23.2168	12.4413	6.96137	13.0757	25.2883	23.3864	19.1267	20.1594	21.5689	11.4019	4.59325	3.99882	8.6615	3.48202	13.4809	6.1062	17.4105	12.1761
14.4306	11.5303	7.72113	8.2828	8.98609	7.43852	8.82373	15.1387	15.1357	9.07199	19.3679	14.0944	5.32245	12.129	11.1021	12.8345	11.8497	10.1603	14.0008	17.3297	6.646	7.14892	6.70161	1.02608	3.50886	5.31693	4.87613	3.29386	9.65898	12.7232	21.5087	23.7311	19.202	21.9939	17.2314	11.9366	9.85532	12.4664	13.1187	7.66562	4.63225	5.65992	13.8272	12.0468	6.47418	4.59583	1.82975	4.45265	10.1783	8.7134	5.24186	6.31927	10.4863	10.1832	6.55148	9.16409	5.42445	9.91629	9.55499	9.39011	6.70572	7.99234	7.92979	4.66101	8.11911	6.16565	5.05632	9.2298	17.0431	14.9589	12.2098	10.4126	5.16342	6.56883	15.349	22.9483	4.80464	25.2485	12.6055	2.41902	6.21773	7.55031	5.61829	8.29989	12.3704	10.2898	6.63374	6.46441	6.03425	5.65349	1.1013	9.70649	9.52603	6.68216	11.7263	18.9033	18.2222	15.2285	10.7819	9.89234	6.9449	3.72043	13.8008	13.1372	4.29032	12.5735	14.4917	13.448	12.2083	6.72519	11.4366	13.693	13.0997	7.24597	8.70285	17.8952	19.7199	8.61206	2.03712	8.47022	17.4877	26.0647	29.9292	9.93056	32.7373	46.7217	50.248	49.6221	39.9818	41.8982	33.6371	24.6631	31.595	21.8708	16.0246	14.8558	13.8449	12.4816	8.89435	12.1438	13.3126	7.245	9.89746	13.7821	15.0363	13.6158	8.85406	6.58406	1.15764	9.17695	21.5836	25.6299	15.8702	2.22189	18.8461	24.646	23.3364	22.781	22.6009	8.52831	11.8383	14.2787	33.1315	29.5836	16.368	31.5729	32.2568	21.6511	15.7527	13.4566	14.457	12.3793	14.5004	6.57049	18.3124	14.3043	9.04159	18.9542	12.372	7.97032	8.23378	9.08083	6.315	5.344	9.35336	6.32163	7.88127	11.9895	5.29819	6.00806	14.5241	14.8275	5.04939	2.73453	0.806588	7.12563	14.4501	11.3328	6.83589	1.71193	14.725	18.5591	6.49396	15.0289	13.747	12.1704	17.4705	15.6854	16.3557	11.4264	9.9178	16.6569	24.728	27.3587	30.1101	32.3862	30.6772	26.3106	22.4085	18.2126	5.89274	15.939	17.1885	10.2197	6.74389	4.8965	11.3083	11.8454	15.141	13.5768	5.37701	3.74966	4.62804	6.94246	19.9415	16.4805	19.4059	30.4598	22.3244	16.6623	7.0982	17.4664	13.7944	11.1285	13.3239	8.96748	12.9901	15.8626	5.88374	4.08653	8.10897	9.75827	16.8793	12.1766	8.94515	14.079
8.3689	12.4512	14.4525	14.099	9.50632	1.25336	8.88727	14.4451	6.19254	16.7439	19.9418	14.7784	4.92871	11.3213	13.5122	8.85957	15.6831	18.8877	9.11436	16.9465	6.98328	5.25802	9.23623	10.0765	3.94091	13.5688	18.0692	17.3492	17.5574	19.6223	21.2737	18.4037	16.3843	18.2997	8.43904	4.73059	6.17949	9.58776	13.3916	8.97083	7.95448	4.17935	8.0879	12.1608	11.8294	7.55168	7.89827	8.75757	13.1523	12.2587	4.65888	3.12249	6.83089	5.8286	4.46901	7.17779	6.8789	6.44185	9.57906	4.64049	6.21672	7.23237	7.71598	1.47288	3.43133	6.92918	14.4904	18.2106	19.277	8.99532	3.55847	9.74285	13.2749	14.0213	14.9841	19.2138	5.07554	21.3511	11.9811	3.87896	5.55013	8.73305	7.06436	5.34491	7.08775	8.75324	9.01816	7.60356	4.27471	4.97068	4.93915	7.91828	12.5451	6.57893	2.58967	6.20913	9.44251	8.55534	8.70572	7.30403	9.72647	10.787	8.66979	10.9838	17.1443	17.4599	16.4424	11.8097	3.34015	12.0288	14.5792	11.0579	9.29059	12.9363	9.30698	8.66275	13.6861	23.5357	30.7635	29.5316	19.2561	16.7437	38.5443	12.4354	42.7766	39.9625	27.1015	38.4882	39.5922	29.6436	20.9227	5.22249	21.159	21.189	15.0683	11.2624	4.31403	14.6824	14.5861	17.4782	13.5072	5.86503	2.89649	9.54923	13.923	13.6004	4.06725	1.19846	5.48035	9.92802	11.4988	19.642	26.655	19.8682	4.58525	25.7093	28.2846	24.9774	22.0337	7.97165	12.6502	13.1168	29.1939	33.1646	9.09887	18.2138	22.7686	26.416	26.5285	20.1187	13.7957	12.5313	13.595	6.99104	20.0694	7.32696	13.2921	18.9327	6.61059	7.05323	7.26254	5.83555	2.49004	10.0895	12.6515	8.67388	10.2841	8.06287	7.86184	22.3634	23.6712	16.9431	9.58897	3.64558	4.50011	10.9295	15.5445	7.77085	7.35098	8.70678	13.1979	20.2137	18.9933	18.5969	13.5736	12.6339	15.7374	11.7331	9.45233	11.4917	12.3804	23.7236	23.1006	16.1014	25.1242	27.751	22.4209	17.2911	10.598	8.00303	1.33557	15.3895	18.8933	8.65452	3.60935	9.9758	12.2637	9.85767	7.00309	11.9578	4.40811	7.42663	9.68948	7.6548	16.6472	15.9615	19.5393	28.2397	18.6002	16.3943	2.66008	14.3841	10.1204	9.86844	13.2784	14.3763	4.10223	10.4604	6.02751	6.63365	5.24145	15.8238	16.2823	21.0073	6.01576	8.34988
11.1155	11.1145	5.9635	5.3218	2.79507	7.51299	15.57	13.8062	9.7774	21.5378	18.3529	13.644	0.750644	12.5643	11.8398	11.9233	17.5786	17.7189	6.68375	15.2649	10.7741	11.4063	8.17626	7.63767	20.8218	25.9482	23.2501	20.4604	21.5742	23.4055	22.7864	19.4896	13.3076	12.7884	10.3699	6.8106	8.54271	8.61446	8.25734	9.59676	11.9207	12.1822	11.862	12.4561	13.3575	12.3251	11.1654	16.0142	16.9353	11.32	6.26093	7.08594	7.63648	6.34581	3.84589	2.87718	5.78426	2.74905	12.0316	6.6035	2.6818	5.74467	2.98323	7.54569	15.7662	18.8429	17.3338	11.2374	7.07139	15.3745	16.0874	17.4951	14.0945	12.8124	11.7392	12.3784	5.51461	20.3678	13.461	8.65716	10.4054	13.8146	12.292	9.31961	7.67566	5.74437	7.31495	6.68884	6.00639	5.78769	7.43287	3.6372	11.291	9.29212	6.06938	2.18753	1.53575	5.01303	9.2206	11.8069	14.5751	8.00328	8.86068	14.3984	15.9315	15.6345	11.6195	4.59552	3.76531	13.7171	11.8643	9.10722	4.86032	0.401177	13.023	14.9936	9.40439	6.96751	16.4514	17.2581	15.7098	22.1104	36.9986	2.96199	40.9107	34.9532	26.281	19.7991	7.70871	6.15981	15.3351	16.7966	5.381	14.278	14.6581	11.1953	15.7532	13.395	7.75294	15.725	16.0019	3.38121	6.90628	8.56498	15.6167	16.0915	6.97273	4.88927	6.55583	5.44372	13.3591	14.7245	18.7796	27.7165	13.5175	27.0367	33.0564	23.6535	21.1245	11.3224	4.09261	8.28508	23.787	30.2902	35.8382	31.6886	13.5305	16.5954	25.6031	22.6324	19.4141	12.0132	9.05726	20.9193	15.683	2.31351	15.6521	15.0015	1.82901	8.36718	8.20742	11.9738	15.3623	17.0787	10.1672	2.54615	4.45999	12.6112	22.5182	25.0088	19.9613	17.1291	17.7971	9.08888	3.62856	8.3107	12.6438	4.91962	13.3664	6.71371	10.0662	11.9854	19.6424	15.6934	12.1165	7.91164	9.11729	7.07688	4.30056	8.86239	5.74005	16.1879	14.2775	7.61206	10.5395	15.051	15.8006	11.529	6.61384	4.77559	3.03729	20.6382	25.6585	15.9981	13.6436	6.70423	6.17234	5.21579	7.7017	5.48152	12.4446	10.068	8.12125	7.93148	16.117	11.9758	16.7976	22.7576	17.2138	19.0197	3.49347	14.1197	10.8063	12.2397	9.67136	11.5873	6.51019	6.92279	7.47882	8.23293	7.72744	13.1721	10.8339	19.4796	16.0803	6.66973
19.8322	26.0911	25.5496	22.2473	16.8798	19.6067	29.739	20.1319	21.1073	24.1737	20.7399	15.4217	8.39497	15.593	12.5079	20.3835	9.66287	23.4636	7.18915	11.7577	1.47353	4.81711	15.5504	26.0131	30.2969	25.0361	19.0369	18.3302	22.0844	23.206	19.6982	12.3419	6.17672	6.42219	10.6029	13.5763	9.9337	2.17639	4.19312	7.35111	11.9159	18.7871	20.2376	17.087	14.0393	13.4906	9.35401	8.18425	7.309	2.0916	3.64707	4.15179	5.41549	6.31775	6.2814	7.14397	6.71505	2.58386	8.26136	7.34362	9.25054	9.2345	4.17651	13.1799	15.6823	6.80162	6.09858	16.6554	21.5238	17.7604	11.2243	18.2081	23.9395	11.0794	6.08935	11.6807	9.79396	20.8119	15.0195	14.9449	15.4824	16.8352	16.5882	13.4131	10.2297	3.09159	6.68996	6.59959	6.36664	6.86984	6.02816	4.96001	5.02359	4.46071	6.25323	6.96603	2.16713	3.90046	5.52568	9.91799	14.5962	14.3045	19.2277	17.0304	12.4103	6.62518	4.26484	8.68066	6.87957	13.7514	14.4479	9.68039	14.7115	17.1315	15.8882	20.7296	13.0919	21.9723	21.2334	19.802	30.3684	29.1109	23.7107	9.01004	30.6662	28.713	33.8627	40.4515	39.0356	31.305	23.2423	24.306	18.5355	9.06935	3.6979	12.6489	23.748	23.0509	21.8869	22.9449	24.4868	11.1274	2.91627	5.48513	15.9229	14.7378	7.6008	8.00338	11.9613	12.5125	13.2698	10.8903	5.713	26.7321	30.0474	18.7744	36.477	28.4125	18.5948	7.28232	8.77718	5.53055	13.0768	23.9089	28.3328	23.9737	31.5989	22.3892	16.0934	17.6892	21.1693	23.7006	29.3389	23.2761	11.6814	11.2738	15.3171	10.8917	8.95918	16.1449	16.2965	6.08273	6.1691	4.31996	8.89077	17.7355	21.3685	24.5519	24.7059	20.6784	13.5786	11.1153	16.5775	11.8431	5.67411	4.53349	13.3053	11.6213	12.8409	6.27674	10.9811	13.749	11.5022	9.44228	9.78381	2.4919	4.71303	7.80152	6.36163	6.28515	3.37763	10.1185	18.3567	24.5974	25.4705	18.6821	10.1659	2.33654	5.8043	6.90115	9.02983	26.4239	27.6443	12.1624	16.1992	15.598	15.4967	14.475	9.29738	10.6784	13.8684	12.4474	10.1186	6.83048	18.5902	12.5876	25.7503	24.3048	17.6021	17.2402	6.67978	16.7574	10.9959	10.4944	8.44846	11.8117	12.185	9.22912	10.8968	6.94005	10.0201	8.08409	9.27028	12.1721	15.3571	1.33319
4.42622	6.01834	15.3429	21.6608	25.796	23.906	19.3581	6.12067	21.8502	26.449	25.709	17.3417	8.11338	19.066	19.1953	9.76814	16.1497	20.1052	13.9953	22.8547	16.9282	17.9477	28.5496	29.9517	25.5789	18.2357	17.2691	19.568	21.3571	17.1261	5.61758	5.71138	6.10445	11.0652	13.8432	10.9437	5.01139	10.6384	9.72464	7.85995	11.8538	16.7219	17.1766	11.6153	7.17626	9.5137	5.90931	4.04404	4.12031	6.04744	5.29608	4.32501	4.81657	1.81002	2.58062	2.55325	0.582187	5.00609	5.80411	1.3022	5.68971	8.88343	3.7019	11.9384	10.4127	12.8779	16.1598	10.0843	1.22324	12.7671	17.8896	19.2674	19.3648	11.8505	17.1378	15.5081	5.47605	17.7652	17.0718	15.5052	10.4728	6.79267	11.4653	13.3356	13.085	6.089	8.79377	5.81678	8.18643	10.2478	0.735383	10.3248	13.4915	11.2493	4.05932	8.09389	6.24551	5.55388	6.09747	8.83331	9.47232	14.6543	16.2902	11.3209	6.27659	10.3281	14.0305	11.8934	11.7447	13.5667	16.5307	13.9141	12.1376	10.4094	8.76457	17.5838	15.4039	19.6854	28.5222	21.5651	37.2107	14.7152	14.4428	17.4935	26.8146	18.7908	18.6623	2.91241	11.047	4.5842	14.4216	13.9844	2.57293	10.4029	12.0185	10.4731	21.9296	26.2754	23.1595	24.8078	26.383	17.2341	16.6484	18.4408	23.5572	20.1281	10.9555	10.5468	13.4978	7.28342	2.75711	11.033	13.2533	18.0467	26.1944	16.171	26.9458	37.7209	22.5839	19.9461	17.5898	7.742	2.73736	3.31565	11.4877	21.7028	37.0921	25.1142	10.7482	13.7557	16.9826	36.0506	37.0447	12.7571	5.22477	15.1286	16.4626	15.6918	13.7233	4.58044	19.9199	16.8934	17.6024	16.2695	19.8477	18.7657	12.4262	8.59061	10.1941	10.8163	6.19464	10.5511	10.9082	8.17084	8.59714	4.25232	10.0876	12.9239	10.4897	8.3413	11.8051	9.97881	4.11719	7.2425	10.7922	6.33669	3.56772	7.27213	7.84659	4.12246	5.73324	2.55987	12.5559	18.2666	26.9277	23.2622	20.749	12.3881	4.25076	6.96304	13.8874	27.4343	27.0093	15.0521	14.7595	8.58534	2.57182	3.31159	7.56896	14.9189	10.9007	7.10221	11.3094	6.34833	16.8806	14.9117	30.7094	28.8731	21.798	11.3425	10.9341	13.2982	6.67258	8.72017	10.6951	11.7744	10.2168	1.73234	12.423	10.6377	10.0833	3.51935	12.48	12.1339	9.69798	7.46769
23.7743	21.3607	12.8825	1.95955	11.1714	4.19371	18.6239	18.9683	6.9885	26.0415	33.882	30.5836	15.1387	8.07331	12.6104	10.7174	16.6942	10.6664	22.874	20.1446	16.9068	24.0814	31.5553	26.9217	23.5143	21.6583	21.0619	16.8909	8.31754	3.81383	13.7898	13.5262	15.3259	16.4122	7.46285	10.1689	15.8724	15.6117	15.0772	16.4631	21.4614	20.2143	15.6523	11.7377	5.59472	6.63205	2.476	4.4836	7.44646	8.00434	6.50584	6.79363	6.29139	4.67744	5.11282	4.47633	3.72179	5.25619	2.41792	2.08754	8.36287	7.56592	3.32095	10.1929	8.44839	10.8631	5.66673	7.81643	10.017	11.436	10.5621	11.9355	5.27728	18.0024	15.3221	16.0899	9.67243	14.8566	21.4975	13.3179	9.65327	7.91113	5.4191	10.1329	14.9584	12.3104	11.862	9.2384	14.2801	11.3493	9.4457	15.7018	13.781	14.4187	12.6017	8.41253	7.64994	2.08167	7.45369	6.15848	5.11948	4.17477	4.48956	13.8085	19.1184	15.0782	9.58291	7.01508	11.3018	15.3101	13.2174	14.1648	5.42839	9.91206	4.56982	17.2343	18.372	5.05611	26.7555	24.7407	29.6155	24.1169	32.3465	25.7142	33.5321	17.4265	22.8847	35.7523	45.4468	40.1819	24.5168	22.7856	20.3501	17.5752	21.5428	19.9709	20.4366	23.2799	20.8181	24.6433	23.5773	17.0432	14.5771	13.1345	19.6134	21.6049	16.0996	16.2799	20.4832	24.7283	27.8934	22.1496	9.44952	8.53946	27.0312	37.4531	13.7631	34.9579	35.0768	20.4578	19.6687	13.739	12.9159	22.3247	28.0333	33.4949	36.0044	24.205	15.3882	13.6369	9.92915	31.4323	40.3953	36.4739	23.5982	7.82145	15.2895	20.9461	10.3951	22.9643	24.7622	9.45119	10.6487	14.4021	13.2722	3.74002	7.47997	9.20443	11.8073	15.4065	17.3566	17.484	11.782	4.8864	7.75097	8.46377	2.6703	6.32685	8.21798	8.18765	5.52549	5.92301	5.82837	8.47611	12.6312	11.5333	7.61923	5.56807	7.18078	2.9622	6.51784	7.87486	11.5906	15.2039	20.8965	14.5735	14.9978	16.4594	11.0618	3.52867	14.4837	22.5525	26.5835	25.2345	21.7778	17.7946	16.9255	15.0189	11.34	7.71242	11.1622	5.00067	7.77864	7.73113	13.6476	11.5077	28.3818	27.5842	3.0624	9.89978	10.3609	6.43011	11.9296	12.8356	15.8606	16.4916	18.0894	15.8257	5.62819	3.6714	3.15504	5.26599	14.9676	5.3827	12.9255	16.1087
5.10078	12.9622	18.1368	17.5563	21.5766	28.2264	21.9312	20.5719	7.63574	13.7251	25.8718	33.0104	21.4553	8.75642	9.97775	19.9051	22.0329	18.2759	17.3348	15.017	22.8413	32.6	32.8456	27.0442	24.1027	18.2586	7.58722	6.78632	16.8767	20.775	18.8438	10.8052	16.9954	18.4407	12.829	18.3329	19.8944	16.7623	16.4404	17.9116	19.3351	14.701	15.5687	15.8745	14.3307	10.9616	5.96406	3.47505	5.42546	6.76403	7.6659	8.42166	9.34898	11.1638	12.3517	10.5742	6.18253	5.13226	3.13259	7.35385	13.0852	9.93177	7.05088	10.1935	8.81098	8.19976	8.12045	9.69237	15.2097	17.1863	19.9978	20.1076	15.8543	19.3154	17.3599	18.9687	11.9329	11.4579	16.9941	15.9597	17.1243	15.3182	9.08167	1.47151	9.85902	10.724	7.9262	3.8765	16.4371	7.40444	10.4297	10.3575	7.37921	6.0723	10.8923	6.5808	2.62621	4.43725	9.42234	7.58568	10.3025	16.3195	20.8	22.0212	18.725	11.8564	9.14263	8.38495	11.2364	13.9167	11.1267	14.9361	10.0413	17.0679	5.67993	16.5576	23.9294	20.2239	3.45161	15.443	12.9969	41.4293	25.2869	17.7161	28.1818	6.97879	11.1176	37.3046	29.7617	33.1905	17.3945	16.6511	10.2249	23.2009	30.0556	22.4031	11.078	16.7331	23.7367	24.2526	19.875	9.56122	9.42054	15.4254	16.1518	12.2991	4.59049	5.01842	8.30512	6.731	7.01261	8.04772	15.5373	17.8813	32.823	32.6955	39.8423	18.0869	37.2688	33.7248	27.7241	20.5695	29.6649	32.285	32.3129	31.3904	28.5381	16.9275	8.56644	4.99229	6.75346	17.554	30.9881	40.0641	41.1876	33.8278	23.3837	14.8808	13.3632	15.677	5.70003	5.32716	4.16017	8.75233	1.77663	6.05326	2.35365	8.039	12.4305	6.18726	1.19173	3.17158	2.85225	2.47934	5.90892	13.3265	9.72791	6.22703	4.21949	3.0664	0.891876	3.25964	4.0105	7.8382	12.9147	13.5033	9.75548	6.68579	7.89203	3.1147	5.44226	8.15564	16.628	19.2367	19.4387	15.5552	14.9273	14.5283	12.053	4.3602	11.2281	15.194	16.1158	15.9023	11.4807	8.04884	9.86923	9.56819	5.68421	4.44958	5.91723	6.96209	6.26024	7.02967	13.5804	13.5836	22.5726	25.9932	11.8093	18.2729	10.6654	9.17712	8.26311	13.1858	17.2751	21.7117	23.4531	24.8549	23.517	17.6848	12.0107	6.97718	7.89599	15.7215	14.4167	20.4419
4.53845	3.39213	8.55179	10.5197	25.8765	27.181	21.3012	29.6889	27.2421	28.7833	31.8823	37.4299	22.2336	14.2632	14.644	23.2239	27.7117	22.3759	16.5494	21.2439	27.6722	31.8907	28.6099	21.1671	12.4166	4.85325	22.8326	29.3693	23.4944	12.8232	8.22747	7.71886	14.109	17.1856	18.182	14.6346	10.4926	10.6869	14.486	13.9742	8.06963	3.58474	10.4219	14.2003	13.6366	9.85585	8.65031	8.17906	9.4602	7.90662	5.78564	5.73875	4.9058	3.28396	5.00002	8.24044	7.76356	6.75578	6.83294	10.7223	12.8915	4.04455	6.8519	8.51952	8.92872	6.11338	11.6982	5.53857	10.7176	9.61272	10.9409	14.6662	9.49134	12.562	16.7925	21.8217	4.84391	10.0827	5.67839	6.99423	3.80073	6.40443	10.473	5.4382	1.39259	6.27132	4.38194	9.93146	16.1303	5.6771	9.49902	9.2933	8.74754	2.22749	5.29841	8.47872	8.52235	7.79187	6.15869	9.76708	13.158	15.8276	13.2794	5.81568	5.61065	8.14556	5.52842	9.13913	7.03966	8.28937	6.08558	10.9206	7.764	16.0786	19.918	12.1643	5.65151	16.4799	20.2596	10.4681	29.0527	27.1946	11.9915	21.0719	23.5662	11.4767	10.0193	37.0527	28.41	24.1864	20.2416	25.7928	21.339	28.5433	27.6801	18.1047	12.5019	19.1728	27.7459	26.7448	21.615	15.2752	17.7837	18.5065	14.1494	6.60944	1.83048	5.26838	6.51539	7.3106	8.42724	1.23607	9.94587	20.858	23.2462	25.1473	44.9357	24.3898	19.2091	38.6438	40.9708	30.117	30.8997	30.8507	25.7621	19.4657	14.7117	3.92155	6.06083	2.24213	9.83098	15.435	19.3979	26.0343	33.5215	36.4407	24.4696	10.8959	18.6836	9.11244	17.8712	17.578	10.7779	8.52111	13.4993	9.56084	6.27311	14.5081	14.7645	13.9787	17.2202	20.7428	19.92	12.6989	8.2105	15.2037	16.7282	7.89115	2.57284	4.55794	0.8928	3.25227	5.46092	4.86123	7.10848	7.76026	6.10171	8.69469	9.73452	6.33306	5.27471	10.5328	8.53375	6.43489	11.6292	8.41876	10.9434	11.4123	9.25303	6.51933	8.58549	11.9758	7.06708	6.75979	5.64871	3.0049	4.57545	5.97225	7.75884	8.6705	11.4022	12.9748	9.29669	8.24031	13.0631	11.9198	16.5035	15.6448	2.33347	14.1234	3.84676	14.7778	5.08472	11.792	12.4518	8.12278	2.9765	12.0448	18.5973	19.0951	12.4413	6.67353	8.09262	13.1459	12.0766	22.2656
9.73279	6.26824	6.25882	11.0853	25.8771	18.3604	15.6689	28.2511	30.5511	15.0851	21.9757	33.9106	15.531	15.7175	17.1966	20.172	25.9186	29.0059	30.0823	31.1156	29.1814	20.8068	8.39084	5.51012	16.4609	28.7042	33.7927	21.8351	12.9555	8.16972	10.5232	9.02271	17.0067	18.2137	17.4949	12.3255	12.9145	19.8983	24.4557	22.0009	13.5488	4.41889	5.5415	1.89487	3.51649	5.30908	7.94933	8.54644	10.7844	12.1821	12.7266	13.2828	10.7413	10.5134	7.5663	0.86682	7.23818	7.61195	6.90983	8.36848	7.3798	2.82494	7.21655	4.78642	8.34564	6.47072	10.6967	3.6011	7.09116	11.0499	13.3201	10.5503	12.097	9.54529	17.9406	22.2498	3.61026	10.1787	10.5934	14.8631	11.117	8.69918	8.86676	3.99988	3.25986	3.57195	10.7469	14.1391	9.71282	1.58775	6.39607	7.96246	6.30774	6.57894	3.76322	14.7006	9.16822	7.52797	2.24782	12.2752	12.8404	9.77984	9.38994	8.56918	6.90342	10.3112	14.6561	11.4592	13.6506	19.5793	22.2268	21.1941	17.5475	11.5509	25.0029	29.3971	26.4831	22.8594	24.3226	5.83932	34.6984	14.6138	2.62348	16.2659	18.2995	16.9819	17.2384	27.3195	34.0657	12.6821	15.0607	27.136	27.6304	28.8849	11.6591	15.6315	13.7697	19.063	28.1567	26.3102	23.7964	14.6533	7.37466	11.8727	14.5772	11.9855	12.5133	15.3727	15.5086	13.0798	14.4489	12.9269	11.9374	13.9654	14.8883	14.1019	39.1893	42.0158	25.6543	9.75588	27.5879	28.0387	29.9799	26.1286	17.7067	11.0749	5.98657	0.658238	3.53894	9.03553	9.42681	9.9091	11.332	13.5215	18.0085	26.9408	24.5449	21.5965	21.475	20.2924	15.3067	19.828	17.436	14.9425	7.35409	2.34209	8.62935	20.2597	15.0144	3.27305	13.4116	17.3162	21.0816	18.7994	11.1504	17.0985	21.071	10.8363	1.43426	6.93881	8.31845	5.27373	3.68639	1.11478	10.4953	4.90267	3.52137	9.43068	9.39092	9.89074	5.7989	11.2462	5.24203	3.12668	8.70448	6.70442	12.0763	13.8615	10.4862	6.97595	8.5948	12.0546	6.19961	6.19447	2.64918	4.45385	4.82024	9.01352	10.5639	10.6221	15.4208	8.55327	4.74244	8.70342	9.35873	3.67436	10.3356	10.7409	7.01216	11.6981	10.32	10.7193	8.71977	21.9101	21.4142	21.2425	15.7525	7.67718	3.42989	15.1273	13.2631	7.33691	12.7911	14.8708	9.43064	24.4515
20.2284	19.5582	17.0894	14.6043	23.9201	14.7315	10.4786	10.7471	19.8181	15.9985	22.874	31.5494	19.7524	15.5415	16.5734	17.1556	22.8285	27.7292	29.5181	23.4412	11.5847	6.96374	21.878	31.7277	37.821	34.7424	15.2536	14.0813	24.2533	10.6516	19.5977	3.90971	9.44144	3.3931	3.35951	11.3202	23.6435	21.5213	11.9704	11.9618	16.1345	19.0143	17.1708	15.2895	9.65121	4.97406	1.93217	2.95984	4.94355	4.99699	7.60201	12.2084	13.0492	9.85297	8.27677	7.26975	1.32905	1.74389	0.771378	4.58532	6.14011	1.26208	4.61086	5.63134	8.68582	9.7175	8.77595	6.26808	8.93208	13.3811	16.5036	10.8716	20.3844	11.4924	18.2789	22.5894	11.1783	12.5017	14.5544	11.3531	10.0637	10.038	7.11085	3.03503	1.24928	6.79866	12.6336	12.1601	3.7958	10.3094	11.1485	5.61551	4.01946	10.9338	14.5631	14.4257	2.56934	9.41105	2.9512	10.179	15.2147	14.7106	10.087	4.73188	6.26852	7.47728	8.19546	2.31763	2.95648	4.26796	5.78086	18.5243	22.0311	8.67606	16.124	6.37396	15.672	23.7071	17.6123	19.1945	39.0698	14.3818	7.06897	18.99	13.9783	20.8529	23.7726	17.2528	35.0895	8.44254	16.8067	22.4787	18.694	8.89733	17.0832	21.9872	17.0673	17.895	20.3376	25.0233	26.7188	20.7919	24.5007	24.6923	20.1618	13.529	7.46299	6.9256	12.0754	15.1925	14.2018	13.7624	12.7065	4.98167	10.4357	4.90945	25.1684	38.5852	36.8887	27.4883	6.18118	19.5707	25.8183	16.8599	9.99337	10.5537	9.60414	9.0572	8.78467	7.52702	4.13775	3.79349	4.9163	7.63569	12.7389	21.1154	24.1414	27.7284	23.2845	5.43461	12.795	11.2584	5.57789	1.63881	4.4289	0.850867	2.89164	19.1682	15.6053	11.2785	14.0364	12.9593	16.6661	22.3248	17.6512	18.7257	23.1188	16.4066	5.01915	4.76768	5.76344	6.3762	1.56	2.0301	9.94667	6.9808	8.38559	8.928	2.57706	8.07986	1.08973	10.06	7.44905	10.5001	5.1842	2.32208	11.2245	15.4684	15.4573	10.8259	12.0593	13.2806	7.864	7.2288	6.8192	8.53058	8.23049	11.134	16.4125	12.2107	14.3275	9.69362	7.96674	17.1194	13.5448	6.62577	8.26385	10.2638	9.4913	9.05224	12.5834	6.78183	1.68976	18.3488	12.0903	4.79904	16.3714	20.4603	15.5234	6.03541	18.6397	13.2647	13.5772	16.2769	10.704	24.77
15.4284	21.5763	25.024	18.9234	18.7889	18.466	10.2711	6.9309	27.0654	10.5116	27.849	23.9916	20.9394	18.5978	19.0314	15.844	9.05285	12.0272	10.0159	9.37756	18.4411	28.0398	34.5991	36.8559	32.8386	16.5679	21.5982	21.1281	8.68375	13.8576	19.7955	1.03064	11.0744	0.723378	4.56567	21.0068	18.3122	8.5573	15.2987	15.4859	20.7734	19.2909	4.96208	7.16493	8.17467	8.9031	8.37099	5.90799	4.45628	3.32663	3.07662	2.96147	4.91916	7.21326	7.7769	10.5174	10.955	9.16039	7.73089	7.11682	8.15507	2.6191	0.77763	4.57799	6.99858	9.0947	7.6283	8.01	8.66157	14.4317	12.0877	9.92355	13.9423	4.43588	13.8486	18.4123	19.1312	15.7276	14.7123	7.20041	7.20778	6.83424	3.15949	1.96082	5.96791	7.84749	9.62637	7.14696	8.10378	8.55837	6.20238	4.83391	7.89521	11.1761	16.9988	11.9223	6.7905	3.13507	5.06189	3.14993	4.95087	9.17531	8.46826	8.28953	9.98801	10.2736	10.6079	9.57865	14.6307	20.6853	24.9905	27.4538	7.07726	25.1377	32.5094	35.1908	25.6124	11.2202	13.3437	36.1488	37.5922	12.5157	16.9931	27.545	14.524	14.8919	20.247	15.163	35.0034	19.7342	19.4694	15.995	11.2225	9.54314	27.2594	17.1777	8.09457	8.51348	18.4605	27.0163	25.3309	25.3312	24.7168	23.1363	14.7592	8.48385	10.1323	8.57484	17.4494	19.8916	17.9133	17.7486	14.689	11.3208	11.0229	7.11984	13.1519	22.9661	21.9443	16.2817	19.6107	14.715	6.96802	3.27365	2.27708	5.29376	6.85606	6.06362	4.67186	3.47544	2.26448	1.76617	1.67252	2.53423	5.31159	11.2328	17.358	23.5111	24.2379	18.3124	11.1707	5.7418	4.65716	2.27397	7.69724	8.26933	6.13656	18.1803	16.641	17.2619	19.6877	18.8164	16.8279	21.2613	22.2436	21.0184	24.489	19.148	8.44236	7.98888	2.52247	6.09515	5.80362	3.45236	5.88046	5.75862	2.53217	6.60076	10.366	5.49614	1.72986	8.874	14.0387	11.5547	11.8667	6.47885	13.2669	18.6683	17.1337	8.17038	13.272	12.9737	5.74721	7.07965	10.1217	10.3442	8.48594	8.28497	11.1937	9.75869	13.0003	3.74279	14.1319	19.2223	8.62295	11.1323	8.94784	11.8433	13.3131	5.91943	11.6974	1.98513	6.31298	13.3215	12.0248	9.76911	12.8887	18.8869	22.4842	7.94277	16.0789	20.5168	15.9179	13.7449	15.0141	11.8733
6.156	7.55674	18.2316	21.2618	14.9414	19.9323	9.92159	11.7303	30.6402	12.4462	29.1717	23.8413	21.7306	19.2965	16.477	16.706	6.11629	1.43136	6.59321	22.6064	28.9412	31.0342	33.9429	29.1606	15.3121	31.2779	30.466	5.90689	16.9259	26.2986	19.4913	12.3568	12.0728	19.052	19.0845	25.84	9.71547	21.3208	11.5481	7.56931	22.8002	20.4579	10.9817	5.6433	1.54421	4.91442	6.64713	6.60771	6.23585	5.86655	7.27641	8.79604	6.38852	1.91336	7.40707	10.493	11.8429	11.11	7.31649	6.17137	6.89914	4.46066	3.78322	4.95111	4.46561	3.95888	5.47341	5.91631	11.6506	15.8546	5.13167	6.37833	6.21967	5.79197	8.15754	10.5617	18.3963	15.6766	4.47917	7.66786	5.05264	2.75972	4.42126	5.40419	8.46326	6.67969	4.60611	3.88809	6.07371	1.65837	1.79386	5.30415	11.6121	15.9199	11.1356	13.3731	9.98587	9.09632	8.22412	6.97035	4.577	6.04673	8.79204	13.2912	18.2117	21.484	24.3738	12.8916	7.39439	9.27129	12.431	9.65615	17.1236	28.3022	20.6303	33.1864	36.2478	19.9768	9.31595	36.1619	32.4028	9.58592	21.5726	22.8923	16.0804	15.5973	15.81	18.8383	34.6979	21.1307	13.1871	6.99187	5.46717	8.94186	29.5989	15.101	6.83774	6.44066	10.1448	24.5544	16.4633	20.9066	20.3251	27.7491	12.1332	0.449259	8.52048	15.2713	22.2225	21.8215	19.9788	16.2157	15.6863	17.2024	13.7605	4.10596	20.5285	22.1566	21.5726	17.2662	18.9466	15.2177	4.95133	1.77788	1.28937	0.886848	0.691847	1.27224	0.472276	1.19055	1.37368	1.2999	1.05338	0.889643	1.17222	1.57746	10.1406	20.9768	26.8517	21.4682	15.6533	13.8374	10.334	10.1467	6.4781	7.54612	7.50764	19.686	21.2223	21.2634	25.8351	23.039	16.3996	18.6883	20.6348	22.151	26.7165	19.8444	6.22591	7.66746	7.7287	2.86474	6.27619	6.43846	6.41377	9.80681	10.0164	14.9968	11.5195	6.89745	5.74489	7.71894	19.7275	7.86892	12.7099	10.0915	11.5111	17.6696	16.0939	4.27119	14.5884	12.0353	3.92992	4.44582	9.81697	8.67009	6.96914	4.28534	7.93357	5.00253	5.92007	7.91186	14.3418	13.1742	5.84509	6.37447	7.33581	12.7343	16.7273	5.78438	14.4064	10.2552	12.2775	12.1593	14.3004	12.4209	2.35729	13.3318	20.7969	11.8572	9.83802	23.224	19.5115	8.45876	15.108	5.52507
10.0313	12.0873	5.60568	4.95795	7.018	16.4736	9.78463	8.86979	30.554	26.5342	21.6141	34.528	33.8257	34.8169	34.2383	32.5261	26.4245	20.3382	23.1275	35.3078	40.2226	34.1817	24.5225	6.14905	24.8386	38.1435	20.6304	13.6481	25.8045	19.9829	14.4407	17.7226	22.6869	22.6613	19.7457	14.4883	3.65514	19.8594	15.303	9.93383	21.251	15.7261	10.1858	11.3805	8.91106	6.17464	2.25971	0.125647	1.86534	3.22182	5.27131	4.71092	4.30207	4.28337	2.87182	2.78085	0.999359	4.49879	7.68656	7.31027	3.93759	5.14482	7.30343	5.68491	5.87043	4.2882	6.54717	3.96753	13.9783	13.6187	8.4902	5.92827	4.95393	6.4746	8.15264	11.5044	15.2024	17.2451	11.1848	6.74466	2.96033	5.0943	6.39416	6.54882	6.68313	1.78751	4.00594	3.5389	2.11653	8.61469	10.9334	8.6393	12.0681	17.3896	6.90233	10.8457	12.381	10.7306	8.67841	9.6766	10.8323	7.13529	1.97642	5.76616	6.6411	11.5677	21.5668	22.6564	24.7091	16.7883	13.047	18.6464	27.2806	25.2556	16.5919	22.0305	32.5957	27.1793	12.4561	33.4871	31.0797	8.11643	24.5163	14.8914	21.2198	17.1929	11.5107	21.0831	31.727	14.882	7.91029	19.47	17.0766	10.4988	29.0634	17.8135	3.78131	10.7881	10.0869	17.2281	12.6986	14.274	27.3813	31.3275	15.7285	11.2434	11.6942	13.3253	8.93661	7.97084	4.80916	7.10991	11.5058	8.59206	7.40481	18.0741	23.8128	18.5153	15.809	11.8291	14.982	15.4728	8.05414	3.13246	3.0161	4.04635	2.72922	0.641008	0.975698	1.82405	1.30344	1.17785	1.74407	1.20923	0.858159	0.962199	7.69751	19.8177	25.5111	18.1579	11.8384	13.8158	13.1169	9.93513	7.40885	10.0113	9.3662	22.5603	25.7163	23.1871	26.2964	15.0594	5.88637	17.1819	17.9501	20.911	26.1281	20.2146	8.37064	7.18306	8.06886	5.36304	4.1252	0.760328	4.87249	16.7766	14.2408	6.48473	6.76848	12.4566	5.13204	5.8994	17.9719	9.29172	2.95947	6.08295	11.6052	15.5178	15.0683	3.5918	14.6878	11.5319	3.69036	4.00338	12.8581	9.37202	12.0971	8.76121	8.8501	5.53195	2.20059	11.3513	5.83869	9.70008	13.3563	11.1383	7.52888	10.4718	17.6337	9.15171	17.2969	8.76106	7.15185	8.9699	15.7535	8.79707	3.36418	12.6526	16.472	11.108	7.57084	19.6233	22.7843	7.22287	9.34491	12.5059
14.2976	13.409	13.1825	9.19018	7.14225	14.0362	12.5813	6.10272	26.0818	32.6859	2.02039	23.8033	35.9567	46.1678	49.3891	47.4461	41.7162	35.8876	38.5183	44.0937	42.7898	26.0294	13.2181	21.8639	31.2541	32.0865	8.55686	18.5811	28.534	17.3061	14.7496	20.0326	20.2773	17.1184	13.7326	11.1454	18.2759	8.61106	6.87662	13.7749	24.5789	12.034	3.47441	4.12551	10.7315	12.7085	10.4037	7.07102	4.65946	3.35132	2.83518	2.86227	1.09343	3.82434	7.79955	8.55695	7.03729	5.2358	10.0514	7.34955	5.50532	5.51964	2.00927	6.69881	10.9405	5.81925	5.00934	5.00755	12.0317	12.1659	10.5803	6.78155	6.9288	7.96247	9.6882	9.2452	7.5377	13.636	13.9879	6.50856	3.15131	7.07004	4.76	3.3704	4.25674	6.8204	7.01369	4.58477	8.79235	11.4806	11.5624	12.7445	10.4231	10.3091	9.73182	4.87886	12.0111	10.9096	9.20477	13.8603	16.5329	16.6586	14.5316	9.51777	5.54693	6.20008	12.718	16.0465	27.1823	24.4787	9.29451	26.9561	27.0769	18.4271	11.379	13.1746	26.5297	33.1971	13.6071	24.7061	29.2478	22.6638	23.4539	8.22574	24.0314	19.0607	2.51741	19.6395	25.6041	12.7262	20.6686	23.6921	18.0764	12.4879	23.8175	19.0782	3.69701	11.4825	12.2001	3.02974	11.5765	10.1595	25.5457	34.1651	29.6377	21.6936	15.7558	7.04364	15.0894	22.2096	22.615	6.597	14.6946	18.4285	26.0166	26.6987	22.3156	12.7036	7.34906	10.2923	16.617	19.4035	11.8502	3.7784	7.08468	8.69681	7.65088	3.25483	1.1228	1.25304	0.253185	1.1341	1.30105	0.75955	1.44316	1.69803	5.21335	16.9947	26.1288	17.7395	7.77262	10.3343	12.0943	8.30011	7.34421	10.039	8.96779	23.9047	29.5399	23.0548	21.6174	20.3156	19.5105	16.9567	15.5602	17.9876	22.2161	19.291	10.9946	8.43081	7.09462	11.2663	13.5576	9.69844	12.2119	18.6001	4.79857	7.95282	5.94169	8.0389	9.0098	9.56291	15.73	20.03	17.4387	11.247	12.3559	13.9196	12.8486	4.1075	14.9173	13.1688	5.13881	8.48612	17.3547	7.87235	11.3559	11.995	11.6664	7.31278	9.50149	8.71191	10.1859	15.5276	19.0601	19.1391	15.1498	10.1131	14.6736	12.1022	18.4229	4.87386	4.23731	10.6409	15.2326	2.89004	10.2183	8.01132	10.561	16.7071	15.4275	5.89048	24.8001	12.0754	7.66687	14.0493
11.9937	8.01676	6.5986	12.2188	13.7637	14.6058	12.9149	7.96319	22.0924	27.2637	20.3514	6.06504	6.22992	4.87492	17.1651	33.1042	38.0771	40.9882	43.8518	39.4502	27.5448	16.6351	35.0571	29.8384	26.8838	18.4823	8.6424	23.8931	31.0308	22.2175	13.8569	6.45339	7.98016	6.44617	19.9434	26.4524	18.9633	20.271	18.4583	20.8312	22.9118	9.09639	7.72654	8.39321	2.36426	5.99551	6.82857	6.20832	7.59761	7.93095	6.81409	4.63869	4.36357	6.38219	5.9501	4.51914	5.563	2.72421	8.25473	7.41547	5.04892	4.52639	5.07406	2.95368	11.2628	9.18128	4.40675	4.76005	10.1136	5.34033	5.47823	3.1055	4.27187	1.3784	3.98165	5.97568	7.40734	10.8865	11.0862	6.08963	7.21188	3.26336	1.82836	2.47163	0.548351	5.82784	4.42744	10.0696	10.4532	8.54205	1.57075	1.42794	5.67043	9.97762	11.4306	13.9116	8.95448	13.9551	13.4613	14.1063	14.4253	15.7013	17.4025	15.7613	11.4661	10.1921	16.9698	22.4191	33.014	23.8066	15.447	20.8668	10.0065	8.94793	5.32107	7.64643	16.4813	31.5773	14.51	18.6484	25.726	31.8377	30.5026	18.055	23.6633	17.6041	8.90546	18.7274	16.5743	8.46222	16.644	9.97722	11.0474	11.5073	16.4877	19.2998	8.06458	12.3916	9.53775	10.1693	4.65355	1.71266	13.2206	28.4386	27.1769	19.4922	11.6803	16.9745	19.9299	3.74774	28.5386	12.231	22.1995	24.2047	26.8277	20.2203	17.0101	12.6277	8.70249	4.2005	10.8682	19.8425	11.8925	5.42611	10.4631	10.76	12.6319	8.71382	0.973798	1.37435	1.63717	1.57223	0.999991	0.457713	0.198588	0.135052	1.71426	11.1847	26.2897	27.2169	22.174	18.0571	16.4284	13.2154	8.10575	9.84157	6.7201	23.0519	30.76	20.3859	26.8819	28.8853	21.9763	12.2432	10.8598	15.2353	19.913	19.6748	9.9441	9.65624	17.956	20.2166	17.3326	17.2073	9.92056	14.6819	10.2759	9.36703	6.31194	1.47857	5.62157	5.92272	4.12629	6.65711	8.85037	11.7831	18.3785	14.7399	10.5423	3.67286	14.3196	15.1214	8.715	12.8765	17.6209	2.98144	3.83259	4.83371	10.9045	9.46579	13.4487	12.8985	15.5626	14.3773	14.566	15.7175	17.7031	17.6176	13.8015	17.5911	20.7496	5.58667	9.34699	15.9563	11.6746	6.55891	11.1499	5.1857	14.5741	14.8675	16.5702	5.35632	26.2026	19.1086	8.34506	12.6202
17.4933	13.6588	10.4689	12.7345	14.0576	11.8604	6.34632	14.4054	14.8844	16.6515	22.3551	10.2948	13.7752	24.692	18.0403	8.79725	27.5316	35.1884	30.018	13.3603	5.44761	18.5671	35.3732	31.1062	18.2197	3.95682	22.1586	32.4479	31.1349	15.3014	17.8566	20.0461	13.2057	9.31408	22.3208	17.8463	8.62874	9.53202	20.0116	16.6139	9.52856	15.1961	7.77373	6.62033	7.58945	5.71063	6.10411	2.50718	3.03155	8.0682	10.1091	9.91317	6.83946	5.54114	5.1138	6.35748	7.35461	6.24134	4.37549	10.474	7.16791	5.88997	2.91824	4.66654	6.55152	10.2735	4.9033	8.90852	14.9705	8.18112	3.34118	6.56277	7.28209	9.39881	10.145	9.88912	9.81188	13.4859	15.8378	10.0811	3.68138	0.428701	4.7379	7.16629	5.71087	7.72693	6.48752	15.4196	11.0644	9.28568	4.5127	2.77713	7.63957	13.8635	10.1113	4.82321	5.68059	3.90718	12.8516	10.7139	7.8337	11.2726	13.3892	15.5642	12.025	18.4162	25.881	27.4397	29.888	16.3074	24.1256	21.5021	10.2554	4.81596	6.47904	19.9776	29.0506	29.9098	5.83413	18.793	17.7742	18.4402	27.9705	22.5191	8.66167	26.2647	19.8917	20.6572	13.4463	11.5713	11.7838	5.10118	10.0238	20.013	18.537	17.6009	14.6843	7.30445	15.4398	10.8946	9.51369	11.3708	11.4493	16.5431	27.2803	19.3135	12.1796	18.5255	18.371	11.3609	27.3714	8.27942	27.6226	26.7323	28.0344	14.3926	12.2995	11.5877	13.2023	14.2601	14.1358	18.2119	7.26236	9.01692	12.7367	11.0271	16.5251	13.5243	1.41572	0.839097	1.16479	1.13198	0.640281	0.457088	0.615562	0.701948	0.597695	2.48791	14.7167	24.762	26.3281	19.3437	14.4474	16.053	13.6755	8.98072	3.59154	21.3973	32.3796	24.7407	23.3304	21.9458	16.7666	15.4729	20.5786	18.4824	13.0052	19.0387	12.4248	7.89868	13.0727	15.7685	17.2839	23.8466	4.45833	17.5021	13.7884	7.23861	9.97663	6.03698	8.17197	7.50674	9.17418	17.4216	15.043	6.29855	16.0689	17.2086	13.8372	7.66974	10.1448	16.2182	12.2509	11.2412	14.6149	3.99689	6.15103	0.826078	4.99376	4.22739	7.61159	11.6305	9.76522	4.81955	2.81826	3.3838	6.42179	9.90007	7.3387	20.7944	23.9435	11.7735	15.4965	12.3747	3.02975	9.03789	4.46959	12.6966	6.53007	13.3436	21.1375	2.10555	26.5794	18.7462	8.45583	13.6222
17.8983	10.6793	9.3059	12.5812	12.1971	9.85019	2.93523	12.7788	10.8737	15.6813	29.1552	5.64529	20.5741	7.14589	19.6075	10.4817	3.42155	6.86765	19.9034	31.5493	27.29	6.81483	30.4165	46.0091	26.4959	21.6366	34.9565	32.0466	14.0593	4.32647	20.1164	16.4904	15.9261	9.72564	18.7661	21.4882	21.8515	16.4658	11.3122	8.7748	7.69479	11.1701	16.109	12.4418	12.814	12.108	7.28364	1.34319	3.17048	3.76812	8.73769	14.1835	14.1399	11.9136	6.94548	0.92386	2.88482	7.14016	1.19504	8.90931	8.29987	7.91056	6.10666	5.0477	5.56225	8.93088	4.09063	13.9607	16.5714	8.89989	7.39833	8.90834	5.2233	7.42231	11.3947	9.77188	9.15789	9.00629	10.1133	0.912335	2.75029	5.34999	10.8332	7.99193	9.40392	9.57369	7.21422	16.0771	11.7636	9.41066	6.81527	8.69957	8.03907	14.3597	9.05956	12.4652	11.3561	12.4854	9.32764	6.51958	6.29918	9.65293	11.5434	14.3495	10.2411	18.6746	16.0288	11.8836	14.5873	2.70574	28.6481	26.0371	4.81597	8.45834	16.5932	25.3994	25.1587	12.134	13.9321	28.3802	22.1184	17.0068	24.6164	26.9908	22.6702	28.4756	29.6385	16.0919	9.73584	13.9472	22.3171	22.6301	14.8562	5.52526	16.9688	16.9176	10.3187	2.0507	15.682	13.6595	20.5113	15.6268	23.2287	2.74173	28.4367	25.2907	17.1658	10.7926	12.9844	4.95532	16.1586	27.4284	31.9267	27.3623	24.1118	11.3603	8.58433	4.56024	3.78611	7.88658	10.6791	12.0656	1.37862	13.4601	14.4871	8.72734	17.4241	16.3438	7.1318	2.58627	1.8523	1.33605	1.05243	2.05376	2.58142	1.96941	1.19504	1.63804	0.66207	5.18989	15.1762	19.9531	17.5977	19.0112	14.4508	6.93143	8.82562	12.1846	17.5065	13.1865	12.0088	15.3878	16.4605	20.6531	22.7325	12.5107	3.60051	17.6043	20.8662	5.82012	12.6897	1.05237	11.767	21.8669	18.7587	11.784	16.9367	14.7949	13.0789	9.76824	12.5463	11.9338	17.5106	19.5818	9.31614	11.4018	11.1289	14.824	14.6155	9.51049	3.09173	10.2743	11.3568	7.05913	10.3826	1.32284	6.74183	5.17328	8.11157	6.09156	4.37635	1.50782	2.09818	2.79273	5.61127	10.7179	16.1835	19.1429	18.2822	20.6179	22.8333	17.6717	7.26052	1.91065	1.45861	8.54136	11.3011	8.54727	4.99132	17.5138	14.504	8.42388	21.378	13.699	12.8819	19.2571
17.3043	12.164	12.7856	16.2036	13.3746	11.7474	8.15272	12.4392	10.7388	20.9017	26.243	4.89324	18.1809	6.46562	11.4764	19.1083	26.0537	34.0459	43.8776	39.5097	32.5592	27.9266	8.52709	41.5595	34.6963	38.177	32.3137	7.43314	24.0798	29.6666	16.977	1.90761	5.17331	7.44002	16.3433	19.4504	22.4477	21.4018	20.3234	15.8855	8.93681	3.10421	11.765	21.6898	18.4285	19.4871	14.293	7.41278	5.94355	4.00265	3.57783	9.75571	13.551	13.7386	11.6727	10.0804	4.65495	4.14372	5.32539	3.30133	9.00803	12.131	11.4119	4.29112	5.86922	1.96395	11.6512	18.1609	16.4019	10.5794	14.5382	12.5422	10.2256	9.48435	13.1752	11.2168	11.2328	4.09716	7.35073	5.90126	9.45424	9.37641	10.0841	4.67808	11.8904	10.3297	5.53153	15.8168	16.9571	13.389	3.48691	5.40399	4.01874	8.21623	5.70809	4.42776	13.3809	12.426	9.04934	2.81376	2.92649	7.11069	13.4904	17.6781	18.6383	18.5018	15.0411	12.6413	9.44997	4.95437	25.9719	25.3876	13.9465	17.3214	16.0535	22.9985	16.6802	2.95586	14.4115	23.0564	11.133	8.03421	20.1627	23.845	24.682	19.0216	26.4478	16.2433	3.9403	5.07884	10.5365	23.0873	23.99	18.9216	17.9308	6.45741	4.23058	5.64069	15.0502	18.7433	7.09283	13.1164	21.8914	4.62394	30.6799	26.7376	15.5609	9.28147	12.5926	14.8351	19.6861	24.4782	21.0237	18.4196	15.3241	6.68893	6.46418	12.8229	13.0019	6.99382	3.04938	5.84484	7.63743	19.9114	16.574	10.8993	14.0999	20.7753	23.694	16.4637	13.448	16.2733	17.5969	15.0637	10.2686	5.50983	2.13594	1.0466	1.45985	1.74443	10.7664	23.2865	20.4676	16.8037	16.2971	13.5682	11.3525	18.6885	16.4535	6.51659	10.2324	23.604	29.4896	26.0399	11.3547	20.143	21.8766	20.0625	25.3547	15.4248	11.5634	12.535	19.0912	16.4909	23.0756	2.67888	22.4609	19.7098	13.7626	6.42183	5.20024	14.2851	21.6298	20.6948	12.2441	13.2209	19.2953	19.372	15.124	3.62023	4.06375	4.58066	8.35904	4.60606	11.386	12.2909	8.69453	6.8679	8.81697	3.1828	5.6265	7.02404	6.46465	7.6013	14.0257	21.8698	25.1032	26.7231	27.3086	26.3408	21.9014	14.72	7.05304	6.66984	6.97613	7.71749	12.2794	11.1974	10.9251	15.1066	13.4398	3.63858	14.0661	12.1618	11.5437	15.4723
11.3215	11.8997	15.0341	12.8483	7.23702	3.05642	9.29539	21.1855	25.1094	22.6184	15.0917	7.84476	17.5531	14.4819	19.6991	27.0898	31.8882	36.6252	36.6081	17.937	32.6175	28.3426	13.4383	24.2975	19.6243	22.3511	1.70412	27.1988	36.2204	33.2042	34.3195	30.0957	25.3416	20.5989	12.2508	13.2039	17.8412	17.3653	25.2306	27.4573	21.76	10.9768	12.2346	12.3035	8.20693	17.8479	14.9072	9.96634	6.64928	1.69641	3.62641	5.18732	11.8998	9.8238	10.5495	9.88504	9.70914	4.72075	6.52477	3.7652	4.51825	10.221	11.7027	8.46144	3.29147	6.17994	14.2795	12.09	9.7861	6.144	12.2803	15.671	15.2459	14.0148	10.5698	2.93814	9.62918	2.54145	13.8114	14.5223	8.2803	4.5631	8.20338	3.37075	14.5703	12.2657	2.10435	11.7305	16.8605	15.5555	10.2061	7.0952	5.21185	5.89159	5.70955	11.7227	11.2669	4.08015	8.12003	11.3534	10.4767	6.07681	2.55196	10.5965	15.2756	13.0153	10.5611	4.48441	3.31094	4.55924	16.1932	20.5075	17.0187	12.2128	4.34737	15.2972	16.0359	10.8667	7.34963	19.013	19.1325	17.6232	21.5121	26.7231	27.2041	13.1125	15.0339	16.8977	5.60956	11.9386	14.9876	18.7793	10.5538	11.9443	23.3235	16.0118	8.15889	11.0985	5.28286	0.947693	9.64374	16.2859	12.5257	14.4016	26.2261	21.8478	15.0246	14.7685	16.3116	15.7107	15.5931	15.0958	12.4269	13.1786	10.6694	1.17122	10.0408	11.7283	18.1631	11.261	8.30421	12.773	13.5612	20.9921	12.3194	13.7678	11.6365	15.9561	21.0993	18.302	20.0024	22.7507	20.5423	15.3058	12.0743	7.11539	3.73668	2.20795	2.04218	2.32914	8.61729	21.495	19.873	11.854	11.9534	19.1911	18.6793	12.3036	8.85811	9.84982	13.9409	16.1932	19.0248	15.8217	26.5849	29.5635	19.9245	17.4107	22.1624	13.5238	10.566	21.9245	11.8587	9.4178	18.35	11.9384	34.0172	26.6515	10.4607	7.26247	10.2753	13.964	24.7213	20.8556	13.8078	12.8995	11.2032	9.89781	5.58782	3.79902	4.52761	7.48566	11.3852	10.1111	11.3415	12.9267	12.2356	6.94396	6.40756	7.37755	5.75382	9.49937	12.5025	12.6547	18.0427	19.437	9.09477	6.3488	8.19311	10.0812	9.37667	7.15357	7.00634	4.71528	3.07735	5.25838	8.81696	7.9568	14.8412	14.8836	15.7794	3.72355	9.68129	9.60381	5.22302	4.82856
8.15598	14.703	14.8828	9.191	2.88511	9.86017	22.4638	28.7895	23.1859	6.11938	13.4012	26.799	33.2212	33.9475	32.9389	27.6987	21.5809	13.7412	9.92746	28.4999	31.796	16.3845	9.11549	22.2558	19.9271	22.6232	23.1182	29.1215	24.0096	16.2941	23.8898	30.4557	32.4415	32.0423	27.238	13.2994	10.3863	17.7622	14.7126	9.89069	17.0363	15.9412	14.0015	24.1573	15.2423	9.19481	15.7565	11.4027	7.87401	6.46846	6.50476	6.41469	10.7482	6.27853	7.66128	13.0048	15.0972	5.59312	3.11844	5.97654	8.19186	4.19081	8.70804	10.6461	6.81876	9.43504	13.1543	9.57693	10.121	7.91667	7.55768	9.13561	6.95215	6.51368	5.704	7.47713	9.01129	7.38819	19.4502	12.413	8.48213	7.47355	8.70387	6.51389	14.8387	17.6875	12.3649	8.5659	9.99697	12.8429	11.422	7.81513	6.35829	9.53779	7.3881	5.86274	8.80289	10.2173	13.4305	15.1633	14.5031	9.19238	6.74704	8.9795	7.91254	9.95325	6.92953	22.4061	22.8461	9.52748	9.86873	15.8451	7.79227	5.64819	12.2532	18.2363	21.0475	14.8981	19.1969	15.8493	6.24817	17.9703	23.0746	24.3462	26.7077	26.8717	21.7756	7.9906	10.3188	3.33392	15.6937	22.9518	15.522	5.39131	12.1559	18.6241	18.0898	22.1824	26.1325	20.1102	1.51996	22.7286	32.1523	25.6482	10.8698	21.4734	23.5586	21.3321	17.8404	13.7252	14.5076	11.5124	8.62925	9.9209	8.27552	1.20597	11.563	1.06205	17.3643	9.69276	16.9279	20.3207	17.9519	16.4533	9.86421	12.1094	12.0121	6.07799	10.6441	14.1522	16.9111	7.9283	8.99091	9.31649	11.418	7.42297	3.96669	1.52888	1.33985	2.75897	13.9031	24.7967	18.6911	12.3051	13.1343	20.4207	18.1398	12.2923	10.2907	9.5896	22.817	16.8743	7.72012	31.6505	34.6495	26.5435	4.80694	18.2933	13.2062	10.1371	15.9965	23.5952	20.2547	19.0182	14.5541	25.1181	35.5574	11.0434	17.1283	16.0213	17.4243	18.02	23.8279	22.0375	16.4911	14.8331	5.72255	2.29669	3.01109	8.44646	8.61452	11.1093	9.52285	5.4546	2.22986	3.15568	4.28401	7.49632	4.09403	12.1505	5.40631	6.5906	6.98406	6.54858	11.2051	12.3143	13.1003	9.32522	2.73563	8.97959	13.4551	9.87692	6.09753	0.975108	3.5448	8.35832	14.7382	8.54428	15.7886	17.815	17.2061	4.59567	16.7009	22.8671	21.9892	18.3915
13.7408	18.797	12.4318	7.77132	3.32929	18.3229	22.3384	18.7543	4.79557	18.0185	28.5509	31.6477	30.6753	26.4118	18.8826	10.8989	8.00204	15.5171	24.6405	28.0184	12.2439	8.2613	6.11044	22.6212	19.972	23.6279	13.1783	18.3818	21.16	17.1768	12.0966	21.6392	26.4819	26.4512	23.1974	26.4324	10.9972	5.84644	9.9919	12.1473	19.8611	29.6364	26.546	24.4582	25.4333	5.50821	12.5756	12.3364	8.53061	10.4783	9.70289	9.95435	10.0401	11.3089	11.4601	14.4593	16.4485	11.0093	1.54914	5.00003	4.54945	6.60708	8.64349	12.3846	7.66959	13.2718	12.7173	9.77275	10.6284	8.27644	3.09694	3.06255	6.28893	8.22484	6.16915	12.943	13.6303	16.4197	21.5601	10.5686	13.04	12.3833	7.75103	10.0392	8.59129	15.1394	13.016	11.3838	4.24778	7.06613	7.13009	9.67743	9.40006	7.05535	4.0075	6.62833	10.8646	14.4865	15.3986	14.5661	14.632	7.22986	8.61907	12.0644	3.10461	10.6839	21.9093	15.689	17.5877	16.502	7.12228	13.4573	14.3387	14.9018	13.0328	7.3832	19.2492	18.9574	25.2707	20.0316	10.7458	13.4378	23.0568	20.5916	22.1124	21.1163	18.6431	13.0017	7.03453	15.5837	24.0337	13.7364	12.953	17.8197	18.4333	12.4438	7.25288	2.39376	7.03431	18.9559	19.3412	17.2648	16.5656	12.856	0.807179	24.3663	31.5008	21.2197	14.2094	10.6965	14.0509	10.7165	7.36498	7.39382	5.896	1.4603	11.6515	1.30691	13.8169	7.13091	17.0093	14.7121	15.3921	11.1115	10.2302	7.52481	9.41744	9.30297	9.7853	12.7875	7.72354	9.05905	8.77429	9.94234	14.9352	11.4634	5.21578	1.92348	1.96289	3.20007	18.7548	24.899	13.7054	15.188	19.895	23.6109	15.6049	10.1469	12.6865	7.56724	28.8694	22.9291	21.4944	38.7634	26.2721	11.2968	10.6744	11.1362	9.90754	9.13006	15.5907	16.2555	15.8187	28.5456	9.51892	32.8862	26.6442	10.698	22.0426	19.5303	12.7321	15.5011	17.8759	21.7726	16.9144	5.15697	6.21882	7.77549	8.80171	12.3743	12.2447	11.5688	7.04638	3.6454	1.84861	1.93488	3.87271	8.22304	3.32142	10.4192	10.7008	9.30999	7.47374	4.82501	6.75471	9.16987	12.134	16.1288	5.21776	7.79846	12.1386	16.2237	9.59124	8.11246	10.1823	19.8441	20.4913	10.9555	15.0359	19.7119	15.4526	8.63865	16.0872	18.7048	2.62821	4.04711
15.4829	16.4925	11.2432	5.13331	9.89157	16.1448	16.3168	24.863	22.1869	21.387	22.8913	10.8843	13.3408	11.632	12.4038	22.1672	16.4961	16.6193	13.7227	7.086	21.4702	27.0114	22.3305	22.9802	24.2519	15.9718	21.328	12.9392	21.8902	23.8418	14.4669	10.2064	15.538	16.8763	14.0887	23.9876	24.5325	28.5069	19.945	16.3691	23.3719	27.503	11.5083	19.7541	28.865	10.1142	9.71782	10.7017	9.37815	8.89763	8.07315	11.5137	11.7165	11.0063	9.86004	13.258	16.1479	11.3985	5.53389	9.2433	7.9749	15.0588	11.2437	15.2102	10.1695	14.5829	12.8621	6.96206	7.09741	7.54321	5.65948	6.24086	4.42236	10.7422	3.86138	6.27353	3.84448	8.1021	13.2874	8.05074	5.38642	11.0893	14.8101	13.618	10.5613	15.5471	12.5858	8.60975	3.04403	5.67445	9.98578	10.0496	5.11745	8.86202	8.63832	6.39957	9.64111	13.0565	10.1247	14.5814	14.7518	11.0467	12.8598	14.4873	12.1155	21.3815	12.795	9.12842	15.9267	9.29318	14.2061	16.6641	15.6106	10.9619	8.26132	7.33197	18.2662	28.244	22.92	21.5084	24.1961	25.0439	22.4082	16.4761	6.07569	8.22254	17.7995	26.7094	25.4362	24.9921	19.0429	5.20468	10.1027	14.9851	13.5268	14.1366	22.1948	25.51	22.4871	27.2916	28.0165	3.27085	28.5471	20.3907	12.3442	25.8907	30.5438	19.5085	11.1945	10.4159	12.865	7.81259	2.50944	5.02411	3.66573	3.83019	13.2726	4.25055	12.3755	5.13751	12.9203	5.81354	5.59227	7.40377	9.26883	3.12208	7.95352	7.40685	9.09443	5.78612	6.28329	9.79213	10.8975	11.6204	17.9764	17.6585	5.37821	1.50956	1.78703	2.02903	19.7823	24.493	14.7933	19.6087	20.6926	17.2914	9.44772	4.14621	10.0637	26.8744	34.616	2.54007	36.9665	31.4617	16.8721	23.5143	15.4022	5.16302	8.36824	10.9245	18.4013	20.9562	25.4825	25.6796	7.59111	28.2017	16.7008	19.1566	27.6554	25.8176	17.4694	13.647	16.2257	17.3307	10.7985	14.9636	18.6207	19.5293	13.8508	2.85479	7.09546	5.13306	2.2984	4.4351	5.81226	7.74508	12.3948	17.3234	16.3095	4.96588	5.83348	6.86377	7.65467	10.792	9.16823	4.84513	13.4678	16.8354	7.25726	8.13532	9.02461	13.4301	10.456	10.687	21.6776	24.496	15.246	9.61943	17.6958	21.2587	14.4395	13.8298	6.38326	15.1174	12.7101	7.54984
15.3479	18.0227	12.221	4.39485	11.1845	13.6493	18.5494	25.8358	26.2596	7.5636	19.3069	11.1949	18.4316	16.3134	18.7953	25.163	8.94467	9.05449	5.26956	13.5986	20.145	19.4628	29.4733	21.585	18.0031	10.8241	8.51846	15.2683	21.7809	22.0873	11.5888	2.35321	13.7838	13.7402	16.0218	11.7395	13.7843	18.5621	20.7626	14.1698	17.8598	20.353	10.2343	22.7387	24.4902	8.38407	6.77521	5.65668	7.37424	5.02846	4.49496	5.39856	4.9326	7.43733	12.1863	15.4904	13.7372	8.09459	12.8595	13.6593	13.2082	17.2386	12.9897	15.9988	10.8566	11.3518	9.15798	8.29064	4.52868	3.15593	5.94388	3.90024	7.62174	7.8042	14.0728	18.9585	20.8252	18.2975	17.6086	12.2062	9.46998	6.24504	6.18698	2.66281	3.19822	8.86183	15.8554	13.0409	5.0694	7.32379	9.47659	7.14739	3.00546	4.34362	7.18508	5.13105	10.0577	7.88505	5.04179	13.5657	13.4217	10.9493	11.6528	14.4257	6.79721	13.7521	7.02469	8.69645	3.77662	7.303	7.69186	10.0654	9.10852	7.24528	9.27783	12.2904	19.0387	23.2032	19.1805	20.3545	27.7339	29.2056	23.6163	16.4521	10.6559	10.0472	11.7253	19.2914	20.8498	12.8823	9.09678	7.73435	9.86093	10.3591	20.6061	19.9437	20.3154	8.0742	13.3503	22.6682	18.6026	12.3907	26.1057	16.0993	21.948	22.4924	27.9955	23.561	15.2886	12.6414	7.08038	3.49844	7.92511	8.20451	5.18681	7.41253	12.1383	4.86602	10.5276	8.27226	11.6631	9.17876	12.0188	17.5501	16.8002	13.1673	12.3801	11.8379	10.1903	9.106	9.13599	8.64667	6.15409	5.13272	19.3904	17.4209	6.97987	10.1782	7.1819	4.6623	22.8602	25.8584	20.4749	22.7969	18.5612	11.4946	7.22311	13.6253	23.0108	33.3869	21.8566	32.2489	38.5812	5.73878	18.6097	20.753	21.3829	13.3853	10.464	15.0719	18.0936	19.0501	24.4331	10.5869	19.6124	13.8385	7.19397	19.6253	30.5361	24.2503	16.1703	12.3468	15.902	4.50377	14.8538	21.7719	17.1944	12.2681	12.4869	9.18038	11.0361	11.8266	5.55215	10.4016	12.8973	12.1126	13.135	12.7588	14.9291	13.1472	5.03617	8.16975	5.67391	1.10315	9.60141	11.7522	11.0464	11.6176	8.41307	9.3002	9.16803	13.9095	19.7198	19.2258	20.2442	14.6472	7.71975	8.79828	16.4495	22.444	8.97096	10.3074	15.0823	10.6649	4.86669	7.68616
22.0223	17.3649	6.66327	8.8832	8.33488	16.3756	13.4552	9.19053	28.8301	0.978386	20.7237	16.5226	22.7893	9.72405	22.6651	21.5561	5.55084	10.0964	11.7532	15.8853	18.1298	15.2669	13.1425	19.2501	17.2899	30.3788	22.6944	9.63783	12.2035	18.8326	15.4214	3.61862	11.7405	13.9763	20.4641	10.9189	17.4309	12.206	4.8108	3.09183	8.13609	17.2108	12.5315	21.2424	17.5669	3.80568	6.73817	2.80718	1.68414	7.46733	7.11819	6.08564	10.2645	15.7313	17.3383	15.1317	4.81729	10.2451	11.4378	11.5593	9.91281	12.562	11.812	16.6675	13.2889	9.04304	10.6119	9.22664	8.34673	5.25346	8.11102	9.84461	12.8567	9.97948	14.2929	13.0034	11.4321	15.4202	18.1362	6.65316	9.84358	17.7021	13.2694	17.7092	19.7171	12.9642	5.91124	16.3963	16.4097	10.8043	7.35759	3.17611	0.967529	5.24194	6.19588	7.91016	10.4638	1.97201	5.13133	8.49598	12.2035	10.8131	9.61631	13.274	3.71892	9.902	6.08625	6.23456	12.2347	8.90415	2.73133	10.2821	7.69296	11.6358	11.23	7.75728	12.9094	11.9779	12.1177	17.8341	22.2353	18.7272	9.91316	4.74807	16.1533	11.5323	3.48201	5.52325	9.26869	12.0818	11.6608	9.56791	4.92002	25.107	16.689	22.0787	24.8365	16.8388	14.1054	21.4151	27.6056	7.98249	19.8951	27.3174	25.0054	18.5161	24.6085	26.0466	14.0038	5.76443	6.32927	10.8183	11.1214	12.2397	9.0329	9.64503	7.41088	5.18822	6.25283	13.2577	16.1379	19.3757	23.585	23.5396	21.0915	20.3845	18.8186	13.4009	11.4812	11.429	10.7761	11.701	11.9255	11.8153	21.603	5.62231	15.848	14.7898	12.4747	10.1008	26.8998	27.2463	24.4452	19.9059	11.089	4.93837	18.5724	29.1027	24.9144	26.4999	9.40712	43.0706	25.5309	21.2148	19.8896	21.8007	20.4533	22.2317	18.5858	3.18835	18.1104	22.3464	29.9542	9.68106	21.6129	3.76888	11.5008	18.8888	26.4726	9.21847	6.02773	3.72017	8.10533	12.8352	24.8787	21.9226	19.2649	14.186	14.2751	13.4112	2.5666	13.6359	14.8414	17.1862	12.6245	7.77665	3.42153	6.73331	11.3471	11.5356	0.886776	8.80573	5.71007	12.1807	8.36735	8.8202	15.6936	15.3643	11.3527	13.3585	13.4915	21.0876	24.231	15.783	12.8544	5.33919	4.37549	5.80218	11.2691	20.9093	9.58585	13.7615	16.2946	17.0737	9.76878	5.20047
24.1315	16.5196	7.896	15.604	11.6304	11.7502	4.97121	10.2216	27.0757	3.63753	19.4107	17.712	18.0691	13.4482	20.4072	12.822	9.50301	19.2249	25.2334	26.2306	24.6674	16.7705	10.5868	26.7189	21.7841	17.324	28.8104	23.4417	14.9483	15.6574	18.3039	10.3101	15.5122	19.0781	23.7097	14.3705	11.565	20.2543	16.2216	8.30742	6.70938	8.61574	2.59744	15.1936	11.2964	6.79969	9.83229	8.77821	6.17564	10.8762	10.7715	14.6385	17.6857	17.9534	16.4029	10.0778	5.34737	13.8126	5.41861	8.58402	12.0484	11.24	7.03139	6.89307	8.96419	12.0483	11.6555	5.189	9.66053	11.0897	6.88795	5.00711	10.7921	11.6389	8.14621	16.2804	2.52448	13.7045	17.1919	7.17833	14.0691	19.9961	15.1838	13.418	16.1813	19.5993	14.7955	4.84741	14.1615	11.9495	6.38476	4.9775	8.98702	11.4371	5.59235	10.6871	10.1255	2.52748	7.84572	11.0207	14.7303	14.3975	12.5953	11.7557	3.84088	5.47569	5.98288	19.3699	18.7194	20.3393	8.55429	13.2876	10.3142	12.2439	8.93299	8.29267	13.2413	7.06947	5.61078	14.5794	9.06914	12.0133	15.1361	8.85598	12.3021	11.9574	6.74518	5.60354	2.75951	4.84901	4.68155	4.7752	17.7652	18.3176	6.3123	17.7495	11.7843	13.665	14.3677	15.4443	24.1314	24.4064	11.2259	16.1428	21.2911	20.8459	17.1876	21.4316	15.965	10.2516	8.64559	9.40688	9.31856	12.436	9.65222	6.24303	1.21457	4.02132	14.2076	16.9146	17.1485	19.5286	17.7172	9.2011	6.84002	8.19314	12.5397	8.59036	4.02912	3.74706	11.2279	19.0961	19.7105	16.2919	20.3848	6.50623	16.8306	15.7906	14.8384	15.8526	30.8783	33.0909	28.0152	16.3194	4.4276	23.9058	35.7994	32.935	31.4342	26.6558	23.8354	41.6625	30.9243	34.3297	19.0801	26.9597	5.59721	16.9299	24.0592	15.2105	10.6292	24.2676	32.4116	7.18845	16.4753	15.9121	20.1969	20.7013	20.4147	6.13039	6.74094	4.57147	13.1477	23.2428	25.4497	14.1892	18.8003	23.3967	18.3115	15.4877	8.08197	11.6217	18.6471	15.093	8.76165	12.8227	8.35675	5.49977	5.74727	10.7464	6.38995	7.63492	9.6644	7.30559	8.34995	5.54443	10.6544	15.9856	12.6684	5.89002	11.653	20.5788	23.0289	20.8693	19.3309	7.02126	8.86844	9.98123	11.1576	16.3402	4.55545	8.77762	7.50405	12.4144	20.9711	6.46323
17.5126	16.419	12.0437	20.0668	14.0926	10.0554	9.69764	16.0236	15.5834	8.77231	9.13347	27.502	32.7569	26.0082	7.97124	10.6921	18.8487	24.9264	28.2165	28.5598	24.1042	15.5633	22.1095	27.2649	22.0321	1.45897	19.1339	24.033	24.1085	18.896	20.3373	12.6373	12.6005	17.8406	23.2043	22.6715	6.45478	8.44235	12.9111	18.6631	17.7233	13.3101	9.81301	15.2009	13.6163	8.93821	10.6306	10.9734	9.16906	10.159	11.1715	15.1415	16.747	14.3979	7.91715	2.53471	7.81904	17.7469	6.74593	10.2664	14.3529	7.00654	9.92326	0.683946	8.9646	13.4152	7.81036	7.52933	9.14821	11.0311	7.13305	2.4597	8.73741	9.45143	7.22863	15.1164	6.45189	14.9485	16.0169	14.4065	12.8424	13.5203	12.5878	5.35566	5.39767	12.6418	18.8049	17.7747	4.04095	12.2729	14.3924	12.4886	11.3442	8.7929	8.18542	12.4842	12.0746	5.74578	2.70188	9.51846	16.1997	14.6072	11.928	10.8432	6.00988	5.69791	14.5325	23.5856	16.2382	23.1869	15.3621	6.97238	11.2407	14.5559	16.6139	17.5182	17.5813	14.9728	14.1867	10.9488	8.45631	17.5015	15.3987	8.98492	9.15433	9.23597	7.75542	10.7771	11.5854	11.8314	10.1797	12.6517	11.5048	6.44312	16.9517	17.8712	11.541	8.02113	7.03446	9.6878	12.0465	15.5584	20.9629	24.8535	18.3128	17.3437	13.1796	8.25952	15.4095	14.3257	3.59804	5.95601	3.16896	8.60198	5.36054	1.16257	3.25183	13.4628	17.16	16.7539	16.4338	12.7362	6.57258	8.91549	13.6013	13.7175	13.1397	19.9698	17.121	13.6097	4.6559	17.8174	21.5514	21.247	18.3682	14.5602	20.716	21.2242	16.984	16.7351	36.7208	37.4959	16.688	5.07645	26.7241	33.7213	16.2465	6.09917	13.6775	14.5942	8.85956	33.7415	40.8123	39.9902	32.6986	34.6618	13.8443	22.674	28.1913	26.6999	29.451	36.0989	33.7589	25.1567	21.9273	19.3226	23.3704	12.2799	7.03367	7.38856	5.8594	16.0045	21.3559	22.8408	22.7632	16.1521	19.7005	28.2308	25.4257	18.9534	14.5248	2.22075	16.7719	19.6592	14.2288	7.77209	3.0925	5.92106	6.07343	9.06397	10.3141	1.33154	10.2338	13.5645	2.57002	12.9963	11.6232	2.88726	8.63949	16.3126	18.0535	12.0018	12.5519	22.0866	27.3689	9.61954	14.0146	10.8215	9.05085	10.0696	11.7846	8.19306	8.44439	11.041	17.229	17.0966
23.693	19.6409	17.4981	20.4753	9.67277	11.0605	19.1184	16.1487	3.79576	8.58338	13.3289	2.98912	13.0391	17.5858	17.3193	6.86125	8.30823	16.2755	12.5926	10.9152	9.87579	15.794	29.4456	26.9835	18.8167	2.811	19.4909	25.4036	29.5363	19.7076	13.6699	9.24486	16.5739	17.2366	17.3637	21.3918	10.2159	18.5128	25.465	26.2107	16.1607	10.0214	8.54034	13.7388	12.532	3.89574	7.3026	4.29013	9.02152	14.5749	14.136	14.0665	8.88409	3.05819	3.49778	8.96801	11.6997	17.2476	8.14392	11.5464	9.40869	11.4911	9.6959	11.4665	14.52	9.37908	11.6236	12.1405	6.59621	8.82984	5.33084	2.41564	5.93143	6.57836	13.8207	17.2068	12.4541	16.6391	16.3007	10.1294	2.96566	8.57109	12.2927	3.76979	9.46808	6.73243	15.6891	19.6903	13.244	9.38604	13.6806	12.3923	5.66389	2.37052	5.79676	11.6835	14.0459	6.89678	8.62313	17.4295	14.4353	9.93924	8.35313	10.0752	2.83128	8.10501	14.2582	19.1722	5.065	14.6069	15.3826	4.69907	6.90744	10.9414	14.3732	20.7102	22.0212	18.3765	19.15	11.6822	13.1109	18.0993	11.0597	7.09947	5.8645	6.65172	12.5224	8.62962	3.25042	4.17976	4.17946	5.13077	11.4038	14.9769	14.7367	14.5131	15.9757	17.2727	14.8662	14.3086	9.9755	9.39746	25.3196	26.9703	17.5779	6.39346	6.96622	5.90408	4.80298	14.3192	10.1767	4.0544	4.72387	7.28223	4.96408	1.09405	8.42996	13.7845	10.4811	11.1733	5.93891	1.88226	8.68018	13.5156	17.5138	19.8207	22.5752	28.5715	20.6047	27.0661	18.7438	25.2278	21.2763	15.1251	19.7065	33.9212	31.8847	32.3512	25.6153	13.2156	39.4114	34.3939	25.1777	31.1747	35.5741	15.48	17.0456	27.475	37.7162	37.4703	25.6928	3.88609	12.3892	3.58722	27.6914	36.6492	34.1546	32.6491	32.0128	25.8177	30.0145	33.7262	25.9337	22.3269	26.0455	13.2909	23.7714	0.947019	11.0769	15.9138	16.3629	18.2604	16.216	13.5958	15.0096	12.8258	12.9699	24.7753	26.8359	18.0156	14.6104	10.052	9.39436	13.9823	8.48117	5.26197	11.5698	10.1612	9.55293	8.36111	9.41689	5.35924	5.43939	6.64812	13.877	9.88163	16.0017	13.3934	5.19731	21.835	14.4867	6.36581	8.86929	21.9811	30.7938	16.99	7.54137	17.6303	16.3929	19.6945	22.1076	20.5094	8.03148	15.6276	4.4716	13.857
28.4127	18.2341	17.0119	18.271	1.55247	19.566	23.1021	12.3446	4.81861	6.47845	11.9761	12.8828	15.7352	9.9305	18.0054	14.1254	15.4874	19.3361	20.285	15.0881	1.28837	22.2445	30.6213	24.4912	16.2777	7.39807	25.1744	28.4502	27.9517	14.9146	5.18199	12.3088	17.0493	14.8077	13.4696	15.0782	7.51458	22.505	24.6272	19.0513	7.24938	6.83371	6.41076	13.5093	10.1369	1.55074	5.07574	3.28982	10.9251	17.9588	16.4853	9.19261	3.76378	7.26682	6.27139	10.2051	11.4043	9.77278	8.03352	7.75433	6.39603	11.5186	13.4345	13.9899	11.8091	5.80574	13.4784	13.2996	9.23331	10.0336	3.97513	2.50351	2.73112	10.2248	12.7999	10.8165	6.88819	11.0244	14.6387	5.096	5.2399	6.1956	10.9268	6.56694	9.94719	6.28901	19.464	22.537	14.8661	10.4034	6.49224	10.8582	7.20543	3.06238	5.64614	10.5131	16.0036	4.00131	11.8699	14.5763	9.37669	8.41465	6.30989	9.7535	2.93056	14.1802	7.47361	11.9456	16.8468	12.027	7.29124	11.8239	13.2436	11.6765	5.45391	6.5586	15.5685	18.3296	21.6894	7.61012	15.8482	16.5726	7.16042	2.98356	3.27347	4.86198	3.00322	12.4211	11.8575	10.062	7.57251	6.19226	10.3716	12.0678	9.00411	11.968	9.09719	11.2379	11.961	9.0129	6.92242	5.78629	24.0813	24.8473	15.4328	12.9582	4.19979	8.61182	6.01554	5.4047	16.5965	17.6236	12.6404	9.11858	8.64978	6.69856	5.48705	12.5229	12.8421	12.9163	7.24808	10.5988	9.01011	11.748	16.2415	17.7963	25.4378	26.4733	15.4762	24.8281	26.9993	26.3499	12.2459	19.0512	37.5335	40.4886	28.9457	37.3775	34.2379	7.09559	33.918	34.1983	39.7818	34.4712	18.9357	12.5394	20.6664	25.3573	18.9309	26.0723	29.9958	10.5468	26.6466	32.1923	15.1958	26.8802	36.4208	30.9654	32.9841	21.06	24.0072	28.2506	15.179	18.4768	20.7346	10.6758	23.6259	11.9753	12.6855	10.6647	4.22362	8.15305	10.4142	13.8051	16.124	16.0689	3.34802	18.2351	29.1166	21.3565	14.0072	14.1833	3.06906	13.3147	11.5698	8.04438	10.4305	7.74473	12.69	13.3384	9.71232	4.89123	9.87042	9.2857	12.2375	14.2996	2.91793	13.4154	2.92225	16.4851	19.3743	18.157	18.0944	23.1488	31.0124	29.6095	9.22004	11.0188	13.3633	17.0697	13.624	17.5064	19.8263	5.67034	21.4175	7.95367
25.3021	7.6031	15.2012	12.2308	13.5776	23.1813	17.9938	3.11476	6.03963	6.15418	9.50114	13.427	7.14831	5.73011	14.2127	16.5913	18.1114	20.5145	24.3897	24.229	11.429	22.121	27.7001	21.1916	15.0509	10.7685	28.3273	26.7079	17.807	10.6336	20.9422	24.8305	22.1308	13.5371	6.92088	8.44097	11.8847	19.4059	17.7277	10.119	2.46437	10.2376	11.0736	11.299	4.83569	4.80309	2.43435	7.56111	16.1365	14.024	1.72739	4.25125	5.52857	6.58746	5.5948	9.94016	9.05924	4.41815	9.38493	9.61428	6.19483	8.69159	10.9203	7.08165	1.51127	6.11104	11.2756	12.0773	10.0763	11.1668	4.62213	5.7649	10.5366	7.85832	2.2873	7.2447	6.96445	5.20515	12.7999	9.02134	4.2328	4.61167	4.95884	9.11136	6.18869	8.66458	22.4767	22.7885	11.2773	9.97096	3.94211	7.42978	9.14982	10.7237	6.21468	7.0165	14.8177	5.97977	15.2004	14.0433	3.90138	5.42679	6.86797	7.78784	7.96945	14.1572	2.94378	2.5347	1.26813	1.92518	5.41589	11.4421	15.6263	15.3963	16.0088	6.45197	15.9661	23.021	22.6003	3.69384	18.6373	14.518	5.82744	8.75068	9.72665	5.10476	7.41641	9.27294	5.48141	6.17098	8.94254	7.69016	7.40413	6.12869	5.61535	10.367	8.47239	7.72801	9.0926	6.31581	6.11839	6.08143	18.8243	22.4136	13.28	12.6312	9.41681	10.2383	7.15217	12.1804	13.8231	18.9391	14.7702	7.11998	4.74754	4.06748	2.57305	8.6591	12.0968	9.67948	8.51072	7.76632	4.26744	9.44823	13.8313	15.8764	21.1305	1.24061	10.7633	4.49314	14.1019	10.0699	22.7837	36.4133	30.5011	26.6722	22.4372	40.4348	40.6389	4.66805	23.3647	15.0689	11.9493	14.0084	13.8902	22.9056	21.9115	26.6755	10.8344	28.0573	27.8846	27.4834	38.7012	27.5127	36.7843	16.2215	14.8336	11.4194	27.3527	24.6576	24.3168	20.1359	13.8564	32.2636	22.753	23.7215	26.6243	20.7364	17.7956	13.5461	5.84637	10.4776	8.37242	10.4877	13.361	16.2154	11.3221	12.2605	32.3906	26.8681	12.0785	12.9488	5.6798	14.6368	11.764	12.1058	11.953	6.53348	9.22945	14.6736	9.46865	10.5941	15.8883	18.4389	12.1991	9.47906	6.61367	10.3754	10.2151	5.80017	13.1056	7.93698	6.28407	13.5244	24.594	34.104	23.3307	0.821906	9.99628	10.5741	11.7726	16.9212	21.5025	24.8982	20.0084	8.94553
15.9516	11.5256	13.4829	5.20702	22.0962	19.5647	8.17197	13.0398	11.9151	10.7332	16.6907	15.8787	9.63402	14.4252	8.17091	11.6166	13.4276	15.6096	21.1667	27.0737	22.667	19.7425	18.5393	19.3211	18.7003	12.9726	23.4725	18.9515	25.1771	29.5461	26.3727	17.1869	8.17761	6.1624	11.9526	18.0798	17.7123	14.7867	14.1772	7.35135	5.31827	13.9122	11.4793	4.80211	3.78704	5.39567	5.05632	10.1105	12.7732	10.7157	15.1593	12.488	9.01874	7.71841	7.23897	10.079	11.0731	5.23001	10.6992	9.3327	7.10563	7.38013	7.5187	10.9477	13.4316	11.5667	11.6798	14.5068	12.0353	11.2545	9.40723	12.7344	9.37862	5.25956	7.23984	9.89251	12.0196	14.6504	15.3857	8.9157	5.35671	4.38802	1.93051	3.85978	5.57256	13.0527	20.5959	18.9147	10.1492	11.2471	8.46475	3.67775	14.4185	12.604	1.39381	4.04666	10.1107	11.4319	17.753	11.5245	4.89506	11.6137	18.1348	20.2342	19.2133	9.8789	3.36549	9.23815	13.7785	13.042	14.5034	15.5637	16.0821	17.5985	23.6225	21.874	9.27132	22.6773	21.7226	12.5057	10.2308	15.2208	12.7447	11.4378	7.6914	9.79646	8.06451	6.63694	6.20337	5.93368	7.13421	8.79168	6.65139	6.01947	7.10578	8.9286	9.11455	7.98644	9.59657	12.7495	13.2724	12.1879	11.9031	16.8093	15.0415	13.6593	9.50001	17.5709	16.8215	13.2452	2.83697	19.2851	16.4844	8.47415	6.43202	1.92488	5.05714	7.26673	6.74416	10.7863	11.8164	6.58621	7.02977	13.2234	13.4058	14.8617	17.1021	14.9286	19.9802	23.1191	20.7599	21.4478	30.4657	24.191	16.4235	13.9078	9.78332	37.3501	46.407	23.3553	17.5301	21.3989	23.0067	22.7367	16.5886	26.6329	25.5257	19.6451	4.0225	20.9137	37.043	41.6863	30.5009	6.74003	30.1031	28.1204	27.6545	14.6453	21.6056	11.8187	12.3629	16.7081	22.0385	30.8124	18.2393	20.4893	34.8326	34.358	24.4832	21.208	15.6569	14.8585	11.0796	10.6264	14.8777	17.3928	15.0601	10.0063	33.9162	30.6593	12.9241	10.7632	10.1349	17.9746	13.2131	13.0621	12.4603	7.33854	11.4391	14.391	14.3823	19.0684	18.6915	17.3905	20.9985	6.43461	13.8765	5.02439	16.587	2.36844	15.6602	14.4971	11.5181	13.2318	11.5542	25.0385	31.9992	20.1101	11.5362	6.1752	5.88555	15.3415	20.9877	26.5434	18.8441	6.04911
15.7307	8.92191	9.76224	13.5793	18.2878	7.3206	18.1554	19.4196	13.2066	15.7609	25.132	25.0457	23.4081	18.2716	7.64487	4.23903	8.58283	10.9109	9.78177	15.0508	15.4139	17.2331	12.2429	9.32778	13.9073	2.43179	15.584	16.8069	21.5824	18.5602	9.11153	16.5502	21.8154	21.2336	19.6541	17.0007	13.4569	11.0823	13.2173	4.15372	8.76897	13.1576	6.90854	1.54921	1.40137	3.48656	2.0251	7.75327	9.14021	12.062	14.1959	12.2105	8.40528	7.27747	9.14927	12.5909	13.653	8.99628	10.7575	2.49087	18.1636	16.2539	17.3988	16.9941	11.7743	7.46742	10.0027	13.5648	10.0685	12.4814	13.5757	11.1793	8.80915	13.8288	8.11333	10.2652	13.9898	15.1056	10.9645	3.09788	3.98312	7.80389	3.6249	9.28279	13.9236	12.9873	17.0124	14.4525	7.97773	8.96431	10.3905	1.24251	15.2566	10.9283	5.87643	6.18175	5.23428	10.9847	10.0472	1.6514	9.90263	9.5921	10.3398	17.4289	16.383	11.2756	8.6682	7.59633	6.0949	7.6462	11.3237	8.83607	7.4778	10.7041	17.8997	24.7679	13.6611	13.5855	20.5594	18.9182	5.32659	10.992	9.74121	4.0679	11.6947	11.4071	7.90193	6.56585	3.23912	5.36039	11.7293	8.07929	10.4365	10.6438	11.7138	8.81745	7.37516	8.25386	4.16868	8.68821	12.4196	12.6683	6.60222	8.88497	14.2073	16.9674	11.0257	13.0944	10.9797	6.29397	8.13548	21.5604	16.6434	9.24355	6.20129	6.00314	5.68507	6.76822	13.7364	17.0536	16.6776	15.5355	18.4664	20.1449	17.9083	13.6034	9.08143	11.2192	14.6408	10.7705	25.7434	24.9598	12.1179	19.3344	18.7876	17.0611	4.13802	26.2241	47.9305	36.1285	12.7476	29.7267	13.0344	16.6119	23.2909	29.2445	21.7456	11.6476	7.83375	14.5542	24.3357	24.1777	17.3175	13.2252	18.1436	21.3274	30.8834	24.8058	29.6007	31.6912	34.1867	30.448	18.7254	20.3225	22.9955	7.67539	12.9399	18.9752	17.0224	18.5643	15.1611	9.16306	8.81308	11.7487	16.8361	17.7484	11.9408	8.86382	32.3815	29.0094	15.3985	10.5909	12.9376	18.304	12.9665	12.6976	14.9126	13.8033	19.081	21.6537	21.2233	20.4344	13.6724	8.62473	17.7402	17.1489	15.3448	4.9804	18.2755	6.6431	13.0958	18.6022	12.4996	10.9502	10.276	7.79807	22.6271	23.6704	19.067	17.255	6.60928	12.0485	11.981	10.8038	10.3809	26.7908
11.1346	12.2753	7.23855	4.28282	7.62886	18.0381	19.9159	13.2845	9.80826	23.1895	26.7444	24.701	31.4019	18.2976	12.6855	11.4683	9.94723	12.4663	10.7379	7.84685	1.44951	7.79756	8.40832	11.3288	13.5885	7.60305	13.098	10.7605	4.27787	7.06061	19.1927	26.8071	19.8696	14.139	10.3372	6.52731	7.06783	3.52488	7.5631	7.05377	12.5202	9.59928	5.41114	3.82214	7.01677	9.18294	7.86117	8.07144	8.55402	9.14524	10.2334	12.2891	10.5696	11.0078	15.0872	16.0661	14.759	10.2992	3.38549	10.5902	22.5098	10.9705	10.3097	12.3328	9.10488	8.65323	10.5729	15.3387	14.8864	18.9552	14.8923	4.39447	15.5107	15.4217	8.69755	12.3982	13.9455	9.65419	4.34517	9.84485	11.8842	10.9513	11.8152	13.7347	11.5893	14.1936	14.1003	10.8998	7.54405	7.678	10.6994	4.46398	13.8341	12.9921	7.15916	8.00855	2.27517	8.62532	3.80771	12.9641	9.76363	5.17416	7.53316	1.72621	7.5528	5.26999	12.9296	10.0198	5.32602	4.37074	5.2605	3.41806	3.68355	8.19279	6.65853	20.2498	21.0468	3.94479	9.78874	19.0513	13.5651	3.11482	7.15623	11.6847	15.7226	11.1331	8.7055	9.08946	11.0236	15.0039	13.3517	11.6142	9.03204	11.3069	8.84807	3.41128	4.53131	3.85849	13.5015	16.9745	8.66465	8.83285	8.89353	2.90136	6.94285	15.3563	10.8389	11.1314	6.54246	7.65454	14.2567	20.8099	14.2051	8.11909	6.20473	8.96802	13.0159	18.1344	18.6114	16.5688	18.6049	22.9321	24.1509	19.4163	14.4819	13.1005	9.35895	13.7137	15.7413	10.9432	16.7348	17.8809	12.6828	17.0258	18.8042	17.98	10.9418	21.7513	44.5319	38.567	6.64316	25.664	29.0366	14.0106	17.0334	19.3021	7.51927	8.80702	12.3284	19.4872	15.3206	5.23584	15.8111	20.8582	22.4536	22.6276	27.6949	25.1246	22.8171	21.3018	16.1828	20.0621	18.2002	10.213	22.0387	13.1007	11.444	6.15347	3.94318	11.3337	13.5583	9.77073	12.232	13.4206	15.9628	13.9518	2.18284	19.0227	29.8959	22.112	13.3774	10.2942	10.5342	18.3788	15.6067	17.7476	19.5323	18.0944	20.6067	24.6046	20.9774	15.9521	12.4185	5.99706	15.6333	18.3081	13.8913	7.10829	17.5718	9.99617	6.14362	16.1784	18.6279	19.1026	10.8903	9.72874	17.6364	15.2198	6.77574	18.9214	17.874	9.16162	8.24111	15.2934	25.8079	33.29
11.9767	6.81372	12.8253	7.88694	20.9808	21.6954	10.1833	9.72241	13.8194	28.0344	20.3863	20.7314	34.1941	21.4826	18.8645	18.9717	17.9817	17.928	16.2079	11.2235	10.311	13.6773	15.8419	16.0522	17.6113	11.973	7.64574	12.0548	17.4145	22.0845	27.9365	26.6096	12.2043	6.77151	6.32762	5.53749	6.92243	3.66239	8.77708	14.5915	16.3222	12.9855	10.4639	9.11412	8.75012	6.02964	7.03447	5.5437	1.81676	3.18989	7.829	2.99231	10.0041	16.3399	13.564	7.61049	5.30292	7.48356	15.1389	18.0645	17.6215	6.62162	5.28477	8.30284	8.35743	11.9285	12.6895	19.2433	18.7111	15.9805	1.83529	14.2991	18.1986	15.9351	12.9399	9.52017	4.69196	7.66191	9.79635	12.0605	8.47876	8.95486	17.0342	17.8801	13.6507	12.233	9.06351	5.94094	6.70308	7.42481	11.4339	8.45373	8.39845	12.5372	9.95636	10.6046	5.63779	9.32669	9.57915	13.3428	7.48192	7.50694	8.33805	5.93761	0.818913	16.3272	16.4614	14.6825	12.6719	11.4504	10.5096	8.80373	6.26771	10.7359	11.7504	18.7495	23.3964	10.4003	10.2908	18.7727	11.0116	9.29079	13.7104	13.3491	14.1961	8.24863	4.15712	5.89701	9.01629	10.6935	10.4956	5.72302	10.5021	20.3987	20.573	13.283	8.65329	15.8133	19.0161	24.4686	23.3638	4.80765	10.2758	6.6762	0.891839	7.60989	7.73236	7.29095	5.16198	8.41687	16.6846	21.9243	14.8882	9.24979	6.50753	7.13058	10.9445	13.4942	10.5437	8.80211	8.22698	4.83966	3.11735	3.34621	9.80209	12.395	8.8579	26.3242	27.1888	28.1306	28.3253	26.1563	24.2739	19.4073	17.4115	14.9948	9.4936	29.6194	37.1428	30.743	19.4909	6.55079	26.1763	27.7425	20.9062	19.6678	19.1405	17.554	19.5744	18.9582	18.6719	10.1032	5.94621	11.2455	10.5095	15.9549	22.8141	21.8429	14.9042	19.4611	0.986664	9.87721	18.4341	1.50428	18.0644	16.5988	9.22774	7.87142	7.26811	5.58327	11.2682	7.29029	6.20004	6.51977	10.0413	11.1624	8.67091	17.8858	23.7447	17.311	11.9622	7.016	9.10311	17.3324	20.7893	14.971	12.5511	12.1442	12.5251	18.0512	17.0011	12.6688	11.7752	7.50931	16.657	15.52	12.5665	8.26684	15.2185	12.4083	1.68827	11.1531	15.0655	19.3492	18.4943	13.1631	14.5474	14.3403	11.5808	20.6634	24.876	19.8058	24.6673	26.4835	25.2807	13.5563
2.04984	15.8223	7.17396	21.2194	26.1679	17.0535	14.3461	16.3338	27.2749	25.4666	8.58596	16.4645	26.1976	19.8007	21.5729	19.2875	18.0912	17.9837	11.4242	5.52106	2.5113	2.10105	7.54108	11.6073	17.8382	22.0021	29.992	30.9589	27.022	23.3171	22.068	13.3736	4.70763	6.35375	2.154	9.59489	13.4038	12.7007	14.2069	14.6539	13.3706	11.9881	10.6332	7.77177	4.33819	1.40456	6.48924	7.26961	3.06122	8.99603	10.7939	15.169	16.3305	7.72755	8.98831	9.1829	12.1564	16.8171	14.9295	9.83439	9.9965	1.96916	3.55823	8.19529	4.64065	10.9547	19.3736	25.7297	16.9079	3.48401	22.8887	24.1817	16.484	13.7664	13.1883	3.61493	10.0161	5.47477	8.01278	13.4692	7.24563	7.39868	15.2847	19.2524	17.9961	11.3706	2.52996	1.1281	6.4241	8.21163	15.4428	18.7165	0.7742	13.5375	14.4287	13.7665	5.04637	5.97798	14.6643	16.3542	14.4769	17.7648	14.505	15.135	6.96469	17.1735	1.80646	4.38647	12.8276	16.379	15.5464	13.4892	8.82132	5.24003	12.2062	9.67312	17.4737	18.9738	15.9802	19.5683	9.21376	14.0654	10.0326	5.65393	10.2838	10.938	2.54498	4.37162	12.7437	13.9551	5.42578	11.9902	26.8149	25.5853	21.7952	14.3907	15.4704	24.7999	18.9262	23.6047	31.2953	23.3241	1.92344	11.7941	7.48459	8.4881	5.93313	4.98931	5.99564	9.57525	17.7872	22.2253	15.9868	8.65348	4.62675	3.28534	4.82673	4.42457	4.83783	7.24914	13.3835	21.4626	25.7056	26.0763	23.9835	22.9515	13.549	35.3865	29.2721	28.8626	24.644	23.5075	28.3366	27.0777	19.555	1.32747	20.7594	25.9843	24.5593	22.9666	22.3803	15.2309	11.7652	30.4845	27.0336	17.0994	13.9392	17.9924	16.7864	13.1301	15.8763	13.5653	9.14785	13.8623	5.79572	8.32631	22.948	20.5976	6.68124	15.5819	8.30712	7.69048	14.2868	8.6463	8.6165	23.1966	12.1003	8.61373	5.86787	6.68923	7.31645	2.04413	3.44761	7.87649	11.923	12.1098	4.58923	11.4964	25.4008	22.3523	13.106	7.76854	20.6004	16.4525	15.6595	18.3197	18.0103	16.9109	11.1086	3.73067	6.13009	8.03038	13.6929	12.9924	12.6728	11.5524	7.39635	7.51106	8.09749	11.8774	6.19464	8.27447	15.587	20.9491	18.6642	11.3844	13.7861	15.6499	7.85236	12.3422	28.3534	18.6972	9.97672	18.4071	7.71025	13.406
17.1986	17.3878	10.087	27.2018	17.7077	7.55766	14.0858	24.9221	24.6042	12.7638	9.65741	17.7391	13.742	9.41766	14.0567	14.5106	10.3667	8.10508	5.62522	10.92	5.93373	6.59574	6.04868	6.69567	7.28706	8.43632	18.5919	14.1285	9.27704	5.91542	11.2199	7.15494	4.93749	8.92311	6.5888	15.3078	14.8458	12.352	11.2034	7.98083	5.98379	6.29685	3.90894	3.74001	2.2606	2.99162	5.94647	12.7668	14.1735	13.0058	8.45093	25.5366	15.7816	11.9793	14.9694	7.94884	8.67089	7.47758	2.09786	7.63037	8.63149	3.94469	6.62401	11.7575	11.4329	8.93614	20.6574	20.8472	5.45838	21.7168	25.1117	15.4348	8.6575	8.62159	10.7766	5.83803	10.0424	4.41268	7.68759	14.5918	5.50379	10.9539	17.8687	20.3852	16.6964	11.0325	1.34333	2.37353	4.04558	4.0844	9.92045	23.9497	14.3382	6.0605	13.045	16.4744	14.6125	10.1825	14.1421	10.0281	8.46557	11.7905	12.3028	23.1413	0.705675	17.0516	13.4475	10.0845	10.4683	5.968	3.92084	8.48044	12.8317	13.0121	17.8833	12.6617	4.12679	11.1679	7.48885	11.9821	4.47444	15.0884	11.3759	5.50163	10.5551	14.6302	5.97838	6.3753	12.9399	11.3919	8.21926	19.179	21.1106	2.50145	17.8525	8.43002	14.5056	17.2966	10.9294	17.245	26.8392	31.3678	14.8125	7.67332	10.4826	14.2761	16.1788	16.5994	14.6468	9.52179	15.5625	22.0794	14.7862	6.14778	5.69603	6.4094	6.40572	7.22098	14.5192	18.0446	20.7048	20.823	16.5609	13.5326	6.4381	24.5581	17.8062	38.596	19.6247	15.0957	6.9294	7.46561	19.3465	22.9206	19.2032	19.7793	19.5188	13.9937	19.482	22.3976	21.7191	24.865	15.1962	12.6793	29.8635	29.64	24.2524	21.052	20.1824	21.1561	20.3569	7.67848	15.3631	15.6631	13.043	12.2876	16.6351	17.9805	5.10574	9.54792	6.30841	4.88132	13.5333	17.5672	11.2292	21.7298	14.885	8.30948	9.22999	3.9896	3.64328	7.5626	6.76441	2.16083	7.33975	8.09786	6.38059	5.37457	25.2206	28.1853	13.1596	12.0594	22.0126	15.138	9.32593	4.15298	12.632	21.7604	16.7406	12.9191	7.68212	6.17859	14.2115	14.0512	15.7546	15.8556	10.6093	2.67621	3.13401	7.32978	8.4868	4.09212	11.535	23.0135	19.8638	13.481	15.5468	16.1914	10.6742	18.8171	34.9654	34.6346	17.1849	7.12094	5.35671	12.8723
11.0534	6.44849	13.1879	24.5988	20.4345	5.67856	11.7225	17.6946	12.0211	10.7123	16.3715	12.4973	9.55497	7.3651	10.5082	14.3237	7.38736	5.51424	9.3978	11.8056	13.194	16.8452	14.2671	9.61108	5.54283	11.7222	17.2459	9.25494	5.65266	5.57004	10.7939	7.59995	1.1311	5.7849	9.64835	13.035	11.5908	8.71717	6.07251	4.51045	2.9505	6.06729	3.14437	2.97424	3.23606	5.38941	9.76812	8.0492	15.4624	12.5381	11.9784	21.6186	8.85325	17.6978	16.8545	8.86401	7.32817	2.3697	4.69624	11.784	5.22142	8.45414	5.91624	10.685	15.8393	17.3237	18.3461	6.47777	22.7819	23.7703	17.9403	7.75907	7.0952	3.78642	9.5496	2.89396	10.582	13.7414	19.0524	17.0441	7.5277	14.2051	20.0384	19.0323	13.1052	10.6327	2.4411	3.06324	5.64279	6.59737	4.78245	16.2877	24.1345	12.1911	7.15676	9.63507	8.97607	18.3243	17.5883	13.3337	13.5399	10.4564	1.76865	19.6174	14.5532	4.00614	8.28387	14.7905	13.7873	3.28153	14.2086	19.5013	19.1194	12.2186	8.91244	12.5578	8.97539	10.8778	13.0901	14.2174	15.5998	12.416	12.0589	3.89668	10.3319	17.7794	8.42782	8.70121	10.241	3.73023	9.84399	13.9998	11.1168	2.1242	13.3574	13.041	5.49588	14.9657	5.45428	10.8083	19.5061	27.7932	22.9786	9.15128	6.88133	7.13635	5.27219	8.26155	10.6551	7.92617	9.81302	23.3093	16.6506	9.45511	6.97587	5.9745	5.26098	9.46796	17.8644	18.4778	16.6499	11.0139	2.79751	6.7461	20.0424	20.3751	34.4952	41.1573	18.1598	6.69319	4.93027	14.4818	8.32872	7.15504	9.30666	21.4024	24.1806	17.4973	14.5338	14.6236	16.4675	22.7636	27.6784	13.7953	33.3102	35.013	15.0585	18.4507	15.0286	12.2461	10.0645	3.0199	17.3131	18.3114	11.7636	16.9683	16.2826	13.2896	2.96132	13.7331	12.9555	13.3181	14.7079	17.0251	11.2833	7.58309	21.3219	12.5456	10.6267	20.8578	24.8819	20.0655	14.5904	8.16087	3.52698	6.74449	10.5719	5.04272	21.9693	28.3733	15.6775	11.1725	21.1664	6.8786	13.9058	18.9179	11.1529	12.7476	14.9002	8.05869	7.67107	5.8538	16.0178	21.0886	20.4215	15.8199	15.8679	8.20546	3.83612	2.72523	8.15822	9.84501	7.27113	14.0528	20.3234	16.4299	18.1603	12.5543	15.8514	21.2574	31.5958	37.1912	24.0296	3.64592	10.0817	10.5284
12.678	14.9805	17.1866	14.4876	19.2769	17.0543	17.8718	16.2382	10.876	16.661	20.5457	19.6121	18.8266	13.0603	13.9094	18.2764	15.2215	11.5674	12.0096	14.4485	19.9427	18.0043	15.7492	15.1749	13.4282	3.2028	12.7627	9.68574	3.98408	4.20267	10.0988	8.61113	6.02053	9.96927	10.8956	10.3937	9.75883	7.05904	3.43644	1.74623	3.73155	6.03859	4.80199	3.11715	2.32195	1.52961	7.39392	4.41885	15.9758	9.28806	10.4233	15.1411	7.19421	18.7488	17.8481	5.59892	0.531543	9.00305	4.33194	12.7362	8.13898	10.766	6.34021	12.1994	20.3092	20.7664	8.14692	20.4163	24.856	18.5157	15.937	9.57455	9.7458	3.386	10.4825	5.95191	12.1141	22.075	15.1926	7.96487	4.5905	14.9298	18.6304	19.1987	16.9905	11.9248	1.55306	0.403445	3.57865	5.74088	8.59544	5.24956	18.76	18.9417	2.34698	7.38186	10.3855	21.2549	22.8325	11.0579	12.9279	13.4296	6.71661	9.54093	17.6222	13.3674	12.1653	10.4233	11.7404	6.78813	19.494	20.4571	9.99535	6.83423	10.0903	9.87574	8.88703	15.6236	13.4798	10.674	13.9556	11.1878	13.7916	11.7174	14.6827	15.1667	7.26845	6.9539	6.11926	11.6258	16.7581	15.2963	13.1448	12.2058	13.236	17.1147	5.69619	14.8511	8.97655	14.7187	15.4069	17.3502	19.7181	20.1826	18.9118	18.2329	21.57	21.3925	12.2028	7.43749	3.31734	18.1291	18.179	12.5324	9.29706	6.36352	6.9647	16.2022	19.477	11.1802	5.85268	1.77971	2.918	9.92544	24.4305	9.64287	40.8391	37.2901	6.32249	4.42777	9.45545	17.4928	2.48024	14.7965	15.4249	13.7942	21.4394	31.6924	31.8348	28.7344	22.1939	14.8414	19.4331	12.2378	33.4566	36.9003	14.113	14.2176	15.9544	12.3254	9.36598	3.4895	17.7712	19.9852	11.9213	8.88881	13.4101	13.2891	12.3422	14.1415	7.12643	8.58107	4.5933	12.9756	16.1562	12.6805	11.4704	22.5706	12.8785	19.1554	18.0609	17.1536	15.1273	16.4408	14.6302	5.23124	9.29202	7.21561	13.4632	26.1586	23.1385	6.03911	17.9888	13.0617	11.7076	9.00354	5.06532	7.44732	11.7956	10.4138	10.2288	5.65038	5.02893	8.46926	13.7034	13.8948	15.6206	14.0545	2.16213	6.57556	5.24561	10.285	11.9575	5.13119	15.1743	21.7002	18.474	12.3481	12.5053	4.69238	17.6192	33.7926	35.1716	9.03929	9.19086	18.4162
4.50571	19.3674	21.8804	21.2802	23.925	19.3256	16.8772	10.2588	2.97336	8.49104	14.2696	17.8737	18.2011	12.3797	11.8448	16.9193	18.3252	14.4891	13.6622	13.443	10.7744	6.02546	9.33354	10.9133	11.9536	8.29575	3.63693	10.8481	10.4621	8.24559	9.29831	8.33032	7.43394	7.42963	6.9417	9.14234	8.79889	5.3923	3.44898	3.73747	4.01301	1.88876	4.12561	8.0583	10.8514	11.3265	13.4302	4.05005	12.4597	7.38259	11.6677	13.85	3.4163	19.8082	14.5946	7.16876	8.65064	9.593	6.91089	9.16577	13.1502	8.80845	10.392	20.1003	20.3816	9.99783	21.6796	25.5049	19.38	13.6333	12.0172	7.02667	14.4064	6.96894	10.4338	8.91774	10.4039	18.5772	19.4227	15.1403	11.0916	16.2202	14.4181	14.1692	17.7034	13.8945	5.14087	7.67407	6.59447	8.154	11.1019	5.32707	10.1127	17.4622	6.48436	0.724068	8.55153	13.5136	22.4619	10.4378	8.58124	11.5487	9.81546	5.65049	15.5625	17.792	12.5927	3.46466	9.04101	17.8143	22.7538	17.8261	4.98799	10.781	12.7303	7.6323	8.94356	9.2319	9.59828	8.88309	12.4282	5.81699	8.39789	7.75187	4.74598	6.0814	13.9402	19.3988	24.2502	26.5956	25.3995	22.2942	20.037	17.5352	15.4256	22.997	9.49537	12.3641	2.73433	11.9507	10.4293	9.31465	10.0753	10.2886	13.8931	15.0893	17.406	19.4579	22.3641	5.42722	9.31774	12.9381	11.1504	12.3503	9.50916	3.40083	11.1308	18.7728	11.9962	0.672287	6.86381	5.19762	2.6483	10.779	24.3297	5.77622	37.0701	32.8134	20.1594	12.2437	13.1215	11.6951	8.87804	22.5669	27.2155	35.2326	38.8948	43.8689	33.2348	20.2733	14.4729	15.6577	14.1627	9.97933	37.7035	32.8961	13.8721	18.8519	22.1648	18.1063	10.8032	9.88117	21.0818	18.517	10.1959	7.50324	8.13514	6.89383	12.5782	17.6413	12.2391	14.0806	11.1599	3.58048	14.7483	22.5835	8.18187	25.6372	20.8225	12.3599	5.94659	15.7143	13.6289	14.7448	15.4462	11.2182	1.59516	6.91591	1.60045	19.9863	27.7539	6.68046	14.203	15.3397	17.8267	16.561	9.16539	12.9205	11.1369	5.6841	5.08485	7.60243	6.1861	4.6527	11.4543	15.7429	19.7189	18.4592	11.9746	5.96003	9.23557	11.5741	15.3317	18.7372	6.87202	20.7588	17.6163	8.07847	13.4661	19.524	15.7266	19.8019	38.9152	23.5873	9.8057	20.5381
9.13769	20.7804	14.0499	18.8017	18.3781	12.608	13.3296	4.68838	7.55779	8.97	4.42608	5.29798	11.6857	9.7575	8.20849	8.13742	6.93968	6.54699	5.5212	1.03578	4.22288	6.94767	6.31874	7.95067	9.21749	11.7695	8.61442	3.73097	10.1662	7.87571	8.38294	6.61258	5.43128	4.33661	4.39996	5.02491	4.45008	2.00049	2.2973	3.20393	4.7715	8.49939	11.8947	11.5886	8.67831	5.3491	11.9281	5.75488	5.47709	8.82543	11.1279	8.5407	8.12287	19.3911	8.5341	4.83845	9.61789	7.95466	9.63703	10.8744	11.1838	8.86603	18.987	23.3068	8.27657	18.181	24.4151	17.2872	13.8824	11.9755	8.33213	2.96185	15.0731	6.83086	15.5456	2.49939	15.856	4.92129	13.5087	21.6584	19.7482	20.1768	20.8393	19.2954	15.1853	16.0945	8.38956	6.36842	5.82577	10.6697	19.8207	15.2865	13.6256	7.29883	9.11301	12.6218	12.4475	14.7317	22.8619	13.4675	7.45058	9.38467	11.4933	11.0926	11.2872	11.8577	6.59587	6.40891	13.3196	17.3358	18.0339	11.4016	8.42942	12.9477	17.407	6.88772	13.7195	10.621	9.04299	3.26956	8.16589	10.9078	2.26527	11.9537	8.92753	11.1579	12.3781	16.8677	19.6275	16.2968	13.6123	11.2151	7.52715	2.85904	11.5139	23.9176	9.3371	7.62774	3.84412	10.7652	10.8683	9.36143	10.7491	8.14983	7.85842	6.25267	8.96698	13.6578	16.6861	12.8178	11.0664	13.2116	12.395	13.1225	9.95587	2.90571	15.2258	14.3375	3.00191	4.44907	7.17694	5.31754	6.89342	11.7893	24.2472	5.71496	34.4994	21.235	13.7282	17.4258	16.5684	4.48603	18.4394	25.4096	26.8368	24.7367	26.7839	33.0971	6.04353	17.1534	14.5399	19.0745	26.8114	35.7368	38.5522	23.2797	14.9245	22.7676	16.0246	8.32964	3.40521	17.7229	19.8114	12.8041	6.52808	8.63332	12.0258	11.5993	3.55057	13.98	11.7246	10.3893	12.0651	13.6394	7.17867	18.4981	12.0848	22.7351	21.0954	11.55	2.40855	11.7684	7.70819	5.92482	10.2485	10.1508	11.8101	3.86489	4.66353	12.3055	25.2657	13.2255	8.24715	9.36569	8.56649	9.35199	14.9466	9.96935	9.08374	11.6016	10.634	9.47216	9.00489	6.81782	12.8314	14.3062	17.0417	19.2161	21.8904	9.98935	13.3148	13.9988	13.9941	18.263	14.5971	17.4756	22.4538	16.4969	13.5893	9.14548	6.61896	4.76962	31.7772	36.4642	13.7919	19.3097
11.0006	22.9483	15.8562	13.399	10.2298	9.04474	9.39668	2.04	9.35333	5.94348	6.10528	3.52279	6.0095	10.1244	12.0907	9.54179	7.06052	8.30707	7.13896	4.00818	0.464021	5.48577	8.50322	11.1163	10.915	11.7936	12.6488	4.22112	11.7801	7.26703	4.19685	4.66373	7.33936	4.02531	2.88735	5.56221	5.33835	2.80622	2.43496	4.73723	6.5268	9.34764	8.40698	5.05581	1.73721	8.9625	10.8742	3.07484	3.72197	8.66011	3.3818	3.83587	8.97864	16.1451	9.67696	9.64888	9.48766	5.20563	7.56565	8.22721	3.88463	12.997	22.541	19.5058	7.09139	22.439	16.696	10.3287	10.6596	11.8901	10.2119	6.50904	14.2693	6.77134	14.7698	12.1217	14.1293	9.0584	11.536	18.6321	22.5582	23.1845	18.8342	9.97953	9.17031	16.2428	3.08875	19.9732	19.4251	16.5565	13.424	18.1104	14.7221	8.93332	6.03708	13.2115	11.5698	19.2491	19.0643	12.7529	8.57638	7.74772	13.8208	13.0131	5.58994	20.9174	7.56701	2.36952	19.049	14.3249	11.0966	4.8491	10.4083	17.5083	17.8297	2.17227	15.5936	14.0553	8.28248	3.21792	4.83723	14.3882	12.3772	8.32064	4.06482	6.668	8.0714	10.0098	1.41404	6.77724	9.7179	6.00349	7.02275	9.26537	11.6872	19.1333	12.5611	8.15557	11.0637	6.35809	9.28768	11.2405	13.1336	8.96628	6.62227	8.08975	11.8796	12.0117	9.63944	8.27156	16.9079	15.527	8.66277	9.52132	7.02719	7.82893	18.7964	11.5519	5.3279	6.99761	10.9466	14.5142	21.8906	24.7298	26.3546	18.4768	38.0303	22.9262	18.7481	13.6306	12.1236	6.44399	19.759	24.8109	19.1073	22.1112	28.6388	31.1979	4.11509	14.4483	14.915	21.1315	29.7249	32.904	29.7429	23.4415	24.4307	22.4117	4.89764	10.7657	11.4757	12.6647	17.2153	16.747	13.5449	13.6253	15.1118	15.5373	7.06203	6.7855	15.1174	14.3335	13.1904	11.9898	11.3626	9.11536	12.4287	12.5555	20.5014	16.3888	4.15366	6.68487	8.37098	7.67464	11.5651	16.3716	17.5187	13.8031	9.68651	19.997	22.3225	6.04457	13.6801	18.4225	17.8169	12.8038	5.35125	10.8031	6.59346	2.75643	6.82764	10.8245	11.583	8.80264	6.65831	17.2785	3.36901	14.7395	26.7325	16.0039	12.4397	15.3638	10.1918	12.6114	16.4943	13.5363	24.172	13.2648	8.15052	10.4918	6.64664	6.52494	21.3013	33.8529	28.0581	27.3558
14.6581	20.3276	16.8564	9.91606	6.34487	2.33052	7.11869	10.9553	12.3595	8.94138	9.15532	4.55978	0.887227	1.36032	4.77081	7.91492	6.42592	8.8582	11.2775	10.2373	9.62743	8.96631	9.02063	8.50561	9.85286	14.2908	10.037	4.37464	8.77307	6.46292	7.01126	7.30152	4.67067	6.21046	2.5075	5.64527	5.61297	3.96528	3.43362	5.11488	4.54284	4.97588	5.81389	2.09813	7.15179	11.8898	12.2948	11.3408	13.7387	11.2141	10.2812	8.65856	7.87067	7.95111	8.39695	9.28444	4.45821	3.13111	1.45714	4.0898	9.39464	14.5594	16.9612	16.7183	19.0652	22.2614	12.7574	9.17824	9.80419	10.0026	9.35744	14.8382	7.3006	16.3049	7.9678	14.1135	11.452	13.1605	6.95126	5.13396	7.61595	6.63909	4.25502	4.27274	10.2719	10.3713	10.9584	13.6252	17.6082	22.2721	7.26153	12.6244	16.064	19.6162	17.0417	16.1129	5.58741	19.2431	17.9525	16.1628	15.4594	18.6023	17.8378	4.71133	17.9955	23.0516	7.45677	5.72954	20.6951	16.7596	4.22006	8.18962	15.4871	16.2017	9.7039	11.0102	13.94	13.4976	10.2384	11.0971	10.3296	11.6807	15.0716	14.4793	11.2277	10.3681	14.8046	11.8841	15.1443	14.6996	16.371	14.9094	12.94	8.91151	7.06659	12.5874	15.5033	9.39369	10.244	14.082	14.1624	11.0621	11.9769	10.1271	6.87488	7.88915	7.12891	10.0419	11.7332	12.4001	13.6481	18.1128	11.1582	4.95767	1.28415	12.4915	18.7856	9.80013	3.71429	6.58843	21.1236	22.0271	10.017	3.37758	12.9455	14.1862	35.9673	30.3405	17.0401	12.1843	14.3927	11.904	11.7216	22.3841	21.8501	28.5094	37.645	42.0141	30.5162	15.6147	1.9953	30.6101	34.0744	19.7553	19.0817	11.0852	5.46504	11.7789	14.3123	15.7365	10.5421	1.8279	13.3891	15.8023	9.11284	6.81056	10.6874	12.3596	10.6467	7.25497	7.06791	19.4536	16.8403	10.8132	11.6046	4.5999	11.2167	11.4454	14.1358	17.7863	10.7057	11.5909	17.523	17.7561	13.7204	6.55234	11.192	14.4185	19.8775	16.5555	10.5839	11.7448	10.9127	13.7283	8.64367	10.4281	8.27341	10.7872	18.3258	19.8026	20.1042	17.3776	12.2417	8.62109	12.1934	20.2941	6.07374	11.4352	21.1184	19.6237	7.48809	16.5878	11.99	7.60165	17.4172	6.89964	19.8642	15.3725	12	10.1238	12.3349	14.3517	23.3552	28.6371	31.2766	36.0584
11.3239	13.7931	12.6836	9.1117	7.45551	7.2623	13.6916	14.4164	13.2604	12.2794	14.6373	11.7723	6.54019	5.9871	8.69084	8.25257	2.12364	3.83855	8.47424	9.23799	2.9975	4.72856	5.47381	6.15975	13.6481	12.8537	5.77534	3.94786	2.66342	5.8688	3.4901	1.15292	5.06413	7.55213	3.44417	6.85777	7.72803	3.91728	4.0262	3.01233	6.76009	4.36602	7.87156	10.4166	1.23462	7.40787	6.27082	3.18422	20.4001	15.958	17.6901	14.9483	10.8367	11.6662	6.5132	2.16545	8.5419	6.90784	6.01753	6.11508	10.0474	11.0043	9.6273	17.7244	16.7803	14.266	9.04288	8.10534	7.94155	9.08278	16.4282	13.8298	7.62333	13.3764	1.28035	6.75644	11.0082	8.39484	4.26825	5.79508	9.83031	10.0318	7.6195	8.31283	7.52103	10.5402	10.9334	2.51157	16.0875	17.8408	10.7755	8.24615	7.48147	13.4576	8.27015	5.97293	12.56	15.6416	19.4338	23.906	22.1548	20.3473	13.3076	13.709	26.9687	22.3746	16.2266	15.2497	18.4601	15.6414	2.0946	11.8167	9.52119	10.6706	12.3179	11.847	4.59483	12.4738	14.1401	11.2852	10.0248	6.83053	5.31745	8.03102	7.91554	9.86581	15.6571	15.1834	16.3433	14.9713	18.9799	19.456	18.1043	15.6711	9.21845	7.12255	13.175	16.085	9.93017	9.51492	12.8403	11.3956	11.2744	8.71376	5.39657	8.48413	6.8102	6.23664	9.15452	10.7439	10.8916	13.2309	10.6375	5.89522	3.061	15.2596	16.8296	7.8272	5.64568	21.614	26.9093	5.51596	27.6487	31.8238	32.0453	21.929	24.8111	25.6341	23.7003	24.94	21.3203	19.0069	8.41475	12.7775	22.5724	24.8586	32.8931	41.6422	39.6675	32.3883	24.875	15.5746	45.0738	31.6912	14.6569	4.3972	16.055	22.711	19.8557	11.7178	12.4698	7.87324	5.31442	13.2196	11.4975	8.28915	8.2305	7.3975	11.2927	14.7312	5.75618	13.1632	19.3159	18.4052	10.6254	1.49675	4.17729	11.4096	12.5408	20.1816	23.9388	21.8192	22.5865	18.2539	13.8447	11.0607	4.89242	10.7087	24.9221	18.2522	26.3946	28.1964	16.0443	7.20572	11.8028	1.55146	12.5285	13.8939	22.5944	12.5417	10.8363	7.70978	6.51008	6.5318	14.5988	18.2776	5.97315	7.81707	13.7356	19.9827	1.36066	15.2681	17.1591	6.49354	14.4496	13.8145	7.81566	13.1712	7.84066	9.32768	18.9838	18.8984	30.0428	34.2	27.8465	32.6543
5.9098	3.37654	8.65477	9.01437	8.67675	12.5827	13.6174	9.46279	8.73322	9.20143	12.4197	14.0909	12.8282	9.03671	7.98393	8.52816	8.43737	10.3446	10.1716	10.2708	12.8477	11.4736	8.66632	5.76782	9.8825	10.9184	6.73703	5.53615	5.59378	9.43826	12.3689	11.6517	10.1476	8.6512	4.53481	8.07595	9.72746	4.5997	6.10836	1.1527	6.21803	5.39743	7.3683	13.8572	12.5196	16.5373	17.197	16.2832	20.5398	12.5103	18.4676	21.0343	6.88327	8.43838	13.3922	12.3931	11.6226	7.69652	13.95	3.46479	13.8705	10.3967	11.8966	10.6222	7.10163	8.59823	4.98639	7.34215	7.95544	6.04592	17.636	8.85643	14.1079	4.92268	0.875831	5.43096	3.57542	4.78479	6.89069	6.42881	4.76545	8.20302	9.70705	10.4353	14.7349	18.1956	16.319	14.3485	18.0742	17.9356	16.1216	10.5967	18.7523	24.2593	23.2565	24.437	26.5599	26.8231	20.1571	21.9215	19.2942	10.2751	8.60699	23.2529	27.989	19.7547	16.7667	13.5293	12.4526	13.2345	7.16238	12.5435	7.37316	7.81423	9.29069	8.3943	5.5066	11.5409	17.4619	11.292	3.40464	8.12517	2.45693	3.74898	2.01481	4.27273	12.6321	10.1944	9.20709	12.6189	15.2441	19.9703	21.5101	22.1342	19.2139	9.63935	3.4623	14.2142	18.3264	13.6805	7.87364	7.37174	11.1454	10.0615	7.08659	5.08989	5.8819	8.01676	11.068	10.584	7.07588	7.08756	7.89505	12.4642	9.61215	18.041	22.7921	11.7264	12.5223	33.5212	14.3586	27.8871	21.9827	16.8168	16.7846	19.3347	16.688	19.5698	4.63184	10.9843	7.33044	10.4273	14.3122	6.33532	8.82193	12.6237	20.3145	32.3753	34.142	31.5094	35.6086	13.6594	38.224	43.4058	22.8228	2.80928	15.7446	11.5289	16.653	14.7193	15.282	11.7278	8.05597	12.59	12.4002	7.94211	5.34108	4.85787	10.8243	16.9202	12.6071	7.81559	17.4038	19.7868	13.41	10.5633	11.003	7.85254	10.5819	23.2074	24.9074	12.1702	12.6163	22.4893	21.3998	5.21577	8.46463	9.87468	24.0874	10.4201	19.1124	20.0575	23.7147	12.9518	9.42927	8.64078	8.46483	4.83286	20.5875	16.4689	15.5483	16.1121	13.7435	9.24242	8.89129	18.4501	17.0206	7.50185	5.64885	16.4879	5.87354	9.08968	13.231	18.4417	8.12236	18.9136	6.3346	6.85343	6.88453	16.5297	19.7162	14.1529	29.4789	32.2002	21.207	29.2689
5.76757	12.0772	14.4426	12.3357	10.1354	9.92649	8.1521	6.70638	9.40926	8.98457	9.9876	11.8738	10.8505	11.1911	9.22881	13.7718	14.6285	16.1045	16.7311	18.6797	17.5572	10.6687	8.65898	9.03274	5.12561	6.86923	4.4144	4.33622	6.35747	9.99332	7.13929	2.24756	0.999575	3.40028	1.82366	6.46777	10.3241	8.34713	4.43448	1.60165	4.44461	13.2822	13.9075	17.3417	14.6511	15.7073	14.195	13.1416	9.81951	10.9197	21.104	14.8652	8.26075	6.31867	3.95191	9.69748	7.32696	2.70653	16.401	0.731283	11.4951	4.62997	3.30153	2.24458	8.35398	12.6793	6.49395	7.28643	9.58269	0.928317	9.06787	13.6401	8.62613	6.07489	8.9076	5.6431	6.99069	2.19491	5.99741	9.4821	7.70554	6.6862	4.96113	18.5538	24.4135	20.95	15.8553	13.0853	17.1216	16.0445	18.3608	10.0176	18.0539	17.4981	16.5879	16.2342	13.4414	13.9206	12.1979	9.0828	17.5413	21.8314	21.6159	18.4609	24.5321	23.062	6.63034	12.1413	8.54695	11.8619	5.65353	11.7155	7.49348	5.74367	3.15424	4.41955	8.91764	12.1782	15.1753	11.9759	3.88077	11.2514	6.19615	5.91735	2.01514	6.61268	4.38124	10.8299	13.2686	13.8754	8.95049	8.01358	14.0226	19.263	22.1344	16.6363	11.6587	6.89981	14.1859	15.125	13.4357	10.9437	7.69139	5.95959	5.74844	11.0859	14.3375	14.1583	15.0351	10.8182	4.73291	4.41639	9.78745	17.2977	22.7726	13.9454	13.7446	19.0248	23.7995	24.4219	15.076	23.2809	18.7803	10.6909	5.0741	20.7611	13.3135	22.9252	12.1229	15.5548	11.3976	9.53035	9.88152	11.4477	13.5421	10.7548	6.43847	24.7845	35.6859	40.8321	43.1549	30.4547	15.9054	46.1096	35.4762	7.74832	14.0134	14.0298	12.2136	21.3302	22.7297	17.0075	10.602	7.83358	7.55462	11.1689	8.54094	8.48589	9.19822	16.1065	17.0957	8.09081	10.6635	15.7652	9.43092	8.17784	13.6987	7.80473	10.9333	20.9633	21.6966	12.7414	7.92809	24.5983	22.4012	14.6924	14.9766	12.4431	22.9734	7.76671	17.5522	8.58675	14.1036	15.2422	3.34429	8.45641	5.02221	8.90525	6.30177	10.1628	2.73226	1.60706	9.80977	14.3625	3.2299	7.22558	12.4217	14.5613	13.1039	17.8189	8.9038	9.38935	11.637	23.0549	10.6532	18.3698	16.0489	8.8266	11.1433	16.9291	12.9616	16.9344	28.4406	37.3982	37.7919	36.5417
20.0673	17.0675	16.0503	11.0875	16.7272	15.6014	11.4362	13.1209	10.8747	6.30481	6.55693	11.2456	11.6784	13.462	8.34355	11.8737	8.63608	9.91112	15.7534	21.4378	20.2985	17.2241	15.4606	15.9066	13.4404	7.76159	5.65746	4.56773	4.35599	7.55915	10.3037	13.0739	12.9736	12.6849	9.62018	2.8413	7.37019	12.2506	13.0388	8.95921	6.04529	7.81005	5.00131	7.86237	11.8705	10.1	8.22283	10.2192	8.71954	23.9849	18.1279	8.64268	8.41732	5.70021	6.4695	2.91361	5.10831	9.04139	11.8938	1.03062	8.8139	10.2595	5.87938	0.740376	8.96544	10.9584	12.995	17.4583	17.428	15.1543	15.9356	9.0763	11.6647	1.72114	12.4065	9.57573	10.7768	5.8808	6.70095	3.56914	5.86121	5.06146	11.0799	14.1204	8.17874	8.40704	11.7011	13.1554	14.3174	10.7158	15.8268	12.0014	16.1898	20.4037	15.6722	14.9364	13.3095	14.1985	12.7086	13.3129	4.91901	14.3792	14.1675	1.71476	22.7206	25.6541	7.27214	14.0056	12.6048	7.79139	6.23098	9.8338	8.46244	9.38279	6.77454	3.55033	7.91626	8.08369	11.7427	12.0579	7.11718	9.95184	7.5436	7.3019	8.94448	4.12774	8.30598	5.36623	4.34998	5.29722	6.00548	11.13	14.5782	6.42639	19.6227	20.3865	13.7903	9.1642	12.1473	13.7575	12.48	9.11678	8.88021	8.84317	7.21158	9.32908	8.33765	8.07187	10.7778	8.53613	10.8644	10.7501	7.51561	8.90366	15.6435	18.4549	9.43398	17.7657	20.5276	12.5999	24.5174	8.31977	19.2396	19.5923	9.98997	19.4985	15.8201	16.4381	13.7746	7.23104	11.9715	14.325	10.9409	7.9714	13.9441	13.6836	9.60507	16.6695	28.2895	41.3518	47.5085	43.253	26.2966	31.6122	42.9792	20.6887	12.917	16.4262	14.4045	14.3272	21.4649	21.3901	17.3782	7.24765	2.38139	8.88797	15.6192	14.81	11.3551	13.0585	17.0524	12.6082	4.60232	11.2503	11.25	10.6987	11.6856	6.23032	10.4381	18.7892	21.3331	19.6783	5.02846	19.4766	21.3261	9.66381	5.70664	14.5893	21.7943	15.6135	2.79204	16.2445	12.0709	13.8739	5.25522	10.0028	8.83922	6.44341	13.7223	20.0486	19.4752	18.2911	11.3631	15.9322	8.53449	9.7121	14.3872	21.0297	22.1228	24.7521	14.7088	10.1061	10.9683	21.0946	14.3737	16.9173	22.1748	14.3379	7.27673	11.1566	11.8482	20.0596	24.2014	23.5566	23.3413	20.411
27.5145	23.2876	23.1976	20.8018	23.0381	22.0083	18.2661	15.3439	13.2147	12.7124	14.3387	18.2434	19.5551	19.0194	12.8855	10.856	8.15467	8.26025	13.2625	15.3845	13.5314	15.5087	10.8149	8.77846	12.0862	7.94955	6.33095	7.11305	10.1479	12.3508	13.1464	11.9289	8.59016	6.01614	6.37591	5.12322	6.26888	11.2976	11.7966	14.2115	6.90205	12.9366	18.2844	12.793	8.16956	8.55163	12.0146	9.01924	21.0248	25.126	10.9263	16.1752	14.5576	9.24767	4.72286	4.73855	6.76184	11.4054	5.7836	7.13916	3.74819	7.24225	14.2954	9.08407	11.7994	11.2704	12.6835	13.7199	9.06165	6.76174	7.44784	16.3805	7.11041	10.5063	12.5291	9.10493	9.66974	7.83263	8.15558	1.60643	1.24246	8.27543	15.3479	6.67009	13.5244	18.043	21.6087	20.2203	16.7193	9.93768	10.706	19.0579	8.98401	22.4931	21.7145	18.0061	12.7571	25.3093	19.1354	17.3864	16.4965	9.08531	9.13521	9.08562	20.7744	23.5058	12.9334	1.45575	6.49585	4.61666	10.0986	17.0584	19.0518	11.4116	11.0672	10.4559	7.33486	3.1974	7.8548	14.9762	15.0147	3.2226	6.86673	5.9166	13.3315	7.90404	7.01421	8.67799	8.99198	9.70179	12.2012	10.48	18.3361	18.3012	4.21321	19.4221	14.0303	8.6134	16.1043	18.8913	17.1677	10.7912	6.29109	8.08797	5.92502	10.0781	10.6243	8.01229	10.0697	11.1274	11.3874	14.3042	29.7708	36.7639	36.2251	34.3966	30.8718	21.6595	19.2479	32.7395	13.0395	21.7117	4.76056	22.4004	18.4499	4.05946	15.3024	3.60297	18.0504	16.8137	14.5817	14.2047	13.3771	8.87845	12.4194	12.6447	15.0086	16.1486	9.60659	31.6773	46.012	45.0008	39.5944	6.31642	37.0932	20.5835	11.6703	14.6276	15.7476	6.74201	10.4324	11.6347	18.9342	15.3772	4.97934	8.03385	8.46631	5.9803	5.28528	7.59726	13.4497	14.281	16.2454	11.4866	11.0426	9.19631	9.23945	5.68705	9.03764	14.1276	11.9579	16.378	14.6036	10.6393	18.6798	6.59927	1.59011	12.4568	17.6875	20.0508	19.3832	2.33716	8.44974	5.74474	11.1488	8.55918	9.57601	11.5629	13.7585	19.0378	17.5357	19.7389	17.2838	13.4118	9.8346	13.9551	19.8582	19.2806	19.1077	27.5322	20.7577	2.93907	8.32088	21.1735	23.0193	17.3934	24.5959	23.0872	11.3046	17.5755	12.462	12.1906	26.4222	28.6941	13.3188	20.8819
25.411	25.3078	25.0804	20.1046	13.6477	11.7512	10.2141	11.2627	13.2888	17.013	18.6045	17.9061	18.0765	18.5223	16.9758	18.3405	13.2818	8.25032	11.6893	11.2623	6.001	9.80109	6.63624	3.81214	8.63197	5.02626	4.86255	7.22434	8.28171	7.58655	4.05868	3.20735	10.0778	12.3155	12.7307	10.7677	7.22786	4.58634	7.70317	15.1692	8.41616	13.5304	16.005	14.0671	10.4708	6.3929	16.4087	6.46115	22.9795	20.3442	14.6361	11.4682	11.3637	9.29573	9.75219	4.83904	7.90062	11.4426	3.01922	1.72423	8.90866	12.0682	4.22384	11.2062	15.0818	13.2223	0.816416	12.8553	17.293	15.7919	19.295	16.878	10.0489	13.8545	8.07921	8.00842	9.56771	9.04891	9.13152	5.57295	3.62981	13.6359	12.3807	3.58627	11.5914	11.8625	21.3001	17.895	15.6605	15.6868	15.0031	12.5274	13.5347	14.3557	12.6317	23.2517	23.5493	26.0886	13.2866	12.9666	15.9058	18.2068	11.5309	23.49	19.157	14.0416	15.2287	15.7939	10.605	7.2474	16.7701	16.8888	6.77297	12.4036	17.4634	5.3553	10.1871	11.5079	8.45826	11.4945	14.6314	3.7447	4.99827	1.99119	11.5029	8.11151	9.65832	6.57279	1.72725	4.60484	8.62858	5.98764	12.8086	21.6659	16.8527	13.1874	21.7667	14.463	16.2166	15.0556	15.7685	16.8957	17.3977	11.8107	10.5892	12.7589	9.80236	6.19108	6.35352	15.2538	10.0881	14.9723	23.3644	18.8363	7.73062	5.51253	3.5706	24.7237	41.2428	23.97	15.7949	17.5294	19.0764	8.33951	23.6859	13.3489	11.0788	9.77617	6.3394	4.48817	10.5061	16.2538	17.5332	11.5765	11.8445	11.0547	13.1249	15.5328	10.4327	13.6375	38.9105	42.05	39.1788	18.83	30.4995	24.7933	12.1638	13.6138	10.8476	12.9894	1.55202	5.27634	16.2981	19.645	14.3474	7.33012	8.24964	4.52109	5.76384	6.71498	12.6937	14.539	15.7044	10.9503	4.70505	9.58198	9.42048	9.27707	12.1419	15.7862	13.118	13.7684	13.7058	4.53577	16.908	17.4684	12.4805	13.8133	14.8645	11.4872	20.6551	12.3203	12.2605	14.3901	18.0753	16.1762	13.6945	18.8444	19.6089	15.3722	12.6178	9.79423	11.7896	2.53219	7.57543	10.3772	8.89065	8.03939	15.7832	28.2947	27.7167	5.53869	10.4985	26.4654	27.7385	3.82811	23.2434	31.0033	17.2109	19.7362	6.65248	13.283	29.8448	23.6219	26.6216	37.485
20.0847	20.6173	13.7511	7.63376	4.8738	7.66028	3.91154	7.55431	5.38813	5.0742	7.17694	5.40564	12.2483	12.5958	13.2086	13.1947	11.789	4.70264	8.05866	11.3948	10.1083	6.28473	7.68692	4.91773	8.73707	4.69468	5.81803	7.2743	3.94613	4.91802	7.99858	11.4562	13.4775	12.0013	9.10151	6.03498	4.68553	6.69035	10.0918	7.60234	10.6428	7.70741	11.5746	11.5908	7.56387	11.7731	16.0548	8.60913	22.9952	16.0214	18.9491	9.27025	8.5474	8.74723	8.52628	8.94006	9.25421	11.406	5.84135	5.45326	6.24988	13.1495	3.06787	5.86141	14.8717	6.08876	17.3012	23.3123	19.5035	14.87	13.3376	11.7088	11.8376	19.6204	8.10584	7.20052	7.879	8.07778	8.14196	5.04807	7.28399	16.4116	9.64855	7.71143	11.952	12.1824	19.7553	8.71339	9.12103	12.8411	12.6996	10.4536	25.0114	26.4939	23.8349	24.985	20.9309	16.4433	6.74026	8.55288	10.3042	23.5616	22.2765	16.0906	14.8824	3.50644	11.5154	9.83804	10.3401	10.6215	17.9359	5.64516	10.7818	15.4789	13.2947	5.2427	17.5918	9.35745	14.4516	13.7189	9.28967	8.00073	3.0333	9.59543	3.99939	6.67326	7.86729	4.95236	4.33858	7.66566	4.85621	3.67568	6.75366	15.2051	25.6621	11.085	19.8711	16.3876	12.1797	8.53184	16.0073	17.5156	18.4441	14.176	17.7873	18.8948	14.6363	12.8506	13.4676	19.8538	12.2711	21.0191	14.9102	31.5136	35.5613	38.0815	38.7707	39.5275	29.1772	7.83632	12.5042	17.2896	21.633	10.4291	20.8234	17.6945	5.80219	12.24	15.7867	21.1946	18.3452	10.1924	17.4817	13.3937	11.2379	8.80332	8.62376	13.1896	15.1905	7.1879	37.7804	45.2309	38.878	28.1921	20.6706	32.2699	27.7644	15.6205	0.43515	14.1825	7.12558	9.77407	14.3671	20.984	18.0223	10.5197	9.0121	8.98869	8.21975	5.02226	9.15234	10.3009	9.52512	15.2087	3.78305	12.2826	11.1079	9.81725	13.8282	17.0219	15.1818	12.4427	5.55923	3.36308	7.88494	16.2041	15.0295	16.1597	18.2499	18.2082	20.7113	18.4287	9.91572	18.9742	9.4223	13.2268	11.9795	20.0319	18.2408	6.57459	6.17115	7.69412	13.529	4.08905	4.19637	10.4036	19.0247	10.6951	6.737	26.0866	27.6621	15.6752	2.32108	26.4749	30.1683	19.621	27.8755	29.6609	23.0833	19.4	27.4926	15.7621	6.54743	30.5878	36.6433	30.5238
18.1504	25.5139	22.9218	18.8461	11.2057	11.1795	8.44493	9.73876	7.42301	5.85358	6.80621	4.17169	10.9165	7.85243	4.73676	3.83336	9.40223	5.99344	6.67345	10.4341	9.79403	0.889167	7.44118	8.18222	10.4507	5.89242	4.3255	8.49011	7.28474	10.9412	10.7983	7.96453	7.48062	6.03689	6.96101	6.07928	6.0369	7.01812	7.37537	7.72012	7.6796	3.28677	12.6203	12.6039	4.76505	10.8028	11.342	15.3379	22.1216	14.6927	13.5984	7.86497	3.03566	4.85695	5.15983	5.61299	9.70223	15.1405	17.9992	11.5754	2.8129	13.602	7.11966	7.08202	14.8762	3.87139	26.8364	19.1975	8.95936	8.89117	13.1673	11.3622	12.1965	19.8788	8.34715	3.83743	5.91843	6.88886	5.5086	3.00083	9.18952	15.2575	8.10313	11.5806	15.0805	13.5823	10.9775	15.0585	18.7347	25.6782	2.27625	27.8488	27.166	14.5439	12.1677	19.3075	24.5459	14.1535	7.23197	16.2522	22.5071	28.1988	22.9595	3.93814	16.918	6.73122	15.3495	18.2044	14.2147	15.5622	16.5751	10.5439	14.6544	12.8374	9.46994	10.8885	19.0044	9.42714	18.2634	16.026	8.82805	10.0442	6.22285	12.4461	6.91192	9.40303	6.95163	3.90443	6.19298	8.81036	1.84347	7.08914	8.70152	8.39969	18.5251	25.5502	7.25828	20.9851	15.6076	4.75731	17.9284	23.1422	19.0445	31.7641	34.1609	29.2962	28.9402	29.2933	27.5107	22.133	15.1572	16.2665	9.27125	36.8921	26.6052	20.5521	4.10185	16.6594	14.3552	5.65352	13.9381	9.2231	21.6266	11.3919	23.8474	19.2538	5.78496	9.75589	18.8259	22.6874	17.9277	14.7586	15.1226	11.3793	11.1101	8.21863	8.82732	12.2093	15.4213	7.12271	32.7915	44.8705	40.5563	36.2818	24.5346	7.85194	22.6406	28.4295	25.9635	21.5218	13.6472	7.02356	12.9618	20.4324	19.1496	16.0117	9.87436	12.7643	1.96264	5.87289	4.3255	4.16367	11.2697	15.6067	8.21515	17.0785	14.1233	13.0923	19.0971	19.0597	12.4382	6.57106	10.4665	13.0853	10.3153	5.8962	6.8111	14.7598	19.2955	22.2267	21.6605	23.1619	3.95765	21.4734	9.64411	10.6898	16.3843	20.7108	8.40985	6.21815	8.79936	15.0656	13.0076	7.46384	6.93588	4.09864	19.8231	14.4452	7.94536	17.8829	28.3633	33.467	22.1603	11.6599	32.0421	32.3926	29.0122	14.6705	19.0774	14.1678	33.6907	13.9114	22.9075	27.1358	27.6082	19.9098
8.97711	11.3346	24.1832	28.324	17.6107	13.4322	12.3758	11.407	11.0974	13.1436	12.6402	7.62879	12.6255	10.5181	6.72553	9.03467	10.8658	10.9114	8.00735	9.93465	5.44811	2.69414	1.81556	5.75267	8.84348	8.86033	5.91177	9.98116	11.8295	12.0387	7.14089	2.63155	5.55375	9.251	9.61399	7.01895	2.74431	6.02988	9.91935	8.18807	6.07233	13.4738	11.8666	5.98028	4.16714	13.1566	12.9097	15.3034	21.8245	15.9223	8.84967	9.16275	8.68457	9.0885	7.29553	3.67969	3.66947	7.33956	12.0761	13.3432	11.7	13.2661	5.15737	9.50206	12.3179	12.37	26.7834	12.2753	8.74586	5.35667	9.37783	3.9135	21.7846	16.5337	4.33032	2.44257	7.77108	11.5806	8.07279	6.69079	10.446	10.1796	7.18471	9.77897	11.2293	7.61448	7.79104	4.32493	23.6888	27.5576	12.0664	29.5689	19.133	9.08097	9.89754	20.5482	20.2503	11.0459	28.9952	30.5351	24.9236	20.0096	17.961	8.58733	18.3785	2.46595	16.289	20.8034	8.71607	17.9783	15.0746	5.90862	10.9685	8.81283	6.43947	11.4347	13.9823	7.83683	12.583	13.4432	7.85017	10.0856	7.12483	14.0318	9.79823	6.0818	6.73678	8.2145	8.83752	5.3675	3.10535	10.1848	12.7465	12.2253	7.17656	20.9538	27.346	19.4362	27.4843	23.0808	35.2038	35.527	23.3229	10.1577	3.98792	12.4644	10.9544	10.5503	12.3772	13.0681	12.0263	12.3122	34.6123	41.2378	25.3508	22.84	22.7944	16.8893	24.7967	19.6833	11.3336	17.4659	16.2529	12.2406	17.8292	14.2616	7.46158	18.721	23.2595	17.3925	12.6651	16.8351	16.7195	10.8929	13.4853	12.7716	11.5627	10.706	13.1028	3.00707	22.5054	37.2275	42.09	37.2152	37.4779	35.6404	23.1622	8.31599	17.3263	32.2953	25.5752	11.1597	10.6237	15.2508	16.147	12.5809	17.3463	9.62287	7.31618	8.91882	12.1431	9.5867	15.9776	16.0586	12.7992	23.0648	24.0501	21.4219	21.459	15.7186	0.394508	12.8333	19.5468	21.2814	20.1485	7.28906	2.98236	3.99705	11.6135	19.4062	20.4555	21.7824	13.1102	15.7972	16.8389	10.0066	8.99873	7.20802	5.29684	10.9154	12.7017	17.5738	11.4286	9.74308	6.86233	11.2627	23.7912	21.8556	21.705	25.745	23.2944	27.3753	28.3688	14.6442	21.6733	27.077	21.4093	14.0229	2.0379	4.76674	26.99	25.4703	30.9406	32.5641	19.6541	15.4317
17.053	14.5681	2.68391	23.3918	18.1232	11.6652	7.78381	6.27619	8.03615	9.72376	10.3321	11.1426	15.8115	10.6891	9.27884	12.6398	6.37373	9.72582	9.09256	8.43525	3.32949	3.10613	9.86005	10.6573	7.4702	10.7206	8.49539	6.40392	8.62415	6.04546	0.825603	3.03543	6.02434	6.87892	11.7734	8.70975	1.21282	2.39526	1.80061	9.89696	14.0806	11.2261	5.48496	2.51499	4.91651	18.2508	13.6664	17.1326	19.1096	15.8662	6.31138	6.95172	8.72056	5.31531	3.16392	8.02892	3.82641	7.24981	11.5028	13.2351	12.6807	11.64	6.74523	6.45861	6.24602	14.7353	24.7537	14.2061	12.7018	14.2643	12.0871	15.6681	24.5932	12.7949	7.12476	7.43829	5.43701	13.2446	11.5553	10.406	5.28832	8.24687	9.44991	3.07601	9.80754	3.88014	5.28013	20.192	31.2204	17.0957	22.1807	18.046	17.3347	21.4372	15.6382	11.1432	10.5715	30.9342	34.702	23.6938	11.5087	5.26133	16.2264	12.3627	17.2158	6.47346	13.0148	23.7701	4.86686	20.2867	14.2977	6.49848	12.2682	7.58812	4.30774	12.5094	10.5616	3.31786	6.27722	12.7909	11.1173	12.9867	2.39284	10.0856	7.30707	3.76576	7.97766	9.32359	7.92972	4.133	6.59261	12.8017	14.3274	9.94742	8.55835	14.3322	30.0262	21.6901	11.3721	27.0939	33.2706	13.2103	16.1421	31.7748	30.7157	27.4627	31.0889	34.9167	33.8268	27.0305	19.1755	23.2843	35.5935	26.416	0.495517	21.4263	30.5247	8.18976	35.0669	18.2274	12.6334	16.1876	18.1298	17.1433	4.5751	16.2988	15.3873	18.8458	9.38632	1.46136	3.2264	8.03109	9.06714	8.16442	12.6343	13.5165	8.35431	2.64864	8.16604	9.17626	17.6022	18.4323	33.0511	26.8618	13.1859	22.7567	29.731	28.0837	21.8147	4.68308	20.3023	19.4035	12.7493	7.18385	14.8407	15.0724	12.6703	7.538	3.13182	14.4061	17.1286	11.3003	18.363	17.656	9.5576	23.0415	20.4747	13.9415	9.2205	6.37009	11.971	15.2712	17.7614	16.306	22.3125	11.8627	5.81417	10.1149	7.22421	16.3682	18.5978	16.9148	13.2954	11.0686	14.9866	12.1606	11.1724	12.9223	15.6284	13.7281	13.0706	10.8404	4.21375	3.04127	10.1836	19.5026	25.7851	23.5317	14.5836	15.3083	21.6752	27.4911	24.6978	20.6706	12.6735	0.514751	7.5813	16.5875	23.4882	21.9745	25.3254	31.9467	30.0713	31.565	6.16336	11.4899
8.41607	19.1884	10.5196	12.1739	16.4832	16.6879	8.69622	3.74589	6.92756	5.37204	2.66063	11.5469	17.7159	15.0139	9.79656	8.54281	1.87023	5.38486	9.39911	6.17536	2.08049	9.17627	11.6534	10.1083	9.9901	13.3398	10.0069	6.6283	2.77555	3.20087	6.03757	8.14347	6.01976	5.51275	11.8557	11.6983	6.10819	4.90118	7.41036	8.59759	11.4971	9.69626	4.89872	4.9705	6.98448	17.7552	5.38356	20.4864	17.9743	15.2677	0.864508	5.80866	8.22578	2.16547	1.87643	6.79162	4.37227	9.91547	11.4561	11.6537	12.1684	5.31229	6.55526	12.8682	13.2933	9.60675	23.0518	8.8109	5.30464	13.6041	10.5879	8.96105	21.4328	9.07261	9.24102	4.45838	9.46263	21.1199	17.6526	6.4242	6.04275	8.78296	11.3567	4.26549	8.46646	4.97056	12.6611	23.7075	22.7337	4.57922	19.7325	16.4662	16.7467	30.0343	19.9153	5.67744	18.5428	24.7215	16.2798	8.30849	2.86009	3.92119	13.1595	10.5182	10.92	14.741	20.0501	19.6621	3.40348	20.0596	8.2523	10.9273	13.6138	8.38768	3.28716	11.2721	11.1337	9.77375	8.97335	14.835	14.2878	13.2112	1.98207	4.51205	5.34943	7.63887	7.74467	8.04731	8.87397	8.35126	9.6724	14.3415	14.3632	5.87743	7.32418	9.21415	20.8093	26.5907	22.1334	19.4448	4.64162	23.9044	22.1284	10.5564	22.0127	25.538	21.6342	6.27794	8.21331	25.0287	8.18877	20.977	15.6986	21.8846	18.7433	10.4343	25.6542	12.1772	32.6818	16.5618	9.23132	11.9718	11.2531	18.7014	9.9439	12.6727	21.8367	17.33	7.78735	7.84557	8.99471	6.39812	5.94946	5.80742	11.7334	12.9202	7.54793	7.62772	8.46552	10.7224	17.953	13.3786	23.3769	28.8786	11.637	10.5363	17.2756	14.898	22.3961	22.9935	3.00228	23.6842	22.4302	10.9055	16.9457	14.1524	5.31709	3.60175	9.90785	16.5806	16.8482	9.14847	14.1747	18.2363	8.20596	18.378	18.9916	5.03943	6.31703	12.1198	10.3415	14.8632	12.6807	14.3791	22.3279	13.7888	13.4005	10.4347	6.35986	11.4645	19.328	19.3413	15.5361	11.8901	15.2272	11.3717	9.67236	13.6036	15.5041	16.4016	12.7214	4.62895	10.6967	18.6529	19.027	17.2088	23.2215	17.9412	10.0457	23.8108	23.0556	17.802	20.5297	24.0899	22.0624	12.769	6.46592	6.61343	10.3667	13.1222	19.8651	28.5369	20.4127	16.3735	12.694	4.66646
9.40326	16.199	17.6992	9.06193	8.01172	16.3613	8.27757	14.0881	13.2748	6.45341	3.58352	7.74236	14.732	15.9629	14.3034	10.8616	9.11584	8.42946	4.87649	9.09193	13.7198	17.7032	16.2305	12.9757	13.4499	12.7906	6.10833	1.27898	6.87547	7.73946	8.01705	7.6688	5.65169	6.86058	10.4438	12.901	6.12927	4.22901	6.24156	6.07698	5.32397	8.63713	4.83901	3.40562	9.39147	17.0478	1.10923	19.26	15.2173	11.6271	7.81206	4.91207	7.98809	2.63522	3.80992	6.47373	7.17057	10.9746	9.3024	9.41026	13.1416	6.38149	1.21696	9.52848	17.4271	4.07451	21.903	12.8749	8.49437	12.0531	11.858	5.34944	21.5314	15.4681	1.02859	13.4523	21.1827	15.3593	6.19326	10.0447	10.6541	5.3312	10.4218	4.61305	6.03226	9.21366	12.2058	25.2286	18.8401	6.84489	19.8366	25.9173	31.3366	31.7462	11.8624	20.6689	23.2678	13.6049	3.82231	10.6252	10.0349	8.25237	9.14032	9.60222	6.48406	11.587	15.4791	10.1594	11.4471	16.6069	4.39667	10.3576	10.1136	5.80599	0.230119	7.22788	7.23724	7.2666	7.54538	11.3567	7.37333	11.2277	5.81231	7.51353	8.81534	12.0684	6.34341	3.82538	8.0209	10.2732	11.9236	14.5669	11.5974	6.20714	10.6411	7.82271	8.09294	19.1707	32.9407	31.327	1.4608	21.936	26.1591	23.7704	24.9275	23.9075	34.9315	27.7488	3.63145	28.4403	5.0059	14.5594	13.9866	22.2856	17.9634	7.2291	15.8687	15.669	20.3321	18.8577	6.7231	3.1885	6.02107	15.632	18.3513	6.88207	19.202	17.7186	13.0214	11.6984	13.9324	13.1284	8.55776	6.61	12.9613	15.8142	14.388	10.508	5.90788	8.47411	17.8702	16.1667	17.4053	23.638	17.58	10.0224	17.2882	22.3439	26.207	32.2693	22.8088	17.8328	30.2662	15.5965	11.7726	10.0697	5.81598	4.79185	16.2849	18.2664	14.9082	5.7449	8.98384	10.3523	9.16869	8.69571	16.3642	9.33216	13.9865	12.3629	9.03294	14.4304	9.34467	16.8049	14.5491	15.2142	15.4744	16.6421	18.4174	6.41258	20.3017	23.5732	12.4606	5.23602	10.811	13.0835	6.45833	13.9411	11.743	6.61063	3.57778	12.4932	21.3754	24.2623	19.3348	14.0998	15.1017	14.8992	27.0622	32.3275	23.7446	13.2256	16.8317	22.5292	20.1911	13.011	5.88005	9.02906	8.52697	2.54267	6.09595	14.5422	19.4395	14.3988	27.0813	18.2442
11.0155	9.833	12.624	16.7078	3.58256	13.8892	8.90058	10.3718	8.47229	8.65842	3.68821	3.04985	9.41596	14.8076	17.1652	15.7056	10.1633	2.40335	13.1328	18.4284	16.912	15.8307	11.1839	8.14814	9.23941	5.77853	2.88902	6.08441	4.76159	2.77985	6.28215	5.83357	4.56684	6.71971	10.108	13.806	6.17003	5.82737	5.09096	6.85447	2.57186	3.03606	8.58747	7.27314	9.87517	15.7758	3.9772	20.0978	11.7379	7.7836	10.7476	6.98701	7.71741	6.08262	4.22375	4.5962	8.49659	10.3303	1.22163	8.52106	14.0793	10.5616	8.39611	9.65132	15.7779	4.07197	18.061	13.4896	12.847	17.5618	15.283	7.17411	18.0802	19.3018	3.30003	19.6476	16.0017	5.76008	13.8222	12.8326	2.65049	11.5536	8.72701	3.0738	5.44385	15.9624	18.1117	26.099	14.6011	18.9223	30.2892	32.6951	29.0539	16.3161	9.83338	25.4574	18.3809	5.61417	6.58208	4.28136	17.5301	15.4468	11.9997	13.5518	9.36274	13.1672	15.6268	5.27451	13.4079	17.5554	8.87777	5.0685	9.94809	10.6525	4.73908	4.32153	5.92405	4.46837	2.46367	6.28614	6.16242	6.89065	11.2856	14.3007	9.4791	16.9353	4.55467	5.03704	6.67237	8.03603	13.5183	15.9419	9.2136	10.6982	13.4349	14.0428	3.04113	9.56953	25.4477	37.1041	29.9137	9.64246	8.45862	14.8837	21.7291	19.6815	25.0476	39.0351	3.75031	28.9124	3.86065	8.78972	15.6401	7.50887	19.1758	15.0885	0.483327	10.402	9.44143	9.71254	13.01	8.01227	3.77778	10.5742	19.5524	16.2114	12.1165	8.80108	3.87772	4.61071	4.8649	9.57651	8.56552	6.25656	2.55662	10.6193	9.67912	12.4998	7.73229	9.83872	19.3126	17.4942	10.5148	20.9791	33.4492	35.5963	36.3014	36.4823	30.9619	33.5667	36.1206	19.279	25.7184	24.4797	6.26275	9.19917	9.12696	11.0813	18.3483	17.2201	10.7111	4.94293	14.0493	7.08666	4.42442	8.79849	13.5022	4.02925	16.2818	7.46435	11.0555	12.1056	5.30888	14.9386	6.48633	17.1261	21.2279	19.6322	20.2325	12.8436	18.6372	22.364	14.4778	16.991	6.73961	11.3323	14.0252	10.1723	5.09962	14.1823	20.054	23.4443	19.0066	14.495	3.10178	2.6318	14.6791	33.0482	39.8144	39.0491	32.722	27.8243	28.4	28.7607	23.6041	13.2299	5.37479	8.5754	16.018	19.3941	22.6315	20.1025	13.2459	25.1824	19.2821	29.1
6.87059	6.60295	5.74541	18.221	7.16267	10.2019	5.53878	14.445	17.5503	11.7862	8.82775	10.4936	10.0806	6.5691	4.23932	5.34546	12.4078	15.1096	12.5527	12.6121	9.72555	7.38573	3.76599	2.76523	2.44881	3.02476	4.77012	4.10436	5.65973	7.78293	10.4229	9.41546	1.28922	3.60226	10.5274	12.2667	8.24078	10.2885	9.90138	7.86073	3.48573	0.941169	10.5466	8.89863	11.7968	14.7408	9.58228	20.8022	6.19915	2.86571	3.57267	6.86553	3.52766	2.10132	4.60852	2.08952	7.19482	4.81656	7.16459	3.11685	9.17505	11.2367	13.6702	10.2943	16.7307	5.7468	17.7031	21.9509	21.5558	15.0359	10.4033	7.81784	17.9256	20.1181	9.03195	15.711	21.6744	16.501	10.3984	7.2699	11.0839	9.69612	5.83022	6.89396	8.19595	20.11	18.2675	21.5346	8.4512	24.4997	27.7559	24.0401	13.8101	7.11493	12.8612	15.3776	15.9307	11.1237	2.84776	1.60317	16.5344	18.4523	7.8189	13.166	9.05237	12.1821	10.8735	5.90586	8.47009	16.1815	9.76303	2.59063	5.29129	10.5393	10.5538	2.96038	6.17744	6.71565	2.77491	1.68239	8.00327	6.73598	13.0166	13.0886	15.1749	16.6592	0.438997	10.3578	6.19101	4.31839	11.7558	11.0731	6.21101	18.6037	14.3837	20.7126	12.519	9.59566	8.45074	21.3565	34.7695	38.6326	33.6645	27.8737	29.3381	31.595	23.4933	40.9018	10.8478	28.9017	7.88066	13.528	11.468	16.7873	14.0484	11.2218	9.35009	7.65197	9.18705	9.09809	5.62399	7.45211	9.82226	9.13225	15.513	20.8872	20.2813	18.9696	17.8312	16.2613	15.8321	17.8249	15.5776	13.049	12.4244	6.06154	14.0949	12.4226	6.81226	6.138	18.2591	22.133	20.7551	16.8714	14.2147	12.448	12.0614	15.1954	19.1539	24.538	23.9534	18.5786	18.7472	29.205	6.98616	8.73308	13.2287	16.0729	16.0334	14.7508	9.66396	4.53743	12.8555	3.82868	10.1695	2.03407	10.0166	3.76688	19.3347	9.22915	11.3973	13.5547	12.5085	18.5247	16.9963	13.1082	6.17097	6.7101	19.9443	17.3921	17.6224	24.2432	18.7316	18.6598	21.4899	15.0321	11.194	19.6109	29.1503	29.1296	19.1162	7.13511	8.76765	16.9149	24.282	32.9875	38.0808	37.9937	33.1957	28.898	25.6207	24.3447	13.603	15.0673	13.1954	8.41138	15.5183	6.20794	2.82715	14.596	22.6405	28.4785	16.5848	23.9156	23.0539	21.1294
5.96396	4.22125	0.595177	13.9291	11.2745	16.2858	17.9798	15.9516	17.3435	15.4821	13.1106	18.0525	20.51	19.8412	17.6609	14.853	16.2684	12.6363	4.72059	7.6338	11.9325	6.97967	4.54399	7.04959	7.48591	5.89494	3.54463	1.35983	2.08173	4.51618	10.7589	13.157	4.11262	1.15315	9.24788	11.0585	5.5628	9.13429	9.94101	6.32296	6.08313	4.20056	8.38125	9.3396	14.5757	12.5047	13.991	15.8091	2.1167	1.99946	8.64537	8.44989	7.68984	6.01762	1.22752	5.50785	8.70876	3.6913	11.5016	7.33659	11.9387	14.4439	12.6273	12.9938	21.9596	9.69908	26.136	21.197	11.3655	8.74295	9.59698	2.34433	17.8427	24.6768	20.4273	5.29315	16.4487	15.4579	7.37397	6.70224	14.9593	9.15484	9.16326	8.51354	3.43497	15.7379	20.3253	26.3683	10.4762	23.128	26.5904	27.3381	10.233	5.29324	4.38401	8.44503	12.438	16.2978	6.73214	3.693	12.2114	20.1867	17.2546	7.0048	11.9887	7.65864	12.6125	11.6414	6.95026	17.9168	9.00611	4.13354	2.79584	4.88551	8.64014	10.2335	2.28414	8.80251	7.68901	5.29059	8.57891	7.06796	14.5413	3.87522	17.7774	10.0019	4.97938	13.7281	6.79933	6.74303	10.2358	9.52544	7.71429	24.1727	11.981	24.4005	29.2211	28.9778	19.1463	2.36822	13.989	19.7196	10.7668	5.71088	27.5621	30.682	28.7831	36.0414	4.22742	24.1613	18.3878	14.8248	13.6319	17.807	21.2427	14.6584	7.16999	10.5327	4.33857	4.78489	10.7165	12.5208	11.5836	9.61125	8.92914	15.6106	17.7791	17.4739	15.2735	14.5434	15.1818	14.8085	13.0717	10.3546	15.2863	9.21456	8.72995	12.283	13.3099	4.74763	10.2581	10.9717	5.98617	9.63214	16.7406	17.879	18.9925	22.9874	25.0754	33.5546	35.7818	16.9164	23.0516	27.7463	10.3793	10.3101	15.1251	17.4034	14.1037	8.72006	9.0132	1.81193	15.0306	5.54043	13.8903	14.7408	15.2587	8.97681	22.285	12.1285	14.1406	17.6027	17.1803	19.4906	14.3663	6.38126	15.2756	18.0467	16.5975	15.006	9.54475	20.9091	18.2848	14.131	15.8692	24.6442	33.1275	37.8643	36.1622	29.3952	22.4563	17.3459	24.3366	26.351	32.3051	39.1069	35.2571	24.4221	17.969	16.9828	15.37	17.0073	11.9828	8.4353	18.353	5.49396	15.5559	12.7674	11.8394	18.7295	16.0687	15.7075	31.1395	15.6058	22.5583	11.2139
9.81144	14.8532	17.1042	9.53367	8.33644	16.7868	13.1562	10.2528	9.66565	9.8916	15.0523	18.2434	12.9452	11.2373	8.43623	5.79626	8.45868	9.30008	3.0098	2.44155	11.1392	9.33273	6.74813	6.15972	6.6342	8.55331	10.6811	11.4146	10.8189	8.45725	7.50239	12.0298	4.67805	2.82303	6.35934	11.5317	4.0856	6.74881	0.92232	7.1921	9.17766	3.10881	8.15491	11.5768	15.0158	11.0641	15.5996	13.8731	2.05926	3.85757	8.85584	7.5714	4.68472	6.46771	10.6657	13.3651	9.94286	9.54327	12.141	6.49751	8.73095	16.2948	11.4984	11.0075	24.4742	4.69205	24.166	13.3639	13.03	14.6347	14.4714	14.0167	5.49932	20.1081	21.4445	17.9663	6.78248	15.3996	8.95742	8.56013	13.0721	3.30015	3.85413	8.73898	3.25162	8.95518	17.4584	32.3077	18.7229	19.5054	23.9218	27.516	16.7533	7.39585	8.26058	13.5963	14.2844	15.5845	8.9729	5.88341	9.83523	15.2946	13.8563	8.99548	9.82463	8.01369	13.3796	16.092	8.63893	20.2792	7.6935	2.42381	4.24626	3.90985	2.91405	9.36233	8.52645	1.79218	7.57631	5.86326	7.7581	5.88026	17.4739	4.77975	21.3123	6.48387	9.95703	14.226	4.0353	9.36925	7.14322	10.242	11.4493	27.1456	21.0172	7.91119	20.9487	26.0364	27.41	18.0122	5.03267	23.6312	34.8846	36.7947	34.8345	28.661	31.2466	35.5823	13.3505	19.414	14.2435	13.2412	16.5345	11.7644	10.028	12.0811	7.66689	4.72528	10.4545	8.7454	5.86655	4.73594	5.64469	7.62502	7.02846	6.26904	10.8272	9.70247	6.67489	10.3066	14.6249	15.4821	12.4235	8.23066	11.4835	9.33082	4.75948	8.3426	12.423	10.8129	13.2057	18.8284	16.7625	16.9848	17.9641	16.7116	11.7352	22.9028	27.3151	35.271	31.9509	21.9427	32.2998	23.1447	13.0719	8.60296	9.62638	12.853	6.613	7.11477	12.3251	9.47583	15.4365	15.5847	17.3182	21.2459	20.611	18.5293	27.5578	22.6765	24.8531	20.1324	6.56141	8.21422	5.67285	11.547	13.913	13.3172	15.7651	18.7606	8.5583	7.01378	9.91791	14.1026	9.31531	15.1241	23.0215	28.8828	24.5013	22.6444	34.6527	26.7033	22.0456	28.6337	31.6975	28.6849	18.5156	13.021	11.5603	12.9619	8.20411	13.3994	15.1779	14.1524	16.9616	9.30514	10.7736	13.4753	11.59	21.0571	22.6299	7.30012	27.8958	28.5778	5.696	8.89475
16.2547	9.52588	3.19711	15.1498	21.1916	16.0683	10.3659	9.37953	8.62396	7.93679	14.127	7.98694	7.8322	7.67741	4.36689	5.38726	7.1844	10.5081	1.74799	1.21253	6.52145	8.88554	7.44581	5.28313	1.20618	6.09863	8.52654	9.78512	11.9983	11.996	6.91557	8.36214	5.15293	4.93893	3.2548	11.5556	6.90496	3.10819	4.84415	7.72784	10.1571	3.56542	10.9884	9.17743	16.8892	12.4461	17.3855	19.7398	5.90954	6.79076	10.7531	11.7071	10.6031	9.45365	11.9266	7.3865	2.84711	9.97742	12.3433	9.32262	2.66046	14.4284	10.6839	12.1767	21.5406	8.21131	17.44	18.5835	15.0246	12.4103	14.3075	18.0126	7.08129	17.2317	19.9451	21.6929	7.89898	13.3913	10.411	10.9706	10.2744	5.78958	8.15172	10.47	2.65903	3.34689	3.26707	31.0608	26.5808	11.4798	23.355	29.9155	26.4848	10.8413	10.4314	13.9683	13.1165	14.9029	11.4357	10.5323	8.71907	10.2207	8.57896	10.6248	3.74217	11.3706	14.9179	13.6979	13.1748	18.9618	6.92837	1.89629	3.69964	3.29751	4.15639	4.27585	7.34633	8.34494	2.56073	8.63014	7.43592	3.26055	18.9113	0.650222	21.6715	5.62536	13.3636	12.0148	8.40941	10.0001	3.89279	6.89961	10.0959	18.0334	28.5979	31.9115	28.827	29.3359	36.1536	31.2598	16.7228	39.4924	40.1481	19.9595	2.65383	20.0172	22.1894	30.788	8.14162	18.0572	5.54245	20.3853	9.00152	14.9067	12.5665	2.36728	9.44964	8.43067	2.83222	10.5482	12.0834	8.67316	8.71298	10.4211	9.41935	9.74497	3.47058	4.46305	3.9326	12.6669	14.7333	12.6181	10.6787	7.30574	13.1571	7.84867	9.6161	15.9708	18.2673	19.8563	21.4008	27.6675	30.1359	27.8643	23.3194	24.5648	23.5911	25.9687	18.2888	19.6142	31.9662	8.50464	39.4306	30.2607	11.2681	5.17951	10.3749	16.1135	7.30574	12.2745	16.2903	13.3649	12.2657	18.1157	14.1438	16.2121	18.2918	26.7133	31.5379	15.1517	10.8376	8.98945	14.4333	12.9232	5.58319	12.4965	11.4798	3.89614	6.04587	18.5875	20.0458	10.7172	18.0609	10.602	4.45837	21.4367	30.0159	20.1949	7.29053	31.7849	40.0501	32.7717	29.3211	28.03	23.2757	16.4032	11.1981	13.4776	14.4134	12.2876	6.24458	9.16169	13.4291	16.345	13.9112	10.3142	8.52802	13.0785	12.0129	20.8147	19.3243	6.22977	14.5921	27.0153	18.685	5.85524
7.20312	16.878	26.7742	22.3099	13.2575	7.279	8.96857	6.09557	8.48641	3.79674	11.017	6.83842	5.56726	9.75467	6.05561	1.71231	11.5457	9.69273	4.37946	3.19249	6.01299	6.13527	5.83996	7.40042	2.41573	7.25412	5.9624	3.6474	4.24109	10.1362	8.38349	4.57106	4.81455	6.68043	3.03328	8.03081	8.55164	6.99237	8.20278	9.40076	10.7269	5.15491	11.1851	10.0351	24.9752	12.7431	23.8174	25.0303	10.0875	16.7233	2.85224	7.37911	9.35853	6.11195	9.05937	7.75847	14.4761	14.1189	10.2683	6.86345	2.78447	14.316	16.1266	12.0604	11.6607	11.7088	3.21713	11.3142	10.1338	9.21637	14.2239	13.3588	3.13731	10.4987	18.2877	22.079	16.1845	12.566	17.9969	7.51131	5.61844	1.83934	10.0075	8.97827	8.86364	8.94619	9.57601	24.5616	30.8239	0.721133	12.7387	21.4734	23.3626	6.28591	6.55635	12.1709	6.15233	7.49889	0.961594	7.1659	7.50611	13.136	20.8945	11.7791	5.57121	7.49199	7.92244	9.02747	14.233	17.9214	6.43388	3.59484	3.1928	4.33397	8.85799	5.62821	2.17517	8.90277	9.78024	10.9921	9.11663	5.85487	16.393	4.38696	16.1871	7.27789	11.8076	8.66702	10.4819	10.3508	5.38078	0.977609	6.98965	11.5026	37.7413	44.5713	29.319	24.203	34.3617	39.6492	31.2392	36.0086	26.9474	34.4321	40.7313	38.7563	27.9247	23.9692	3.25108	8.22762	22.4032	18.3194	16.8723	3.60912	15.6083	9.63959	2.40563	9.29727	11.9407	5.65601	7.76284	3.53239	5.4811	9.60157	9.45218	12.4362	11.1874	6.15557	8.65156	14.0422	12.4062	4.01319	3.53126	6.96349	13.1378	10.1773	11.8365	14.8299	14.7244	13.4889	8.56481	6.88016	18.5515	21.748	24.7235	28.6244	21.9926	26.1205	17.6284	9.40651	28.5702	25.6745	24.2722	40.8065	24.4035	13.1148	11.57	18.415	3.9163	11.9659	17.6897	14.6394	11.3458	18.3761	19.4689	11.2753	11.5564	26.2015	5.62015	29.1094	37.3096	34.0294	28.4112	21.2495	14.5561	9.14208	15.1091	9.69817	12.1523	5.28808	18.1473	1.15227	14.4683	8.72082	13.0966	14.683	34.3476	23.8161	31.8899	41.6352	42.014	31.9611	26.7319	17.9796	14.2375	13.4954	14.3114	17.7668	17.3235	11.4361	9.80448	5.79602	10.2623	11.1444	10.7215	9.31717	6.90819	8.24359	15.5099	23.1056	15.1566	7.31545	8.06512	18.7429	17.9027	14.773
8.64154	21.0295	13.9418	3.51783	4.9378	8.53987	1.3387	4.48793	11.0692	5.74912	9.45791	9.39943	2.99219	11.315	4.68286	6.20033	11.1076	6.65385	5.96809	5.37307	7.64286	7.48904	7.84592	5.42122	2.54608	6.03008	5.99024	6.31784	4.14233	6.92276	8.9879	5.43016	2.71582	6.04003	9.61815	5.89481	8.83818	15.4875	5.35493	7.23386	6.79515	5.90962	10.7122	17.5908	29.4046	1.97621	31.5834	20.617	1.40059	11.5016	13.9377	8.55418	12.5013	12.5343	5.17656	16.1402	13.4064	2.70587	4.39906	9.10776	6.04167	10.0279	17.1671	15.3165	15.509	18.5938	9.55537	11.7448	14.7469	9.84817	16.0798	8.79978	5.42979	6.82246	13.9886	20.6499	23.0637	10.534	17.5559	7.88603	3.72681	3.747	9.51996	2.51029	4.70556	3.64802	10.0877	21.0888	28.8628	7.48203	26.0409	29.1426	20.6442	3.26245	6.94362	12.194	9.09123	6.45989	7.79508	13.0725	7.24575	15.6549	23.7426	14.315	10.7973	10.8351	4.75052	7.04572	10.7412	20.0945	10.6845	12.679	11.8769	8.59435	10.5465	5.34692	7.80133	7.09323	15.0073	10.8749	8.69581	7.33328	14.232	8.41917	16.8526	12.7296	4.19484	10.4629	10.0345	13.9426	8.50992	8.88069	11.6799	16.3467	36.3199	43.2784	27.7649	16.2778	19.1314	10.3753	27.8242	25.329	17.0797	30.8099	29.4474	7.7424	20.5774	16.9629	15.4935	24.854	27.2429	12.9157	15.9961	14.1472	5.79931	5.36378	11.3857	10.8594	16.3168	19.2726	17.5447	13.1426	13.8051	12.9408	6.16296	3.32639	5.68077	6.79672	7.86322	11.6651	15.0118	13.7834	8.5792	7.55076	5.55682	6.26509	9.70314	13.5802	9.6512	7.50513	11.6	9.87625	26.9757	32.5369	26.0478	13.3591	11.5771	24.2427	19.5821	10.0765	20.8962	35.6249	22.7698	24.3896	35.9787	23.7279	21.4213	17.7993	14.5241	14.7688	21.991	10.1073	19.7609	30.0789	27.7112	23.5583	25.4773	17.8382	22.0658	35.8742	24.6834	12.6713	4.57776	3.2415	14.6204	13.0346	9.92437	12.3347	1.61747	9.08154	19.8387	14.3444	18.6132	13.9134	21.8498	7.68294	31.7092	31.335	39.0666	40.1065	34.9144	22.0986	15.9519	13.1571	8.30297	14.0812	16.6443	19.8056	19.8007	16.0817	16.335	11.2922	10.3895	9.94164	10.3279	8.22655	7.25604	7.71273	16.5211	27.1972	23.0114	16.9019	13.889	19.1576	22.297	22.3889
6.65453	15.0458	12.9019	5.77877	3.31683	8.9271	2.46111	7.1663	6.07491	3.54418	4.74467	11.8553	1.69202	9.42162	8.17739	6.22842	9.67788	7.41949	5.8303	5.85701	5.30697	5.16536	3.62711	1.56263	3.83135	3.09766	5.355	7.26306	5.02608	3.25094	5.92149	3.60626	7.02667	11.7448	12.423	15.3966	4.39088	19.5974	6.70504	6.61845	4.9486	8.99933	11.6074	22.5186	26.1921	14.3485	31.1866	10.3755	7.7646	3.93143	12.5534	18.9	9.71613	11.7424	10.1742	17.5369	8.36062	6.38316	5.51104	5.13618	5.80864	3.88894	10.5142	11.6444	12.7	19.182	20.1323	6.09725	20.0322	18.4955	22.5886	10.4608	8.40355	7.51029	6.08631	12.0042	22.9627	13.7724	7.29121	14.6512	10.9423	10.4472	9.64704	4.41111	3.95341	5.08454	6.53886	21.5496	20.3657	17.1408	29.8191	20.2477	4.39881	8.2184	11.2227	13.254	14.3488	7.49245	16.5236	9.73313	10.0209	13.0006	13.3606	14.1953	15.0739	20.7718	4.47704	5.44543	6.64445	18.8813	10.9114	8.54833	7.82469	5.64016	8.38395	7.16389	9.12434	6.72947	12.5731	13.4294	4.5212	9.22522	12.3587	7.29435	11.269	14.6103	13.2082	13.2198	9.12433	18.9729	14.0146	15.5094	19.4212	12.6819	22.4507	40.0934	34.1447	18.119	29.2449	25.8643	10.7094	12.7726	18.4828	25.0764	39.8031	24.1243	20.7719	17.1907	23.1855	25.9348	20.0483	14.4746	16.0225	18.0143	17.0769	13.6715	14.6495	11.5672	7.45752	13.1506	14.5287	13.8055	15.9484	15.0526	13.0057	9.66619	9.17105	7.10602	3.48612	6.17156	8.73236	11.3132	8.24996	7.93483	6.55425	5.18473	7.65287	11.3379	3.40353	9.56227	14.067	11.9757	26.45	24.5942	16.7834	23.046	26.1124	31.6408	25.3956	28.6522	26.7086	28.2796	33.6941	21.6095	23.1939	38.6143	33.5585	18.6582	23.9092	12.9335	26.9776	5.47962	26.0098	29.0072	13.5575	10.7298	4.49564	7.03845	28.6036	29.4385	11.9384	22.1843	20.2562	15.8317	5.00007	12.8274	14.1711	8.3659	11.905	13.9914	16.9739	12.4821	15.0336	18.7884	24.9026	17.8512	31.2229	34.2924	29.1936	24.9995	19.6885	13.8966	10.2867	10.8929	15.4844	11.5366	10.798	13.8968	15.1472	14.8867	13.1208	9.51277	9.22294	8.27868	7.58655	5.68676	4.99952	6.50996	12.5154	24.3391	26.2942	20.7531	14.1658	13.3301	22.9683	21.9574
4.47986	7.52871	11.954	4.86149	8.06863	9.51744	5.77688	9.04434	6.92432	7.30698	4.12464	9.16919	5.57744	6.16506	10.3783	7.83946	8.87881	8.20537	4.78294	7.29044	6.55823	4.69831	0.563547	4.81831	3.78079	4.08874	3.86291	5.37734	9.82127	11.9303	12.8991	12.691	11.7438	5.86578	10.7748	15.8621	5.96798	14.4826	6.67779	8.23567	2.60635	9.65839	14.6743	24.6506	23.3156	20.0805	31.4107	9.82637	9.04398	8.97179	8.79327	24.2165	9.21215	13.2107	18.1365	13.8397	3.18064	5.01829	5.30574	7.71179	4.12543	4.66657	3.83705	3.76763	10.2243	17.7977	18.1943	12.1192	3.32932	19.5052	31.9276	20.2602	13.4127	12.635	10.9155	8.86498	10.2686	14.7895	7.38207	13.1022	14.1152	15.7018	6.60271	8.27127	9.73433	3.21638	16.7792	26.7551	10.9551	25.9057	25.679	9.99939	12.9806	13.4524	7.78722	11.2033	17.3877	10.0209	23.2755	4.95727	14.3543	12.9141	7.32145	6.94292	12.2151	22.0041	9.81384	4.21189	4.91737	14.4725	12.6826	7.08506	5.99359	2.9313	6.12674	9.25106	7.55969	8.9128	7.66573	12.5903	6.24629	9.72348	2.45476	14.7556	13.9667	6.10391	17.5278	25.7245	26.0303	29.7571	27.4764	21.1804	19.5301	16.7913	5.42108	40.3532	32.4396	21.7947	22.855	4.90087	20.4894	24.3621	30.7382	42.0615	48.3047	31.402	13.708	4.77444	16.4545	10.0928	7.7455	10.4838	15.5608	17.9274	17.0937	14.3784	9.83228	5.04414	8.64251	7.72067	6.34241	10.7101	11.078	5.17713	5.90813	7.0706	10.3973	8.59778	7.63282	10.3221	11.4195	7.79279	1.73274	5.16161	5.09883	7.06916	11.7474	10.9324	7.73249	10.6428	14.7518	17.5027	14.9607	16.8729	23.4289	18.0339	14.3059	26.8089	26.1928	25.3109	19.5729	22.0884	32.7861	40.0799	16.7776	36.2134	45.3563	24.1475	27.7561	9.0165	27.6186	11.4682	29.7689	19.5194	14.7877	31.3361	33.2914	23.5057	16.4657	28.7137	24.3461	19.6545	3.75707	11.6469	14.8142	6.25512	10.7419	22.5227	27.4675	19.8774	4.61999	12.3335	24.4193	31.5381	34.3019	30.7595	21.9387	20.8714	15.7766	16.1234	12.8799	10.4758	13.6802	16.5644	16.2439	10.2093	6.95432	8.21024	5.82859	16.0991	9.05491	5.0752	7.94589	7.6239	5.76512	5.02566	2.52277	5.74949	5.40722	13.9423	20.5779	19.751	16.1219	10.6926	21.5731	21.9956
6.74013	2.92272	11.7118	12.1352	11.7701	7.76497	4.72066	8.43143	9.5452	10.4782	9.60342	8.18362	8.89422	8.4454	10.8544	11.4118	11.9115	9.65037	5.854	5.36498	5.38687	3.22668	3.24915	5.8025	4.57516	2.41497	3.34173	8.62246	10.8514	9.24401	8.49747	9.52679	7.11336	4.92168	17.8916	10.8498	11.7782	7.40076	6.72603	9.75787	6.24063	15.3606	22.0013	23.1225	17.3125	16.4536	28.9249	6.92614	7.87327	11.337	10.7199	26.6414	6.27659	22.2725	20.8648	5.39707	6.06695	8.50356	13.9408	8.92211	5.59218	9.67492	4.03713	3.43846	13.1545	16.9525	14.4283	22.5775	21.9489	13.3423	20.5054	29.3976	12.9597	10.1011	11.698	13.3653	13.3584	12.3531	14.8539	8.50227	18.7612	15.6916	8.4307	9.73448	14.3659	15.8567	15.2177	28.6874	3.37495	33.2402	15.6542	9.23878	14.7599	10.3526	5.6846	7.94826	19.6336	8.43142	25.5718	8.46045	17.0938	17.4767	10.3564	9.34291	16.0933	21.0875	14.5869	11.5127	11.217	11.9375	11.1457	5.71887	5.28719	1.99589	5.07559	9.5568	5.78232	8.98866	7.65654	5.92511	13.4233	5.29239	13.0993	9.85215	12.4727	19.8981	16.0415	16.9983	17.6413	19.8051	29.0396	32.3781	30.9557	33.0691	22.8527	41.0593	27.297	27.1919	10.6903	2.32071	5.95425	24.6013	41.8579	48.5864	40.7842	17.3034	16.8848	2.9057	16.3978	7.35718	6.44312	9.42394	12.0304	16.9412	21.0052	18.1785	12.3099	6.95411	6.07573	11.046	7.78315	9.49428	9.7238	8.36492	8.04815	9.14309	13.2785	14.6751	14.8197	14.3682	12.6915	7.9069	4.54138	4.10543	5.44727	5.63136	12.7046	10.4705	8.24433	8.25839	9.2632	10.4466	5.13803	12.7288	16.7802	16.8685	17.5975	21.0905	11.4356	6.85845	6.57296	9.60577	23.0552	38.0205	38.5212	20.6624	49.5891	31.1085	28.9123	12.3395	26.9118	18.0301	30.736	10.4515	22.312	25.515	15.8656	24.7813	13.7808	14.5573	22.9279	14.9711	10.3195	6.48843	15.3132	12.9778	21.9035	24.7101	20.1264	11.0824	21.4631	29.4111	37.16	36.9686	31.8991	23.5388	11.7201	11.4348	13.8816	19.26	19.1184	15.0125	14.8862	16.0026	11.1704	6.73439	6.09934	9.29761	1.71675	17.6369	9.76913	7.03011	5.96696	4.38298	5.11359	6.58551	2.27464	7.16066	5.82361	5.7977	13.8694	17.028	17.9732	11.4507	19.2485	20.4411
6.74705	3.27266	11.6155	13.5015	10.1199	4.01856	2.14654	3.92129	7.50041	8.71887	8.78928	6.72776	8.51495	8.99048	7.45611	10.2466	10.5048	7.42041	4.16394	2.26636	2.61566	4.0884	5.6105	5.34202	2.57884	3.83762	8.19255	4.20173	3.01454	5.4433	7.50153	7.42439	3.23159	7.57371	17.2433	11.5405	12.7972	10.1258	6.2374	8.02297	6.89491	17.1078	18.584	18.3502	11.5106	20.8114	26.208	3.9967	3.99591	12.4074	17.0598	20.3584	9.95013	25.7776	14.6213	6.29327	4.719	14.0175	11.8965	3.74387	10.7038	13.1136	5.83752	9.02842	10.8672	16.1976	21.3335	23.9995	26.8212	28.719	10.5134	25.7535	11.5211	7.47326	6.04739	12.6979	10.2859	6.15253	17.5258	5.64186	18.7561	13.3637	11.7306	8.85104	8.89355	12.2084	11.472	23.3048	5.97146	33.2713	7.70639	14.394	11.3493	7.57247	5.53633	5.06943	17.6629	1.2104	22.3732	13.2268	12.6552	17.3809	6.12015	9.71342	16.3936	17.1056	11.9398	11.1915	11.4433	18.3501	12.6318	3.28377	4.79834	4.73371	8.2545	8.50784	7.46045	5.13438	8.16647	4.81593	14.0341	4.71115	19.5649	10.062	10.9534	19.3702	19.4527	23.9823	27.684	24.4919	13.785	10.4687	10.983	9.47011	33.0583	35.4456	26.1333	29.7066	12.0052	12.1588	23.8685	29.596	31.3802	23.8419	9.58221	11.9713	21.0754	11.7012	14.0361	9.92535	4.57065	5.79483	6.65543	8.19869	12.7041	15.3629	12.0931	11.262	4.19147	7.22736	13.4556	13.8776	5.94328	7.13307	11.8822	13.6104	14.3792	10.9378	8.24646	3.68111	3.23498	3.92089	5.3002	5.42765	6.53146	0.236903	9.44082	12.1758	11.4338	10.3527	9.31096	4.98491	15.2733	9.9226	2.82963	9.76288	14.0344	19.5197	19.8503	20.2293	20.6296	24.4288	29.3679	35.0533	40.142	12.6836	45.4088	29.7006	30.4444	18.9903	29.962	25.8479	24.9365	15.7272	21.9814	23.5873	16.0958	14.2127	26.2862	19.493	20.7497	21.5838	13.9088	18.6575	29.3981	32.8787	28.1493	5.27075	21.532	33.1901	36.5079	37.4678	35.7437	30.04	22.6177	16.386	12.6235	11.0073	12.0924	20.5426	23.511	22.7806	17.7925	13.7668	9.4671	7.20026	6.21679	5.98668	2.85813	12.8239	13.4619	7.42707	4.34678	2.81459	5.70151	8.59168	10.6299	9.20747	6.74321	2.78049	7.58415	11.275	16.5798	16.1386	18.9155	18.2806
9.13643	7.73379	6.70667	11.0842	11.3746	7.39186	5.20474	4.70856	4.00461	6.26213	6.94873	7.0555	8.49374	8.52745	4.70775	5.10286	4.86965	3.71786	3.93547	5.41187	4.41792	3.16727	2.75377	4.30738	4.66569	8.00009	4.85756	5.69438	11.0242	7.4699	9.40506	7.86423	7.86744	11.0997	11.6137	13.4379	6.21304	14.7217	10.3388	7.50147	8.0931	17.4182	17.5347	19.2586	12.843	23.5837	27.8962	6.824	7.19601	10.3994	13.2756	7.4756	13.0377	17.5459	10.0281	8.98697	5.21063	15.5797	12.1223	10.3603	14.8542	11.0876	6.03003	11.0417	3.05847	9.0624	11.4516	11.1062	18.9044	23.4456	27.1952	9.30763	25.319	2.31827	11.914	11.319	7.87958	5.6601	16.6482	5.44028	14.8246	11.2988	10.1887	12.6764	13.3658	14.7622	17.5243	17.2935	7.36033	28.6419	16.3973	12.5319	7.402	8.38179	7.75963	9.26294	11.3452	5.7933	12.6851	18.4303	8.16805	15.2872	10.809	6.2691	12.1163	15.0428	9.90865	12.06	8.16553	23.7134	10.4868	5.89045	5.26034	5.71851	11.0343	8.74052	2.42066	7.16437	3.60292	9.6605	8.33785	13.0168	17.1523	16.8036	9.63192	16.2566	20.1943	24.3571	30.6568	33.3085	31.9617	35.3358	37.1684	35.5875	13.8601	25.7882	24.5773	28.0891	26.3922	21.3678	23.4397	12.6419	12.9837	19.5244	14.8975	5.77497	12.5408	16.3739	7.80239	8.7416	7.45302	8.27325	7.61155	5.3302	4.74397	12.2282	13.2056	13.115	9.25346	3.50698	8.64376	14.5113	11.9068	6.33198	4.8618	5.36326	5.85247	1.56166	6.87038	8.72841	10.3462	6.86364	0.866554	5.12274	6.48533	6.11303	2.85907	9.68079	13.6168	13.9417	10.3901	6.48227	16.4418	9.72613	8.08137	6.0419	4.28477	22.5746	26.9298	18.4091	11.1693	15.2452	21.8934	24.1042	33.1907	7.55812	37.4054	30.2563	28.1598	18.7851	31.2028	27.3916	10.5394	30.7259	21.3155	17.7122	14.379	8.06434	11.2424	21.4392	31.0378	24.6862	19.6187	27.5484	31.4034	29.6547	15.3355	22.8582	35.3594	36.6044	32.1188	30.6842	22.5885	19.6516	18.1533	15.4113	16.4617	21.2228	16.7891	23.7784	23.4854	21.1083	21.9638	17.9337	13.6466	9.55336	8.81098	5.88719	3.64751	5.46436	12.3297	9.13086	4.9408	4.13873	6.59052	8.49573	9.55371	9.84718	7.84448	4.57415	4.95843	5.58327	10.2869	15.0311	16.9442	14.2335
14.0776	12.6909	11.7144	7.82593	6.64191	7.54658	5.8196	7.03071	7.08344	6.59929	8.23704	7.38029	8.59417	8.57728	4.79422	1.78909	0.684753	0.987362	2.77356	7.11479	4.93258	1.80249	4.12986	7.26516	6.88254	4.22511	3.16215	11.4839	7.74711	8.64294	8.90119	2.54551	7.14105	11.968	9.67566	7.27952	5.19833	16.8089	12.7454	4.43391	6.40518	17.4546	20.4674	20.0737	20.0984	12.7129	31.222	14.02	8.80193	5.09532	5.4548	5.80754	11.11	21.6349	12.3634	7.94216	6.78906	15.9756	11.692	7.90075	10.7946	2.62649	8.94341	6.98368	5.28078	6.90151	9.33148	4.55891	13.299	17.4311	32.1912	12.4537	26.9185	14.2777	11.6795	16.2667	7.5294	9.89938	10.0465	0.918408	10.1612	10.7214	6.25601	18.7577	24.038	25.6671	23.155	19.165	14.1202	22.7703	14.7714	6.9085	3.86576	7.12488	11.8163	11.8871	6.64798	5.49298	7.47706	19.0574	19.1346	9.07226	12.5459	5.29147	11.6793	18.6559	10.366	13.9926	8.41493	22.3903	10.4638	7.48226	4.53857	8.19275	10.9511	4.02887	6.69103	7.88223	12.6609	7.39833	11.3376	13.0523	17.9762	19.1715	6.67477	12.1891	13.1679	19.6901	23.1324	23.698	16.1017	2.79942	13.8876	41.1662	20.5038	6.39422	18.6962	19.427	32.2628	28.3104	25.6422	29.2154	32.3061	30.4852	21.6345	16.7858	5.73478	8.42827	7.03454	1.61229	4.63119	11.3036	9.55143	5.32055	6.09005	10.1273	13.9208	14.3604	10.5204	7.59233	11.7259	17.087	13.0279	2.87483	5.95404	10.7416	12.5009	7.6266	7.47772	8.04986	5.40211	8.82676	0.732153	5.75806	3.75675	5.39722	7.45713	7.37612	9.41081	7.21847	4.60342	10.5782	13.7522	3.58397	7.20252	5.92397	4.74153	18.2749	27.6878	23.4916	25.8143	26.2631	21.7077	31.3043	40.6135	19.1127	21.8186	33.0088	20.8105	4.03469	11.949	4.12645	5.5419	24.7581	28.4861	21.2257	20.1486	22.5254	14.3646	8.57459	12.5834	2.38558	10.4605	23.5194	22.8283	15.5697	16.0852	31.2955	37.5209	28.7763	17.955	19.464	17.9225	14.9847	13.8327	14.5079	15.2427	21.2771	23.8543	24.944	21.6673	13.0002	14.4294	15.2114	13.7048	10.9726	9.03662	9.2167	6.84941	4.17341	6.91452	7.8619	5.43488	3.5401	3.4312	3.36249	3.22468	3.59508	3.69575	4.1504	3.91061	1.85793	3.45982	6.06346	8.80298	8.75383
8.14076	10.1714	12.0773	9.45214	4.71332	8.79811	8.79148	8.69293	7.97169	5.13044	9.24661	10.6265	10.1259	6.93028	2.8565	3.91893	4.58978	5.66212	6.32988	10.4016	9.20294	6.28441	5.71854	1.35295	4.78005	3.68461	7.48299	8.75116	4.99259	16.3059	4.51546	6.09489	5.73989	12.1725	10.7314	6.09472	8.86866	14.6164	8.59509	8.86074	7.74223	13.0764	20.4332	16.1227	19.5924	4.24317	26.8378	9.34955	5.35188	8.67324	9.3703	11.7501	9.26317	23.4244	18.5504	6.43898	9.3548	13.9052	14.5998	10.8121	9.56104	5.43926	11.2101	11.4508	13.7822	13.7291	15.7755	15.2182	10.8203	12.8073	32.227	22.3506	20.4753	20.9	11.1518	17.5844	9.77909	11.1525	8.82304	7.50352	10.7549	12.0303	11.1962	20.2334	8.59048	5.34483	5.90703	10.0949	15.9249	16.485	9.8363	5.38424	3.90016	6.20314	10.9711	12.7369	12.5072	7.61923	8.30768	6.15558	17.9069	20.3815	17.3503	9.23063	10.3674	21.0522	10.6207	13.1907	5.31424	19.0446	12.8151	12.3263	12.0543	12.9951	5.66968	8.62579	14.8505	12.6328	20.6147	11.2843	14.3645	11.0962	24.5455	19.0673	8.31732	9.84382	11.1643	7.71358	6.95003	23.3391	25.0732	26.0444	31.3944	36.0443	19.8027	8.0612	17.0643	10.1407	28.4613	33.0398	34.7503	21.7637	16.254	24.5309	21.4368	18.4795	11.2866	9.91152	11.6935	12.4554	11.5491	9.27376	7.56492	7.67601	9.16266	1.73836	10.0866	13.3966	12.5878	12.2496	12.5673	14.4341	5.28514	6.25276	11.0349	12.8569	15.2868	13.6221	8.6871	6.28645	5.15475	9.98983	2.00142	8.67246	8.05746	11.294	12.839	8.7297	2.79062	11.7483	13.1672	12.5472	7.82559	3.71152	6.93471	6.37691	8.62766	6.59906	21.5064	23.4665	23.9544	28.5005	22.2656	21.5981	37.0286	34.8956	13.485	12.6445	24.6388	21.6037	14.3255	27.5417	34.234	32.2742	24.5542	5.17781	7.45074	12.7896	19.9409	8.07696	12.1143	14.1283	14.6222	16.3096	23.6157	31.9376	37.9251	40.3341	42.85	34.6214	26.2403	24.6693	23.1799	20.536	17.8955	19.3561	16.8265	14.5289	16.4251	18.9504	17.2535	8.83375	8.10971	8.96158	8.3673	7.04011	6.12016	6.9666	7.23176	6.3461	6.0733	7.11856	5.69825	3.15244	2.52886	2.05995	1.89716	1.56798	1.2788	3.96259	5.85855	3.97136	1.81444	2.91949	6.33045	7.80388
1.96219	7.5158	6.33708	6.81111	5.16814	8.22476	8.56166	5.89568	5.82729	6.21741	7.25224	9.49178	7.1309	2.67055	6.88241	6.03616	5.35419	7.09654	7.67952	10.9471	9.18412	8.08191	9.70917	5.78034	9.24246	6.84322	7.58163	0.970235	13.6542	12.698	10.8258	8.84415	5.615	15.5164	15.1028	9.32466	17.3679	11.5645	8.73259	12.4675	12.9168	11.9469	21.674	14.6537	15.6975	10.3356	22.6653	15.3277	12.0479	15.3804	19.5408	18.1497	8.58353	21.5188	19.1148	0.829361	12.6192	2.6608	11.2279	13.1392	11.8412	10.3372	12.1428	12.2305	13.7065	12.5704	12.3093	12.1014	7.10604	11.0636	30.5344	25.093	14.5293	17.2915	9.27663	14.57	10.8653	5.93366	9.56757	8.34377	17.8186	9.1526	14.6808	17.7491	7.93422	17.7858	18.0711	11.1224	21.0768	18.7793	8.07638	1.45914	5.25526	6.76084	9.29447	8.22149	11.2676	10.4791	1.3185	7.98699	5.31463	14.4155	18.7383	14.9949	12.5893	20.0569	10.0866	8.52113	1.04131	12.1985	11.1307	12.8445	13.9103	8.58454	10.1536	18.2297	16.2142	9.47953	14.8504	20.2748	26.773	8.67423	30.1172	19.3674	9.57478	6.89825	9.42981	18.2421	27.9136	32.5798	27.5737	24.0197	22.6226	22.3825	17.637	6.40327	8.51448	8.06407	16.4434	8.31162	13.5282	34.9967	36.6017	26.8081	20.2971	16.4874	9.27898	7.44495	8.92776	12.7834	14.745	9.79878	1.50213	6.71956	10.9651	4.99622	6.74454	10.7169	11.5632	11.9031	10.6596	8.92414	3.24649	9.94589	9.73057	8.08298	9.01452	13.92	10.6795	4.8632	9.80695	4.27354	7.1077	9.48227	8.34567	10.4362	10.1618	3.22715	15.0283	15.9711	8.45775	3.54278	5.29652	6.15878	5.66579	7.60066	7.91531	6.40474	6.32983	19.2048	20.7837	22.8883	16.5228	18.5547	26.9903	26.6699	22.4634	20.9327	7.99788	34.4021	31.3651	34.874	36.5924	43.0195	43.0127	35.9686	23.0152	23.6438	18.1432	6.21776	15.6432	19.921	21.6149	18.4214	29.3185	36.0277	39.7703	40.6012	40.9748	34.6302	26.7224	26.4114	21.9591	16.7385	14.475	14.3222	11.8102	10.014	9.61689	11.7726	11.0392	4.68119	2.42806	2.45491	2.30326	1.80346	2.07785	3.31526	4.32728	5.48112	6.14904	7.59332	6.825	3.84739	2.18189	1.60544	1.91667	1.57862	1.38005	2.38066	5.37825	6.42603	2.74879	2.96897	8.06684	9.06669
6.91241	6.47073	5.59402	3.66478	6.78878	6.43335	7.39788	6.70532	7.134	7.67563	3.72265	4.05054	5.72067	6.35619	8.63564	6.5447	5.80776	8.0317	9.78557	9.68401	7.45406	6.91062	10.8106	3.32875	6.64279	3.64296	8.32262	8.03611	15.8953	10.2753	15.0045	8.60342	9.56289	22.233	11.2434	4.8697	15.7972	15.2214	13.7645	10.1832	12.2419	4.14869	19.3777	18.3244	19.8831	19.8712	15.2898	20.9899	20.6615	16.8765	9.98776	1.49203	12.4667	23.7832	20.9831	10.3911	15.3542	13.108	7.16702	12.552	11.2718	6.52896	10.8027	10.1089	3.85631	6.29956	12.3432	11.2027	3.82553	13.1387	30.0272	24.9382	16.2267	14.0543	12.2324	11.3126	7.00867	0.828289	6.90806	4.84014	22.7586	6.18038	14.9265	16.1699	8.21776	21.6593	15.8619	4.85277	21.8454	13.3257	2.94733	5.87537	7.25885	9.41761	8.50808	6.52217	4.96278	10.4488	8.17201	2.79558	13.1667	18.643	6.32301	10.7628	14.752	15.8607	5.2607	4.81405	8.32269	3.73203	6.7922	6.96773	4.29289	9.17953	20.7469	17.7314	4.46605	10.4792	13.8858	20.1903	29.906	6.22779	29.1823	31.2303	30.4414	31.0773	32.557	33.394	32.221	29.4492	23.4392	22.6522	17.3012	2.61465	17.5422	14.0331	25.3524	27.1422	18.3174	13.8896	8.81424	39.8671	42.846	16.8871	12.2713	18.3649	13.8538	4.6888	1.78528	3.63636	1.45488	5.95785	7.90269	12.1198	14.2112	9.60167	8.91781	12.1483	12.4591	11.9485	10.2914	5.62241	7.07613	7.34041	6.97279	6.67225	2.11188	7.30187	10.2357	11.9769	12.6638	6.26429	12.9199	10.1513	4.80809	8.74748	6.15605	9.53442	14.851	7.76945	9.87668	7.37006	6.19953	4.4537	6.36548	8.23871	11.3666	12.6039	9.12965	10.3794	14.2116	19.6487	28.8666	23.8556	20.6723	14.5407	9.7793	25.0849	25.7864	11.7818	42.5751	47.4157	30.1697	10.6744	5.63039	25.3812	31.8729	26.1842	9.43966	16.1599	13.4497	17.1059	22.572	22.9997	29.032	32.8703	35.6003	34.6545	33.7594	28.9989	19.1368	14.8917	12.7153	13.2499	14.8321	11.7644	8.86575	12.1647	13.1332	10.5415	5.93969	1.06381	3.35036	3.40924	2.5679	1.09467	0.15538	0.652237	1.63298	3.01794	4.59545	7.65767	9.75847	8.60904	5.16701	2.61409	2.48718	1.99508	0.839619	1.11557	1.31844	5.52216	7.56513	7.7533	11.079	8.98875
5.43101	2.99209	6.38903	6.599	8.78461	6.31606	6.96932	9.14122	6.95352	2.9151	4.86356	10.0862	10.6581	7.87804	8.5292	6.271	4.25445	6.71577	8.84833	9.71644	7.87093	6.29254	13.2369	4.06583	8.31223	6.57533	11.4725	8.07222	18.1953	15.464	14.8824	9.0395	11.337	23.9195	11.5831	10.856	9.9307	10.5063	8.99127	11.1612	13.7504	4.53419	12.7963	19.8187	21.6059	27.3673	6.30626	19.8468	17.9492	8.77356	20.9274	24.8132	25.4734	24.6516	16.3968	4.78962	7.77447	17.3855	17.5483	6.9627	8.64644	19.0621	14.9723	17.4002	12.429	13.2485	16.8137	2.65506	15.2523	20.861	29.3023	24.4794	18.8041	24.4573	21.4841	11.1332	2.29998	2.86903	9.23194	4.38289	21.1123	8.23001	10.4342	15.4939	7.26731	14.3421	15.2819	12.087	14.1241	8.25667	9.8251	9.5709	10.0211	10.0871	8.44765	7.03537	5.10838	9.32755	12.4871	9.56169	1.8991	16.3017	18.0098	9.11986	14.8027	9.75721	3.77758	11.3049	14.0553	13.9923	8.56363	8.08075	5.66862	9.64876	22.8992	4.83596	15.696	24.9812	26.077	20.4012	18.0565	12.5121	8.0479	28.5998	33.4566	33.0285	33.6467	32.7723	30.3515	26.9377	25.1401	21.833	8.00387	29.7702	32.7392	19.0639	23.682	25.6054	3.06226	15.1955	17.7916	31.5963	41.3543	28.8812	27.2017	23.9095	18.0053	7.81503	13.227	16.1921	16.1112	10.6734	5.97478	9.07093	11.42	6.24063	4.88069	7.67028	11.8811	14.8183	13.3779	9.35685	8.94065	9.44692	10.1373	8.97662	7.31072	3.55484	6.56251	15.4044	17.1657	11.0432	12.8015	7.47471	4.68231	7.7361	7.29032	9.13269	13.173	15.6635	13.0725	10.5194	9.11421	5.18791	10.7771	8.25115	9.96007	12.6025	12.1538	9.73764	6.71897	17.9502	32.77	27.634	18.4439	10.1385	10.1155	23.4266	40.4928	38.2797	15.5492	50.7065	50.4947	40.3206	25.6855	1.07124	9.24927	7.76082	15.941	21.2386	17.884	16.8687	24.5726	26.4967	30.8364	33.8861	36.2897	34.6378	29.0987	22.0035	13.0887	13.1706	15.3897	17.6091	16.8475	11.4311	7.61031	7.74848	7.33379	4.3329	1.52134	7.06736	8.67902	9.42617	8.69129	6.54529	3.9269	1.86736	0.267279	1.42443	2.48592	3.92904	6.39921	9.10687	7.22502	3.55322	2.4151	1.86074	1.10296	0.861546	3.36234	3.33735	7.55031	10.995	10.056	5.47591
3.45884	3.29613	6.02967	7.56253	5.0194	3.86421	3.75743	7.85806	5.12144	4.53302	5.55788	8.09619	5.61872	5.96488	8.1224	5.47825	2.94853	6.61587	10.9588	6.60012	3.94059	8.63596	15.8076	5.1984	6.9845	7.56649	12.1648	7.31652	9.09979	16.9325	11.9714	8.36298	12.7096	25.291	9.51531	15.5515	10.1589	8.65441	8.58698	10.8059	13.9167	9.33507	2.42919	12.9605	21.3837	30.1755	3.76124	18.6303	11.4374	12.7073	30.428	24.253	18.3728	12.3078	5.31768	7.64194	5.212	13.995	20.3377	14.8883	7.29521	24.478	11.702	16.0671	20.6239	12.3071	19.7186	14.1859	22.7173	20.7657	21.0682	19.1037	1.67027	12.7272	13.9895	10.8748	8.00594	4.85334	11.0594	6.29595	18.3674	7.67118	6.35214	14.8803	14.6356	3.99649	15.5	15.2425	9.08598	9.42465	9.6748	9.58612	10.248	9.53083	8.99485	7.5911	3.10299	3.6192	8.76277	11.6195	9.11629	9.17386	19.9959	15.471	7.86194	2.90549	11.4391	11.072	7.18947	12.3095	18.3557	2.20799	16.5444	24.7037	33.6085	27.3204	31.6883	29.1744	19.2447	12.3047	10.8202	8.3096	15.7138	14.4805	20.9247	23.5412	22.6645	19.5759	16.6551	14.936	11.5016	10.8076	38.8719	38.5889	35.7678	15.7199	19.0199	18.286	25.3603	14.1035	4.32835	23.0962	34.1879	21.3397	10.5846	19.7346	14.2211	17.8915	22.7702	22.7755	18.2335	16.281	12.7497	9.56963	10.2844	4.64111	6.68048	6.82369	4.83945	6.60598	9.66057	10.606	5.99939	3.83149	6.05014	8.34188	8.37933	7.67513	6.22884	10.3111	17.374	9.90114	9.45166	3.94513	7.04618	9.60497	9.47069	8.17133	7.65669	2.90619	7.44487	14.5669	9.95165	6.11079	13.9612	9.98747	5.38937	8.75091	8.65553	7.91687	1.55984	13.3775	31.6766	28.9487	20.9812	23.148	33.7616	42.8529	48.6402	55.2296	46.0662	10.7888	45.7181	48.5435	33.9489	18.1162	25.4322	27.5035	28.8657	24.2351	20.1289	18.6918	23.6631	24.527	29.2673	29.6989	26.1971	22.2181	18.7589	15.7548	12.0517	14.3672	16.1048	13.2693	8.98096	4.54779	2.40746	1.01347	1.24242	4.11839	9.19447	12.7523	12.5047	11.4694	10.4057	9.23489	7.33547	4.88705	2.13566	1.02951	0.403232	0.65931	1.01746	6.06029	7.12074	3.71134	2.2092	2.44106	1.54365	1.71015	5.16655	3.66658	4.52706	6.13706	3.08744	1.67023
9.05598	7.7668	6.80476	7.10145	6.39269	6.9308	5.37053	4.40189	3.09993	4.70602	7.98064	9.63932	6.40129	7.33564	11.9448	12.4909	13.238	14.1445	14.2012	4.14055	10.8826	13.656	12.7531	3.26582	7.20573	9.2861	15.047	20.2226	15.1426	5.99585	11.7145	8.68457	14.7128	17.097	7.90379	9.12468	13.6445	15.8954	7.55306	7.07953	13.9526	7.53687	7.12734	17.8159	22.8489	26.2494	8.66456	20.7713	17.923	23.0951	24.3932	9.17851	2.59244	8.55229	11.5227	9.23188	8.1508	9.33955	19.3488	25.9936	11.8946	22.8644	26.9559	20.1067	18.964	9.93657	13.2072	15.5464	19.789	14.8885	10.399	12.6372	20.4317	16.4226	3.01943	10.9262	11.6692	5.07344	9.98944	7.68445	18.7974	7.87721	4.09092	13.7739	18.8535	6.52561	17.827	13.6705	6.15182	7.2042	8.34538	7.71056	7.44711	8.40126	8.73887	7.45721	7.38399	1.54165	4.70419	10.1746	9.55147	8.17776	17.7236	14.5146	9.53907	2.36643	12.923	10.0482	6.95027	4.82034	12.7708	15.1851	14.6785	14.7136	32.5046	30.4506	27.4883	16.8916	11.7152	16.6638	22.3636	23.4387	19.2262	12.9947	7.82049	9.71885	7.89072	6.39987	1.23065	8.27051	20.1429	38.4443	43.9138	18.8533	38.851	18.6651	22.926	21.2922	36.7155	46.5641	46.4925	36.8608	23.0747	16.9957	16.4215	14.0337	16.5242	15.0789	1.77421	7.24103	10.4832	14.831	11.7475	7.4186	11.5818	9.93211	8.46159	10.1091	10.7231	8.88026	7.65223	10.5399	9.01374	8.07243	5.47138	5.05401	8.28311	9.23716	8.97909	2.6629	12.3259	11.3289	9.38821	6.58185	8.72035	10.9771	4.0822	5.57087	8.73744	10.7187	11.0324	12.1883	8.24062	8.14879	13.6352	9.74376	3.92899	6.9521	3.79607	11.0038	12.9986	17.9129	33.0759	36.074	40.4427	47.8048	51.4354	51.5991	46.0964	49.4401	54.8484	48.0266	17.1299	48.6706	37.6485	26.8626	28.0404	26.1459	25.7113	20.8344	18.2519	20.1373	23.5937	26.6062	29.4208	27.5353	20.3238	15.7052	14.7549	13.9842	11.3907	9.27563	6.81448	3.84446	1.66129	0.155291	0.671875	2.43879	5.84197	10.8001	16.0979	16.0623	10.9757	7.46607	5.82771	5.9039	6.43034	7.3701	6.5746	4.71432	1.76547	0.545496	0.795736	3.07252	6.40867	7.40727	8.05362	8.73255	8.21253	6.87446	5.71913	3.42315	4.46769	3.33275	0.590122	1.09024
4.06205	7.18807	8.86287	8.8235	8.11121	7.36824	5.66972	3.01227	1.25296	3.55502	5.99723	4.0035	1.87546	4.33357	10.7397	8.02258	5.25279	1.18739	10.0491	8.47003	8.84839	13.1131	11.1475	4.51923	3.12394	4.48099	7.60942	11.1213	17.7259	11.3215	3.00965	3.33005	16.6289	8.35533	6.66023	3.89262	15.5584	14.4218	4.87216	8.12062	14.006	5.0366	10.5024	17.9824	21.6042	22.9609	17.027	7.96384	19.6862	31.1801	20.6197	6.62813	10.4252	12.7347	8.03356	14.4431	9.4784	2.29687	6.15119	20.4264	26.53	3.72281	20.4377	22.1991	15.2539	13.0697	18.189	17.8333	15.2013	5.88522	4.85277	5.41969	6.47715	21.7537	13.4638	10.9808	11.8141	5.81172	8.37986	6.52751	18.3358	9.62749	2.61743	9.29654	21.1249	13.0911	17.6302	15.4386	2.61602	4.42192	5.67724	6.07468	6.84872	8.15699	7.49375	7.78002	10.6778	5.31735	4.96222	8.40205	12.324	10.9956	15.9383	11.754	7.10433	2.58499	8.17304	9.6788	8.08349	7.88056	3.96834	12.2341	22.6648	19.6162	18.4726	20.0274	20.2224	19.6018	22.309	23.215	18.3376	14.1868	13.661	12.5271	6.07292	2.26054	7.22163	18.1941	32.6071	40.8652	43.7551	42.8339	29.4035	12.2928	41.978	14.8501	30.0096	21.9544	21.2249	33.6318	41.8021	43.5939	34.771	4.80954	22.8688	25.1127	23.7336	18.44	9.94866	7.37772	10.385	12.7181	12.5668	13.7785	15.4427	10.592	6.69279	9.97917	11.7434	12.8446	8.06708	7.5932	10.5226	10.0006	6.45043	8.35712	7.85531	7.22558	8.47196	7.3165	6.05335	11.4096	9.33207	7.65718	7.25524	1.95405	8.65555	10.6473	9.33748	9.59763	7.4517	8.64314	1.85437	11.7468	11.972	8.47535	2.6109	7.9162	13.3358	23.7694	29.3699	33.3504	40.2953	42.9985	46.9106	48.5959	43.6223	29.085	18.7143	34.2648	36.4517	44.42	30.053	32.1855	34.7479	30.5079	24.8573	15.3093	14.788	17.6501	21.3757	23.7267	21.5918	23.8086	26.3738	22.415	15.2982	12.1985	9.31906	5.2947	2.75069	1.58578	0.242531	0.953267	1.95355	3.27305	5.72443	11.1015	17.5044	21.6189	20.3553	12.799	7.86495	7.77079	5.23844	3.93543	2.96893	6.05856	7.64882	7.44529	5.50984	2.26093	0.756171	1.68046	3.34728	5.61624	7.64389	9.37413	10.399	9.8173	7.32424	4.9232	4.05639	1.99011	0.589188	0.36213
7.56067	6.90185	7.36798	5.47295	3.71684	3.2748	2.75752	1.65136	1.91372	4.2594	8.23335	10.2862	8.99647	10.0475	6.575	12.0093	16.8535	18.66	17.8561	16.6903	13.0625	22.4735	13.9374	8.90509	15.3016	19.4411	21.9266	22.1478	17.9119	12.2174	1.70015	1.86553	19.1439	11.8325	14.5506	13.4769	17.5578	14.7192	10.6941	11.1675	10.627	3.45331	8.36256	17.3936	22.7355	27.3181	32.5177	23.144	17.8576	32.0578	20.4748	3.81357	9.26662	3.78267	11.4216	14.2172	6.65494	5.42722	4.59363	14.4859	25.0501	14.5928	8.69752	14.9664	12.3753	11.8264	12.0986	10.1188	3.46214	4.41538	4.72121	9.51275	17.1522	24.4665	13.8408	10.6677	11.8707	2.22955	8.48514	7.9198	15.7805	8.99743	10.0357	14.4502	17.8219	14.6084	15.0717	16.8658	2.50423	4.77667	4.73815	5.26907	5.3213	6.29144	5.92233	6.38926	10.2334	6.09238	4.10716	6.74955	15.8856	17.2181	15.2649	7.10476	2.69968	5.08702	6.44126	10.5856	7.47958	6.47027	11.9096	28.097	31.7006	25.5929	16.6798	17.4327	17.8336	18.826	18.5392	13.6379	10.0148	10.0296	11.5553	9.80553	5.49505	9.57163	19.9238	34.4373	41.661	39.1411	33.1327	21.3665	1.02775	20.8824	40.8553	12.3742	31.4325	25.9896	17.897	12.2502	12.7487	0.889001	22.3927	29.4041	16.2414	5.98753	4.5879	10.5564	15.5643	19.2925	18.4792	13.9339	10.1331	5.73628	10.5123	5.94115	5.43449	10.5205	11.5777	10.0978	4.74589	9.95762	9.754	9.59085	6.13821	8.06352	10.2413	7.8832	4.13044	9.69108	4.68128	7.79996	6.99534	4.13796	3.4333	7.35295	12.9207	9.31416	5.88004	6.76493	8.4917	5.00421	8.27089	13.2653	7.31995	2.98441	9.55301	10.7052	20.7298	31.8348	29.7958	21.04	24.0004	19.2526	23.3043	16.9695	11.0237	27.027	37.6627	36.7403	27.3131	26.4348	28.5031	5.38857	26.584	12.6494	5.63297	3.12944	16.6482	27.2731	26.505	22.8468	18.928	20.1966	20.5098	14.9312	9.1354	5.51281	2.29757	0.726743	0.870661	1.07226	2.943	7.32116	11.7361	13.3998	15.3323	20.965	23.2124	19.6501	11.7747	5.76871	8.97073	9.41788	6.73669	3.46197	2.16787	2.42348	4.40612	5.26924	7.70153	7.79147	3.61781	0.835903	0.889001	0.363401	0.378977	1.14334	2.12359	3.26021	3.89227	2.75538	1.38299	0.698682	0.324146	0.66042
9.43732	6.6668	2.22459	2.27865	4.54005	2.81076	2.92501	2.11639	0.73779	2.78575	3.5041	2.584	8.69826	10.6765	9.43946	17.9605	18.1392	13.4839	9.22743	24.1552	19.211	21.6399	18.5978	10.1293	9.18319	11.8901	15.3969	15.2637	13.6206	13.1608	10.4149	7.01338	16.0937	16.6562	5.60481	15.0807	19.9779	17.1745	12.1008	8.96143	6.85036	3.84437	2.41418	10.3923	17.1078	21.1129	28.0127	32.6811	2.54535	32.6672	28.3674	7.79858	11.9468	1.02752	12.229	7.50853	10.2342	8.8849	7.5741	12.3303	19.4821	21.2223	15.555	9.32872	8.71663	4.50435	2.53092	2.94687	7.21307	6.45886	10.3529	16.0094	16.2365	18.0242	5.39184	14.7246	10.2068	3.38006	6.93061	8.38265	13.9415	7.73629	8.90702	12.3343	13.4658	10.4676	13.0371	16.0137	7.35657	4.87718	4.9809	6.18874	4.96219	3.51878	4.63624	3.39386	10.1882	9.0707	5.81038	13.8513	14.4095	17.1068	13.1387	7.5682	5.85529	8.15097	6.34014	14.4123	7.0951	5.7533	26.0531	30.9048	22.2093	15.8462	9.59461	11.2966	9.14639	5.89837	6.23217	7.15928	8.8375	9.60988	5.64436	2.79575	7.48119	11.1925	19.603	26.5405	26.3624	18.5971	21.3724	31.1021	40.2492	41.5071	36.2513	17.8063	28.1689	38.2562	37.0487	35.7361	32.7216	28.961	16.6942	8.96379	19.377	24.0707	24.3977	20.4615	15.2184	15.8574	19.1873	14.4256	12.8193	12.2811	10.1726	1.86281	6.6667	6.2198	10.8937	11.9164	6.71903	12.8564	11.4111	9.43807	5.84729	6.50029	6.44116	4.16437	3.963	6.85036	9.48756	2.64138	4.42522	5.43921	8.80847	7.96642	12.8385	6.28851	5.52541	7.25576	10.3731	3.69211	11.9596	9.72583	8.75246	18.4198	26.7905	23.947	10.8808	32.468	25.5734	23.5639	23.0588	12.9784	16.7204	15.4306	27.9789	32.498	29.3874	24.6735	13.8114	14.6595	30.9105	13.5319	24.7775	23.7044	15.7765	14.1839	33.6894	35.6591	25.9019	18.2569	16.1907	15.9026	11.2603	5.6951	2.16356	0.443891	1.15151	0.562183	1.07162	3.43158	8.52461	16.4729	21.3124	20.5624	18.6065	21.5429	16.2655	8.18021	4.5231	5.70052	8.8197	12.195	12.2442	6.47632	1.42308	0.991503	3.05425	2.26141	5.04084	9.14309	9.52855	5.91993	1.17983	0.419352	0.335765	0.421618	0.223839	0.12799	1.36693	1.2268	0.277636	0.666446	0.292838	0.569389
6.58175	7.84877	6.68449	1.61835	3.59672	4.49625	4.10382	3.17967	3.60788	4.75527	3.35636	2.40434	4.9355	12.1299	15.4127	7.89391	1.64906	1.67257	4.30349	20.5366	25.6254	5.37858	21.7203	19.0503	12.6314	7.44434	10.3063	15.1202	12.6654	5.91649	3.21967	10.1071	11.1668	26.4399	16.1786	18.2714	22.2293	15.2794	12.1752	8.05796	2.90724	5.53796	3.32581	1.58104	7.97363	18.5176	24.6121	27.8979	16.8677	21.5973	34.783	15.7825	11.023	4.26027	12.8681	5.60814	7.87053	11.7908	15.6562	14.8194	19.135	24.4221	16.937	8.34539	13.0175	12.5431	7.34471	8.73044	9.58384	18.1873	17.1768	13.436	18.5859	11.168	5.19779	14.5597	8.13075	4.03905	8.36081	4.90647	12.43	7.02295	9.51981	12.404	11.4967	8.33142	11.7619	15.6247	9.71208	3.55236	5.56571	9.7018	10.3507	8.72829	6.01067	5.50237	11.5563	6.11546	9.17255	18.6939	11.4417	8.95866	8.80403	10.3904	7.01561	6.66351	14.9355	11.6418	2.51795	19.735	29.3192	22.5698	9.98189	7.45331	3.63036	2.5011	5.87622	5.68554	4.53768	4.54088	4.15389	1.22663	6.54756	13.8727	6.37451	12.7955	29.3133	38.9548	47.6382	48.9652	46.808	47.7142	46.359	41.4833	28.9503	12.7918	13.2638	29.6816	23.1136	11.653	13.0399	6.50514	12.8038	10.8509	4.01231	12.2958	18.9795	21.4639	22.1007	26.1463	24.1029	18.5687	15.1927	9.27823	2.08807	5.55537	8.7357	2.50264	13.0942	8.42901	10.9981	14.8492	13.2984	13.6442	11.009	4.33423	8.6754	6.39565	5.67374	6.03914	10.371	2.55621	7.21931	10.9024	10.7369	9.55537	11.5913	8.22538	7.47822	10.5622	11.1278	7.00975	13.0374	14.8594	22.5671	32.7047	36.805	35.4674	19.6495	27.6219	40.7535	38.6383	28.6035	20.0923	20.2661	18.7206	19.9597	25.2484	22.5413	17.9619	7.35249	12.9701	35.6926	25.4703	26.7873	33.5381	37.4158	43.7507	42.1255	29.9911	17.7005	13.4693	11.6043	8.27724	3.56389	0.800884	0.71074	1.31667	1.32106	1.35134	3.00147	8.73356	16.6947	23.3017	21.9788	18.8376	17.0704	16.4085	8.19494	5.43506	6.64138	8.81406	10.5007	12.0986	15.0966	10.3414	2.13361	1.52024	3.07482	3.1012	3.9224	6.54951	9.97464	10.3899	5.2148	0.461363	0.065836	0.388236	0.285292	0.329185	1.2004	1.45223	0.566338	0.623763	0.545108	1.24007
3.62463	4.19868	5.49092	3.50853	6.37815	6.23131	4.28052	2.98809	3.83489	5.35361	9.68436	12.3074	13.6407	12.3309	5.19869	10.3336	16.2813	16.5377	14.575	10.0928	16.4872	16.6142	10.4605	22.4165	22.5686	19.3981	18.182	15.2065	8.60983	5.16799	2.4486	13.1447	12.2866	20.4854	26.5027	6.13287	22.7706	17.7989	11.4558	8.31147	12.5194	11.1094	7.92387	8.22001	6.17707	19.9475	24.3501	20.4613	20.4766	9.53809	30.7488	30.0287	11.4949	12.2051	13.4713	10.8709	5.71145	13.22	21.6191	21.4234	20.8191	21.7591	19.5417	9.68236	21.1641	13.1711	6.12266	13.9929	9.41906	8.66907	8.10674	15.3783	16.1659	4.61981	15.9482	12.9835	3.17393	4.92479	8.98719	3.3659	10.7985	3.27978	8.52026	8.77291	4.23252	7.3403	1.66203	11.4521	12.8488	5.75073	9.75359	12.0457	9.96019	12.9662	10.7112	11.3403	11.1774	5.44496	12.5436	15.5131	8.20854	2.22093	2.58813	3.31665	10.6791	11.5839	5.91202	4.46777	11.2426	24.9271	23.1428	11.2641	4.52091	9.79455	13.1021	11.0109	7.87744	4.31695	5.47875	4.1845	2.26488	3.51838	19.7649	27.1996	25.3867	15.7063	12.5848	5.15962	6.33432	23.6768	29.8954	24.4056	4.98477	8.21041	13.938	4.14922	9.04	26.5451	30.3421	31.5216	28.4343	25.283	19.9669	15.187	11.3704	14.2333	8.33137	11.1869	17.0816	20.7722	18.943	15.0067	7.79637	3.43354	7.21612	8.11916	8.17642	7.05342	15.5983	4.05228	12.4747	13.7459	8.03604	6.45334	8.72336	12.1859	10.665	7.73002	3.32021	8.12671	9.58907	4.09561	12.2024	12.361	13.0337	11.9919	10.6249	7.43334	7.37906	10.2552	12.6172	13.5967	18.8888	24.3524	27.9119	26.8116	12.5923	27.2678	31.3457	14.3521	22.7048	33.1113	33.6463	31.3821	31.7738	31.8373	24.1049	13.8546	21.0431	19.7418	4.11228	2.71457	30.2439	38.7957	14.6781	38.1584	43.2634	34.5233	18.2967	9.06505	4.88169	2.18794	2.09676	1.19195	0.367801	0.916224	1.53614	2.17425	3.50255	3.80493	5.26334	14.7675	22.5165	23.0105	15.586	12.3982	12.9699	9.81124	4.79008	4.65998	6.148	7.81884	8.43601	9.03259	13.2613	13.5673	7.90823	5.58801	5.72245	5.33725	6.3923	9.02633	12.2508	14.3284	9.18626	2.01607	0.431072	0.274926	0.0981216	0.645648	0.855641	0.432174	1.02267	0.493042	1.12932	1.14942
6.24728	2.07525	4.79986	7.13413	11.6348	12.6504	11.0275	6.08553	1.50442	3.73054	4.74946	2.71617	1.639	1.38242	12.9819	14.7511	11.9234	13.1634	15.7241	13.2009	7.24091	16.1664	16.3286	11.0468	4.78908	5.62221	4.46062	17.1244	15.8311	4.47653	7.32187	15.6296	23.0815	16.3744	13.4392	14.0275	17.9351	24.5109	11.2191	13.6743	12.2618	12.9581	9.35358	8.97648	8.29354	17.2974	21.1406	18.1823	21.001	8.3099	24.9939	33.8495	25.8426	8.99112	1.10216	12.0703	14.4138	22.2067	21.6293	19.6099	14.8892	12.4405	20.6414	8.52852	25.3735	15.3192	3.39915	14.6064	15.2946	12.558	9.3201	15.0898	3.6257	17.2028	15.1913	5.11985	8.94944	11.2839	6.72046	6.71081	7.76436	2.09327	3.94064	8.9051	10.14	12.6423	16.121	2.78686	16.4597	14.244	13.2587	10.1316	7.14819	5.45951	8.26818	13.3797	7.44629	8.49184	6.79747	8.69637	8.78636	5.91425	7.5933	10.9434	6.32558	18.6098	12.6134	9.15336	12.4555	25.0193	17.5611	1.17915	12.1395	16.3166	16.0299	14.4515	14.0706	7.87754	2.81152	4.00777	3.5032	8.15769	31.2493	25.2369	33.7269	18.7792	29.8598	30.7062	35.2981	35.4257	33.9454	34.7958	33.4406	28.1646	9.19969	3.10682	9.79964	29.9337	33.5647	26.239	14.3422	15.4331	20.5662	14.7082	7.94842	6.33879	9.52342	7.09107	11.8445	13.5356	10.6981	7.37501	6.63698	8.35108	11.5832	10.3118	5.67594	10.9767	15.8429	3.38096	10.6063	14.2954	10.0372	6.46181	4.13488	4.86459	7.34553	2.75579	2.8337	7.2514	1.80154	13.4823	15.0761	12.8913	14.5856	8.43919	2.62746	3.91683	10.4983	14.5665	18.9646	23.0915	26.8832	24.7808	10.1175	13.8418	31.4262	37.3189	30.7852	21.9213	18.5294	18.3773	28.2568	30.5015	28.9579	27.9205	25.9886	25.5584	30.3442	25.3102	12.6369	7.95915	16.5482	36.0783	34.8433	20.7763	7.98603	19.8207	22.4087	18.3132	11.1338	2.38507	1.71595	1.35011	1.21671	1.48429	2.43709	6.3009	11.4727	11.9008	7.62669	16.1258	21.7956	15.0586	6.58869	4.28925	5.75122	4.85914	3.63022	3.44846	3.94469	4.1737	7.99352	10.0623	11.5265	13.3577	9.56462	6.89862	6.37707	5.53812	5.54519	9.17872	12.4421	20.6609	14.7563	2.57986	0.372923	0.237289	0.264155	1.01775	0.351673	1.11434	1.89047	0.599154	1.51072	0.180898
2.36749	5.865	6.41388	4.43377	8.08796	4.92206	6.44653	9.20096	1.64811	2.91984	6.87154	10.9583	11.2757	5.72889	12.6325	15.4427	6.66363	7.10797	3.77588	8.08301	4.54082	11.0747	21.9963	26.3898	23.9839	23.6583	28.6255	26.4451	24.9628	22.9133	21.2707	4.7309	12.862	21.8259	22.1219	21.5735	17.8863	27.9477	2.94658	11.5379	9.35275	7.08232	5.02695	7.81655	7.98858	11.018	16.7338	15.6181	24.9796	25.2736	3.40273	27.6012	31.7767	6.51399	13.385	10.4556	21.2043	21.6259	15.1809	11.1004	5.57294	2.28148	23.0866	0.548295	26.3917	18.8351	5.00075	9.67951	14.7608	11.7813	13.4385	16.4704	4.57341	19.5378	8.30561	11.7633	13.943	7.62812	5.0115	9.24063	4.74651	1.9575	4.12864	6.36713	6.90358	9.28717	18.6522	16.772	6.36292	15.404	15.2452	11.6814	2.17342	9.26463	11.3548	8.22303	5.49786	4.02626	4.9911	9.88409	12.1597	1.39313	4.55571	11.2488	10.3013	16.8084	18.2146	13.5995	14.387	25.4073	11.4345	11.5666	15.1105	8.15214	10.7308	13.3296	13.0465	8.80524	4.47761	0.602237	4.13863	16.453	30.0001	16.9906	34.2482	16.4348	29.2607	17.6571	18.3909	32.3935	35.993	35.6527	37.0568	42.145	19.5733	12.5026	6.3246	33.6262	27.3932	26.6574	15.0985	7.44382	5.81071	5.91889	1.43539	7.29724	13.3102	13.6898	11.5414	8.93228	3.76011	5.5885	10.0877	9.52083	8.57726	6.3595	2.9963	10.9009	14.9003	10.257	8.21905	9.87296	9.25519	6.53261	5.23175	7.66983	2.41208	2.67792	7.21314	5.26228	4.54281	14.0048	13.1266	9.53114	9.73606	2.54721	5.15063	7.93642	17.0846	22.8852	24.5732	21.1522	13.3257	11.1791	18.8442	18.4074	15.0876	19.2579	20.7701	19.0125	15.7061	9.83695	8.319	15.9649	17.769	18.5665	21.5624	23.7618	27.1476	19.9461	15.0528	14.3359	20.1702	24.4554	24.2237	29.255	11.0234	7.31334	13.001	14.2934	10.6477	3.69791	2.26772	1.99308	2.31683	3.58939	5.41622	13.6924	21.7382	22.1614	18.2425	8.68172	21.9683	16.1723	7.1968	3.36008	2.61706	3.67537	3.73015	3.43905	3.49763	3.17798	6.27414	9.70355	11.595	13.1319	9.73125	5.39795	3.71244	3.30001	2.69136	9.10587	4.40527	22.1591	20.4653	2.40857	0.790766	0.794711	0.737257	1.29066	1.3959	1.18279	1.67688	1.12333	1.11843	1.71548
11.3473	8.56013	6.21158	2.66531	8.58691	3.6117	7.93406	8.55401	5.13661	5.31524	5.58204	9.48622	10.7977	13.1199	11.0327	9.35358	7.28576	8.69064	8.02551	7.55477	11.6534	7.80769	9.92536	17.7442	18.5931	21.0708	14.7182	4.883	8.55561	16.3757	26.3194	29.8335	24.3386	14.1306	7.35808	10.2592	20.9185	27.4657	8.77876	9.12937	13.3713	6.22025	3.75025	5.52471	7.79576	4.81806	14.7249	22.2269	29.1453	39.703	34.447	13.1587	32.6591	20.6752	20.7053	21.2678	16.2909	13.3121	10.317	9.3263	8.52113	5.16808	20.8182	8.47693	20.4026	22.6645	14.2311	14.2322	19.7789	18.894	17.1165	11.6198	7.32064	15.8368	6.8427	14.7273	13.3446	4.75676	7.25965	9.77072	6.50215	5.33051	6.19079	5.60197	8.3186	9.52717	13.1806	23.945	17.1328	8.61239	6.23389	8.01713	15.3589	13.9402	8.41319	2.37062	1.04927	5.77939	12.1895	9.49497	16.8972	6.45838	7.38374	4.74884	11.2711	3.12976	9.76006	16.6352	20.3707	18.6715	5.26145	16.6777	3.7177	13.2314	16.887	13.4014	8.61381	5.77477	6.2473	6.04525	18.175	34.2704	27.5251	5.49477	26.1856	16.9445	17.2164	30.5609	33.4472	23.0178	3.45428	12.4264	25.9957	45.1215	43.0372	13.396	38.227	42.8584	24.2291	14.7081	23.1557	20.9432	13.94	4.2695	4.6473	14.0524	17.2549	16.1357	11.6447	4.46473	3.3984	7.84847	6.24428	8.96288	13.1459	12.3597	8.92481	6.90783	15.9898	16.0746	12.2188	6.0734	8.132	7.70758	4.83042	8.84497	1.04163	3.03042	10.8924	2.88961	10.3496	12.9175	13.2058	7.89446	5.3052	8.61384	4.72292	14.8539	25.2506	28.4894	16.0562	4.35789	18.1154	19.4525	11.0865	17.6715	24.2183	28.7425	26.2215	15.362	12.2758	11.4274	14.3417	5.97403	11.8032	20.9345	21.4896	17.4156	18.6761	11.3471	12.6052	11.0959	12.1007	14.2824	13.122	26.9344	19.878	23.4294	21.4824	10.674	4.65168	4.88499	6.40357	7.92197	12.0173	15.7851	14.7305	15.3127	23.7403	19.6811	27.7138	12.6235	16.4648	22.2125	12.4564	4.30987	1.93345	1.20592	0.561642	2.049	2.5011	2.28248	3.59163	5.80103	9.44958	11.003	9.89299	7.35663	4.77424	4.39814	2.568	8.36562	3.50703	23.4831	21.3507	1.31621	0.383597	0.392272	0.34324	0.510043	0.699296	0.482928	1.47392	1.62597	0.77027	1.06784
9.90345	7.43888	8.55416	2.1285	8.1008	2.93009	9.15224	5.15584	6.12044	6.87664	8.11845	10.4509	9.52357	13.1418	12.1139	6.41383	9.27082	12.83	8.43057	9.97825	11.1176	8.31842	6.2691	9.76684	8.36806	6.55956	8.51838	12.8003	11.804	7.95469	2.5636	18.0082	25.6224	25.2992	26.8	20.3151	11.561	23.8513	10.784	6.95838	14.5568	11.7579	4.25893	1.54015	6.31399	3.70799	10.2782	13.1038	15.8244	26.2742	37.4641	27.5272	23.0821	31.2194	25.2835	18.593	9.69617	9.06967	5.73332	3.18333	7.99709	8.24202	12.784	12.0183	6.30027	21.5522	19.2827	15.7458	19.6205	18.4175	14.9549	5.84862	11.7552	11.4105	2.96695	14.7906	11.1747	4.59954	7.09446	9.11523	8.83131	8.00435	8.78418	7.11235	6.65415	4.5763	4.62249	16.0785	16.882	14.013	10.2908	15.6047	21.9405	9.61561	7.33917	7.47719	5.37809	11.6364	8.94826	11.1923	17.6642	8.23978	2.55175	5.16068	8.96025	14.6743	10.598	12.3942	12.0636	0.436823	10.4884	4.23044	14.3887	16.575	13.5367	6.35217	4.83096	12.0077	13.0006	9.24961	23.0258	31.0697	5.10876	14.318	18.5087	12.9066	11.6517	5.04443	28.519	39.7026	29.5721	21.827	21.0416	37.4411	45.8375	30.2451	47.4956	34.9065	24.364	18.2122	3.67463	11.7901	9.08145	6.79617	7.93626	16.6995	18.7855	11.7699	5.19062	4.78631	7.98092	9.21625	5.60655	1.36853	7.06269	11.8818	12.4922	5.29504	7.57718	10.9709	10.2371	4.94256	6.04586	7.70473	5.84531	10.0857	3.78579	5.37094	10.0113	7.00468	15.526	13.039	11.6133	1.77092	8.00973	5.87643	14.1481	22.3632	31.1513	23.947	6.62477	21.0551	20.2154	7.3966	13.1156	17.2599	14.8322	28.0746	27.4903	12.157	10.0936	8.54333	12.6203	17.2667	11.5911	0.97771	7.16817	5.37688	12.8257	6.9147	8.4452	5.36446	6.4509	12.4828	16.7818	30.27	25.4422	8.88603	5.82704	2.59703	0.563662	3.25177	7.44043	14.5835	22.62	23.6271	19.8025	9.97106	22.6125	14.8193	22.5784	26.1278	2.34098	21.586	20.4354	10.4055	5.67851	4.08104	2.80695	1.27136	0.460934	3.30007	4.911	6.36111	11.7327	9.21399	3.06834	6.90338	6.66473	6.31068	3.56063	6.60036	3.70418	23.7357	17.6011	0.292508	0.223581	0.207995	0.15347	0.079047	0.138659	0.111791	0.792253	1.35217	2.01633	1.81635
6.52948	7.42857	10.0177	2.54271	7.21646	2.231	8.09695	3.30692	6.76082	7.17025	9.24745	12.1202	7.7799	6.0237	6.74754	7.25037	8.888	13.4678	8.29598	13.0329	16.6768	14.203	12.4379	10.4256	10.3993	12.5997	21.1117	22.0351	17.2885	12.3481	7.69704	2.30988	8.73495	11.5177	14.6254	18.0077	14.3558	8.75822	15.9189	20.1688	23.8219	24.5393	9.677	8.25663	9.44785	11.1132	8.08407	10.8314	11.9189	8.70857	22.86	38.26	12.5542	27.7073	25.2457	16.1219	10.8046	8.08624	6.32693	5.36266	0.973327	9.34722	3.15928	11.4358	14.0905	2.63303	14.3004	10.5092	15.5431	16.033	9.06769	7.76269	14.3443	8.43659	9.46436	16.3643	10.2572	6.3855	9.32386	10.7694	11.1685	9.04838	8.23867	3.9938	2.77445	2.22713	4.87717	12.4465	17.2826	16.1095	3.2165	21.1656	19.1209	7.86699	8.77078	10.1818	9.012	11.1196	2.82604	11.4254	14.8436	10.3041	5.65195	6.62318	6.48531	9.83488	17.1777	23.1458	5.25334	8.12141	14.2705	20.8348	18.6285	10.897	4.09731	9.28964	24.366	29.0822	26.4882	14.3381	14.6409	29.6656	37.8094	36.795	25.8498	14.9217	6.44302	12.4937	20.5818	8.8498	37.2005	42.571	27.9668	32.7284	41.7643	24.8932	39.7816	15.7114	10.2252	21.7158	22.803	19.666	10.113	6.78788	9.5311	17.874	17.0105	6.64818	3.76996	9.11638	10.7448	10.2194	9.48321	14.1034	15.8091	13.0112	8.27944	8.67776	3.00628	5.37817	8.83807	8.28386	4.61016	7.02528	5.40858	8.68068	7.49831	8.09647	4.45536	11.5396	14.8013	10.3217	7.81218	9.82004	3.42433	12.4484	23.0464	28.3436	28.2223	9.13616	18.4774	20.4501	10.2795	12.5443	16.3328	14.5823	23.0865	27.0507	22.222	12.0815	13.5636	13.5753	16.1335	24.8298	30.84	26.5989	12.1016	11.1267	11.8054	8.8335	11.1161	15.0089	19.9719	23.5724	23.0012	26.5834	21.8064	1.64993	3.95792	2.33957	1.94136	4.82112	12.6613	24.8523	28.0722	22.145	19.4028	13.5428	14.7334	17.265	5.52051	23.3546	20.3739	6.66594	22.8814	18.0574	7.05059	3.30362	3.04704	2.39768	11.5384	18.0354	20.0512	20.1176	20.2293	14.4091	9.048	2.27266	6.63181	7.08821	4.69501	4.49226	9.53564	23.1045	12.6739	0.535139	0.373283	0.374574	0.416476	0.202096	0.0903778	0.109597	0.29408	0.0790364	1.341	1.55335
4.35105	8.4954	9.7152	5.03795	7.94728	3.35341	7.68095	2.21289	9.75188	6.9381	6.77446	10.1204	4.79165	3.71961	3.58487	7.87693	7.39726	13.9944	11.8854	11.0121	17.4024	18.7973	19.3059	17.191	7.59084	12.8091	7.17653	4.1224	11.496	19.0392	6.487	3.946	16.5379	27.4932	27.2258	14.0886	8.47796	14.2906	21.1807	25.1476	21.4507	29.7784	9.96448	12.4854	8.49491	12.582	10.8881	14.9444	13.6367	15.9701	20.8001	31.922	23.8391	10.8273	20.7556	17.9577	12.084	7.12015	14.6336	4.28694	7.55083	11.458	11.3035	14.8314	16.1511	17.4893	5.87506	10.5649	11.8997	14.1821	6.77611	10.2527	18.4574	6.61806	15.9426	15.8534	8.78247	7.17279	10.6809	11.22	12.8496	10.4063	8.36606	3.52421	2.64011	2.59216	8.59777	13.4051	21.0297	17.1807	9.39941	23.4689	14.5014	7.61147	5.92847	6.42789	6.68632	8.82278	6.28638	11.9222	17.0585	14.052	9.14487	11.9589	11.6614	10.4046	15.9061	25.3976	20.1359	9.79281	17.3272	15.4999	8.55073	3.9342	7.31561	22.6199	31.8717	21.7394	29.522	14.9707	8.51089	2.993	11.4815	15.8101	11.5229	5.30404	10.0914	21.0731	19.2329	26.9779	14.0373	48.3149	40.0354	23.1521	41.0294	21.1176	38.7492	11.7376	3.66079	4.30589	8.26203	15.4409	16.3454	12.1614	15.9929	19.7514	13.1403	3.70948	4.26876	10.2137	11.4076	8.30874	5.06966	6.91711	11.6869	10.1063	4.13413	6.62229	8.74246	4.17426	9.55239	7.96751	0.747976	6.82756	5.67506	7.44304	7.17847	8.9396	1.18509	14.8615	13.1678	5.91227	6.78291	6.65927	12.057	21.87	30.8315	31.1957	17.0321	4.75203	16.9751	13.337	11.914	1.53065	21.2116	26.1172	16.0349	11.4323	21.7445	25.1058	24.9883	23.8362	21.4667	18.1451	17.6439	16.8415	27.0542	21.6221	16.1537	12.7889	12.2744	14.3335	14.3896	12.7831	9.93531	19.6577	20.6183	3.39467	3.86916	3.79112	2.78393	6.11807	17.436	27.4301	19.2116	13.5691	16.3986	14.0587	7.75426	7.28032	10.0906	7.54549	24.5252	12.6062	15.9833	23.4608	14.9964	8.08542	6.86537	10.4097	20.9324	22.1496	20.9805	18.8433	14.8355	8.99868	14.9672	7.57217	6.86258	6.78523	5.80974	3.06489	15.215	19.7177	8.84568	1.86543	0.392048	0.24207	0.558716	0.26662	0.216963	0.387716	0.702642	0.748016	0.215851	0.701629
2.47536	7.94918	8.53935	6.32124	7.71528	3.01954	9.21762	1.20734	11.141	6.25706	5.30778	7.12176	3.40512	1.34517	3.27355	8.55159	8.58871	11.7938	15.4963	9.53989	8.81594	11.1081	10.0122	12.5373	5.60127	10.9145	18.2648	20.9931	7.38547	18.3112	9.49491	7.37841	22.0221	30.6036	22.2118	28.045	20.6319	23.147	9.23297	11.2292	19.9268	30.7623	5.21242	7.61754	7.5778	10.4479	9.69378	6.73988	11.6922	19.2467	20.7921	20.3684	23.5776	17.5031	8.94461	15.9036	7.09585	8.17364	17.1237	2.80331	8.41863	17.3434	16.61	8.45273	8.30391	19.8276	10.8275	6.76902	7.50861	11.0523	8.6136	13.6377	25.7231	8.96406	21.5513	16.8699	6.76726	6.99877	12.4909	10.8483	10.2457	11.1784	9.23644	2.41804	2.80331	6.1867	15.2896	18.5875	21.0038	12.1818	18.6352	24.8603	11.0324	4.12535	0.548218	2.54465	2.96523	5.969	5.41318	7.90202	15.3617	14.341	8.28574	10.9533	7.44319	4.89521	12.5313	15.1756	18.7562	23.3636	10.6114	1.65982	8.9974	9.65109	13.162	29.9999	20.2161	18.3823	25.93	11.0123	1.6283	5.71228	15.4376	12.3655	9.07426	1.71103	9.11812	27.5117	8.8381	30.731	23.0434	43.8373	47.3119	3.02516	35.5975	18.035	30.346	18.4342	17.1046	13.343	11.0055	10.2025	12.329	16.6634	16.2309	19.3064	9.4522	4.08349	9.0626	10.0617	6.37611	8.21167	11.1229	10.3048	7.47911	2.55094	4.22943	2.15223	12.0176	2.40898	11.8205	11.0422	3.95664	7.40687	7.28772	9.09744	8.95481	11.6428	2.91004	18.5066	12.1481	1.67128	5.3758	7.82255	19.8346	27.2064	33.2964	23.174	4.92121	9.52436	8.35445	14.1931	19.1812	20.4138	16.3507	14.002	10.0804	14.9185	21.4707	20.4692	15.65	11.2866	12.1529	22.3827	27.2875	28.3858	30.6157	16.9412	6.98149	8.23307	5.48531	2.09212	4.67413	12.1802	15.3331	22.8664	23.5347	5.79591	3.68251	4.56096	3.24537	6.19061	16.5263	28.1686	16.9983	5.52226	11.4137	10.2811	7.77592	5.33506	7.92889	2.33382	22.9143	20.4292	5.50495	21.7803	22.2931	19.8853	16.5222	14.8092	21.9919	14.7251	9.32159	7.51213	3.68951	8.41122	19.2982	9.18949	6.89445	4.09612	2.90864	9.21524	17.7452	13.2714	7.66264	4.74002	2.25845	0.73459	0.884283	0.375062	0.277168	0.598039	0.915221	0.353322	0.752964	0.159523
2.93347	8.33976	6.46565	5.34382	7.83075	4.85145	9.42941	6.56179	12.279	8.98708	4.44314	2.124	0.846135	4.29528	6.04988	7.90547	9.08971	8.09859	13.25	14.1692	1.35464	6.43041	5.17926	8.30831	12.0505	14.0118	13.2605	16.4852	17.4979	20.6569	18.4331	20.2687	25.9533	24.7493	9.21261	14.6511	2.2786	17.1452	31.3671	31.4375	11.9995	27.9894	15.287	13.6722	2.82812	13.2925	14.9419	10.8382	18.0007	20.9058	18.1085	17.0447	18.7183	20.5642	7.50916	14.5993	11.1532	6.89595	13.1724	11.0807	7.40065	19.7912	15.6166	8.79239	10.6689	13.6894	16.6114	5.59949	3.67601	8.33691	11.9599	17.424	28.7227	6.25108	24.2624	21.5064	6.0674	10.1132	13.2846	9.11577	9.27555	12.2075	8.99964	0.527594	2.8117	5.07571	14.625	13.7858	15.3429	6.82928	26.3869	22.9493	5.78894	2.24218	1.81789	2.10794	3.02045	5.83856	3.17661	4.04487	13.2803	13.0164	2.68332	4.97583	3.50261	9.55222	20.9673	23.0747	22.3136	21.0919	11.0711	2.71879	11.6253	8.92163	19.0429	27.2612	5.27666	20.0223	15.4691	23.8851	13.7623	13.3606	13.819	5.46763	5.6208	11.4856	15.2729	28.2817	31.9561	28.2044	25.6921	36.5578	48.6252	18.1532	21.1192	22.5727	14.5879	16.2435	3.3261	9.4791	15.4766	15.7515	13.9037	14.9937	12.9812	14.1993	4.64071	8.93685	10.2297	8.3894	4.0903	0.334393	8.67191	10.6034	9.86977	8.48282	1.68697	3.33729	11.4114	1.88244	16.0279	13.0391	4.14406	7.4531	6.34319	6.76856	7.60159	13.5885	3.65723	18.3011	10.8264	12.1822	3.91712	16.5923	25.6796	32.0181	28.2068	7.27929	8.53758	4.47214	11.7781	8.28605	15.5748	24.9757	17.4679	3.293	17.2947	11.8809	13.2674	20.336	20.8701	22.7583	27.4153	25.3657	18.2994	16.5995	21.1009	13.9932	5.59088	5.07512	6.89655	14.9442	16.0072	12.6369	12.4544	24.2836	24.6863	7.31636	3.59682	4.34782	3.25034	6.07052	13.0537	25.1041	21.9806	2.42322	9.17823	10.3563	9.09622	8.78493	9.41501	5.05838	21.1975	20.7257	4.6932	9.49627	17.0455	20.733	23.2179	22.5055	20.0738	8.73859	2.58759	3.49391	10.0344	20.8435	19.4973	6.03408	7.63869	4.05315	6.29233	17.0938	15.3549	4.84918	9.5978	13.0282	10.0356	4.87424	2.01856	0.541052	0.0692793	0.57	1.118	1.04827	0.807871	0.215769
4.39445	10.289	4.84601	6.21717	9.7793	6.40585	9.48837	11.0191	12.04	8.26955	5.40239	7.13241	8.49824	11.0337	12.3155	10.1395	6.57336	7.28312	9.12849	16.3733	7.22064	9.0668	11.3047	14.6062	18.0479	20.6443	24.6712	24.9131	21.4343	24.5512	31.3519	35.566	26.5567	1.37892	21.1256	22.8707	25.4003	33.2023	32.1357	32.7021	31.7723	16.7622	33.6233	9.38589	15.3411	13.8873	18.2964	21.0833	22.2718	21.5012	13.804	7.06909	10.3725	20.282	9.85999	12.0539	17.1637	3.31897	8.04626	12.336	8.30154	17.5337	9.87469	10.5976	10.8847	10.6044	16.9638	12.1721	11.4906	5.45591	18.2146	17.9869	30.3114	5.53547	25.564	27.2325	6.21627	11.4682	11.4552	10.0729	11.8485	11.6217	6.66689	2.09141	1.95062	2.54557	13.8514	10.5381	17.4288	12.3302	22.7182	14.1628	8.49255	6.4147	6.96244	5.09317	4.00152	6.65819	2.84722	6.08698	14.5523	12.866	3.6452	5.84024	9.72241	7.91811	17.047	20.506	15.4757	14.7198	10.3583	5.7572	10.4237	10.6746	22.2568	17.3742	4.68182	14.7575	30.6995	35.2127	37.6583	15.2987	13.6795	7.97552	8.24633	5.62196	6.98872	8.01168	21.8372	21.359	5.5722	33.272	41.6537	27.6201	6.08338	27.3022	3.94701	17.8316	8.77395	12.6139	14.8262	16.4674	15.5282	7.65192	8.83394	4.78199	6.63743	9.83013	8.06782	9.19728	4.09438	6.49022	1.68247	9.64624	13.8392	15.5495	12.1972	4.79556	9.33349	3.65007	18.6055	9.40261	6.94021	11.141	8.46068	7.39945	10.3552	13.854	8.09707	12.2119	10.5481	10.5415	13.615	23.8522	31.1762	28.7577	11.3347	11.3663	7.25694	9.81514	6.1193	16.6748	18.7093	12.1431	20.3139	12.7355	18.2164	28.1549	30.6522	31.0387	28.7199	26.8682	22.0367	12.5251	10.2887	13.3602	22.4389	20.8603	9.7785	8.04447	15.3321	11.6753	3.00219	9.24574	14.8239	25.2806	23.7003	6.82318	3.43066	3.75838	3.1146	6.6612	12.0728	20.0211	23.2131	9.54423	6.018	7.02559	6.0766	8.94982	10.3489	7.77742	18.4064	16.9518	16.3043	8.73174	1.93576	8.14584	12.4891	12.8366	6.5931	3.51457	5.78227	2.87228	19.0746	25.8678	11.5922	6.25516	8.44016	8.64711	13.6622	13.7684	5.39357	10.8934	12.1433	12.359	13.2553	10.2211	4.05825	0.480355	0.2478	0.263752	0.641193	0.842604	0.674743	0.374919
5.95693	7.31362	3.99085	9.2576	11.7575	5.93385	7.42695	7.903	6.31763	3.35702	8.06295	7.0163	15.3136	14.2229	13.3757	14.8634	1.50175	7.14193	9.34134	18.6275	8.22489	6.58218	0.717292	0.374853	7.27052	11.7871	14.6804	18.4362	19.0079	7.0335	3.96641	7.11455	22.2619	33.2601	30.2034	25.053	22.6155	14.4688	7.55769	16.9708	33.6282	2.44352	35.2446	30.7141	19.0594	13.8872	10.3571	16.6049	20.5339	17.015	6.07842	7.85066	7.13198	21.1009	19.6104	5.8394	16.4495	9.55884	6.34642	4.66322	15.292	11.2692	6.14426	7.3697	9.51256	8.92056	12.7049	14.1785	10.552	9.3391	19.815	17.4754	32.6277	8.7073	25.0373	31.9591	7.11416	12.149	11.9222	12.0739	10.8147	8.77491	7.07739	1.6943	4.35103	4.15363	12.4754	7.67146	14.4124	12.1	14.6803	12.584	8.64031	7.79751	9.56784	1.86398	1.64331	5.85899	2.04933	7.51107	14.4307	10.4058	15.8027	16.5427	13.6983	10.4787	21.0361	23.5423	13.0407	11.6843	6.91725	7.30484	10.8838	16.2629	20.0075	14.4392	22.7717	26.0466	12.7963	33.6524	44.6441	16.1604	9.33496	15.5924	17.2695	13.5575	18.5954	26.9099	34.1386	38.1902	46.9044	44.615	29.3791	21.4994	8.79126	16.751	17.6297	12.0609	17.5075	14.5901	9.49164	13.7065	16.1647	10.6832	1.28294	5.01155	10.3688	10.4843	5.87622	8.22665	7.48869	6.69149	8.32588	1.08027	5.1418	10.3814	13.2533	8.9294	8.41865	7.49809	15.9463	4.43037	9.0459	10.7116	6.37412	4.42805	10.8066	11.4284	11.8415	8.3072	4.32787	18.3367	24.2076	23.4384	26.7709	18.6788	14.1104	7.68269	13.5192	6.56585	21.9415	27.1895	17.3718	10.0546	15.5523	27.1832	21.9913	25.6576	22.6351	22.4377	21.4714	18.9263	15.4241	13.9544	11.9699	6.92857	15.3573	22.7738	18.284	3.07641	17.8839	23.0631	20.8612	20.6563	19.5839	24.1032	20.5455	5.5067	2.54705	3.53443	3.90211	7.9728	12.5368	18.3013	22.8286	11.3113	4.52995	5.9453	2.90262	6.7906	4.47668	12.2215	13.2712	9.92276	13.6656	12.6713	5.59794	6.89323	11.1048	10.91	8.65516	7.93658	6.04499	5.12585	22.8052	26.2427	1.62612	7.82815	13.3274	16.1401	12.8489	5.08154	6.33034	7.72891	4.53727	5.52263	11.008	12.6754	4.60285	0.340659	0.2938	0.207758	0.263702	0.111666	0.297851	0.530095
7.11485	13.2198	11.476	12.2455	9.53721	5.64473	5.70343	5.58946	7.75597	7.45731	3.93019	14.7351	15.4934	11.1452	9.12163	17.1056	3.09292	6.97654	14.1953	17.0988	8.27586	22.9244	25.2239	21.002	15.1932	20.1955	29.1385	31.8671	33.3677	32.4068	32.0627	35.3734	37.2683	30.8735	20.5321	16.1721	5.91366	9.51404	21.7135	21.8263	18.6545	18.2954	24.4638	35.6822	28.712	11.6086	15.3294	15.8811	14.6401	12.9925	8.39363	12.0479	5.75844	17.2835	29.2826	24.067	2.6978	21.6338	8.42352	9.78909	10.4045	11.1473	7.09879	1.81614	9.70372	6.07537	5.8312	20.483	12.6875	11.4514	17.1028	17.4176	35.0905	19.4974	21.5308	34.1102	8.44082	15.7621	14.7483	8.15641	6.2377	9.46728	12.4377	7.73135	6.08406	6.66482	8.22118	4.58274	11.6542	11.1266	12.9697	7.44872	6.33468	8.9303	6.967	5.46885	3.92656	6.48052	3.92672	6.70933	10.6223	20.0704	24.8121	24.1088	22.8024	15.1394	28.724	24.5348	10.8706	10.4418	5.83222	8.54879	16.7591	26.0933	26.346	22.7607	18.4014	9.37931	23.0517	42.2559	38.7794	6.83255	29.4025	27.5311	23.684	18.4494	17.6902	30.6123	39.5626	47.8228	46.1981	34.686	26.2464	12.9283	3.64838	5.65666	18.5727	23.1186	25.1097	16.3718	11.2923	10.4367	8.9707	11.3512	5.29216	8.69379	12.0516	7.91241	9.63272	9.54534	10.4706	5.61499	11.4232	8.78015	8.99451	10.7396	10.6466	11.4997	7.2053	9.42003	12.4555	3.13239	6.91792	11.7952	8.438	3.64875	11.3829	11.1831	10.426	12.0812	18.0281	33.1846	30.5424	16.8759	13.7033	18.8853	13.5037	13.6102	9.96153	11.9871	26.7223	25.6667	20.0674	24.5451	27.5841	27.5735	15.4991	7.98938	10.6721	16.7733	14.8535	9.33604	12.9159	18.4244	19.8046	17.6036	15.0646	17.0912	16.4695	11.0277	0.871634	14.8558	22.2058	23.5535	21.2238	17.4608	13.324	6.60423	0.648387	3.57463	5.23368	8.22644	10.7895	19.3229	23.9923	10.4056	4.06642	6.37653	5.39491	3.58851	4.60544	12.3257	11.4963	9.35112	13.4322	10.4126	3.59995	10.0285	10.9325	10.5917	4.16143	2.5437	7.01833	2.12956	24.8046	23.9496	6.33468	17.2201	18.8265	14.6922	7.78896	4.26217	6.64064	6.18436	1.55483	6.99161	15.3846	12.9605	2.58489	0.440075	0.329154	0.403725	0.56121	0.457182	0.0692372	0.526371
5.72699	6.9531	9.94874	11.9259	4.15812	10.3616	7.05282	4.92353	5.23285	8.84336	8.02691	4.20907	4.398	5.14456	6.58338	16.6593	5.38978	8.40011	19.4056	11.4966	17.3754	21.5297	10.6734	9.89972	5.35279	14.4512	15.7884	10.9591	19.8755	26.1294	27.1993	24.8226	18.4088	4.81555	5.88143	9.81084	19.1436	26.5465	26.4888	20.6017	11.9492	16.7599	20.3366	4.51949	19.1234	14.2177	14.9422	13.4477	10.1132	7.48119	6.48654	16.0353	14.6338	1.06376	7.83607	21.601	22.7833	15.3263	16.4049	10.7929	10.1709	13.2713	15.3557	9.06686	15.9892	9.5999	21.1402	25.0179	32.5917	27.5264	20.7397	9.24695	26.6164	29.4234	15.714	33.6505	8.52973	17.8875	12.6486	5.24306	6.78209	12.9552	17.6605	7.33892	7.34444	9.26368	3.08372	8.36281	18.5252	11.3306	11.0483	7.19873	8.4068	10.674	7.97	5.72532	5.45931	7.35099	6.28892	7.09683	8.4699	5.0327	5.57827	9.13512	30.9696	34.8366	28.701	16.9447	7.55822	7.64842	5.17463	11.7301	28.9693	35.5148	21.0299	14.4657	39.5411	48.1031	41.9168	35.5049	21.6445	28.1845	28.2394	10.9403	16.5091	15.5401	19.4743	33.2871	25.8135	18.0549	12.7132	1.10679	10.0042	16.8781	17.6597	16.5593	16.9579	19.236	19.5397	17.8803	18.4023	17.6134	13.9644	10.5351	6.23924	9.90664	13.6482	4.17291	1.41165	3.89107	9.40988	8.18761	4.37935	9.59427	7.24186	8.19881	8.99566	12.8265	8.32617	11.3134	14.4312	7.307	4.93417	11.7707	10.7685	8.50873	13.0656	5.35892	16.5594	25.9466	32.1244	28.5515	12.4683	9.58278	14.2683	15.0236	13.0205	11.8273	15.2006	21.4106	27.1758	25.4159	18.8048	19.558	19.0173	16.3993	10.2118	7.72407	11.1832	8.84433	8.77788	14.022	17.9316	14.8691	9.60746	15.1666	17.3053	12.3822	9.94235	8.39768	8.08001	6.56687	4.09316	2.58362	6.81568	9.23699	8.87096	6.56978	1.70695	3.09661	5.08314	7.66666	10.0324	20.3748	26.101	14.6584	5.92895	0.352968	2.21093	1.36143	4.22286	10.4089	14.3185	13.9449	9.29615	6.02883	10.7	13.8547	6.70699	8.42047	6.30571	1.42913	4.92232	1.75128	26.2537	21.0253	10.6986	15.0557	10.1886	7.29402	4.32681	3.34899	4.81124	8.43074	5.65109	11.5396	19.8713	8.61507	0.613297	0.421063	0.255296	0.768951	0.6011	0.657048	0.159366	0.33983
2.12849	1.89238	5.46056	5.82947	7.7709	13.0453	6.18737	2.16661	5.70421	8.46919	5.39524	7.12447	9.7692	8.06089	5.94679	16.7797	9.24585	9.84808	18.5978	3.60935	22.2684	8.09445	7.16261	6.15816	9.83815	13.7295	13.5546	5.9988	8.66808	12.3821	9.29604	0.980883	3.68288	8.34958	9.52661	8.44593	23.2338	25.4563	15.5085	6.07148	7.30574	4.1017	23.1754	11.2512	12.2122	11.3158	9.31681	4.00746	11.2507	22.1876	13.4523	17.4078	19.2583	31.6466	33.54	20.6686	16.6828	12.2972	19.9131	24.8243	17.401	18.0455	26.0446	9.07016	18.1703	12.6095	22.9047	17.8813	29.463	36.2224	36.5629	33.2252	12.6856	25.0109	11.2855	31.6145	6.8949	17.0354	11.8385	13.2418	19.0779	20.204	15.0123	4.24214	13.4273	11.2159	7.90013	16.1578	19.414	11.1721	15.3033	23.0775	24.1636	18.765	9.67831	12.9854	12.1136	8.30252	1.51379	0.941319	5.8453	13.3933	15.7739	23.5939	39.0829	31.6145	16.2899	8.76956	4.06134	4.66949	3.85632	22.5365	41.585	33.9704	19.1303	44.7686	40.8928	35.0718	32.4065	16.8577	11.1093	35.1144	15.68	8.43411	14.251	17.2784	39.1421	37.1243	19.8492	15.5196	8.55715	8.58894	8.24892	8.25447	17.8198	21.377	21.4502	18.228	12.084	14.8093	16.1048	19.7819	22.1417	19.6804	10.2637	13.4999	11.1478	9.5736	18.9134	23.2924	25.115	24.4651	13.5045	9.10309	10.605	9.16149	8.90193	9.92401	9.8938	10.1056	19.0513	12.9321	4.25955	13.2986	12.1475	11.3093	10.627	10.0141	32.2588	33.0991	21.1741	8.3446	10.9547	10.8655	15.1465	10.4168	4.84115	18.2131	25.0221	26.502	26.2874	23.9967	17.0642	14.6401	11.9487	6.75061	5.00338	9.56778	5.60154	9.00081	14.4677	12.7727	21.4196	19.1147	8.232	4.65621	6.95738	10.4548	11.3171	8.26172	4.80869	7.66702	11.2307	12.3135	11.7754	13.2052	9.63919	5.57299	1.20677	4.36519	3.46258	3.12211	8.65643	19.9692	26.0182	23.3734	20.9213	16.1098	11.8817	5.7627	2.29891	7.57315	14.9217	17.5921	14.0197	15.455	17.7819	11.2225	3.65943	7.41541	4.41848	8.34599	9.38404	1.5499	25.4469	17.5766	13.0365	11.623	7.86711	7.25624	7.17079	4.35853	3.20981	9.37419	8.60577	14.1971	21.5517	5.30226	0.522053	0.47346	0.216661	0.728479	0.263542	0.819435	0.0619071	0.26264
5.33974	7.10446	9.2458	11.6395	2.47319	13.3058	11.6418	3.13497	6.61971	8.44241	8.60802	10.5128	9.37406	11.7117	6.13775	16.2618	14.4858	13.4261	14.7441	8.58171	18.7916	4.73227	8.78985	11.692	10.9666	9.30857	10.9888	4.59849	5.48558	9.66648	13.3557	13.3936	14.9096	8.66254	7.79274	4.23238	21.0902	24.5714	7.56511	10.2264	4.41686	5.85962	18.8812	17.8679	12.6292	12.8191	9.03132	15.0734	20.1257	10.891	22.3062	18.2039	29.5493	26.6807	15.5382	29.2916	11.7187	24.0101	13.117	12.7039	14.1714	21.055	32.3537	14.5555	14.6154	3.17518	21.5759	10.8796	7.9789	13.3579	14.3419	22.5507	26.7549	9.21224	8.64118	28.7429	5.94621	19.0551	19.1204	20.0795	14.8345	8.68316	2.52845	10.4198	15.4962	10.4723	5.16027	10.4973	15.197	16.0357	15.2011	16.9071	13.4766	28.9836	16.0333	10.5386	6.59041	12.6877	12.8217	12.0001	15.0053	10.2978	5.71982	24.6482	34.3573	17.672	6.06603	3.82874	5.1417	8.40244	8.07257	33.2616	42.2379	10.431	43.5843	43.406	2.55115	11.2829	11.1408	9.34261	24.482	28.8023	11.8226	11.2767	16.2936	38.6323	44.861	34.902	30.7397	28.1101	20.2058	14.1598	7.68645	15.3587	15.1023	15.8233	18.6137	16.8151	8.21341	15.1764	17.4527	18.4816	15.7603	13.0321	12.344	14.3239	6.81884	19.4956	25.7137	29.6523	32.3652	35.7055	31.7617	11.069	10.2401	13.0078	4.49108	6.45287	15.2955	7.24486	22.9177	17.6646	4.24146	10.6705	12.5489	14.1663	15.504	18.6842	34.1148	11.4496	17.4919	22.3887	17.6264	18.3862	12.4702	21.3582	23.8274	22.0275	20.8228	19.4403	18.3342	17.8162	12.0079	9.17761	6.22713	4.05045	5.20036	13.2721	18.0822	19.2279	4.95523	22.3822	25.4052	20.4258	11.8877	6.88346	6.15587	6.76788	6.84428	6.47407	2.91789	2.62011	4.88067	7.39309	16.3945	15.212	9.69222	3.88739	6.0315	11.1169	8.60605	4.76381	0.776996	12.8258	18.1758	18.0682	20.163	20.7717	21.4537	18.0841	7.45525	2.30055	9.78789	14.4189	16.7268	14.5706	6.04084	9.88689	10.1432	0.823698	7.13675	6.10708	11.8809	1.70638	21.2939	18.2223	20.9853	17.1263	12.2212	5.32803	4.83631	6.94688	2.57436	7.08872	9.10035	15.1919	19.6551	4.06609	0.686733	0.469818	0.1276	0.845479	0.782868	0.484373	0.180446	0.180446
8.54148	9.10096	10.4643	11.8582	13.0975	5.00168	12.5047	4.11254	4.56908	9.83439	12.1054	4.95995	3.73905	8.90522	15.6788	4.06082	7.76304	1.40765	8.31979	13.992	14.8702	9.53674	8.25232	5.43809	4.35817	5.36919	6.64467	3.5521	8.40657	9.35431	10.3866	9.01884	9.79376	15.4525	15.5131	16.2316	20.4602	20.8009	3.2526	5.00064	18.675	22.4395	21.7731	21.6956	13.2056	14.8809	17.2158	22.0209	24.8351	26.6772	16.3323	9.87117	16.2571	15.0432	16.5589	13.6587	13.3824	17.7941	10.8568	20.687	24.2028	15.135	25.8026	25.3239	8.54632	12.2019	20.3472	20.5805	11.3986	12.6233	8.68552	7.74506	27.0765	5.50529	10.3532	22.4232	7.7787	24.3712	20.8375	9.97533	9.08486	10.0893	3.65569	12.4791	17.3905	9.49873	6.9917	9.53974	14.4079	9.84533	11.6431	28.7028	6.89358	31.9673	21.7217	13.9076	21.6982	22.195	14.5889	9.59141	12.9721	9.03714	15.3202	30.8576	28.0877	8.77066	3.41598	5.7335	9.36596	9.53146	7.55078	34.6138	34.6062	19.8503	45.3873	30.7333	16.2501	14.492	12.0035	15.0417	34.7054	27.1845	19.73	21.2775	19.7258	33.517	23.7713	12.2669	17.2659	25.3506	27.933	30.643	31.9535	23.4433	11.4309	12.0339	11.1841	16.6259	19.5023	14.2488	21.8542	13.2405	6.86009	15.8455	12.1786	10.7669	20.536	29.4956	34.7273	37.3884	32.4896	37.5827	33.5749	21.4096	11.832	5.76456	9.9764	8.50826	13.7659	7.46271	17.4253	21.2869	7.58309	5.61021	17.6655	24.3103	27.767	11.9095	26.1188	32.9574	28.8417	19.0407	23.0635	12.7548	21.0065	25.608	22.8767	18.6853	15.2691	14.0157	15.1783	14.4974	9.8123	9.07181	8.594	10.8539	6.46981	5.09172	15.5268	9.60308	21.0342	24.3614	20.7643	14.6009	6.99417	5.63114	7.96718	8.34192	9.63452	6.66801	6.86368	5.50018	5.38966	17.9269	16.9775	10.7589	6.41083	0.643427	13.8018	14.2709	12.4742	9.59247	7.75794	4.74425	9.63944	11.5678	11.3838	7.64928	11.2293	15.9892	14.5426	12.178	9.47511	2.20124	3.91005	7.41112	12.1149	10.2565	5.29653	8.5627	5.68373	8.53387	10.6319	3.99941	10.7049	15.1414	15.5568	10.987	8.40583	6.84649	1.5568	5.0215	5.87502	2.47559	8.76019	13.5802	10.1827	10.4172	6.17693	1.6829	0.764127	0.18565	0.276746	0.0218785	0.219874	0.393807
8.86884	5.88182	3.49616	6.9254	11.93	1.8837	10.192	7.845	1.03722	6.20587	17.7089	5.26492	13.0939	16.3636	19.7053	22.2172	14.1122	18.8665	22.4194	19.3313	14.0804	11.8855	7.99569	9.43564	7.65843	8.08893	5.94623	3.10624	5.85361	7.0546	10.466	10.1517	10.4309	14.8005	19.3726	21.1862	21.2859	19.5974	12.0784	11.9813	22.0671	17.6387	16.5893	16.5187	10.4857	16.5891	8.98038	12.3992	18.8513	12.7401	19.9249	28.1576	29.6832	24.3869	16.416	8.17423	2.4783	10.1758	25.6892	33.5761	35.3033	29.4938	0.850775	30.9958	13.3569	25.624	23.7618	32.8334	16.3382	9.43634	4.33681	2.595	21.6722	17.8219	11.4859	13.8341	0.695127	22.2995	15.12	9.65421	10.1371	11.0239	0.331012	14.0586	18.2958	9.22292	12.3451	12.7921	13.8396	10.9585	11.9731	21.8234	14.2237	27.5701	19.3687	11.5652	16.0974	13.8206	15.5857	11.1491	5.48126	10.7737	27.1841	30.9466	16.4022	3.71511	3.07985	6.5141	8.10086	11.1979	1.8837	32.1901	24.2543	19.9663	39.6727	16.1402	20.2168	9.73647	17.1229	30.6307	37.9076	27.1678	23.022	32.8906	29.86	22.9194	14.6395	14.4777	17.9295	28.7959	33.0605	35.4471	32.7374	29.2101	16.1209	9.68691	15.0729	8.27288	18.2781	15.902	14.8962	11.303	9.87963	10.7946	17.0428	25.7073	31.0463	34.8055	33.1304	17.5405	29.59	42.8819	29.869	17.1772	14.7414	11.7273	6.01545	3.18304	10.1118	17.3005	6.23683	16.879	15.5675	16.3163	21.5593	29.2838	32.1485	28.2124	19.8635	29.3291	21.2828	24.4875	19.1727	18.2027	20.3536	20.4371	19.7484	16.6959	12.9862	10.0053	9.15526	6.69295	6.17584	11.3342	10.1181	15.2862	10.1281	11.0289	11.9517	27.8462	29.4518	18.5136	14.4749	11.6304	6.24743	6.98826	8.13094	10.0923	10.9899	6.77012	9.7709	7.8508	13.6275	19.0736	12.7363	5.67212	1.97089	3.13776	15.7149	9.73051	7.93019	4.56729	4.86441	4.68668	1.95229	9.50474	12.845	18.3428	14.1853	3.03117	16.5911	19.4931	19.0953	17.3798	15.4609	12.0053	8.3055	5.42271	14.4191	13.686	6.41578	8.60995	7.72514	8.57457	4.16381	1.55406	2.22145	1.82141	2.5948	6.96985	5.4189	2.1113	4.92861	1.99453	3.19503	4.81247	15.5401	19.4174	15.0259	4.26451	1.19392	0.755508	0.424727	0.140068	0.339572	0.683688
2.49637	6.08714	6.08757	8.8077	8.40285	4.93673	8.68144	15.1948	12.3656	5.65212	21.114	3.43798	15.8903	9.5968	1.74906	13.5312	12.9192	15.5512	7.53479	8.13231	12.2901	11.7529	10.7945	10.6747	10.2334	5.53434	1.64267	7.44137	6.7817	6.30096	16.8315	16.2557	12.9118	8.95096	11.1732	15.2075	14.8856	5.94843	5.37972	6.76928	18.6502	15.1916	9.5301	9.37083	6.33332	11.3664	17.8087	28.0714	26.5058	22.1445	21.622	9.63855	8.88337	9.32444	4.63038	7.04273	11.4453	29.2701	32.0918	26.7389	15.8911	27.0176	23.139	25.6502	30.6777	36.2911	28.3019	36.5396	25.0515	7.67017	4.59874	5.17341	12.28	26.4014	17.6271	17.8499	14.7247	23.4858	18.6052	10.5072	13.466	10.5218	1.22532	12.5526	18.8298	13.7333	3.37808	11.3619	8.05612	2.5773	7.66959	23.9097	11.0308	29.9975	14.0353	6.71501	12.2968	7.13782	14.8587	13.4783	5.93985	23.2193	32.3698	17.9066	6.55337	1.55377	4.67997	4.36602	3.15479	15.8539	3.27627	29.785	19.3756	18.7418	35.2233	5.30614	23.4725	8.06732	6.99763	23.2347	27.824	23.3684	19.1049	24.8962	29.0622	29.286	21.5986	21.4859	30.078	35.4233	25.4613	22.1678	12.8864	15.3641	19.0822	12.286	14.402	9.4219	1.31273	6.76255	4.42236	12.2382	6.6192	11.0852	24.453	30.1791	30.0857	24.959	8.12448	18.4362	41.6322	40.9738	17.7069	9.18265	11.975	15.0451	17.1251	17.8737	15.4084	15.1709	10.0632	15.6094	26.3741	24.752	22.2536	13.5794	25.1728	34.8822	29.6299	9.51783	27.7275	25.407	23.2221	19.3089	14.8027	15.4297	13.1021	9.84267	6.46536	1.48462	6.73219	6.18754	8.80135	13.2199	5.15402	11.3537	14.9715	7.73701	28.3277	34.0843	26.6513	15.8549	9.12253	10.5175	9.02055	7.53743	9.07837	8.30004	7.5295	5.39242	10.018	14.0051	17.5908	14.9036	6.97031	1.06504	6.75502	7.79793	8.65571	11.3094	13.1738	8.02782	4.2457	2.59782	2.33914	8.38747	21.4884	20.0557	12.1155	17.3671	14.3307	13.2731	12.4302	13.1222	8.71539	0.853145	5.78061	14.5679	15.5552	11.8066	11.1377	7.03886	3.10711	4.08856	6.39923	6.01924	4.50727	3.74105	1.43334	7.75068	6.62099	2.86795	4.9118	6.04451	9.78625	14.8978	12.4832	16.7358	17.0035	5.01284	0.526668	0.597327	0.590875	0.201624	0.455062	0.600491
6.88524	6.64412	5.50175	8.07373	4.88214	6.4404	5.53078	8.71066	14.7761	8.91251	18.779	8.5654	19.5613	10.3216	5.46938	8.82842	14.9414	11.4285	6.13373	7.3221	9.24047	4.77802	4.88946	2.25119	5.41178	5.88424	11.696	15.2829	13.5785	11.7711	16.7681	17.2849	5.77924	6.2355	13.0215	12.9866	4.7045	9.15335	7.1326	12.8143	16.6751	18.6714	10.3681	6.34448	19.8106	28.0604	30.8674	15.6374	11.8504	4.5839	8.1169	2.55255	9.26178	10.5549	6.7476	2.08282	19.9229	31.3592	19.2932	6.54427	5.16732	25.4864	30.0781	10.5975	17.3592	4.23687	13.8365	13.9155	31.4251	15.8466	8.15425	9.21939	6.62771	25.7237	26.3581	5.57186	9.11979	20.3653	22.9472	14.8322	11.4381	9.19329	4.7812	8.76178	15.9238	17.0903	16.6511	14.7352	12.2333	10.751	13.5783	25.0846	10.7417	33.1894	7.71632	0.637463	13.3744	19.1749	11.8284	17.4178	24.4098	33.1913	27.1444	6.96595	10.9397	15.7841	18.3357	12.7575	0.606321	14.7616	8.41378	28.1292	36.0724	30.084	27.4636	9.92012	25.4787	15.0975	0.946473	26.0213	29.2887	24.5717	19.6586	6.54922	13.4002	27.7581	34.8378	37.0191	35.9275	26.7432	3.46151	22.9624	20.5333	15.6778	10.3414	3.28657	8.62371	4.0643	8.93623	13.1167	10.1266	7.66366	16.3589	20.7336	27.8472	28.3201	21.9129	6.23551	15.6761	28.2424	38.8375	28.7204	9.20852	12.7543	11.9924	11.2813	8.90627	2.71125	3.90804	17.7565	8.57913	21.8573	29.7168	23.2393	6.71915	18.3557	32.4655	33.8694	31.7489	7.26383	24.0012	22.5826	16.6679	5.72485	8.65985	13.5336	7.74728	8.18545	8.22715	3.68283	14.1041	13.8472	9.48214	7.39997	5.54379	8.07905	14.7713	19.6104	26.3539	19.3635	14.4048	9.9817	6.33881	12.1776	13.3106	7.94641	8.72708	9.9452	6.13705	1.9717	1.01281	4.9836	8.83876	7.39433	1.92863	7.72049	14.4585	13.6007	7.42463	2.30336	3.08042	0.424538	2.99977	2.11004	2.02602	6.12262	20.7012	25.1891	26.0816	19.4296	7.27465	5.72385	5.44794	7.54112	10.2185	6.32628	7.6673	14.4716	5.10752	11.9704	12.2309	7.31015	4.30087	3.13561	4.22722	4.01579	3.12751	3.78775	1.51848	6.93878	5.11246	3.1818	0.503375	2.04629	4.4475	11.533	5.17058	23.8952	15.9484	3.52919	0.146677	0.394197	0.892135	0.528835	0.454976	0.488911
7.43705	1.74318	0.649954	4.953	5.7138	8.4912	8.61958	11.21	4.50565	8.21648	7.17902	16.0852	18.9235	10.2058	11.5212	14.0708	10.7666	5.35267	3.0184	5.81031	2.96663	5.06488	11.2277	15.7129	16.1574	17.339	19.7838	18.2132	15.2893	16.1554	15.4829	14.7152	7.98078	11.5422	12.876	5.9298	11.8718	14.4959	7.60391	11.8784	19.8487	28.2003	11.193	22.7032	26.6344	24.6771	18.1887	3.18263	11.2236	4.52907	5.32719	2.42799	8.2801	9.3599	7.68773	22.7523	29.1942	23.3877	1.65471	11.7311	11.9639	19.3625	27.8219	13.0199	14.6591	31.8304	33.5506	25.7035	14.3741	24.2236	12.2674	4.3924	2.566	20.3402	29.2869	14.1654	8.43491	21.2532	30.5307	12.4303	8.51597	8.79991	2.61112	8.28847	7.79099	10.1875	13.6923	14.8965	5.43582	3.01889	21.0496	22.596	15.151	27.0178	13.4762	12.6775	11.7691	27.8132	11.7347	19.5174	30.4713	25.6551	15.0275	3.73409	24.0433	31.9749	28.3164	28.3612	14.6344	16.8873	17.5218	14.7867	21.3351	23.1143	15.2829	14.3313	29.8076	12.7359	11.3194	25.8408	33.1215	22.0476	24.0375	11.8137	24.1562	34.3579	29.3404	25.6566	11.7069	14.2728	27.8671	31.1726	24.5054	18.163	11.4581	9.98881	8.69549	12.6833	13.9092	12.4846	4.58245	14.732	26.1045	30.4874	31.2482	21.1788	13.0898	16.1887	23.2918	29.8457	30.7363	14.6872	7.0739	10.4329	10.5679	8.80093	10.3604	7.78175	10.3033	16.7471	3.313	25.4707	27.2388	15.2952	19.0825	27.8968	30.685	31.1694	26.696	3.12578	18.4233	18.2232	17.9758	4.08332	6.79471	12.9014	9.86495	15.9534	20.0996	24.7198	21.6842	5.84229	9.74232	16.4317	17.1847	6.63489	18.5936	24.2569	17.2312	12.7935	9.84744	5.50847	7.86576	14.7591	13.5696	8.53078	8.61433	6.3523	6.06153	18.0384	26.0717	25.447	17.4526	6.76154	8.18696	14.8605	17.2756	11.4	12.7027	9.74312	8.46013	7.45612	6.00451	2.89172	2.85725	3.78289	7.81146	14.5803	15.5846	9.08838	4.41478	5.24104	2.36634	6.25106	13.3178	10.5495	11.2951	10.2065	3.73042	11.2476	10.0397	7.00948	4.70859	2.90801	4.49503	4.38424	3.19951	3.56417	1.67429	5.19566	3.41018	5.41785	5.45077	3.3679	7.41888	9.77733	13.0628	25.3502	10.9076	0.265954	1.35535	1.23691	1.39645	0.699879	0.657651	0.722723
10.3356	10.2299	8.98498	7.55946	6.54008	5.58107	14.6271	15.9772	12.9008	6.87763	6.12508	15.9615	13.9989	6.61668	2.44278	2.08694	7.75821	9.85996	7.10084	7.2675	5.85521	13.0023	14.5115	16.3663	18.2901	17.5206	17.7828	15.5204	14.1345	14.1089	15.9349	15.2449	11.8091	7.54099	2.01768	10.6127	12.3669	5.70938	6.60401	6.15282	14.4794	31.9766	9.00206	26.4539	17.6341	5.90241	3.9542	3.76683	7.82031	6.24882	4.71032	1.98299	9.16735	6.81818	17.443	28.8821	20.5148	2.33105	13.0904	16.4635	15.9823	14.8705	20.3187	13.878	25.8994	29.4427	14.7236	29.2343	20.0642	14.302	25.6077	14.5264	7.3688	17.6312	21.6263	5.41288	7.83391	21.0048	31.4431	9.6898	9.34122	6.37705	13.5723	7.78323	5.82226	11.0492	12.3401	12.9956	7.51278	7.85108	21.2641	27.0731	5.58511	19.1668	24.0634	23.0074	23.4318	27.0758	15.5958	20.8839	26.199	15.9324	9.84047	16.534	37.2656	35.5431	19.984	29.0797	24.7058	24.0759	11.599	8.85538	12.5392	5.81394	4.52862	18.5922	34.0336	15.9782	25.4663	16.677	37.1585	25.1828	29.0002	24.3268	24.1459	20.301	10.2154	16.4368	23.5762	30.2271	31.5681	26.1827	18.0755	12.3658	10.8607	9.01295	11.8044	14.6692	12.6955	6.58314	16.8389	25.4796	31.7316	29.3045	16.1185	9.72479	23.0068	24.7842	29.9783	28.682	20.2846	10.0691	5.07505	2.39181	5.35373	5.05696	11.7461	14.8105	14.3765	11.2162	2.3555	24.1102	23.7519	22.0683	23.7697	20.9862	22.8443	25.0766	20.588	10.1582	19.9875	11.8464	16.098	8.68345	3.27713	16.4007	21.4941	20.4761	23.2443	12.8972	4.94759	16.0767	13.526	11.9486	16.6917	22.2003	12.0888	8.65147	7.79641	6.89056	10.4244	4.90371	5.00809	7.16149	9.54881	9.39357	9.45068	10.2246	15.7013	25.1047	27.107	30.9547	25.0114	13.6649	21.0152	20.0407	11.3768	8.41968	9.03842	7.36354	9.48336	10.6337	8.96257	4.66467	4.14732	5.38658	7.42346	9.01789	7.98364	4.5307	0.306783	5.07053	5.08451	10.8982	15.6616	13.9076	11.626	3.32134	7.54427	9.89342	8.34052	5.90109	4.24315	3.4035	5.09607	4.20542	3.17143	2.93352	3.81995	8.10883	7.07826	5.76768	5.33888	8.20366	9.07472	3.02655	16.5927	23.6759	9.66042	0.753626	2.21812	1.70079	2.52802	2.1501	1.54554	1.52985
9.90621	10.72	6.61354	6.98323	11.7985	16.5887	18.5712	14.8957	19.2787	16.438	11.6023	12.2981	8.84134	7.137	7.91588	10.5354	11.3393	6.68077	5.98343	6.12015	7.53571	14.8387	12.6972	11.8621	14.3528	16.3276	13.6638	9.95337	11.8217	12.379	9.79407	3.43281	4.52481	9.64573	12.9151	6.7213	1.63914	5.94433	8.83539	7.24538	12.8042	30.9211	5.23334	27.6688	12.3924	1.54764	5.8059	7.55667	4.38551	1.99983	4.19758	4.54775	11.2433	3.99275	24.527	25.9198	2.41022	12.9378	13.1626	9.43079	8.24154	8.567	18.2043	1.46642	29.2931	17.8717	8.80524	12.6216	25.6055	16.7579	20.2626	30.7881	28.0284	26.3614	19.7573	13.9638	16.9188	23.7516	33.4723	23.8442	16.8156	18.4198	15.0053	14.5133	6.94614	1.60251	10.6251	13.1223	11.7285	13.3986	15.8992	22.4428	22.0573	12.2831	19.643	16.9549	17.7472	24.6715	23.5215	23.0967	18.954	10.0452	9.12575	30.7603	41.3856	27.2757	17.935	28.9679	27.3532	31.17	9.39178	22.6673	17.6274	13.7936	6.68062	20.8976	37.3918	10.5288	23.0114	7.25503	36.4191	32.1541	27.8174	24.1533	7.2729	22.1298	32.0379	29.4364	24.6156	26.3188	25.7137	21.4974	16.3598	15.0692	17.0934	13.1688	12.9335	8.66253	6.90142	14.9681	29.3021	32.5905	30.6566	12.9788	16.2656	28.8005	31.0111	31.6018	32.0121	25.6109	17.7263	12.9537	8.82537	7.36013	5.76974	3.12574	12.7898	17.3059	14.4208	2.25584	3.29629	16.9572	29.4179	20.4859	14.0814	7.66118	14.9935	24.3283	26.2766	7.06186	26.1409	18.7021	22.0187	21.4042	15.3745	21.3166	27.2764	11.458	15.9205	9.08475	8.56742	16.1072	7.10899	10.4064	15.1618	16.9205	16.6983	17.1515	11.9338	5.41756	7.92124	10.9239	4.59599	0.691043	5.06645	8.23616	10.671	11.5265	8.36097	17.7129	14.3253	29.3773	24.7375	24.0708	24.9274	20.3143	10.7333	8.88176	5.93104	3.82326	8.30789	7.35861	9.73481	2.09067	5.37959	5.83233	9.17563	11.1145	11.7798	8.12712	2.24756	5.77802	12.2434	15.3915	16.1445	13.5533	7.73142	4.32331	9.38007	7.71905	6.71287	5.39096	5.70073	5.8856	6.55417	4.90606	3.48976	0.970327	4.4866	10.307	9.15385	12.9103	11.2603	8.06421	3.84186	6.64977	19.5986	20.8486	6.81981	0.965888	2.28374	0.904639	1.42438	1.60679	0.467167	0.386608
4.044	5.54147	7.93763	8.97336	11.9521	13.5873	9.45648	8.60318	15.3411	17.8018	11.9095	9.56008	1.0509	8.40016	11.186	8.08124	5.82542	6.17349	8.46514	1.6752	10.0284	16.0573	12.5394	11.6141	16.109	16.9277	16.1727	13.6904	11.8662	7.37322	2.13303	6.17452	4.65569	3.61067	1.81704	6.67989	6.19986	5.71446	7.32173	6.3935	12.9497	28.2106	3.86542	25.2217	15.1337	12.5274	11.3454	11.4904	11.1299	8.25483	4.26703	5.54148	12.1629	4.26108	26.857	19.3399	4.84545	13.673	7.95383	6.90677	9.27081	11.214	20.7479	9.81722	30.3181	5.28843	8.57338	5.73323	18.3527	27.6467	22.1235	10.1687	27.9241	25.3218	13.8803	1.97699	12.2965	8.12862	21.5373	33.7003	31.1571	32.7253	27.2857	24.6928	8.64179	4.83919	6.07554	8.8062	7.03416	6.91819	9.03286	12.4752	29.1771	27.3292	3.52295	11.3414	20.6587	25.1292	18.771	10.4486	6.03237	2.29305	12.3435	31.0824	41.4336	26.1447	21.2356	16.1327	24.4808	37.7914	12.6553	28.4109	17.0985	27.2668	19.0728	20.1434	29.8216	18.6882	3.94564	21.0532	14.3087	36.7584	37.5715	28.2902	22.9064	29.148	24.2724	18.9046	14.1042	21.0235	14.103	6.6527	2.31562	4.17074	11.6194	14.0645	9.51674	4.16407	16.454	27.3649	36.4383	34.6209	18.0257	11.9525	23.2772	26.0734	29.331	26.1061	21.1551	17.6189	11.9053	10.3545	6.95856	5.45391	3.68193	0.99299	10.7875	18.4739	15.4387	15.9808	16.2519	17.2634	25.5003	21.6661	13.1101	7.88102	6.11022	20.3185	32.0054	22.2118	9.28203	18.5445	27.0474	30.3752	24.5717	25.0355	23.1184	10.0816	21.4846	11.8054	13.6957	19.8107	18.7148	24.6277	21.115	14.4907	11.952	15.5516	19.1218	14.8896	9.23172	7.80728	5.76971	6.38569	4.42293	0.176152	4.18037	7.01119	12.9014	23.5393	32.9029	28.2039	5.39861	29.7406	21.1236	18.8623	18.7854	12.826	6.77258	6.16836	0.911561	9.3607	10.185	0.876351	4.51702	4.03678	8.72473	2.81931	11.465	9.584	2.40673	5.25297	14.4254	15.1388	12.4546	9.63045	1.90927	8.95196	10.4544	5.1583	4.37434	3.87861	4.32227	7.20117	7.98374	5.47738	1.98166	1.72241	4.21636	11.3255	8.16206	6.52232	7.3341	4.76333	2.02354	8.1913	19.2327	16.2736	2.81791	0.498219	1.91529	2.39974	2.01327	1.66022	0.371441	0.341999
8.40483	0.244231	4.47516	3.45728	1.82242	5.63155	4.97595	3.98031	4.46537	8.9509	7.02539	1.76152	7.98279	11.1432	10.4789	5.22669	3.75709	10.9423	6.39787	10.3339	15.1005	14.4777	11.1133	10.0405	10.6335	7.27949	7.0529	12.2101	7.81255	7.57195	8.76934	1.6704	8.5613	14.916	17.6398	13.1255	7.5201	7.84138	10.1325	10.833	14.7971	21.9134	1.74948	15.6784	17.6384	18.8265	15.5073	14.0763	14.0594	14.3089	9.95676	3.40776	12.911	12.2975	25.8306	11.3462	6.90168	10.0701	5.10389	5.85816	9.2753	10.8666	15.9638	19.1021	25.0331	2.29257	5.94103	2.55516	9.46405	14.4294	27.342	21.9509	4.39252	5.88629	13.1216	23.5343	32.5459	33.3462	19.2274	17.716	27.9158	24.798	31.5492	30.2276	7.13407	3.19675	7.75281	6.48064	5.01004	7.1285	7.99817	7.6138	26.7586	23.7349	13.7791	11.5928	21.7426	16.5243	4.1467	2.50162	7.96658	14.4953	10.0892	16.7026	42.2713	44.6212	38.6121	26.0673	13.7497	31.8964	18.931	30.0144	22.9336	37.0268	40.7884	36.754	32.6923	30.1165	34.9934	31.9392	26.7315	15.9722	35.3285	36.407	32.7015	27.319	18.6166	16.5563	21.6474	21.5777	5.6441	14.1649	19.9467	19.4212	11.0874	7.57991	11.5261	21.4051	30.8634	36.4627	36.9019	23.4502	6.53512	20.7145	20.6335	25.6981	24.6171	16.932	14.4121	13.9873	8.97225	8.02427	10.4151	12.7542	10.7925	6.90049	8.30843	11.0455	13.5324	13.859	20.9884	26.9264	0.57672	20.5331	22.0247	17.2367	8.91734	12.9376	16.0465	23.5659	16.3332	15.3038	19.2163	29.7767	28.9988	26.2065	18.084	12.9527	22.9193	21.4352	14.1091	16.4967	25.0869	26.2465	23.2155	19.6497	16.7307	17.2392	18.5351	10.4982	5.58031	5.44834	3.71351	14.1317	13.8523	8.09031	10.5205	5.72137	7.99748	6.02835	16.4118	15.9785	20.4453	27.1069	6.32082	12.268	18.9568	12.231	2.12443	2.31653	4.91207	6.96878	6.24755	1.83155	2.6178	4.6887	10.1011	6.99119	9.50636	8.51609	4.21145	2.69942	10.9952	17.6052	19.6988	17.2218	13.6754	15.7515	14.5306	8.87394	3.95075	5.14669	8.7305	9.62704	4.90615	3.83205	3.18886	4.85106	8.72144	12.2675	7.58716	0.902216	2.71851	4.28723	6.21026	9.66439	18.6379	13.554	1.52469	0.0308927	0.758257	1.45203	0.910392	0.556938	1.06853	0.830344
9.82927	7.79694	6.62968	8.3891	7.44862	8.37202	8.17506	6.57623	6.81606	5.96793	8.32541	8.15029	6.57688	7.80387	7.22954	3.85819	4.97301	11.6612	14.117	19.8419	17.1534	11.5861	8.36783	7.50787	4.78382	6.87888	12.831	8.13855	9.58008	12.806	3.79798	5.64002	11.532	12.9336	11.867	11.2399	7.62794	9.981	12.0415	13.0212	12.6645	11.8772	5.20866	5.80165	6.67704	12.1745	12.2662	8.33217	7.16164	12.243	18.5925	14.78	20.5965	11.3531	21.4121	6.64592	7.44951	9.26461	9.20678	10.9084	10.9595	10.2907	2.51699	19.9488	12.8676	5.43764	6.10098	4.54075	9.22962	14.0905	27.7821	21.9452	7.77895	17.7959	24.7117	26.7724	21.4594	24.2192	33.8079	16.0191	7.20326	9.77275	34.4905	32.292	2.56487	4.52685	10.333	10.7342	8.0497	3.76572	4.75445	13.7533	23.8812	11.8018	12.9741	25.4747	20.836	1.28113	10.2095	16.5486	23.6342	24.1091	19.7773	13.029	14.6504	33.5116	34.7311	33.4968	30.805	21.6535	17.1627	30.1807	38.0107	29.4081	32.8639	27.5265	32.6384	32.9727	27.2195	16.6034	25.4168	14.084	13.8816	33.6108	32.68	23.312	20.6603	19.4256	20.9518	11.7559	11.3852	18.6809	17.0024	11.831	16.6033	18.8815	22.3658	29.4648	36.5097	34.6809	18.8605	9.38481	18.8745	18.9118	22.5721	26.9254	18.1854	8.22995	7.21749	7.5563	7.7673	8.58434	10.1363	10.8673	14.717	11.8326	7.31761	3.81418	2.05457	2.08544	14.7561	24.7106	22.4757	6.41735	14.144	21.6821	23.9782	20.52	15.6109	20.1241	21.9607	15.7839	2.87873	7.10801	18.6289	20.3435	17.5737	13.8344	15.0207	20.5802	16.441	14.4649	22.4497	19.1064	20.2203	17.9136	9.30722	7.94967	12.0271	12.8472	9.28064	8.60084	7.65812	10.9758	5.80329	18.4692	1.25157	14.5105	19.7339	18.9349	13.4646	19.3165	31.085	18.1018	6.12906	17.4392	18.4849	10.0072	2.23736	1.38129	8.51359	11.7123	9.2772	3.88949	3.42335	3.13306	4.6763	5.73658	4.00128	7.23143	3.8045	0.986644	4.20628	9.76256	16.9964	20.6884	18.0388	14.2886	10.8144	7.61508	6.80066	8.00821	10.6484	3.82194	4.37876	6.73543	5.30378	6.37053	10.5187	9.91662	4.53653	3.16984	2.6185	4.17437	6.62939	11.5062	18.928	11.7693	1.45137	0.224859	0.339751	0.448116	1.13995	1.31981	0.837037	1.30874
6.31007	9.02651	11.3992	10.0049	5.4718	4.66588	7.27619	6.9057	4.77579	2.87677	5.27825	7.96385	7.40946	8.6203	4.67719	6.83752	13.7938	17.1357	21.3518	24.0418	20.6653	14.3016	10.4436	10.8056	10.3771	11.3635	16.1389	9.38354	12.181	14.4611	11.487	11.3762	10.9526	10.2491	1.50556	5.71712	7.06973	11.0342	11.8485	13.3425	9.09954	0.930968	5.72264	2.9185	9.29894	6.34928	9.2929	7.00802	6.98828	15.943	27.0646	14.5019	16.9819	1.85542	17.5895	7.99811	9.61502	11.8048	11.2015	8.61463	7.97191	7.39129	9.8633	17.5577	4.83786	5.73771	7.09698	3.14254	5.51862	10.9707	28.9704	31.0207	17.1212	16.9528	19.349	16.4479	7.22029	8.51158	25.9903	33.6714	11.8905	27.8195	32.6163	21.1698	8.15168	4.48418	14.5256	11.4315	12.5645	7.78698	14.3357	24.5456	18.5526	4.27561	14.2667	28.9823	20.2455	6.67111	16.181	21.1946	25.8356	20.7497	19.9519	22.7846	16.5364	4.03468	9.59162	17.8745	13.8157	11.6066	12.1332	37.9648	44.1367	15.2131	22.1469	5.7025	23.4547	15.6808	10.9328	9.71252	17.3044	16.2626	17.3335	1.91354	11.5356	16.1626	14.2363	5.76398	6.54622	13.8461	13.8656	15.1916	16.0763	6.05857	5.21124	18.7475	26.6642	34.7958	36.0531	16.4924	14.367	21.8447	20.097	24.1666	27.6909	22.1391	9.1254	10.7671	15.2915	22.7711	27.1287	23.511	3.4142	17.6549	21.0683	8.65625	4.19166	5.44655	9.39582	5.35002	8.91337	20.0918	25.6466	28.6623	18.3719	14.1939	26.4762	27.1207	28.9853	24.8913	6.24969	14.7541	20.0161	17.0148	16.4638	7.07188	4.77372	12.508	14.7128	22.7757	25.3371	24.2092	22.6841	16.8246	15.0783	15.8983	12.7532	9.30207	12.9517	19.5597	4.99179	16.0114	6.69642	13.7331	19.1494	5.43864	20.1779	18.2396	14.9674	19.4195	12.9644	26.1283	30.2501	14.8714	12.2413	18.8554	15.0295	9.06781	6.60288	10.6759	11.5401	14.0166	12.2969	5.12546	6.90847	8.76768	7.94792	4.03267	3.65547	6.50849	2.09102	3.2312	3.41165	1.54077	4.19983	8.79266	8.391	4.74843	4.24621	2.5338	5.6556	7.28532	8.64891	2.59077	5.19635	4.39921	7.25893	10.9053	10.829	6.27884	2.95838	4.58992	3.53751	6.09612	5.92671	13.1519	20.7475	10.6977	1.18343	0.556706	0.201318	0.42901	1.20873	1.5338	1.3538	1.61383
5.89724	8.68566	10.4038	7.3105	3.4632	1.86467	4.71908	6.17274	3.31674	0.791376	1.7734	4.57011	7.19094	12.4595	9.61734	14.9228	16.3214	12.9229	12.6576	16.1713	15.6092	16.537	14.0327	14.0518	14.0228	11.2963	10.5662	7.75879	9.13252	12.765	11.893	11.1264	9.83509	6.97628	3.51394	7.03753	13.1702	15.107	12.8392	8.71345	2.56257	6.93761	4.6715	4.91043	6.1163	13.3904	14.002	13.7828	17.4495	25.884	26.226	5.76724	17.7521	4.65241	13.2625	8.6405	8.59289	10.2062	8.66227	4.24964	5.96146	4.88038	11.9357	14.4481	5.3447	4.66093	7.29737	3.90495	6.71046	15.1488	23.4588	32.74	19.7518	11.2015	15.2817	13.5882	3.76608	2.88851	10.1024	36.0994	12.0969	31.5269	20.808	10.1003	9.13535	1.99181	15.9739	10.4571	11.2929	16.5552	22.9436	25.4959	17.4848	15.4896	24.7462	27.4825	13.1779	8.14149	18.2314	19.6792	17.1215	10.6843	15.9234	24.6403	19.0865	23.8426	31.2373	38.1906	41.9064	39.7662	34.7207	47.4543	40.4235	9.5894	26.8585	8.96194	25.3794	15.0363	8.89775	2.51149	16.1699	16.4793	23.3588	27.4559	20.8046	21.192	15.0186	5.36162	9.11991	7.02141	6.02117	9.97116	13.5613	10.5992	12.3601	27.5198	35.5423	34.5911	18.9697	13.3609	27.1828	22.0102	24.7591	27.2523	24.103	13.5148	5.39059	15.8239	23.9873	25.8318	23.858	30.1559	18.3023	12.9317	12.4536	13.98	6.74818	5.74804	4.03659	13.827	8.12724	14.7231	15.2633	15.6687	23.8007	30.7327	15.4643	17.9867	16.2627	10.4791	21.8206	25.5144	23.4457	22.0858	24.306	21.172	18.7812	19.1338	11.2686	9.89587	20.8959	22.6292	20.068	15.1096	14.7134	18.375	20.169	19.8376	22.1765	20.0816	9.69873	23.131	6.58721	10.7298	25.7322	34.6685	27.2036	12.3356	5.71045	19.6008	11.1991	28.6823	23.7816	2.83695	13.4413	14.6066	14.2447	16.1597	9.65257	6.11146	2.01029	11.0619	10.8609	4.10111	10.1119	12.6132	11.6257	6.54854	5.09588	2.38273	4.90215	5.21138	5.28184	7.35644	7.74374	7.37564	6.41708	3.48945	4.10219	1.95411	2.22811	4.41672	7.75939	2.26012	6.58639	3.37036	3.85072	4.56963	4.66506	5.45015	3.8382	3.53242	2.62281	5.76593	3.34955	14.3718	22.4585	9.67214	0.712768	0.808044	0.478823	0.227933	0.620948	1.15882	0.842697	1.23558
3.37154	5.80239	0.829707	8.35803	5.03021	4.85727	2.79252	4.31267	2.38146	2.62237	5.19329	10.8461	15.0051	18.2344	13.4449	12.2403	10.1686	8.24568	5.80796	13.3442	9.13525	8.83644	10.238	8.21117	6.37065	4.70767	6.68762	9.21405	6.39428	9.97583	8.67741	6.85381	6.09867	5.20653	7.48667	11.1198	9.86099	6.44614	2.66938	5.28258	10.5342	6.00484	1.09387	6.49026	1.61812	12.8239	10.2166	15.9115	22.2481	24.4539	12.6684	8.97944	15.2859	5.94081	8.38683	6.15387	4.13387	6.22651	7.34437	5.66656	5.04652	8.54851	12.8391	5.97428	6.43521	3.92709	3.59871	6.03332	8.9095	13.0522	11.5326	25.5435	11.9268	6.85489	15.0207	11.6912	3.59902	1.89588	5.75417	34.2561	14.7072	29.3149	20.4401	12.3864	14.7513	8.70903	16.9113	20.7199	10.8522	11.357	15.3598	10.4588	5.35768	17.8679	25.7318	19.06	4.44868	9.30233	16.4379	20.2526	18.4046	7.29456	6.95501	24.9806	14.4605	34.2198	43.2992	47.735	45.5751	46.3714	47.2004	42.6495	21.0073	5.35998	28.5768	9.84378	22.4445	13.7044	14.9567	9.92194	11.4659	17.283	20.176	27.1059	26.8152	22.0801	14.324	12.0804	9.27282	16.3299	10.0281	9.23196	14.252	13.4556	20.5545	36.5736	35.1357	15.8372	9.00965	21.17	22.2397	18.6215	20.7978	20.8229	16.7598	6.57021	17.4001	20.1677	18.0671	8.55818	18.0122	30.0616	22.4296	14.7357	12.6198	11.93	12.4474	5.61371	4.69378	17.5025	5.42235	9.23411	11.7835	11.1104	18.8929	34.8635	15.7622	16.6673	24.4606	24.0351	21.2785	13.433	15.2853	22.0933	24.4287	18.0481	22.9652	30.3539	31.3599	15.2805	2.03417	5.55674	6.73163	5.00773	6.97063	11.5167	15.863	16.8493	16.9772	7.80501	15.9472	23.9005	6.25193	16.0613	36.9176	26.1681	19.8913	12.8946	5.69238	23.0391	14.349	26.8655	25.9848	18.8234	15.7005	8.02823	2.1609	10.9619	13.1017	1.5323	4.67995	9.2696	6.20543	4.30832	9.12525	9.45114	8.87114	12.6589	5.54569	11.8875	13.0191	9.7885	7.29642	9.48893	9.83503	7.4411	4.27384	7.25073	3.7918	4.99117	7.01558	7.19897	9.24656	3.34468	3.77188	5.54768	7.44539	10.2776	11.0324	10.9622	8.72235	1.46334	5.83141	5.98599	4.27243	15.9943	22.0429	8.02029	0.139765	0.518847	0.743407	0.265548	0.218282	0.596162	0.324504	0.914084
4.81493	6.75262	5.60199	9.16205	0.401235	5.2877	2.04659	3.70494	2.85264	7.62412	12.1626	16.0888	15.9767	16.657	10.455	9.18201	9.87638	11.7553	12.7522	14.24	11.015	6.34718	9.01196	7.82681	4.88307	5.49063	7.98214	6.98439	1.80348	5.06586	7.66189	9.28637	10.1924	10.0404	9.5399	3.99539	5.90333	9.93605	10.4239	7.98001	3.20981	2.63013	6.21735	9.43404	6.94855	19.0627	21.7531	24.0566	19.3154	9.35325	4.64663	10.7448	9.9468	8.13414	3.55269	6.29207	4.39291	3.49872	4.6154	5.80494	4.26751	11.7756	8.21723	4.97053	5.89352	5.04188	7.76385	10.1765	9.32665	7.88441	15.4216	23.9371	8.13951	19.3733	22.6852	15.4032	10.871	8.66268	11.0088	30.0704	13.5419	24.3417	17.0146	15.0671	17.7904	8.12303	5.74418	14.463	23.1277	15.0079	10.8502	11.8881	17.2861	21.1375	15.5805	1.71857	16.2615	25.7734	16.4027	8.92806	22.9762	16.2943	14.8833	28.871	14.5405	27.9059	18.8635	17.9328	14.6713	6.22504	22.9166	21.3083	8.66034	11.9738	29.6011	3.83108	24.0919	13.3729	15.6433	17.3139	12.0583	17.4775	22.65	28.4019	32.1635	20.1795	10.7911	19.7659	14.3013	11.9852	7.78998	13.2888	17.1305	18.9528	28.0114	36.5154	24.7297	9.53256	14.0017	14.1058	21.225	24.5136	18.7085	13.9183	11.3104	11.3461	27.4333	18.767	4.21632	19.1007	21.7263	24.8185	21.942	17.575	17.3313	7.68496	14.0195	6.3175	8.02035	16.2314	8.25821	12.0876	13.732	10.7851	21.4564	32.6547	3.04033	23.1166	22.0864	19.3541	10.4342	17.5126	13.0275	19.7591	27.649	14.9022	19.9145	18.2102	33.2165	22.7244	12.4191	12.3487	14.5479	16.3357	16.1743	15.9915	11.5895	8.04424	6.08284	15.1621	32.9267	29.0668	18.0161	9.54393	27.0233	23.9433	15.2315	7.78955	10.7505	26.3077	17.4035	18.6087	17.3863	5.22565	4.86846	3.89796	4.50688	8.44486	11.5075	6.28969	8.57023	11.0525	9.95618	10.1488	4.35394	9.0347	4.84028	10.7788	14.5233	21.2859	22.8175	24.6285	23.1043	17.7645	12.3392	7.64159	1.74012	6.24011	9.1497	7.62617	5.2752	7.01306	8.16889	4.26652	2.0856	0.857477	1.33981	2.48033	3.89245	11.3183	10.5644	5.1141	4.66521	3.95678	4.32891	16.2949	20.2812	6.63441	0.0925893	0.0690128	0.708138	0.51873	0.279475	0.502403	0.179964	0.648839
3.87115	4.40432	3.53144	5.29742	5.86605	2.5655	3.46293	3.83681	9.44131	12.9632	17.3678	18.8358	16.0613	13.0242	10.4714	11.3428	11.0558	10.1848	11.6452	14.0265	11.6362	7.21939	5.84999	7.96793	8.12281	7.39277	3.98907	1.33235	2.66629	2.83542	5.55225	7.56956	6.0272	3.31741	1.8141	7.07017	12.3499	11.0263	6.79629	3.33396	5.33935	6.61714	7.67803	8.05711	6.84358	26.9206	29.1023	16.4353	6.76055	3.57956	5.47403	4.95146	9.0664	12.0162	2.53886	4.0831	1.36539	2.39606	3.77157	3.45316	9.62427	13.2692	8.50166	8.61144	10.4935	10.2808	10.1259	8.00972	4.06652	5.00302	11.9642	18.3812	18.5942	22.1604	18.6601	11.9518	9.31957	12.898	14.806	27.7226	11.9081	25.5968	17.9723	10.8331	15.5377	16.669	14.0485	7.21939	19.8622	20.3296	22.1168	27.7671	24.6146	13.3862	4.93226	22.6281	32.289	28.5254	20.9944	9.3007	20.4446	27.5155	25.4119	28.8342	27.0232	15.1758	23.7933	15.6614	15.559	23.5343	15.258	10.7855	13.089	23.0308	29.0139	9.66996	27.9083	11.4047	11.4445	15.1168	12.1908	14.3145	19.7876	19.1242	24.3738	23.2005	17.3974	20.2649	19.5886	17.6709	9.94185	15.1205	16.1054	22.9522	27.9244	28.3555	14.8548	12.1839	15.1982	19.4681	29.3082	27.8305	14.1875	3.1259	9.37035	12.3099	24.1287	26.3734	33.1935	29.7001	22.3007	19.0928	15.4221	20.5105	20.7014	2.54843	12.7926	4.10632	8.70192	16.5194	8.0282	9.28934	17.5163	25.3677	32.0133	19.2558	11.7273	15.823	13.7747	7.89891	16.5721	21.1717	17.7733	15.4921	27.1256	18.3714	11.7569	13.2194	25.0465	19.8748	19.5411	22.6714	28.8524	31.9374	30.2762	24.3641	20.9995	21.8338	12.4744	26.5791	33.6095	18.9407	19.7543	14.8365	8.94019	3.04157	4.87105	5.61263	11.0667	28.3456	14.9895	18.4071	18.7932	11.5702	12.7268	12.462	7.03182	5.02035	11.7947	18.1116	16.2472	16.4908	14.2737	10.8535	7.02888	5.41724	5.56261	14.4698	19.9894	18.7761	16.5205	20.278	21.4257	16.5514	12.5296	12.9401	5.54032	7.92614	12.5408	8.29482	2.40655	9.37984	5.29585	3.43118	6.35446	4.81678	1.73155	1.60735	3.77112	7.80263	8.47557	8.63244	7.59802	7.37868	7.98071	17.2371	18.5096	4.73224	0.2554	0.536699	0.753294	0.476538	0.449816	0.545476	0.123436	0.341525
3.04308	3.08874	3.27381	2.09622	6.66611	2.67252	5.66465	9.36753	10.7179	14.7883	17.237	15.9453	12.3682	8.46777	10.033	9.12976	8.63509	7.90531	7.40337	9.59732	5.42575	1.26377	2.57446	2.44313	4.58808	4.3402	2.32451	1.7034	2.82772	3.07128	4.0531	1.3262	5.21494	5.04329	5.49987	13.9287	12.8202	8.95848	9.1922	6.65568	5.70134	5.20356	4.72653	5.01255	10.04	28.8356	28.2646	9.63074	4.6985	4.1494	5.17919	3.80984	7.12829	8.26011	9.1453	11.296	7.42592	5.27012	4.54466	9.5348	12.9163	11.7495	7.76143	6.48289	6.92304	3.31478	2.57845	7.15462	12.883	11.7853	5.28815	6.7672	7.45054	10.2028	5.62462	7.48933	10.9393	6.07592	13.8482	30.89	11.8194	25.2609	16.343	6.86498	9.97038	9.21396	7.02804	3.71575	22.1392	29.0863	28.3883	22.752	5.0073	11.2561	21.3217	25.4253	22.7442	9.39073	17.382	20.378	10.9469	32.0205	29.4835	13.941	31.5491	20.5025	28.516	20.2211	11.2268	20.0441	24.5287	2.32846	10.794	25.6369	29.3007	9.75346	25.0214	14.7492	10.2752	13.8694	13.122	12.0119	8.21397	9.29085	14.8888	8.80657	6.93491	13.85	12.9822	12.9009	10.6303	17.0344	23.4148	28.3479	27.5436	24.4323	10.9325	14.2909	23.8048	28.378	27.0661	16.0355	9.63665	22.2458	25.2464	15.55	16.9374	32.6287	32.0372	27.265	20.1117	11.0617	4.75681	16.3274	26.8852	9.19369	11.121	3.15116	9.52649	19.0365	15.7626	11.0451	25.4477	34.1601	22.8731	12.9775	21.0372	8.27748	13.1814	20.2578	8.12743	12.892	11.8864	11.3499	18.6634	17.742	13.3407	18.8453	12.3207	12.108	17.8835	21.7374	25.1604	23.0235	20.6383	15.3961	11.4325	24.74	20.1152	28.5145	27.1749	14.5867	10.7931	20.2052	24.6895	25.1109	15.5215	4.65233	15.039	26.57	6.9662	22.3687	19.8441	13.1274	11.7472	12.8008	10.8179	8.13488	19.8278	18.4974	15.0076	13.644	12.2527	11.8984	10.7874	9.58332	16.6826	16.3869	13.238	8.77208	6.17963	4.89834	8.52543	11.0508	6.44378	13.8691	6.77633	7.21017	2.06743	8.85643	8.31649	5.15105	3.19416	10.3451	10.0197	9.61761	4.83942	4.61084	5.09379	5.11638	1.93581	2.18548	4.66637	7.20556	9.32678	16.8865	15.1441	2.15961	0.370856	0.355129	0.401066	0.308511	0.224602	0.487802	0.359798	0.284444
5.72848	3.71267	4.1697	3.39235	7.07916	6.34039	7.91747	7.07921	10.7903	16.5779	14.6205	10.4258	7.22019	8.43282	10.3625	6.67607	3.04064	3.77602	4.36604	5.11889	1.64186	2.61596	3.78068	4.55231	2.27572	2.85902	3.06981	3.28879	3.29947	6.30652	8.18716	3.71041	7.33886	2.03931	2.7795	15.8983	7.48677	9.99356	11.3075	9.31509	8.83062	6.81659	6.07605	4.2278	11.7166	26.8269	26.6833	9.90282	2.02104	3.32854	7.316	13.2258	11.8451	4.51192	11.2832	9.71251	8.60596	5.85136	7.11673	12.6257	11.6854	9.10295	6.77142	4.54856	1.59724	10.1207	15.8864	16.892	15.0899	9.8105	10.5515	6.07605	7.23938	10.8932	8.50454	11.0936	9.89409	3.69509	21.3876	28.588	4.60422	14.4939	13.1479	10.1455	9.96857	15.5713	8.43208	4.68158	26.4393	35.3752	24.2446	10.493	9.44684	20.5986	18.835	13.484	11.693	6.01915	14.3598	24.652	16.8689	22.4264	35.6575	8.11573	21.7027	24.2511	19.166	9.22454	4.37427	12.7276	22.194	10.2656	3.01144	20.6636	29.2275	19.1248	12.376	12.9751	13.4568	13.9017	13.3446	17.1044	16.288	14.4893	14.8344	10.8164	6.36473	3.40389	10.9075	14.944	18.9871	24.8005	31.8298	34.8347	34.6762	28.1552	9.99887	24.6004	30.3381	19.529	5.05891	15.0165	27.137	26.4561	17.7863	23.7859	22.1399	10.0852	14.3089	17.9244	18.6152	2.85788	5.74886	9.14366	21.4063	14.6045	9.60703	9.31934	13.519	20.921	26.8133	19.9117	29.1064	28.7318	3.47752	25.5641	18.7381	19.012	8.74202	20.2913	24.8021	25.0805	19.4433	7.58942	5.64892	10.5222	20.8745	19.1968	18.0624	12.6201	8.21135	12.3288	9.3069	1.63777	13.6904	10.8492	14.359	25.4486	20.6588	28.2855	20.1286	19.8179	9.91111	12.2595	12.5776	10.0212	20.7953	6.12984	17.0376	19.0935	16.7198	25.9721	18.8797	8.92426	7.52984	16.1684	5.07173	16.5769	17.0977	9.96786	10.5228	5.3608	8.95724	15.1793	16.7208	17.1382	16.0627	9.35095	5.32795	6.34977	5.33026	3.44049	7.23801	12.167	6.24838	14.2872	10.083	8.88631	10.8496	10.3162	6.9909	2.45053	9.78598	14.8057	12.273	13.7564	6.5473	3.94655	3.02909	5.49775	5.08533	5.69199	4.2699	5.74889	8.28589	14.8546	11.2239	0.398017	0.371435	0.509182	0.355062	0.402195	0.714463	0.545294	0.179866	0.117457
5.1855	6.3526	6.83865	6.9252	7.52315	5.13345	6.54509	11.2585	16.6747	18.2101	12.9069	8.08432	5.54696	4.70085	3.63787	2.91817	4.531	4.614	2.42165	2.80975	0.616789	2.06306	3.57924	2.95298	3.66453	3.14084	1.67659	5.30659	3.53398	2.49624	6.70695	5.76683	9.57248	7.69651	4.98071	16.4016	3.46743	6.44356	17.1456	22.5555	18.2218	7.51484	3.17285	2.13949	14.5906	26.1772	24.6256	9.81134	3.23144	6.54619	10.0216	10.3113	2.74282	12.5636	7.21545	7.8279	8.75159	2.99814	9.17816	8.1546	3.17333	11.5618	15.8602	18.2719	21.7383	20.4731	16.0415	13.3581	11.9448	7.26439	9.08909	7.75188	8.16434	10.9204	5.84343	11.3873	6.77303	6.97791	30.0746	19.2828	12.2954	6.78756	13.6621	19.143	17.8161	12.4952	8.77923	19.773	35.903	38.9361	16.4463	2.03058	12.8168	16.9289	12.351	10.8204	9.73769	15.575	19.3605	25.3561	31.9507	3.97307	35.286	27.9992	7.3311	19.7025	22.4877	15.7159	9.91154	14.9809	15.5042	9.3911	10.5446	17.0136	28.6658	29.41	21.012	8.88725	9.03313	13.4588	12.2212	11.5716	7.16061	8.60938	8.55118	4.35562	9.27036	12.7062	16.211	24.3948	32.4947	34.1956	33.4893	33.5479	27.2643	9.19527	18.1021	30.3785	25.6175	9.4453	27.4894	34.6016	27.7366	9.31775	20.1784	26.9514	19.9348	12.4209	15.0198	9.80761	22.2105	11.9146	12.9896	3.0861	12.0965	20.3013	17.3587	18.1225	11.9748	7.31335	10.5494	23.8306	27.4435	10.6898	10.9326	16.2962	22.5455	7.71245	22.0695	1.08459	13.7264	22.8688	25.7654	20.9227	17.8151	11.3533	10.9408	16.1175	15.8468	12.1945	9.42052	9.89596	3.23851	8.19155	10.1142	5.15201	8.08973	26.3235	10.5015	28.6702	18.3459	15.8591	10.4841	2.6073	5.36615	17.3012	20.3185	11.7944	23.5393	11.81	24.6029	19.3313	9.38094	4.09738	17.8266	16.6455	7.52668	19.7823	9.12037	9.93979	10.5593	4.38401	8.5853	11.2589	9.66354	12.8402	12.0065	9.44418	6.72939	2.37725	6.87969	12.1812	12.3772	15.9803	14.2079	12.6673	9.08185	1.42375	1.00045	2.95819	8.34545	11.8856	17.2951	20.0802	16.7324	19.4573	10.2698	4.36271	4.45897	6.70482	1.91852	4.40147	3.83628	5.70943	10.186	15.5093	9.52	0.21916	0.388276	0.698143	0.555972	0.478274	0.352313	0.261688	0.152652	0.10904
5.97376	8.26706	10.6661	8.00816	4.3232	2.0712	9.32851	14.6951	17.0004	14.7771	9.75997	4.17627	1.3001	2.35157	3.1734	5.64749	6.46765	7.40045	6.23883	6.19572	1.55436	0.841254	2.71583	3.09411	3.12397	3.20182	3.1379	3.65958	3.35968	7.43139	2.23151	9.04317	6.18286	8.06438	2.35713	13.9444	4.98163	5.65033	11.7813	23.717	20.9314	15.9402	16.7866	11.2932	19.5147	28.5233	21.0412	9.21703	4.71467	7.99193	7.8006	7.98013	5.90999	10.857	9.21163	15.4277	7.70687	1.77892	6.83209	13.4423	15.0713	18.5632	22.2282	24.1316	22.4287	16.4562	8.59164	3.17528	2.09578	5.6747	8.62984	3.78618	2.27155	9.79133	7.33142	10.5804	6.74217	11.3068	30.8979	12.8042	13.4016	4.64821	22.376	22.1028	7.60163	7.15247	13.2645	25.0937	35.664	29.9859	4.74055	6.12085	13.377	11.2752	7.62179	15.4652	13.7436	17.4482	24.7888	14.8331	38.438	22.2223	24.1301	33.935	27.3818	12.2678	9.44523	15.7678	17.1392	12.9073	5.62741	9.9847	11.44	6.60423	17.128	24.3856	22.9116	23.2635	14.5583	3.57719	13.1654	14.0386	3.42971	13.3506	7.53331	14.8438	16.1141	20.9737	23.6763	24.729	23.6712	27.895	33.3027	32.2108	16.8846	15.6243	26.3159	21.5621	16.7019	28.0239	34.7982	22.8651	17.9956	28.6217	31.733	28.7933	15.7373	2.87961	17.5696	21.9457	11.755	15.9908	12.9789	5.41225	7.33972	7.19229	17.0956	19.6485	21.5908	23.7473	19.0048	19.1209	10.6828	6.39136	6.88261	3.55039	19.8866	13.1345	14.7779	12.2193	1.42363	13.2236	17.2609	11.0852	9.8552	9.30185	3.53615	6.96001	10.8704	12.0565	18.406	17.4033	12.4653	14.8085	6.18511	3.44911	23.0624	29.3881	8.20162	29.1558	18.6915	9.18644	6.46511	9.60231	25.1896	26.2849	22.7115	23.0983	22.0898	2.88452	23.7147	18.3416	8.53854	13.8986	20.5993	5.04051	14.0861	20.0293	7.01122	13.8176	7.31233	9.62504	7.67463	10.6743	3.0174	9.39576	9.45553	7.44844	4.42791	9.77711	12.5034	14.6137	17.5752	16.192	7.06346	5.06149	11.0988	8.18453	6.75237	11.6729	19.7537	23.0371	23.9457	20.1957	16.208	22.5489	18.3632	7.67329	6.46979	2.69055	4.37933	4.28862	2.39065	4.02135	11.8376	17.5524	8.35077	0.321911	0.111177	0.461985	0.440932	0.0487549	0.187564	0.240825	0.0898986	0.429477
9.48653	8.29644	9.83493	7.36044	4.58502	4.59525	12.2855	13.4265	10.6134	7.64892	4.12631	3.91212	7.04161	7.49117	6.33251	6.28943	5.59903	6.66991	5.84713	7.70829	7.91506	13.2253	13.3219	10.4763	6.19948	2.79706	1.43861	1.18205	4.64588	3.552	11.2082	15.7553	9.59031	9.46795	8.8137	12.4411	7.19073	5.04518	10.3932	17.7278	13.7564	14.8186	18.8345	12.8201	10.5609	25.9361	21.8949	12.111	0.825141	9.3278	8.18739	8.40875	11.0269	9.64748	7.47142	12.5971	5.62799	4.6986	6.31408	8.85189	10.5719	11.4916	9.57539	7.62901	5.0229	5.46181	8.22163	4.59106	7.31973	1.42138	6.94987	3.15771	0.462417	6.31253	10.6766	9.46123	10.068	16.9862	26.9428	12.5482	14.0474	13.9595	19.6759	18.2676	11.2522	17.0244	20.4568	31.724	35.1627	16.9895	5.17524	12.8708	20.0457	19.5636	15.7353	12.1164	13.0772	19.2646	27.891	10.8891	37.3795	19.6128	12.3928	22.2861	30.736	19.9167	12.7632	6.15761	9.04182	5.06891	2.16746	11.7234	11.3658	11.4978	7.42304	17.4773	13.0818	17.3106	22.1883	9.01868	10.917	17.2187	14.7463	14.1165	7.13894	20.2589	16.9514	18.4935	14.4196	11.0995	16.4382	26.8137	30.2432	21.649	7.09308	21.1761	22.6111	17.1516	24.0925	23.8462	6.92869	25.1382	38.2132	34.5091	25.466	21.2901	10.8129	13.4132	8.93217	26.3499	7.44125	11.3631	14.8184	11.4863	17.6092	7.31816	12.6151	9.11554	10.3839	27.2581	27.4978	6.45612	16.3949	11.7803	6.44091	8.1078	4.55166	10.3925	4.65384	10.507	13.1893	8.51228	17.8645	14.6769	12.901	5.89299	3.66693	8.14385	2.93401	7.40719	7.03672	5.07684	13.3843	18.1064	10.9624	23.1804	25.4563	2.92128	19.3619	26.9848	21.5698	6.27509	4.28109	19.4135	29.4561	15.9454	8.05203	15.8298	4.81101	16.1638	20.0598	14.7802	7.49561	18.0928	14.9325	10.1542	18.0428	18.1767	3.55829	13.2372	6.54559	9.50971	9.92683	11.2298	7.53922	11.2293	4.0105	4.4062	13.0841	13.8348	8.98611	5.9525	2.05267	7.70866	15.3205	14.9039	12.9006	6.29733	5.5428	14.8048	17.7238	14.8389	13.6217	6.32561	4.26475	15.2291	22.1889	12.4055	3.98549	5.20938	8.0258	5.50678	4.36067	6.0954	15.5575	17.4106	5.75194	0.197398	0.371233	0.386283	0.292457	0.154144	0.243727	0.273148	0.5454	0.551474
7.11929	4.09154	4.88593	4.38564	4.52763	6.77316	10.3754	10.122	9.62487	7.37643	5.76131	7.80587	9.7699	13.0328	14.5503	10.7445	7.41592	7.13855	5.91245	6.67045	17.7513	21.1346	21.5592	22.2994	18.219	9.91431	3.04804	3.16231	2.56984	4.05189	20.3831	18.0382	15.4419	14.7608	14.4238	15.5112	11.4226	6.20808	4.63614	8.57806	3.1966	2.68598	7.51671	11.8102	6.58309	22.4177	30.9501	22.6406	11.7549	3.45132	10.985	15.669	11.1508	8.00875	6.32419	9.46495	4.3299	6.62837	3.39224	3.77835	8.4972	7.9131	5.18169	4.66251	4.09657	0.0785854	11.1477	7.08415	5.3634	3.40084	0.61529	6.62905	6.9677	7.39412	6.55301	7.00816	11.558	17.4111	23.4518	14.2583	16.9835	19.8982	18.6222	18.0626	11.355	21.1742	34.1557	40.0205	28.7517	3.8604	14.1773	20.0705	24.16	18.7859	14.9215	10.4049	5.5082	24.8232	21.6111	19.6711	29.4788	5.33884	16.6701	20.8363	31.7869	20.9352	17.3927	13.1045	9.96667	11.351	21.4396	24.6769	23.0146	22.7368	15.692	18.9702	9.6724	8.71482	20.1089	11.8864	2.66545	13.0731	12.3197	2.0139	12.585	17.6052	15.1113	19.9196	16.8524	19.4367	31.9189	31.995	16.9472	7.32384	21.0696	16.8548	10.9361	12.9976	7.57798	0.538297	24.0483	37.903	35.3211	23.9862	11.0561	13.364	7.37097	21.0754	15.7512	16.9888	13.4565	13.2289	20.7761	14.212	18.7217	6.81874	14.0917	21.4011	34.3961	34.5669	10.3741	14.4835	19.1131	14.2469	11.9817	10.234	11.2971	9.23582	12.106	9.41791	16.2255	11.4381	21.8001	12.9711	9.77624	7.70821	7.07858	5.98353	7.05643	13.8493	17.969	17.328	22.2763	20.8399	21.4015	23.6643	3.40062	25.3751	25.5078	24.9612	17.5798	0.158668	18.337	22.9517	21.3158	1.79421	9.62894	21.0738	13.802	16.3267	18.7586	14.6962	2.46912	18.1248	5.64386	16.1446	15.5208	11.1351	3.80846	6.33246	8.32245	4.04801	15.6068	5.74379	13.8538	11.4198	5.43676	9.2861	13.6903	11.0715	3.68376	5.55574	15.707	18.2368	12.081	9.4095	10.8507	3.15977	6.97535	13.3162	10.8859	5.41287	4.12344	4.87482	4.21625	6.93487	18.2037	13.4949	5.26399	9.1082	6.43768	4.65725	7.18204	11.3423	16.7774	12.7889	2.70763	0.152565	0.22755	0.13956	0.0435901	0.28334	0.374982	0.416399	0.392909	0.117367
4.9345	4.98634	5.84661	5.72262	6.0597	7.88592	7.45133	5.62416	7.31098	9.18835	13.8294	16.8119	15.4523	12.0255	11.2208	12.9088	14.2703	15.2607	13.0602	14.2913	14.5292	10.7654	9.85045	16.4359	19.4027	17.5162	17.2109	15.0003	12.8813	17.2428	21.0558	9.83917	6.75497	4.43996	1.32901	6.68494	1.64936	6.34895	11.7753	9.34486	6.45158	4.54046	4.25752	14.0656	24.7596	3.38563	26.8954	20.8092	14.7988	1.29722	18.1334	17.5827	6.80371	7.08904	6.41075	8.38985	2.2418	7.46538	2.60016	10.3193	10.7171	3.71064	0.894416	4.29553	4.59435	3.28221	7.18704	11.1715	12.4233	7.65169	7.05029	10.0176	14.6001	15.1536	14.6109	18.1407	18.0674	17.7456	21.9349	10.4321	14.1295	19.0862	25.3456	27.1407	26.533	31.4483	32.1479	19.3637	5.63172	23.3224	26.8453	25.355	25.5403	19.4046	19.6632	22.2008	20.3869	32.078	15.5514	25.7499	18.0879	19.3134	21.27	24.5174	30.9347	21.3789	22.1754	18.8235	18.8684	22.5585	31.6008	30.7265	28.75	25.959	20.7149	21.9449	11.2836	14.6665	11.8167	12.2962	11.7105	8.64927	12.1489	19.4113	31.211	35.9554	27.9689	13.5451	21.5514	31.1007	28.7765	11.0941	15.2645	28.5518	26.2028	12.0327	1.85473	12.8257	16.2785	22.958	34.6604	32.8713	20.3829	12.9994	8.56098	8.13125	13.2612	9.85908	23.6587	24.341	14.8361	14.6304	10.4795	13.9369	21.5036	2.29424	22.7572	32.5577	27.0116	5.0186	21.7062	24.4404	19.0502	12.8456	9.97626	3.41615	4.29122	9.91615	15.0876	9.0283	14.4555	7.99015	20.734	7.7027	8.44446	9.37391	8.44239	6.61931	11.8045	19.0212	20.7154	13.4311	11.1052	18.0744	22.4545	13.5819	18.3434	21.8547	18.6894	16.6885	6.16416	11.6106	21.3728	9.8564	15.771	8.36104	14.3598	11.6496	15.337	9.93756	20.1483	18.443	7.98231	13.3097	7.51829	10.7791	11.9991	8.07514	7.71431	6.0281	1.98267	11.2505	11.2031	12.9981	20.6817	12.1158	10.7276	13.8076	15.8083	12.656	14.502	17.2757	12.8005	4.70011	5.62684	9.73293	10.474	7.60521	4.94008	6.50442	10.5246	12.4483	11.5561	9.23835	6.78499	10.0137	15.9356	15.3197	14.5852	12.1508	6.75086	4.33281	5.54223	8.55604	11.535	7.67769	1.14233	0.303504	0.139526	0.158637	0.165958	0.0785661	0.0924483	0.21462	0.139534	0.089845
5.79002	6.13522	7.02224	7.77627	7.92335	7.36737	6.01319	4.07382	2.10681	5.2226	15.0527	19.0549	14.5334	6.10082	0.262354	4.29923	9.1311	14.1136	12.7859	6.32843	5.19337	7.69714	4.34699	8.25213	12.6054	15.1882	16.7359	16.6381	18.0057	18.1072	10.0061	4.42578	12.4254	10.1959	7.53495	7.96999	5.76856	8.88692	14.3054	1.33467	10.1592	8.20766	12.392	7.3395	31.6378	3.98758	26.8188	21.4464	16.3469	10.654	21.3402	12.9123	1.31364	12.854	14.1157	14.292	7.54216	4.11098	6.86401	11.3162	5.14005	0.492952	1.17916	1.46087	6.45178	9.22673	6.10925	13.9833	16.256	15.6245	15.5582	17.2023	16.0741	12.1087	11.841	21.3039	21.9536	20.051	15.8989	9.23516	16.8982	5.99001	12.2117	26.8887	31.2186	28.7158	18.7045	6.31522	30.1635	33.444	29.2038	29.4166	29.8785	26.2005	22.763	20.4321	22.7395	28.8209	8.79072	25.4152	14.7513	28.4909	24.2952	15.6162	22.1257	17.3537	19.7044	12.3533	9.40841	19.2876	28.6901	26.4547	27.1862	19.5824	20.5985	27.2876	19.769	5.91808	7.07222	14.0825	18.5229	17.7347	17.3269	26.9009	38.2728	37.1302	34.1907	24.048	20.5333	30.3666	21.0549	14.5241	27.4257	28.3689	16.0838	16.5586	14.6175	21.7658	22.3588	29.5888	35.5521	27.079	16.3828	14.9413	14.0096	11.6848	7.2069	9.22981	4.53776	11.3903	11.867	5.76632	16.6555	11.3948	23.3723	19.9157	32.4591	25.7502	5.15744	19.6695	26.6654	25.2447	20.9438	17.17	14.3145	7.05961	5.28621	4.76528	7.02636	0.461653	12.9448	11.9411	20.5594	4.34791	12.9479	8.19406	4.13393	11.6325	16.7751	19.9138	15.5646	17.5757	9.11699	22.2358	25.963	8.38369	15.7664	23.9558	22.7764	17.0227	11.4027	11.7237	12.7652	13.9384	17.7937	14.2687	12.0667	9.05893	12.6099	12.9383	16.6158	14.4379	7.26406	3.84553	9.12959	9.18146	16.1599	9.24325	9.52289	4.89908	4.47164	10.7282	11.5646	20.2342	13.8495	5.24529	8.02224	12.6967	11.7125	13.5739	17.2302	11.4093	3.43881	6.31811	3.34558	11.9441	18.0214	16.5021	8.56283	4.44206	10.5717	15.0384	16.7181	16.3952	16.5059	22.0716	21.8047	19.8975	17.8248	13.0389	11.0805	10.1745	9.69953	8.30774	7.32174	6.46908	2.07613	0.501084	0.429706	0.571869	0.779439	1.2689	1.17716	0.48373	0.227464	0.262347
5.80654	5.30981	4.31789	4.72542	5.66392	4.97182	4.39584	3.66399	3.44831	7.24877	13.3493	7.09404	9.77705	11.2393	6.47293	7.91225	4.47446	5.16005	7.10391	4.52142	3.32474	8.99878	11.4196	8.5394	2.44404	2.41723	6.52551	5.4527	5.70149	3.98379	9.67045	10.2357	9.95085	5.63236	6.44115	8.58024	10.3022	9.69478	4.57384	13.8515	10.4158	10.2042	12.8159	2.02989	32.2213	9.96541	24.6419	25.0506	13.1742	10.464	15.4573	4.63884	12.4001	20.9708	15.0371	14.9187	11.5876	1.66704	7.38483	8.7222	0.631667	2.31758	1.74455	2.65954	1.29545	2.85635	14.8663	14.3047	7.57065	10.4438	8.7083	6.56656	2.07809	5.61568	11.7633	18.8157	10.3911	6.374	13.292	27.8169	22.4219	22.5846	22.9424	13.2257	11.3018	8.58024	0.457952	19.2415	29.0445	14.5003	5.73236	17.5385	15.9246	10.3634	8.22327	10.8014	18.2631	11.1163	17.7786	23.5884	2.88585	33.7055	18.5512	9.92584	15.6028	17.3001	19.5746	11.733	6.22009	19.0519	23.023	13.8765	4.20913	12.1822	26.5751	25.9168	15.4204	15.407	13.3023	11.1216	14.0423	15.7216	19.6542	29.9332	32.3947	18.0255	11.4303	19.1078	22.4312	26.0782	9.91134	24.0916	28.4894	15.7814	7.39499	6.60294	18.4513	21.1524	20.4544	24.7796	23.3689	13.201	6.61873	9.71402	7.27139	3.45242	4.79668	10.782	17.9198	18.2096	3.74533	13.7229	18.4681	9.92694	20.092	25.739	17.4716	14.1191	26.138	21.0561	17.1955	14.6266	10.2294	16.5991	21.4772	23.5371	18.1794	7.62591	1.48339	2.06035	8.229	11.607	13.8027	12.2745	14.7456	8.8171	10.6405	16.9916	21.5979	15.8777	14.446	18.9995	22.6676	26.4078	22.354	5.55527	20.4215	14.5653	17.1122	19.4805	12.5558	3.22512	8.87018	6.09404	19.2246	12.3612	7.00195	8.31919	1.97285	16.5023	14.6997	10.0285	7.49175	8.61761	14.6937	13.0911	15.2579	7.01536	10.5356	6.89437	7.33247	12.0928	3.96139	10.4956	4.79218	4.80014	8.79102	12.1644	4.05039	7.17471	3.92407	3.46347	5.76745	5.36807	8.33438	9.88421	10.8192	14.2406	15.4632	12.0394	5.56763	7.52533	11.768	16.1551	19.8589	20.9712	15.273	11.6003	9.29835	3.92816	1.67904	4.04076	4.97493	2.83796	3.7696	5.82815	2.66447	0.435642	0.370948	0.354593	1.14585	1.52273	1.44145	1.18669	0.323823	0.303398
3.96893	5.32833	4.55957	4.36181	5.10208	4.44274	3.23421	2.83393	2.04335	7.27652	11.8084	15.3891	16.0283	11.0371	5.82152	6.21291	5.64346	1.88503	7.66007	8.313	4.71693	6.14365	13.9392	16.8876	14.9912	13.3976	9.67566	5.72606	9.11386	17.1422	11.4307	1.11229	10.6026	3.74999	5.67513	4.84586	7.88183	5.79029	12.4717	14.3775	8.3406	11.2217	8.68252	3.14566	28.7259	16.3794	19.6885	30.5314	11.9959	11.1082	8.22461	9.60852	18.281	17.0308	4.13774	15.4875	13.1542	5.66408	10.0133	8.73196	4.86704	2.13513	3.48032	7.03339	13.4732	17.516	16.8525	9.76778	1.36361	4.72233	6.58718	10.0108	9.00699	6.36111	19.0455	17.359	5.12563	18.3032	31.4703	20.4265	8.10716	8.2047	22.763	30.845	5.98471	3.46888	10.7701	16.7907	19.3932	20.628	23.2616	29.1172	27.0253	16.49	7.21094	11.0013	16.6489	8.32901	26.0182	17.2834	15.6303	33.9134	12.8477	13.0881	17.9856	20.095	17.0029	5.37476	7.61944	21.8527	19.9954	12.3125	18.2169	23.5567	22.609	15.0077	13.3961	14.6151	13.8651	11.2341	8.90752	11.9267	22.905	25.2888	17.5325	14.5201	5.40533	15.9974	27.411	16.9987	15.8058	32.7377	23.1658	13.3799	15.2156	7.50793	20.0009	16.4741	17.4747	20.3678	15.4274	10.3231	8.94657	10.4682	13.384	4.40708	9.40396	6.73264	6.13815	16.8034	17.4799	16.6698	5.19991	8.99669	7.26796	10.4677	24.0052	32.0242	35.0622	33.7115	19.0081	7.91042	13.2182	2.73141	15.6781	24.1181	24.1697	14.9425	3.69173	3.25905	5.97949	6.15105	11.3101	15.861	7.48505	7.06384	11.7816	16.2041	17.3429	5.1992	11.3318	9.87014	18.0313	18.0342	11.1452	19.9608	21.5595	9.41172	7.32301	18.2131	16.2567	2.00709	17.5944	22.2395	15.6183	3.72518	6.19832	15.3469	7.34594	19.1632	11.5836	5.92005	7.00059	11.7449	14.1239	6.93994	8.14282	9.22479	9.71426	10.9876	4.75472	11.9657	6.07956	10.4556	5.94887	2.0169	6.66661	9.1338	5.40274	3.06348	2.14209	3.59205	4.60115	4.97259	6.76672	3.45862	3.36857	7.39191	11.9307	14.7883	11.6439	5.92355	2.85551	2.76588	6.62557	4.78103	2.78578	4.90067	6.93502	7.314	6.30852	4.86899	3.84951	4.70185	5.77255	6.70138	2.54483	0.240547	0.217776	0.344352	1.3942	1.32039	1.69345	1.02066	0.333145	0.263153
0.960176	2.60469	2.92927	2.73224	3.18483	4.03721	3.89468	1.8173	2.82565	5.29489	2.14356	2.55449	2.13566	2.1039	3.81166	4.74054	8.24022	3.78468	7.06376	7.71879	6.73269	7.99862	9.91049	10.2133	12.1117	14.3948	14.452	14.2601	11.2086	7.18338	11.1683	8.05242	14.5248	11.5532	10.9308	9.24243	7.74832	14.1313	10.9852	6.56595	5.89785	10.3224	5.04497	3.50653	26.9555	16.9211	23.3592	34.0612	9.0093	14.4645	7.40334	16.087	14.5111	3.85659	8.81936	15.9249	11.2013	8.05789	9.762	6.69882	7.05631	9.68451	12.8222	13.2922	12.5911	10.4811	5.16343	2.94314	7.55921	8.79026	5.96132	2.13528	10.9914	20.4473	17.5067	4.28415	15.1109	31.9796	26.6536	11.1286	10.4062	11.4483	19.8183	31.7641	8.3967	11.3683	19.0769	22.0597	17.8353	10.5202	4.01236	15.1328	29.2286	26.7588	10.393	18.4774	6.66097	1.34292	21.9199	13.9759	16.9536	30.5063	15.5436	7.52852	19.5965	25.8684	27.4461	25.7892	21.3739	22.0506	13.9018	8.16071	21.1293	22.4759	14.4467	4.90579	1.96001	2.81229	6.29451	9.5471	10.0848	14.1594	17.6101	11.5372	11.7355	15.4568	19.4395	22.9207	12.7616	17.1019	30.7761	29.5467	12.0026	23.2815	15.9307	9.19269	23.7036	18.7486	20.4332	22.1822	15.4775	13.3521	17.5113	19.0679	14.1293	10.7091	10.0069	15.6975	1.99549	15.8356	23.4532	13.5607	21.7647	23.7437	26.8839	29.9843	34.2869	36.2739	36.0045	36.0002	37.749	22.7309	12.6256	16.1249	15.4818	12.346	21.4705	18.0687	8.02742	6.49978	7.2815	4.33366	7.26857	6.61708	5.78946	5.77896	13.5264	15.8442	8.14111	16.1192	12.7718	18.4283	10.0316	13.8271	7.76691	29.7954	12.4849	11.2706	14.7335	18.4249	11.788	12.5341	19.8075	10.6455	13.4337	19.0499	13.2186	19.2404	8.66433	19.6621	14.4899	5.88258	4.55144	8.96444	14.2891	4.68428	9.7035	13.705	10.6089	15.1699	11.8373	11.7186	5.70503	8.90844	7.48474	2.86022	7.0482	5.80324	1.43215	0.380274	1.75456	3.62856	4.81813	4.30059	3.3063	0.634793	4.67979	5.62494	7.46422	11.9175	14.1615	12.2129	15.0304	16.7073	14.7397	9.683	5.7742	4.54795	3.37277	3.61735	4.39403	4.17782	3.55621	2.41251	7.16886	7.41645	2.18543	0.137715	0.422767	0.429436	0.777135	0.92425	0.670735	0.486864	0.385209	0.0486899
1.30468	1.56779	2.36837	2.40749	3.34749	2.81316	2.54155	7.11236	9.84389	10.0443	9.95331	9.91369	7.80253	6.83352	6.17217	4.28103	6.748	1.25287	9.24612	11.1917	6.69855	9.06438	8.76756	6.3964	7.21941	8.45043	2.1491	4.12569	4.47898	4.56228	8.70101	6.20671	9.47356	11.933	7.82777	7.97668	10.0405	10.6891	9.39199	2.749	10.1234	8.41164	7.2212	6.67522	27.9696	16.0065	28.2951	31.7518	3.07003	12.1704	10.0177	19.1922	11.37	8.33185	13.1223	10.758	8.20522	9.87409	8.09512	5.36048	3.53545	8.1025	7.89777	1.81473	4.06687	3.79651	6.08229	10.3425	8.94021	3.40095	1.96162	9.66852	18.3984	21.5028	5.08671	20.1277	29.4283	28.8379	14.1885	14.7714	4.61538	0.894885	23.3242	23.8475	9.20201	17.1005	20.6188	21.1787	19.612	20.5515	15.6791	5.99416	30.7394	36.1719	16.0495	23.8269	7.924	6.13322	19.3841	16.0933	10.6969	28.8937	22.8509	14.455	17.2274	22.2957	24.3064	25.3535	33.0451	32.7673	20.1909	17.5546	19.9624	13.7336	9.15956	4.94805	5.03387	5.88068	4.66671	4.34252	8.08617	8.40205	5.87026	6.23554	22.4859	30.5779	27.8722	16.7604	9.71583	30.9952	32.5555	21.8055	8.24582	24.2568	12.4438	12.7837	22.2284	24.2618	15.6402	10.9777	8.22838	11.8748	15.3922	14.2366	13.5803	6.29368	1.7276	12.4877	7.19813	11.7638	22.7999	13.1714	24.9229	21.2832	26.4092	27.9775	27.6896	28.7846	26.502	25.5137	35.8993	32.1231	22.0391	24.6926	13.3468	9.28761	18.9602	16.7084	17.2662	16.3519	12.6702	8.64792	10.7312	8.61892	9.94247	15.8669	17.8967	9.43305	13.3721	17.2604	13.1187	21.2892	16.3879	13.5486	17.6986	28.154	9.53211	13.3114	18.0879	12.4265	1.9299	17.2883	9.61566	8.17453	17.3493	19.0367	23.0309	20.8782	15.7644	20.2813	12.8445	3.05501	7.64122	7.22613	18.2201	15.8267	21.2485	20.3817	11.447	16.3888	13.8591	15.5569	14.3537	10.6793	7.79605	8.61621	15.0809	16.0189	13.1774	7.0397	0.985594	0.765644	2.05946	2.41929	3.28256	4.50318	3.705	3.87625	5.00489	7.63103	11.7374	11.7169	13.7895	14.385	14.2532	9.78967	7.75686	8.38764	7.39513	6.43367	5.51298	4.96176	5.09418	6.28208	7.69913	6.02633	1.924	0.153936	0.206533	0.74399	0.881578	0.626801	0.351026	0.544221	0.401403	0.653076
2.31713	2.04955	2.32944	2.40324	1.81781	3.87907	9.19324	8.72635	3.53666	3.34672	2.09514	2.1067	3.10659	7.16524	8.33146	6.32021	3.05853	2.30694	9.40329	11.6882	3.90671	5.53768	6.97929	8.03047	5.0073	8.58624	8.69995	5.92934	2.94633	5.98233	7.48824	7.79427	3.73785	7.51553	5.72805	4.34769	2.36709	7.20673	8.13557	3.50154	15.3953	4.13381	10.1067	11.2676	27.7353	15.2092	29.8635	30.9139	2.99467	9.65374	10.6924	17.2378	6.74562	15.7824	12.628	7.36962	5.88447	9.92725	6.67667	4.13362	8.47641	5.72384	10.4021	13.3663	11.5515	8.50987	11.5522	11.0093	7.16327	6.66905	3.67055	12.4656	17.6339	10.9461	20.7044	31.7074	21.3803	16.5201	7.68301	18.4742	5.82674	13.0525	17.2731	14.9971	9.93854	13.7226	11.8741	22.1454	20.0533	5.44834	11.668	3.63633	32.4842	39.6336	9.04414	21.6051	11.8228	10.1786	25.9876	14.2596	11.9383	29.0745	27.1298	17.5456	23.8275	27.3254	26.2696	19.9709	15.858	12.3104	16.4592	26.297	20.0312	8.14446	4.84672	2.97663	3.42245	1.35555	7.07564	8.00004	4.89343	6.34604	5.09182	10.5571	29.9448	26.7804	8.7929	17.0772	29.258	26.9273	18.1542	18.488	5.76474	20.3326	13.1682	19.7445	27.6817	19.9249	7.91231	12.9238	14.3074	10.9941	12.4527	11.609	12.5896	10.9839	6.30072	4.99074	13.4796	15.5504	15.6972	14.2373	20.5099	15.3632	20.7974	12.1922	11.411	21.4609	12.1276	3.27691	27.8186	26.503	7.4627	10.0822	11.5671	10.0448	10.1268	11.1244	7.90437	9.04947	10.0386	9.87111	9.69861	14.973	10.4606	6.24039	7.13121	7.6112	8.47909	11.156	28.2788	23.3532	8.35862	2.30171	25.6935	24.4779	9.69645	12.1129	7.64792	4.42986	4.89158	17.9108	5.416	9.9666	11.6283	13.0061	23.9715	28.5855	13.0568	15.791	7.23685	1.4311	8.14148	4.63068	17.5297	21.2292	15.0016	5.31656	7.07507	16.4179	14.0495	14.5289	17.5729	13.9587	7.20366	14.5758	18.3127	13.6554	13.3231	15.0429	13.4174	14.2731	12.4882	10.595	10.4656	8.01715	2.63512	2.52063	3.90365	4.92298	7.27418	6.11918	3.72401	10.3193	14.8512	12.9054	10.5496	9.68724	5.70816	5.64997	6.90654	6.65534	5.63456	4.36164	3.59974	4.08185	2.22801	0.461195	0.126913	0.179489	0.253838	0.110984	0.51597	0.561681	0.262104	0.786533
1.38221	1.33006	2.00144	1.84108	2.32975	6.57185	6.22063	3.35523	7.14322	8.44869	8.15934	4.79042	2.82339	10.236	8.2906	9.17982	2.48403	2.78458	8.26375	10.0459	4.64289	2.99531	4.55734	2.35414	4.6677	7.21606	4.65969	2.95093	3.34407	2.92764	3.0661	8.015	9.25165	9.01138	6.17916	6.61281	6.79256	10.7804	6.90495	11.664	11.8775	4.84577	7.19145	23.544	25.4685	9.3286	29.6207	31.3307	9.40238	8.45766	8.307	13.6261	6.3965	13.7124	15.9637	15.4666	11.4633	7.03231	5.1733	6.57339	10.9031	5.63442	22.2931	18.848	16.2487	8.32626	9.56451	5.18535	4.20179	7.62872	8.93422	16.0873	17.0789	8.28575	28.5556	24.9335	13.1563	11.9973	2.29546	19.4333	7.42628	11.5808	13.1211	12.362	16.0959	9.69403	16.4887	21.4213	29.071	18.4884	16.8967	8.32403	30.71	40.2674	21.459	11.6363	11.6724	12.7241	32.215	14.343	26.9397	33.192	30.5861	27.1849	33.847	32.0259	20.1689	10.894	16.362	22.9366	27.9359	27.0296	17.7573	3.69006	9.25366	7.24639	6.52518	5.10995	3.76743	11.02	8.10527	9.50198	7.93685	12.9795	25.553	23.0951	25.0254	32.2839	27.7944	4.08911	16.1023	26.718	10.4937	19.7309	14.2623	24.433	25.4671	16.65	14.2256	16.6582	17.1143	8.28997	6.20138	14.1977	17.8931	12.2351	9.56233	8.65485	13.9295	13.9794	1.70374	20.0351	18.8156	11.1431	14.4429	1.91686	9.15447	19.8981	14.1351	4.39149	28.592	23.8919	9.5582	19.7029	19.9848	11.7281	3.73256	9.02822	12.5721	13.4262	8.29133	12.6396	14.0118	14.4879	6.48529	2.48022	6.3795	5.01777	15.951	27.4171	21.4963	4.28047	15.8894	13.796	22.8827	23.4371	9.87522	6.16838	1.2404	1.77282	7.68003	15.5861	4.06323	8.78768	11.7145	17.7993	17.9607	36.7027	19.0658	11.7993	15.5858	9.47326	2.23563	4.76249	10.7092	17.6783	22.8059	15.0456	3.44384	13.5277	11.545	9.01526	16.0979	15.571	11.5209	17.4814	22.0416	15.2742	4.29414	8.1867	9.69939	15.5173	17.9569	15.8628	13.4256	12.0918	6.36404	1.08029	2.91559	4.71288	5.30748	2.98659	6.19349	14.6227	16.9895	14.4794	10.1417	7.31628	3.40333	3.29287	2.58863	2.66704	4.65264	5.95555	6.91978	7.32938	4.16745	0.57119	0.165735	0.217622	0.350902	0.327148	0.338519	0.457506	0.321313	0.340613
1.86409	0.262002	0.576037	2.37258	3.71322	4.68185	2.90762	3.09149	1.83854	3.07893	4.70023	3.27376	3.69527	11.6672	11.839	12.4317	6.32357	7.12606	8.44248	6.1972	5.31451	2.85237	1.59145	1.96281	3.2998	3.86731	3.19874	1.85951	1.40251	1.46524	0.761493	1.2499	2.99429	3.17319	1.98107	2.31168	5.85608	10.0952	8.25765	11.9017	2.14231	5.25344	11.7148	16.2143	15.8901	2.71391	31.398	30.7417	10.6663	4.88684	5.35561	6.50118	7.47837	7.04859	16.9309	24.296	11.6149	11.299	9.02475	9.30878	9.77114	13.885	25.9329	14.0301	21.8498	7.46012	3.50996	1.60446	0.992172	2.62922	6.97704	16.8998	20.4667	4.15113	27.0007	20.2755	13.5	8.94001	9.27042	12.968	12.1054	18.1502	19.3049	10.9338	17.8356	3.46426	5.8356	2.17433	21.7443	10.1314	2.49242	10.7928	24.9703	35.1275	28.5454	13.4385	16.8119	16.3506	32.2565	9.07778	22.8586	25.4903	22.2584	17.8855	21.8182	19.016	18.4496	24.7124	28.3371	28.4203	24.5226	17.0992	12.1336	2.19207	11.4879	6.46235	7.84215	10.7538	7.07098	7.44655	16.1405	17.4081	6.44826	7.55931	21.8298	26.4301	27.8404	25.4317	8.20126	16.7695	3.91554	28.6401	19.6028	12.3197	21.9745	24.3077	20.088	17.0693	20.6482	20.6333	13.1756	2.42289	7.66139	9.72643	5.77645	12.8225	12.3711	14.6886	9.10144	8.19976	13.8542	17.9562	12.6093	9.27077	10.8344	8.22106	13.1579	15.1741	9.83651	13.237	28.7042	23.2778	16.6954	14.6812	12.087	12.044	3.4313	9.6928	9.06554	10.4393	10.1246	18.8805	18.5489	10.4488	6.12617	7.03124	12.5386	18.5023	22.7844	6.85415	10.969	14.4456	10.0166	7.7798	19.2522	22.7231	11.641	9.04862	17.8497	17.1405	15.7862	12.3767	9.34624	12.3286	9.44579	22.3005	18.94	30.2005	36.8009	5.99141	16.668	10.8281	3.09024	7.89621	16.4842	18.0308	19.625	17.421	8.15103	11.7411	10.0657	0.944548	3.70796	6.48094	12.4863	18.5784	21.1192	15.0818	5.66531	9.3622	9.88312	9.74956	1.02622	8.7009	13.0577	18.7435	17.6848	12.0775	5.22189	2.41633	3.77301	1.47354	11.5403	18.9424	17.2175	12.9544	5.79567	2.4823	4.73373	7.3875	8.95209	8.9383	8.61931	8.17288	7.15463	9.68062	6.4872	0.719283	0.604526	0.601771	0.291899	0.535164	0.313798	0.117166	0.0923069	0.0652728
4.60039	3.40137	2.69595	3.86844	2.6609	3.30769	1.56296	2.15605	0.627424	4.7727	4.53949	3.08287	9.46811	16.3047	20.1041	15.5014	10.6199	7.70234	6.08123	4.34799	6.01238	5.44427	4.06761	3.6514	1.59603	3.31335	2.50369	1.48291	3.25713	1.59276	1.30571	1.51066	1.27877	1.41365	2.05267	0.234286	6.74334	6.4679	4.17621	2.45817	11.4279	11.887	17.1532	23.8205	26.5728	8.95619	32.3022	27.2574	6.73432	4.86516	4.53964	7.80542	8.77075	3.63696	14.7619	28.0496	15.5716	9.14142	11.7914	9.91234	6.88255	14.4442	28.4647	2.64105	17.1736	10.2055	8.13809	5.97073	4.64338	4.27088	0.418419	11.5227	24.6534	10.4959	22.9721	29.302	22.6765	8.1513	13.5511	8.4475	4.44696	14.9855	30.9339	11.5563	8.27894	8.64027	6.95725	5.11129	22.0438	19.146	23.7643	28.0985	33.1025	39.9592	32.2679	14.5814	9.49787	15.6516	29.4543	15.1276	16.3885	24.1638	23.3702	19.6681	16.0965	23.3202	27.2555	26.1808	24.0988	20.6082	13.6947	6.59579	7.57422	2.54777	11.2925	8.24873	4.44711	16.1868	7.46377	16.3543	22.7926	13.9038	10.2351	10.6946	18.7288	24.0528	22.4192	9.055	20.3369	14.1751	7.98511	23.0459	26.3424	19.1823	22.5608	18.527	16.6142	14.8036	14.4281	12.6969	7.7458	8.84017	4.13757	4.22987	5.65212	10.7524	14.6063	20.9267	0.955061	21.8939	21.9831	12.2473	5.15889	9.81335	8.26896	8.5094	12.6922	18.296	22.6169	22.3301	26.3735	21.9379	19.0726	9.12596	12.3653	13.6154	5.23444	10.3644	15.5466	15.8586	13.1909	23.6096	20.4165	6.94592	6.2368	8.48583	15.7472	21.4039	14.8609	15.8386	14.9863	12.1125	6.87534	8.19466	18.0377	21.2359	13.5914	13.6947	16.6807	17.6778	21.4329	12.2611	12.2418	12.9703	11.7448	19.7075	16.7348	22.2527	40.0725	11.8564	22.3299	10.3752	4.60851	14.6704	21.7741	24.4253	22.8928	15.9449	7.02699	16.6596	12.46	11.0774	16.9316	20.9572	23.4075	21.8499	17.4165	11.1118	7.92246	10.49	9.37833	12.5095	11.0428	13.1001	14.0127	19.8896	25.211	25.2836	21.6628	14.9181	9.62341	10.298	16.6261	19.0482	11.9959	7.74651	6.55274	8.13962	8.62548	8.52244	7.41368	5.1271	3.69824	2.87784	4.49658	9.96099	7.89906	2.26217	1.34535	1.15298	1.10904	0.412744	0.497007	0.523895	0.53727	0.458893
2.1261	2.64768	0.554498	2.33073	1.90726	2.67395	0.973805	2.80754	2.34852	5.0573	4.81483	9.82001	12.5532	12.44	11.7931	10.7387	10.1016	7.72909	6.234	6.07128	6.44542	4.18695	1.26516	0.17535	0.44836	2.18953	3.04227	0.63219	3.65143	2.77156	2.39792	3.10038	2.653	2.98342	2.55848	1.9677	6.31509	4.58621	1.9659	7.42034	10.624	1.93842	4.99756	13.1098	27.294	14.64	27.6948	23.0143	10.2303	11.925	11.9431	8.79969	4.71312	3.95592	11.4009	26.043	20.8242	6.43989	3.44878	2.36607	7.16185	13.4159	20.43	11.9043	8.76345	5.04908	8.40322	7.37405	5.72114	5.59538	3.12225	8.33988	23.0454	11.3265	29.1336	34.0131	21.6425	7.7052	13.8952	14.119	7.4465	14.7932	30.1723	6.26791	6.40468	1.50807	7.31383	12.3086	34.1154	34.0661	34.7956	34.3429	34.9421	33.5529	17.1078	4.69471	13.1004	16.5394	20.4075	12.6054	16.4926	26.036	23.0159	16.456	5.05071	14.6126	16.5214	13.7461	10.9998	9.0081	7.04621	3.54709	5.95972	2.6082	10.1921	10.8848	9.80102	17.2425	3.77073	21.8131	17.7142	6.09872	11.6283	17.836	8.63085	7.99763	13.6884	23.88	16.0222	5.33209	10.6593	22.2026	29.2756	27.0899	14.218	14.3721	10.7621	11.3587	7.33128	1.21956	11.9724	7.315	5.27032	6.8822	8.62067	16.1662	19.1918	13.0931	17.5004	25.7405	13.1612	4.71151	10.7327	19.0468	13.2959	4.94001	4.79997	12.1273	17.1155	13.8745	16.0864	16.0333	19.3782	8.50031	14.2418	17.9649	8.22146	1.62275	4.73064	10.8618	18.6152	21.8756	15.6653	9.13536	8.2187	16.5399	18.6574	10.6264	4.50169	21.7506	6.37355	4.96747	10.0241	15.8891	12.2658	23.0781	17.4555	12.5732	14.9436	13.1084	16.1528	11.1038	12.8091	13.8803	17.3748	20.8766	4.84375	24.342	34.9651	13.5447	24.4695	14.7862	8.164	19.1455	20.847	13.5267	7.49151	11.4701	11.8022	25.3508	21.9447	15.7812	14.9061	15.5954	16.2498	13.6969	11.6193	9.46824	10.2145	15.9302	16.2432	15.2803	15.3329	15.4838	7.62974	2.97833	4.05065	13.3631	18.9262	20.2733	20.9953	22.355	20.2287	15.0095	7.02814	3.47039	1.88305	0.930859	0.653899	3.11195	5.35684	5.00994	4.83504	5.72304	6.04326	7.35914	6.43715	3.14063	2.0699	1.79289	1.58741	0.593627	0.153792	0.15834	0.200521	0.254563
2.79023	2.95761	3.50266	4.21376	4.92786	3.90557	1.41868	3.28059	1.5437	3.15483	5.10995	10.5472	11.0466	8.79609	7.00744	9.0145	8.46914	8.47191	9.10286	6.55731	3.39523	1.9714	0.850532	1.81619	2.45131	2.98279	2.88402	0.31362	3.65757	1.49926	3.77355	3.13904	1.77462	2.69387	1.57613	4.03804	3.90319	4.84399	4.601	8.45024	3.68386	10.0675	9.76054	7.00145	16.0026	15.7396	15.2855	20.4046	8.79702	7.07739	6.39777	4.51387	3.28381	3.6552	8.41075	17.8156	23.7053	15.1681	2.75133	11.9668	16.55	14.6	6.35576	6.31141	6.19554	6.44557	6.83192	12.5346	3.86697	4.66602	6.6617	11.9183	16.1812	11.2059	33.0181	27.2143	10.3015	3.36565	12.8373	23.0947	5.09225	5.18455	25.25	11.1679	3.74913	9.74535	3.37374	31.5898	39.8743	36.6779	33.0145	31.2547	29.2408	17.4645	3.89189	11.7349	13.7931	12.3675	17.0914	4.25435	21.6615	27.3848	20.4587	8.08288	8.41183	10.5676	6.86321	5.3543	4.04304	7.03397	5.94678	3.42511	5.49491	2.09108	7.52144	8.36783	12.7762	10.9123	0.990189	22.4545	12.205	14.0193	15.7102	16.8239	4.14752	22.7643	28.5239	18.8548	4.55764	16.3739	21.3206	27.1634	26.3523	24.7704	15.1544	9.74012	2.81112	10.0171	9.17529	1.03087	10.4888	6.58686	8.39847	10.1334	14.0251	22.6448	10.3688	12.5354	24.6772	17.9191	1.50782	4.49563	17.0484	17.8625	9.14833	7.68475	5.65809	9.33622	8.71575	6.64179	8.56408	9.87176	17.9936	23.9648	7.62597	25.778	13.3048	14.7844	16.8232	17.0417	22.3747	16.5097	8.45391	3.61255	8.56897	18.8469	18.0707	9.47402	13.2621	10.3424	13.8658	9.65183	11.9157	23.1223	2.10869	23.6183	20.3247	17.879	21.5269	12.3734	8.75228	10.2064	12.6297	15.5901	21.9115	22.9516	22.5374	30.5892	36.1054	20.4802	21.3481	23.4449	14.2432	14.8265	14.667	18.7848	21.4365	22.323	18.6929	36.3212	33.5394	13.3997	11.0551	9.86525	10.8785	9.29766	10.7987	11.0018	12.0855	20.068	22.5677	19.5384	13.6254	1.60936	15.823	18.6972	13.9	6.77092	8.41158	1.00723	12.6738	15.8992	14.3912	11.1831	8.62115	8.99912	9.53441	8.70367	7.24009	7.98179	8.30667	6.66035	6.5947	7.71516	7.32332	5.2902	3.2592	2.20815	2.25635	2.26904	1.63982	0.957694	0.610393	0.275061	0.283529	0.240184
7.60696	6.32059	4.51604	3.73433	6.53072	7.92074	5.36124	1.44137	1.24439	1.95605	4.74333	9.23317	7.92165	5.4001	2.59578	7.07312	7.00172	6.97208	5.84046	4.63899	1.07405	2.01669	1.32439	2.22313	3.46298	2.53815	1.44528	4.76493	6.07838	3.4135	4.10528	1.85048	0.964889	2.75132	1.56159	3.94616	4.69832	4.26343	8.57436	7.62675	7.40057	7.6556	9.59371	11.9682	10.7071	9.8393	6.63178	16.4153	4.74887	5.30725	5.87459	7.21124	3.55046	4.53521	4.6587	8.69054	22.287	19.6843	3.421	14.632	12.7411	0.874425	2.20339	3.39326	6.89702	8.90824	9.41711	12.0381	1.04435	3.10066	11.066	14.6655	7.85996	21.8747	31.953	17.5749	4.24256	3.61843	13.0419	26.1518	4.85418	8.23178	22.0004	21.0767	9.49007	10.3199	16.471	40.5662	38.2255	27.6227	15.2593	15.7452	14.0854	9.05944	5.96311	10.3636	8.2651	10.55	15.2104	14.9618	27.3419	23.2414	13.622	1.16515	10.3281	12.1394	4.77835	5.449	2.70065	9.53325	6.22466	1.86051	5.01221	3.97886	7.05746	9.14134	5.64721	6.40974	2.74528	21.2106	12.4046	13.695	7.12943	10.3382	5.14053	34.3429	20.0711	5.91409	17.3219	18.4374	19.2295	23.302	22.7171	21.509	14.4853	8.28381	6.65704	8.67382	11.2593	3.7759	11.7828	6.69424	5.36891	10.805	17.2932	21.5287	9.44479	23.3512	16.1574	4.36593	5.21931	11.6016	19.6457	10.014	5.58108	12.6179	8.47825	9.07831	6.9829	8.90669	5.63116	7.01787	10.9115	30.2726	10.7842	25.9686	18.21	15.4461	11.4949	14.6115	20.9469	8.06681	2.2642	5.62175	12.5333	21.371	10.6585	14.9867	11.7741	2.57942	18.102	14.8528	8.84724	18.9882	14.7786	12.3962	22.209	21.9782	18.697	23.0104	0.991458	3.18344	8.56785	9.20228	11.7125	13.8359	18.178	27.1498	37.4544	22.2424	21.1747	28.0681	15.6841	6.63153	5.47406	11.5004	35.5637	37.3852	28.1216	44.0864	45.575	15.9184	6.34438	8.60976	11.1821	9.72185	9.06406	8.29774	6.76454	2.36365	4.34946	10.9597	14.9878	18.2738	14.1988	13.741	11.4985	8.24614	17.9781	18.6383	19.4662	13.0277	8.04721	3.90689	4.5628	5.045	2.56409	3.53139	4.44006	5.40999	3.42278	0.43751	1.61847	2.70857	1.57515	1.04929	1.29438	1.35151	2.22385	2.24695	1.514	0.926884	0.500488	0.108705	0.126774	0.0652229
6.27707	7.48992	8.38687	8.78764	10.02	11.7864	10.3426	5.76363	3.61996	4.41468	6.33761	10.5273	10.8175	6.91439	2.11033	4.96011	7.47607	6.12156	3.65379	6.31159	4.76218	5.00952	2.58172	3.90288	6.51448	7.91509	9.07506	12.3501	11.0356	9.41993	7.7845	3.42041	1.72165	2.70594	3.76106	1.71179	3.70536	4.80254	7.63597	8.23974	8.57421	5.53927	5.86232	7.6504	4.96843	4.64614	5.9421	12.4786	7.34176	7.47487	7.57356	8.95913	4.72164	6.38	6.41698	7.47832	17.6906	21.0789	6.58573	10.8165	13.7839	11.3007	8.99859	5.49721	5.04853	8.95202	15.1926	9.21173	4.44361	9.64647	12.2726	17.3337	1.49966	29.9948	27.5188	12.5709	2.25378	2.02381	15.2427	21.5332	5.88194	4.5156	14.3221	24.4903	25.3303	11.514	21.2329	36.9266	35.6729	31.4626	23.4288	16.9772	10.1618	3.44233	8.04944	12.7742	10.4012	15.3364	6.13634	21.8487	22.5865	12.7842	6.93047	12.1592	14.5727	12.6037	3.77763	4.762	6.69639	17.0788	16.2744	14.735	13.5373	9.67715	12.9508	7.78388	19.589	15.2803	16.5825	19.3207	21.7712	15.5202	9.709	11.1304	15.364	32.7223	17.2437	28.1051	27.7915	24.7772	22.9714	23.8886	19.6325	12.646	8.9446	4.3726	8.14379	6.3122	9.62243	3.6163	12.1325	8.78441	6.88901	13.215	16.7477	13.5075	19.4092	17.9003	1.22715	9.67609	8.14633	14.3148	19.8162	16.2201	11.8561	12.0481	11.1379	10.5521	9.88765	13.5528	4.69267	8.5685	13.7559	29.8539	13.8821	23.2234	26.7744	14.716	15.4895	19.7147	21.2353	13.8061	15.9695	23.051	27.0507	22.5989	4.77681	19.3389	14.8259	15.4963	9.5457	19.2367	15.4208	7.6637	20.0084	14.2316	6.93657	10.8355	16.0952	24.5217	9.0992	4.76363	7.98421	7.10266	14.0845	27.3743	33.3815	32.5511	32.4007	10.4795	24.1112	24.8498	19.4509	12.9759	14.8165	22.9231	40.6754	32.4113	16.853	40.7354	51.8272	31.7442	12.5506	7.85769	10.148	7.71954	5.90266	6.8062	7.45334	11.2178	21.3867	21.3479	18.2944	13.0153	4.30245	14.4721	7.51909	15.8051	20.049	17.642	22.4067	19.59	12.7722	5.43705	6.22979	7.09321	3.72244	1.2652	1.09298	2.04476	1.73982	2.71098	3.66663	5.0751	4.47133	2.96003	2.2339	2.30451	2.89148	2.23985	1.52615	0.962709	0.24783	0.0896246	0.0652106	0.153707
3.4147	9.0945	11.8889	10.3676	6.24591	7.55326	8.88734	7.76883	6.25758	1.9486	5.45808	10.9964	11.5598	5.94009	3.28171	2.55507	4.70733	5.74272	12.4318	10.1166	5.06518	5.26377	2.5352	8.56336	10.5276	11.9455	11.7093	10.1069	5.31603	7.63627	8.31276	4.28271	1.30553	1.09189	4.22038	2.95435	0.701488	3.89769	5.2328	7.57397	7.70088	4.65708	2.63887	1.73804	2.23996	3.87547	3.70374	10.1301	7.95549	5.54281	7.06333	8.26978	4.6812	6.14681	6.69233	5.44391	12.4821	19.6322	7.73658	5.48694	6.07663	7.91829	11.8979	11.3388	9.35257	10.5868	12.7062	11.8097	12.1835	15.6998	14.22	12.2141	10.363	31.4296	20.9823	11.8408	4.69153	10.371	16.8504	11.5584	3.08673	8.96677	6.69987	11.4747	28.3298	11.3001	15.1546	24.7513	35.4262	35.7814	30.5929	19.9226	14.7444	12.4963	5.91672	16.0127	21.0374	15.5091	10.4319	21.0112	14.4754	11.6467	10.9241	12.898	11.7637	3.9167	7.23556	9.81239	16.6877	26.1228	23.6217	21.1296	27.0237	13.985	9.00094	21.3859	18.2839	14.5325	25.7802	11.6231	26.5004	23.5251	16.7015	8.95502	17.2329	29.1436	29.8159	29.5924	25.5257	21.4839	16.3601	11.6431	7.72425	7.61224	13.9918	11.3074	1.64492	5.1655	10.6966	8.38338	15.3952	22.617	16.2687	16.0007	14.5267	2.96653	16.4622	8.44393	12.2415	8.81393	3.89966	8.84184	14.3293	15.7798	11.957	8.29047	10.0998	7.91573	5.76473	10.7959	16.1474	4.35385	19.4562	28.947	20.573	13.1517	23.6505	19.3888	19.2357	15.3921	14.1364	15.916	26.7942	30.7402	22.8873	7.3024	17.3749	18.9021	11.3508	19.7003	10.9434	14.6135	21.6092	7.21217	12.3676	23.9277	18.9528	14.9692	13.5609	17.0956	18.0839	2.17197	3.5785	4.54024	13.311	17.4404	17.5141	13.9512	17.3525	8.16925	26.5164	22.5251	21.6459	17.9797	17.7672	18.8015	30.4552	31.8755	30.1396	26.6742	47.2422	35.738	15.5193	12.7619	11.157	5.7787	6.0505	8.6188	3.0843	15.0669	16.0245	6.20403	3.37108	2.70342	10.7125	11.1539	7.49195	19.8327	14.0687	8.85454	15.6992	19.2868	14.1303	6.15879	7.69621	7.92798	3.61287	0.968166	1.60306	1.4635	1.48518	2.90305	3.17436	2.65671	3.17538	3.67924	4.10377	3.23657	2.87759	1.70441	0.686178	0.722381	0.474648	0.264391	0.132194	0.311159
8.21224	12.0734	8.81262	9.71694	12.6759	12.1723	8.90185	3.93195	5.18056	5.94895	9.13486	10.4124	6.45897	6.61457	7.72931	4.38374	0.564082	13.7273	17.9209	6.81762	4.96597	5.22159	1.09864	9.42029	5.05087	4.99566	4.81319	1.21452	6.4339	7.93874	6.91914	5.05026	1.9254	3.4795	5.90178	5.56059	2.14557	4.23543	6.65412	7.25977	6.43141	6.34902	4.35486	4.13261	5.23028	6.24487	4.80463	7.72566	7.56795	7.65439	8.70556	8.2889	5.77217	5.31444	4.62705	0.544938	14.2358	18.0431	3.20605	4.76643	1.06986	5.81558	6.70763	9.21318	13.823	13.0928	11.25	12.6542	16.5953	14.1687	10.2718	3.17877	18.1599	27.4563	18.8936	13.7033	7.86029	17.2073	15.4414	4.40324	9.61665	8.52354	10.0995	24.7935	26.8284	5.19781	10.4556	8.69319	24.8325	34.6258	23.7124	14.6131	10.9614	9.69241	4.20791	18.6507	24.2061	1.91663	18.5829	12.2929	9.41017	8.97556	8.49103	6.62369	1.61762	8.92367	13.8199	17.9564	24.4218	31.3478	21.9731	27.4894	35.9007	11.9098	18.9046	20.7141	10.5144	22.2394	25.9701	15.0672	21.037	21.3576	15.7327	10.1126	8.50025	21.0436	21.7734	18.4872	15.9626	11.6029	3.07755	5.0935	8.05178	9.68515	9.2009	15.3213	8.77692	5.81557	13.0199	11.7077	16.4272	16.856	13.167	14.7743	11.2012	3.62821	9.73294	8.88069	5.80918	1.73366	6.69412	6.82866	8.21789	7.60243	1.8112	4.11669	3.92671	10.8876	12.1232	7.95147	21.5525	25.112	34.2816	31.896	17.4183	1.84643	8.49123	18.765	15.4236	9.85457	12.678	18.9136	16.4628	3.21393	7.32151	8.50898	18.657	15.3461	3.60736	15.2257	10.1302	20.6212	23.5384	8.5737	7.52937	20.4713	25.0682	14.2676	13.6643	6.26643	16.3134	10.7121	4.535	2.72451	14.2289	16.6108	12.1766	7.89039	7.61623	8.98952	23.7918	21.0469	16.9765	14.5226	9.43783	17.7041	13.8467	14.17	32.2451	38.2323	43.2072	33.8374	15.6431	13.3292	10.3375	6.34532	7.62911	8.75895	2.39854	17.1455	12.352	2.01567	4.50249	6.84984	9.38935	3.73972	13.547	14.5082	5.27303	10.1619	17.6667	20.1562	15.1721	7.2862	8.03191	6.57736	2.62597	1.57388	2.51832	3.49425	4.13264	4.48667	5.23297	5.60128	5.08333	4.62001	3.95667	2.30809	1.50063	0.556943	0.434553	0.618396	0.761702	0.460929	0.347654	0.388679
7.8599	10.28	3.725	13.8445	13.5554	10.4038	11.0854	12.5169	14.7704	15.5103	8.67256	3.726	7.38985	9.66722	12.4549	10.4625	4.55502	15.0598	16.7618	4.24982	4.41358	6.16685	2.66552	9.25929	6.33424	2.04509	2.22228	3.04254	5.32924	6.14665	7.89341	8.18667	7.32659	8.06414	7.78582	8.07118	4.85466	1.5316	2.26329	2.4294	3.05343	5.6459	8.45759	8.74969	8.05803	6.66425	4.30211	4.72387	5.24374	6.46658	7.10838	7.33833	7.01133	6.33569	4.74016	3.0957	17.4179	15.549	3.16021	2.72008	2.56144	5.62576	3.52064	4.66334	2.95317	4.51064	10.1879	12.2635	11.5368	11.1179	3.89883	17.373	22.5059	21.8163	18.4381	14.1702	3.82222	17.4685	13.3951	15.2982	18.8845	15.0344	15.3547	21.3135	11.0638	7.69003	12.5629	13.4242	31.5854	34.63	13.7883	11.1865	12.6545	6.19984	4.74184	20.8681	19.5324	10.1989	17.0138	11.3884	15.0664	13.0281	7.95613	3.00833	12.8207	17.9581	20.0794	25.5422	29.7556	27.3128	5.46562	34.4182	35.3868	7.19199	22.0112	11.1116	20.1733	25.4479	25.4865	15.2086	8.45142	5.62672	14.0386	20.1452	16.8216	16.5611	14.0149	8.24375	6.18796	4.51678	8.96496	8.6468	1.60338	4.44115	6.01706	14.4192	10.7056	11.8343	7.45884	6.85156	7.91726	10.3242	22.0304	23.1651	21.4929	19.8616	10.8617	5.24967	6.25433	5.34935	9.48784	8.15492	7.96433	8.26403	7.37579	6.84029	9.11691	12.5064	18.4563	16.4267	15.3041	24.2533	23.1699	7.79674	13.658	9.45485	14.9258	21.7578	24.2967	22.2906	20.5312	14.0131	7.08064	11.5038	9.87106	7.46986	18.6982	15.3636	4.53114	20.8885	8.87083	24.1006	17.9421	6.62801	3.98074	16.5809	24.2277	13.7871	17.0763	11.456	11.8043	11.5357	9.18873	9.12346	21.1292	18.2039	13.9132	12.2802	4.73635	18.2866	19.4834	18.9274	10.8584	15.7704	20.9337	15.6057	4.34623	16.0767	25.3246	35.6919	37.2363	27.8823	17.0764	12.7796	8.84488	7.88504	7.91703	7.34258	5.20447	16.0184	9.82497	1.29055	4.75176	5.20822	7.41991	11.4953	11.866	6.05906	2.98148	8.49494	16.7152	20.6654	17.0097	7.60211	4.26595	2.95137	1.94555	1.21525	2.42783	3.11557	2.65669	1.73863	0.934319	0.973605	1.84794	3.05586	2.90439	1.6655	1.00625	0.247691	0.752802	0.15207	0.723073	0.194303	0.283248	0.521822
10.004	7.17058	3.06025	10.5702	13.0032	13.4181	13.7369	13.4635	14.5565	12.6829	10.0823	4.33771	2.59824	3.25808	7.66974	12.6879	12.1983	7.45745	14.9738	8.61862	4.07801	2.95797	4.44772	5.18335	5.82299	6.42236	6.96612	3.68391	3.15382	6.34809	7.61353	10.3604	9.09903	4.11474	8.2874	8.25001	4.92123	2.22775	3.59464	4.40705	3.51371	3.09013	4.6161	3.96591	2.86481	1.16404	1.70766	3.19257	5.0382	4.92339	3.62043	6.91791	6.26742	4.23339	3.41944	5.39906	17.1317	12.0477	5.00864	1.71378	3.76625	5.48567	5.83206	6.40308	8.18316	8.62845	11.5922	12.5183	4.62426	3.70236	14.6468	20.3334	15.2497	15.791	17.0245	13.5362	2.60922	10.7967	7.36172	8.90019	20.9207	21.6364	11.0625	16.3017	15.9622	13.8473	19.56	23.012	31.0544	26.6103	9.3066	11.6045	12.8703	2.21132	13.6281	18.8809	6.25041	19.5247	21.6014	23.5081	22.9385	17.6519	17.9978	18.3427	25.2657	28.0018	30.8001	32.7904	21.7412	4.85293	28.0541	34.7598	29.0954	10.0491	20.7723	24.2062	26.1697	18.3607	19.1205	4.89133	16.4769	13.015	6.92014	18.2491	14.6251	8.63874	8.77147	7.05935	10.6428	9.12574	10.0421	13.1545	10.5131	6.12818	14.038	15.2502	13.0835	6.49976	11.8685	21.2958	23.9551	24.1171	25.3772	24.5556	19.3821	21.5786	22.1266	22.5721	17.3867	6.61587	7.83859	7.15547	7.91582	10.2351	10.8138	15.2137	14.923	16.1319	23.6613	25.2893	18.8489	8.46683	10.8395	21.7443	18.8007	23.5963	23.0556	4.44258	8.2355	7.06231	5.33153	10.6576	11.9115	7.23561	3.11761	10.6898	28.5745	27.7497	23.2846	30.6312	2.51894	24.6916	19.7245	11.8929	7.80032	15.4692	21.3428	10.881	19.6531	18.2876	17.0476	12.9385	5.13311	16.8099	23.3232	17.9386	5.8762	8.88657	12.7141	12.0021	13.6459	20.0781	22.3101	26.4052	27.9892	22.5266	28.5286	29.2173	27.6947	28.4864	26.4528	20.347	16.7256	12.7607	9.0484	7.41373	6.73096	4.86222	7.44258	13.6565	7.55339	2.74718	2.19268	6.88968	10.3421	9.84056	5.2206	2.76485	4.1482	7.54762	16.961	22.3429	17.5015	6.74456	3.8609	3.4548	4.04322	3.98225	4.23092	4.47711	4.01102	3.49216	3.11995	3.08791	3.33534	3.96403	2.77676	0.810895	0.427822	0.439261	0.337874	0.350905	0.650841	0.153587	0.0485668	0.428372
5.12473	1.63351	5.15614	2.42704	8.55642	6.1944	5.54421	5.91777	5.57376	8.01033	6.63456	9.86191	10.7593	7.09122	4.52956	3.83399	11.5987	1.7221	9.10011	7.27093	8.14366	3.84598	2.61931	1.21473	2.22305	5.4785	6.78607	8.84017	3.79577	4.47308	1.29116	3.22718	3.53081	4.64669	8.70328	6.50774	5.34835	3.99812	3.7351	3.42066	3.4877	6.09215	4.22697	3.6384	4.92183	4.43081	3.7716	3.99026	4.22285	2.95541	7.50192	8.13267	5.72868	1.84312	2.30213	7.81712	13.5549	6.44551	3.23103	1.97652	1.90651	1.58547	2.08773	1.4522	5.69739	10.3295	15.5751	14.8572	5.19124	12.6431	11.0025	14.6854	14.8763	15.0316	15.0648	12.0713	2.18629	5.24406	8.11078	21.1366	19.0818	20.3394	5.84994	11.4193	23.1309	6.58084	22.9576	15.5351	22.1851	18.7953	10.5722	16.7234	13.927	3.92731	18.7534	8.11228	17.1093	22.1452	20.3886	21.9512	14.8098	15.378	23.2344	26.161	25.7486	26.8061	24.16	14.2827	13.3663	28.986	28.9244	26.9401	27.7704	23.0317	26.7728	27.9787	19.6888	12.6177	14.5921	15.1142	22.1996	19.9201	14.6402	7.03314	10.3101	13.1456	15.9345	14.155	11.6158	17.2396	13.722	5.85646	11.4988	13.255	14.0978	8.6846	10.091	1.59215	18.2382	8.54384	8.43809	7.65269	13.2799	18.8542	5.95685	9.33332	15.6022	17.5757	15.4892	12.2923	2.31223	12.4157	11.1672	9.16845	9.55737	11.3949	9.48576	13.0095	15.3461	20.1807	25.6809	10.7513	18.3004	8.17879	25.7246	35.3439	10.1085	24.0055	25.4852	25.3257	19.9691	16.7392	14.3932	7.94021	4.97937	18.6133	35.2632	28.7219	29.1615	37.5549	7.16767	21.8904	21.9202	17.2734	8.32217	14.1178	19.9286	2.39582	18.4121	13.6476	3.04669	4.49577	6.94757	18.4715	19.8556	16.9978	14.5551	23.2894	18.9276	4.30035	13.3072	17.6235	18.1976	28.0255	32.9795	33.3238	31.7739	26.3985	24.0057	21.4794	17.5974	11.2456	9.25796	3.39047	2.66677	6.57837	8.34797	6.34051	10.7902	9.15227	4.33161	4.1362	3.32388	3.33949	1.94412	5.5119	5.73576	5.23524	4.79695	14.3936	25.8408	22.6418	13.0274	4.73595	2.69785	2.66492	3.921	3.48444	3.43665	3.4573	2.66732	1.88696	1.51183	1.55378	3.50797	4.93931	2.56486	0.0895393	0.316184	0.633091	0.651476	0.58432	0.268609	0.19423	0.130297	0.414877
8.53339	8.34045	4.19936	2.94139	6.39549	3.31574	5.73672	6.17926	2.81367	8.09307	5.38639	9.00939	11.9277	6.54602	5.93795	8.19427	9.36776	5.60615	8.78675	9.25161	9.42031	5.47077	3.64023	2.46494	3.22158	9.0125	6.87424	11.0915	8.27555	7.42207	6.41532	6.6874	6.03782	4.83583	5.06958	8.84224	9.78659	5.90647	2.67007	2.41171	1.50549	4.19472	4.99293	4.15723	3.2756	1.8036	1.00454	2.7696	2.67234	9.03567	6.4496	9.13881	5.60079	3.14656	5.15466	11.5383	6.13895	4.48878	6.57817	10.3638	9.05992	5.57803	1.30055	2.34163	6.82996	13.4118	18.4928	15.0676	10.677	16.0429	6.23191	12.0112	17.3088	14.1516	12.2224	13.0461	4.51365	6.27165	18.0764	22.2614	17.8437	19.7529	6.39781	11.1879	26.6142	7.31997	25.4195	20.8744	24.1508	22.0651	13.887	21.577	14.2049	10.6404	17.8454	6.15904	24.4745	18.6083	14.6372	17.3519	15.231	22.5552	27.7193	24.1864	15.64	19.5424	5.17892	24.2018	32.7806	25.2546	15.1076	22.3943	26.9938	21.7391	17.8506	17.8812	12.8158	14.7461	15.1677	24.5368	24.1845	20.3114	19.7698	1.44072	15.7307	23.5418	20.2212	8.79268	9.0475	16.3032	12.7646	2.18275	7.31321	14.4221	8.62902	1.7711	9.04762	3.19001	17.0939	16.9052	11.6771	8.64385	15.0272	18.4216	3.64159	4.79495	4.17771	8.88051	12.2564	12.8513	10.4	9.49907	12.4982	10.7157	13.7935	6.52391	8.00524	22.0083	25.5199	28.2926	26.4032	7.82178	16.0299	6.43272	32.2634	33.5891	7.5453	29.2091	8.81852	12.4413	7.6487	7.64095	18.5069	21.5125	14.072	25.4818	40.8724	26.9831	32.9624	42.3723	16.4589	20.1666	29.1293	23.4728	4.51103	13.19	18.5665	6.25518	16.5672	22.0117	16.8846	7.57933	11.281	18.2893	18.7113	12.1725	22.4257	17.9615	17.955	22.2793	16.5412	4.11946	6.98596	15.5597	23.7378	23.8702	19.0282	18.4121	19.2603	16.4267	12.1527	5.09057	4.37804	5.04637	9.79166	10.5298	12.1981	12.1398	15.6801	9.66075	2.76796	4.50689	9.51471	11.2893	16.7687	18.137	17.074	16.1131	12.0313	26.4562	28.0454	14.2181	7.06245	3.23964	1.71205	4.57779	3.53528	3.98194	4.79605	4.19521	3.38754	2.39048	2.02585	2.71901	4.65149	4.50973	1.56526	0.184227	0.373533	1.11584	0.813794	0.875193	0.532269	0.158063	0.0485485	0.26502
4.39872	0.81913	5.23319	4.03846	5.65226	5.66412	8.23143	7.99376	6.80608	7.76774	9.49436	8.234	11.5423	9.22712	8.77026	9.60372	7.92965	6.57022	5.22263	9.7654	14.3323	1.36662	10.5991	13.0313	14.8534	12.8069	7.17729	9.44678	7.55652	4.56478	3.39621	6.0605	8.62891	7.96434	4.54086	1.76677	7.2227	7.50934	3.71536	3.46708	4.00834	4.31202	5.08709	5.10978	3.26896	0.772969	1.42188	4.70255	7.93591	5.66991	3.75605	8.76663	3.13189	4.40537	7.76016	4.66173	10.223	13.0455	14.8662	12.245	11.5654	10.2303	8.84973	6.18463	10.0286	18.5346	18.0937	9.24963	13.0018	16.1559	8.2663	13.6675	16.0659	9.96737	9.86664	14.0081	9.93529	8.40773	21.5535	17.8673	13.1036	10.5905	16.805	14.4703	27.7594	18.134	14.194	20.4249	22.4904	27.2391	27.3436	27.6945	13.604	17.8252	12.1426	19.5486	24.3114	12.6083	9.52967	18.1017	22.3531	19.8476	12.3312	15.6467	5.27758	15.3144	27.1266	35.639	33.6115	27.0858	23.7547	25.5736	24.3598	17.5941	10.8002	12.3592	11.756	13.9013	7.49357	27.7968	21.598	23.4226	10.3867	22.5196	33.0107	30.565	16.3283	7.78241	13.4056	16.3642	10.9624	4.46701	7.05153	6.96696	3.5537	5.67064	11.4301	15.2631	8.4678	5.61472	11.8818	11.879	21.2892	20.7131	3.3516	1.78792	0.12658	7.03503	14.0542	18.6377	18.642	8.29467	8.86103	9.69778	14.7181	5.63666	19.768	31.5846	27.3131	17.6288	9.71651	5.16822	11.1895	20.2537	33.2051	26.2902	10.6805	25.132	9.37175	6.35123	12.3571	23.7168	35.7275	38.551	30.9243	22.3121	41.9353	24.4043	29.7864	43.4567	34.2779	0.805752	30.8589	27.6963	8.51925	12.976	14.867	10.0085	3.53388	11.761	16.2291	13.8593	6.90967	20.7948	20.3442	7.71218	17.1969	13.7546	4.80409	8.08143	17.0581	11.7192	5.32962	12.0146	15.9813	18.5925	18.1186	13.7668	2.98278	10.3032	11.6448	5.14926	4.06423	9.99169	15.7405	17.6698	20.5027	17.3561	10.261	5.57195	8.99688	11.5204	15.8635	19.3727	21.7749	19.3095	20.2039	23.6783	23.5509	24.7472	18.3876	5.31148	3.69408	1.97076	1.70942	1.9036	2.84599	7.38959	7.80244	5.99649	4.45996	3.03337	2.98797	4.09078	4.47451	2.73153	0.558081	0.153498	0.481976	1.1593	0.662663	0.432509	0.57348	0.253159	0.330647	0.217077
8.71697	7.96176	9.33373	7.63853	8.91519	7.1939	3.55815	4.76776	7.88609	9.66604	6.52169	2.72396	6.6598	6.21298	9.01673	9.27445	8.34138	6.05339	3.15715	12.0684	14.3485	13.1266	17.8084	14.2105	13.5695	9.98071	7.23949	7.45398	5.20748	2.90929	0.560073	3.41686	3.93655	4.82395	8.74372	7.27509	4.94516	7.61919	9.0561	9.80971	7.05934	5.34802	4.97548	4.20177	3.36049	2.36519	4.90114	8.32708	7.07914	3.178	6.48832	7.71909	0.829245	5.78783	1.34907	11.7298	16.8049	23.6272	26.7097	8.71623	9.51972	14.5837	15.2853	14.7577	18.3326	21.5639	13.4431	2.36519	13.3728	15.5437	8.56301	11.2888	13.5137	10.3597	9.03796	11.9382	11.009	6.09891	21.466	14.4931	14.7062	8.2721	26.457	16.3932	26.6472	28.3533	19.7595	11.7625	13.4299	34.3343	38.5144	27.266	8.05021	22.6349	6.36788	17.1867	11.6095	9.79645	17.2121	22.0341	17.3431	7.80936	13.3031	17.7548	22.4412	28.2505	35.3915	35.5776	29.5187	27.5641	29.1864	28.0364	21.6622	15.3068	12.9234	9.80168	10.9378	11.3445	8.55736	26.7446	13.5946	17.9502	7.52066	29.9832	20.0657	6.88783	10.8869	9.13135	12.1175	19.5684	12.5376	7.94879	7.06193	2.73102	7.86118	5.81728	4.05107	9.19978	11.1621	8.56827	2.1405	8.89617	22.8014	21.7283	8.85983	8.50277	4.83476	4.09743	11.3575	16.8076	22.1493	14.0585	16.1032	14.4481	4.97132	23.0196	37.0192	32.2942	14.18	3.51126	5.11781	0.945468	6.97941	16.7571	22.6822	20.4522	6.9566	24.098	16.5977	11.6868	18.4991	32.1328	31.7821	35.2566	41.6405	18.3278	34.6199	36.3283	16.0203	36.2478	39.5623	11.2957	28.3776	24.8593	12.7312	8.42144	13.6373	9.86165	15.6766	18.9757	15.0384	13.1141	7.65523	23.2648	15.5237	4.66486	4.78542	12.6305	14.4165	4.3909	15.4775	15.4394	7.67383	6.04172	6.98533	9.82909	11.1089	11.989	17.2381	16.9155	14.6484	6.52281	9.06159	19.5892	22.495	19.7737	17.8691	12.7957	3.40971	6.01056	11.536	11.7567	11.286	14.282	13.3954	6.41895	6.86035	9.69994	5.88392	12.2516	16.3023	8.26915	3.78262	2.09991	1.02936	1.04729	5.88592	10.3609	8.52286	5.98362	5.07954	4.45183	4.32446	4.24953	2.71311	1.01648	0.165287	0.194119	0.668562	0.708565	0.438918	0.400195	0.42139	0.214848	0.186707	0.343171
6.83738	6.78135	8.17224	6.22956	7.24104	3.93725	2.32662	1.72255	0.641108	2.69858	6.89451	9.99977	8.03239	2.5589	6.57937	5.33079	4.19783	4.19863	3.39528	10.5876	13.9603	15.4691	9.5361	2.63021	1.03103	4.03484	6.42961	6.69046	5.64221	4.09824	2.01741	3.68281	3.4028	3.52787	3.81374	9.46725	0.61717	5.63018	7.58944	6.79841	5.18566	1.86105	2.44551	2.4308	3.17113	5.31483	7.34856	5.70289	1.97907	5.28489	7.30083	6.32754	0.868191	5.15833	5.08241	12.9497	8.52616	13.6356	29.0662	20.9078	6.31198	10.04	12.5811	14.5166	17.2142	13.1306	3.55631	2.06097	10.3564	15.8984	8.64451	9.88275	12.4923	11.841	11.226	11.774	11.4627	7.16056	20.9204	13.3366	14.1834	8.97585	28.8891	13.5433	20.7485	28.4437	31.0138	22.2474	8.72883	42.9432	41.1295	18.9304	1.46964	22.6142	4.76145	14.7316	10.1129	17.7423	25.2778	11.8813	9.68905	20.1019	25.4135	30.1039	32.341	28.5931	27.5173	26.9434	19.4354	14.8441	15.3377	17.2103	15.8664	14.1774	12.9359	9.27319	8.16067	6.41152	13.453	27.3307	14.1107	19.5823	7.51788	31.2033	20.3569	25.902	24.6624	16.0692	6.82514	23.0186	14.1493	3.52052	2.2957	8.62078	6.20943	5.38293	9.9208	7.03164	5.94053	9.62947	4.18198	6.44331	19.1821	19.9777	11.5442	8.88837	9.61147	8.53827	11.6987	5.57086	19.9124	15.7432	15.6773	5.62491	20.1805	37.7311	34.0405	20.1645	11.5923	10.999	13.6735	12.175	7.43092	8.22468	19.6433	23.6305	1.74958	25.0474	20.4106	11.9856	8.64946	20.8505	21.1206	6.40333	32.3796	29.1575	12.975	33.9847	21.3607	30.8957	40.6956	7.67825	23.8532	21.8059	16.4066	2.70342	13.6995	3.56276	11.5041	8.65926	9.00495	7.69507	15.1064	23.1464	6.89719	3.90115	5.48287	1.93727	12.5619	5.04821	17.7554	14.1823	7.11952	2.60458	3.17598	1.58737	8.27919	24.4214	14.3907	17.2987	13.679	7.36638	14.6287	20.0435	16.0219	6.55221	16.3984	13.1529	6.37985	3.02336	10.8771	17.9014	10.0617	4.79796	2.36832	10.6439	21.9126	26.8457	24.6416	21.4081	20.3975	8.57806	3.93476	2.67975	2.4976	1.86303	9.19449	10.8412	5.42953	2.92588	2.3585	2.48603	2.55899	1.93491	0.626255	0.325481	0.151897	0.350556	0.734208	0.407683	0.218079	0.226553	0.200057	0.223404	0.264868	0.506575
6.79084	7.23677	6.00506	1.61966	5.92518	6.99731	8.60877	13.1229	18.2232	19.4751	19.2148	18.6362	13.0888	11.0162	5.83834	4.14668	1.24236	2.00193	1.75453	4.90382	4.50514	2.37152	10.9502	12.0104	7.39574	3.87245	5.80609	5.28073	5.03527	4.73494	4.03052	4.7898	4.04156	3.62197	1.47278	8.91577	6.44237	2.92643	3.40574	4.07475	6.46357	4.807	6.63484	4.85526	3.87349	7.58093	6.788	1.36514	4.39424	6.31867	6.36852	3.75583	3.30739	0.517491	2.20297	8.29364	11.255	13.9633	27.1168	19.6048	9.99113	7.10142	6.1903	10.0844	6.16052	3.46345	6.37758	5.86282	6.54944	15.9867	8.29682	9.21626	11.4679	12.3176	13.9008	14.154	9.21554	14.1805	20.3302	12.5646	10.5917	20.5697	27.7614	10.6555	14.8821	21.0059	20.9224	24.092	10.1671	46.4537	36.3607	10.3651	1.58466	19.0047	8.83471	19.3395	22.8344	19.713	16.1265	13.6339	23.5282	26.4743	29.5764	32.0846	32.4076	27.3013	21.3989	18.6281	11.7405	8.75735	8.35981	12.7095	8.88176	7.86631	8.14988	8.43235	6.76257	1.70115	25.4304	25.7366	3.07868	21.9703	9.88737	25.9986	18.3393	17.8278	13.8886	15.8773	9.38165	21.2548	12.2126	3.44776	6.32026	12.4661	3.61327	11.4846	5.10326	7.88912	1.7959	8.11103	6.09622	2.1195	14.4011	17.7137	7.51668	2.54781	7.88121	12.7386	19.6727	10.3502	15.6255	7.91653	3.54715	24.78	35.389	32.1171	10.1736	3.32188	13.8104	20.9485	16.5055	8.76803	7.00178	9.70169	17.2706	23.7394	3.9404	21.9697	25.3306	23.3784	19.3414	20.5777	25.3605	16.4958	29.7856	23.7339	7.02055	13.9168	21.4692	26.507	33.5085	9.2895	18.8861	23.717	14.1268	11.4807	12.679	6.72334	13.676	17.1311	13.9889	8.68852	18.8282	16.8649	6.75291	7.20323	7.16099	3.23366	6.81298	11.6775	17.1219	10.4185	2.85833	3.18662	4.79454	5.11129	10.7521	23.7479	11.2675	16.3824	12.2486	12.0978	13.4184	10.2232	7.94249	5.18044	18.7156	12.5114	11.0495	12.109	13.409	16.8453	8.38172	6.4649	9.21125	16.482	24.2251	19.785	9.03259	25.357	21.6147	6.84548	4.03285	2.03775	2.49233	3.66458	12.1276	9.96506	2.66163	1.28876	0.927504	0.809971	0.933809	0.777653	0.459702	0.308339	0.030683	0.30451	0.826066	0.468325	0.28288	0.419011	0.524744	0.429554	0.343026	0.689103
4.87007	8.81923	11.3249	8.37866	9.43645	15.9538	20.5002	21.6181	21.9809	23.3527	23.4853	19.707	18.1131	18.5048	7.49367	4.95778	0.521463	7.95564	13.0414	15.5385	16.8113	18.6778	19.1822	17.4873	13.6077	2.41254	4.71489	3.86843	3.79939	2.78952	3.14041	5.16745	4.10685	2.46152	1.46783	5.47028	8.27378	7.79367	8.53031	5.7097	5.15667	5.81012	7.39279	3.2275	3.85246	6.93144	4.06252	3.3919	4.7182	3.5358	4.44294	8.05922	9.35619	8.24048	5.97682	6.47114	7.7296	8.24426	17.3865	21.1029	22.7006	21.098	12.3427	1.43653	8.51137	8.90073	6.5236	9.94219	7.79197	15.8908	10.3774	12.1789	12.8425	12.1963	15.0215	15.4415	4.42398	19.3106	18.6878	10.7276	4.83753	23.7702	25.1472	10.7645	11.9715	9.09483	20.1912	28.2086	15.1288	44.2641	30.7563	9.25721	3.82645	12.4338	9.36772	16.7612	19.3846	15.2672	21.4689	26.0083	27.9994	27.5772	30.6097	30.2862	26.3929	22.2538	19.8553	16.6212	11.4029	9.64858	8.28388	13.5178	7.96091	5.34248	6.60455	6.94826	8.22155	12.8473	24.6939	13.7479	18.0945	18.5172	10.1679	22.355	18.3962	7.14816	16.2696	9.53366	10.4334	15.1867	7.79539	4.69515	8.04181	8.47797	7.04374	12.0462	1.48568	7.21584	7.49266	9.79886	14.7931	8.2996	8.80386	17.5968	16.4716	11.1926	11.8989	5.61603	17.3862	23.3112	30.8803	32.6966	36.1707	39.862	34.5272	16.9744	2.95383	9.66096	15.1914	10.978	10.9296	13.817	16.7351	19.5938	19.3503	13.0013	8.99336	10.1683	16.1667	14.6087	22.1117	28.4131	35.3318	35.0014	27.4929	1.02882	15.9619	11.2085	2.64071	7.86915	24.2174	22.1813	6.98006	24.0174	26.1311	23.691	13.6381	7.88161	7.62881	14.873	18.273	16.9045	14.1515	6.44567	15.2746	13.6512	12.7731	3.57632	2.93	11.7097	8.34661	6.16384	3.97644	7.36984	7.11413	9.03627	16.8822	17.687	8.7889	10.3437	6.22316	5.95459	4.68204	6.18924	14.8967	19.8518	23.2192	19.9487	17.2153	8.5498	0.85584	11.2961	8.511	9.14319	13.1914	18.3882	20.5176	6.64018	19.485	27.9661	17.0777	6.15298	4.6275	1.54993	1.81387	8.39416	10.9923	6.66268	3.3486	4.2414	3.7021	2.68263	2.04607	1.46333	1.11962	0.312824	0.390437	0.616576	1.10633	0.88927	0.414416	0.370662	0.22121	0.20464	0.233626	0.802794
13.229	20.3687	24.914	24.0995	12.2069	15.2496	11.1598	6.26453	7.80621	7.12482	7.52236	6.53702	17.6299	22.5527	10.0356	3.98841	12.1436	16.5734	16.5556	19.8191	22.2365	21.8348	16.8835	19.5231	17.3202	3.99049	5.44906	4.825	5.3662	4.12477	4.9378	5.12622	3.3952	2.50556	1.61148	3.27881	7.02623	7.32516	8.02798	7.0043	6.33783	4.86957	8.44832	3.35277	3.04762	5.12533	1.31052	4.57896	0.974157	4.67618	8.8964	9.48544	9.00137	9.91247	9.55641	8.56042	6.96496	0.644791	8.95874	12.1434	13.6808	22.3698	16.5604	12.9011	15.1115	9.73061	16.5684	9.81783	11.8186	17.4385	12.9812	12.6157	13.6187	15.8576	18.6084	12.033	2.18201	15.5459	18.2249	14.9666	7.9266	21.9467	25.9654	12.5537	8.05932	11.969	21.3925	33.2573	12.2577	36.3293	30.5625	22.9529	16.2323	12.583	12.617	16.6607	30.3094	34.4171	33.5864	31.8607	28.7292	25.7743	23.5439	20.7553	16.6209	13.3645	12.7544	11.874	9.23826	7.93415	5.04925	12.2993	7.91427	4.92143	4.21579	4.55616	12.763	13.2221	16.0726	24.0355	22.2674	17.6273	12.8613	14.8002	18.2584	23.385	14.2508	3.18942	12.0711	7.31294	6.00754	8.87168	13.2784	9.46732	6.90095	10.0526	6.73056	2.221	15.5831	3.52194	13.0115	6.3249	7.92928	17.0571	20.1067	11.4536	14.3047	12.729	23.1949	34.8445	38.5127	37.265	35.4461	28.7317	12.4734	4.91911	3.02455	10.5084	15.5321	6.46175	2.54016	4.32934	2.83181	6.24142	7.25716	2.07444	9.8201	26.6275	35.3091	27.5495	11.7445	11.724	22.0876	22.3875	14.8301	16.8891	6.14406	14.0346	13.3623	15.1144	21.3603	26.5634	10.474	5.67181	16.9228	20.9475	19.8127	13.3305	9.25073	10.4818	10.4101	5.84366	2.57827	10.028	12.0944	13.3803	17.0922	10.3952	9.21561	13.8234	12.5525	10.8858	8.32935	10.3983	11.3239	11.5357	18.3128	9.03558	2.06389	4.16106	4.0801	5.11167	2.32283	8.20723	13.9118	17.3076	17.8274	11.1431	4.29859	14.665	16.6109	16.8599	12.8823	15.1932	17.5214	14.6721	10.4312	3.61076	19.8303	22.6268	11.0822	4.85513	4.23688	0.58394	3.56453	8.01977	6.17822	5.84924	5.93841	5.01908	4.02861	2.55488	1.80347	1.65471	1.63225	0.174846	0.689187	0.617215	0.958076	1.05743	0.368686	0.252919	0.145485	0.498792	0.599833	0.264716
14.1439	19.177	17.5232	23.5771	22.6283	9.86461	10.0933	4.56782	8.24788	9.35314	6.02917	3.01067	16.7215	24.0524	8.51861	7.82303	15.0014	12.0585	8.98499	13.0786	12.2125	11.4651	7.28546	22.3182	15.6977	4.30528	6.23229	7.196	6.25973	2.15604	7.5327	6.70995	2.64788	3.6875	4.12558	4.50274	4.55784	4.44608	5.5125	5.4813	7.3219	8.62518	8.06935	4.00768	3.83273	2.8924	1.84556	3.12399	2.64766	5.71901	4.611	3.47331	3.88697	5.03925	7.79979	9.40562	8.17415	7.91392	10.3197	14.6812	16.5102	18.6405	9.4966	15.6818	5.23997	17.8065	17.73	3.88978	14.5657	19.263	13.2126	11.3847	14.5502	21.9395	18.4318	4.65674	8.11686	5.30034	13.1291	18.7766	13.5397	20.2532	22.9484	14.1264	5.43831	10.1946	14.8246	31.2166	12.6898	23.2352	28.6196	22.8835	21.0197	19.3451	13.0727	14.0133	20.0289	24.8166	25.1741	24.3285	23.2729	20.4085	12.933	11.213	9.8722	7.88668	5.97267	4.69361	4.37242	6.3997	1.80548	12.6211	9.40227	4.49269	3.05412	4.86994	12.0126	15.4927	14.4997	10.3288	8.91849	8.19775	4.5354	9.48842	22.0112	26.7057	6.79395	14.4485	9.72428	3.51351	7.20318	6.71749	10.5615	6.59765	14.0382	14.5953	10.3118	5.89619	16.0997	15.4594	18.3226	6.66901	11.2032	13.1598	19.2631	18.9859	14.6613	29.3466	24.1955	18.1859	12.6526	8.15866	4.74697	9.96703	16.7755	16.0587	11.1572	9.53646	13.7606	6.11305	6.17113	12.7869	19.4241	18.9602	16.9282	6.76079	13.6039	39.7894	39.9214	37.0288	34.6609	12.0921	14.7871	15.5752	17.237	15.38	6.50782	4.02799	7.60677	9.65294	17.5696	23.509	17.5153	20.7827	17.6472	3.03317	14.5373	11.5559	9.67837	13.7207	12.1396	1.86671	4.83009	10.1041	8.49049	3.24686	13.3993	8.68395	11.6874	15.474	14.5641	12.4291	6.41353	10.2582	12.7776	7.89683	15.9172	8.2228	9.31998	6.19924	5.14709	8.41623	8.53967	9.98683	11.9272	4.27952	8.21283	16.2191	21.575	20.3386	13.2424	14.8521	13.5063	16.516	12.5499	8.1395	10.2109	10.867	22.0776	25.838	12.8757	6.15271	6.15927	4.23091	5.18167	6.00216	3.84013	3.51424	2.60471	3.5125	4.12109	2.58284	1.60614	1.94839	1.60613	0.108412	0.660841	0.282703	0.855229	1.00035	0.131894	0.261096	0.508053	1.21427	0.878046	0.736524
18.3065	19.4276	16.8028	12.0829	21.63	19.3118	18.0557	14.6035	11.7191	7.80872	2.62302	3.25707	19.7511	19.3817	5.89631	1.36418	14.5991	12.4152	9.36758	11.5338	11.869	3.27207	13.4114	23.1079	11.4042	3.41704	5.61868	6.76676	2.2188	6.36498	8.88188	5.65097	1.58587	2.63592	3.5262	2.68811	1.87855	2.22836	3.93944	5.5646	5.96379	5.85794	5.46892	4.38813	3.94224	1.58448	3.50388	0.804394	2.25472	5.08905	4.6694	2.08579	0.542388	3.5176	6.11886	8.53017	7.256	7.48754	11.3354	9.18372	12.26	8.34518	12.1472	9.46541	12.6166	17.2488	14.4086	2.63408	15.5851	19.4929	12.1848	10.7473	17.3839	26.349	13.1803	8.93183	9.2513	2.30657	4.27755	10.4534	9.67414	14.7893	16.7487	11.7594	7.58579	5.36743	6.87708	23.1424	26.0328	10.3126	26.142	8.33689	16.8384	15.9614	6.2626	14.3721	14.1403	10.8223	11.5553	13.5884	13.8276	11.7096	8.57833	8.91662	8.92189	3.48316	1.96778	1.58586	2.72807	6.62815	4.45172	13.8753	11.5984	1.80767	3.21354	6.22904	10.4066	11.279	7.25435	4.5861	6.91142	10.8017	20.1583	15.8173	12.2739	21.3916	17.3361	14.2558	6.27841	11.7088	4.81098	3.68122	14.0082	19.0289	21.5387	16.3269	13.9932	11.5558	14.2618	15.6182	3.37377	13.9485	14.9964	6.8169	12.1651	16.0572	12.5542	27.8353	20.851	7.50884	1.42496	6.18095	12.8357	19.1211	18.1328	11.4065	14.0749	8.52612	12.2738	5.39925	6.87167	14.3855	10.0283	14.0145	10.8531	9.98422	23.9148	47.1165	25.1732	30.7191	38.3014	5.95855	22.1831	19.039	19.3957	15.5719	8.74866	4.28704	3.65977	4.1518	18.0505	18.5861	17.4542	18.0465	23.6045	6.75084	7.85567	5.81838	4.82533	13.0522	14.9847	6.96855	4.46857	8.42319	10.7356	7.47046	10.3094	1.28545	1.26013	7.77967	13.1756	12.2165	5.09618	10.2016	7.55165	4.46755	10.323	16.2492	12.7008	13.3893	11.0406	6.56159	11.3882	12.4406	11.3458	4.39107	12.8813	16.7555	16.4538	11.4827	11.6572	12.1038	11.9158	11.128	5.93015	8.84286	17.4875	12.7205	20.1278	27.7642	13.5328	3.97117	4.19521	4.28324	6.09328	5.56197	2.65121	1.98843	2.6451	4.44498	4.55959	2.61015	1.70013	1.93291	1.02796	0.199862	0.513904	0.352907	0.969391	0.988823	0.261048	0.51161	0.455247	1.35027	1.04226	1.4103
18.7841	19.3903	14.2241	5.89431	9.87406	8.4873	6.91549	4.59255	3.06517	0.47338	4.9586	10.1959	22.1282	10.4096	5.02337	10.1666	15.4371	19.2916	8.66884	7.51457	12.4237	2.04088	15.9961	21.0903	9.38071	7.15317	8.45634	5.3952	4.374	8.59986	6.3241	3.49549	1.05683	1.9364	0.997171	0.938977	0.997174	1.52201	2.45127	3.49031	3.10951	2.94781	1.69854	0.277578	2.27728	3.74439	0.775393	4.50752	5.29971	5.03978	4.40974	1.99374	1.92941	3.4142	3.39894	7.37241	8.35517	11.7764	11.2066	8.93896	9.9607	2.07359	13.0561	8.32379	16.6113	14.5122	15.9432	3.7996	16.445	19.2163	11.4422	11.843	21.6273	26.4772	8.1515	10.5768	7.81455	2.43939	2.45388	6.21681	9.78305	12.5623	12.261	6.22809	8.69483	8.28432	10.7591	23.1128	33.3568	17.2602	28.5849	14.0188	9.83325	14.5695	10.4964	22.1088	21.519	16.2005	11.6734	9.01736	9.33044	8.74314	9.02522	8.66964	8.03909	3.36808	3.08829	1.59974	3.33266	6.47631	6.52067	13.6112	12.6926	0.688816	3.85803	10.16	13.8252	17.4846	19.3385	20.8669	23.7606	23.0219	21.8766	12.8842	5.05049	11.5975	13.1547	8.87632	8.54556	14.4873	14.4987	20.0763	22.8822	24.7376	20.3109	12.9054	9.71945	11.4536	13.8446	14.8833	16.9827	14.0963	9.12189	5.41641	9.97744	13.294	12.3374	23.4919	22.6485	4.73706	7.98585	5.31885	11.1894	9.0113	5.23579	14.8731	13.6986	8.16361	10.2877	7.19946	11.6752	14.1897	9.26113	18.1832	11.2276	8.67442	31.2697	46.318	13.5287	36.1752	37.6931	3.77862	22.2282	7.93345	7.87892	4.76185	6.58602	10.2146	11.4363	12.4255	10.0759	9.42949	7.04492	19.6825	22.8742	10.4455	3.89982	5.51885	6.62866	10.6785	14.4942	13.9511	8.60673	9.38203	12.809	12.0091	9.75521	5.56816	6.67862	10.5182	12.1583	9.49324	5.12642	9.199	0.277562	7.6094	4.74556	6.03992	5.42594	11.9837	14.45	1.96731	11.7697	12.694	10.0005	7.66277	12.979	9.65006	4.15897	4.23332	7.22948	6.07703	5.18661	0.691204	5.82502	17.4842	15.0502	11.4317	21.0557	30.2687	15.8257	6.56044	6.89763	8.00171	9.66111	8.90695	6.77391	6.1069	5.79757	5.75921	4.63822	2.38324	1.69512	1.4802	0.387714	0.221036	0.21674	0.325127	1.00746	0.922032	0.390739	0.68537	0.721745	1.50908	1.26991	1.70681
9.49428	6.70842	3.07511	7.27188	6.50548	2.40742	1.44242	4.43845	4.25961	5.45351	10.3342	17.1259	14.3697	2.68404	12.219	17.4657	17.006	14.8278	8.40194	6.76325	6.09279	3.39497	11.7214	23.3663	14.2565	13.8944	9.41804	3.09224	7.63577	7.25916	5.66023	3.5976	1.20194	1.11938	1.46179	2.58943	2.13833	1.41475	1.57488	1.88516	1.11833	2.16011	3.11938	2.82591	4.69886	3.61217	4.75725	6.92536	6.09257	5.47279	3.96896	1.37052	1.14592	3.105	1.23202	3.94839	9.69812	12.9924	12.1724	12.1363	6.81755	6.74077	8.22612	8.83588	10.9885	13.3612	18.5239	4.25553	17.2494	18.9896	11.8197	16.4549	25.0019	21.2708	3.23614	8.84861	6.04986	4.20653	8.33441	10.455	13.1099	14.0158	7.56722	2.68076	7.33316	8.71693	17.6085	33.8204	32.4248	23.276	28.1908	11.3689	8.7685	8.93043	20.7051	28.4142	23.8237	18.3565	13.9683	8.45702	8.98431	8.60001	10.173	10.9021	8.66588	6.29073	6.23833	4.40208	4.09448	5.90008	6.48383	13.3063	12.1424	3.35083	15.1482	21.0658	22.1605	21.4117	24.6309	24.9573	22.0464	18.267	15.823	12.0783	15.2295	4.14011	6.04581	5.73556	5.44494	13.5116	23.6735	24.8046	22.6274	21.741	15.5078	8.11312	4.65179	7.03927	10.1184	12.53	19.7532	19.6301	16.2704	8.4192	10.1964	16.382	15.8138	16.5973	18.3466	6.02823	8.69022	13.8328	12.875	2.54087	14.0361	14.5439	9.76048	5.79806	8.90843	13.1578	12.2697	10.7399	14.8663	15.5393	13.1418	8.04714	33.1079	41.907	29.8987	34.8043	26.2107	3.63288	17.2577	20.0282	19.9507	17.9497	17.089	17.7402	18.9157	23.0638	20.3547	8.76731	12.2984	16.7046	18.8852	14.3807	5.89988	0.705489	6.36252	9.66072	10.8344	14.0712	8.45116	10.3033	15.1258	15.2682	10.3726	4.75973	5.23523	7.43288	6.13931	5.86613	4.53423	5.96311	2.43883	4.34753	7.22557	14.1372	12.0174	5.26117	11.6136	7.40165	10.0685	9.48974	6.56307	10.044	10.0729	7.40148	3.08672	7.51542	3.59088	2.50176	7.22741	7.10322	5.99147	19.2004	9.12434	7.8555	20.6856	29.1471	17.9421	10.839	12.7962	12.6446	10.4042	8.79625	7.1286	6.04313	4.73288	4.14294	3.03298	1.49886	1.21529	0.75593	0.137059	0.303386	0.169258	0.199787	0.914439	0.710793	0.217788	0.651905	1.37029	1.72017	0.83389	1.85086
4.75395	9.41999	12.8539	13.1477	7.79933	5.36645	6.73409	7.55503	7.74321	10.8969	17.6703	13.8733	5.87248	14.087	14.7397	11.8344	7.08572	7.09324	12.1519	3.7029	1.91989	5.55081	3.14983	16.5659	14.6453	11.9096	7.77889	10.0207	6.56833	3.82731	4.56074	3.57083	2.98269	7.97509	12.9651	15.176	12.7784	8.5278	1.58357	0.966227	3.42095	1.98559	2.99694	1.97698	3.65712	2.43103	7.97831	4.72982	1.53935	1.47636	1.36627	0.536439	2.67357	3.17699	2.93153	4.22276	4.80353	5.80415	8.07668	7.24593	7.51887	8.19231	5.91673	6.59915	9.20416	14.8438	17.5007	0.688521	17.8995	18.0579	14.0765	20.5409	22.4746	12.1051	5.67135	6.60741	2.30645	6.78621	6.30351	4.92473	7.91584	4.04268	16.2314	30.3896	31.8083	28.3367	32.3097	35.525	13.901	18.419	19.536	12.5954	10.7158	8.75025	14.8806	17.2355	11.2687	11.2606	14.4472	6.60521	0.829252	6.46867	5.35252	4.684	4.70035	4.89048	7.41341	9.67717	8.32653	8.62473	9.27288	10.4464	8.26616	10.8543	22.191	11.6661	3.61454	8.96331	13.5449	10.6726	11.5182	5.94103	5.55606	11.8075	16.8067	4.13236	2.44448	6.41928	1.25943	11.3164	9.6848	7.99231	7.87628	6.10278	6.85727	7.17619	2.4447	4.48151	4.09921	5.98106	14.5982	11.1828	13.1307	7.92261	7.48905	8.42003	8.18064	7.81018	15.2061	9.97477	8.61639	17.9817	9.17429	8.07577	10.9215	8.24958	7.04661	7.37315	6.43905	8.67586	5.80243	5.22573	18.2461	12.9333	10.5715	12.0021	23.6794	36.3349	26.7217	16.8263	10.2494	8.55077	4.12064	12.5675	15.6386	13.8335	12.7139	14.7869	17.5959	21.3402	25.9249	26.6877	15.5935	17.1147	17.1162	6.25856	5.87375	8.95253	4.9978	10.171	9.43557	11.6455	5.14957	7.85413	11.0872	12.8315	13.5862	7.60566	1.6983	6.64365	6.55592	3.45509	0.507631	3.29121	5.43418	5.37517	8.27383	8.77317	5.43743	3.36368	7.45304	4.72283	6.44211	5.87709	9.81532	12.8207	10.2796	5.15187	6.45595	8.51664	4.73779	8.30548	8.47469	2.22217	16.3703	18.9377	10.4809	9.30268	21.6173	24.6375	17.3235	12.7831	16.4484	11.9728	7.66944	5.37291	2.1925	1.73623	1.63725	2.5469	1.80288	0.721467	0.8969	0.397726	0.048449	0.213384	0.0685168	0.233348	0.853475	0.833727	0.281655	0.460641	1.47313	1.98611	0.446646	1.6061
8.57868	12.5681	13.9266	10.3447	7.02736	7.87484	10.221	11.6362	15.5191	17.256	10.6305	6.80948	14.3725	8.95969	6.76103	4.95273	4.05252	3.0169	11.3113	3.29346	2.82474	1.58275	1.24066	6.77436	8.91677	7.12469	13.2145	10.236	5.28788	1.66978	2.62985	3.57285	6.77195	14.5407	15.9476	11.8405	11.1532	10.6297	2.82967	7.29378	5.58993	3.649	2.75949	2.02318	3.44793	1.23929	7.92771	6.05676	4.113	2.73154	1.88999	3.37604	5.74975	7.2575	7.99423	6.01416	1.7829	5.88208	9.08685	3.03059	8.09034	9.35348	9.26209	2.83946	12.3717	19.3604	15.0465	5.79953	17.1445	17.168	19.1433	22.3571	16.6731	5.75563	2.57831	0.721008	4.98057	8.7517	5.74424	2.62925	5.28497	12.3885	30.4043	31.0756	27.7555	30.4856	34.3397	30.0543	16.3396	19.4014	19.0806	17.6297	14.638	9.84108	9.8349	11.7866	13.3035	5.28185	13.3691	10.0752	10.5018	10.9449	15.5377	16.8139	7.54557	5.16382	6.01196	2.34626	7.03806	9.87083	9.46417	6.18091	2.63349	14.1689	18.3967	5.52338	5.05806	8.21911	13.7543	18.6233	17.0394	14.3303	20.2887	23.184	16.5843	4.94259	8.52701	12.0216	10.2732	13.4283	9.32014	14.0679	17.6008	10.1504	1.66396	6.06074	6.69483	1.84389	5.69353	3.61213	14.1705	9.57372	14.2895	11.9832	9.29752	6.09833	8.51262	9.92444	15.9884	4.35204	14.5323	15.012	2.2119	16.2909	17.4217	11.3653	2.43939	5.69783	7.1416	8.30115	4.20407	2.40012	20.8265	14.2099	9.54286	13.5915	10.7816	26.9677	14.9908	7.56287	8.32952	13.9107	13.4161	6.9783	4.96668	9.4252	12.1674	16.5398	15.9688	12.6026	15.1659	26.2091	26.6367	25.0388	16.4654	6.96646	2.00451	13.2163	6.55598	10.6751	14.2842	13.2746	10.4149	9.27225	7.87743	8.52304	14.268	10.516	5.20689	2.73009	8.33444	4.68199	2.03638	4.47797	6.35934	5.34431	7.67486	8.59653	9.12291	4.62647	13.5388	14.0757	15.3161	15.1904	16.5511	15.4209	14.1835	5.28617	6.88931	7.43911	5.22475	4.53418	11.9336	14.1465	17.4403	20.3629	18.0298	21.4924	26.2956	22.1836	20.8637	17.6631	15.9133	8.50469	6.57555	4.78979	1.75313	0.491092	1.5599	2.21751	1.62708	1.31954	1.01268	0.271419	0.0306342	0.126308	0.0649869	0.108315	0.692157	1.36602	1.10038	0.260848	1.0419	1.49683	1.36375	0.893068
10.8769	12.6169	7.47907	7.74103	10.2995	12.6351	13.3221	12.626	11.3134	4.40753	10.6767	16.6328	8.69898	2.03196	7.52127	4.83157	2.42054	1.44452	8.54248	8.24941	3.49937	1.89798	5.343	7.08802	7.54012	13.2779	16.0812	10.0903	6.97362	3.16157	1.56144	6.49094	12.2806	15.0738	7.40221	11.3007	15.3212	6.05294	13.2935	16.1645	12.9072	6.24226	4.66143	5.1289	3.70477	3.33028	7.18355	5.78905	4.44736	6.14985	4.36343	3.33273	3.94028	4.46317	4.7196	4.56726	4.99035	9.617	9.33421	4.78369	8.66064	11.3945	13.681	7.98019	6.23614	24.1395	17.3221	9.60827	16.7109	19.5286	24.895	22.8242	13.4331	5.99901	4.57157	5.34194	7.86732	7.98325	5.17698	7.74914	10.5808	16.9106	21.8584	22.4034	5.78476	4.90052	15.5707	10.286	11.3924	14.6829	13.0531	14.3063	13.2733	16.3021	16.9605	11.5036	16.0666	6.22147	11.5016	10.4385	18.3669	16.8905	4.31188	15.0602	10.8665	11.8751	14.9025	16.1128	8.00386	2.90489	3.88404	1.42407	1.99282	11.3012	12.9306	10.4481	7.33382	12.4038	16.1282	14.9175	12.7806	5.70484	10.8259	11.4944	6.79731	12.5602	17.4296	12.346	12.3743	13.3317	1.8343	1.58881	12.1084	15.03	8.17606	0.871639	6.08381	9.0396	6.4956	4.22876	11.4532	10.4974	15.3691	9.43686	5.94393	4.3192	9.2061	14.6669	12.9478	5.357	15.9948	11.555	5.97411	18.5249	11.8468	9.65516	14.1182	6.61628	7.19062	9.05077	1.2496	6.12795	18.0716	13.0169	7.82933	9.15494	10.2031	25.6413	20.4871	9.8644	3.24158	5.07166	5.80345	8.33282	2.24475	1.39194	7.34944	11.1613	5.39837	3.12716	4.12994	6.8572	14.4656	12.6962	3.06141	8.41386	2.11133	12.0119	8.4674	3.50184	10.9474	12.3597	10.9269	6.97059	1.13625	7.03991	11.4609	9.80258	5.72485	0.96847	7.22359	4.45529	4.81873	4.83563	1.96829	1.90049	5.3427	3.87595	0.291388	14.0268	18.76	13.2309	16.2575	20.1806	11.4915	4.01184	11.2718	11.1298	3.70542	5.9234	12.9529	18.8136	19.0897	18.0874	15.532	19.8137	21.802	25.2265	32.6209	22.9687	24.6322	20.7849	14.45	8.26447	6.92497	4.79289	3.14098	3.22959	2.82804	1.25899	0.707081	1.91217	1.18923	0.260797	0.174618	0.246944	0.252581	0.416601	0.611428	1.15505	1.52063	0.568494	0.765365	1.03153	1.13972	0.841003
13.2591	11.7824	7.0101	11.0569	13.3104	10.9176	9.01574	4.45309	5.88961	14.2129	14.7219	5.96492	1.75357	4.05933	5.86774	4.17888	0.679942	3.25836	3.68816	6.14849	2.70012	4.83258	5.55775	6.40441	8.2176	14.4894	17.5115	13.5037	10.9685	7.72692	5.47592	13.0931	13.7802	14.0917	7.88973	15.9834	16.6916	6.74363	21.5318	15.1502	20.2569	8.03437	6.7008	6.40227	2.87888	2.1013	6.49013	7.27218	6.51973	6.03937	1.88272	1.65436	3.10979	5.50536	2.86121	1.7716	4.03085	9.06666	7.53521	5.02666	5.16378	9.40705	13.3303	11.8363	2.0676	21.5283	20.8557	7.82824	18.7932	23.281	28.1358	22.8277	12.7087	7.36759	4.65192	5.2738	7.05068	3.45637	4.80979	15.677	16.4144	13.1167	14.8585	15.8794	5.59872	8.24654	15.9188	8.84786	11.2135	13.9728	8.52608	9.00627	4.72968	12.8794	13.649	14.809	17.0319	8.84661	9.801	8.54272	21.1265	18.1912	1.37009	8.28133	10.5203	9.29387	4.77597	18.6147	10.1679	7.50702	14.1224	11.9095	5.45331	8.69815	12.2525	13.8125	12.4718	11.1107	5.16753	19.6675	14.3635	6.46142	11.7835	11.6753	4.93355	20.4716	13.5521	8.72565	18.0815	16.6412	13.294	12.8545	4.87137	12.7164	10.4828	5.35022	3.53301	4.60717	6.23945	7.043	9.13803	14.74	23.1834	12.2072	10.3018	12.3261	12.6865	9.95808	6.75815	11.9634	16.154	11.9059	7.69812	20.8349	19.1345	9.15915	8.47277	10.4938	4.55819	8.74179	5.58732	11.6049	11.3647	9.16295	13.7477	4.80729	23.7134	28.6715	11.5349	6.56978	14.5569	15.6431	15.4411	11.3701	3.23816	2.25758	8.20844	9.87581	5.27683	4.35173	4.39428	4.00695	1.34854	1.68038	4.1867	6.66297	5.74016	7.58846	7.88498	7.0192	7.62658	4.07899	7.89299	5.24131	7.42903	11.3062	12.9919	9.84995	3.95736	2.75095	6.3281	2.85337	4.6262	5.25378	3.08664	4.07027	3.46668	5.47668	15.7305	23.6065	13.6757	6.5416	11.1013	12.3203	13.163	6.6142	9.02152	8.44143	7.97389	10.3997	16.5756	16.2749	10.3677	12.1247	10.5555	16.1978	22.8815	24.978	34.5859	26.678	28.9465	22.6603	12.6765	7.23188	5.31406	3.52942	2.14287	1.04152	0.610163	0.712264	0.435232	1.83788	1.47165	0.368751	0.315291	0.358444	0.260757	0.253449	0.263435	1.13021	1.36547	0.17458	0.429802	0.805798	0.705293	0.126261
20.7037	15.958	10.7165	7.06795	3.69158	1.38077	4.22362	9.05431	10.1074	13.1193	8.9082	2.6035	0.514591	2.35378	1.91778	3.72852	2.31673	2.96283	5.84595	7.49196	5.13384	4.73072	6.26737	2.40129	2.19077	12.3101	13.6148	7.19771	8.56966	9.89196	8.83418	14.1791	12.5735	12.9964	7.49768	14.4418	16.3744	8.33575	22.2678	5.44813	21.5495	8.59829	11.8627	12.1662	6.06095	8.5426	10.5122	9.01935	6.30099	4.95458	2.14939	1.99522	3.43769	5.84994	4.13478	4.81673	5.04272	4.99619	6.52684	3.20928	2.9942	6.98923	12.4004	13.1221	5.06114	16.5388	21.7044	4.52285	21.7414	25.7702	29.02	19.7782	7.43108	6.17738	6.39716	6.21281	3.50532	0.416426	6.67641	17.8188	15.283	11.3095	16.0269	10.5616	7.82074	11.1918	22.8756	14.9722	16.4255	20.3035	16.3947	14.2386	9.84197	13.0492	10.2	11.327	4.23116	7.4949	10.4724	11.5856	20.1019	13.879	7.42811	2.75966	7.46748	6.90032	6.01551	16.6885	6.50962	7.19016	9.27593	6.1856	9.33815	5.61903	6.31769	5.64439	6.33067	10.4599	16.5467	17.7105	10.6148	6.22971	10.5348	14.9431	8.35986	24.3912	23.5043	23.5894	18.2799	15.701	14.1926	11.1982	9.69485	11.152	10.3669	3.73553	6.23744	4.38368	2.27298	1.93207	7.2118	21.1769	25.8089	5.31526	6.09183	7.15475	15.4727	13.7392	2.29869	16.0891	17.2723	11.4487	3.14139	16.0712	19.8764	15.845	9.08233	14.5418	6.29858	6.48533	8.04435	14.5618	9.05333	8.47609	12.69	3.87811	25.6648	16.3496	15.0843	18.2888	16.0973	12.8243	12.7089	12.8831	13.7352	12.6632	9.99721	8.18136	6.0411	4.50422	3.36077	3.28153	2.93289	0.943106	3.9256	5.23568	2.76911	2.99904	5.91852	12.3882	14.0764	11.0342	10.3497	10.4897	9.82813	7.48608	5.62429	10.4732	8.13551	4.21958	7.05212	4.88107	6.28433	2.30162	4.25747	9.13042	10.6084	10.7966	20.128	18.8307	8.06579	1.05804	15.6167	0.881239	17.949	12.3342	3.19645	2.19749	7.73885	11.8336	12.3618	8.86954	11.9234	14.1462	11.3903	12.7736	30.3678	25.958	30.1403	29.5595	33.1877	22.2389	10.0759	4.05477	2.28448	0.843153	2.09067	4.16201	4.06037	2.29869	0.991289	1.59078	1.51973	0.242046	0.300759	0.153089	0.116586	0.153092	0.264276	1.11075	1.08709	0.199595	0.551943	0.435677	0.519583	0.891503
8.23365	1.6046	4.93269	5.88458	5.92171	3.18759	4.61729	8.0898	10.186	13.7741	6.83952	5.96732	2.55404	1.06604	1.38576	4.35631	3.64408	4.67185	4.15858	5.46286	5.22647	4.7535	2.69614	3.712	3.637	10.1291	11.6873	11.1275	12.9245	14.3001	12.8735	16.3001	14.9375	5.0864	12.3406	12.4211	11.0436	12.5101	23.576	12.4058	22.9514	11.8415	11.265	23.6195	14.2311	13.9158	15.1547	12.8275	10.5681	8.19264	5.48854	3.48982	2.9855	5.82281	5.13298	6.88025	6.60462	2.74491	6.12362	8.04743	2.80426	6.36702	12.9387	16.4035	5.71564	13.0409	22.5046	3.1303	27.4736	28.2193	24.3619	15.4467	7.80079	0.950824	3.18657	2.87611	1.36494	2.15354	7.34624	23.3495	19.619	8.54941	12.8809	3.35824	11.4151	6.67698	25.8988	17.4476	6.14478	16.4612	19.0328	16.4858	13.2098	1.23794	12.7147	3.28847	14.4307	17.6406	17.0456	14.8879	14.9374	7.31726	15.2615	16.0017	7.84984	9.35407	15.5869	10.9406	4.02807	6.21168	13.7099	9.68165	11.6533	26.1886	22.0216	13.3566	16.7127	17.1643	20.0064	14.4712	5.84618	18.064	20.2271	17.0246	13.0791	22.111	25.7705	18.242	9.17202	11.6689	9.17167	13.193	13.6017	13.3031	12.1409	0.542861	2.99759	4.2153	3.92174	3.96812	5.5421	20.9023	26.6312	9.7824	13.2531	14.4631	14.7161	11.6781	5.31275	15.8632	15.4633	8.25843	12.9686	27.4593	25.481	14.3748	11.0608	16.9997	8.24563	9.32619	12.229	16.2323	5.72217	5.81793	13.4177	5.17206	20.24	17.8368	19.8208	17.3255	13.1286	10.6427	9.26036	7.98447	11.5159	14.5411	11.0748	5.7147	5.83472	4.21636	4.40664	4.90392	4.22093	2.10943	4.86583	9.13845	7.31167	5.07649	6.05357	12.9765	6.68202	8.87364	8.17465	10.9367	1.38654	4.86531	7.78534	10.6639	14.5842	4.29219	9.11943	6.47646	5.48156	3.81425	8.27688	10.3289	9.26807	5.82234	17.9518	14.0625	12.1641	8.49039	16.9183	8.76747	11.6107	17.1556	9.75705	6.92816	10.2722	9.33478	9.28934	8.6682	9.7182	4.92541	25.9641	33.2201	42.399	41.4661	32.2697	27.5839	33.3326	20.8193	6.03249	1.8404	3.08405	5.30999	5.91257	4.49592	3.6287	3.50004	2.13061	1.47491	1.19503	0.183665	0.288785	0.261552	0.242009	0.131667	0.0684513	1.02547	0.983748	0.624703	1.06251	0.751373	0.413548	0.861946
12.6697	15.2618	12.3999	8.38093	3.85749	1.80349	3.96042	5.35665	9.92722	12.3381	1.90926	3.55626	3.63208	2.99981	1.7471	4.27963	4.15895	6.18522	5.69224	5.70432	5.17618	1.27449	1.93936	3.41732	3.26157	9.31369	14.9221	17.024	16.9753	17.9433	16.7621	17.6492	9.35438	8.20845	13.9049	11.7326	3.14464	21.1621	19.5097	8.67937	20.2479	8.2675	6.63766	31.7113	15.1577	6.23607	5.86796	4.48074	4.70844	3.84352	3.28753	2.86308	2.34164	6.3575	6.39524	7.20912	4.53587	7.49483	3.6953	10.8635	1.49182	5.3042	10.7421	17.3378	13.1584	7.1985	20.1198	5.47812	30.23	23.1382	19.1429	24.3062	25.0423	21.1841	13.9838	7.78863	2.01131	3.35951	3.80252	23.3031	25.4445	8.18293	11.7762	0.950156	6.77448	12.5687	18.8878	15.3829	5.68938	4.15251	13.9844	12.4331	11.5146	9.6963	13.998	12.4139	28.158	24.8122	21.844	13.7479	3.4653	17.9477	16.7665	22.2295	23.2024	23.548	18.3719	5.42335	4.42646	6.09504	6.40248	11.3155	19.526	8.38827	11.6948	4.39378	13.1397	12.8709	12.7344	8.72221	24.0871	22.1528	19.5485	14.3702	4.36759	2.74373	6.44898	7.65271	4.50762	9.61298	3.35771	19.663	16.7586	16.8084	17.6533	3.10622	5.55865	5.62811	5.70045	3.7492	4.96111	16.3622	23.0622	10.8364	16.3738	14.8388	9.98227	2.08978	9.53846	13.4257	10.7675	9.50507	22.7784	23.7358	11.2547	4.68363	4.53847	13.6417	3.22079	11.5275	8.59188	5.9782	15.0448	18.2321	16.6165	12.5504	10.3376	14.5559	14.0952	10.1055	7.4874	7.43801	7.32162	6.82352	6.42368	6.42456	8.11359	5.23198	4.80659	4.45248	3.27657	2.89405	2.59357	6.11269	13.2222	9.69898	4.6045	3.28941	4.79999	8.97196	2.90146	9.07678	7.64905	10.3746	9.22048	6.68812	4.49592	3.10451	12.4994	10.9482	10.4487	0.649584	8.67962	9.57902	9.76497	5.13524	6.63471	9.12405	19.2834	12.2045	11.4072	3.04745	14.3818	12.4053	9.73139	11.2906	15.7846	10.0315	13.6321	20.1839	24.2981	28.4685	22.9899	26.3176	31.1969	25.2104	13.299	24.2457	25.4384	20.3193	26.2052	19.6204	7.83658	6.749	6.53849	5.65303	3.45857	1.99126	2.95082	4.09144	2.73533	1.02826	1.20962	0.624585	0.0967825	0.136877	0.0780326	0.0892324	0.13164	0.794508	0.95607	0.997539	1.18834	0.732291	0.82831	0.220705
5.94912	0.627481	2.75836	2.49433	1.91565	1.97446	3.01437	4.95272	8.82051	10.459	9.06152	5.3153	0.619941	5.09984	1.95425	2.3151	4.11671	5.83981	5.68106	6.05071	5.50482	1.44078	0.846317	2.63014	2.83229	4.29207	5.10766	5.49063	7.83373	10.9927	12.5721	11.136	4.51804	7.44371	14.253	19.1789	9.03897	24.6169	8.08838	14.7582	17.9189	10.9516	5.37397	33.4491	18.059	4.39857	2.9981	5.91639	6.25318	3.85377	2.18726	0.282115	3.14258	9.24321	9.79198	7.32367	4.64963	8.31554	5.56761	10.0535	0.0917973	5.00425	5.0512	15.5281	23.4193	21.7854	11.0953	5.91139	29.7869	12.4386	13.4609	21.6411	25.0955	26.0622	21.6376	14.2104	4.21523	2.57827	5.47584	16.2233	25.3681	14.8279	11.3599	3.93685	4.75533	3.43955	16.7688	20.5026	11.3707	2.12837	9.16263	16.2214	15.5613	11.2368	7.99074	19.9957	29.4285	21.31	18.6576	19.6291	19.8337	18.591	14.3942	20.2867	26.7053	22.3683	9.09349	5.60801	6.62167	9.64614	6.32314	11.3031	23.8762	24.9971	21.0552	14.1144	17.0735	15.4866	14.5226	22.033	27.1494	17.3176	10.8392	7.92343	12.0857	13.174	9.49966	3.07119	3.99096	7.45689	5.90244	22.8094	14.8155	15.6176	21.2556	8.89756	3.0652	2.4408	4.13589	0.666513	6.49034	15.6082	18.9198	4.72637	15.7591	12.1792	5.1452	6.91444	7.72497	12.5562	4.24595	13.0367	19.1241	10.6085	7.29075	8.46209	2.65951	12.3058	4.68589	7.01036	11.0013	16.921	13.8675	4.87241	19.2178	11.7278	4.06204	1.13514	4.18117	2.48606	2.44964	3.17156	3.67666	3.54183	3.28652	4.5623	7.54196	6.50984	3.76859	2.83665	2.57206	5.05415	7.97397	7.89384	8.11625	2.78317	4.28689	1.10865	2.83288	6.64573	5.77053	6.89048	5.34937	9.73229	8.1548	7.36516	10.2213	8.6311	8.39861	7.53401	6.64972	11.3681	11.0358	9.16126	4.98668	2.72004	9.94969	9.99193	22.7232	16.0221	8.58148	4.23502	10.5096	9.0833	16.6068	13.9576	10.4229	15.9032	5.16591	11.5173	17.8991	27.3733	27.8609	19.1492	9.76001	26.9288	25.8696	12.6245	9.26057	10.8602	19.8295	18.8035	10.062	5.67123	3.29424	0.70076	2.08848	2.96925	2.78888	3.28584	2.52166	1.47247	1.53222	1.12248	0.043275	0.0483818	0.116519	0.238991	0.319479	0.727331	1.17109	1.07439	0.810984	0.184874	0.25234	0.912786
9.83256	9.28601	9.29597	8.4828	7.02906	5.65121	6.08035	7.99559	8.99034	5.97167	7.14204	10.574	7.09944	5.24225	0.434821	3.12471	2.79252	4.8745	6.79366	6.94599	5.45153	3.12795	1.09825	2.46596	3.24864	0.554085	3.95287	5.17477	4.45493	2.14767	3.69081	3.78931	6.75227	4.63586	10.2989	15.0896	13.5229	18.2964	0.638817	15.3981	14.6621	10.9985	13.8856	32.5692	19.7393	6.14859	4.77013	0.650413	4.24007	2.21407	2.3079	3.60797	7.01679	11.085	8.09548	2.1524	1.6844	2.32574	7.58108	8.73184	3.65514	5.29031	4.40712	7.79186	6.60086	14.8879	6.79444	14.1041	33.2971	18.8716	17.1491	13.9109	9.53157	8.25129	16.6722	15.5665	10.0569	7.52273	8.84598	9.45599	16.5814	20.7238	19.7054	17.9267	17.3655	23.7837	26.4884	31.0707	21.1076	9.28923	0.749651	14.1215	17.1944	8.82184	12.3114	23.5074	20.9585	11.9369	3.45468	24.659	29.4981	11.4037	4.05733	3.12482	6.37328	3.87476	7.50646	11.0542	5.46345	11.2485	11.849	7.84419	13.3433	11.8303	3.46538	3.61485	15.7827	18.1529	17.7388	22.3924	21.166	10.1302	4.02393	11.1467	15.3893	4.72923	7.35124	3.3744	4.41573	1.56744	18.5091	17.7925	7.95339	12.7324	22.7686	10.8136	2.06388	4.41754	7.44169	12.9565	11.8015	12.4646	15.8659	1.37649	13.7515	11.3509	8.63853	12.0511	8.2453	9.83828	1.45314	14.3197	14.623	6.34041	1.88821	8.82094	4.31634	10.2865	6.02448	11.8544	11.5502	2.69805	10.6972	16.972	20.3308	3.8391	6.70962	8.86993	8.6144	6.68554	6.22771	6.0323	6.5288	3.74336	2.73526	0.887162	3.17028	4.6353	5.38833	4.40381	2.70605	3.41077	1.72051	2.18174	6.49335	7.96728	6.49689	5.34004	5.70251	7.17252	7.42948	6.31928	4.12502	6.41725	9.21669	10.2561	8.20353	9.07216	9.82023	2.12807	1.90461	14.2368	9.4964	5.65693	5.50307	9.667	10.2622	5.07839	19.8173	22.0445	10.4985	8.16564	10.6862	15.0703	16.4183	10.4561	2.79928	14.7786	10.1559	14.9681	13.1479	16.2582	14.8892	19.0075	23.0769	24.9291	27.3873	17.0169	16.9467	18.1656	21.3369	19.3915	11.5393	3.31312	2.95792	2.85529	2.77536	3.06449	2.55686	2.32071	1.61958	1.18414	1.63297	1.71779	0.672003	0.10817	0.12614	0.386976	0.348833	0.360057	0.37345	0.246665	0.174409	0.362644	0.582494	0.865801
15.1188	12.9725	10.4776	10.7665	12.8048	11.9835	9.36444	10.2091	10.5042	4.11606	4.24591	8.59969	7.82818	4.60933	3.65068	4.73988	1.30423	3.78281	8.30221	7.16399	4.74025	3.22733	2.23184	3.43923	3.35038	4.68349	8.75506	6.22226	3.38478	3.58626	5.43558	5.02698	4.64991	3.1927	8.21528	7.29643	14.4377	8.56443	4.31459	9.97633	15.6491	2.54012	14.5003	29.0755	16.7742	6.52033	8.18533	6.8813	3.7151	3.1421	3.03169	8.33246	11.4914	8.87627	1.40159	6.91713	7.92195	7.33693	5.60598	5.07576	5.42967	8.1211	3.17891	4.77404	14.9683	16.1021	15.1849	28.4707	27.7565	9.54026	13.4089	15.4789	13.38	8.6151	9.3094	12.7479	13.5005	11.1361	11.5362	10.7111	5.77705	10.5493	19.1166	25.2605	27.2625	23.5225	19.8729	31.6127	30.3267	20.4178	9.13527	11.8623	19.6691	16.4705	13.2123	14.635	16.2226	14.5283	8.56807	28.4773	29.5705	8.41379	3.71319	3.47972	9.01079	5.26272	5.75658	10.3803	7.50315	15.296	15.5544	5.87829	9.18062	12.0139	4.0705	5.65416	12.4259	19.652	16.1063	15.9913	12.9834	4.03744	17.5755	17.0709	7.23344	7.06183	12.3068	9.41921	7.11605	14.0816	21.5349	3.94089	5.78031	8.45715	22.5423	12.2897	4.01178	0.509075	0.450056	6.78231	1.61495	7.75958	14.7035	2.56202	12.1481	14.726	6.1081	19.9395	9.79746	3.82549	2.64374	10.7414	16.9331	11.1913	1.96038	2.87098	11.3872	5.90917	17.0415	10.4524	9.00759	14.5448	13.8372	17.8993	14.63	6.50369	9.62251	3.0004	3.31013	2.26048	0.37773	2.54171	4.22421	4.54166	4.66905	3.73307	0.934001	3.87455	5.25552	5.1817	4.70932	5.89194	5.94784	5.36767	5.43245	5.31439	4.50489	4.12966	4.00174	3.3488	1.83936	3.51038	3.33951	3.12232	1.91412	3.08877	8.41135	7.65835	3.4564	7.19889	5.47573	7.8412	7.71701	3.70072	4.21888	5.5132	3.35585	7.13535	10.306	11.8973	12.442	3.30816	2.33964	7.518	13.2253	14.2796	6.45828	11.25	7.49906	13.2028	17.0808	20.5297	22.235	24.8967	12.4576	24.0262	18.3854	18.9316	25.1201	27.1343	25.0397	22.9376	16.1915	5.26771	4.32368	3.73657	3.33317	3.22685	2.51336	2.00324	1.27279	0.827798	0.935969	1.40975	1.1626	0.389924	0.0483636	0.519976	0.261341	0.252231	0.222681	0.0683993	0.367694	0.734414	0.706173	0.441151
3.07732	7.89779	8.64931	8.03973	7.08959	6.50627	5.61369	9.32009	8.4081	5.03027	4.35341	5.23241	6.52364	2.14039	3.14925	6.66508	2.29975	3.20786	8.51041	6.40283	4.98359	3.5978	3.55586	5.08135	4.2292	10.2802	9.67669	5.85795	3.05125	4.4811	4.6926	4.79333	2.52337	3.98595	5.92807	3.20912	8.83012	1.50981	3.93507	6.86226	17.5659	11.2219	14.5392	28.2914	13.8085	5.47934	5.33308	9.29768	6.34962	3.78435	5.46195	9.8008	8.32033	3.30426	4.23527	6.10485	3.0558	11.1713	9.07721	1.82053	2.11007	6.19224	4.56603	8.24659	17.9437	20.4911	19.8235	20.0311	17.2177	8.43195	4.43829	1.655	1.65095	3.09779	2.20164	5.66046	8.33266	8.44178	9.60955	9.26729	10.5106	9.22928	3.9181	2.03069	1.15651	6.5886	7.81954	16.4293	27.7786	22.8149	13.3965	14.3909	26.3826	19.0121	13.1538	14.9544	16.4785	8.46392	15.8166	31.3073	20.7397	2.43213	1.97216	3.92986	9.5144	6.57224	3.77849	4.29627	10.9049	14.5699	13.2192	3.28757	11.9202	13.38	3.25285	10.6963	5.11648	10.456	10.2385	9.68728	2.9644	16.0715	17.828	10.3262	7.88727	8.35955	9.19072	8.42351	9.2721	24.0194	12.8667	7.89355	5.88774	4.67341	19.5436	15.6943	6.29582	4.94253	7.28258	12.1761	14.8462	13.4261	13.6648	7.58607	12.5785	14.5925	3.45824	23.8376	9.4389	5.27909	7.05111	7.75963	17.5468	17.0546	8.45745	8.01033	12.1167	4.18113	17.4369	20.1696	18.0523	13.0729	10.2299	12.6844	5.13343	3.37622	5.97306	6.57755	6.73885	6.94608	8.00283	7.04568	4.05592	2.00607	3.19284	4.10307	2.3503	1.05594	0.37016	1.20867	1.01094	2.01778	2.9488	3.78711	7.18905	9.02522	10.5363	10.6956	8.16282	7.96101	8.79349	7.59812	8.02856	7.15706	9.19293	12.2851	14.7707	14.5905	12.3342	6.6432	9.42156	2.29599	5.04911	9.21655	10.9204	14.0411	18.2415	21.748	21.1109	13.9274	6.19043	6.31254	5.58633	16.8635	13.0822	18.6799	11.9714	7.21391	9.51235	12.2534	21.447	19.7777	18.3274	15.5015	14.6814	24.6664	14.3481	19.7389	17.8441	27.3389	29.3359	29.6793	24.0494	8.34708	5.29578	3.87855	2.69392	2.22251	1.56203	1.15389	0.708312	0.493102	0.630437	0.975193	1.44922	1.08651	0.241777	0.459733	0.372037	0.253109	0.330801	0.294139	0.611993	0.435178	0.561	0.658753
8.12028	1.78238	0.840926	2.2268	2.98732	6.16594	7.33566	9.18162	8.0618	6.30044	5.57233	5.48631	4.39989	0.648948	2.39892	4.50626	1.57182	4.80812	6.0631	5.21848	6.19281	6.29111	5.82445	6.72358	5.80846	12.6334	6.51124	6.30968	3.80008	4.84779	4.47368	6.31382	6.75383	9.96853	9.5627	9.15505	9.90225	3.70087	0.892965	2.25618	17.0874	7.25529	15.7463	31.3157	13.5812	6.00263	3.30567	6.88625	8.85307	2.38767	6.18242	6.3223	4.34775	3.4152	1.16915	5.02103	6.3632	10.4065	10.8419	1.40511	0.863943	3.50063	7.51526	12.1934	18.3827	18.3774	5.66978	11.2733	23.8518	17.766	10.3803	5.39382	2.56479	0.861543	2.55707	1.88713	3.95627	6.11961	8.21446	9.42551	11.0355	12.9728	13.6022	10.8428	10.0558	10.5357	10.2331	9.91572	23.6773	18.8896	9.81272	5.21011	25.3465	18.9915	10.6648	14.2662	16.2905	4.59417	23.5118	26.3658	4.89028	8.16097	6.18567	5.68922	13.564	14.7379	11.8789	9.7318	7.79385	11.9869	10.2074	4.69006	13.8529	12.6912	2.75411	10.9588	3.76633	2.63626	7.0233	5.2949	6.78614	16.5715	9.69248	7.52006	9.84519	13.0287	6.98801	2.52662	19.9504	23.9397	2.42784	8.23737	4.72048	0.330739	16.4799	16.2573	11.5832	9.07759	16.3873	6.3223	9.46538	14.9059	13.0525	15.2491	12.0412	11.6676	5.44774	22.4599	10.4552	4.52834	14.8919	9.54238	19.1261	18.741	11.6115	6.02496	6.57416	1.54569	3.74461	12.4789	14.0958	11.1346	12.1013	8.80975	1.04598	3.58493	1.2887	3.13052	5.71539	6.52807	6.1935	5.62215	5.5849	5.48925	5.04585	3.34752	0.902044	1.51394	2.26497	2.46608	2.53763	3.7886	10.539	16.7624	19.5135	20.1616	22.0915	20.9027	16.003	11.4958	6.89347	4.12542	6.81174	9.89256	11.4813	12.9216	13.4486	10.4614	13.4713	7.01677	11.1982	4.97774	10.3468	14.9819	12.2282	14.5697	16.0226	15.4273	8.43751	11.38	3.4879	8.87426	2.78179	21.9912	16.6435	19.1523	17.4819	6.94643	8.48829	18.9836	24.7542	23.2133	16.8729	10.7482	12.4094	27.1817	19.0729	14.935	8.29291	18.7376	29.8396	34.7776	31.4695	11.1087	3.31285	2.0193	0.68708	0.929874	1.30657	1.42885	1.38148	1.30605	1.37402	1.28549	1.45087	1.53211	0.608828	0.534852	0.909035	0.933665	0.919793	0.65863	0.883206	0.389772	0.767722	0.756693
8.7231	5.64865	5.54791	3.52599	1.85193	4.56894	7.68641	11.328	11.6035	8.72924	9.99582	4.68281	1.17211	2.42934	3.15794	2.52367	2.24711	5.09489	5.8175	5.66517	7.07807	8.17648	7.29224	7.7095	9.05138	10.5669	2.39512	4.28471	2.48678	3.61168	3.18007	5.27355	8.07658	9.48985	6.02002	8.14166	10.0469	5.77538	5.35336	9.18612	15.1792	4.20209	20.7425	31.8471	13.0776	6.7476	5.83101	3.19616	9.33747	4.36236	7.31663	5.68828	3.65964	4.28974	4.93996	6.2021	8.81567	10.7201	8.37551	0.253023	2.43619	4.99646	8.77163	14.4032	18.3068	16.6065	9.5029	9.45088	13.3368	12.0038	11.7975	8.76159	6.16701	5.34831	4.36504	5.71372	6.85723	7.906	9.3632	8.37967	7.55498	8.55645	11.8796	8.4571	3.89008	4.14856	3.12297	6.65176	15.6627	16.2922	14.4505	6.83428	19.3378	30.569	20.952	18.3772	18.8133	15.4903	30.433	22.7037	8.17464	5.2222	5.90067	8.66088	18.0694	17.854	12.6397	15.9061	14.2565	14.827	10.8391	4.69094	14.9964	8.15027	13.7505	15.2229	9.6753	7.51381	8.09386	8.39298	12.6564	14.268	13.5429	15.5631	13.8237	13.5878	2.83487	14.5165	21.374	13.2316	4.09513	8.45039	6.91607	5.50698	12.9702	12.6301	10.2259	2.02114	16.772	8.71129	7.25108	10.9233	8.17552	3.01313	4.62219	10.5849	5.28616	16.5325	9.91514	11.9807	17.7975	7.68887	24.3717	16.5306	8.55213	8.42688	6.88833	0.773322	3.07667	5.78956	6.3194	7.84289	9.11611	4.37973	2.54929	4.87891	6.95429	7.98623	6.82653	5.08915	2.72014	2.30606	2.09441	0.443548	2.61823	7.59431	10.9127	12.3606	14.9446	16.3219	16.9554	20.9821	27.3144	27.1228	21.9822	16.8716	17.53	18.3137	18.3928	16.4556	13.8544	12.7943	19.5433	22.9924	23.4897	25.3314	23.5008	18.2039	16.7501	7.45015	11.7394	9.98344	14.7929	15.9367	10.2238	7.43272	0.909146	6.11685	11.8779	10.4971	11.0102	14.0037	7.51221	21.9313	17.599	8.39701	22.4212	18.7596	10.1532	22.5514	9.90877	12.3041	8.58534	1.44177	9.04385	14.7567	10.4158	20.445	19.3305	16.1107	31.09	37.7035	31.3579	11.5983	2.82375	1.04308	0.238764	0.281846	0.544279	0.759326	0.966657	0.852924	0.733969	0.767559	1.00569	1.46976	1.10992	0.499049	1.03792	0.464138	0.66133	0.670441	1.15444	0.555743	0.963963	0.41579
5.28434	1.46238	5.88393	2.87866	6.47399	5.53217	2.80081	1.80683	7.33504	11.881	10.2155	6.48517	5.22731	5.71551	7.52501	6.98366	6.13718	6.71625	6.49271	5.18064	7.0606	9.24071	9.92833	6.81102	10.4004	5.88035	4.41728	2.12208	2.24823	2.84175	3.92503	6.78259	9.27823	7.36093	3.81217	7.33217	9.08159	5.7104	4.53342	8.96343	4.94848	7.97127	30.1442	28.1596	12.264	7.81863	6.66241	4.51532	10.7525	8.14319	9.21277	7.9896	6.87029	7.12022	5.6828	5.85123	6.60167	6.14557	3.22045	0.479856	3.1342	7.51158	10.2325	14.02	16.1519	12.594	7.42144	7.73746	15.4599	6.50945	4.6217	8.40903	9.39993	10.4809	10.2146	7.53713	5.31185	8.21162	9.04987	5.68528	4.21005	5.33215	11.0158	10.7152	8.25301	4.95741	1.97493	7.96732	9.34665	16.7765	23.3107	22.8931	4.64545	22.853	16.8066	16.8105	15.6889	24.2802	30.4336	16.1626	9.06894	8.75154	2.82971	16.2406	23.757	16.4564	6.99662	12.8565	16.5658	15.767	15.4431	3.50869	12.5638	10.8808	16.8751	11.4721	8.25557	3.91305	1.1108	2.2766	8.97194	14.6025	14.3186	10.2315	9.49585	16.4764	7.04207	17.3406	10.4672	10.2029	6.65074	11.9747	11.6819	15.0262	7.80144	6.12901	2.40238	14.2813	15.8226	5.2759	8.25398	10.2838	12.1517	13.6299	7.2622	6.73362	10.832	14.0184	17.1311	19.6075	15.0786	11.6739	23.845	18.3664	12.8838	7.28068	6.57683	3.4425	6.21218	6.76022	4.073	4.52629	4.96512	2.24692	1.02212	2.70828	4.78094	4.5905	2.99523	1.85518	1.37428	5.2119	11.236	17.3764	21.1669	21.6679	20.6424	22.4759	27.9059	30.6611	31.1374	31.2669	28.0988	18.2092	12.6014	10.5634	9.38613	8.902	11.9197	14.014	17.8251	20.9627	22.8932	22.2774	21.4982	17.2628	11.1321	15.2655	23.6202	14.2481	10.0833	14.4465	18.5581	13.3734	4.45074	6.32453	8.756	10.0804	5.55729	7.77442	18.0519	11.3945	12.1768	17.6229	14.9244	19.4051	2.68788	22.5263	24.0665	31.262	15.9271	16.8174	15.0154	13.7794	20.5767	17.6996	19.3705	4.71289	14.075	22.6058	38.0978	38.6844	25.9051	9.21804	3.06038	1.14101	0.357758	0.126019	0.485684	0.657304	0.724541	0.82574	0.773776	0.673074	0.675513	1.23647	1.6434	0.697637	0.779196	0.783116	0.7265	0.518692	1.17745	0.767414	0.840592	0.0779237
6.29523	3.5901	4.60755	2.92228	8.33825	7.68172	6.37031	6.42214	5.87113	8.57064	9.83017	8.30062	7.92789	7.96703	8.34498	8.53754	8.64681	9.10677	8.76322	6.53265	4.84161	2.63021	7.85534	5.42759	3.79613	5.15799	4.4535	1.4932	5.00514	5.79498	7.43063	8.89029	6.97896	4.74129	3.86697	6.87803	7.72752	4.57534	2.22969	5.67413	2.82774	21.9219	34.6371	19.5477	9.62983	5.14201	4.63463	3.45007	9.30332	12.299	11.9806	10.4079	9.07147	7.48749	5.09916	4.3116	3.35183	1.28633	0.802113	3.37462	6.86514	9.79908	9.08984	10.9461	14.3134	10.2664	2.81518	0.617982	9.1179	2.7668	2.85538	0.574127	3.59134	4.7438	4.12807	3.14469	3.35036	7.39612	5.72879	4.62953	2.41762	4.15455	7.20021	8.12057	7.11842	8.27964	5.05502	4.30527	6.09566	10.3631	18.6001	27.5888	24.3629	9.38933	19.0607	18.3753	10.0127	28.5972	19.8175	3.59067	6.01066	5.17955	9.42241	20.3068	20.4623	4.05271	12.2894	13.5288	14.648	12.1071	14.2164	2.69661	8.46374	4.07411	11.0981	13.0346	8.38065	7.72363	9.43956	13.2222	11.16	4.984	14.2884	20.1575	15.0539	17.8725	10.9927	10.8057	17.5393	15.4425	7.63459	12.5555	5.89092	9.12004	6.20832	5.45586	12.416	12.0072	6.66737	4.27533	14.3525	17.3023	14.3613	4.91525	9.09382	2.17236	7.46925	13.8971	25.2222	18.4368	5.02647	9.63797	16.3339	18.3954	17.4996	7.36596	6.14364	6.82253	5.92403	3.88464	1.51962	1.06746	3.46821	3.21111	1.77743	1.64093	1.76584	7.93138	13.3935	14.9683	16.391	21.143	26.5798	27.8269	27.0489	24.0211	21.7918	22.9623	24.1729	20.2675	18.4558	18.6	11.7599	5.66806	5.01534	5.45952	2.63973	5.58994	3.14973	4.38726	2.52001	5.28959	5.51415	4.67958	4.80732	6.86843	7.33531	5.3699	19.1693	14.8807	14.0519	17.9751	10.6333	3.9739	10.306	10.5936	5.91694	7.86417	15.3333	16.9845	14.6341	8.7584	15.8391	20.0012	20.7874	23.0423	22.1864	4.61484	32.5473	34.9145	19.9823	6.25111	14.3747	22.4557	21.1577	9.10826	24.2979	17.2917	12.9158	30.944	39.191	34.7309	19.0695	6.22035	2.24297	1.04426	0.979016	1.66512	1.55788	1.2101	1.04893	0.890852	0.718254	0.648595	0.623649	0.715994	1.23453	1.36264	0.628134	0.0779134	0.412824	0.348434	0.593317	0.952906	0.916709	0.475885
5.98906	5.09415	0.761043	3.61409	8.60143	4.28843	5.43357	4.98354	4.01571	1.95378	6.11389	5.68305	5.20025	4.99231	5.17119	4.21783	5.86621	8.46369	10.821	8.91485	3.4624	7.71942	4.71808	2.58244	3.62866	5.57384	1.84784	4.17837	7.36948	7.07711	8.04154	7.41195	3.50775	2.29103	4.40888	6.84165	6.2962	4.52871	3.63223	1.33588	11.0938	32.4453	26.8143	10.9333	7.52974	4.81586	5.69805	2.66234	0.937943	5.32133	7.38998	8.17225	6.6924	4.95552	3.39977	2.22169	1.08096	0.687613	2.83614	8.76844	13.8278	10.8461	3.93582	9.27974	13.2133	10.2959	3.67181	1.22364	6.07711	10.0406	3.55146	3.505	5.24	4.72591	4.00303	1.80308	6.63854	6.86808	3.22606	2.46124	4.34296	5.7539	6.08464	6.69013	4.15444	6.53058	6.40887	3.23834	6.48697	5.87995	6.82826	16.6037	28.3678	16.5568	16.915	28.3114	23.9397	25.6203	7.02946	3.99145	2.44488	2.94422	7.89599	16.8246	21.7203	22.9249	22.8871	22.3019	23.4532	20.7483	10.9764	10.326	22.2039	26.8577	29.7209	25.7198	14.7756	4.54407	7.91185	10.3014	12.31	13.6335	18.2856	15.3317	9.26298	8.0431	17.1985	8.83626	9.44289	16.3757	9.03973	7.3504	3.59214	10.8254	12.3872	9.53181	16.8582	21.853	18.404	13.8772	8.75837	13.7215	6.82889	11.2143	8.29701	5.35984	7.74191	20.6575	22.3241	0.63094	16.99	24.0058	25.1124	23.802	18.0996	9.33629	8.43057	7.83715	3.97317	1.94468	1.41506	1.24181	3.41244	3.62492	0.870815	1.1187	5.9152	19.8459	25.2361	28.2828	30.1336	27.685	23.749	20.484	19.2308	18.8235	18.3543	17.1901	12.6265	5.59995	1.25305	8.18026	5.28558	8.81887	6.62556	3.01842	1.65195	5.11541	4.73501	6.62952	5.56463	6.71043	10.7113	11.6329	9.9239	2.55174	4.23335	9.06752	14.5112	6.59584	14.5477	10.1148	4.4161	10.827	11.3008	7.39265	5.75899	17.1114	17.5224	17.558	16.1266	13.3767	15.4664	18.2563	17.4959	23.5562	21.3142	17.5905	12.8164	37.4225	43.4307	33.0663	12.2434	22.6372	26.1225	5.91072	13.1381	20.8505	9.57892	37.3426	40.4801	28.8284	13.1287	4.67361	2.03101	1.97994	2.11513	1.52735	1.12412	1.35323	1.29962	0.974264	0.892284	0.757352	0.555425	0.497346	0.570343	0.929164	1.02448	0.937191	0.864385	0.330487	0.251956	0.601825	0.618652	0.391272
5.26249	7.0725	3.85719	2.69046	6.80634	2.64223	4.40814	6.22581	3.89139	2.47869	3.11274	3.93108	1.2981	1.94085	3.69103	1.56275	3.9544	5.55128	4.85152	10.2068	10.5386	7.49336	5.73383	6.24467	4.74493	0.467265	4.52492	7.39411	8.20498	6.48965	5.05339	1.93555	1.83252	2.15576	5.82421	5.34985	4.54681	4.93791	2.17977	5.28885	14.5083	32.9191	20.3408	9.86741	8.1697	9.38814	11.5853	8.76404	5.69362	4.20138	4.73842	5.27752	2.52644	0.703567	0.185818	0.116324	3.63178	7.21683	7.23103	13.2718	17.389	12.1471	7.12578	7.398	10.6203	9.75896	10.0721	3.21986	0.950557	7.52333	6.60084	4.26213	0.937746	0.427671	2.1314	6.4498	5.68383	3.74655	2.53955	1.84761	2.8198	4.68949	5.75577	6.95111	4.90809	6.89308	8.45749	6.37147	10.1686	6.85111	4.69791	2.14183	17.2532	27.7198	11.5753	24.7945	25.4801	18.5037	11.3014	8.40804	2.26276	1.97344	4.4945	11.1648	18.3008	21.4331	21.1407	20.7325	15.9683	3.70322	15.6297	26.3447	25.0242	18.6804	12.0195	17.2172	13.8815	7.18224	4.73733	13.3114	0.947353	3.01653	14.7795	9.84236	8.83998	3.15561	16.3483	15.0604	2.93491	14.6985	7.10165	2.66165	8.77186	10.2387	6.22937	4.80146	5.44408	9.65676	8.10889	7.91206	6.29134	14.7642	11.7169	17.0218	11.4317	13.6624	12.2028	22.4704	12.9416	17.1601	23.5344	21.6469	17.6287	15.6372	12.4462	8.24354	6.79491	4.70005	1.47187	1.34054	2.82565	2.83402	3.60277	2.75363	1.0636	3.47377	12.6749	23.9411	18.1275	19.8059	21.9792	16.0379	9.10482	13.2478	5.88369	4.09362	1.99063	0.587564	4.33566	4.67939	6.00582	7.36692	10.0464	4.99893	7.81229	3.54242	2.15301	7.50959	4.22778	9.47593	10.4974	10.5965	7.80237	8.96518	9.47565	7.24599	7.72261	5.24144	9.12763	8.25956	12.4431	10.7233	12.9398	11.1699	9.13117	6.78932	16.459	13.3495	7.14175	9.61999	10.091	6.13097	12.2239	5.71935	10.9088	24.3458	8.39143	15.073	18.9326	11.9552	34.4931	32.3326	23.4849	26.2859	29.5794	14.7485	11.7617	4.0718	15.8156	38.5433	41.2954	22.2535	8.72698	2.85379	1.87276	2.31971	1.98861	1.14774	1.25928	1.32442	1.2363	0.877069	0.713102	0.854437	0.803506	0.504238	0.318915	0.391191	0.478143	0.710496	1.10233	1.02429	1.46426	1.20482	0.305475	0.560331
4.24669	6.60944	6.21172	3.49298	5.32108	7.11542	4.31539	3.13408	4.10561	4.4551	2.42377	5.61702	4.38497	2.16823	2.96972	3.27451	5.317	7.87506	8.98313	8.13965	10.144	5.93541	3.13372	4.48607	2.13749	4.90076	7.21172	7.12883	7.24939	6.90009	4.30463	2.30586	2.01639	2.28397	6.13502	2.07611	3.73984	6.56671	0.67468	6.50072	9.95576	27.6765	23.943	9.47212	2.07687	8.78124	13.3169	11.9707	9.38898	8.06274	4.07534	2.42695	0.505535	0.492468	0.85975	0.748411	7.70316	8.15136	5.82757	12.6312	17.4131	8.16539	12.9304	3.27736	9.0947	8.12012	11.2198	6.6773	2.80774	5.93651	5.11308	4.61097	3.17268	6.80659	7.23692	4.56572	2.40621	2.56969	3.20344	4.16178	1.72318	3.52893	2.3535	4.86618	3.86102	4.36598	4.75192	5.57631	11.1585	5.37173	5.42006	10.6717	19.2992	24.5058	15.8849	4.33182	12.7364	10.6357	12.0964	10.7214	5.05745	0.260045	2.34125	5.46479	9.63996	12.7993	12.8124	7.46211	3.92074	14.596	21.9831	16.6138	9.36201	8.04701	13.8291	12.2204	8.65804	9.24984	5.4408	12.315	2.46811	2.84845	13.8007	10.3889	6.90736	11.3733	17.5696	11.8426	2.92335	11.7184	6.11602	2.38809	11.1992	8.95747	5.96967	10.9474	13.562	9.96281	7.02737	13.2894	9.82979	11.5739	8.94786	18.2308	12.8095	25.8173	16.0927	10.3121	11.8644	21.5995	18.7215	14.7755	10.2364	7.69091	7.10038	5.69199	3.75426	2.92088	1.13359	2.24375	2.86283	2.50993	1.94742	2.6496	10.0624	15.8951	20.7727	21.3614	11.2885	11.8237	7.52377	8.98918	7.0938	10.1129	7.97113	11.7506	9.52246	5.68305	9.01872	9.07	14.2198	11.157	11.7788	8.19893	5.53522	6.52777	4.2073	7.96455	1.27015	16.4947	11.866	11.6191	11.1362	14.206	12.6068	9.50362	11.2453	12.5769	12.4805	3.51436	10.2355	14.719	16.6632	21.0081	15.605	13.9189	17.3219	6.45253	3.26089	13.4476	7.27937	6.24184	18.0736	12.6453	14.9927	17.2116	5.36049	6.19742	14.4132	27.204	23.9059	29.864	27.0593	27.9911	24.8928	31.1628	26.753	28.5763	21.705	34.5777	38.995	14.3823	4.6767	2.60033	2.63985	2.12586	1.54993	1.46137	1.34391	1.33381	1.25792	0.863764	0.454017	0.763478	0.995413	0.449369	0.238539	0.348229	0.288125	0.164476	0.777719	1.35261	1.65927	2.02792	0.791961	0.790779
3.74998	5.65101	6.70324	4.43735	3.11763	6.61483	7.63483	2.47163	4.37464	6.00553	2.49446	3.90927	6.70124	4.15716	3.81292	4.07307	5.14415	6.56916	4.31205	2.69329	5.69742	10.8587	7.50967	6.55719	6.98918	9.12064	7.73136	5.32341	7.66664	8.89791	7.66096	8.11937	6.8609	6.33374	8.0128	4.97303	5.20215	5.41068	10.8921	16.8962	19.872	26.8189	24.3446	12.7428	6.49617	7.12332	10.4903	14.3004	11.4336	8.64493	1.98623	0.65665	0.455489	1.47048	1.93117	2.46733	7.83605	8.95815	6.88085	6.17939	17.5054	2.98954	13.1056	6.33181	3.74889	5.24538	11.4326	9.27969	3.61901	5.57074	4.52077	1.3818	6.82039	9.51209	7.7897	6.04207	3.17974	1.84494	4.26143	1.53629	3.1983	3.54009	2.65637	4.48129	2.84647	2.57481	2.50317	5.98002	11.2365	6.21712	8.31844	15.3576	19.306	11.5212	12.1198	13.7692	5.40345	3.23104	12.1588	12.9283	4.49963	2.55067	6.35	10.3344	11.2284	8.48468	2.75662	11.1012	15.0386	14.1692	13.6846	11.8245	14.3005	14.9929	12.9752	6.89032	2.48449	3.50186	5.00878	10.916	4.92973	6.73474	5.96917	13.0898	11.5079	11.152	10.7832	4.94128	6.04699	7.65675	5.96022	4.79119	10.0911	11.7926	12.765	12.8608	11.1025	10.2698	7.07613	14.7289	10.4676	13.0523	13.7948	9.35885	14.7909	27.6988	11.7842	18.9335	22.4347	21.6562	16.3724	12.199	8.74005	5.22447	4.78817	5.76684	4.21515	2.92278	1.93289	2.77118	0.155698	10.1718	20.6665	26.0972	28.4372	28.0745	26.7347	18.946	7.18568	10.7587	8.92164	2.03665	2.33482	2.5591	12.6385	5.74048	5.35133	2.56988	12.5731	7.55531	12.398	17.8415	1.19966	12.0076	7.55948	13.7314	7.38344	7.0888	2.73249	15.2763	10.562	6.0124	5.14689	5.87215	5.8378	9.2237	9.85657	7.96341	15.966	7.21432	15.9033	20.6416	14.4077	22.6448	16.9133	7.07774	8.72943	5.54315	7.02592	15.3315	13.1956	7.56065	20.4901	10.9962	2.26141	9.9556	10.2544	3.93912	18.5876	25.969	11.9285	23.4856	32.7121	30.6096	18.2395	39.4388	29.3392	32.5582	36.3849	32.6174	30.5375	8.37353	4.30257	2.41662	1.44812	1.14582	1.21069	1.53507	1.20779	1.39033	1.45547	0.910871	0.416997	0.536306	0.83395	0.992463	1.65867	1.59174	0.983225	0.164444	0.629504	1.20917	0.377712	2.02013	1.30691	0.730578
3.04963	5.01934	6.2787	6.68173	5.46765	4.01142	6.21971	5.19053	2.70291	5.9514	4.93139	0.609447	7.32651	6.16689	5.39176	5.14932	4.30177	6.69995	5.95786	2.41775	1.83217	6.20201	6.74538	8.81442	9.97324	9.81013	6.63675	5.78516	9.96034	9.40757	7.82331	9.71129	9.27646	9.28735	10.429	10.4923	10.2123	7.94201	18.674	14.7561	23.7668	28.6695	21.2407	12.5395	8.68493	11.8506	18.8382	16.7657	9.64427	5.02535	0.888957	0.796391	1.23621	2.93538	4.73983	5.60589	4.98614	14.5731	11.8167	11.2196	9.79483	14.3948	10.6367	17.7181	9.48799	2.17077	10.3563	11.7638	8.76268	8.08766	3.79311	4.50343	8.27024	7.07578	5.99963	8.52912	8.62361	6.47138	1.50311	4.36699	4.58425	5.44891	6.98874	7.18917	7.94673	5.08523	5.48825	7.60634	12.5101	13.4049	20.8488	25.1415	21.1688	13.8621	7.91545	12.8956	6.96482	1.52978	12.3723	12.7327	5.80563	8.50186	12.1817	11.1991	6.07494	2.56347	8.66094	10.8829	5.66763	6.16662	8.02182	9.64211	13.0527	16.9111	17.5317	15.2899	11.4505	6.20464	5.12601	9.85399	8.51258	2.42913	5.35282	5.05985	5.06423	3.84295	8.83599	9.58143	8.96917	7.39421	6.92722	5.61741	4.88289	3.94924	10.3851	9.66315	7.90767	8.68354	2.89909	15.3771	9.31354	3.74951	6.99886	12.4671	19.7437	12.4624	19.3715	25.4922	23.4289	17.3371	11.4316	9.07947	9.14776	6.8326	4.21511	5.15311	4.98117	3.25366	3.0272	2.34472	6.47519	20.811	20.6987	17.427	18.1619	20.1766	20.2331	16.891	15.3027	13.8022	8.8014	5.37706	8.91493	8.98989	10.5209	6.98414	4.74076	7.69862	16.1068	13.8199	1.44674	17.4334	11.1493	14.3633	6.87738	13.7163	11.9896	7.98583	4.18304	8.63421	7.31887	8.47262	9.63954	7.77324	6.98235	8.25483	8.63863	6.81292	13.8307	14.4871	18.8854	20.395	9.26338	19.3344	16.2642	3.40686	4.44029	10.2207	7.27691	10.9181	11.8103	12.6382	24.4591	11.4859	10.0617	8.05876	14.9741	20.1103	20.8604	6.1226	18.228	14.2851	7.94291	7.70776	2.74586	37.0041	31.8505	35.1963	43.9505	33.8271	19.1935	5.27102	3.55291	2.39443	2.05449	1.90161	1.74822	1.57789	0.897836	1.37271	1.47648	0.738363	0.367616	0.323818	0.733972	1.55053	1.969	2.2975	2.38403	2.50493	1.92298	0.583274	0.500715	1.59837	1.32857	0.502101
1.29782	3.77407	5.40185	7.92532	7.45706	2.96024	4.57687	5.1073	0.982871	3.95366	6.75506	4.14275	5.35048	7.51281	8.29436	7.38502	3.08051	6.91855	5.33342	0.519813	3.14446	3.1912	1.56437	6.62196	6.02767	5.48976	4.06141	5.97261	8.59481	5.53341	3.89912	6.63794	8.55928	9.72963	10.6574	13.8641	11.6912	23.1187	11.7532	7.70749	23.3487	13.727	9.66086	7.03677	6.5526	10.2841	14.5716	8.15456	2.58866	1.271	0.839513	1.07152	1.30362	3.38363	6.0809	4.80382	3.81095	16.1087	11.5219	15.9924	4.40008	21.0971	11.6697	8.81568	12.3164	7.80211	4.83923	6.99684	9.96354	8.82251	3.41589	4.55078	5.38669	4.74188	2.82445	2.44758	4.57638	6.38531	8.95239	8.79312	7.85126	4.59577	5.87641	7.01205	10.0083	6.92222	5.31342	6.47995	11.1423	18.3701	22.9484	15.7853	4.60654	2.31639	3.75999	5.58699	10.8464	4.2582	8.22137	12.4691	11.8108	12.1413	8.40937	1.5899	5.50994	7.43057	5.22775	8.00251	10.4054	10.5124	8.84997	8.20297	11.0321	10.8017	7.15974	5.57484	7.94583	3.01085	8.02453	10.6519	13.2701	7.87105	8.17642	9.47097	9.94105	9.64992	12.6722	12.0503	8.86322	6.72344	12.1372	14.4496	11.8112	9.44152	5.98947	4.19066	4.50383	10.6124	3.98809	14.0021	6.61714	12.1391	15.8941	8.76115	6.66254	16.081	19.3097	15.3088	12.1088	10.4047	7.8933	5.76677	6.68398	4.94985	4.06039	3.87632	5.09877	3.90222	2.85094	2.56059	12.7434	19.1813	10.179	3.11036	11.6794	10.9559	2.5449	1.76304	3.44594	5.15357	0.940232	10.5547	8.48156	7.1548	6.2538	6.22603	2.9126	3.47242	11.5126	11.3083	3.03618	10.5231	10.7163	10.1156	8.8843	15.3932	14.1522	4.5226	11.2094	11.3344	10.0172	6.33172	4.73959	11.3913	11.6178	11.0428	5.52533	6.4685	2.17226	8.249	15.4424	13.2911	7.46809	22.1116	19.2821	10.1262	13.6108	12.0006	9.52903	12.3504	16.3294	24.3358	15.9587	4.60578	14.3614	10.1819	14.3307	29.9571	7.24366	32.7093	37.8057	40.4295	39.2478	29.3117	18.7068	25.2884	39.3695	40.2014	44.745	26.1308	10.4706	4.76901	3.66809	2.35562	1.67483	1.63262	1.5452	0.949829	0.335063	1.29711	1.46607	0.630337	0.314258	0.222225	0.335074	1.31476	1.21332	1.53453	1.61164	1.63615	1.58055	1.15111	1.10969	1.5868	0.850492	0.772142
0.742525	3.11301	4.86396	7.44147	8.6882	5.9045	4.17451	3.58211	4.98514	2.40833	4.20038	6.8122	0.884963	5.91925	9.74035	9.17586	4.91037	6.4144	3.89861	2.48572	3.45288	3.97498	5.04617	6.82976	4.93957	4.1949	4.80179	7.38309	7.4682	5.44478	4.59363	4.49013	3.52452	3.14287	12.829	11.982	14.4993	16.3826	6.59336	11.6165	15.9622	14.9384	15.5878	4.70659	2.87754	6.90324	8.19908	2.97383	0.69052	0.522392	1.75914	1.92224	1.40244	2.87741	6.04486	1.55351	0.936829	14.4638	13.9771	13.7602	13.861	15.74	18.5272	8.33721	6.98148	2.6812	9.26337	14.6618	11.6547	3.74831	5.79995	5.75525	1.20618	5.14544	5.28898	2.41124	1.00402	3.04029	4.88011	4.6215	3.80835	1.93192	2.3645	0.453166	5.83387	6.18855	5.88761	8.96541	11.2815	10.9206	4.02728	12.2441	18.7853	18.0631	13.7291	15.458	21.0022	20.3996	6.06656	7.55385	8.65392	5.65784	1.13127	4.42386	5.77601	3.10025	2.98833	5.38287	7.22024	8.0191	6.82259	5.28187	3.14989	4.46765	9.17035	12.0628	6.4532	9.21697	6.7462	6.532	14.3048	11.5444	6.34196	4.87854	8.63453	10.1092	11.5334	11.3952	10.7695	4.66399	7.54568	4.16214	6.56507	10.8478	5.07655	6.9598	4.98711	6.19137	11.1513	12.5136	5.29471	10.585	12.9305	15.5606	18.3382	16.7019	10.4133	7.61556	6.20375	8.05395	8.39887	6.2155	4.77748	5.1694	5.25447	4.58161	5.3399	2.9247	4.76789	12.9946	15.0329	10.9254	10.5641	11.5454	12.366	2.05203	12.0255	13.3985	11.1065	8.68551	14.4153	12.0308	7.00498	3.29428	2.32973	8.51577	3.51852	2.71136	17.1824	10.5696	4.14964	8.7187	12.1495	7.51685	11.6957	14.118	14.8081	6.81597	15.0954	8.52855	10.238	12.7609	10.2574	2.35249	11.4991	15.0617	13.595	10.5653	10.5972	11.3003	7.93638	8.75235	23.2614	25.5805	18.6729	3.6015	8.09678	13.9928	10.5029	13.3547	28.8819	24.0254	10.6481	4.61099	6.26021	16.4264	24.3783	26.7757	18.5618	38.4075	24.7431	20.7655	18.9464	16.7959	24.8399	8.45899	30.2137	38.7085	36.6695	13.7567	5.95551	2.84182	2.09242	0.910605	1.42545	2.27644	2.17109	1.0522	0.3979	1.08914	1.37845	1.14197	1.52835	1.51535	0.607679	1.31238	1.12941	0.700209	0.492543	0.0215798	0.949667	1.60177	2.14073	2.1135	1.13563	1.35032
1.41203	2.30487	3.24609	6.27536	8.5028	6.19817	6.35203	8.47409	8.015	6.8282	1.73897	5.59582	2.07585	3.62082	8.3835	9.34932	6.68724	5.59387	5.7785	3.84326	4.31236	5.44621	8.49947	8.89234	7.37718	6.8124	5.57066	6.09014	5.07998	3.81568	2.69838	0.518717	6.09201	5.8384	6.48731	13.9228	18.9825	13.5826	15.0999	15.5768	8.78829	11.3156	13.6969	9.13882	6.61353	6.55258	4.50657	1.11886	0.300519	3.47184	6.7068	8.03988	6.82608	4.17395	3.88392	1.2777	2.79046	13.7376	14.6777	7.81478	17.6887	5.27704	13.7222	8.40455	2.3632	7.46849	10.5925	6.24098	1.64521	2.79513	6.90307	5.72677	5.08108	2.81294	5.10539	3.06923	1.74709	2.86532	5.45897	6.15836	5.69235	4.84443	5.08683	5.091	0.198912	6.55101	10.2397	11.4766	7.61977	9.21623	21.6519	26.342	24.4266	23.4861	23.2132	23.455	25.4409	30.2952	23.333	1.68242	1.94403	3.35745	4.19796	3.62143	2.40467	1.64796	0.484833	1.56519	3.89053	5.32273	4.29513	3.76898	7.31258	7.14831	1.4323	9.86529	11.6875	10.5872	7.41851	6.93612	12.3047	13.3076	13.9696	11.0496	16.1499	17.5293	11.4793	14.1808	11.4487	7.89004	4.71744	8.7682	4.94909	11.1084	5.44748	5.79894	9.02283	5.64645	6.05826	5.91836	1.5866	4.792	5.91071	3.15212	9.10714	9.16555	8.98071	3.81603	0.67573	2.5466	5.43292	7.16663	4.43004	5.96966	3.61084	4.70437	4.65517	1.8833	15.0839	20.699	14.2447	5.48226	11.8416	13.6007	5.49269	10.9323	10.879	9.37671	10.0475	4.4874	10.8058	5.64734	7.31369	3.09446	7.33185	4.57208	9.93118	8.51998	17.4019	11.9996	1.2553	9.78355	13.4286	8.55107	5.80432	11.81	10.9348	12.1732	12.6805	9.16147	8.58702	2.60929	5.60866	9.60155	5.67759	7.29543	5.42235	6.91526	13.9616	13.1852	5.94991	15.2503	14.7225	13.6652	5.28542	28.8172	34.7619	29.8249	25.1664	21.8024	9.82733	8.2619	15.5558	10.5602	17.6411	22.3528	14.6785	14.1942	29.6542	35.31	14.9779	20.4079	22.7122	11.4388	27.456	37.8943	29.6014	27.0922	23.0383	8.79062	4.91278	1.73037	1.56799	1.11371	0.599473	1.48757	2.31848	1.98256	2.00149	2.4886	2.67046	2.36793	2.29895	2.40132	2.37496	1.5555	0.777862	0.347885	0.669871	0.839203	0.823811	0.917865	2.06821	2.31697	1.25525	1.61367
2.71508	1.31294	2.24225	5.5289	8.35702	5.39001	8.60769	7.11931	6.45609	7.23956	0.464645	4.28266	1.33997	3.09634	6.7549	8.68802	5.87298	2.91701	4.66396	3.84563	5.72156	7.93865	9.72603	9.83502	9.58794	8.46638	4.86461	4.31749	3.8081	3.00892	2.6471	2.8602	11.0293	9.64053	11.5159	8.65854	16.259	16.2361	17.9478	13.0239	9.75202	11.3322	4.17189	8.72474	11.065	7.19193	2.56531	1.04536	1.81192	9.11446	11.3656	9.82806	8.24494	5.82786	5.81275	5.67568	3.05285	11.8394	15.5781	0.875919	12.0983	9.72093	5.34396	11.4622	14.3198	10.6382	2.95903	8.95632	6.81562	3.2021	8.10178	3.62331	7.67146	0.657485	5.62521	5.11485	4.66034	6.75443	7.92741	6.63365	5.98842	4.12599	3.23688	3.80854	3.01111	2.40732	8.67527	3.82601	14.0756	21.9072	22.9859	21.7745	18.7133	18.8534	17.6235	6.54114	5.75331	16.7752	27.6862	11.9729	2.58833	4.6759	4.32992	3.4901	2.27719	1.74725	5.50798	8.10742	9.22843	8.11331	4.49608	4.21263	6.17223	6.21178	6.43297	8.20566	11.5037	9.87175	6.76839	6.40363	8.77506	5.53304	5.46358	10.3424	23.8443	20.3256	6.52114	12.5262	10.4103	12.7199	7.01856	11.2555	4.11572	8.80444	9.36137	7.52582	8.36306	9.34304	4.40647	7.56607	10.244	10.699	8.69784	4.34495	10.4607	5.97314	3.73262	4.9382	1.9616	3.8081	2.39306	5.16904	2.6997	3.86399	2.8658	2.82421	3.38235	6.51109	20.8818	18.2463	10.3822	5.92189	13.0576	7.0195	9.29315	16.3745	10.2842	9.56495	10.3537	2.2564	9.01852	7.17663	4.7681	5.83261	5.77476	15.0657	10.4843	9.89944	12.2337	13.2521	3.11772	12.6015	10.6021	11.5383	7.2706	8.60657	2.14248	10.7005	7.20884	7.76088	7.69436	4.45009	7.45431	10.5616	7.23183	4.97056	6.06298	9.13043	15.213	11.4044	5.73853	11.7905	14.8915	13.323	28.2622	30.4742	10.3143	21.2373	25.6317	19.1429	16.1109	14.4015	12.5827	14.752	11.2503	3.3924	7.72373	20.3849	20.1677	24.4944	18.3793	20.9711	22.5642	21.9841	34.8278	39.2262	39.2471	39.323	25.2121	9.88064	5.10439	1.67069	1.45284	1.42821	1.96705	1.71065	0.503104	1.53384	1.89473	2.07049	2.59406	2.20824	1.25989	1.08384	1.48124	1.61678	1.08879	0.552894	0.736248	0.752514	0.685165	0.978062	1.96398	2.3984	1.89288	2.1341
4.39886	0.82403	1.9495	5.1655	7.14497	4.70493	1.61315	4.88364	6.60826	6.70957	2.46564	2.18138	2.34274	2.41032	6.11096	7.63628	5.47441	1.22933	3.16687	4.0263	5.65643	7.60706	6.03355	5.19517	8.20307	7.18151	5.30474	3.08148	3.77584	2.88025	0.35894	3.0472	11.7891	11.1231	13.7055	13.7946	20.7024	24.9788	6.61399	6.91789	10.9059	7.92226	5.55371	10.0764	11.5624	5.90844	2.39127	1.29827	2.23289	11.1056	7.71012	3.25833	4.43921	5.26093	5.76952	4.00565	4.49136	8.23111	14.0892	4.80455	3.01627	13.4493	7.08688	16.1399	14.4837	11.1712	5.37632	11.5546	10.7843	6.41651	8.79999	1.15267	8.32285	3.90288	3.28821	4.05158	3.68797	6.36677	5.95497	4.28251	3.0615	2.91341	7.23637	8.78951	6.17693	5.26378	4.98481	9.76956	18.1681	21.7253	13.6576	6.68295	0.215668	3.18242	7.44339	18.2105	18.6689	20.3091	20.8105	15.5422	0.863184	4.2445	5.44645	5.56838	4.31997	2.9322	6.53359	5.2084	3.81205	5.70738	5.8078	3.03169	2.23661	3.29264	3.84286	5.82786	1.4866	5.15608	3.85343	6.54069	11.0316	11.6954	11.9961	15.1744	24.1221	13.4319	13.5634	16.5933	15.5273	12.6877	10.9269	13.1929	5.56257	0.980188	4.8875	10.8623	10.1466	7.36241	6.59709	13.3429	11.1574	4.98815	4.01974	6.05937	7.16687	7.22776	3.49631	2.70042	7.07336	6.05631	2.58799	3.56536	2.62238	2.98774	2.8233	3.28116	1.14616	8.83537	24.3133	17.117	9.03409	3.10335	12.3603	2.12592	9.44528	13.4404	6.70414	11.5627	8.26271	4.0743	7.97904	12.7189	1.67086	7.07756	5.99088	3.82179	16.0748	18.3785	14.043	9.81856	3.53626	15.6176	11.4349	12.3346	8.15949	4.25595	6.65398	13.4258	9.94847	9.71284	9.35068	7.71802	9.18302	7.28766	11.3278	0.961762	2.71859	6.99011	16.9761	14.5804	10.2718	15.2068	14.5239	18.0511	28.4174	9.05106	15.5176	23.6706	17.4423	13.1421	12.5334	4.35756	3.54576	16.1868	7.87672	18.6661	20.2835	11.841	21.2655	25.4958	11.595	22.2353	10.4926	34.9141	29.5388	33.7834	43.7	40.125	26.1894	9.88925	5.03758	1.85211	1.42591	0.781153	0.784109	1.3321	1.7168	0.845773	0.753286	0.63431	0.518488	1.17795	0.873325	0.784109	0.172539	0.144675	0.9395	0.792959	0.610362	0.949859	1.58578	0.596513	2.2752	2.3543	2.03706	2.24274
3.5851	2.75398	0.613667	3.56935	5.01701	4.14202	3.58706	4.41751	5.98356	8.09978	7.04071	3.08246	1.66118	1.8663	5.58541	6.01676	5.80411	5.34314	5.82561	7.19368	7.89846	7.82353	4.28848	3.18872	4.84481	2.06318	5.16707	1.90537	2.84164	2.4971	2.2465	3.98235	9.97054	12.5747	3.24938	8.46193	16.2351	17.7742	18.9066	13.5936	9.85621	6.06786	7.71221	10.7894	7.6904	3.14719	2.76804	1.7375	1.56007	10.1662	10.3672	3.19892	1.12552	2.36256	0.64723	1.57388	2.92189	5.51593	10.6814	6.96182	4.40031	9.16169	11.567	10.7914	14.957	4.0658	7.94501	12.7873	4.1761	9.64571	10.3292	3.28377	5.61487	7.45264	6.04113	4.66012	5.67597	7.75342	12.8832	11.8058	7.50325	6.8978	10.4261	7.91366	6.588	6.29193	8.66754	17.7111	9.22925	15.194	16.0019	11.6377	6.21185	2.80997	8.34762	25.0088	19.9801	13.0574	14.116	8.81123	3.1498	1.08766	2.83858	5.69545	7.71477	5.64129	4.23363	5.20027	6.5512	7.39406	2.92807	7.79133	11.7661	12.2924	9.44103	10.3048	7.43668	1.90526	4.43998	10.0672	14.2719	14.1707	15.8204	17.2452	12.9303	10.7003	13.6258	15.9852	15.0043	6.08588	9.97909	10.5819	10.4513	11.111	7.08803	9.88484	12.2072	11.0981	9.49993	8.44756	5.11736	8.98861	7.61914	5.20557	5.51457	5.59202	4.18519	3.78572	3.12152	5.63304	4.3129	3.75063	4.86932	5.55413	4.0646	1.35065	7.21062	14.6187	18.6154	14.5284	9.43382	7.42104	9.84429	3.90165	10.7906	14.9942	5.62147	13.3869	7.57367	4.40715	7.27025	14.4634	4.92532	8.68677	11.2086	20.1647	15.5536	6.02795	7.9639	7.26112	7.16819	9.27573	13.8898	13.2897	3.12366	8.18139	16.2696	14.5985	6.72919	2.54187	7.96146	8.58751	8.22652	3.10316	14.1998	14.0324	15.8447	17.5487	18.5343	17.7954	9.52823	18.9553	14.3121	24.9313	9.13147	13.4656	21.7901	21.0178	12.0087	9.5268	6.10912	4.54651	0.436079	9.16501	9.93089	15.7279	18.1301	21.0873	21.778	34.1797	16.7677	28.8446	27.872	29.4608	7.37447	41.8966	48.0357	35.1606	21.3217	9.00491	5.17904	2.53447	1.92276	1.30236	1.69805	1.23322	1.03583	1.84155	2.24813	2.27491	2.33172	1.88046	1.83847	1.50742	0.95483	1.15245	2.09782	1.21966	0.668766	1.01063	0.684941	2.22997	2.44288	1.18949	2.00469	2.93287
0.617698	3.27521	2.4767	1.48833	1.71461	3.9889	4.50511	2.77897	2.59047	3.59562	4.57005	5.23822	1.42198	1.9698	5.32595	4.18557	1.74666	3.76164	6.98043	10.0635	13.0447	12.9666	10.8433	7.24881	3.61008	4.49785	6.49156	5.8672	2.66529	1.60943	4.06572	7.04129	6.70038	7.59127	10.9176	7.44903	9.07811	12.4097	20.6544	25.1212	25.7685	21.8994	10.6129	6.19807	2.77378	2.41977	3.24266	1.85939	0.320507	5.37522	10.0532	8.29667	6.88764	6.37265	3.48765	1.84213	4.11287	3.22114	6.77697	8.10946	7.69559	4.15404	11.4145	4.6667	10.2345	6.48307	8.24169	11.5862	7.89681	6.39687	12.4762	5.42085	2.61262	6.98667	6.32844	1.26461	6.39721	7.2023	2.88235	6.65685	8.35575	8.59458	7.35336	2.57255	7.91314	14.0853	25.2012	17.8369	11.7364	7.6807	16.6955	12.9968	9.59703	8.01517	8.45283	25.4804	21.8168	9.55506	4.0715	4.96135	4.57999	0.53552	0.233204	3.01826	10.6188	7.79398	2.52712	4.11	5.41407	8.86069	8.36753	3.01558	5.4944	4.34158	3.96757	8.40322	9.05495	3.43176	7.18447	10.1571	16.5259	18.6838	14.5805	1.73731	10.2052	13.7376	17.556	20.2673	16.869	5.68582	9.38148	8.27801	12.9786	11.7224	10.8988	1.81659	8.23855	7.24299	1.70391	7.08459	3.05643	6.43346	10.5888	8.85687	6.12113	6.8946	6.25502	5.1912	4.16965	2.13511	3.96204	4.88652	5.82896	4.21994	3.81004	3.84819	11.8878	10.0781	5.11906	13.5509	10.5508	11.5806	4.15635	5.20834	3.02475	16.7268	3.62244	10.9431	9.42077	7.45097	7.32311	15.9106	7.04051	15.2458	14.0734	6.2399	6.09291	11.6219	16.4986	16.6398	8.23213	0.879627	11.1878	19.9114	3.83394	15.1936	9.65444	5.87975	4.87643	8.01238	8.53221	7.84027	10.444	9.06631	11.2172	12.0648	10.9571	8.23031	10.536	16.14	7.36648	17.3293	19.477	18.0923	9.91208	15.2087	18.6407	16.1514	10.3459	6.76467	4.48141	13.0937	19.693	19.953	21.0327	14.0023	25.8604	15.9909	21.1918	38.6282	12.7935	19.9763	19.6939	4.26769	31.7075	46.6228	43.8225	26.9102	15.9589	8.36753	4.97737	2.58685	2.3455	2.42896	3.02674	3.36509	2.41883	1.28267	1.36071	1.72022	1.90792	1.69233	1.14979	0.981727	1.43307	1.95844	1.81089	1.12838	1.64849	1.63199	2.53488	2.31728	1.21713	0.549631	1.39627	2.98099
2.95984	2.78916	3.77384	2.3943	1.08024	3.67649	5.06505	3.48603	3.11196	3.9176	5.32852	5.89573	2.07222	1.12819	4.89178	3.91618	1.0001	3.03422	5.55047	9.16873	11.4111	10.3074	10.1049	10.7561	8.469	8.30985	5.97079	7.10714	2.71177	0.957143	5.3947	7.18186	4.87941	4.14746	7.21015	7.36517	3.22851	7.89809	9.32981	12.6575	18.7784	21.3429	14.8663	7.13433	2.41856	2.63028	3.80055	1.90502	0.512336	1.63693	6.22987	6.36822	2.41943	3.18239	4.80949	5.15813	2.32276	1.72403	3.40488	6.84114	6.44569	3.83336	8.59751	9.27429	3.60134	10.7129	11.9375	15.8768	7.78048	9.46471	13.6358	4.42167	2.57041	3.09208	6.43727	6.27011	3.29542	8.73287	6.76172	3.19571	2.61627	5.74311	2.62355	6.37661	13.3882	20.8676	20.4799	8.14774	17.9892	6.13613	13.2377	12.9818	12.8497	14.4453	7.01349	18.4581	25.5386	17.5015	7.50518	6.94125	6.36529	1.00288	1.02754	0.724207	8.77476	8.96276	2.967	0.980342	3.15211	9.21767	8.30633	5.10041	7.0582	3.18326	9.44788	9.18468	3.42657	13.7336	10.7261	7.8564	18.6508	16.2704	5.47996	17.8752	15.8728	10.6312	18.1487	17.7112	6.78031	3.54857	5.3523	9.67827	8.17431	11.5425	11.1563	9.96441	14.865	13.658	8.41243	7.6586	6.74371	4.84921	2.68856	8.42016	8.92256	9.35717	10.5466	6.642	4.29105	1.25115	2.78374	2.44929	1.49928	1.44966	1.49433	6.63981	16.5328	5.80243	5.2787	10.0316	16.5507	5.45512	5.42883	5.01415	3.92207	10.2925	8.27816	5.30471	7.32004	5.44356	1.57664	14.4582	10.2621	14.7537	17.363	5.30452	8.56345	6.41103	3.73431	9.42367	8.00501	8.35402	9.32292	14.1715	15.743	7.82759	15.3324	9.96238	9.01729	6.66313	5.86667	2.77381	10.933	6.84004	5.37327	1.78036	3.04397	2.26626	12.1217	18.3076	10.6224	14.5266	16.2027	6.87225	13.4525	16.9026	18.2084	12.2473	12.7978	11.8006	14.8054	14.3252	9.7848	8.63647	17.442	10.6887	26.5189	11.3264	21.8075	35.8072	10.5422	18.4927	21.5788	24.0189	34.9188	45.4127	33.4872	17.4084	12.2732	7.23467	4.23115	2.39279	2.50527	2.90912	3.18701	3.11912	3.06278	2.9995	1.84478	0.669551	0.156926	0.71355	1.13884	1.86369	1.57839	0.746984	0.512339	0.304831	1.18715	1.86025	1.44968	0.470769	0.628397	0.502723	1.6175	2.79326
4.07123	1.84648	2.96867	2.93121	1.07248	2.83219	4.81845	4.04858	3.86309	5.24369	6.25799	4.95002	4.01391	2.24278	4.33108	4.29607	3.77641	5.24655	5.90792	9.39893	7.1251	3.44526	4.55931	6.07626	5.51215	3.25518	1.66324	6.02056	3.18634	1.56672	3.27225	9.22956	9.81793	8.18041	4.37896	11.5566	2.98235	4.07566	9.64498	13.443	20.6015	20.4056	12.6142	7.50813	3.27954	2.91629	4.39661	2.46588	0.756684	0.578239	4.5274	7.54265	3.19827	3.02364	4.04114	6.82359	3.05124	2.40406	2.96369	7.64369	6.07861	2.75648	1.67581	8.42194	4.02254	13.9802	15.355	13.0313	4.95249	15.0584	7.99959	1.17232	3.57598	5.78024	5.87657	8.20715	1.61972	7.85126	4.28673	3.2682	4.46949	2.88924	2.02287	10.1343	14.4289	12.0597	7.88422	1.00175	15.6294	12.4175	7.03358	11.4036	10.5303	10.6739	8.20303	3.28602	21.4926	23.073	7.9251	6.08319	7.9311	3.29735	1.72356	0.514071	7.03096	8.55558	3.97071	1.00268	3.13612	8.61815	5.35781	5.48548	9.20905	2.93504	12.2225	4.67732	12.3465	15.1875	15.9657	14.4414	17.5137	12.1437	6.70684	14.016	5.98072	10.3	18.8792	4.90853	6.58989	1.07047	7.58947	3.72264	8.93882	9.76175	4.18601	9.80518	13.2397	8.89697	6.48154	9.56781	10.564	8.72933	6.66889	5.51001	5.34413	10.2134	12.06	4.84832	6.61815	10.693	8.95682	7.83519	1.43777	2.9177	8.59681	14.9355	15.4765	1.79861	3.73738	15.6676	9.61104	6.57305	6.08067	4.37793	7.46997	7.38272	8.42012	4.88465	9.44039	7.16436	9.16449	10.1155	16.1223	9.59297	19.5393	2.86002	6.0587	1.61948	1.44862	7.92127	7.24931	3.29578	4.20623	2.14596	15.7666	4.61149	13.5042	10.224	12.1626	6.54142	6.73746	6.03358	12.4086	7.06595	10.54	9.98165	3.59282	8.18501	18.1613	18.3587	14.9298	10.3007	8.42392	14.7558	13.176	17.5141	18.3447	5.14028	14.0649	13.2133	13.5999	7.49232	10.8185	18.4337	20.2375	18.5798	21.9079	18.0824	19.9143	19.6183	20.5369	15.6512	7.10446	18.0856	37.7884	44.2311	26.3039	14.0394	10.9744	5.91571	3.41831	1.80567	1.60801	1.75877	2.36438	3.09801	3.32692	2.96017	1.65822	0.974449	0.193958	1.39269	0.705893	1.87706	2.28863	1.58168	1.25517	1.07588	0.752715	0.714081	0.198683	0.345485	0.838471	1.46655	2.85411	2.34301
2.8134	2.92776	1.02082	3.2524	1.76681	1.44715	3.53255	3.39046	3.2168	4.76551	4.81267	6.02936	6.26543	5.30655	5.64179	4.63093	6.23424	5.1418	4.96793	9.38107	5.76659	2.4964	2.17769	2.66544	6.01358	0.981194	1.55969	3.84276	4.33962	3.60857	2.57766	5.72177	9.49242	13.8222	6.78171	15.8723	3.11912	5.97747	5.42902	6.63847	16.1268	29.0985	31.5848	22.476	9.11957	3.43317	5.47582	6.4425	3.81106	1.40094	4.22789	7.77769	3.63954	4.71258	5.09259	3.05169	5.57607	2.47108	2.27042	4.26164	7.16352	6.34186	3.37268	6.40043	2.56709	12.0235	17.4776	16.7161	6.88925	15.7636	4.83221	3.0184	3.55428	5.61809	6.53923	7.54903	2.8138	8.84582	8.17704	9.2112	7.59891	4.05106	3.19673	11.7899	13.4003	9.73565	7.11667	5.01343	11.3531	12.2694	1.99662	6.08661	8.65231	8.76701	8.0414	5.88483	17.0917	26.2069	9.29567	2.40455	5.97717	8.77469	7.86763	3.40287	7.08339	8.29055	3.54445	1.77371	4.60357	4.89122	3.59988	7.59733	8.91774	5.8839	11.865	7.83684	19.9893	17.3955	15.184	16.3604	13.9081	6.63411	7.10151	10.894	6.22349	15.4933	9.47258	5.90722	1.70427	8.16012	0.680326	14.4351	15.1704	8.33569	5.71857	9.73632	9.80347	6.63379	8.82493	9.7906	8.58014	3.7208	3.77329	9.38302	9.14281	8.90777	5.72322	12.6547	18.8096	14.4993	11.2793	14.6744	10.1804	5.82938	12.4741	10.9767	7.43942	2.2698	5.45853	14.8484	0.520679	7.25036	7.74088	4.91831	10.8388	11.1795	8.30404	0.968347	7.50076	7.75706	8.39599	5.39717	14.5343	4.96938	18.4913	3.90407	9.52833	6.04282	5.71647	7.9571	10.4108	5.36053	9.94012	11.2862	18.5008	6.50478	13.0294	10.2081	14.545	3.87025	7.86224	7.31582	6.79356	8.94027	6.42315	12.6348	9.84192	6.85174	18.7323	15.4648	16.0697	16.827	18.7828	20.7424	5.87013	12.3657	19.2553	19.9638	18.7302	21.609	19.0166	11.3658	13.5977	13.6951	18.6544	28.7276	27.3334	19.679	16.3842	4.43249	20.4707	8.04473	6.02063	29.4364	41.1282	35.8298	17.9199	13.1247	11.0428	4.84483	2.58105	1.58672	1.10735	0.732537	2.25587	2.96578	2.43485	1.92672	0.959888	0.777113	0.0861876	1.26446	1.6552	0.988726	1.4102	1.86715	1.3789	1.86543	0.628166	0.458097	0.66376	1.1453	0.599062	2.95739	2.29306	0.376304
4.66309	5.07047	1.58804	2.51882	2.24591	1.03957	1.50827	3.59525	4.83515	4.19301	3.16425	4.24114	5.24134	5.8138	8.06396	7.33399	5.42305	3.32492	5.94654	8.96691	5.30926	2.20899	2.00075	1.10532	6.48585	4.22435	1.08406	1.71889	4.85032	4.3243	6.22297	7.66862	1.31792	12.2766	8.11012	18.0751	6.0024	1.06946	8.90583	15.5806	20.6386	22.4266	28.7454	31.3475	23.2781	11.0663	8.48055	9.51903	7.79016	3.22268	3.27966	7.52219	7.84174	7.02814	7.61795	4.77496	5.44863	4.44655	2.1885	1.09428	3.33543	6.98932	8.49361	10.1962	8.07741	6.20211	16.637	17.8216	3.8983	15.8403	7.18888	5.22616	7.14304	4.53767	7.79631	6.38455	4.25653	10.6565	10.5943	6.789	4.5453	2.7677	6.7709	9.94852	10.4223	10.5577	6.66571	2.27102	5.69326	8.60469	10.3242	5.42732	11.3417	12.6964	11.5681	7.511	19.4791	27.007	10.4325	2.96667	4.34879	8.03458	12.036	10.3201	3.41736	7.2234	5.25906	5.26732	3.53817	2.46494	8.22691	13.7149	8.21374	12.7649	7.41737	15.806	20.978	15.2514	4.82454	5.80538	4.35224	5.92063	10.7502	10.3347	14.6039	8.84245	5.72458	4.29851	8.75736	4.51646	15.1159	11.2522	6.89824	17.0905	18.7349	14.9784	10.2036	6.57137	5.8305	7.88727	11.5626	3.0634	5.45186	6.63008	4.7457	4.94255	7.95687	21.3182	18.7925	17.4833	16.0961	18.4338	19.8148	7.18405	15.9916	10.7394	12.5362	16.4843	15.9184	10.5524	4.98895	7.14491	6.79678	9.571	9.09182	2.14783	5.24552	5.96125	5.07374	2.9892	6.55176	4.36114	9.44233	4.68411	13.6186	7.84857	11.4983	4.61023	11.525	12.3424	4.78654	13.4131	21.6408	19.6451	12.4093	7.01831	13.2141	9.58722	10.9536	6.87115	0.83152	7.28731	10.3104	8.32738	9.64575	9.61284	7.41372	11.3516	24.0448	19.76	3.06706	17.047	27.5653	25.6381	18.7672	5.41719	10.8098	13.5988	16.3249	20.4687	7.0579	8.09902	11.0832	13.4882	11.1216	9.47495	8.87712	10.2557	23.8449	7.67217	16.3167	6.75614	18.5877	37.7753	44.3062	27.4486	12.434	12.7748	11.2198	3.22141	1.236	0.992949	1.41184	1.41642	2.53264	2.50562	1.48217	1.21271	0.740284	0.648034	0.219696	0.337185	0.155342	0.771269	0.840383	0.732733	1.45199	1.83552	0.716072	0.728938	1.68952	2.45481	2.13565	4.01664	1.31542	0.651969
4.59942	5.9781	3.88986	1.07766	1.57939	0.743885	0.487338	2.07793	5.17403	3.6783	3.16277	3.40162	4.16282	4.5575	6.27172	5.74671	0.579942	3.88932	7.52028	7.09432	3.8722	0.26987	2.24358	2.7666	3.7424	7.32616	4.44216	3.86877	4.2227	7.93658	8.92441	4.54645	4.80903	13.8729	5.37192	15.1623	11.0352	9.28201	5.40914	5.15981	4.20384	9.90062	18.6928	17.5531	21.6017	10.6771	2.04354	4.99273	7.47892	4.44735	2.37233	7.2283	9.37973	6.39932	2.20602	3.51011	4.5766	4.91058	2.39718	2.63398	3.12062	12.9581	11.1265	10.5651	12.8252	4.51354	18.6188	15.7287	5.56338	14.514	9.2319	3.70822	3.40737	3.0952	7.87437	8.02424	5.90345	11.8938	9.87962	2.64251	6.05146	12.3272	10.7044	6.00418	9.76659	13.64	7.3772	5.72592	5.98923	10.1226	12.4707	1.48829	12.8934	15.6223	8.69292	2.61163	19.0863	26.0764	11.6317	2.26697	2.05657	4.2021	6.60302	13.9257	5.5242	5.39226	7.18683	7.08071	4.77624	6.94592	11.8326	13.5943	3.13782	17.4084	3.51008	19.8108	14.0868	10.9568	10.5888	12.4837	9.2723	6.23814	12.3337	14.0739	10.041	3.33374	1.74517	13.5868	10.776	16.2554	10.2979	4.85179	12.8161	16.5917	16.1319	9.43307	3.04625	3.28802	3.8619	7.33862	11.4115	4.59532	5.44336	4.93407	3.16997	3.1111	14.9187	19.8442	3.34891	7.24836	8.10186	14.3965	20.6637	3.83895	17.9074	11.9642	13.5705	9.76992	6.9865	2.11646	5.98683	7.63655	7.96186	11.5126	6.8471	2.20572	4.98712	7.43198	5.99809	0.824327	0.454361	7.6161	3.95649	10.5039	3.76682	12.8497	10.1191	2.13233	13.7425	9.49041	7.15907	18.5766	19.467	9.66984	7.50166	12.4279	12.3543	6.48635	9.50724	14.4992	14.1739	10.9718	0.763917	12.4657	18.9504	15.2767	14.7403	17.425	26.3585	15.5314	13.4546	11.7459	16.5803	15.6952	17.7851	26.7511	20.9728	14.5228	5.34787	15.3832	22.7928	13.7905	10.5334	15.3759	24.3974	27.1492	26.2688	24.4901	26.5134	27.5102	11.0789	17.485	27.9617	39.8252	40.042	21.9548	11.0335	11.2123	9.23347	3.00433	1.69557	2.3554	3.08004	3.10648	3.03441	2.30769	1.30654	1.02154	0.783955	0.688181	0.155313	0.669059	0.66872	0.436105	1.19462	1.54385	1.18758	1.21914	0.951527	0.975117	1.89628	1.91732	3.41292	4.8486	0.8727	0.764825
3.40167	5.60724	5.01136	2.56202	0.735908	1.27466	0.310563	1.40058	3.58111	3.14798	2.49651	2.74029	2.94795	1.58932	4.97595	5.86649	1.63746	6.90571	5.59055	3.49562	2.64826	1.29362	0.926878	3.59068	1.11152	4.31943	5.45541	2.60274	9.69432	8.95716	2.93064	3.39686	2.10739	12.9688	4.45339	6.48413	12.5902	13.1436	8.64979	12.6562	11.8721	19.4332	27.5683	25.2261	22.4644	14.6839	9.01154	7.57548	6.30252	4.11399	1.24394	5.4762	9.32375	9.13734	3.83898	2.41047	4.78759	6.03506	4.48495	5.42534	8.59801	14.891	7.97321	11.989	13.804	3.38999	17.2294	14.0986	5.46801	10.0769	7.76133	7.91766	7.98822	4.42859	3.36739	7.22484	4.43146	11.0089	7.82919	3.65647	14.1254	14.8495	9.63867	5.91769	12.3717	14.7742	3.52469	3.91124	11.2113	9.22802	17.8548	6.85595	12.5479	18.722	7.93633	6.83253	16.9551	25.1688	13.7797	3.76472	2.71983	6.23729	4.8993	13.0355	13.0395	2.59177	7.18221	8.66811	6.80736	8.36773	10.8153	8.17909	9.97647	15.4534	7.19599	15.7874	6.44782	12.1809	9.42255	10.4423	8.61758	9.43189	16.7206	13.5749	7.70204	7.19411	9.86165	5.48382	6.2259	16.6802	11.4358	9.81108	13.2892	9.90994	6.54954	7.34137	11.2044	9.36017	9.00731	6.96774	6.02456	2.73823	1.73195	7.22754	10.1927	11.5268	10.848	18.9518	7.62688	9.73803	13.5992	21.9667	20.9752	9.26731	18.0993	16.2352	13.3723	8.80913	9.42779	8.68335	6.52643	4.34395	10.3391	1.92205	8.90885	4.29491	1.79564	6.39378	10.8757	5.46775	3.89252	7.00029	1.53121	9.32845	6.77278	6.6516	7.2042	8.1708	9.46642	12.2626	13.3588	12.2044	12.9167	17.602	16.4908	9.98711	8.55772	7.68797	6.33079	5.35886	8.55022	11.1868	13.8757	11.294	11.9478	7.09937	11.3027	13.5526	20.4044	9.34635	12.2509	15.3642	19.8592	26.0007	16.6346	14.187	22.9754	21.6868	17.0235	16.5904	18.8489	2.45349	10.4769	5.69477	9.09528	23.4279	30.1411	17.1206	8.21019	19.3049	29.7618	27.503	32.0183	47.8181	33.882	15.0666	10.1808	9.49485	6.87617	3.28881	2.69524	1.73198	1.22403	1.34128	2.05604	1.69183	1.20653	1.20576	1.06056	1.11158	1.29207	0.830932	0.654901	0.221704	0.0646036	0.358413	1.06625	1.85713	2.0987	0.883924	1.31406	1.9505	4.06107	4.8918	0.863731	0.481529
1.48132	3.74372	4.2912	3.6286	1.52964	1.39937	1.2086	1.5605	1.40164	1.77802	1.73535	1.9166	3.77947	4.8533	5.52448	2.12711	5.10555	6.47905	3.85832	1.89907	2.83195	2.39712	5.2726	4.04977	0.615779	1.91851	3.50965	10.3721	8.54202	2.90606	4.39558	4.44789	1.93694	8.26089	11.1735	10.0439	9.84286	16.7036	6.21673	12.1903	16.4454	22.4153	30.8172	20.4545	16.3451	10.881	6.02475	4.39558	3.49452	1.89907	0.194967	2.58633	7.49676	7.63912	3.97956	1.55374	5.6566	8.67592	4.8258	5.8462	9.68244	11.966	9.17827	14.2012	18.6227	4.57225	13.6003	11.5637	3.70704	9.76187	11.7601	11.3725	11.4427	9.98275	2.31459	4.45154	5.10774	9.39014	5.72573	11.5907	18.1302	11.2577	6.71005	4.87267	11.7988	11.4231	1.5456	7.57465	16.7911	11.8057	21.5894	14.6773	10.8357	20.5243	5.71857	3.32134	10.717	27.0458	18.3941	5.05066	6.11076	9.32589	6.89828	9.6605	14.3863	8.52396	1.69067	9.23303	12.8944	15.6881	15.8593	5.98973	15.0578	8.93891	14.4861	7.15532	7.59316	7.83119	7.96267	9.34051	5.70203	6.63604	17.9058	6.87096	3.06291	5.84936	2.22906	11.637	12.7172	14.3662	9.59364	14.1104	14.1066	1.63166	7.56973	15.0805	17.4477	12.4206	8.84981	2.09623	2.78325	3.88852	7.06192	6.99232	10.358	13.9775	9.04335	10.8351	8.16982	13.2701	19.9406	21.5977	12.3632	7.26557	13.9238	17.7846	16.1875	13.2664	10.26	8.62481	6.87186	4.63776	5.04763	10.2822	13.9997	12.6794	15.0248	11.6321	8.98345	0.925962	3.96011	3.50557	3.21963	8.2709	7.31903	1.26879	4.73925	14.7736	19.0174	18.9463	15.9867	5.86537	13.7553	20.5358	22.2143	18.8581	13.4855	7.19212	10.0428	17.2101	19.9261	15.9165	6.48906	7.44077	7.18075	12.2689	12.226	19.3173	19.8571	19.5626	9.23059	19.9536	9.91985	17.1907	27.1418	9.13741	9.58701	17.2633	10.2446	11.408	3.08454	15.678	3.01779	17.69	10.7648	25.9235	18.3129	26.7127	14.5132	20.0165	11.0128	37.3749	39.8836	49.1215	29.0563	12.9836	10.6348	8.82226	5.36038	2.77675	2.92552	2.11951	1.47041	1.80312	2.67339	2.57511	2.19845	2.20642	2.08857	1.96717	1.89843	1.70168	1.73933	1.55374	2.27438	3.06658	3.53525	3.24835	2.77734	2.07513	2.08214	3.48307	4.11789	3.80054	0.559773	0.204251
0.212014	2.25446	3.82696	4.45031	4.09819	1.07641	2.40696	1.98151	1.28654	0.462193	0.944157	1.58875	5.64592	5.30185	2.90672	4.05864	5.84224	6.04848	5.34281	4.00955	2.41923	3.29095	2.00574	3.00338	3.91885	1.71794	4.55249	11.1407	4.28386	2.9509	3.70627	5.69739	6.02669	2.77136	5.12524	17.4267	4.04048	15.6617	12.2326	17.1599	23.4518	28.0955	28.0947	10.2853	4.70747	3.34807	1.95378	0.931783	0.585544	0.568278	0.599622	1.30013	7.27415	7.38952	3.05423	1.54986	6.53534	10.5134	1.03341	0.548788	7.31693	9.1785	8.17447	9.65382	19.7887	1.49124	13.3567	12.7524	11.023	11.4647	12.4285	6.70426	8.8937	10.1217	2.95238	0.824984	3.46267	7.11513	2.49995	16.102	15.5883	3.82341	3.43376	5.7337	8.34886	10.4095	7.86069	16.0246	12.3559	7.33288	20.7398	17.8861	6.26203	19.0729	10.5898	11.4684	8.35894	27.1784	21.0185	1.95102	6.78458	12.2746	9.7303	2.94516	11.6029	12.3652	5.96003	2.52283	2.98417	12.592	21.4732	16.8377	17.3902	7.36264	16.5347	10.329	11.4185	11.5701	11.3176	9.47369	5.61601	6.69953	14.1241	6.02053	8.18205	11.284	17.5997	12.6134	6.90484	8.37358	5.2385	19.3503	5.02613	13.0963	14.8331	19.0074	17.1196	14.8842	17.6698	6.95789	2.99998	6.18646	8.33652	3.67913	3.52853	0.883586	10.0339	3.08708	11.9628	21.0617	17.4137	3.72251	7.41492	11.282	4.0417	12.2966	15.9633	10.769	12.2409	14.9314	13.3343	11.0804	8.14124	5.91472	8.06073	5.35443	3.23803	3.4619	3.61478	2.32763	4.57537	3.64786	4.23524	10.1215	11.5077	8.48582	7.93965	5.67818	8.06319	3.59789	12.1819	17.291	8.24192	13.056	9.9872	8.91365	8.74122	10.1461	12.3349	12.7915	9.49138	2.05052	4.15343	10.4877	13.5653	7.2569	5.37653	12.7722	17.7775	23.1803	14.7371	27.9807	22.3855	20.2181	21.7337	16.1386	12.6632	25.9916	9.53116	10.332	15.7384	20.645	5.90365	26.0549	16.3705	31.2121	6.91277	36.4021	24.5476	22.5685	24.5901	11.0366	35.1513	41.0209	20.0049	10.8854	9.06028	6.97989	4.27864	2.64154	2.85412	2.35016	1.14095	0.730918	1.72934	1.75631	1.59954	2.2328	2.85295	2.8459	2.19173	1.7811	1.91177	1.79121	2.05535	1.24409	0.136147	2.02276	3.61576	3.9483	2.974	2.46443	1.83621	1.88893	0.755851	0.392818
1.28971	2.16199	4.05439	5.56727	6.10071	2.9023	1.31106	2.06853	2.22447	2.79252	2.69308	1.35991	5.16126	5.0826	3.94669	5.65782	6.72023	7.24299	6.65428	5.88425	5.77706	5.21276	3.60819	2.36928	3.97118	4.01768	5.09615	9.95468	10.0868	6.51964	4.46849	5.81293	8.15621	7.6828	3.334	12.0578	14.2279	16.1619	23.422	16.3367	10.3933	18.4023	14.2828	2.25852	3.82753	4.96415	4.49553	2.6873	1.05534	0.742065	1.09324	0.577468	6.23491	7.24461	5.21099	4.0868	6.65334	11.0094	2.80385	0.769937	6.13646	9.45285	8.17694	10.2109	18.952	0.828216	18.0566	16.9643	7.76303	3.86342	13.0844	14.516	12.2652	6.41428	2.26322	4.34955	6.27687	4.59025	1.51245	14.6949	13.753	6.07004	0.952757	6.28122	4.23474	10.8629	17.612	15.2296	1.99443	15.4625	17.815	13.3335	4.83011	19.3525	26.859	28.0137	27.9688	27.0572	16.0003	2.90619	3.43962	9.83778	13.8782	10.3864	3.73849	11.1642	6.32416	7.1439	7.52387	1.34757	13.4021	19.5694	18.0297	12.6123	17.8641	17.2174	16.8116	17.3728	15.1789	12.6415	11.5505	12.1388	9.27754	8.78487	4.95913	4.31047	10.2689	1.23334	5.62603	1.88168	8.84981	7.21524	15.4288	17.1414	19.0443	13.8324	3.15376	1.22677	15.3283	10.2266	2.28699	5.94557	8.74173	9.34364	13.0637	15.9392	13.9198	11.8191	16.0371	16.9788	3.9636	19.4773	19.9552	16.6615	15.2083	6.64252	10.9852	15.1463	16.1522	11.793	6.63107	6.86094	2.68149	12.7132	19.0136	17.2187	15.6916	9.78989	6.92252	10.6851	13.9231	15.0687	15.8539	15.1901	6.67283	7.27692	9.92143	13.9706	10.8791	6.0522	8.63189	17.4425	13.2705	10.868	8.46853	7.76004	7.09331	6.72016	9.22075	13.637	6.41441	13.147	15.7873	15.2566	10.8199	5.93759	7.48095	8.07911	18.436	20.8834	16.8653	23.615	3.46039	19.5891	19.7922	15.0822	14.8739	26.9294	6.64654	14.7896	17.6381	29.8038	23.3104	32.399	17.2402	33.0945	7.7014	40.1002	24.8279	3.1289	23.8435	39.8584	33.6379	26.7559	12.9832	7.68497	6.65494	5.44385	3.44073	2.48941	2.87366	2.96127	2.77949	2.36909	2.56741	2.7516	2.49432	1.98829	1.60933	1.51602	1.03878	0.990155	1.20601	0.0887394	1.20299	2.67389	3.53806	4.55301	4.94485	3.33283	1.38786	0.292739	0.34704	0.648854	1.2332	0.987366
1.49811	0.625482	0.854158	4.60206	5.90042	4.04833	2.04619	0.777578	1.74822	2.15449	3.49922	2.63895	2.4641	4.26679	2.57656	4.83485	5.77548	5.85871	4.97323	5.03551	6.80194	7.57827	6.02085	3.97729	1.27392	2.11056	3.90609	6.12808	9.36785	9.13635	6.20927	4.3226	6.68876	8.34932	5.34302	15.8848	20.2305	7.8934	2.42843	15.8036	19.4758	23.416	15.2973	11.6212	10.6633	11.5431	10.0101	5.81732	1.76246	1.00295	1.25078	0.672199	4.26911	5.30549	5.27919	4.31958	6.94609	9.46173	5.37525	2.08896	4.27211	8.25675	8.60667	8.68233	17.8698	5.90104	23.1923	15.0223	5.15358	13.3148	15.2592	12.5781	3.58674	4.00662	5.48729	5.97992	9.31662	3.02391	3.94038	10.491	12.243	7.90607	1.83156	2.45386	4.72639	17.4571	17.5131	4.56003	17.5317	20.101	15.1248	13.5346	14.3687	14.9541	16.6302	17.2891	18.2959	14.3268	5.51511	2.52039	5.40667	4.40886	4.1057	10.9098	8.80307	8.28625	2.48245	9.35672	10.2865	11.365	1.97722	3.5159	2.69421	2.88619	8.39657	9.14745	7.40882	9.32313	10.876	12.3999	13.0602	10.7228	9.2648	13.6113	16.5163	17.804	18.5821	11.3772	7.16318	13.3881	4.21969	15.5315	12.055	9.72358	13.7214	7.12365	5.68362	7.7212	10.8288	8.6119	5.65845	3.7633	8.08765	10.297	10.0925	9.31407	7.61793	8.33053	11.2787	3.23665	19.3979	16.28	9.9367	4.90716	10.0884	19.1621	7.904	7.67354	5.27191	10.2477	14.8547	14.5291	10.8431	9.11622	9.21648	10.4915	13.6083	13.0978	12.9223	14.2463	14.7746	12.5889	9.41408	1.78543	12.5148	17.0342	12.8667	11.1048	6.77093	5.33411	6.51805	7.77796	16.3559	19.4481	18.1484	14.2133	11.9305	10.5594	11.8992	18.7773	16.2467	22.6071	17.4079	13.7011	12.1984	5.52156	12.6303	13.9878	20.8092	20.1729	12.8051	17.2026	17.6972	26.5998	17.6188	16.4203	15.5805	30.2799	11.8771	20.6801	11.1892	21.0685	13.0692	25.8543	26.351	29.3306	11.1599	41.6508	20.3848	16.0024	11.8347	44.8074	38.7944	18.4091	10.0731	6.48404	5.72609	4.66861	2.89423	2.71577	3.27696	3.16118	3.17394	2.87962	2.54052	2.21874	1.85441	1.3003	1.64637	2.06275	1.68362	1.66079	1.70109	1.59907	2.17148	2.35247	1.69182	2.71372	2.94305	0.949898	0.292681	0.49067	0.585354	0.587306	0.13609	0.811932
2.0887	2.60572	4.21981	3.76054	3.77433	3.59047	4.13077	3.63514	3.44296	2.79824	0.73083	3.05211	1.60571	3.46981	1.09683	5.53572	5.30547	4.73162	3.56442	3.25088	3.51292	3.24319	2.85907	4.59189	2.74035	1.82813	0.156621	2.22501	4.67373	7.33266	9.20007	4.9834	4.60259	8.40381	13.4455	23.9228	9.53236	16.5653	28.778	28.6581	21.3184	29.0049	30.7774	21.5765	9.34023	7.6171	11.7509	7.67207	1.99252	1.1433	1.06799	0.192422	2.80031	3.26483	3.17272	5.54664	6.78282	7.05536	4.87588	4.20085	6.4575	8.47794	6.90667	8.9607	14.6638	5.24575	18.9525	12.0681	4.9	9.67062	14.5657	11.04	6.05971	4.62878	1.4754	7.05363	9.70399	2.12538	4.21128	9.70546	13.0905	4.8258	6.60507	8.536	10.7773	20.9958	5.14328	13.2861	14.5472	9.19136	8.38886	13.5265	9.98083	5.61504	2.80845	1.126	2.56787	5.04975	7.57374	9.83256	11.2429	10.7398	9.18619	5.79026	3.44285	4.45134	5.91632	10.0519	7.9221	12.9768	5.04776	14.6798	15.7941	12.5359	8.06047	4.98851	6.01298	8.14261	5.00025	2.47616	6.82172	10.1175	10.3237	9.60844	9.43528	10.4642	15.6954	19.8182	10.2342	11.7497	9.42487	11.6193	3.26483	10.7904	7.52688	5.17388	9.69694	10.4718	11.892	15.6143	14.9764	9.39274	10.1784	12.6744	11.1121	6.01837	7.08835	10.0402	13.0856	6.64592	21.5359	12.7332	7.75092	4.10524	11.561	19.0389	22.3957	8.74579	12.538	17.5021	13.456	5.59579	9.85836	12.8852	14.8835	11.4175	3.24432	8.19205	12.2286	8.41821	4.13233	8.92999	13.744	17.0633	16.625	11.6963	9.46194	11.7409	12.0727	9.84177	13.6699	10.6965	5.63179	17.1608	20.6782	18.4022	13.4547	10.6219	10.738	15.607	4.57823	12.8075	2.12942	13.3212	16.9194	19.2313	16.988	18.62	22.2936	21.3102	11.671	13.0645	26.1635	29.2556	4.53916	6.18171	14.7207	32.3985	20.376	21.0637	2.59086	26.214	14.5341	13.8222	29.5452	29.6448	16.1914	42.6763	21.1239	14.8993	30.1356	45.4101	34.2406	15.3322	9.27378	6.64268	5.45195	4.59074	3.04003	1.77348	2.0412	1.58765	1.34741	1.1864	1.59868	2.06017	3.02019	3.01296	2.30512	1.99921	1.84712	1.93474	0.719019	1.05059	2.30681	2.25129	1.75283	2.70978	2.97907	0.645373	0.555213	0.820017	0.336068	0.760268	0.599304	0.795969
2.6712	4.84372	2.26429	1.04884	1.39271	3.20828	5.20718	5.67234	5.44568	3.90917	1.59664	1.71412	2.72221	2.1693	3.33736	7.78167	4.94689	3.42359	2.56666	2.43782	2.38693	0.410937	2.55711	4.78118	4.40032	1.42151	1.51037	1.14531	0.91252	2.37076	8.05154	4.52925	4.77375	14.1328	22.4906	16.4804	14.1151	25.6285	20.2091	12.9868	14.1761	20.9512	26.8222	23.1049	2.04118	4.55362	12.8532	7.41392	1.93235	1.21695	0.782903	0.387759	1.84278	3.73669	4.85026	6.47697	7.27066	8.41952	5.19984	5.97421	11.2728	6.85435	2.97679	12.2276	8.42531	6.01641	12.7008	9.5947	10.0703	10.5163	17.1242	11.7934	1.12208	4.16704	5.15189	6.4403	8.39068	1.84993	5.37103	12.294	10.0223	4.81815	9.2007	8.11338	16.9422	22.6699	10.8797	11.3095	8.12693	5.75562	11.0391	9.49346	7.49962	9.69349	4.9429	3.73759	5.64003	7.91701	9.33433	10.4625	10.8292	9.88467	10.02	7.25372	5.06187	5.65342	7.47577	7.04039	11.0587	9.20274	14.786	20.478	20.2451	19.9043	13.6347	7.01027	7.26307	10.3525	12.1951	14.2049	9.38159	2.63129	4.26899	5.13732	1.38789	5.79689	14.4219	23.2408	21.9364	14.8178	8.98744	8.69073	6.24085	8.77151	6.25906	4.38373	5.53551	8.86016	9.35126	12.9084	17.0003	15.8801	14.4885	12.8001	15.5149	11.4359	9.54307	14.9205	14.9542	5.27033	20.0982	11.9234	5.67387	10.7566	8.83309	10.8587	22.7392	8.50951	15.2858	14.798	8.88321	4.52984	8.54845	12.3998	14.7447	11.6526	10.4272	7.4383	4.71382	6.0399	7.98044	11.3571	9.78737	9.29802	9.48263	6.65974	5.57388	11.0377	17.7524	11.0921	10.9299	15.0301	14.4477	9.19505	2.22976	4.66595	5.75572	0.350148	9.33931	18.693	10.3424	13.7323	10.658	5.83575	10.1044	1.81869	11.1325	13.6341	14.2302	19.4589	19.7842	11.0484	23.4404	20.7422	4.88979	11.8283	12.6209	20.7065	21.8296	11.5695	14.5459	16.6486	24.1459	20.0756	11.82	15.5238	16.8449	39.4385	29.7821	23.8442	31.1255	35.935	18.5318	9.95222	7.91643	6.84279	5.62571	4.49315	3.54114	2.53921	2.39931	1.88788	1.78421	1.82458	2.72978	3.11948	2.79941	2.24792	1.44487	0.839932	0.396622	1.15822	1.82458	1.53788	1.76406	1.8983	2.36247	3.04577	3.09798	1.32307	0.305702	0.560895	0.502157	0.491422	0.664329	0.408682
3.30129	4.90137	2.89283	1.53626	1.47503	3.05188	3.81146	5.91455	6.94207	6.45193	5.49574	3.19997	4.14431	6.54617	8.3282	7.047	3.48764	2.84301	2.67721	1.87241	1.70709	1.1019	1.44059	4.31666	6.52518	7.88005	7.15835	5.11186	3.40421	1.58539	6.41479	7.67891	14.1618	16.626	8.9579	10.1578	23.5118	22.9166	12.0106	2.13338	9.25629	7.66572	29.6479	21.1423	6.68812	4.56249	11.0967	6.42397	2.05204	1.14043	0.650125	0.496479	2.0194	4.80977	5.44993	6.62735	7.49654	8.0125	3.63358	5.83462	10.5874	2.29674	8.43783	6.66356	6.00472	12.5494	16.3399	20.2563	13.5608	6.89407	18.3495	12.0521	3.29126	3.59389	3.2172	5.70277	6.58075	0.721281	6.84437	10.6338	6.97323	10.2551	6.76956	3.1691	13.1805	17.0437	7.96644	4.6709	10.616	12.8147	14.8821	5.11777	0.817448	9.41572	4.32646	5.06613	6.27967	9.62248	8.64556	7.77559	5.45275	3.46363	5.37892	3.32416	2.19767	3.61133	3.08809	5.21376	7.85447	6.7318	17.9695	11.7876	6.67797	14.5998	16.8397	9.07228	4.16201	7.80739	4.95648	10.9623	14.2515	8.27794	10.8191	12.7741	13.6673	6.82035	6.48166	14.5137	14.2611	13.5944	8.36551	6.07619	11.2932	13.798	12.6369	11.6932	8.11378	9.06151	9.9261	7.95233	3.95677	7.63743	6.86754	5.50455	10.5953	9.44628	5.12904	16.7653	14.408	6.9008	18.8519	13.0357	8.84952	5.75541	7.4324	14.9819	17.5596	6.86447	10.339	14.4488	12.7289	0.625105	3.6225	2.22403	1.59532	4.61263	14.4671	10.4009	16.4017	14.0181	10.8652	9.92924	7.54873	4.88919	5.32429	8.82931	10.0815	9.90085	5.52099	8.27523	12.1081	14.5896	20.5328	24.0366	24.278	25.4162	22.41	14.1518	6.82718	13.174	12.4199	9.39362	11.4018	6.68464	11.681	15.8372	9.98266	7.93879	18.6321	15.5518	14.3428	6.06036	22.3326	21.2917	12.3396	15.4978	12.1113	12.9374	19.4337	23.6516	19.5926	8.12617	26.9069	19.1189	19.13	14.0568	15.3094	33.5302	38.9625	37.3115	34.1475	26.5985	12.3335	7.54101	5.07234	7.39123	7.421	5.49534	4.3365	3.0939	3.0986	2.83081	2.62999	2.67148	2.69176	1.53874	1.72325	2.06818	0.843039	0.886652	1.73137	1.72925	0.795681	0.430644	0.683416	1.17162	2.45056	3.20811	2.66904	1.74605	1.07863	0.808371	0.620681	0.498816	0.962857	0.3948
3.36197	4.63419	2.73076	2.05076	1.50497	2.98443	2.01189	4.6251	6.0282	7.16015	8.05979	6.74948	7.69647	8.83896	7.2056	3.90863	2.15525	1.94354	1.34937	1.46198	2.06656	2.94	3.06979	1.38409	1.14271	2.16313	2.02137	2.23398	4.00754	5.34092	8.58941	12.5319	10.8617	2.89954	10.8973	19.6147	18.6068	14.5931	9.68956	5.82336	7.62089	14.0157	25.1885	18.2893	11.882	6.07472	11.1342	7.09861	1.99555	0.963629	0.624991	0.40909	3.07405	5.4945	4.95089	6.26224	5.7774	7.79817	5.81479	4.98955	8.41432	3.91771	4.35715	5.9699	12.1289	11.6443	15.3466	17.0615	4.19283	13.6698	15.5565	8.42436	8.05539	8.37737	5.46013	6.23724	5.26521	2.88687	7.09528	5.14009	7.18887	6.11192	2.39847	8.39222	13.8618	15.0646	12.3542	8.90269	17.4628	19.0139	7.2811	4.98776	1.3439	6.54642	2.10519	2.98496	3.84325	8.60114	5.19464	3.3152	0.689362	3.70006	2.99204	2.00449	3.2648	2.06507	1.00218	1.66409	4.31807	4.31895	10.5715	10.1728	10.01	3.96206	13.4079	12.0645	6.74189	4.40083	9.50631	7.51746	10.2776	0.731001	4.88229	3.28094	8.19494	13.7494	3.80462	7.54936	9.05643	15.3847	8.50502	1.9248	4.61729	5.30258	7.05511	9.08636	9.4786	10.3538	7.85225	7.97872	6.03868	2.81584	1.14022	3.90279	6.29347	8.20899	13.1185	16.7309	9.62349	9.7821	12.7542	14.672	11.5793	8.80203	13.6799	9.99694	4.42791	8.70411	2.69002	11.3299	15.7097	3.59219	6.92357	7.80401	7.84686	3.05049	8.73953	6.25327	8.53299	4.1115	1.97986	4.39132	4.10776	0.548166	4.81772	7.03207	8.51594	11.839	9.19863	9.92586	12.0769	11.8134	12.4988	11.1329	6.98786	10.1815	8.52283	16.623	12.7675	18.988	18.6386	16.9769	8.83473	6.68438	11.8789	17.0714	16.6277	18.8142	15.3843	17.2233	9.45988	23.0085	30.3692	24.436	15.1659	15.9913	8.00363	4.49007	3.73606	22.8905	30.8401	3.25301	31.1919	26.8244	22.5496	11.6572	4.13406	10.4269	22.147	30.619	29.1512	22.4124	16.5731	12.5783	7.53803	9.96434	9.52147	5.63867	4.93639	4.1718	4.36233	3.67836	2.56868	1.7411	1.19251	0.279526	1.76463	2.18836	0.904299	1.29026	0.672043	0.441157	0.369914	0.194707	0.392367	1.35569	2.58062	2.99941	1.95765	2.17501	1.30788	0.639254	0.486502	0.280338	0.882261	0.30408
1.52337	4.65274	3.53742	2.32777	1.91926	3.43612	2.483	3.63051	3.89505	4.22096	5.91299	6.29517	6.00698	5.13927	3.14588	4.01823	3.09937	0.855823	1.18595	1.67638	1.99668	4.26168	6.07347	5.96964	4.14652	3.82138	2.57493	3.02399	4.51903	5.36455	4.82641	2.9893	4.63831	9.55028	12.0951	15.274	11.9727	10.0065	9.01608	6.33941	6.10006	20.1002	22.2763	19.4808	14.9338	8.70702	10.4383	6.45001	1.67697	1.21302	0.550572	0.319593	3.82204	5.06296	3.36211	5.41955	6.1993	7.17328	6.59374	7.03961	8.08574	1.00199	3.20056	10.1737	12.0175	9.25953	11.9125	10.9783	10.9851	16.8831	11.9852	3.58766	1.43759	8.08338	8.99741	6.71845	2.51682	7.35278	9.06011	5.06479	4.26156	5.78263	9.39032	13.171	13.3935	12.4142	11.3425	8.75121	18.2636	23.9096	9.25602	15.3616	15.153	11.8161	3.93936	1.66914	1.14245	6.64964	8.42323	2.20653	1.61087	3.76407	3.79036	3.575	4.39142	4.26287	4.30902	13.0262	12.691	6.67194	9.94593	13.689	13.0882	8.63508	3.33719	8.6477	12.0388	4.21293	8.36731	8.3006	5.25004	5.5556	10.9417	7.96516	9.75615	19.5588	18.4732	0.712314	10.48	18.0713	14.8397	3.81009	7.9628	10.4243	6.80506	3.36287	9.01336	7.76058	4.65319	2.50976	4.0604	6.6074	5.37402	5.71316	8.80743	11.7671	16.9922	8.50728	7.65522	19.3203	13.0089	11.312	12.9712	12.1328	14.4653	0.990907	6.86877	7.97117	5.7453	11.3396	15.6884	1.53557	11.8294	9.83547	13.3317	13.196	9.26877	3.99389	5.24041	8.78929	5.92967	4.27546	4.94161	3.66018	2.67969	6.65814	6.05147	1.57425	11.394	15.243	4.75096	12.634	13.5719	7.36444	3.02418	8.61188	5.78309	18.5605	11.964	10.8292	6.26528	6.73352	11.0667	7.85792	8.10251	17.4493	23.3232	12.6931	17.3524	23.0057	22.0527	26.3702	25.1017	18.5867	15.3142	8.69135	10.7621	11.6619	16.1344	10.777	35.5913	29.9313	36.9821	29.5005	7.13096	23.0722	35.889	33.9545	22.0598	8.41961	10.6623	10.416	8.38664	10.2224	11.1389	10.8739	8.8805	5.53057	4.62175	3.00698	2.28399	0.64633	0.304009	0.586734	1.23863	0.859868	1.0075	1.98641	1.44776	0.834784	0.447342	0.748704	1.11549	0.653814	0.335811	1.26156	2.65654	3.16243	1.89229	1.55751	1.1555	0.770558	0.292387	0.237449	0.896891	0.537407
1.13918	3.0064	4.06411	3.2543	3.02268	3.89595	2.79372	3.23668	3.53234	3.42987	4.00993	4.1271	3.90393	3.08883	1.77181	2.36593	3.70107	3.87759	3.343	2.16764	1.7897	2.74932	0.763209	3.85739	3.11633	4.18527	6.51174	6.77187	2.86341	3.65264	4.07046	5.03297	8.80976	7.83956	7.88926	12.4143	12.0994	9.87185	7.74119	5.21347	9.1153	22.0631	20.7398	10.6097	9.16524	10.4691	9.37297	4.73102	1.46025	1.53874	0.539027	0.795209	3.85102	3.66719	2.64497	3.98761	6.25169	6.72445	4.95044	7.9543	9.20725	1.65735	3.75652	10.9724	9.64913	7.86527	3.82803	8.53996	9.84875	14.2302	10.0017	7.41175	8.79026	6.62312	8.70159	6.60661	0.893904	8.962	10.2978	6.48913	9.33223	10.6902	11.2947	12.8496	9.91591	9.32937	10.9632	5.54282	17.4737	20.1532	11.9923	10.121	9.75419	11.0797	6.9869	2.66754	1.73627	3.43913	10.3069	4.77601	2.12593	3.98153	3.89847	1.87947	5.00339	4.46168	10.92	13.265	10.3948	16.1655	4.0556	10.0539	11.7207	10.7916	10.5213	6.70945	11.77	6.80917	2.53904	3.76266	11.4344	19.0579	20.5338	20.3289	19.0429	14.4761	23.8601	5.69079	8.97419	9.06345	11.4553	13.8941	9.15661	2.9573	3.6267	9.47128	8.90005	7.83987	9.66571	0.240298	5.1181	5.50625	9.6569	8.18539	11.6673	16.4272	19.6112	4.32316	16.8557	17.1411	10.3584	7.63011	7.91384	13.4006	12.8006	5.29386	5.62537	11.3838	4.21299	12.4887	12.8925	8.4473	16.9913	9.86964	7.70519	6.2483	5.72165	9.16162	8.52946	7.37047	9.89855	7.97314	5.53907	5.88034	7.53661	9.45865	8.28851	6.30148	10.0363	13.985	4.45665	13.666	4.97576	3.01951	6.00395	5.39579	6.92588	15.4716	9.48959	10.1413	14.611	5.93962	12.6075	15.5006	12.335	11.0709	4.42068	5.85665	8.06413	20.4148	25.46	24.8121	22.8402	9.94939	6.3397	5.18023	16.4376	5.94756	13.9034	10.8072	12.0163	31.4573	32.6596	9.10163	20.8029	38.0605	32.197	30.0791	29.7549	19.232	9.44203	7.72673	4.89409	2.10713	5.65121	6.72166	6.06896	3.14549	1.93665	1.43056	1.24658	0.401531	0.0644805	0.669377	1.63641	0.753454	0.607924	1.12183	0.796372	0.464978	0.262367	0.757147	1.77408	2.07647	1.61491	0.407811	1.84526	2.98427	3.15239	2.86404	1.38955	0.653678	0.462965	1.03874	1.65883	0.694428
2.05351	1.1611	3.44524	3.42303	2.40644	3.09416	1.62387	1.91954	2.39093	3.07576	3.31015	3.33657	4.07281	3.87687	2.59487	1.5114	0.762173	2.55283	4.70898	4.34144	3.03038	2.08103	4.69891	5.38029	4.84521	4.76401	2.13423	2.28855	4.65559	7.75649	6.84158	6.67034	7.12461	7.91209	7.46612	12.0315	12.278	7.5656	4.69315	6.80737	9.6167	21.4024	16.9395	21.5402	17.5109	15.7401	11.9447	4.8829	1.56017	1.33828	0.477127	1.52672	3.46075	2.29435	2.09409	3.64238	4.97588	6.12018	5.75658	8.32818	9.61201	2.94262	3.56703	9.71083	8.43296	3.99979	8.5215	12.7503	10.9134	4.96775	15.7107	12.3007	3.27469	3.69198	6.02356	6.44759	1.28229	8.55665	11.1428	3.30627	3.88827	4.51735	6.13378	9.03481	7.64743	9.26889	10.2214	4.60957	16.5478	14.5642	6.18629	2.34114	10.7948	10.5824	5.64657	1.36448	1.87084	4.01346	9.18534	4.79809	2.82303	4.73744	5.72341	2.38637	3.39154	7.81445	9.85354	11.1258	4.6581	14.5556	14.2566	5.22327	6.77978	4.63185	10.9867	13.3324	8.89276	2.69354	15.9657	24.5705	25.2995	19.1919	7.58659	2.02696	2.73962	16.3524	24.377	1.85536	14.7581	11.3811	4.07117	14.1772	15.8902	17.3913	16.6455	10.6121	3.3795	11.4418	11.7685	5.18808	7.23675	9.45672	16.8003	10.9278	13.782	20.363	22.1191	6.95596	20.4686	12.5301	7.07778	4.51647	2.77869	14.1907	6.19408	7.75681	4.56835	13.2542	2.72917	13.1404	7.93932	14.8593	9.27984	4.12324	7.19817	12.022	11.4372	10.4342	9.74066	10.8916	10.5109	4.34608	2.93342	5.73759	6.38571	4.79315	3.73975	7.26032	10.5321	9.8933	2.09838	10.9102	5.59823	2.63242	5.10168	6.88649	13.9439	17.5987	6.55522	2.91826	16.55	12.4206	11.6432	10.8027	11.3367	2.21759	10.477	5.93683	7.65476	6.43491	6.74125	16.1703	15.2734	5.15457	4.45706	8.21732	12.0832	11.5903	0.482888	10.9429	17.5178	10.2896	17.3604	26.4492	35.8698	35.4649	13.5017	29.7883	25.1346	19.4383	14.5739	14.0048	12.1141	9.49942	4.05263	2.46079	3.33962	1.67304	1.00324	1.23294	1.1092	0.530722	0.490951	0.830269	1.35644	0.807708	0.93293	1.52586	1.08143	1.07974	1.69885	2.39442	2.87898	2.3114	2.12821	1.2373	2.53053	3.53157	3.70643	2.58583	0.510772	0.279367	1.25613	0.653554	1.9462	0.245011
1.36735	1.33752	0.927781	2.89836	2.17286	1.80468	0.668416	0.533653	1.60701	3.46882	4.68216	4.96048	4.73653	4.16759	3.6305	2.01484	0.644906	1.45368	1.65517	4.07555	5.31483	3.0812	4.09294	3.88462	4.50588	1.17975	5.31737	5.61274	5.50723	5.72671	3.75988	4.00002	7.2629	10.4092	9.70428	11.8226	10.0681	3.51494	2.81508	8.31226	7.50922	13.7394	9.38164	10.4947	19.8291	17.1929	11.2143	4.75046	1.60059	1.06375	0.289044	1.71624	3.09629	3.02418	4.60039	3.80465	3.11718	5.61682	6.60298	7.53882	8.79959	5.38869	4.55532	6.56813	6.10411	8.86096	12.0822	11.3299	12.7947	11.9369	9.71426	13.7734	10.255	7.51948	6.03685	4.89675	1.51914	6.15108	9.59332	7.56811	9.97235	10.5345	11.9822	11.5557	8.32299	8.72145	10.5609	8.28961	17.7069	16.1369	4.43635	10.506	13.958	12.3277	7.28508	3.12306	4.52479	9.36313	8.13155	1.16266	5.46139	7.29344	2.11514	7.38978	11.1291	10.5005	6.95126	5.99891	3.54238	7.57542	10.9773	4.36019	7.50034	9.44576	6.78512	5.39749	4.30352	14.6316	26.3209	23.2648	15.5197	9.33331	9.00067	10.1398	11.9602	13.8946	18.8063	2.94207	17.1388	12.6007	14.7103	11.6835	4.25256	1.95964	4.79929	10.7912	19.372	21.3798	8.30249	11.1123	3.66573	18.2613	9.47194	7.7644	15.6661	25.1937	16.4438	10.0501	25.9153	20.114	13.7554	10.3371	9.54982	11.2376	2.83864	8.58536	10.9056	8.94906	5.14533	9.22758	10.6509	11.3179	5.65406	9.99981	4.15722	10.2374	11.3531	6.55174	2.40654	5.53237	3.23186	6.30685	4.13024	5.70004	11.3648	8.77352	4.26466	6.97349	5.84973	2.94619	6.57402	1.7466	4.57399	6.61018	10.8051	7.99037	0.730461	7.22803	3.4988	8.68057	17.4026	9.87608	10.6596	5.54467	13.5005	1.94321	8.41877	12.7768	7.1174	12.5785	21.9574	20.7548	10.5592	9.53674	2.90827	3.32638	6.73831	5.63354	5.7894	2.23521	9.97983	26.9687	34.5044	36.4979	30.1686	14.9507	17.0578	29.1556	21.1334	12.862	4.47275	4.99557	9.73588	10.5056	6.40644	5.46803	4.85724	3.64842	2.39978	1.74822	1.41707	0.930738	0.720584	0.788766	1.07669	0.917756	0.990312	1.05288	0.745788	0.62746	0.959065	1.17524	1.144	0.115704	1.45516	3.39879	4.93525	3.62831	2.72915	1.58073	0.773723	0.240214	0.890201	1.05094	1.42226	0.451683
1.40903	3.02376	2.56752	0.95989	2.80327	2.07296	1.76209	1.85439	2.46438	2.68705	3.3127	2.62779	1.08423	0.781853	1.03993	3.24541	3.87914	1.66378	1.80841	0.355582	5.38176	5.48208	2.98728	2.92276	3.04865	2.56312	4.76452	3.07147	2.89643	3.56774	4.09384	4.71622	7.62091	10.0703	8.84818	9.35256	6.14368	1.16058	1.25752	6.49416	7.9473	15.2917	12.7951	21.0779	21.1884	11.2952	7.36688	4.07964	1.5492	1.13405	0.325063	1.34878	3.46608	4.94165	5.68786	4.06288	5.66567	7.09556	6.74156	7.70254	7.55462	6.38761	4.66359	3.82577	8.1409	11.6434	11.8564	9.29576	7.97977	13.5762	11.4042	4.89425	5.88533	13.1881	11.5883	3.27901	0.24493	4.43551	7.70397	13.2583	18.2543	14.7898	14.8026	15.2328	10.0237	4.4948	12.6424	5.4851	18.1699	19.5515	10.6914	15.1489	15.3992	10.0245	2.55679	5.57819	8.5828	6.52256	1.41288	4.21424	5.1692	1.34006	9.58922	12.1324	9.06024	7.78695	4.93614	2.18039	5.13612	10.6539	10.7929	8.62436	8.85375	7.95996	3.5118	8.74854	13.1524	21.2432	20.5794	1.08889	9.31799	4.79325	8.16019	19.801	16.4067	10.9276	13.3779	8.35048	15.9954	23.8461	17.6869	23.657	22.8707	23.0912	24.5244	25.4555	23.9703	13.8279	13.7564	10.902	15.0672	13.6417	12.4338	20.5247	19.3376	24.13	8.48018	21.3264	29.4943	16.5785	13.7842	19.0209	9.26073	4.83869	8.94805	6.20511	10.9279	10.5694	5.76104	5.23039	4.95974	10.6844	11.2875	1.05332	5.12039	7.68351	8.20296	5.67714	4.45131	7.06198	2.61116	5.18756	5.74867	3.82651	8.63569	13.864	7.57679	5.03105	13.7115	16.2538	10.7419	4.7374	8.78758	12.405	2.20983	13.8645	15.8083	14.4458	11.1485	16.6621	8.49362	7.50166	10.0994	6.54473	9.91916	7.28263	2.76158	4.71626	12.7732	14.42	11.6219	25.2131	17.9782	12.9091	7.28387	4.01194	8.85015	7.92071	5.65852	6.23955	9.20472	11.8987	16.6996	14.2787	9.91313	4.13743	26.2135	30.2256	21.761	11.9125	4.99541	4.62009	8.1068	7.98304	4.64778	4.99502	5.90482	6.05347	5.00143	3.70665	2.9934	2.87966	2.8232	2.70002	2.75708	2.71734	2.6113	2.36321	2.04981	1.93462	1.73415	1.61296	1.39748	0.687702	1.00675	3.62463	2.98355	1.16957	1.32339	0.774471	0.375157	0.733163	1.18504	1.15368	0.301499	0.778607
2.47516	2.07742	3.27008	2.53404	0.797205	1.75077	2.62556	2.7147	1.65206	0.434882	2.07688	1.73815	0.474436	0.589704	1.55025	1.65204	2.42402	3.9289	2.04527	3.51163	3.20117	3.72969	2.33985	2.29117	1.45891	4.34534	2.65505	3.65236	4.6973	4.12899	6.17099	6.74127	6.81882	7.41385	6.49475	6.84657	4.2037	1.3719	3.4631	9.42442	8.27106	8.63422	19.3762	28.4207	21.7522	9.58229	7.36882	5.56708	2.01842	1.2812	0.198011	0.144076	2.93909	6.20896	6.61562	4.08045	6.21694	6.96859	5.5669	6.50742	6.58952	6.52035	4.55558	2.03036	7.16545	8.33893	8.26971	6.15421	4.38814	5.48696	4.86448	7.08578	8.07642	12.2008	13.1867	1.85892	3.77371	6.92585	10.2453	16.1002	17.5424	8.12213	6.18504	8.24097	8.58405	2.73397	14.2502	4.01061	22.4641	21.3814	12.9585	8.31643	4.8663	4.23833	4.64049	6.69016	7.86241	3.10216	4.20517	4.46409	2.57317	10.3408	10.7815	5.23071	3.33034	2.59704	9.34179	3.73007	3.92747	8.89829	5.36629	7.61309	5.14696	6.95627	14.2605	17.1557	17.2117	20.3036	9.58248	9.22994	8.94717	8.27335	8.96878	7.74461	22.0889	21.9368	14.1325	8.66569	14.959	28.7503	13.4668	2.94352	2.23747	3.98022	5.96868	8.34784	5.71324	7.32269	21.6567	6.06951	21.2828	6.10022	21.2166	14.7856	14.5568	17.444	3.28712	27.3147	21.8553	10.1028	13.677	17.7894	10.9253	2.42833	9.65286	3.4282	7.28731	8.10224	5.98888	12.0673	13.8813	11.9666	6.31188	7.77877	2.6768	8.86012	8.00648	8.90865	10.4668	9.23316	5.07504	5.91704	5.41814	7.92934	5.6467	11.9414	9.80919	6.66447	8.23276	1.49705	15.2545	3.54093	14.7006	7.87534	8.16605	13.7345	1.85306	2.39024	7.94376	24.8625	6.64181	9.12139	6.71287	10.9192	4.94659	2.03436	6.92811	5.23427	8.60926	17.2501	0.989918	16.3143	13.0756	11.4706	11.4393	7.04877	2.71475	10.7278	5.5174	1.27132	6.04454	14.8962	26.0043	26.3901	22.0497	10.4647	32.1605	32.0438	17.6167	7.04748	1.06293	3.70727	6.34349	5.74422	3.50104	2.32226	1.9883	3.06403	3.69768	3.75555	4.09529	3.89371	3.39708	3.24541	3.29142	3.13891	2.91345	2.53977	2.36946	2.44703	2.31193	2.24083	1.90312	1.16394	1.53351	3.61765	0.953146	1.04587	1.14541	1.02565	0.966378	1.08419	0.702156	0.744546	0.416991	0.696916
0.884497	1.06314	2.4664	3.15557	3.03255	3.29919	2.99966	2.1885	0.972826	0.989783	2.58579	2.66262	3.11594	3.52143	3.17612	2.13472	1.67075	3.25154	3.9254	1.9766	1.11976	1.72062	1.72432	1.56835	2.6141	3.14538	2.42963	3.72389	5.19338	5.39373	6.60987	7.87363	7.80283	7.08307	6.333	6.38705	4.34804	1.25521	3.52025	10.7419	5.20991	7.38637	12.9363	25.6469	21.73	14.4593	10.6254	7.13914	2.53689	1.34019	0.403445	0.628593	2.31586	5.69809	5.84613	5.28557	7.55213	5.95539	3.69692	6.6288	8.57926	9.10884	6.51356	6.06321	8.98754	5.47258	7.89532	5.82117	1.97536	5.97721	1.51027	3.81046	7.93606	12.4807	7.77432	2.56685	5.12965	8.66604	12.6837	15.2923	13.7074	5.58374	6.10914	9.66226	4.98646	6.68726	12.0346	5.75208	23.6993	14.3682	8.09348	9.58059	10.484	8.42187	6.0828	7.16695	5.71135	0.761592	5.22102	1.57867	8.5651	6.76607	2.87482	10.8358	14.2389	12.1391	5.82378	5.95535	6.20206	8.35463	5.39112	4.92821	6.18501	15.3324	22.5576	21.5406	20.7466	17.7513	6.59446	11.4921	8.07292	6.51282	15.4966	17.7002	9.06061	21.2266	22.4376	8.96258	16.5763	29.3603	6.15705	19.4187	25.2082	24.8405	23.6424	19.7185	14.974	7.75167	21.726	4.84899	22.3776	3.09693	20.1682	18.0165	10.7173	1.44017	16.3967	19.7991	14.7075	8.46751	14.9644	15.4431	11.7234	2.06605	12.4639	5.36942	8.29383	9.12048	4.33796	10.6158	4.27127	1.92014	7.33751	7.56037	4.47292	5.39455	11.5049	11.3837	5.92256	2.51909	1.39811	3.12486	6.99622	9.42272	11.1262	7.27926	5.14134	6.55468	15.4097	19.7814	15.2454	7.43482	13.8342	6.55802	5.10827	16.0265	20.7815	19.7586	21.8833	21.5521	5.64566	9.34951	9.42046	6.0159	3.41829	3.11594	8.11175	7.10367	4.60888	15.6315	9.95626	4.77327	13.9165	19.3202	17.855	4.77002	15.6032	17.8252	9.50726	3.85072	2.10917	2.06959	8.8017	16.7418	26.8004	34.2859	36.1379	34.4361	14.9373	6.9846	3.8433	3.02861	7.50015	7.56475	5.18101	3.6593	3.32707	2.32302	1.73991	1.42098	1.63165	1.95231	1.51106	2.4132	3.161	3.3199	3.24136	2.63899	2.06332	1.79455	1.6193	2.18869	2.56225	2.08736	1.80314	3.0523	1.18101	1.31591	0.228252	0.94323	0.595427	0.882647	0.846122	0.673877	0.645935	0.783634
1.47858	0.490506	1.66266	2.95863	2.70842	2.59639	2.45915	2.53656	2.35061	0.407902	1.67413	2.79089	3.30139	3.24863	2.52503	1.61436	0.489569	0.761405	1.61557	2.51108	2.49118	1.0014	0.528038	0.470853	2.64021	3.43784	3.7399	4.33671	5.75485	6.49262	8.71058	8.89267	7.20439	7.63046	6.79788	5.13026	3.80402	1.59427	0.316974	9.87011	4.37803	11.0122	17.2452	20.815	15.7417	12.104	12.4748	7.68821	2.4123	1.21597	0.730235	0.887479	4.18203	7.01705	4.69344	4.44656	7.1677	6.58634	7.36046	9.96448	9.52855	7.14013	1.54832	5.51726	5.82269	8.25521	9.25295	10.8653	6.12875	4.32894	7.22559	8.24807	9.76504	6.72524	1.83787	3.73546	4.80103	10.2363	15.0466	15.1184	13.1297	6.69465	3.58472	9.72078	3.43898	8.3999	8.19062	7.32652	22.3253	13.318	9.80252	8.95488	7.78976	7.99872	5.91305	6.35929	3.81806	3.48022	4.04894	3.27273	7.74625	7.67293	11.3768	9.56315	9.18035	12.3598	10.5403	3.43169	8.94855	10.1074	6.63503	5.35691	16.7006	19.2632	18.6974	14.2926	8.41921	3.21756	5.98986	12.5829	13.6859	8.29898	8.77453	17.1826	19.4086	16.55	24.44	10.1954	19.5304	29.4034	2.85811	24.448	19.1796	21.5869	25.6788	25.5287	19.7687	5.59522	20.7632	0.135783	23.4779	5.19121	22.4572	25.2398	1.78186	14.75	12.1651	13.7674	10.9925	5.15884	14.8503	11.4803	5.23642	9.03581	11.7509	1.53885	8.30688	9.23237	2.63045	10.6569	6.57434	6.3556	10.963	9.61583	5.82552	2.14632	12.2403	12.4157	8.58534	10.5558	8.73905	5.45474	4.01277	7.34659	11.8838	15.0367	13.5309	12.3276	8.01257	6.72836	3.72959	12.7133	8.04514	4.13117	9.99303	10.6386	10.0726	15.9044	19.7627	11.4162	4.2373	7.63117	10.2228	6.24102	12.5535	14.6639	15.6605	15.7917	19.0769	23.4496	22.3013	13.8828	7.64369	17.6507	17.916	13.8071	20.6028	9.74469	9.19547	7.25766	2.03705	2.59253	2.53973	4.16314	9.74373	6.84091	22.6586	26.0168	6.93495	4.08704	9.07135	7.37544	3.80985	7.28619	6.78545	4.96889	3.55299	1.83021	2.09746	2.26045	1.84585	1.89488	0.700938	0.953259	1.10503	1.58098	2.23816	2.4494	2.64437	3.00368	3.35477	3.71641	3.05323	1.74689	1.19996	2.49328	1.45906	1.555	0.578033	1.46285	1.28663	1.17888	0.395866	0.700901	0.767135	0.662716
1.01239	1.7927	0.431426	1.63899	1.41133	2.07193	2.00835	2.18924	1.84843	3.692	5.28245	4.70618	3.1728	1.9956	2.02125	2.25526	3.44029	3.79872	2.75624	0.729744	2.93007	2.65053	2.03932	1.05599	1.66243	4.1482	6.0386	5.69131	5.75523	6.44882	9.07029	7.75843	5.81215	5.81596	2.05487	1.56224	4.08887	1.71881	2.60111	5.38499	5.50557	9.07094	12.9583	15.7906	16.1614	11.1998	11.3782	7.57753	1.75597	1.05166	0.623954	3.09693	10.0933	11.3351	9.64625	11.3499	12.332	11.3032	9.75935	4.85904	6.40132	7.51591	4.68191	3.35916	1.26699	0.455324	7.58809	6.60585	6.69583	3.94372	7.52917	9.91347	6.92552	1.32724	2.15759	5.12202	5.29815	13.2352	16.9527	14.4053	13.3711	9.75952	7.77734	6.28147	6.65242	4.8243	7.97362	10.5992	22.255	18.9126	6.56687	9.0894	12.2935	12.308	11.4876	6.68393	2.2543	4.54377	3.38148	1.81875	5.6838	5.28486	2.3233	6.37024	9.42619	5.42738	7.14318	15.9485	13.7282	8.92928	5.71619	14.3303	20.952	14.746	8.43983	11.4336	5.72463	8.92378	11.6371	13.9639	8.17074	11.2724	13.3485	6.94272	5.79651	16.4008	19.7115	7.90516	17.5526	30.4589	5.79753	27.4458	16.2334	7.57957	11.6792	22.9856	26.3073	7.43251	17.4262	6.3674	20.721	6.15132	27.5445	25.8279	8.59814	15.108	13.4868	17.1435	2.69184	13.9506	14.0791	5.60353	4.46718	10.0852	3.12181	9.39521	10.1412	7.11155	4.62075	9.34216	10.2846	7.85329	9.33954	10.3065	6.72778	5.01942	11.4097	11.6267	15.3094	14.5468	10.9215	10.3849	8.09921	4.65143	3.22394	2.26082	5.90861	7.56025	6.53942	3.6583	10.6168	11.6954	9.95936	11.3452	4.1093	10.4501	15.2364	17.8331	12.9115	8.54614	4.53694	14.7467	11.8977	4.89192	4.44919	12.2032	16.8211	11.531	3.54791	8.7371	14.2161	18.2281	12.8154	12.8727	13.7078	12.8201	11.0126	14.006	16.0433	11.5931	11.8309	16.9681	18.2446	15.7059	22.0281	24.856	37.4589	27.2951	6.59218	6.38851	5.09459	10.3779	9.15577	8.11328	7.15869	4.02782	3.54614	1.17155	2.32685	3.44293	3.38089	2.90644	3.52334	4.90315	4.63421	5.92891	6.90633	6.68067	5.5522	3.91057	1.98146	1.64879	1.78108	1.1332	1.07779	2.20596	1.56222	1.24046	1.78301	1.64492	2.48727	0.758844	0.183399	0.661191	0.730061	1.45452
1.75462	2.20595	2.57076	2.20449	1.72234	0.42488	1.19953	1.99966	2.57809	5.18282	5.77118	6.48088	6.18417	4.31324	2.93387	2.28378	2.48871	0.561659	1.7924	2.63959	2.09938	1.18504	2.46528	2.87755	2.29868	5.14026	6.52741	5.31145	5.3001	6.5681	8.17893	7.21894	6.47322	3.80473	1.67561	0.88479	4.61989	2.86159	0.984749	1.85961	7.65991	1.64877	13.6072	21.9561	25.0175	15.4482	11.7332	8.02097	1.14611	0.571401	0.328279	6.88191	14.9296	13.0191	11.2667	10.2132	5.27069	3.4789	6.47939	5.74625	5.92358	6.0147	4.74907	2.37918	2.29272	6.67294	9.11109	7.16795	8.0599	5.1834	0.851069	2.62204	5.82213	6.22058	2.44247	6.47571	6.9681	14.5792	16.0667	11.6134	9.88922	0.602406	3.63255	1.56443	6.99547	7.9984	3.58566	2.60068	14.2077	19.842	8.40165	4.80184	7.16623	4.45565	3.09205	3.22084	3.56542	4.29427	2.95125	0.692049	2.43956	6.60404	11.1814	13.49	10.304	10.0485	8.66507	6.39346	5.83737	1.55381	5.4254	15.3412	20.8388	6.40418	2.63355	6.36154	3.13609	7.14521	6.65052	4.53993	9.97589	19.2926	18.9675	19.3333	18.1259	19.5232	19.2634	18.7757	8.83018	24.3045	14.6584	24.219	17.4867	9.08524	6.79604	13.9993	26.1587	18.3628	10.1329	6.75617	15.6123	24.0774	28.4173	16.9268	10.6039	18.7814	23.893	12.2978	12.0475	14.319	7.52924	4.38641	10.9428	6.51355	3.67075	4.89289	6.06699	3.65015	5.06588	9.67024	11.8659	6.46157	10.8048	9.68084	6.30757	6.53741	4.75199	4.50356	3.96049	6.63639	10.414	11.8247	10.2016	7.23056	10.1365	11.0429	6.31157	6.461	3.97219	8.38537	16.8468	16.0884	10.4628	5.08737	17.4451	14.5013	7.57954	11.5153	13.451	15.1143	12.034	10.7874	6.78278	2.38701	8.01604	10.2388	9.9025	7.12354	3.60728	6.325	4.85813	12.8259	8.07639	12.8709	10.2509	12.289	8.69219	13.0366	11.7496	4.86918	4.4107	3.35097	7.35439	12.9752	28.439	9.59607	38.3385	29.8001	4.45614	8.62012	6.10944	4.80338	8.5443	9.31353	7.27732	4.84192	4.48479	3.3389	3.21753	3.62305	3.5155	3.76007	4.03262	4.40218	5.21477	5.83297	4.42613	2.56538	0.960882	1.00855	2.40856	2.83264	2.93363	1.89769	1.69002	1.99443	1.61195	0.944186	2.46306	1.09417	2.22959	0.934851	0.231143	0.928941	1.20469	3.23417
2.42315	1.22889	1.10752	1.07531	1.79077	1.62424	1.13282	0.9315	2.23047	3.0676	1.41726	1.64511	3.88287	2.41548	1.2789	0.893175	2.19649	3.59833	2.2935	0.462169	1.43398	2.21688	2.93321	4.47848	3.56135	5.42506	5.56179	5.60054	7.18295	7.8034	7.97306	6.62007	4.93363	2.23202	2.25679	0.969257	3.19254	4.48293	3.70688	5.54736	4.52335	10.7564	4.12889	11.5183	23.4438	21.7429	15.2653	8.31566	0.791497	0.531208	0.184582	9.2778	16.3167	7.05518	1.59269	5.51066	8.57534	8.22688	7.21247	4.41179	4.77673	5.17912	5.30619	3.43879	4.12328	7.62597	5.48344	5.21239	5.39102	1.47624	7.82229	13.9133	14.8377	12.8883	3.9303	7.25673	8.5635	13.1761	13.3646	10.6722	10.4551	6.99101	5.63897	3.2624	7.49095	7.6216	5.79606	10.7258	9.52445	11.9937	11.268	6.82174	8.53084	9.10464	9.40573	8.01307	4.40544	1.8442	2.77107	3.34533	7.57358	13.2712	11.5786	5.12108	9.97722	9.69694	7.50033	10.6053	8.28821	8.07711	11.239	11.3336	12.4867	13.2112	8.81182	4.28354	1.44172	6.0126	5.94948	4.6249	15.5512	10.3402	8.0893	8.44932	10.4551	15.6148	18.3002	21.6864	16.6758	10.8084	17.5619	17.7388	10.6262	6.64977	6.70857	2.96013	13.8796	18.6994	11.5711	2.48625	16.0438	23.7643	18.4151	1.89385	19.1162	25.1597	21.3744	3.66726	16.4083	12.1512	4.10593	7.1421	11.8562	7.59149	7.76473	5.78967	8.56233	5.77369	6.13365	12.4402	8.57137	4.62609	10.7094	1.75	10.4606	16.6041	15.6013	10.7745	6.96801	10.4147	10.3381	7.10343	8.86987	12.0351	7.79316	10.5199	8.07329	7.14657	6.43405	19.2771	21.4384	12.1434	5.52006	16.6219	10.9925	4.36768	10.8124	2.59491	16.5565	20.0168	22.6083	20.4976	17.0525	15.439	15.6024	15.8256	5.76597	5.6906	9.73181	10.2333	7.57686	14.624	4.68686	17.2414	5.60386	10.5833	6.84711	7.39223	17.2372	12.1005	21.9206	29.7578	32.5047	27.9696	15.6235	11.535	35.9645	27.4547	6.00115	6.09794	4.55451	3.74195	2.01933	5.34114	6.43975	6.73422	6.51704	5.51444	4.4332	3.18651	1.87298	1.66962	1.70808	0.719631	1.16346	2.07666	1.79784	2.71391	2.90219	2.87714	1.69299	3.3189	4.91073	3.0488	2.5607	2.27416	1.50545	0.773586	1.73332	1.17608	1.41987	1.20078	0.836729	1.93143	2.08935	3.60613
5.00721	3.99839	2.72553	1.41623	1.77426	1.25071	0.912124	0.924105	1.96091	0.975728	3.40568	3.75772	4.41674	3.82612	1.59405	0.978319	1.86856	0.988827	1.71903	2.3301	2.07573	1.85587	3.26295	4.64851	4.14041	5.49036	5.0303	6.18278	7.39833	5.92878	6.42017	4.92295	2.38073	3.85918	2.86078	1.72967	1.89412	4.1228	6.4106	3.99864	6.50989	14.4951	14.4125	6.31298	15.474	25.8469	20.6844	9.13409	0.409831	0.686803	2.53849	8.84345	13.334	10.0426	10.4415	7.62919	5.57377	5.10148	6.86604	5.10777	4.41568	4.23491	6.15353	2.9767	4.25227	6.19861	4.45445	6.57143	4.66324	7.36036	12.1161	12.1824	9.79849	15.3039	8.78367	4.59294	8.68593	13.6919	10.9138	6.57126	7.1724	9.61938	8.63843	7.12186	5.93395	8.64696	8.8531	3.17098	7.21377	11.8469	17.4559	11.8329	6.84357	7.39968	4.17575	1.73924	1.62279	1.62842	0.941899	4.84006	12.494	11.4097	2.85407	11.784	14.0411	0.794006	11.4397	17.2604	14.3217	14.214	13.7111	10.1264	8.54943	11.2587	9.74347	6.27241	8.124	9.37852	6.32632	8.37011	12.5308	4.97359	9.43094	7.76915	10.2787	11.9881	8.13167	7.51436	17.6256	5.54065	14.4906	13.4708	6.2817	5.39875	2.95514	6.18896	4.23633	9.73336	18.9622	11.4352	19.1772	7.45067	11.307	14.7746	17.9164	21.5726	12.314	2.31218	16.3555	14.2838	2.32675	10.2159	11.9536	5.28178	7.16229	3.6484	9.42168	3.13355	11.2042	13.4463	4.46718	5.01525	7.79401	9.33616	13.971	11.2663	12.3795	12.0204	8.61809	14.8515	15.2287	10.4131	5.61767	1.40007	7.59125	11.3346	8.71098	15.9108	14.8316	14.2897	12.6855	5.68991	14.6126	13.5487	3.08884	9.56171	5.82301	9.56571	14.4664	9.16026	17.5526	16.8942	19.7601	21.8111	19.2685	12.0809	6.9867	6.04888	1.73623	10.5662	10.5383	13.9096	8.658	17.9927	4.36597	8.29742	11.1754	8.14712	9.83758	12.4024	13.8256	2.91573	6.60452	4.37424	8.18368	19.2636	30.5812	21.1887	6.4321	3.64828	0.710153	3.99344	5.73073	6.50473	4.38176	2.52615	2.25948	1.77497	1.72708	1.18462	0.250182	0.846438	1.08272	0.815422	0.94185	1.06343	0.388519	0.978319	1.69485	2.27372	2.01725	4.37031	4.27428	2.05069	1.41767	0.948176	0.182025	0.754453	0.798296	0.339181	0.625402	1.28208	1.69111	2.41278	1.50594	2.88602
3.15269	2.22618	0.816665	2.51208	2.83434	1.39387	1.39054	2.23454	0.750958	1.90816	1.67652	2.28109	3.0342	1.93409	0.757989	0.815267	1.29539	1.92273	2.87176	2.51741	2.1739	2.13587	4.3134	4.40331	4.84674	6.13919	5.19767	5.07171	5.18943	4.89448	7.89829	6.07688	1.48068	2.18686	3.49274	1.90044	3.19598	2.30091	7.67524	2.44353	17.0555	17.5871	22.4676	16.3223	1.33316	25.0014	27.5262	11.7121	0.556826	2.07707	5.30556	6.93187	5.45415	6.45695	3.7406	2.69346	2.07475	1.89765	6.68357	4.98187	4.81408	6.97311	6.69648	2.0697	3.49706	5.90572	6.95095	8.94656	3.36635	9.36538	10.6486	6.26744	3.01642	10.6399	11.0721	8.23804	4.21025	16.6376	12.0828	3.6206	3.33967	7.9494	9.4588	10.7094	7.36909	8.65578	7.28715	7.67672	10.512	9.34068	22.3366	15.2032	8.16356	8.0716	3.42258	0.16335	1.3525	1.38393	2.34867	6.44775	14.9386	5.86696	13.4889	10.7296	4.04924	10.5994	17.7343	16.4174	13.9837	11.6388	8.77267	6.48529	6.00508	6.59528	4.44131	9.33093	12.6263	11.8828	8.10123	13.7648	9.93781	8.28501	10.0467	8.51852	10.6447	11.0897	9.88943	9.73341	16.7343	10.2341	9.19773	8.94011	5.24792	6.29555	4.99789	3.2388	8.01099	5.11421	9.29928	13.0516	13.2787	4.44989	25.9337	17.8155	7.48864	19.7544	12.8665	3.74687	14.2424	16.9187	1.31563	14.9425	7.70556	10.5051	8.61148	6.13414	9.2862	3.09142	16.6801	10.2047	3.44934	4.18801	8.37374	5.80139	14.1839	2.07995	13.201	10.5172	10.8899	15.425	11.1657	9.97268	11.215	8.35835	3.98929	9.25257	14.0732	17.155	15.5046	3.3859	11.1129	15.8166	15.5674	8.74153	5.18913	9.46212	3.43336	4.17878	12.4959	2.72404	14.1538	6.73669	14.7129	15.5533	26.9463	11.6163	2.30895	6.67729	2.12195	10.8331	9.82912	7.02324	13.8406	13.0022	9.21168	4.32982	6.03859	13.0415	4.09746	11.0445	2.69839	13.6565	16.893	11.7144	19.9657	22.5232	24.7406	15.2275	7.42131	5.71331	5.25866	1.89776	3.33069	6.60779	6.31586	4.45516	2.81756	1.43784	0.868503	0.339115	1.2276	1.471	2.62988	1.95053	1.92885	1.97088	1.99625	2.48292	2.88523	3.29846	3.28763	3.51064	2.2534	1.6498	2.19648	1.55352	0.343842	0.753083	0.522278	0.167512	0.242652	0.84407	1.63298	2.26549	0.86347	2.47426
2.89428	2.5524	1.69186	3.13014	3.52344	2.77026	3.19197	1.82571	0.908703	1.94036	1.16986	0.700099	1.82122	0.588828	0.621881	1.09203	1.14127	3.40156	3.21624	2.39361	1.82409	2.86593	5.43059	3.98903	4.77397	5.8367	4.03765	2.92148	3.30534	3.96959	8.74554	7.11012	2.8754	1.26789	3.30626	2.70799	2.88455	2.29087	9.65707	3.17463	24.0882	18.3979	14.6866	20.2838	16.583	23.0568	28.0466	11.4795	1.72622	3.11374	4.9971	4.44088	1.52597	2.75251	4.80541	5.02548	3.46954	2.82105	4.51668	4.1815	6.53765	7.40421	5.27764	2.13676	0.386598	3.47217	9.08241	9.41867	3.28297	8.77581	9.45111	7.67829	3.83763	4.95874	9.81769	13.5424	8.02759	14.2628	15.7807	1.69047	6.68177	7.70414	9.85512	10.5643	5.48664	4.85838	10.0362	8.95131	7.29019	8.9891	24.0056	16.3228	6.5462	5.87772	2.86698	1.49479	1.60201	0.942032	3.11109	7.96557	16.1219	4.20335	16.3529	6.09233	9.9866	13.8114	15.6773	7.27858	8.31623	5.22545	5.64487	5.9408	2.99478	6.91019	5.78818	5.89676	6.57597	5.90158	6.04767	15.4776	12.9241	12.9381	10.8681	8.37308	8.76645	8.2452	4.87313	7.17633	12.2286	9.57326	1.1354	2.33703	5.6181	5.49052	6.27859	1.91178	5.27725	8.79559	8.40283	5.86576	7.42847	11.6436	27.508	8.09876	9.3842	15.0092	14.0279	2.87912	15.3332	15.9193	1.56074	15.9084	2.86862	13.5255	7.71333	4.86797	5.06638	7.31497	17.4412	5.31468	3.25829	0.962986	5.60768	3.6839	14.3668	1.73238	13.9281	9.94652	7.9427	15.8463	12.3197	3.99347	5.15297	7.80713	1.49905	4.41558	8.81124	1.21916	9.24678	10.1624	9.76706	13.5715	10.4135	3.18235	12.6155	11.8838	9.20456	9.31098	14.6692	12.5944	14.8302	5.33905	10.8557	8.91956	29.8029	15.5639	6.56976	7.79784	5.52486	17.8509	14.6434	7.28454	11.1719	4.98382	15.7248	7.2996	6.58752	8.88716	8.87028	8.26276	9.06687	12.4272	12.9803	10.0868	18.369	18.4436	21.9034	9.95271	5.98309	3.96515	2.29342	4.08295	3.67056	4.35608	4.70634	4.63061	3.67788	2.0795	1.54599	0.750531	1.39143	2.28051	3.4042	0.536109	0.265254	1.18626	1.28999	1.16651	0.820711	0.422952	1.32103	1.76114	1.83307	2.29583	2.27231	1.29798	0.163311	0.807155	0.489453	0.231961	0.334958	0.729051	1.66401	2.17367	0.985615	2.42018
2.80869	2.91344	2.34006	3.26852	4.4389	3.66585	2.16447	0.353592	1.85473	1.66095	0.588691	1.33694	1.14762	1.14106	1.27559	0.772969	3.5528	5.3989	4.87233	2.83864	1.13519	4.94815	5.89373	4.11852	5.1595	5.41829	4.03886	2.84953	3.41515	5.80681	8.88888	5.61999	2.66641	3.13594	3.66416	4.43638	0.518561	5.2896	9.80135	1.81582	24.9404	22.1596	7.70737	20.9355	29.4933	30.24	22.2492	6.60289	3.12629	2.39614	3.66386	5.43925	2.32157	1.84033	4.61799	4.8203	2.6103	4.38639	5.07066	5.42232	5.34287	5.97982	5.15461	2.4582	1.87744	2.5554	10.0238	9.71611	3.69798	6.31359	8.07305	7.30255	9.57961	8.83742	10.8896	12.853	13.3584	10.141	18.4832	4.94414	11.3214	7.08834	10.4791	9.52746	0.203395	7.63742	9.66421	9.51416	12.1517	11.5387	20.4407	10.7335	13.8434	12.0277	5.52103	0.516333	2.3786	2.77853	4.9074	6.86893	9.13403	11.6653	8.47934	6.07037	8.29821	6.66093	10.1688	3.88972	2.71573	3.0882	5.34801	6.76689	3.10939	4.56048	4.87635	2.87624	2.81933	5.31565	1.49278	10.52	16.0468	18.142	17.5043	17.0969	15.6937	12.7535	9.99824	7.37551	4.48207	7.07225	6.67044	1.17733	5.25539	4.56456	7.70022	7.66398	7.71217	9.90658	16.1309	20.5787	21.3838	13.5226	21.1117	4.31076	10.746	14.338	14.7728	4.3477	15.7787	11.37	4.75623	12.4038	4.21706	10.8411	5.57803	3.11299	2.92357	9.46678	15.0368	7.20284	4.88704	3.84079	0.562782	11.0292	10.2388	1.73524	8.07188	12.025	3.88219	9.72873	11.8362	8.25441	3.49563	9.52983	3.77878	6.17034	7.39365	3.91289	10.2457	8.41836	9.85044	10.9971	11.2562	6.9352	14.7961	13.0727	9.88056	8.37679	16.8793	18.0881	13.2437	10.2301	12.5046	6.02578	27.1108	21.4011	8.02134	4.34159	14.1184	17.7215	5.11838	8.39499	13.5391	8.19992	12.0043	5.1384	14.7937	26.3151	21.8035	11.2645	5.43776	5.93157	2.02644	10.2206	16.4611	22.2342	20.948	8.66331	5.19609	3.69945	1.09353	3.62729	5.45211	4.53842	4.45191	4.55087	3.33205	1.61269	1.08485	0.563982	1.26641	2.44303	3.48745	0.776874	0.98987	0.488893	1.61341	1.41052	1.13278	1.82187	1.81867	1.32227	2.43407	2.66078	1.34915	0.430939	0.214402	1.16254	0.772102	0.34304	0.636337	0.684023	1.8343	2.19227	1.65207	2.73726
1.81826	1.92442	0.955909	0.99178	1.87032	1.5022	0.53716	1.54317	2.47928	1.46301	0.832396	0.924635	1.64292	1.76431	2.50573	0.354836	4.45823	4.04098	0.353535	2.75242	0.621993	6.90727	4.25599	2.43677	3.52724	4.1215	4.817	4.24269	4.03436	6.10106	7.16409	3.28954	2.6134	4.0993	1.51861	5.15235	2.57769	7.23731	10.1657	8.20732	23.9085	22.2032	12.6959	13.5327	16.4687	14.1998	6.95852	0.736635	4.29843	1.19741	2.72331	8.01109	2.35317	1.63914	4.51092	6.09889	3.45824	3.17057	3.8146	4.27031	2.81594	4.31787	5.39517	2.60085	3.59824	2.90573	8.42308	11.9986	3.21966	4.7199	7.56182	9.69503	13.4784	10.1584	4.71883	11.0463	15.1082	6.11078	17.2235	12.971	12.4308	6.6711	12.9963	8.78176	7.70395	11.2681	14.7458	15.8752	16.8288	8.11362	11.6882	8.91717	11.4219	14.7611	10.2896	9.79695	11.3938	10.1491	12.1818	11.5837	6.82761	3.8932	4.84132	3.29302	3.64254	3.24639	5.4083	7.29966	7.71888	6.42876	5.0088	4.94345	2.70271	0.463738	1.74324	2.68658	1.17879	5.12958	5.20316	2.66661	7.45461	9.3414	8.8885	9.497	9.68205	8.85146	6.47388	3.24034	5.68298	8.63857	11.0059	7.28407	3.34871	5.1291	8.90683	12.4136	8.58	8.19599	10.2775	11.0339	17.2011	18.0564	11.0563	10.2887	5.42896	9.75566	9.86311	6.33637	17.1351	9.367	6.12736	7.82095	3.8022	8.26866	5.8655	3.29626	2.73698	9.91077	13.274	6.41114	5.33982	6.11703	8.83216	14.7533	6.86002	8.03229	4.21738	6.87054	5.74945	7.47859	2.77786	10.2963	4.8583	6.35164	6.91926	8.59585	2.21694	7.09826	8.59254	4.22921	13.5369	20.351	16.1499	5.7356	18.7945	14.0673	10.9278	11.4	15.2048	17.5765	14.2507	12.1575	10.3313	9.88451	25.1921	25.2985	7.85295	5.51937	12.8894	18.1214	9.40563	11.6786	9.83449	7.07381	8.2399	19.1667	28.4988	24.3714	17.6901	21.274	6.25695	6.51347	11.1644	11.6526	19.5298	24.1861	13.3351	4.59932	3.52389	3.51765	3.64963	4.73674	4.61053	4.98907	5.42727	4.51067	2.79118	1.92736	1.59585	1.34633	1.72989	2.69201	2.54944	0.345635	0.752978	1.42972	0.500425	1.61018	2.21282	1.948	2.47587	2.05069	3.22511	2.62391	0.215429	0.203357	0.712524	1.42483	0.515356	0.683557	0.576753	0.69987	2.14098	2.51478	1.94567	2.13849
2.18762	2.03291	1.6161	1.65041	1.53621	1.52372	1.74612	2.17879	1.60581	0.488721	0.808725	2.04612	2.634	2.17456	2.21888	1.62858	3.07043	3.47027	3.94926	0.917278	2.91728	5.23021	3.49277	1.38803	2.76326	4.52738	6.23857	4.4978	3.25254	4.08564	4.88624	3.25828	1.38558	3.72271	1.40923	8.05237	1.67634	7.64204	11.8477	10.9896	23.9033	25.5059	17.3498	5.65241	0.816063	1.08449	3.14221	4.91118	3.58067	2.42222	1.79684	9.93306	3.65635	3.62964	4.36767	5.67359	4.56765	2.03355	0.859628	3.00271	2.20388	3.4947	5.03726	2.5187	6.33771	7.53279	7.49574	12.1973	1.83723	7.77631	13.2665	13.2852	11.7122	7.09896	5.78019	11.0564	11.4737	1.43224	12.4475	14.1953	7.85218	9.70868	10.5395	7.89255	3.53222	10.7048	11.6591	11.1272	8.13223	5.04307	7.48135	9.43295	10.5238	16.0941	20.4988	23.1768	21.9893	19.0221	11.6892	4.17859	8.28802	4.5769	3.33527	3.33909	2.93485	3.83656	3.46738	5.39911	6.6699	4.73933	1.90976	3.24654	2.06954	2.19729	2.77782	3.29696	3.32267	4.40257	4.83921	4.7632	5.36966	3.421	2.42333	2.00889	0.518371	1.79826	2.69878	8.36423	5.64377	3.03214	7.6047	9.94792	4.33574	3.46009	9.4518	14.9101	11.5484	6.23523	7.20425	5.85679	1.66472	7.92375	11.8424	9.5602	4.08751	5.24929	7.51058	4.19795	16.8188	10.1208	5.62165	5.2075	3.78402	6.30543	6.04674	2.03379	6.88628	11.1017	11.7513	2.93782	3.66845	6.81767	13.7481	11.6649	5.71346	14.8025	4.47743	3.34366	4.57845	8.47922	2.24907	4.85578	7.05207	2.11218	6.15314	11.0669	7.5603	13.3339	10.3392	6.1982	10.4867	5.74354	12.2108	19.8154	23.1597	18.2059	13.3541	14.7015	13.1459	12.8078	13.8936	15.2728	19.8269	13.3475	23.3958	24.7594	10.7194	12.2343	5.05498	13.1909	10.7615	9.08881	0.639343	20.5788	30.1333	30.5654	12.8011	5.41527	10.3893	23.3572	9.97668	13.9855	18.7485	20.8492	19.0836	14.4778	5.423	3.9258	3.96005	4.15836	3.87919	4.29042	3.70962	3.00033	3.37626	3.52277	3.08987	2.464	1.26716	0.588466	0.987841	1.28567	1.01288	1.48981	1.33131	0.901323	1.38019	1.27584	1.16628	1.30832	2.79164	3.3419	3.46282	1.94492	0.318597	0.321468	1.2184	1.15098	0.181851	0.609172	0.518353	1.16034	2.61996	2.96804	1.62121	1.17681
2.10564	2.07805	1.7671	1.57848	1.74874	1.86963	2.05665	1.95094	0.149996	1.73569	2.37876	2.44715	0.690995	3.13553	0.627266	1.64786	0.921576	0.585256	1.1184	3.98605	3.12546	1.69607	2.97046	2.75071	4.5782	6.50652	6.75381	3.54167	0.642796	1.99936	4.24039	3.67483	1.32515	3.95425	2.73293	9.90449	5.82646	5.50725	16.7192	16.1961	24.6901	27.8217	14.758	0.483421	1.25748	2.59244	4.10764	3.10468	0.529208	3.43819	2.27619	10.2232	5.04438	2.2225	3.85567	3.48943	5.86599	1.2137	1.91056	2.26779	2.25889	3.08288	4.42304	3.73676	7.37737	7.3416	9.07478	8.12396	2.14352	11.7596	16.7859	12.5325	7.90152	2.4485	8.39332	9.97099	7.24527	7.17867	4.71571	5.44521	3.25923	12.6548	4.88359	5.02619	18.2658	17.0478	17.2804	18.2649	15.7227	8.85668	5.06355	8.31142	10.7689	14.7179	17.7546	15.2948	12.5241	10.3528	2.88962	3.11147	2.52008	5.87804	6.85139	4.32904	1.86569	1.34582	3.33648	4.75288	3.64424	4.09386	2.73609	2.68073	2.19586	4.58594	3.70531	4.18248	5.1529	5.47603	2.51133	5.01742	6.59087	3.3079	1.03644	0.639242	0.962998	1.551	4.37205	7.07759	2.42936	3.43947	4.70516	3.90729	7.43247	5.28548	4.93158	9.03146	13.9998	14.4134	8.85185	4.55538	7.29823	6.44621	3.52069	2.91908	3.32964	7.31236	10.5639	1.20155	14.1512	12.687	3.45739	4.7328	2.68294	5.74622	7.73765	7.36203	11.4798	10.596	8.62593	3.4782	4.60222	6.08504	5.61753	6.09416	10.1357	16.3708	3.83253	2.43273	8.37808	12.4644	11.124	8.52964	9.98726	10.8696	5.26634	6.91369	9.71991	14.2683	10.0522	9.2081	12.6186	9.08078	5.98665	17.7965	20.1314	15.9389	11.2877	10.1454	8.26865	5.07813	5.61129	7.81445	25.2146	20.5609	21.8425	16.0399	9.42049	15.2893	9.70891	4.63867	9.97751	7.00557	8.36966	28.0671	27.1878	8.50387	8.51657	11.8423	13.3115	23.0187	17.6737	13.2402	21.7511	25.5362	21.4536	8.79755	4.56919	2.30497	1.4468	2.75906	3.38497	4.29605	4.60101	5.16311	5.69041	5.23967	4.4104	4.49154	4.05736	2.77734	2.57325	2.60086	1.81185	0.840306	1.5148	1.48437	1.57143	1.70321	1.15772	2.63729	3.16206	3.7771	2.43274	0.562433	0.665638	1.02689	1.49178	0.868218	0.655874	0.557111	0.258027	1.55145	3.1782	2.88975	1.71123	1.67095
2.29026	1.69628	1.20584	1.18513	0.915912	0.685867	1.28125	1.09246	1.32405	1.73385	0.470327	1.59854	1.97317	1.57928	1.93933	0.716002	0.137175	1.52812	2.5467	3.70852	2.52467	1.65351	3.31706	5.53774	7.38332	6.99622	4.01013	1.35013	1.72671	1.67059	5.3035	5.80981	1.61151	4.36368	4.13263	11.0311	5.29602	5.7776	4.92168	19.2197	27.0625	23.6802	8.81169	1.20949	3.21022	4.16132	2.61506	1.27377	4.11486	4.00207	3.62095	9.41389	8.27452	5.24814	3.76216	4.00809	7.10452	4.10148	0.839829	2.629	2.41944	1.52536	2.98518	5.32879	7.1377	4.29243	1.72757	2.43536	8.8967	17.0152	17.2911	9.1774	3.01525	4.65831	12.5791	12.1025	8.67664	6.85979	2.12759	4.79407	4.43234	8.41777	8.20176	10.525	19.0363	10.6179	9.53181	6.66623	6.53087	6.65597	1.15293	3.81928	1.8843	2.28095	1.77813	11.0587	16.6802	13.9874	7.69935	3.4356	1.46558	1.11472	2.05154	2.22792	3.86343	4.06522	3.5648	3.18831	0.86038	3.24193	0.81573	4.00546	4.93307	4.93383	1.71511	2.81477	7.451	6.86014	3.74259	4.05135	7.9216	6.18533	9.15608	8.68366	5.14276	2.3565	5.59374	4.60719	2.67413	3.97015	3.79274	2.49797	6.39737	12.2219	12.9513	9.25128	1.07448	15.3884	15.0303	9.54162	7.51811	8.81799	4.78024	4.53485	7.8809	5.36689	11.4428	6.44589	9.44588	13.7015	1.88005	5.55692	4.38859	7.08385	7.00499	4.47352	4.16315	7.73473	9.7084	7.67546	2.68294	4.76261	7.94142	8.12919	14.6812	9.8864	4.9659	2.33158	9.26412	5.56174	9.7943	11.7813	12.5333	11.943	7.13015	5.9486	5.71935	9.81023	4.89835	6.82016	14.4696	9.12559	6.71408	14.3248	7.99668	6.86573	2.40961	2.92587	2.6425	11.0906	17.013	13.2926	12.9328	20.6674	5.57102	16.2637	16.1543	18.3417	23.3571	23.4459	18.5681	11.9209	10.9972	28.1186	30.1212	8.56913	5.79143	22.8888	15.2427	19.7405	9.90291	11.9217	26.8978	27.3119	20.4331	7.31729	4.29969	2.00177	1.85972	3.14343	2.10747	1.87547	2.48508	2.99919	3.28234	2.97705	1.7337	1.75486	2.6774	2.74154	2.38014	2.06287	1.89841	1.76223	1.21175	0.684539	2.28193	2.02675	2.07991	3.16221	3.29998	3.24002	0.978839	1.67992	2.62569	2.28278	1.2989	0.736211	1.39372	0.685531	1.01587	2.40434	3.12039	2.78653	1.42936	1.64797
4.36747	1.74956	1.28851	1.11737	1.02024	1.31272	1.62998	1.05012	1.35529	0.891333	1.49733	2.09534	1.30845	1.70033	1.756	0.959953	0.345377	2.34602	1.5287	2.03969	3.46493	3.38609	4.64047	6.15604	7.50474	5.24063	1.2939	1.22091	3.26406	3.56834	6.36824	4.43661	5.38126	4.72832	4.02491	11.1659	3.9471	8.53719	14.763	23.833	24.2469	11.0541	4.06295	7.63912	5.93319	3.13368	1.24175	3.73212	2.54953	0.939429	1.78596	5.88965	6.61051	7.07982	7.86394	7.87212	9.1633	8.72622	4.56406	2.95059	1.54921	2.61257	6.16448	7.744	5.41881	0.369753	5.83602	8.52354	13.3943	18.1729	12.6533	4.48078	3.96826	11.6171	13.6179	8.70533	4.41867	1.07083	4.63588	8.10935	5.16971	2.27629	10.0179	14.6941	14.2176	11.1876	11.7847	11.4181	2.73547	7.29218	6.03594	6.67007	7.49226	9.99762	11.2663	15.6524	16.2237	10.7461	4.33772	5.18225	5.81669	5.58608	2.43491	3.33084	4.21522	4.8789	3.51283	0.461376	1.67247	2.63095	4.0344	7.98378	7.34565	6.2645	5.24416	6.39341	6.30865	5.64237	7.55606	1.18743	6.33823	5.19214	3.80472	3.93921	5.70616	2.37424	5.68428	2.96195	2.09825	0.695015	1.71914	3.78105	4.29976	1.72713	3.19397	5.49139	7.84933	10.0613	13.5409	7.32852	10.8704	9.85224	1.42203	9.79982	6.02083	4.0623	8.13832	9.20782	5.21223	13.3316	3.31643	5.35203	5.86721	4.78856	6.35914	4.27291	2.38973	5.05423	11.7926	10.1515	5.24866	3.86301	3.84558	9.97354	14.6467	7.55499	5.79144	5.43624	6.16505	4.77633	5.30027	6.31078	9.91135	15.1929	14.482	3.25333	7.16286	14.1985	17.4903	14.0418	14.3932	8.03966	3.52812	13.8664	12.5301	3.78089	3.07915	3.5212	3.23952	18.1084	22.1171	24.1025	7.74501	27.3874	22.3183	25.2174	18.1951	10.5704	11.1276	16.1905	16.8082	10.7433	5.05428	26.0093	29.8138	10.0351	10.2481	11.459	23.8918	18.0675	9.5632	17.9533	29.3837	26.2048	14.8884	5.25914	2.3232	1.30655	3.1837	3.79776	1.44378	1.53302	2.60755	2.08565	1.73907	1.53138	1.56336	2.39847	2.78777	2.87053	3.65781	2.9759	1.7865	1.03624	0.603528	2.18754	2.39889	1.02181	3.3148	4.37911	3.55763	2.378	0.244214	1.521	1.21318	1.26081	0.509137	0.203209	1.83255	0.422444	2.09037	2.10054	2.14657	3.02765	1.17164	0.450317
9.7283	3.12603	2.37078	1.77424	1.0301	0.926993	1.50376	0.706368	0.373996	0.642463	0.956187	1.71288	2.23636	1.39959	2.33727	0.504047	1.15313	1.84069	1.52973	1.60956	3.93847	4.83719	4.15259	4.8461	6.31792	3.79026	1.94754	3.42785	1.26496	6.08002	8.86267	9.684	11.6115	9.16681	7.22853	10.4907	12.0187	2.80616	15.2115	30.8381	21.0508	13.1713	21.213	17.7945	8.55922	2.84795	3.95689	3.47276	0.541754	1.52441	3.10963	5.8014	3.98515	2.29036	1.20008	1.25954	5.27353	8.60157	7.55916	6.25	5.70408	6.90521	6.65479	3.64872	1.91711	6.82144	10.5078	10.2635	10.8849	11.9437	5.76515	5.78034	9.4858	11.993	7.59106	5.65736	6.29577	7.4785	7.88187	5.09459	3.83565	8.14006	3.65866	12.86	16.1381	12.8804	12.736	13.7355	12.8135	12.432	9.58695	7.50964	7.60774	11.2015	13.8272	14.4659	13.4237	7.21128	4.43304	5.64163	6.15324	6.18228	5.88327	4.98773	3.60778	0.509043	2.63368	1.92663	0.976597	2.49936	7.48741	7.41903	3.49009	3.65471	3.81421	3.18879	3.55331	4.06599	8.54761	2.96641	1.39485	3.12929	2.90902	4.23397	4.5806	6.20498	6.32164	1.55167	1.62288	1.96322	2.35757	0.386078	6.02023	10.9446	12.7179	12.7283	8.17007	8.67881	14.3576	10.7515	9.53327	7.00764	7.67366	11.6343	4.92711	7.15802	6.74914	8.72831	2.12937	11.9405	5.32711	4.41964	5.73442	1.36836	5.44941	6.00005	8.19433	13.7793	16.7031	10.175	8.53055	10.9791	7.85561	18.8273	6.99207	9.88474	6.81832	6.07865	2.3129	7.65156	7.68899	2.86126	4.31381	16.5055	18.2577	8.82478	11.9841	10.0048	11.4478	12.3159	8.7379	7.41065	4.87143	12.7073	8.66806	8.74835	9.86614	8.23632	8.68607	17.6194	18.239	18.2024	8.09036	25.22	19.6196	3.98142	16.584	12.949	10.2923	8.18427	16.92	16.9852	14.6153	33.0656	24.4874	17.7374	18.9824	12.8816	19.4201	10.3519	15.8522	16.6636	24.8729	19.5159	8.96907	4.41614	3.51216	3.85257	3.44331	3.37816	2.86931	3.40892	3.0954	3.06785	2.86803	3.10297	3.44071	3.47802	2.97361	3.24816	3.17215	0.919811	1.12273	2.45764	2.65173	2.12016	0.415806	0.948263	4.60818	5.54605	2.65373	0.971185	0.231639	1.36931	1.43856	1.43329	0.714753	0.481256	1.39417	0.578618	2.05241	1.74252	2.40138	2.80835	0.881082	0.666962
15.2749	4.38166	2.9098	2.14059	0.965566	0.815256	1.31444	1.01442	0.666121	0.847	0.57652	1.28807	2.11926	0.557098	1.48569	1.72909	1.34805	0.974997	2.34141	1.95717	3.26022	5.1211	4.85672	4.25986	4.66806	4.05037	3.0517	3.84139	4.79877	1.01261	3.58655	6.29626	8.3351	8.73407	9.81792	15.9979	16.85	12.6788	31.8924	31.1909	5.97673	23.6457	16.0928	17.3782	9.82137	5.07645	5.30574	3.21326	2.03352	2.75489	4.48631	7.20983	5.92355	6.14896	5.53169	4.6063	1.2909	5.33854	6.31532	5.46935	1.94305	3.94852	3.21997	1.89821	4.46264	7.3077	7.73244	3.37501	5.12609	9.16617	12.6533	15.8176	13.4456	4.56088	5.19966	6.5352	5.69379	7.91736	6.83885	4.57991	4.2197	5.28246	5.94995	1.91837	12.3381	18.0521	19.5573	20.1568	18.0637	17.3276	15.7607	12.8904	11.4721	13.9971	14.5608	13.4104	10.8157	3.19571	2.18293	4.52196	5.1044	4.35343	2.48669	1.75728	2.79881	1.9092	1.02875	2.85512	2.04446	2.73928	6.47176	3.34977	2.20596	3.23182	5.79001	6.27037	6.05822	1.47708	6.16429	5.94628	5.04936	3.04328	4.87798	5.79547	3.30439	1.93089	0.192704	3.29383	2.02926	2.60296	0.454204	2.41156	3.00006	0.459705	2.16995	1.60826	3.0557	7.72394	14.6077	11.2068	4.91645	8.73983	11.009	5.46187	7.84578	12.128	9.06583	6.88816	2.47198	9.03861	6.8824	5.0947	4.30748	1.02854	3.48045	2.26333	3.09743	10.2114	9.1913	1.80161	1.62699	3.43136	18.3414	17.6091	2.46882	5.04587	3.41205	4.46936	6.3899	7.08348	3.79476	6.75283	3.79883	12.0598	14.7666	10.0333	7.20863	5.8616	5.46443	8.49911	9.13102	10.1554	3.2003	9.24561	9.68369	11.2129	17.7345	24.4284	30.1128	25.3681	2.63116	9.17611	6.54265	14.8991	23.1834	20.6821	10.1594	14.332	12.2982	20.3236	19.2764	20.8099	10.0327	27.3197	28.7167	29.1885	29.7563	18.2652	11.0924	10.8775	22.3329	19.8151	20.0161	14.1307	6.69244	2.37334	2.77508	2.25356	3.59792	5.20192	5.49497	5.67913	6.2273	5.93547	4.85545	4.30762	3.49902	1.9415	1.12673	1.60443	2.07264	2.15738	1.74741	1.39793	1.07583	0.581647	0.778163	2.01368	4.84313	4.8205	1.2036	0.218358	0.441414	0.65222	0.278356	0.672315	0.91539	0.469595	0.691122	0.919648	2.1335	1.98309	2.80653	1.94341	0.451672	0.794478
21.5338	6.61249	3.7529	2.70177	1.72936	1.0063	1.31194	1.42774	1.19804	0.666685	1.01487	2.47143	1.38878	2.15303	0.482959	1.07279	1.00077	0.693326	2.94233	2.21408	2.43873	5.32061	5.99254	3.18663	3.17324	4.9282	5.4033	2.7648	5.7196	3.99539	6.44011	14.4627	18.5294	16.7755	4.46181	15.7717	22.8121	14.2722	30.3906	17.6957	15.3242	25.6578	4.51808	18.0037	9.64819	5.34034	5.77642	4.09917	2.04571	3.0265	4.69669	7.26743	3.69842	3.55619	3.47263	5.70366	3.81366	3.52836	4.46342	8.92225	5.79217	6.39908	4.43445	1.28869	5.04364	8.01969	10.7045	10.8276	9.48211	10.8914	13.3573	13.0552	9.31056	5.78174	1.71691	4.30026	0.946242	4.52466	3.49539	4.33978	2.52752	3.42271	4.89294	3.88784	3.46975	12.2286	15.9641	17.0597	15.5483	16.1541	15.5777	14.7743	13.9566	13.5144	10.0836	8.71872	5.74935	5.06278	10.8877	11.8673	12.5378	13.1092	11.8897	9.35086	6.76686	3.77588	1.19938	1.82841	2.73686	2.39246	6.10509	2.44491	1.06293	1.68309	1.61024	3.0803	4.96693	2.48058	3.55359	4.69195	6.72678	8.10196	4.24945	3.22118	2.29934	2.68246	5.02122	5.31941	3.81354	5.13148	2.96499	4.50795	5.75258	8.62472	9.89599	10.4958	8.66597	1.40835	15.9208	14.9591	3.74399	9.59022	6.41597	5.66946	12.0696	10.8052	6.31255	4.36623	4.56051	6.13252	2.08875	0.910212	1.98362	1.4859	5.6248	4.95191	7.12858	10.5635	12.4162	13.3736	10.0266	8.79669	18.7431	9.66679	3.89972	2.57442	0.576388	1.07279	1.43208	5.80485	9.20634	8.43521	6.73431	10.1893	5.29727	1.68912	3.83133	12.002	6.35432	12.8441	11.9413	6.61107	6.54678	4.58569	0.679957	7.75915	13.1817	7.21708	11.1015	9.72479	14.1767	13.3668	17.3093	4.74982	22.6245	24.8936	10.5845	2.14581	7.73315	20.4335	30.919	31.5711	27.1174	17.2813	12.1806	23.1956	33.9477	30.9813	22.1655	17.4135	28.118	23.6178	18.8784	11.7174	6.0455	2.40336	4.21734	4.41856	4.74594	6.04539	5.22014	3.45523	2.09744	0.820437	1.12067	2.83292	2.46275	2.17964	2.50325	2.9899	2.97797	2.58898	1.73247	0.846807	0.227558	0.393575	1.62269	2.41946	3.53278	3.77092	1.72499	0.933323	0.921465	0.279117	0.191479	0.46948	0.279119	0.855413	0.596336	1.42297	2.16366	1.91031	2.25066	1.22974	0.143603	0.520849
26.8718	18.4487	9.93758	4.3242	2.7389	1.58191	1.59513	2.09669	1.80189	1.77443	2.65166	2.7443	0.878287	2.22855	2.50205	0.993064	1.18029	0.182875	3.10479	3.68538	3.21658	5.66043	5.68603	1.8146	1.8795	4.84201	6.54325	5.157	4.07988	2.49692	14.7948	18.7654	17.9877	23.0232	21.2842	7.15793	17.3104	7.3294	29.0807	16.9528	18.3452	22.9095	6.53805	16.7054	9.26064	5.39165	5.09658	4.06772	0.972797	2.42516	7.33731	8.63705	3.1708	3.5808	2.16595	5.31572	4.06837	5.12434	7.54169	9.50003	2.68572	5.02113	5.42369	3.12706	1.79626	4.89532	7.48157	8.75895	8.26873	8.18975	4.26704	2.866	8.05851	5.01724	6.43278	4.92929	4.25692	7.2174	5.65028	1.38283	1.46041	3.8541	2.98978	4.12914	4.50571	0.556886	4.3158	9.17904	10.1612	10.5009	9.08023	9.00754	8.57362	6.39534	2.80687	1.78019	0.959286	7.92406	9.67204	4.22705	3.48851	2.42174	3.33002	4.61166	5.97431	6.69418	4.76189	2.99828	1.93469	1.92849	5.85764	2.73322	0.454012	1.17082	3.9792	5.14133	3.88096	2.39285	0.402139	1.86921	3.89417	6.52707	6.32117	2.43832	2.46329	5.55235	5.73568	3.32989	3.52089	7.3225	2.21901	2.07623	3.05368	4.58054	3.59783	1.391	5.39971	3.36257	16.1528	13.5308	7.04139	4.34062	7.80506	7.07029	9.97737	7.83573	6.81493	7.36203	11.6734	9.66585	6.9025	5.21346	3.51322	3.3505	2.71915	5.34302	2.24621	6.39252	7.44923	5.62379	5.48537	3.9063	14.8883	9.68037	2.70976	2.24868	2.18594	4.26886	5.35075	5.16765	4.32261	7.04543	4.69162	6.7664	4.66197	7.75036	9.19964	12.0779	10.524	1.61857	2.18305	4.49839	6.25958	6.13336	2.87871	7.29717	10.2049	19.1799	24.787	11.0184	7.46715	15.0877	24.6455	14.5412	19.0117	21.6949	17.8894	10.0307	4.7469	5.35219	9.06501	18.5101	15.4268	19.4653	22.3869	9.71265	5.54712	21.5574	28.4706	28.7458	32.0874	21.0714	12.9392	8.45368	6.82382	6.70476	7.81582	7.38743	5.89504	4.43797	1.69852	0.905212	2.10493	1.99987	1.4414	1.68159	1.93571	1.66549	1.37827	1.30556	1.09142	0.517211	1.26618	1.18648	0.45502	0.308692	2.392	2.60198	2.34491	3.35646	1.73428	0.575074	0.496433	0.750298	0.642453	0.758511	0.817798	1.37556	1.39359	1.68552	1.58576	1.38762	2.05301	1.49865	0.954501	0.5286
23.0861	28.8205	21.1297	8.95748	4.12318	2.17397	2.25872	2.95527	3.09988	2.88877	2.81293	1.76631	1.1429	2.42469	3.28286	2.79813	1.19913	0.690082	2.98899	4.7947	3.1188	4.3647	5.05439	2.25385	0.758341	2.90926	7.18829	8.33392	5.9115	12.4583	16.1773	10.6949	6.18467	13.4056	19.5749	24.3519	4.83662	15.2006	26.8855	9.5564	13.7555	16.3311	12.3678	13.3411	9.08744	5.25643	3.50777	3.52703	3.31657	1.8428	5.99546	8.04501	5.85093	6.52938	3.83326	2.95548	2.50803	7.62331	11.7648	10.4328	6.31554	6.61609	7.47455	5.29084	3.50216	2.22325	1.66426	3.72154	5.42296	3.8273	8.9473	10.6326	3.97408	6.02967	7.37983	5.58246	5.83561	7.17391	8.69183	1.40756	1.97221	2.35304	3.25622	4.36266	4.43164	1.24757	0.823175	2.58766	3.34126	2.9349	2.18322	2.33364	0.70647	2.4916	3.97705	3.35965	1.05629	5.33443	11.1721	12.1513	11.1183	8.1746	4.31969	1.92108	2.90195	6.71677	7.24717	4.89534	1.54052	4.77777	7.26631	3.34621	1.15401	1.32459	2.81272	1.40117	1.11263	2.5624	2.28161	0.668846	2.72806	3.70245	5.14057	5.6389	2.22909	3.78382	3.44187	5.50486	0.813123	7.5794	6.5412	2.39178	2.17086	3.96123	9.32449	10.3563	7.60549	4.80991	13.2564	7.679	5.64142	4.79945	8.39822	2.89463	8.53017	6.70987	8.04933	11.3464	14.7508	7.71905	4.49237	5.59333	5.38626	2.97675	4.51229	8.42104	9.66548	2.30242	12.2954	12.9058	7.06948	7.83062	7.5976	7.25836	7.03338	6.13313	7.93317	6.33026	5.33173	4.50033	6.67905	10.1242	7.99786	7.81174	11.7198	12.0929	14.9968	7.86722	7.17904	5.37275	8.04795	9.56912	5.77106	9.30979	7.46974	0.406011	10.6003	9.94806	16.3115	14.7911	8.72664	13.9018	19.467	19.5911	10.8348	18.0585	23.4901	15.8216	16.6811	25.3527	25.5786	8.5152	5.2853	17.5534	15.3704	27.0181	29.9255	16.7706	11.4569	21.4024	23.0705	13.7859	9.33041	7.10288	5.98753	5.49105	5.39878	3.61683	0.703859	2.19188	3.08767	2.49597	1.39482	1.51944	0.308615	0.764679	0.717713	0.965024	1.63772	1.6251	1.22537	1.03283	1.2558	0.804046	0.332209	1.12002	2.92233	3.58032	2.9813	3.1686	1.84043	1.06234	0.83892	0.143555	0.406026	0.681081	1.71268	2.22056	1.71841	1.28447	0.794322	1.21523	2.38045	1.62504	0.629708	1.60007
7.93704	24.6618	32.4416	26.5788	13.1506	4.28874	3.28883	2.82791	2.41182	1.69842	1.38053	0.819158	0.881063	1.51612	1.77364	3.21472	1.27363	0.461856	2.67683	4.72463	3.33987	4.00302	5.21917	3.26154	0.775198	1.76686	2.19831	10.346	15.1165	11.5389	6.97266	6.55388	4.4834	6.7865	9.50155	27.0822	12.6284	14.3646	18.6823	8.271	12.7051	0.962723	6.44441	8.71438	8.04313	4.37286	2.38994	2.53433	2.95489	1.73297	3.90455	5.43739	4.71755	7.28449	5.19024	1.80136	5.35043	10.5777	10.4485	6.61687	7.81851	9.75084	10.1682	4.74107	2.78456	3.41728	4.41008	3.29568	1.18332	7.18665	10.4787	4.24467	8.69575	7.29886	4.32892	5.31056	4.20156	6.22418	7.68466	4.67315	3.90681	0.862399	3.00166	4.72103	3.51454	2.49009	2.59638	3.24286	3.13914	2.41709	0.908179	3.00545	4.42706	3.46913	2.41468	2.63203	1.59159	0.193743	2.66428	5.74583	9.00175	10.041	9.54412	7.2114	4.24394	6.54414	9.28439	7.9002	5.54483	6.37162	4.61135	0.612651	2.45017	4.71333	4.33458	1.76716	1.00572	0.796165	2.1642	2.75374	1.46789	2.69705	5.54565	5.31239	1.66124	2.62232	2.549	3.96965	3.32648	3.19835	6.69104	6.79934	7.88452	8.3029	6.13658	1.91826	6.6973	9.76851	7.54708	2.58143	7.56327	12.0814	10.2432	9.00071	3.27796	4.84603	6.68925	8.87935	10.681	7.47389	2.653	4.0278	6.76858	2.46449	10.115	6.17728	11.81	3.48604	15.7411	7.99642	11.2731	13.1538	3.13285	7.62365	10.9075	9.28409	6.75453	6.65738	12.4388	9.21618	13.196	10.4383	7.23217	5.793	9.18537	2.72518	10.5305	10.9906	10.8554	13.5605	11.6114	2.13864	13.2053	10.6139	9.37684	12.2679	16.5425	12.576	5.46618	14.1446	16.2208	17.8182	5.61395	18.301	10.9752	18.2541	25.8382	10.0812	29.5076	22.3207	19.5043	16.0099	5.31284	13.9271	18.9802	21.1057	28.2031	26.9408	8.40326	11.0136	13.869	5.55282	2.42186	3.48551	2.8649	1.1997	0.986147	1.56165	2.38135	2.01822	1.3612	0.408751	0.78546	1.25554	1.1656	0.608515	1.09856	1.49733	1.28368	0.278957	0.771368	1.91408	1.9036	1.28656	0.583971	1.28365	3.45989	4.42591	2.92427	2.23425	1.08238	0.545445	0.167107	0.332135	0.44106	0.451312	1.41968	1.26698	0.947385	0.928835	0.914689	1.49808	2.08328	1.13034	1.09437	2.32761
4.50576	6.57058	24.4107	35.14	25.108	5.86154	3.57736	2.58799	2.22236	2.05817	1.52313	1.45009	1.94214	1.70454	2.22445	3.48706	1.52917	0.654408	2.81805	4.97191	4.82205	5.28478	5.01363	1.11649	2.58741	1.09271	6.58211	13.9342	9.70032	3.87574	11.3392	22.8618	25.1093	22.2652	23.7381	18.8977	11.9547	10.1681	6.54863	20.81	12.5174	13.9104	6.26637	7.49008	7.06325	4.12406	2.61098	2.54819	2.46646	1.66868	3.91206	7.65276	8.4132	8.11153	5.30016	1.87315	2.35406	7.29328	7.3668	5.57029	4.79178	7.32888	13.3758	7.7871	2.75905	3.62595	3.57554	5.43199	1.67764	6.08332	10.1562	11.9405	12.2253	6.85373	4.67059	3.37478	3.3859	5.20293	4.91265	8.02815	7.02132	4.90912	3.99518	3.40567	2.18475	2.73137	3.53412	4.81163	4.25914	3.39185	1.02893	3.45981	3.45896	0.818717	3.24036	2.72822	1.33235	0.963466	0.451235	2.07503	5.72001	9.00288	10.0135	10.6567	10.1146	5.26053	4.75076	10.9097	7.78914	5.42136	1.66771	1.30481	3.38613	5.19404	3.33398	1.88862	0.696389	1.06366	1.88611	4.0065	2.6265	2.31385	6.39231	5.23865	0.482589	2.21004	3.69765	2.94154	2.84268	1.58214	5.07369	8.58761	8.48574	4.8402	5.03911	5.12783	6.93639	10.1345	9.60768	10.9422	11.3	8.2326	6.20036	5.77676	8.75413	4.79407	3.82506	6.69367	4.05888	9.11012	1.23258	1.10419	8.3647	7.74362	9.28972	1.51907	9.26011	5.52313	10.1625	9.03851	8.70131	13.3245	9.93375	7.95612	7.75818	6.51656	4.18521	10.9196	11.6335	6.34458	16.352	11.5418	5.87281	4.50617	10.1102	7.11503	5.28176	9.36072	12.4499	10.7749	6.15094	9.31443	13.3209	5.18336	7.83093	1.16756	9.82086	23.9032	35.069	36.2034	28.4497	18.6247	26.6772	25.3044	22.4234	10.3221	26.5848	24.6962	31.9433	9.10896	17.7075	15.4365	1.21325	12.9628	22.4987	13.7426	32.7065	25.993	8.06356	6.57121	15.2841	12.916	9.10432	4.47343	1.37579	1.7334	1.39607	0.151257	0.731639	0.278077	0.758048	1.28553	0.814485	0.860355	1.19349	1.2705	0.93551	0.731628	0.794043	1.46839	1.19849	3.20451	2.52148	1.47706	0.74618	1.5149	4.21504	4.46682	1.4596	0.841017	0.193703	1.47629	1.41627	1.09169	0.690487	0.826475	1.05237	1.23566	0.818951	0.877233	1.09605	1.25878	0.920709	1.32984	1.30309	2.03159
2.22189	7.5903	3.64499	29.2285	31.6404	14.0103	7.63254	3.44582	2.44688	2.24049	2.20672	1.55799	0.594233	0.426135	2.30505	3.38331	1.33348	2.2446	4.40315	5.69384	4.5097	3.1876	3.56505	3.83668	3.36803	8.02945	5.59483	10.4859	15.2133	18.3665	21.8056	18.4059	16.7504	13.1866	12.0869	2.19834	7.76502	20.2771	2.44054	26.9247	16.0114	18.9715	12.8202	9.3281	7.50169	4.621	3.39984	3.52651	3.72987	2.58688	6.44186	9.85693	6.86247	4.60668	2.0737	2.25116	3.84194	7.57628	6.70152	7.55017	9.15109	3.32026	12.9004	9.97642	5.04403	4.66695	5.63234	8.10284	6.24597	1.19231	4.83897	7.07613	5.65623	3.13177	2.22904	4.99197	5.29405	1.14484	4.66859	3.24363	5.59846	3.2507	1.66987	2.23925	3.61881	4.91175	5.48045	3.82056	4.8942	3.64371	2.10127	4.06208	5.14904	4.77139	6.49424	5.84074	2.80019	0.955627	0.996849	0.638031	0.988831	1.50409	2.82115	8.75578	11.9622	13.7386	8.669	7.09623	9.86469	7.80201	3.83699	4.6193	5.79686	3.49509	2.43418	2.31339	2.21411	1.89348	2.45212	3.93041	3.24734	1.01077	6.20539	5.98467	1.24925	2.73954	3.95372	4.63745	4.46948	4.03797	3.70793	2.10257	4.89534	11.1971	6.77	8.10858	4.91236	13.9846	7.59511	5.39082	5.55951	5.61522	5.95421	4.05578	14.7063	4.55402	4.65094	6.37965	1.77813	9.87393	0.587234	1.67002	10.0421	8.92444	7.98683	0.840871	5.51136	3.71304	4.45106	8.32092	6.15369	10.4524	3.08744	6.07727	9.24477	9.32932	9.90939	6.40491	11.1372	10.8008	5.07246	4.94557	8.68462	13.9008	12.2628	3.75125	2.0413	3.93871	6.55722	6.41583	3.35503	8.36321	17.8365	6.32529	4.99536	9.73524	12.6552	21.0525	21.2888	21.226	29.3819	23.8855	19.6334	12.7529	26.1999	12.1818	26.3997	28.6077	16.3053	14.6512	17.8431	7.95796	9.98428	15.3621	4.00944	32.7493	35.5335	23.2705	9.07786	5.88119	6.17001	8.90761	11.2178	7.3666	2.82904	1.62839	1.92385	1.06363	0.895407	1.60422	1.05657	1.83663	1.28372	1.13641	1.52353	1.87711	0.596531	0.344844	0.249407	0.599201	1.7443	3.00424	2.41988	1.71698	1.03202	2.22441	4.55434	3.68592	1.29857	0.728378	1.11936	1.50405	0.818847	1.14763	0.832137	0.750932	0.621661	0.863112	1.71041	1.09812	0.983945	0.658811	0.197181	0.629007	0.895661	1.25507
2.73001	6.15456	5.89935	19.0011	29.6719	21.1807	11.9484	4.22897	2.32541	0.58363	0.851534	1.08619	1.39502	1.94691	1.71493	2.00436	1.98834	3.65211	5.6284	3.89541	1.67134	3.82814	5.32326	5.97948	12.6662	11.7123	9.16108	9.71517	19.9523	23.0591	9.93731	17.0325	23.3596	21.7616	24.5814	18.5599	12.4972	22.7974	7.65495	30.5936	20.4618	18.842	19.8519	10.2943	6.52611	3.4449	3.78365	4.14909	4.90548	2.26757	7.3244	6.83968	5.03593	4.82616	0.960981	2.79852	2.22143	7.15085	5.74191	8.71573	11.2458	1.56993	11.7192	6.09761	6.69358	7.00485	12.0786	14.1041	13.6139	4.57866	1.62524	1.95079	1.1854	5.71679	6.84328	3.3798	2.34739	3.22051	0.889862	4.73741	4.9036	1.92422	1.81387	3.03155	7.9789	10.101	8.65913	6.45128	7.7137	6.26126	3.96173	5.59041	6.84087	4.10803	4.77834	6.39683	3.65448	1.32237	0.848793	0.33265	0.897519	1.16323	1.58898	3.32675	6.59885	9.06422	8.3197	3.73727	11.3715	9.38722	4.08547	3.71944	3.9496	1.75286	2.16704	3.64936	4.03176	2.81354	2.35435	2.527	3.13457	0.814208	4.9741	6.47482	2.50768	3.76097	3.35439	6.29976	5.15532	3.21393	0.654538	4.75751	9.26249	10.1508	4.99375	11.0453	1.44005	14.7437	9.09818	7.50379	7.96407	7.85497	2.25423	11.9699	12.4486	3.44515	4.72702	3.69388	1.17197	7.02447	3.70305	1.18076	8.75066	8.909	7.60879	0.84804	2.64828	3.33052	7.99499	9.72465	6.93105	9.76554	11.176	14.3165	14.5494	12.932	7.74306	5.72898	5.4369	11.5096	4.78171	7.49173	5.53572	4.48912	1.08195	2.2375	5.0336	8.41576	11.0313	12.3226	12.5685	5.72309	16.4579	12.8639	3.93248	11.5109	21.1194	14.0135	14.2917	21.385	14.3288	4.80956	6.41557	14.4113	17.729	24.9136	11.1551	14.4895	11.8458	19.4254	11.3882	7.28361	16.7648	9.82698	34.3918	39.3023	26.7327	12.9996	4.75326	7.07673	9.43944	7.78381	8.73746	5.30167	3.6531	1.91384	1.35885	2.10776	1.83844	0.214895	1.22468	2.25056	1.59361	0.830336	1.29867	1.32823	0.22324	0.42172	0.726053	1.33175	1.65102	1.57233	1.68999	1.0529	0.22324	3.35457	4.08643	2.03632	2.18044	1.32623	0.987241	0.622649	0.791107	0.421745	0.948971	0.679177	1.09018	1.29148	1.61703	1.05197	0.718747	0.176332	0.403436	0.466994	0.857665	0.87665
5.84044	3.63109	4.31785	9.36405	22.304	24.4709	17.1522	8.47068	4.76044	0.369057	0.39245	1.36597	1.97453	2.00407	1.91259	1.54156	0.997205	4.49195	3.82822	1.18037	3.24018	2.25213	4.56028	14.3187	12.9712	1.31247	15.0603	12.9713	6.16589	18.3016	28.3383	26.7791	21.3867	21.1656	19.4412	19.0628	25.3685	17.2604	18.6916	33.3198	19.0268	20.1441	25.0475	9.77797	6.24156	5.11423	3.31838	3.14067	5.53469	1.04767	5.87008	4.54091	4.75464	5.96838	2.45723	1.92868	4.68578	8.52444	6.63274	9.31772	10.0762	3.68416	9.98318	3.90216	7.38289	9.23346	11.228	8.91602	14.1798	6.967	5.22516	4.5203	2.8438	4.73672	4.93518	3.95401	2.97185	2.05523	3.01937	1.95638	3.72637	5.53146	4.51298	8.87799	9.93505	7.13034	7.16105	7.05805	8.46413	7.87425	6.71132	3.86448	3.4285	5.05202	6.9016	7.08951	3.33575	0.741146	0.825754	1.29143	1.79959	2.14686	3.2115	2.64953	1.57646	6.94707	5.66914	7.92673	11.2979	8.62829	4.42746	2.84879	2.53202	1.6824	1.20185	0.883763	3.64821	3.27298	1.71257	1.97912	2.40984	2.5485	1.96443	5.10052	5.24942	5.0937	4.99437	6.59269	3.56926	1.98007	6.05792	8.18742	7.58054	7.54288	6.23614	11.0319	5.5347	11.9741	9.42466	9.73251	11.3614	7.21252	4.17155	16.7973	9.35289	6.69638	5.19123	4.16678	0.880394	3.21858	7.8854	7.20261	5.18203	9.1345	7.09762	2.90897	1.50672	3.71487	8.4377	4.01151	11.6994	15.8979	16.0699	10.2837	4.56346	5.34065	6.70446	8.19105	6.70231	8.94632	9.645	6.06832	3.99505	4.66662	3.84756	6.75074	9.34689	9.344	17.0836	23.3154	22.158	19.8714	8.20579	12.2631	9.20921	14.2366	21.327	21.7159	8.44947	9.73453	13.8164	13.6302	14.8677	18.1359	19.6261	28.2042	17.5331	7.92689	17.4446	16.4451	9.49548	11.8292	16.4426	19.046	38.1831	26.884	12.2312	5.2814	5.66876	6.65879	6.77699	8.93928	6.89636	1.83908	3.27565	3.12908	1.51755	1.22363	2.10078	1.61135	1.61142	2.1609	1.12345	0.621454	0.920188	0.890925	0.182665	0.424341	0.79126	0.920236	1.23703	1.54161	1.7345	1.48857	1.2848	4.17106	3.59615	1.17181	1.07327	1.37619	1.70946	1.07926	1.37096	0.421663	1.34676	0.978888	1.79776	1.02721	0.605029	1.00197	1.12463	0.350647	0.520589	0.643112	0.737129	0.162814
5.7156	4.72977	5.07379	4.67564	15.4756	23.7294	21.2605	12.2599	7.28569	2.02712	1.11159	1.15487	1.59872	1.43182	1.84424	1.22637	2.86827	4.61059	1.09749	0.624235	1.42673	3.84383	10.2424	12.3023	4.20592	10.7632	11.7027	6.62986	24.5814	27.498	20.4846	7.71934	9.75428	16.7399	24.9341	33.4526	29.7923	7.80282	26.5829	31.5879	7.84147	24.118	22.7361	6.97173	3.57656	4.11683	3.58119	3.7604	5.37018	0.684277	4.67499	3.7227	3.36783	4.51017	3.75968	3.36072	8.38341	10.8806	8.38953	8.59968	6.41439	4.34095	6.63277	3.75337	2.99968	3.22872	3.54401	7.7823	10.012	6.21824	5.35631	4.8669	3.31277	1.71057	4.68784	2.14255	4.50143	5.44265	1.40594	2.15123	3.21834	2.33164	7.54493	9.99384	6.47059	4.84295	1.92603	3.25919	5.129	2.34985	2.79011	3.12123	2.71668	5.6126	5.80278	4.37164	1.58837	2.05155	5.66572	7.0549	5.35943	3.67086	3.63797	3.04669	2.30542	5.01176	4.58991	7.50867	6.81773	7.25858	3.36354	0.777986	1.51423	1.17698	0.651102	0.736992	3.0897	3.07333	2.4843	2.22444	1.58134	0.710511	1.34654	3.21638	5.48174	6.25563	5.77637	4.59072	0.683963	5.26411	6.81773	5.43453	4.54646	6.76345	6.63438	8.47792	12.5385	4.97762	13.6462	13.4907	10.3929	1.44768	13.2608	19.0186	10.7007	8.29209	4.93375	4.77282	3.79135	5.97242	12.9178	9.68378	8.09381	3.16149	8.94908	12.2068	11.8504	11.2217	9.87105	1.87085	14.8793	16.0728	10.7689	2.76277	4.87654	9.40625	11.6032	16.1882	11.4802	9.63179	7.03261	4.02276	2.1426	2.57243	4.94435	2.32167	12.1536	22.3976	32.3539	34.2707	37.889	38.2945	34.9406	21.5585	7.29464	5.47922	16.051	27.4076	17.6955	12.6861	13.692	17.8927	20.4271	21.8157	24.7624	23.8033	1.05269	21.1686	28.8207	29.84	27.7054	18.5001	7.19658	33.0671	31.2361	14.7403	9.00033	8.3224	8.53184	6.71438	4.38093	4.92871	2.83738	1.81621	2.16163	3.52373	3.81359	3.3669	3.46906	2.79097	1.53872	1.24467	0.612073	1.02947	1.40887	1.35921	1.46339	1.21503	0.534341	0.646898	0.999244	0.81247	0.534356	0.990064	3.58278	5.15646	3.46383	1.90267	1.39373	1.09415	0.0302277	1.09187	1.31479	0.603428	1.61741	1.14554	2.02701	0.952242	0.770656	0.0854993	1.15488	1.04203	0.267831	0.999302	1.79964	1.49105
11.3604	12.2507	10.9152	1.7087	10.4988	20.7746	22.2824	12.151	5.92362	2.35308	1.1876	1.07865	1.53505	2.22568	2.07475	1.39131	4.41008	3.4726	1.88885	2.94465	4.14482	5.46584	7.96284	7.78124	7.79015	2.03109	9.18248	14.0627	19.5044	5.96761	2.64413	6.19775	13.9142	22.8724	29.3337	28.4702	16.4059	6.25889	29.6237	28.0988	8.64235	24.6086	16.1066	5.67306	4.01981	2.97976	3.18737	4.97566	4.75306	1.22472	5.11744	4.61401	2.86519	3.37588	7.02727	8.09085	9.38365	10.5585	6.73688	4.77474	2.89522	3.58711	3.36751	0.769302	3.98312	6.26437	5.75189	5.50547	5.7247	3.71408	3.74192	4.15552	4.3612	1.61764	2.59073	5.36511	5.95242	2.36559	3.0111	1.38665	1.67597	2.81706	7.61961	8.9956	11.6812	11.9003	8.88776	7.28004	7.00891	5.09517	3.09835	2.17129	5.27153	5.01252	3.29493	1.97836	1.29973	4.49867	7.91984	6.59962	5.84737	2.4563	1.03387	0.912863	2.45025	4.17555	6.22265	5.30828	4.26421	6.44222	1.60163	2.54374	3.71904	4.03291	0.72088	1.45353	2.79948	2.46657	3.98411	3.23657	3.43611	3.81269	2.35633	0.84669	1.0086	1.64853	1.1625	1.89247	1.27056	6.20764	5.30218	3.22144	4.00269	6.97193	6.43561	3.26205	11.7893	7.20488	13.8099	15.7891	8.40311	7.97184	18.8802	15.8287	6.34842	6.60967	5.03638	3.63981	8.6933	11.8113	10.6517	3.33363	5.41612	8.03837	10.8777	9.40505	6.55978	9.33989	14.4826	3.26736	13.0509	13.3678	16.1222	13.1971	5.08828	10.7657	12.3533	10.2995	5.14189	6.04723	8.66918	8.74153	6.19979	2.35264	4.16264	4.68942	12.2592	33.5601	33.9985	22.945	31.4529	34.8437	35.2669	36.6017	33.3562	24.077	15.2379	13.1618	23.3878	14.4344	16.5228	18.1826	20.4106	19.218	16.7956	2.61478	23.2616	35.3114	37.6436	33.4367	23.0039	19.7245	30.9088	30.9637	18.6354	11.2152	10.5447	6.11332	6.26508	4.53213	3.40206	4.59103	2.05509	3.15128	1.03655	1.78093	2.72517	3.74943	5.25774	5.68355	4.76125	2.83929	1.24097	0.800969	0.985043	1.6801	1.89366	1.75657	1.85618	2.39562	3.22618	3.244	3.48456	3.78278	5.39182	4.99643	1.90178	0.317703	0.616385	1.02658	1.24321	0.710386	0.757924	0.665537	1.17757	1.25709	2.02798	1.35691	1.07034	0.72088	0.320548	0.473061	1.04375	1.44484	1.33389	1.64855
9.19308	12.4352	16.4194	2.07919	12.6237	24.3663	23.0468	9.02988	3.93825	2.48757	0.734236	0.825531	2.19715	2.84801	1.52759	2.41485	4.0078	2.75556	2.34034	1.71221	2.19335	5.85015	3.26808	3.34615	3.06851	9.87849	7.0263	6.08463	12.4015	4.12278	1.52629	6.35833	14.6348	22.063	18.9047	12.3737	6.05384	6.54429	28.1752	31.6771	9.79804	26.8802	11.071	3.83974	3.99722	2.52157	2.60606	5.76513	3.38009	2.5623	4.98552	4.46513	3.45721	4.60532	7.95133	8.24694	8.55981	8.10228	2.77951	1.6056	2.20926	4.80426	3.44451	3.73388	6.11405	5.86746	3.52133	4.81185	4.48922	0.861234	3.36069	5.19801	4.34447	2.29838	2.07442	6.38146	7.7493	4.05911	2.41759	1.90137	3.13937	3.69474	6.41509	6.94105	7.14861	9.09608	9.83178	3.53925	4.61758	2.38379	4.58826	1.51369	4.615	8.19825	6.75305	2.56239	1.81561	4.16262	7.40497	0.952858	4.45	2.24676	1.17329	2.9167	5.87964	5.84688	6.46115	5.63062	4.38507	4.98264	0.166874	3.13132	1.6637	4.19079	2.73761	0.95188	2.63327	3.10842	3.20827	2.56965	2.84715	1.59237	3.28237	3.07757	3.79866	2.12909	1.77226	2.62759	1.31166	6.08075	5.33109	2.47187	4.23788	8.203	6.33593	1.3595	6.87537	6.60096	12.7018	15.0108	5.80893	9.13544	18.4182	10.1646	3.23686	7.26085	7.68623	9.7415	14.0954	13.7068	5.04036	10.4235	14.615	11.1086	5.16857	8.89324	8.42122	7.00131	11.7529	6.18749	9.83628	13.75	15.1469	18.1888	14.4379	4.16007	7.91575	8.4223	8.17679	7.8937	6.42655	3.37054	7.58555	9.20271	5.44402	8.13382	8.75974	36.0652	31.5749	21.565	6.48441	17.9718	13.9804	16.7637	27.0216	28.3258	28.5726	2.58948	20.5431	14.2528	18.988	12.6756	12.3103	10.7892	4.4628	13.1741	31.5808	37.2815	25.469	3.01845	24.0494	39.862	28.4399	15.0577	13.6562	12.4049	8.92208	1.63384	2.03623	2.58925	1.85582	3.66153	2.29451	3.05716	0.378022	0.527691	0.861234	1.3391	3.66441	5.17771	5.58297	4.54178	2.71691	1.65898	1.47533	1.72538	0.898344	1.12096	1.90686	3.27222	3.43862	3.08375	3.26259	3.73105	4.24952	2.83971	0.385181	0.405406	0.601667	0.425729	0.0675687	0.850884	1.42026	1.74263	0.634157	0.718234	1.42292	1.22683	0.794815	0.601661	0.527718	0.440469	1.03633	2.21205	0.770345	1.55758
5.84466	12.7319	16.4821	6.86514	20.6785	26.9054	19.2025	5.7401	3.00116	2.0384	1.02889	1.88034	2.75399	3.62736	2.81126	1.56623	3.39259	2.97771	1.57998	0.193445	3.06445	6.13248	3.1273	4.13361	12.1732	9.793	4.66917	5.18817	8.14473	5.58747	5.89105	3.30866	13.9059	23.9445	20.2021	12.0973	6.23088	3.90745	24.3966	37.1326	2.49279	30.4059	15.2948	5.33577	4.62725	1.77267	2.3323	6.40292	3.20107	3.64157	4.4484	4.89857	4.26716	4.61227	7.62425	8.68939	7.94986	4.69326	0.735636	0.981923	3.68429	5.59956	3.78689	4.37604	4.98092	4.9397	3.44229	5.81816	3.13198	2.55068	4.72778	5.39956	3.30269	2.40823	0.54754	3.95157	6.9966	6.03067	4.49735	3.95437	3.85763	2.32407	3.97887	4.17311	4.16172	4.79129	9.07405	6.47715	4.98201	3.39073	7.37102	7.02201	4.54468	4.89693	9.82234	6.39424	3.66612	3.58481	5.04112	2.08023	5.46556	4.97235	5.0144	5.51698	5.81956	3.87371	4.01071	2.56633	0.705258	3.17024	0.60498	2.90276	1.2233	4.39937	3.10182	0.302108	1.11012	2.11405	1.0519	0.611702	2.02158	6.02357	7.41806	5.57458	6.12731	4.15306	3.28736	3.68615	1.34131	5.96617	6.65269	3.6118	4.67853	8.77133	5.3041	1.56649	7.27156	4.11624	13.3936	11.2372	6.25226	10.0734	16.6797	9.91923	1.18768	10.0104	13.6226	14.8751	12.6499	8.98448	6.90147	13.9769	1.58754	6.98292	8.14732	10.0965	7.45738	3.47948	9.58889	10.5967	5.81068	12.0217	14.8218	17.9293	10.5695	8.84444	14.9229	11.354	12.0805	18.5154	21.4603	13.2581	5.76108	10.6944	14.2227	11.5047	9.11948	27.4559	32.5461	28.6745	22.8017	26.8903	16.9106	11.0199	18.8177	24.5133	30.0398	8.70484	16.247	13.2022	16.7317	8.96319	8.95511	6.25944	11.3099	31.6987	36.2954	26.2956	12.2719	30.9691	37.8725	36.2606	16.4039	9.48352	13.2853	9.07684	4.9392	2.71222	2.44965	4.51278	2.67696	2.88185	3.01824	2.13019	0.702679	0.414794	1.36859	1.64324	0.747676	2.32409	4.57686	5.06428	4.38848	3.88527	3.38655	3.08115	3.00228	2.6137	2.00651	2.8188	2.9991	2.78666	2.70203	2.74072	2.17836	0.891262	0.716508	0.470469	0.565581	0.172236	0.670411	0.665311	0.845063	2.27984	1.59774	0.557056	0.930577	0.944201	0.555399	0.154043	0.0770266	0.820644	0.405313	1.61549	1.43672	0.504181
6.36229	13.1802	9.20439	14.6095	22.5454	24.0972	12.5799	3.88165	2.0093	0.604086	0.182491	1.29419	0.938983	3.17299	3.82614	2.31104	1.48588	3.7142	3.30863	1.81482	3.74942	3.19316	9.24356	4.14413	16.3035	9.24637	2.86111	5.25892	7.74752	8.05264	6.6852	4.97082	14.652	23.4621	25.4607	21.1001	11.2607	0.504054	19.2029	37.4631	17.6489	25.0153	23.0877	9.1107	4.71759	0.926478	2.98879	6.821	2.76705	3.33477	4.85359	6.16739	6.14772	6.21567	7.44805	7.6931	6.19789	2.79189	4.06288	3.95095	4.81869	2.80235	1.26857	2.85717	5.15553	3.054	3.4518	5.90512	4.21299	4.39661	4.64881	2.13876	2.7978	3.40991	1.80883	1.39048	2.64394	3.97808	4.04197	2.75727	0.745083	3.08135	2.12403	0.151027	1.73056	1.66306	5.55727	8.35181	7.10427	5.42259	6.57651	8.71066	11.5755	7.22923	3.72068	6.15825	4.04132	0.305802	4.66129	7.31198	7.85759	5.44113	4.17509	3.77845	3.85034	2.82222	2.71128	2.33192	2.60401	1.45204	1.83668	1.84196	3.87026	4.15405	1.26839	1.35635	1.14709	1.66171	2.58624	4.40189	7.29099	7.62445	3.79783	2.45098	3.17797	1.51974	4.63515	4.29345	1.62965	6.27165	7.00644	3.25218	3.42976	7.9381	5.40469	3.31633	10.3757	6.31313	14.3816	14.2843	13.6756	14.1924	14.2937	6.34317	8.71686	16.253	15.3721	13.7655	7.24425	4.34517	13.887	6.93623	6.50761	6.00418	4.18597	3.78119	6.47971	8.23411	12.3419	3.67731	15.6766	15.99	8.74581	7.54022	11.5242	15.9357	14.5375	14.5809	16.4856	17.0728	20.5398	23.5487	18.2223	8.27815	17.8656	10.8097	15.3088	6.63076	26.2597	33.0958	37.6738	39.802	33.6419	33.705	38.1678	33.018	26.918	11.5507	14.3045	7.79138	13.9313	10.3419	6.67314	3.04303	25.7097	34.7	11.7492	25.3901	39.7854	41.1272	34.9611	26.122	14.0679	11.0975	11.0452	8.79462	0.860935	7.01696	4.3664	7.71056	4.16104	1.75259	4.50528	1.40384	1.33705	1.52571	1.96707	2.27253	3.59984	2.16899	1.89779	4.44814	5.66813	6.01906	5.83611	6.97751	7.55512	7.23983	6.53406	6.69802	5.54673	2.74137	2.01927	1.4535	0.399012	0.337715	0.604096	0.365598	0.367452	0.259835	0.776517	0.440323	1.7248	2.71954	1.1276	0.234944	1.0697	0.733957	0.498614	0.439803	0.350293	0.580981	0.599546	0.590712	1.8619	12.7943
7.15949	6.60583	19.8644	18.6268	15.9508	19.7851	6.24939	1.54614	0.932681	0.420636	0.760389	1.32392	1.85675	2.20014	1.62601	2.72356	0.951335	2.67582	4.06304	3.25891	1.94771	7.12159	4.82365	10.842	15.9702	7.50652	4.37779	7.73243	9.10334	4.39123	4.31547	3.1356	10.5311	20.8132	26.4435	25.3488	15.0257	3.58793	10.4852	32.2094	31.1247	16.2929	27.0683	12.066	6.46485	5.03376	5.04767	5.35137	1.5748	4.94199	8.06787	9.49381	7.66438	5.25915	4.98912	5.95927	6.2565	6.70956	6.93335	5.12604	1.47699	1.73922	4.13645	3.90566	5.87523	2.09154	4.61738	6.14523	3.92062	2.06901	1.24373	3.28901	3.83764	4.62305	2.30843	4.26615	5.14293	4.88477	5.64538	10.0678	15.4843	17.4032	14.5234	8.69269	4.23116	1.6715	1.26958	2.45674	2.08446	0.560496	1.70909	0.737555	6.66661	11.014	8.9815	5.65165	3.76101	5.7748	7.46687	7.87549	6.01369	4.06259	2.16101	0.953226	2.56998	2.54161	2.12288	1.69314	3.40539	3.45382	2.73342	1.94672	0.993308	1.20823	3.99807	4.18322	3.63788	3.62083	4.1217	4.15273	3.65262	2.23445	4.15519	7.07524	4.23586	2.2688	5.19869	4.15806	2.64475	6.47059	5.10624	3.22816	4.39763	8.03557	8.51445	5.71297	13.0426	14.1258	5.4132	14.8541	16.5013	15.0438	9.33465	2.46705	14.0961	12.8356	7.43576	8.91837	9.03235	10.2289	2.36931	10.2854	9.68998	2.51283	1.37058	3.92234	7.68839	12.994	6.96006	7.58415	13.4305	9.27699	8.48219	14.997	14.6619	6.4357	4.45442	4.72857	10.0896	9.03121	10.0206	13.5255	18.5631	1.8593	17.4158	20.1699	14.9244	28.0501	19.9887	9.09089	7.04489	23.8568	31.0416	35.5381	29.1878	17.2197	15.7371	9.28802	13.6955	6.44271	12.9665	13.0017	6.44723	11.266	27.1938	30.3347	38.3772	39.8579	34.7385	28.0175	18.5944	12.6266	7.78251	6.51539	6.28468	7.6251	2.01197	7.73058	4.39946	6.20136	5.40503	2.07218	4.60589	2.66747	2.02828	2.61266	2.24882	2.83137	2.2754	3.37012	1.34931	1.76379	3.55478	4.54161	5.00635	4.8642	3.18425	2.31857	3.67663	8.90086	7.88906	1.08242	0.472699	0.170835	0.425484	0.172166	0.377783	0.367381	0.162634	0.51294	0.257133	1.66573	2.62574	1.80864	0.344329	0.46832	1.4868	0.875477	0.966802	1.01509	0.854384	1.1371	1.8522	2.52918	10.9928	31.9801
16.8445	22.2566	16.4336	10.8535	8.51726	17.0524	5.27581	1.80658	1.56982	1.09772	0.668697	0.64084	2.79469	4.65191	5.13502	3.36066	0.67515	3.87908	5.1989	1.01693	6.30929	3.51434	4.49056	11.9475	12.0289	7.89192	9.36266	9.95217	5.88084	2.24228	6.62008	15.2305	17.423	22.2804	27.3383	21.2816	13.0238	9.13945	0.365453	22.0778	30.5329	22.9467	26.696	12.0335	7.68187	6.39856	4.13131	0.709701	5.52828	7.19692	7.85004	7.7846	2.84609	2.82903	6.30383	7.84002	8.3926	7.81765	5.69887	5.21237	2.38986	1.57439	4.01011	3.04917	4.34989	5.16484	3.17813	1.91708	1.35095	2.70428	2.15587	0.474061	3.28807	3.92852	0.249904	4.17477	3.72092	8.38686	14.8796	15.037	11.2458	7.76356	11.3363	9.63301	5.84181	3.98621	2.75647	2.38172	2.93463	4.17309	3.30431	3.8684	1.22281	3.4433	4.17614	5.20584	5.10577	6.22542	3.4327	0.630822	0.952083	1.79312	2.89853	2.88155	2.83654	2.96875	0.757202	1.66338	0.954047	0.648279	0.926169	1.26149	5.4144	7.63609	6.01747	3.93764	2.63952	2.60495	2.78597	0.941544	2.30043	3.6523	2.79987	4.38454	2.28363	3.08389	5.11184	4.14023	3.03789	5.3453	3.58724	2.53693	3.39735	7.37006	12.0858	7.72179	8.54263	16.4562	11.2487	3.90553	4.37915	5.63162	4.57809	10.0035	14.7591	5.76701	5.83001	11.8589	11.3547	5.13173	11.5315	14.1525	13.2168	13.604	9.90383	8.74561	5.61879	8.04574	8.51136	5.93682	7.66556	7.83118	2.41135	9.53235	12.8831	9.75697	9.24942	8.1558	7.77645	14.1745	11.6474	7.69367	13.0676	9.8764	10.0202	26.5563	23.3325	16.8251	27.5851	32.78	28.5513	33.0298	15.0699	15.3489	12.5197	11.4429	13.4097	5.74665	11.0144	6.45087	11.1508	11.4732	9.11645	12.2881	25.1204	27.0769	29.2398	22.5433	17.3573	13.8318	9.61641	5.0985	3.0433	2.18975	2.47547	6.24244	3.09397	8.20503	7.85385	5.22922	5.07012	3.04749	3.2003	3.42747	1.8832	1.58663	1.97751	2.95464	0.85877	2.53261	2.4752	2.95893	1.18182	2.37193	2.20646	3.2041	3.2243	3.58382	4.83342	7.04044	7.97095	2.73956	0.657699	0.507493	0.249904	0.301935	0.320965	0.362942	0.259735	0.337569	0.580764	2.24465	1.51067	0.196838	0.593216	1.36167	1.5125	0.902982	0.528615	0.923652	0.590522	2.11265	4.22838	9.85544	27.1132	39.2814
3.53067	6.27489	10.1609	13.9344	11.4938	18.7057	7.71413	3.91261	2.60506	1.97574	2.56437	3.22451	3.49749	3.1283	1.85555	1.49084	1.28125	3.71568	4.1891	5.37637	3.87283	4.44618	7.5999	9.71248	11.108	10.8905	10.9863	4.80271	2.28209	4.29788	15.6221	18.2766	22.7736	23.0571	15.3148	8.82821	15.3434	15.4973	5.03735	13.8942	21.7111	7.55916	15.2794	8.3312	4.10125	0.277495	2.44353	4.51064	4.72818	3.11466	4.79348	5.29379	3.42429	2.83258	2.89448	3.44573	2.36897	2.21577	2.79481	4.45874	7.16807	7.02715	5.5753	5.78497	6.01506	8.4898	5.72233	6.81159	5.72982	3.00593	2.30853	2.88218	2.21891	2.32336	0.153926	4.08019	3.67473	8.57209	9.17529	2.22572	5.69876	4.97824	6.08256	9.60266	8.36511	7.48056	5.94947	5.53173	5.24978	2.95721	0.8498	3.10885	2.47048	2.89205	2.03596	1.0183	2.12269	3.21953	2.7483	3.24974	2.9411	3.10333	1.58508	2.3129	3.21743	2.58336	2.54423	5.54261	6.75212	7.57582	7.12445	5.89955	5.3618	3.4965	2.75683	3.68089	0.965211	2.46908	1.81125	2.37715	1.32478	1.19063	1.51761	2.91935	3.5736	3.96773	5.78428	5.41865	1.85252	4.09167	4.10411	2.8947	3.08815	7.99297	13.5362	9.33353	3.17009	11.9681	17.0445	19.3126	15.2926	6.69239	6.99336	9.70258	12.5544	4.77989	1.60635	3.62732	4.9709	9.55429	12.0506	7.31207	1.5666	7.21644	6.9075	2.39745	8.17353	12.2177	12.7315	9.62497	8.01472	3.14156	10.6125	13.7593	18.7312	15.3423	15.1098	14.4348	18.9618	16.3087	5.03322	7.82997	14.1196	18.287	5.48402	24.1268	30.3712	20.4207	11.904	13.6102	38.6794	33.8661	14.1585	6.25311	8.4812	11.9408	9.19421	9.33695	6.95599	2.71109	6.8816	10.6335	11.5286	4.29968	13.3302	1.02652	9.46074	7.74244	8.58845	6.37944	5.65306	6.88287	5.2806	6.24718	7.42999	6.02661	4.26894	1.07742	3.32875	3.77477	4.85574	1.80533	2.83675	2.4569	2.51521	1.31653	1.01761	2.41528	0.747387	1.90912	1.73112	3.95116	0.896755	1.48012	1.71409	4.15511	3.42999	3.04978	2.93114	4.34254	6.22446	3.38522	0.941362	0.202505	0.450291	0.582618	0.214526	0.320904	0.452812	0.437995	1.62693	2.25668	0.779014	0.491417	1.11989	1.18548	0.632123	0.512743	0.803504	1.05366	0.950937	2.47624	4.84188	12.9931	29.7615	27.8679
18.127	21.4645	19.6898	14.2207	12.8307	23.3215	12.1013	2.86199	1.50912	1.53349	2.19886	2.56547	2.35421	2.08937	0.688216	1.90074	1.30372	2.66481	3.14804	2.54532	0.90441	7.02878	10.0966	12.1651	12.1709	9.92935	7.38956	3.61576	5.23431	9.27774	20.2206	13.5775	6.33611	9.52039	20.9193	20.9641	19.6811	19.2406	6.83505	9.26374	21.6948	10.5561	18.1826	12.6371	6.08465	4.69891	2.89919	4.03809	3.61911	1.65706	3.51333	3.2642	1.31901	2.36022	4.13371	4.69881	4.97999	4.53053	1.03429	4.67041	7.44682	7.23509	10.1765	13.8067	10.3497	12.9439	7.17615	7.21162	6.76605	3.44643	3.71665	3.16006	3.36566	4.1991	2.61666	2.38898	3.19861	8.82277	10.0056	2.01693	7.70079	11.173	7.75847	7.72098	6.26943	6.30009	6.37591	8.8172	7.89796	4.87672	0.900351	1.80295	3.366	3.18773	2.3183	2.26438	4.33936	5.24527	4.0053	4.15086	4.33495	4.38289	3.27003	1.7744	1.46419	0.610397	5.59264	8.02129	8.2146	8.92365	7.29438	3.27301	1.10968	3.27825	1.37162	5.49129	1.66616	4.36678	0.730606	3.27035	0.367171	0.280709	2.87121	1.20181	4.87253	3.44485	4.73622	6.21985	2.40617	3.20087	4.77225	0.657419	2.56165	9.20829	12.935	11.6738	5.98026	10.3572	11.7722	13.6339	15.5665	8.01429	3.66212	6.7233	10.4374	9.32545	5.72498	6.14954	5.94619	9.16569	10.5676	2.49931	6.98109	6.0728	11.1182	14.9876	12.7822	10.8162	11.9858	10.9423	10.6657	7.80502	15.7041	11.5356	6.02385	5.37078	12.6871	19.8131	21.9073	20.1866	15.9728	9.312	1.11398	13.2101	16.2977	12.5624	28.9827	27.1655	18.2404	39.8197	41.4469	25.4676	12.766	8.78787	7.76129	8.87912	6.99852	13.3107	5.82252	2.68755	5.50175	11.5185	11.8703	4.01252	14.386	3.64683	11.8839	9.11214	2.12731	1.58536	2.71524	4.5282	5.93249	6.27096	4.50007	3.67121	2.65435	1.18313	2.12056	3.50436	3.54469	2.45511	3.65153	1.28047	2.91511	2.03071	0.468048	2.56373	1.0818	2.9757	3.47557	3.61359	0.481498	2.0886	3.73197	4.51163	2.36802	1.66161	4.16487	5.8676	5.49967	1.97652	1.11984	0.836911	0.372729	0.36343	0.519694	0.426849	0.72842	1.16823	2.28877	1.32315	0.196763	0.954343	1.39351	0.927529	0.523203	0.280714	0.832564	0.61927	1.68995	3.46614	6.26122	13.8036	25.0498	22.7904
7.94632	5.29058	7.60337	7.95264	16.2299	25.034	12.1006	1.99228	0.523105	0.926359	1.07968	0.528276	1.17363	0.70445	1.58321	1.58566	0.563312	1.58562	0.926336	2.43617	6.01401	10.9618	13.1793	11.1695	9.19019	6.04762	3.0035	4.3957	6.64736	10.3404	12.5116	12.0028	23.1576	25.131	24.0233	21.8909	28.9557	22.1919	5.83801	8.62252	25.6341	9.85915	18.0484	13.2576	8.09664	7.43934	5.49262	1.75349	4.82011	4.19153	3.28149	3.15396	2.94331	2.48984	2.42503	3.28335	4.10586	2.15955	4.34144	6.73382	3.53095	7.49642	13.7467	15.5126	6.10393	14.8	10.9574	9.42485	12.0315	8.8175	10.9922	13.2137	10.1048	6.88859	4.75023	1.09	2.77312	8.64526	10.8714	8.38645	9.64496	1.64851	11.8236	10.2301	6.14689	1.17366	4.23705	5.71877	5.29396	6.97131	4.26632	3.49841	1.96658	1.2078	2.25581	1.46068	0.797223	3.71575	2.1855	2.38439	2.87978	4.19204	2.66526	2.20341	1.74673	3.76768	8.0076	9.51969	3.63273	3.01855	5.01311	4.45261	3.99996	4.35808	3.40516	5.38756	2.40331	5.14513	2.47818	3.83649	2.24101	2.98733	1.74929	2.7653	4.54983	1.51884	4.24087	3.85509	2.10599	6.03455	9.14708	6.94984	3.96401	9.40732	12.267	14.0708	9.501	1.47081	8.47591	13.7329	12.5751	6.75045	1.6706	6.37661	7.24287	6.6136	9.59641	5.50103	6.37214	10.6477	5.62481	7.41522	7.23458	8.04859	12.0856	12.5358	8.89576	15.9205	19.2129	15.3266	13.4232	15.5227	14.0423	7.3315	6.5301	5.15356	3.9175	3.61641	3.18273	1.60122	10.0988	16.8359	14.4533	3.8954	20.2832	11.381	12.4965	29.2454	33.1999	36.506	17.1514	9.01488	3.86099	5.14899	5.6087	2.40547	9.23162	11.9064	3.9948	4.81579	4.80511	9.8892	12.6075	3.72596	15.1457	4.56145	9.98913	8.36647	5.65639	6.21764	6.14489	3.05108	1.6061	2.22975	8.1268	9.16241	6.30148	3.6576	1.45394	2.22261	2.74517	3.87037	4.57909	2.64897	2.19422	3.08128	1.53313	3.22539	2.58723	6.24949	3.03185	0.980798	3.77056	3.9554	3.65403	3.90083	1.69007	3.46297	6.5967	7.99537	5.03475	1.55866	1.14892	0.641543	0.877166	0.661797	0.64188	0.900191	1.22136	1.73261	1.93268	0.407656	0.286272	1.66017	1.5898	0.841674	0.98355	0.857726	0.900424	0.412111	3.70032	10.3608	24.8215	31.9636	27.091	11.361
3.36087	11.3456	8.19682	10.0619	27.1609	22.0903	7.48834	1.2601	1.02592	0.749387	0.683003	1.21754	1.52646	1.7707	2.71421	0.782669	0.520804	4.12705	6.59778	9.32932	10.6241	11.6229	11.5706	8.70762	6.74311	3.95862	1.02574	2.91488	2.77497	6.47125	10.5997	20.3475	21.3091	12.4872	4.57361	17.8758	33.9248	22.915	3.87333	8.43569	23.3649	12.4517	12.8898	10.1012	6.54307	5.40178	5.97039	4.91692	2.53069	6.4535	5.164	4.40751	3.75447	4.8151	5.82652	7.17393	9.89931	9.8706	10.093	7.80007	2.88802	8.90476	11.7833	14.7827	14.07	6.64456	14.4288	10.3144	10.7256	9.19997	15.8738	19.9781	19.2383	13.0932	6.62035	1.11659	1.15464	9.46329	11.616	10.0103	13.4352	16.6242	15.692	8.11864	4.06327	6.74177	5.13286	1.85739	8.18699	7.88418	5.01461	5.67943	6.77615	7.21247	6.87503	5.8579	3.58256	4.22992	4.53823	2.3976	1.70306	3.13818	2.35089	1.91693	2.00429	5.50867	8.47485	6.05981	3.57875	5.91228	5.50814	4.79763	1.10921	1.7695	1.48544	4.72759	3.13593	3.96205	5.10782	4.3057	2.82188	1.10944	3.80798	6.69099	4.34156	2.1248	2.90272	1.88513	5.65831	8.86487	9.61802	8.54269	4.81126	15.0417	17.6322	15.7964	7.68021	4.15858	12.2813	14.4278	8.61463	1.64573	5.53082	7.52332	6.96686	4.29382	8.99673	7.23491	6.04123	8.60464	6.74703	11.0413	6.93505	5.62862	7.9612	12.0601	12.005	12.0093	14.5084	18.9646	19.0873	20.5947	18.9269	13.6328	8.285	2.21985	5.79187	10.5839	11.2789	12.8098	13.8662	5.40358	16.531	9.67479	14.7032	17.185	6.93587	20.7508	32.0233	21.9884	5.86328	5.61902	5.85655	6.70339	3.67925	8.30098	12.4464	7.14441	1.84119	6.22989	3.94544	6.29162	13.5131	1.20813	12.0205	9.74471	8.44329	3.66051	2.26871	3.79703	4.19474	3.84908	5.58173	8.44516	6.47986	6.32196	7.94115	8.31332	6.31327	4.926	4.62642	0.574409	5.15455	6.06143	5.12478	5.40397	6.23546	3.75827	4.35912	6.18915	2.34554	4.4175	5.30934	5.83207	5.60318	5.59434	6.00318	8.14975	8.64113	6.17919	2.87016	0.704334	0.377445	0.491136	0.740555	1.32629	1.46929	1.18557	0.965882	1.53584	1.30115	0.988219	1.59854	2.14304	0.874621	0.320018	0.257774	0.661329	1.14095	1.134	10.3945	25.3144	40.9443	39.8397	34.0498	26.9718