1.58059	14.2577	18.6332	5.61951	16.3001	12.6126	9.56204	9.73197	10.4396	4.26098	2.28814	3.53929	6.28334	8.36402	11.0886	13.3543	11.2632	9.80458	4.69535	2.40709	1.72587	2.421	2.33811	1.40886	4.11381	3.84995	4.20887	4.41187	0.614118	4.58827	1.3096	2.48735	3.60567	3.89616	1.85497	0.913559	4.99241	1.23361	3.79675	2.46635	2.97643	2.00096	2.46131	1.89949	0.942172	1.71351	2.18608	7.71115	11.725	6.66894	3.61563	2.15895	4.58675	8.37541	0.427789	5.06333	5.06697	7.33592	4.73031	4.18201	4.249	4.66858	4.04541	6.26968	7.17812	0.0817864	6.71826	3.42504	1.82986	1.81316	2.93646	4.65629	2.14252	4.05305	2.06712	8.0407	9.7432	3.04944	6.51177	8.15731	9.01975	9.29903	9.08622	7.17533	3.99939	1.47636	4.63445	5.42101	5.88596	6.27192	6.45091	3.60068	5.23667	8.43803	8.6954	8.77154	8.55068	6.80481	6.61217	6.45762	3.10506	2.28183	6.23936	11.3991	13.8039	1.5031	11.7652	12.7152	11.2868	3.78735	9.65708	10.4262	8.76036	4.62236	2.51699	2.52677	2.52754	2.13967	5.59814	5.94905	4.85392	1.72113	6.57881	10.4747	7.99237	4.62705	3.39179	2.56229	0.485869	2.66524	2.48495	3.25542	4.07747	3.40483	1.58167	0.562543	1.56174	1.81384	1.79119	1.51167	1.43936	0.925003	1.4025	1.21311	1.6273	0.996878	0.947705	0.56746	4.32736	0.886802	6.03057	4.60365	1.44076	0.484126	1.39031	2.41739	1.13131	1.93475	2.63391	1.04317	1.0761	0.9057	2.32047	3.16177	3.20793	1.33434	2.35232	2.697	1.0127	0.955117	1.31	1.99032	2.67894	2.39737	2.03189	1.33483	0.190671	1.13034	2.32789	3.73342	1.45687	4.41629	3.53191	2.01696	3.05885	5.47654	3.41535	0.777569	2.14992	1.49877	0.827569	2.25759	2.32968	3.47467	4.63744	4.60801	0.625691	4.93618	3.01709	1.73262	2.90391	1.37669	1.71374	3.54638	2.18103	2.18605	2.18207	1.9997	2.10943	5.13652	3.201	2.22087	4.32572	1.54463	0.699243	2.24178	2.20775	1.65999	2.58451	2.42448	2.07491	1.73984	2.51012	3.1985	4.54399	4.18841	3.38349	1.73357	4.90534	6.22546	4.16978	3.12493	4.89165	5.61954	5.87327	6.249	5.71293	4.9509	4.23312	3.39824	1.57365	2.53653	4.20156	0.998841	1.50625	1.61699	1.49286	1.49389	1.39729	1.66865	0.940827	0.822899	1.93943	1.97389	3.0063	5.23186
16.8059	17.326	4.13399	15.562	18.4588	20.5227	20.6388	17.9572	15.6723	12.0824	9.1577	5.77227	7.28393	7.03949	3.82218	7.72694	6.93335	4.0033	3.00768	3.25957	2.77107	2.13277	0.663625	2.30035	3.35857	2.40843	2.67364	3.98646	2.12789	3.96796	3.7228	1.25067	3.26202	3.5294	0.97175	2.44245	3.81905	0.699227	3.60514	2.1271	1.0176	1.67124	2.98164	1.94259	0.449858	0.965892	4.14191	9.95994	9.25822	0.846678	6.53435	3.97637	2.65356	9.54434	7.15074	6.4402	4.89544	7.33984	7.89132	5.25494	5.54349	7.80237	8.87718	7.60992	6.72472	2.34228	5.61163	7.42354	7.94056	5.63294	2.52561	4.28392	1.40159	4.42151	5.13117	9.33591	3.56196	3.5194	3.49709	1.77283	2.02242	1.52768	1.81377	3.20747	3.93485	5.42751	5.19365	6.558	9.21469	11.2066	11.726	10.9407	4.64632	2.90204	4.40674	6.56643	5.35875	3.95736	7.61829	7.30528	3.39611	9.6279	10.3805	9.6059	9.63143	3.35665	15.1955	11.0882	11.6731	11.4677	3.5163	2.08249	2.38239	4.30991	5.22184	4.79162	3.04418	6.43251	7.27216	6.96883	4.7549	2.71835	7.40921	7.36979	3.50393	4.10534	2.69444	2.28769	2.65537	2.06107	1.69977	1.5169	2.46182	3.42674	2.99613	1.67434	0.193339	0.73675	1.06521	0.892074	1.26469	0.930316	1.14246	1.15821	1.59636	1.11695	0.833811	0.266463	3.88463	2.78732	5.89603	5.28528	4.2547	5.70853	4.66705	4.22983	2.70483	1.4894	2.13208	0.85231	0.381364	1.97081	3.40509	4.11517	2.72604	2.3705	3.06398	2.43305	1.35187	2.23238	0.998444	0.563581	2.33564	2.29902	2.20109	1.71699	1.09158	1.20566	2.44463	2.91068	1.73774	4.20489	2.40652	3.40233	1.50903	3.23797	4.41522	1.18285	1.0302	1.1467	2.60576	3.16306	2.53185	1.89366	4.20332	5.35968	1.3669	6.0447	3.06178	2.23546	2.84249	1.16598	1.84045	2.33248	1.32227	0.940837	0.80665	0.96642	4.086	5.00009	1.31803	3.18648	4.34976	1.06773	2.06486	1.44372	1.19255	1.82898	1.26619	1.68481	3.40908	4.16452	4.38249	5.2166	5.25677	2.36687	1.91703	3.83681	3.14846	0.444681	4.43997	5.90481	5.74329	3.92565	2.55541	2.77378	3.43877	3.33108	2.84489	1.39332	1.97036	0.992265	3.52607	3.0065	1.80246	1.86798	1.30426	1.46693	1.78399	1.26123	0.457308	0.854397	1.3438	1.9749	0.626632	4.00145
17.6985	7.06525	18.7782	15.4389	9.0814	7.50682	8.51905	6.35271	7.06463	5.80424	3.71015	4.25217	7.26922	8.00932	3.49165	1.33762	3.17372	2.493	0.339669	2.36713	1.91164	0.679706	1.14837	2.03653	3.15679	2.3997	2.79361	4.24091	2.12212	4.00638	4.25023	0.573891	3.16957	3.96296	2.77905	2.46185	1.22741	3.00621	4.75781	3.02557	1.23044	1.96393	3.72864	3.27627	3.1891	3.34197	3.82916	11.0217	5.35307	7.2835	9.00549	6.88688	3.23605	5.64919	5.3913	1.34854	1.5344	0.544155	3.20967	4.87728	5.50022	5.02852	4.19491	4.29326	1.89314	1.78859	0.630288	2.83833	5.42068	7.61591	5.65326	4.11992	1.98617	4.22477	7.72233	4.02268	4.77686	8.35678	7.79797	7.16792	7.68992	6.99211	5.55061	7.1908	7.94105	6.88548	4.15335	3.90519	6.16869	6.28962	6.40237	9.52516	9.54233	5.33214	2.71057	9.60279	8.6976	6.71102	7.16848	5.3428	4.51702	7.0668	3.98365	6.50858	9.55218	2.07051	17.1298	11.9174	1.97106	7.24963	9.52003	10.1542	10.3004	7.60646	4.0805	4.80643	2.59704	6.90684	5.47906	5.6031	2.6766	4.2843	8.93638	7.19858	2.95379	7.82751	3.5412	4.79648	4.27699	3.55286	3.7542	3.34126	2.53752	2.26024	2.21831	1.24298	2.02579	3.44296	4.39178	3.75641	2.73608	1.22138	0.700035	1.27236	1.69074	1.676	1.30877	1.63314	5.26883	5.1673	6.70023	9.24351	9.653	6.04284	3.57849	3.7072	2.7853	1.41269	0.681782	1.39515	1.7543	2.30041	4.07981	4.62872	1.5791	2.96253	3.13229	3.07022	2.97175	2.54254	1.89211	1.25168	0.807223	1.23024	1.40841	1.726	2.3007	2.85916	2.34648	1.34281	2.62576	3.46857	0.822563	2.81981	3.21741	2.82335	3.23396	1.84523	1.06014	1.80738	2.86888	3.45923	2.97149	3.99459	5.55944	4.52019	2.07781	5.88408	3.30485	2.47365	2.54973	1.01264	1.85217	2.20342	1.4312	0.805334	1.23	2.9019	4.72487	2.84518	1.79463	3.35051	3.45711	0.587494	2.55224	1.79164	2.66495	1.63753	0.621312	2.7248	3.79472	4.60374	2.74066	2.13607	1.89192	1.54503	2.90428	1.69509	1.72293	4.57125	5.26795	3.7236	3.45944	5.49763	6.44119	5.83393	5.53534	4.70638	2.75552	2.70779	3.36665	3.01088	0.566198	2.73258	1.48307	1.25454	1.04029	1.43222	1.62781	1.01729	0.504385	0.978535	0.765629	1.2902	2.195	0.869752
5.68252	23.0541	16.5782	9.84267	0.710028	10.6325	12.7915	14.5249	17.2995	17.3148	13.0211	13.0392	11.8226	8.38177	3.6572	1.30646	1.7274	3.17401	2.82813	2.84311	3.81891	3.3708	2.79698	1.95374	2.40008	2.56145	3.1571	4.37975	1.30494	3.89924	3.66598	0.804541	3.18273	4.05165	2.51551	2.71146	2.51077	3.35272	3.91136	1.71285	1.82492	2.65237	4.21194	3.4953	2.83964	4.71088	5.91154	10.8928	1.58554	10.7374	6.02945	6.13517	9.45817	4.91341	5.91881	6.49069	5.48572	4.93871	1.88022	1.82173	1.68559	2.15978	3.35565	4.57735	5.4775	5.80372	5.2881	5.3568	4.1863	1.55094	5.92794	4.89055	3.7309	3.38538	1.72151	4.75466	8.0435	7.76662	6.6156	7.14011	6.90661	6.53637	4.19353	6.02786	5.813	5.21318	3.0215	2.23106	6.15893	3.1302	1.87198	6.94342	8.21279	6.92454	1.66306	9.81289	9.70565	6.34187	5.32345	4.28237	4.92629	8.80146	11.1239	11.2077	13.4843	4.24092	15.6399	14.4015	10.8146	6.21876	3.04657	7.05473	8.32977	7.56306	5.92168	5.24699	3.111	5.88672	5.42762	4.59952	1.35567	5.06827	8.33565	7.62394	1.91394	9.59502	4.24224	2.50367	1.64138	0.424777	1.6164	1.10299	0.741467	1.71859	1.73031	1.44362	3.47371	4.41462	5.68832	6.6578	6.20185	4.61218	1.86469	0.272712	0.725658	0.886487	1.20137	2.41399	5.53165	3.78731	1.46583	7.06687	8.29566	8.80007	5.1162	4.32032	3.48107	2.54121	1.51085	0.151767	1.40062	2.93596	6.26837	4.27431	2.44131	2.47204	1.098	2.13612	1.20439	0.220464	0.866926	1.4437	1.00942	1.53206	1.18772	1.99734	3.40662	3.12993	0.449439	2.6086	2.3777	2.13156	2.42792	2.65698	2.86116	2.05256	0.535136	2.37899	2.38682	1.91176	2.55536	3.73406	4.03861	4.47441	3.89467	0.191522	3.79425	4.25537	4.18012	3.1532	2.6333	2.26931	2.21064	2.67096	1.78514	0.62593	1.9997	4.09126	3.7948	0.671319	3.34367	3.30571	2.11148	0.394511	1.83383	1.74547	1.76151	2.46447	2.36901	2.6218	2.2332	3.8384	3.75101	2.85353	3.90566	4.30902	2.40477	1.79433	3.45441	2.7464	2.0088	3.5917	4.53652	4.31505	4.12904	4.84451	6.27417	4.46973	2.68251	4.04464	3.37023	4.01087	2.21929	0.606454	1.27173	0.433277	1.76458	1.79872	1.60633	0.932749	0.313613	0.63361	0.813976	0.706568	1.79218	2.83976
10.8032	24.2733	18.9947	14.466	11.0175	12.3312	16.2433	15.8537	15.5845	17.2559	12.2658	7.84493	5.51569	3.92174	2.97107	2.28197	1.44892	1.71999	2.45975	4.48992	4.86693	3.9386	3.63062	3.04939	1.83635	1.79444	2.94421	4.13406	2.02747	4.32863	3.17094	1.02662	3.04559	3.43212	3.44924	3.82761	3.44639	3.01067	2.63955	1.03996	1.33542	2.71861	4.2354	3.60174	3.92111	3.96429	7.08298	8.37346	4.31456	10.6394	4.09519	3.87311	8.68949	5.17375	8.16567	6.72711	5.36399	7.35041	4.13204	0.96948	3.96419	3.11944	2.32306	4.10718	5.97791	4.82949	4.64506	5.02247	6.08985	6.53988	1.0099	2.64772	2.14244	4.73912	7.45964	6.01798	4.92218	6.22012	3.51053	5.77304	5.84149	7.09789	5.77087	5.55256	2.9728	2.7526	2.66986	1.74485	5.13835	2.63699	2.74564	5.42734	7.56531	6.25347	1.63132	4.74966	9.94918	12.0409	10.3563	9.11542	3.11615	4.28549	4.58588	7.79114	13.5916	8.41627	9.86433	16.5213	16.1706	14.5153	10.2673	4.15017	5.65805	3.18145	6.66848	7.29217	6.15664	5.87144	3.27269	3.806	4.87426	7.66307	8.97178	6.28403	2.55279	8.25406	6.11829	0.85822	4.03567	3.33498	3.42431	2.16951	1.54323	1.41996	1.41491	3.71535	4.2532	4.72396	4.09385	5.10159	6.71682	7.41408	4.78247	4.68185	5.3963	5.07492	2.85262	2.80021	4.75381	3.53289	3.89411	6.13896	5.19138	10.9056	9.00371	6.89889	5.29769	5.20513	4.67248	3.53665	1.86975	3.47205	8.56368	3.5977	5.06213	2.34422	1.68739	0.797498	2.18703	2.90811	2.65173	2.09462	2.33214	1.79176	2.05034	2.59824	4.25035	4.1188	0.569211	3.72463	1.40909	1.58252	2.69254	0.412057	1.66301	2.40696	2.7033	2.9584	3.60198	4.08402	4.48655	4.95677	5.38517	4.25208	0.742483	3.68916	4.59649	3.33429	3.21665	4.30394	1.11874	1.41171	1.40597	2.53529	2.40133	2.12151	3.53571	4.67837	2.05327	2.7999	4.61935	3.17989	1.50171	1.04664	1.1732	1.70542	0.302373	3.87916	3.32631	1.40094	0.870788	2.88741	3.54765	2.30277	3.77425	3.69833	2.57536	2.80126	3.51081	4.27788	4.19062	2.45008	1.97795	3.41594	4.42349	5.42172	6.08832	2.55768	3.13908	2.64106	2.54999	3.498	2.64011	1.35355	1.493	1.56486	2.0874	2.51999	2.16856	1.10624	0.101488	0.105294	0.972524	1.60795	1.9025	2.69523
5.41869	15.3032	20.2531	20.5609	16.7114	11.7312	8.84826	6.055	5.46143	8.4916	4.43626	2.3092	2.90202	2.36699	1.43204	2.23844	1.90697	1.35738	1.67938	3.19924	3.10969	2.94869	3.43084	3.93148	3.14531	2.93131	3.7941	2.88287	2.3093	3.97887	2.3217	1.58182	3.03597	3.84406	3.91311	3.19308	2.52723	2.83818	2.50832	0.904124	1.50962	1.96325	3.90017	3.16211	2.98821	7.66134	9.16502	1.42965	10.7307	8.69873	4.4807	1.18247	6.97969	3.63283	7.18714	4.53094	3.94535	7.33756	4.35533	3.8812	6.07081	2.27735	0.42333	4.27343	4.23827	4.13008	4.51752	3.63507	3.82027	7.77207	4.85481	1.75645	3.68905	4.49079	2.94125	2.8361	3.94797	6.13495	3.19163	2.72306	1.78054	4.02234	2.16351	1.51927	1.47742	2.42853	2.29233	1.92291	3.71696	1.71456	1.30479	4.83281	8.34508	2.98495	5.89269	6.55491	1.65598	7.53024	11.8937	13.3431	11.1727	4.82782	2.9097	10.8015	10.7967	8.35041	2.42798	4.99373	7.40185	13.3238	17.8069	15.5467	13.9081	11.1503	3.32088	2.44865	3.96704	3.88386	2.67941	5.63523	7.86418	9.14482	8.26685	2.35245	6.71948	5.79531	4.54645	2.41427	5.54941	2.42036	3.81572	3.10692	2.18427	0.998038	1.26118	4.84805	5.67809	5.82877	3.80558	1.85918	4.09214	9.26227	9.32955	6.86762	8.55329	8.34445	5.97228	5.36986	7.26506	5.71304	6.26158	6.65608	3.52482	7.70886	7.32591	4.41273	3.85867	6.51304	7.19272	5.7603	4.35499	6.70568	8.68494	0.709753	6.01384	3.02149	1.83299	2.19225	3.41667	3.10864	2.9578	2.13915	2.15694	1.36962	1.94651	2.47023	4.11698	3.60132	0.717685	3.74999	2.69101	2.44504	0.718061	2.82904	4.07497	3.67724	3.5098	3.52376	3.98162	4.49695	4.2639	3.82646	3.89313	2.0985	1.9862	3.846	3.74818	1.7188	1.42324	3.53926	2.76451	1.44026	1.78286	2.71081	3.46938	3.45743	2.79642	2.85216	1.15056	4.84667	4.47514	2.44462	1.91415	1.649	1.40063	0.942094	0.598622	3.5076	3.37369	1.52399	0.68974	1.85965	2.34019	2.09677	1.96874	0.864612	1.98986	2.6565	2.63545	3.17167	3.38716	3.53991	4.05224	4.70227	5.3025	5.25692	2.72721	1.7778	0.482574	2.74955	3.43007	2.91553	2.66844	1.36958	2.12294	1.89177	1.67024	2.59158	2.53754	1.89056	0.323042	1.0565	2.51449	2.07132	1.70338	0.357353
8.58804	5.1861	3.8082	3.0408	3.28068	4.86063	4.362	4.84108	9.28989	6.84674	1.66367	0.979336	1.31017	2.58858	1.88391	1.00005	2.26222	2.55814	2.48328	2.65313	2.68161	2.52516	1.64861	2.37261	3.2113	3.54384	3.09853	0.535532	3.01888	2.58925	2.35422	1.95086	1.03908	0.522103	1.92027	2.76208	1.5005	1.1157	0.557033	1.75562	3.67168	3.7733	2.97328	2.86133	4.57614	9.90499	7.94167	8.00142	12.4168	6.17363	3.55271	3.16044	3.80789	6.30533	5.49092	2.16135	6.94382	4.42538	3.81127	7.24785	6.72708	3.72218	2.27291	4.66636	5.62261	1.1165	3.57629	2.87651	3.67918	5.91557	7.62869	6.41423	1.81663	6.21405	6.71135	4.63894	6.27296	5.89378	3.87127	2.0665	2.95425	4.99637	3.92415	4.2219	4.16671	1.91572	0.899271	1.7041	2.1724	1.38817	1.56817	6.47786	8.29393	1.28687	8.21183	8.18589	9.92177	4.65429	4.17828	11.2506	12.1785	7.68674	5.38081	8.99236	6.6629	8.48976	8.79347	11.8274	10.4807	2.32803	8.71706	12.0948	15.5658	16.6203	11.1865	10.8137	9.35876	3.69226	8.24199	6.1508	6.56702	8.63181	6.7057	5.14401	8.15524	2.67533	4.66828	5.35083	4.83784	1.39909	3.84229	3.58228	2.87611	1.14453	2.21536	4.5492	4.4301	4.15635	3.1602	4.02822	4.79974	8.19946	12.692	10.428	8.38715	7.34294	8.13571	6.17374	7.21687	4.98015	5.21502	6.74293	3.78485	8.36754	6.55355	3.3465	4.33756	5.34996	7.27883	8.09715	10.2466	11.2458	4.86653	6.20014	7.37608	3.96387	2.69536	2.81517	2.85257	3.01277	2.34257	2.81782	1.95418	0.866776	2.45224	3.4122	2.83427	3.14762	2.13971	2.95643	4.36804	0.57051	1.93147	2.83257	2.26574	1.71404	2.13069	1.57506	1.16956	0.962404	0.888963	2.03985	2.52375	1.85174	4.39704	3.97713	2.58517	1.85112	1.30695	2.14635	2.67348	0.947592	1.68279	2.65083	3.15537	2.30022	2.80209	3.82679	1.72249	5.04011	3.45245	1.90913	2.74037	2.39088	1.73361	0.461306	0.687889	1.74458	3.11982	2.99816	1.93126	1.18537	1.10396	0.726477	0.792486	1.67112	1.46249	1.30309	1.20817	1.80638	4.68049	5.06291	4.85248	4.8217	3.05768	1.9268	3.40359	2.56036	4.57069	5.44289	4.72455	3.29058	2.36997	0.449574	2.66532	1.35114	1.28589	2.2108	2.21001	2.32327	1.49516	2.15675	1.44328	1.19852	2.71848	4.9112
9.41512	11.3091	13.1671	12.5921	9.82899	4.34452	3.96177	6.17158	8.92514	6.2387	1.15793	1.05979	0.628695	1.28742	2.54824	2.93989	0.948884	3.09327	2.37099	2.35218	2.76628	2.26845	0.62556	1.0616	0.469317	1.45608	0.284462	1.75464	1.90966	1.34697	2.68839	3.32029	3.90782	4.1139	2.82753	2.14234	0.87308	0.668364	0.798898	3.01197	4.28844	3.46714	3.74316	4.36691	5.37897	7.92715	6.55874	8.64625	11.8189	4.18624	0.915471	5.08685	1.58606	6.37793	1.41363	6.90594	5.41467	1.4619	3.24021	2.63868	1.98006	3.1499	4.69059	0.817519	7.19739	3.45014	2.73402	2.98867	3.68892	5.00604	6.17645	9.38609	2.91375	0.990314	3.53177	7.99899	7.99455	5.15688	2.11367	1.71411	4.77105	5.70808	3.70802	3.35474	1.89574	1.894	2.05145	1.99454	2.0322	1.78172	2.16421	6.73542	7.02936	2.43508	8.94401	3.25671	5.64698	10.5318	3.79919	9.3337	11.7974	7.46771	4.03934	3.92189	4.94419	8.5413	6.19841	12.7646	13.5151	14.7576	7.34472	3.22637	6.31645	14.129	15.6524	16.8097	19.2571	12.4601	10.4725	7.49295	7.20505	8.63281	5.08197	7.7564	8.61112	6.18711	5.5742	4.2953	1.0863	3.68284	2.86733	1.99262	2.68365	1.98917	1.73484	5.23875	4.12498	5.48946	6.27289	9.49605	7.99382	8.22919	8.17779	11.1867	6.76222	4.92326	5.99324	9.24885	8.44338	6.48155	5.58591	3.29706	3.74781	6.92213	9.51451	11.0952	7.89455	5.08184	5.93732	7.67418	6.56767	2.0409	5.37416	7.70532	3.13734	1.7602	3.07334	3.5259	2.57193	3.19026	2.15179	2.64515	1.90212	1.11122	3.03927	3.2239	3.40962	3.9973	3.79796	1.13409	4.64458	2.13605	1.71483	2.5565	2.38746	2.20727	2.24824	2.64893	2.83091	2.2294	2.08482	2.38028	0.923051	2.59297	4.2098	3.14061	2.09556	0.357176	1.47962	1.83462	2.24437	0.498196	1.8537	2.98818	1.91005	2.34583	3.53716	4.5622	1.69602	4.208	3.52401	0.962896	2.16309	2.56896	2.23707	1.77281	1.55024	0.927692	1.71739	3.21599	2.30396	1.09971	1.16961	1.81694	2.38683	2.76771	2.59264	1.73974	1.27911	0.260328	3.9432	6.46323	5.87781	3.95462	4.1488	4.91434	3.18403	5.49771	5.98925	2.16099	1.25072	1.64643	1.95011	0.524405	2.61431	2.41181	0.876291	1.6259	1.91878	1.91907	2.24456	2.83819	0.76128	3.07116	3.35545	4.04993
10.3812	9.84009	10.9458	9.38003	12.3485	12.649	10.557	6.85993	8.17491	7.14606	2.54844	2.80909	2.50639	2.33952	2.50764	3.67142	3.18766	0.695398	2.01736	2.38213	2.01017	1.2766	2.22355	2.22549	2.22593	1.53429	1.16791	1.57088	0.372732	2.71163	3.29078	3.88837	4.50608	4.8468	5.28885	5.01744	4.27096	3.76511	2.35279	1.88731	3.48946	4.22136	3.20774	2.36656	3.30665	6.6041	8.80027	5.20721	11.8949	4.90643	0.265781	5.0062	3.15466	4.52111	5.40121	5.7611	1.23846	4.17284	2.25436	1.59816	2.44764	0.746287	4.29009	4.67196	5.2941	5.82798	1.88416	2.58529	2.91599	1.847	6.11507	9.27237	2.81015	3.71752	7.95189	8.73197	5.02562	1.8584	2.69923	3.85501	6.51047	4.85022	1.04661	1.7989	2.13314	2.01839	2.72225	1.549	1.69195	1.35618	2.18077	6.63377	6.89111	2.60262	7.11709	5.135	2.48515	9.48775	8.78655	6.06897	12.6927	10.2104	2.2705	2.93669	5.49457	9.84205	6.48043	9.16835	3.78431	12.1079	11.6237	5.26451	6.02921	6.92224	5.08517	6.52108	14.2735	12.4272	9.66368	9.6569	8.45553	4.01704	3.85028	7.89917	5.37678	3.30809	3.29232	4.6285	6.23993	5.66437	3.93652	3.355	3.37171	2.61583	1.58354	6.53077	6.3403	6.37083	7.93785	4.45068	5.31333	4.15268	0.649234	2.03227	7.44536	6.49741	3.52479	4.72181	1.5999	3.81789	4.65851	7.21159	6.25737	2.22148	4.8667	4.49871	5.62532	6.89122	6.89081	5.56246	4.37424	4.71401	3.39081	6.11961	6.59353	5.47188	3.57358	2.04527	2.80782	3.40751	2.15159	1.79278	1.65735	1.90367	3.24939	3.26558	2.85362	4.01772	4.47789	1.45223	3.3613	2.2358	1.16909	2.66513	2.72542	3.11593	3.33669	2.33888	1.75388	3.0176	4.00426	0.511673	1.85264	1.39312	3.10399	2.16146	0.231581	0.972518	2.27569	2.28157	1.96373	0.673563	1.96025	3.05283	1.91928	2.51681	1.74672	4.83336	1.88896	3.54952	3.17191	1.3024	1.74218	3.39735	3.11327	2.57657	2.26649	2.35751	1.90279	3.83576	3.40234	3.00582	2.87346	2.63134	2.63637	2.79306	3.40449	3.72433	3.50142	2.80029	1.94244	5.80057	6.00751	6.19758	5.78603	3.22217	5.58752	6.85045	2.61196	4.13942	4.81869	3.4937	2.82247	2.34047	1.92948	4.00213	3.63818	2.08192	1.40541	1.55244	2.34067	3.20598	0.904239	3.35516	1.20454	1.61183
6.5204	2.13639	2.51978	1.19726	4.43791	7.24222	8.57549	9.36522	9.75072	6.57435	2.91511	2.92421	2.76759	1.39442	1.95283	2.42179	3.0844	2.86083	1.58069	1.87883	0.50997	3.14708	3.2724	2.01287	2.41694	1.21051	1.56895	0.763379	1.75612	2.90094	1.22971	0.893158	2.15382	3.03291	4.7367	5.75468	5.75625	5.58758	5.15208	2.6085	0.869726	3.04613	3.40552	3.74251	4.95612	6.20309	10.5225	3.60762	9.43156	7.96746	4.11559	3.0892	2.71241	3.48421	5.29619	6.41112	4.0345	3.82057	4.38097	2.56529	1.26645	2.77301	2.28625	4.98324	3.19459	5.7146	2.4807	1.23117	1.75148	4.25856	7.75023	6.75743	2.34177	4.17724	6.01597	5.9083	5.20852	5.42405	6.16692	6.34634	5.37452	1.04634	1.5851	2.06656	1.40598	0.840713	2.18108	2.28747	1.14227	0.701209	3.7295	7.12375	4.55761	4.41254	6.38574	5.09939	4.99119	8.05456	13.209	1.39395	9.53476	8.15841	6.47912	3.82625	5.06319	7.53431	10.0142	4.30155	7.55007	6.37567	13.2237	9.40009	6.17592	11.0466	15.1308	16.0887	3.27491	9.87225	9.97809	3.69568	5.52357	9.33888	11.4348	9.6928	6.52853	4.75934	3.25468	4.11968	4.61582	2.13403	1.40655	2.71923	2.32964	1.04722	2.01973	7.42775	8.42178	3.83592	5.32326	4.68457	4.26497	7.31368	9.03002	7.26741	1.94859	7.78288	1.79876	4.26613	5.41843	5.99723	8.51408	8.37427	7.15922	8.33306	5.56444	7.17649	5.8997	3.21234	1.56813	5.31489	7.77796	8.12183	7.29166	4.90171	4.59103	5.34803	4.68527	2.7243	1.41815	2.04272	1.57658	1.9074	0.739347	0.901776	1.84318	1.59382	1.9653	2.81783	4.20336	2.39834	3.05782	3.11345	1.44698	2.36806	1.8431	1.52621	1.58215	2.10455	3.13446	4.38208	2.49789	2.87658	2.88463	2.20567	0.754446	2.79787	1.96884	0.729976	2.26664	1.82185	1.24555	0.796172	1.43724	3.12065	2.97405	2.52781	1.88243	4.84186	2.10626	3.07207	2.30991	0.65036	1.22035	3.09654	3.54043	3.02837	1.99193	1.9512	2.71427	4.79578	4.72104	4.00392	3.86504	3.99912	3.86982	3.29377	3.51691	4.51675	4.66798	3.82423	2.06087	2.96199	3.49097	3.51339	4.43239	7.45894	7.45179	2.555	3.26658	3.05725	1.71523	1.88586	2.72216	2.87703	1.46077	0.794846	2.66565	3.47273	2.58651	1.44264	1.59729	3.01352	0.264884	3.09985	2.24809	1.79827
1.11744	4.64665	6.12785	5.98785	3.48129	2.9925	2.13618	4.57827	4.91031	1.7413	0.98665	1.00996	2.46608	3.41629	3.31471	2.26158	2.09565	2.96984	2.46288	0.431818	2.63355	2.30695	1.5106	2.98844	1.24116	2.65343	3.08961	1.94671	2.38414	2.76441	1.1093	1.62191	3.12132	2.35716	1.15443	1.16721	0.834162	2.29621	4.30253	6.35006	5.83192	3.44808	3.49908	2.33301	0.998805	1.56864	6.90686	8.89705	2.0142	7.26341	11.4262	5.99945	1.79389	3.14884	3.33116	5.91591	2.15163	3.6039	3.66481	4.2686	3.25155	4.0943	2.90052	3.64323	2.46192	4.75113	2.7543	0.825506	1.83904	6.67516	6.44359	4.70254	3.00494	2.90148	6.03228	8.04789	8.49515	7.16039	4.73457	1.29638	2.28371	4.41101	4.1171	2.43269	0.714955	0.858116	1.94904	2.57999	0.69983	2.49663	4.97913	5.26864	2.06204	5.30421	6.31125	5.47939	5.35434	6.61666	13.7832	3.02144	13.1021	8.17253	4.35083	6.60427	5.72584	3.3014	10.9895	1.29622	9.64625	2.08763	7.79702	10.4394	1.70571	12.4284	8.50743	8.9305	8.17607	3.27619	4.51737	4.70524	8.89269	6.09012	1.47015	5.86033	5.88187	4.11136	2.04052	3.11122	3.91469	2.71134	2.40162	1.77824	0.788229	1.26774	1.97964	7.28236	10.1152	3.65035	1.04792	3.54022	7.92094	11.9693	10.7291	8.20481	5.82527	2.80489	6.08614	2.87752	4.93658	5.2156	2.91923	1.65524	4.57087	7.71813	4.23929	6.91129	7.3926	8.17	6.15305	1.27037	5.81979	6.81448	7.93442	8.96206	5.17845	2.45619	6.21019	6.79345	5.63575	6.19342	7.61208	7.5638	6.59594	5.75873	4.55605	2.43524	0.70254	1.99865	3.89177	2.43271	2.39186	3.02787	1.00611	3.30167	2.92267	2.52211	2.54006	3.77578	4.05157	3.32256	1.07964	4.93164	4.01626	4.48897	4.14617	1.32259	2.03304	1.59736	2.19635	2.43263	1.94676	1.94304	1.32254	0.691356	2.03977	1.92692	1.85327	3.83448	4.27244	3.34471	1.049	0.985584	1.82197	1.61434	2.8846	4.2733	3.48071	2.54225	3.5934	4.9387	4.1171	2.36166	1.53153	1.9802	2.41132	2.88251	4.0165	4.49756	5.76889	6.15694	6.41949	5.50294	3.90451	5.91527	9.10343	6.84991	2.81776	5.2415	3.54071	2.79577	3.38554	2.21596	1.84193	2.24224	2.04734	1.95713	1.23939	0.36354	1.3833	2.41919	2.75131	2.62431	1.87222	2.56074	2.42286	1.92753
1.75437	5.34992	2.1298	6.26357	3.20772	2.83785	3.98467	3.59703	1.60736	1.06614	2.08587	2.61879	2.32726	3.03016	2.17402	1.41961	1.75571	1.60585	2.12282	1.73642	2.23066	1.48239	2.40746	2.27147	0.910852	2.48158	1.43771	2.29624	2.52869	2.37731	1.18842	1.15022	2.65798	3.32209	3.38772	4.92081	4.93243	2.88835	1.14317	2.67565	5.58946	5.75016	4.60066	3.18312	3.21696	2.75813	3.36541	5.21034	4.02726	3.09084	7.79611	10.6361	4.01798	2.3913	2.32249	5.16009	2.61876	4.18041	2.60896	4.02215	4.05585	4.1509	2.4168	2.92213	1.91807	3.52628	2.46727	0.229344	2.92841	6.72829	6.37922	4.87703	0.955242	4.82227	4.10777	2.31431	1.86769	1.70585	4.09075	6.32538	6.76068	6.36328	5.5886	5.29572	4.00386	2.00357	1.6242	2.50558	0.448864	2.38156	4.39282	4.50691	4.67985	2.70813	8.37458	5.78808	2.36262	9.06521	12.7227	5.86909	15.6898	7.42095	4.81692	5.8965	7.95597	0.791132	9.89259	3.67803	7.30923	2.35681	6.06888	4.8093	10.4863	5.28288	4.29833	5.08382	5.26298	12.3535	7.97344	2.5203	11.2065	10.5276	9.30844	6.54986	4.45617	4.55084	2.91984	1.21762	2.64095	4.27341	5.35377	3.74598	2.15183	1.85077	2.41567	7.50743	12.718	8.17957	7.80816	4.67539	11.2593	10.8431	7.94542	8.89663	7.79369	5.71877	0.907228	5.10521	7.18311	5.93973	4.18199	0.79599	3.83815	5.26576	4.02289	7.29606	0.657156	5.04188	7.23676	5.85897	6.14876	6.26776	2.42047	11.1566	8.17824	9.30731	10.321	9.49937	7.61705	9.37774	10.1477	9.22417	8.23307	5.24285	2.57902	2.94171	3.05137	3.01622	4.77346	3.82911	1.66063	2.97702	2.52862	3.239	2.96572	3.20782	3.48012	3.95326	2.88295	0.852528	3.44472	5.24599	2.92515	2.0257	3.40557	2.59512	1.19761	1.92275	0.492758	1.66956	2.52733	2.2935	2.30496	1.40528	0.608487	1.27695	2.00945	3.20409	6.27014	6.70896	4.23424	2.1878	2.67993	3.44156	4.04917	5.00942	3.62445	2.02539	2.42884	1.96719	2.44145	2.50343	1.73925	2.17648	2.33899	2.24827	3.12517	2.67194	2.25843	5.54351	7.43687	8.47605	8.99102	8.46227	5.36423	2.75547	6.93274	5.54702	3.87966	4.10113	2.53877	1.64447	2.26862	2.86068	2.10621	1.86846	2.52796	2.73985	2.13318	1.63699	1.12862	1.86156	1.75785	2.10075	3.55198	2.90821
2.75997	5.82312	1.32671	7.63362	6.22182	3.96052	2.10322	3.57009	1.99772	1.38787	1.76044	1.00637	1.25276	2.28819	2.21582	1.13189	2.41865	3.31442	2.82207	1.79455	1.51155	0.236775	1.44107	1.1259	1.97957	2.28898	1.17047	2.71106	2.54656	2.18154	2.33497	1.71216	1.99962	2.00005	2.51124	2.24349	3.3258	2.94392	2.46232	2.77296	4.34735	7.48278	7.17093	4.63946	2.79142	6.19389	10.7716	11.4042	7.37164	1.16551	9.0209	11.7851	4.81774	1.09775	1.8736	3.96599	2.96176	2.40978	0.479606	1.00634	1.44896	2.14963	1.62627	2.53383	2.65623	2.58938	2.17064	0.869883	4.23296	6.34383	6.77032	3.56203	4.80872	6.22948	7.15531	8.3204	8.00407	6.25305	4.79989	6.43101	4.70549	5.37216	4.96621	4.67055	4.95717	4.27238	2.34565	1.70767	0.407347	1.25904	3.57804	3.63014	5.08942	2.467	7.27862	7.85231	3.29202	11.4685	9.53943	10.2625	16.6819	3.80783	6.34488	3.36048	9.31085	2.11942	8.58472	5.94385	6.13701	3.95071	5.8687	11.469	15.2017	19.1644	17.0224	6.01961	3.87328	6.20497	11.6548	10.2198	2.47813	8.37282	7.39278	9.45228	7.50412	4.16901	1.15443	2.24351	5.43033	6.35776	6.94626	1.85628	5.41125	9.79678	12.9856	14.4994	12.7881	4.91041	2.81844	3.33156	11.1007	12.611	2.79136	9.25624	6.32066	5.56184	3.73788	8.65921	10.0359	6.65947	4.9348	3.6541	3.45681	5.03349	4.75517	4.52705	0.972813	3.5275	7.4216	8.27087	8.3754	7.53423	6.67053	5.1241	9.51314	9.314	7.44876	10.1143	10.1589	6.61134	2.47587	2.4164	2.53642	4.16909	5.45689	1.91748	0.714904	0.861243	3.70617	4.73942	2.06794	0.726374	0.761158	2.07837	4.99018	3.70776	3.56829	1.36443	2.45502	3.8931	4.06687	3.87742	0.563719	1.53484	2.61071	2.58711	0.916544	2.79668	1.84007	2.18335	1.44523	1.93282	1.66883	1.36753	1.32605	1.09791	2.27813	4.36808	4.62323	4.53315	4.7162	3.75036	3.54922	2.61529	2.86752	4.14893	3.2052	2.2341	1.97491	1.36749	2.11841	2.75491	1.7977	2.46241	2.31914	1.72801	1.79094	3.35945	2.75149	1.42688	2.93965	2.23787	1.94398	2.26861	6.39472	7.96428	4.27023	4.26422	4.51721	3.42056	3.89519	3.46001	2.97008	3.17293	2.39953	1.95262	1.95503	1.6991	1.83268	2.16661	2.37126	2.66615	1.87754	2.20112	3.65265	2.78119
3.91516	6.78053	3.47352	8.31799	2.68217	1.69997	2.35361	4.93218	2.44975	1.21694	2.06834	1.14486	0.96288	1.85178	1.5182	2.15152	4.43874	4.7621	4.26785	1.30014	0.371589	0.942031	0.682335	0.858224	1.37513	1.66969	1.11093	2.74263	2.98238	2.76589	2.24159	2.16062	1.50688	0.970031	0.546078	2.69797	3.89393	3.01269	2.34355	3.24709	4.51045	1.74933	2.13477	5.17162	3.44026	9.78039	8.70767	3.45819	1.2305	2.80414	10.2875	12.0732	8.08818	3.23603	1.96269	2.70812	2.67174	4.11643	4.7422	3.73838	2.94158	2.08724	0.591468	1.29909	2.35361	2.28699	0.950419	1.4845	4.94665	6.65745	6.84096	0.579714	7.43755	6.25126	5.22134	5.77314	5.57389	5.16328	4.79377	5.82439	5.08063	2.66513	1.80894	1.85513	1.40328	2.65506	1.5958	1.2926	1.46021	0.70126	1.8092	2.29119	3.99971	4.75105	3.18471	7.42202	3.52156	12.1914	5.25373	13.0452	14.9732	1.86956	6.58877	1.86767	9.66469	5.7204	7.45388	6.41407	4.45171	3.83555	6.14263	10.7508	6.97214	7.75085	14.009	12.3211	2.07176	6.98615	5.55792	14.4541	10.3529	2.82784	2.0164	9.66479	12.8197	10.1452	7.75599	5.82082	7.56104	7.02392	8.08052	9.8008	16.3245	15.4867	13.8943	9.92125	0.397765	7.53248	8.02633	8.64892	9.19087	12.1375	2.98805	9.79082	9.94665	7.31194	1.3849	10.8521	11.0125	4.72491	3.39848	4.18034	3.88017	4.40135	4.32617	4.01937	3.09974	2.75538	3.62673	4.96338	4.82531	3.94524	7.84627	2.09196	3.03286	1.93256	3.13224	2.2533	5.80513	5.83518	6.97298	5.66703	4.08842	2.11971	5.4772	6.95508	6.92682	5.83331	2.84883	2.04522	3.58475	2.42971	1.96093	2.95273	6.97864	2.96611	0.718143	2.02757	3.48022	3.577	3.13365	2.44794	0.791535	2.23028	2.11854	1.25205	1.37869	2.63394	1.73744	1.44612	2.2394	2.23628	1.01267	0.81482	1.69296	0.857186	0.739225	2.80733	1.10946	4.23344	3.92802	2.71382	2.89507	3.10205	4.09648	5.21416	4.08954	3.14803	2.427	1.47032	3.19359	3.08501	1.36185	1.85658	1.79754	2.24347	3.1656	3.37274	2.60498	2.31401	2.82539	2.40353	6.62564	7.28622	6.62469	4.00676	4.22399	4.93111	3.54494	4.15549	3.781	2.35687	1.724	2.58353	1.93188	1.03795	0.99614	1.35906	1.3739	1.19549	1.44286	2.18565	2.48987	1.07205	4.01593	2.82993
9.01574	11.2219	11.168	9.84535	4.73313	1.97972	2.60977	6.75009	4.00609	3.00939	2.30443	0.252403	2.21628	2.93274	3.1212	4.64725	4.45234	4.38091	5.28571	2.96579	1.42093	0.575034	0.285534	1.26855	2.14171	2.06675	1.6404	2.42628	2.47044	1.80248	1.92186	2.79368	1.90371	1.41802	1.86149	1.44968	1.99803	2.96766	3.77433	4.09369	4.10689	4.37674	3.06984	3.31423	1.07123	8.84492	3.49781	5.56501	1.52032	2.73634	7.37918	13.4904	13.7037	6.10749	5.05173	6.01038	6.64758	5.68773	3.32647	2.0266	2.4988	2.75158	1.45882	0.66976	0.728791	0.720471	1.71512	2.57879	3.74893	8.32875	7.5959	3.62654	9.53588	5.52921	2.59723	1.77854	2.18248	3.51162	3.86357	4.37838	3.44525	1.72609	4.81923	5.17846	4.20331	3.99546	3.3352	1.85315	1.67854	1.67428	1.19794	2.24849	3.67721	6.00494	3.12246	4.67835	2.97684	11.2217	0.89927	14.2294	12.7935	5.11141	7.15152	6.8704	5.80578	8.99357	2.04702	7.50628	7.79795	6.32101	6.39481	9.29853	2.97595	6.9769	11.1172	12.7696	0.70034	10.5846	5.34635	9.87004	14.3485	11.7176	9.83011	2.77096	9.26561	10.0868	7.35219	6.0033	7.31456	9.49461	13.144	14.2203	7.88039	0.570943	4.06044	7.52376	11.6097	7.57151	3.41119	5.39393	7.07369	10.5231	4.43345	9.59731	14.113	10.6376	4.22948	11.759	8.87695	2.4271	2.45743	2.11103	1.50356	1.73109	2.1532	2.12522	1.47527	1.38758	1.54581	2.61076	2.50328	5.65655	6.80291	5.6887	7.73805	8.47988	6.3464	7.16459	1.4975	7.30479	8.92525	7.7225	5.93082	5.00052	4.70713	3.19706	0.89789	0.979855	2.91295	1.6974	3.71736	4.44884	3.11257	5.38554	4.87082	1.62963	4.31964	3.72352	2.53644	2.20976	2.46638	0.641835	1.48447	1.87315	1.84575	1.59876	1.85113	1.49164	1.5909	1.89627	1.06473	1.4111	2.31163	2.34724	2.48407	2.32082	3.04164	4.10671	1.71594	3.6144	2.12645	2.41334	2.49867	1.75671	2.84447	3.23473	4.03534	4.09165	3.9741	3.63758	2.36305	1.27451	3.95735	4.94237	4.8188	4.81341	3.66368	2.14716	2.12741	2.49259	0.697815	2.46965	4.31884	3.11122	2.57912	1.74715	3.75445	4.48376	4.46079	4.03657	3.75054	2.91776	2.71172	2.64134	1.83459	1.48847	1.64687	1.58711	1.41659	1.16191	1.05614	1.33839	2.7969	1.12459	3.38395	4.06441
7.85399	8.23201	10.7671	11.5764	5.10309	2.09741	2.70623	6.84891	3.78164	4.51478	4.148	3.90962	1.13586	3.0339	4.69117	5.35145	3.83582	4.34914	5.04977	4.20857	2.75603	1.04706	0.528219	1.33243	1.7875	1.00686	0.874247	1.98884	2.3718	1.66068	1.91431	2.81387	2.98653	3.09462	3.34949	3.58587	2.87017	1.71134	2.7769	2.98238	3.34945	4.5285	4.50228	2.35768	3.2856	9.26449	8.92384	4.37043	2.43378	4.09388	3.80009	5.24493	13.9887	5.0443	6.22936	6.02045	3.4736	2.0361	4.63374	5.32272	4.7862	3.5537	1.22223	1.26314	2.0927	0.996188	3.54317	5.17966	7.22005	9.62293	5.43212	5.84593	9.81779	4.32594	1.07919	1.50361	1.64641	0.363417	1.45102	3.39351	3.00964	4.45806	6.00426	5.18126	4.69129	3.879	1.5844	1.64262	1.99777	1.96616	1.60496	1.91034	2.4209	4.14627	3.85747	3.08312	1.40832	9.75469	0.158418	13.5958	11.9042	7.246	2.72385	7.22501	5.18466	8.05484	5.23765	5.34052	6.54077	5.91601	5.66053	7.80092	4.27943	10.4021	9.85932	10.7672	2.05432	11.0651	5.44727	4.72134	10.726	10.9418	9.07999	11.3912	1.46639	10.7894	6.34035	7.50679	8.139	6.83349	5.70137	7.40605	12.5726	11.9041	9.90792	12.4251	11.6017	9.57894	6.60491	5.17615	6.61513	8.78208	2.74875	3.8683	11.5901	15.759	5.2017	9.39724	11.272	7.50706	7.50098	7.19627	6.69836	5.29043	3.85119	3.69017	3.43063	2.44261	1.17626	0.955352	0.0843039	4.95059	6.38134	7.7806	8.17208	6.27605	5.47108	8.70802	1.94308	4.47507	4.9799	7.00087	7.32563	4.51476	4.16347	5.61145	5.43111	4.93279	2.32597	1.21126	3.75794	3.94966	2.58739	2.92333	1.27846	5.07653	4.28348	4.47946	3.82816	2.09529	0.315812	3.09103	2.52192	2.44506	1.83213	1.02616	1.24754	1.06926	1.41028	2.13566	2.45971	2.79772	2.70669	2.75287	2.84928	2.70908	2.95313	4.89759	1.77808	2.77988	2.23329	2.55671	3.4107	4.24458	5.04095	4.45863	5.00214	6.127	4.78651	2.12197	1.73529	3.23417	1.11046	2.63444	2.55823	2.69766	3.48902	3.57836	3.0366	1.99552	1.00736	3.24804	6.48066	7.75951	6.14457	3.38661	0.958785	2.88979	3.04023	3.59651	3.73354	4.13976	3.51442	2.66205	2.12143	1.96507	1.92007	1.62413	1.13142	0.696833	0.833441	0.970418	1.98006	2.33475	1.40936	2.90343
0.932173	4.99286	8.41211	14.5074	5.97267	4.85297	2.15427	6.86882	2.66616	5.8189	5.26643	6.05972	4.69488	2.84658	2.4402	3.68045	2.61352	4.39845	4.96854	4.16611	3.11944	2.88779	2.76873	1.35846	1.2625	1.34546	1.03095	1.20454	2.68269	2.28975	1.44707	1.74348	2.3642	2.69128	2.22719	2.15397	3.47065	3.31501	1.68825	2.23247	4.00764	4.05763	4.67773	1.47573	4.43317	5.20346	7.7562	4.38926	1.24564	4.09956	7.07658	1.45981	12.0673	7.03667	6.19345	2.58709	2.90503	4.48852	4.32822	4.79753	2.78887	2.31385	1.52129	2.34914	2.10579	1.71239	3.57292	6.64822	6.47026	6.87583	1.10029	6.60689	6.55732	4.07188	2.34299	2.26712	0.753904	3.71143	4.54918	5.32297	4.07761	4.73594	5.34306	4.07612	3.21565	2.15497	2.03492	2.42925	1.68443	1.77296	2.52568	1.75282	1.61409	3.65622	3.26649	4.14898	4.27833	9.59716	4.7611	9.6331	14.6073	13.6229	12.3754	2.85126	5.19382	6.55548	5.04045	2.6571	1.52417	1.76238	4.46624	5.91108	3.51346	10.3586	9.54095	10.4322	4.22214	8.93044	7.6707	2.48148	1.94347	5.28358	8.2972	14.4653	7.56063	8.62919	8.25553	8.05197	6.69046	6.3399	12.3019	8.56752	6.87721	6.21138	8.29751	13.2819	10.4049	11.036	9.38827	8.718	5.63574	6.65524	2.97406	2.27682	2.59798	13.0018	11.2589	2.75443	10.9821	10.9307	9.52123	7.78722	7.40147	7.35001	6.81157	5.5972	4.71096	3.63723	2.28331	1.96453	1.61681	2.30802	4.794	5.33908	4.98367	3.69268	5.38063	8.20225	4.86728	4.0117	4.20593	2.87182	1.76622	5.14706	5.41767	5.00557	3.38408	1.37146	1.27588	1.78127	2.04	3.46481	4.10389	2.8342	2.83925	5.01848	3.25356	3.47249	3.9442	2.11789	2.42856	4.27393	3.19144	3.27701	4.02536	4.02663	3.61655	3.0266	2.43855	1.7819	1.28913	1.76285	1.72803	2.27368	2.81032	1.90018	1.39656	4.56931	3.86991	1.23376	2.22162	5.10619	6.67695	7.22206	7.15583	6.70852	7.19373	6.23472	2.02164	1.80027	2.7325	1.40205	0.920505	2.7771	2.87194	2.64285	3.72835	4.20753	1.973	2.30837	2.17883	1.94519	2.68058	4.92888	6.45956	5.58217	2.43773	1.72005	4.37966	4.35684	3.93163	4.49486	3.68082	2.39359	1.68548	1.59229	1.22823	0.330563	1.23548	1.76353	1.83678	1.57605	1.39181	2.07793	1.82662	4.24184
3.19756	4.61145	5.73951	13.0626	11.5632	7.36691	4.51008	7.06383	7.92216	7.19523	5.06912	6.04515	6.34232	6.28205	5.23214	3.45377	0.812104	3.91687	5.3508	4.87227	4.05988	3.65576	3.37003	2.69818	1.62111	2.10196	2.07218	1.2668	2.37856	1.95258	1.13878	1.42663	1.32776	1.83142	2.64737	3.11505	3.35588	2.17491	0.898393	1.06721	2.69004	4.4075	3.35321	2.42603	5.15086	1.27951	7.39959	5.94891	3.28086	4.32813	8.30232	3.55662	8.74953	6.23996	2.21698	3.96644	5.0166	3.90375	2.34681	3.93126	3.10398	1.92519	1.5132	2.31908	3.68536	2.81365	3.30719	7.41245	10.238	7.13098	2.77962	6.86742	4.56132	3.66687	3.77601	0.992354	3.50007	5.15154	3.69336	4.45356	3.48203	4.13161	4.43889	1.86186	1.63196	2.9304	2.47995	1.72701	1.69413	2.24479	3.33894	2.14734	2.3163	4.3572	4.11693	3.91614	3.78578	8.27092	8.96252	2.3515	11.3493	14.716	18.5454	14.5909	8.92936	8.45002	7.36078	7.25977	5.76415	3.20445	7.59398	3.05785	5.58357	8.6263	8.38425	8.34911	6.21196	4.10141	7.23987	5.54597	5.94565	3.6993	2.85233	13.0648	14.5171	0.582808	7.80377	6.62619	1.59744	9.25489	11.6237	6.43108	1.14919	3.328	7.59162	9.50559	2.95528	5.31424	4.20468	4.88856	4.6344	3.89365	0.968025	3.23731	3.6049	8.64016	11.5999	5.95477	2.49606	5.68188	3.11579	2.95259	3.29967	1.68682	0.455931	2.47295	3.72612	2.54876	0.608852	1.50448	2.65142	2.4056	2.89675	2.64497	2.19439	2.12501	4.90238	6.99877	4.19347	5.22954	6.91311	6.61218	5.2558	3.31631	3.83675	5.41314	6.33146	4.87671	1.7202	1.34115	2.39715	3.41357	4.55863	3.12372	1.99413	5.80095	3.9588	2.69962	2.42769	2.71221	3.21496	3.42999	3.07433	2.6527	2.99147	3.22641	3.71335	3.12734	3.51802	3.40995	1.52929	1.05653	0.338649	0.777131	0.833552	1.73264	2.07541	1.88534	3.43356	1.49744	2.29981	6.07951	7.76558	5.60918	3.67322	2.90476	2.78892	1.56091	1.97769	2.56146	0.865852	0.358779	0.666835	2.2043	3.55707	3.9381	3.66591	2.5337	4.95567	6.5669	7.17939	6.45344	5.58838	1.99939	4.63685	7.77191	6.69699	3.08819	4.35125	3.93782	2.91221	3.61602	3.69225	2.37468	1.74747	1.5165	0.481291	1.4665	1.74498	1.53267	1.90362	1.92405	1.98703	2.31648	2.61325	5.09427
7.40342	2.31131	7.21685	2.60305	7.23687	9.54817	9.48931	9.37867	6.22193	1.42157	1.94639	3.74824	4.82356	6.0115	6.34655	5.19078	1.76882	2.61394	4.58934	3.86107	2.12395	0.989503	1.52285	2.41903	1.68706	1.26164	0.971801	2.25346	2.80838	1.14878	0.833748	1.7023	1.8146	2.67133	3.36418	2.31082	1.80137	1.89562	1.6292	1.0805	1.81452	3.1599	0.808154	5.48709	5.53426	3.48979	7.75526	5.84652	6.38746	4.61349	9.08916	7.2765	4.78835	5.62084	5.40787	5.61604	4.10911	3.47085	2.2303	1.86751	1.77051	3.33148	3.10059	2.22058	1.40206	1.20358	2.98209	3.41263	10.0151	8.34799	4.7447	8.13359	5.56627	3.68117	1.94682	2.54151	5.93607	5.56715	3.82467	4.14118	3.73247	4.30088	2.50531	1.9948	2.97193	1.75733	1.88561	2.18468	2.17706	2.65905	3.17857	1.94228	1.64579	2.61461	3.86239	4.39138	3.65875	7.36091	9.95678	6.41394	0.867528	5.33878	13.7807	17.4215	16.2658	17.0344	14.6054	10.1663	6.33926	5.93518	10.6966	4.20772	6.25161	6.2947	7.04676	7.0436	7.43649	0.224997	5.46416	5.63276	5.77392	4.76238	4.82053	8.6286	16.5187	11.894	2.68704	3.68061	8.85724	11.5753	9.88453	4.9048	1.8005	5.25409	5.0961	2.54264	2.08785	3.75636	2.28012	1.67764	0.679931	0.877214	4.14534	5.03127	7.54558	9.07635	6.82506	5.33794	6.25825	4.25356	9.04932	7.35445	6.99509	5.96871	4.61916	4.39007	3.69078	2.63509	1.33122	1.80254	3.14684	2.79193	0.522415	1.58768	2.0835	1.5094	5.7331	7.58335	1.27792	9.12683	8.79599	6.57823	6.92974	3.84886	4.00181	2.84211	1.52625	3.60838	4.2256	3.45471	4.04793	4.89239	3.11067	2.84975	1.95224	3.19777	5.36332	4.43882	2.43407	1.27547	4.60086	4.39111	3.64214	2.75788	3.26008	3.06274	3.77832	2.57141	2.23087	2.73765	1.20209	1.05239	1.85777	2.16027	2.42498	3.05725	2.68897	1.80313	2.15432	2.18895	1.2507	6.14868	9.07983	5.27476	2.96669	3.84521	4.33186	3.75981	2.7957	0.970801	1.67194	1.78424	2.02602	2.19212	2.75817	4.15044	2.89184	4.00747	5.3513	4.02786	4.76027	4.11929	4.76349	5.46349	1.81936	5.40768	8.08841	5.15989	2.10172	3.29177	4.14598	5.11066	5.16405	3.29143	1.97061	1.61106	0.334034	1.1301	0.496917	0.72582	1.26424	1.42366	2.13162	2.42333	2.10888	4.56759
6.42793	4.95354	8.53611	8.3078	6.53533	3.59603	0.211239	3.52969	5.98041	2.59468	2.17769	4.42031	4.96849	4.7163	5.18989	5.5566	3.23307	1.8804	4.8655	4.64427	3.28728	2.33506	1.12679	0.868494	1.39477	0.749853	2.77534	4.07333	3.75511	2.71248	1.65824	0.70666	1.40161	2.94491	3.7622	2.36783	1.63718	2.76756	4.40701	4.91787	4.47882	3.72547	2.61566	6.35052	3.71616	3.80906	6.25336	5.91228	7.63656	3.47585	9.13078	7.38541	4.49429	6.07562	5.25908	6.28208	3.84461	2.97607	0.58128	1.7434	3.32804	3.45846	3.16886	4.51167	2.80853	5.60211	7.15148	8.77224	10.9919	6.58116	5.37998	6.85668	6.40092	7.24503	8.02686	8.06021	7.45698	4.24524	2.59732	3.26445	3.9587	3.70524	1.53512	2.93148	0.595819	1.71673	2.60781	1.92313	2.00594	3.59555	3.25359	2.61678	2.21633	1.93948	1.1612	3.32685	3.70444	7.57894	11.0408	12.333	9.08734	7.40139	4.42209	5.25675	10.8927	13.4746	15.8281	14.9792	8.48091	9.35431	13.4042	8.98058	4.73891	4.5641	4.11542	6.22562	8.77784	2.86065	3.76612	2.64786	1.8059	5.03541	7.00085	1.09896	11.2002	14.9251	9.12644	4.60966	9.84626	7.64145	6.55974	4.97303	4.46691	6.86905	3.97484	1.3638	2.18118	4.33566	3.70166	4.62848	4.26338	3.80535	7.21344	4.88535	3.20184	3.54641	1.43919	5.53136	7.87103	5.0694	9.60626	4.7565	3.83152	4.08646	3.40214	3.17053	1.85104	2.05063	0.952556	1.40575	2.97757	1.79558	2.82609	6.6096	7.46507	7.52153	7.8546	3.49688	8.01499	11.8417	8.27343	5.65064	7.2927	3.08355	3.69463	4.02639	4.82599	5.35624	6.01788	2.3479	5.96278	5.41767	2.36351	3.27169	4.11716	0.446534	2.63527	2.36328	3.45027	0.965265	5.27686	5.60096	3.57043	2.66659	2.68096	0.89284	2.77451	2.17784	4.42027	4.76424	4.2953	4.36878	3.85369	2.67299	2.54934	2.23484	1.56491	0.532299	0.444819	2.68548	5.74872	7.23922	6.79096	3.83747	3.11194	3.93881	4.46994	3.71717	2.63877	1.55949	2.04036	1.25044	0.893321	1.46316	2.34202	1.93748	3.47989	4.10687	1.52585	2.32037	3.78507	3.59617	3.30174	4.62389	4.37825	1.19419	5.57677	7.47907	3.01229	2.00437	3.38947	4.8547	5.53072	3.81964	2.20085	1.59221	0.961388	1.56248	1.63997	0.480608	0.692067	1.20558	2.42264	2.49423	0.746559	3.35054
1.95115	5.94014	7.23035	1.80894	8.229	11.1565	9.68582	3.35626	6.05982	4.49947	6.05508	7.79745	6.35211	5.07731	4.83357	4.99572	3.18992	1.85612	5.43056	5.39344	3.54848	2.27884	2.58165	1.64953	1.51568	2.77781	3.05063	2.60184	2.32928	2.63985	2.61131	2.46883	2.17391	1.47537	3.1765	3.31715	3.14197	3.44572	2.73926	3.5775	3.35598	2.74472	3.0316	5.42676	2.271	4.32198	3.52516	3.89898	4.17758	4.92489	8.84937	6.43169	3.10248	5.69773	5.00555	7.38577	3.81997	0.0865312	2.56126	4.59166	4.96234	3.095	3.11641	3.00577	0.51412	4.48237	5.77169	7.12188	5.64838	1.44858	4.22032	2.42148	6.57965	7.38649	5.70671	3.65601	1.45559	2.42458	3.58509	1.81489	0.750963	0.210638	3.18119	2.23938	2.03957	2.13063	3.59182	2.93684	3.26762	4.59566	5.3164	5.60728	5.05686	4.47624	4.84227	4.01411	3.1766	7.21945	11.4265	14.1976	11.4671	8.10047	11.2215	11.8607	5.28444	0.817864	8.42335	14.9896	11.1195	9.87979	13.01	9.62142	6.57302	7.16581	2.50578	4.79207	9.77493	4.95032	8.60593	8.27329	6.3319	0.386604	7.11604	5.89709	6.85518	12.8609	11.0879	4.18035	6.6238	9.33298	8.00781	6.25254	6.47838	6.9655	3.33317	1.96608	2.79278	3.74541	5.02017	1.38601	4.54384	4.87235	5.24597	0.551713	4.17808	7.00153	7.34678	6.34403	6.47338	4.79287	7.40534	5.12001	2.48355	3.89988	2.89458	2.46904	1.92089	1.75186	1.3267	0.495902	2.60888	1.29255	4.2608	7.67028	6.0513	7.13034	4.55415	4.96138	9.6609	7.11857	3.64312	2.58641	7.1917	4.77664	2.44624	2.48407	1.85058	3.75117	5.26321	2.30583	6.63914	5.6536	1.00602	1.64404	3.87713	1.08783	3.11931	2.58102	2.38817	1.95818	4.50498	6.14111	3.61924	3.33822	3.87853	2.03789	5.67234	4.35848	4.13302	4.51427	4.5415	4.1705	3.15561	1.80368	0.849484	0.685288	0.792828	1.18232	0.967861	3.18551	5.2389	5.13682	1.55874	3.77254	4.75518	3.47917	3.16154	2.3243	2.15887	2.23718	2.63404	2.51226	3.00621	3.3113	2.81975	3.34471	4.13446	2.50435	2.88494	4.18362	4.27842	4.37243	4.01638	3.75183	3.63243	2.75393	1.89992	6.75741	7.46547	2.30072	2.79183	5.16821	5.45673	4.12581	2.5297	1.78288	1.4814	1.05159	1.83623	1.74586	0.896682	0.826055	2.21045	1.98318	1.28245	0.107545
5.19988	7.41975	5.17994	2.77783	3.57021	0.766167	7.09714	3.69223	3.40012	5.46501	9.11045	5.47996	2.56324	1.92487	2.40137	3.62474	3.40189	3.38247	4.99526	5.36837	4.22254	2.04356	2.91374	3.30227	2.90374	2.68829	2.33431	2.18466	1.58706	1.42552	1.67507	2.13201	2.87258	2.79722	1.78164	0.778157	1.43275	1.85047	2.29835	4.84408	2.72963	3.15084	3.35766	4.10426	0.608521	4.58914	1.44249	4.11921	1.08645	5.39939	8.47889	8.80932	0.874698	6.80493	4.91273	6.41063	4.11528	6.49136	7.85625	6.20901	2.71021	5.51034	4.59339	2.41732	1.35173	4.7647	8.55013	4.53754	5.34419	9.71226	9.66624	8.42303	5.31955	1.08832	2.21978	2.58332	4.66752	6.55745	5.81873	4.88648	4.03036	2.7188	1.9097	1.05739	1.88559	2.35614	0.997463	2.03235	1.91611	2.0536	2.16482	2.53763	0.690946	0.585081	4.3109	6.26314	4.56271	3.48718	4.35426	9.29729	9.31518	5.32051	10.0339	15.0485	16.0687	9.73137	3.99332	5.76943	8.88671	7.8699	11.5614	6.89327	10.2799	7.9502	7.70647	3.04847	9.32729	1.94329	6.62426	3.83947	7.10595	6.66769	1.95136	7.29553	3.05592	10.4754	11.8435	10.7823	1.94784	6.53182	8.22412	8.25075	3.5891	7.34889	7.23917	8.52953	6.45636	1.43677	5.32818	4.362	1.13132	0.0047347	2.7086	4.27087	4.38342	3.35772	4.01335	3.62183	4.94777	7.04347	3.60073	7.44435	1.74709	3.38805	2.96163	1.80312	1.73581	1.6077	1.18148	0.353423	1.62447	1.68331	5.34785	6.95588	0.720766	2.45064	2.41753	6.95841	6.29306	6.23932	5.9829	2.74127	4.35549	6.45739	1.97175	2.36442	2.27836	3.94329	4.4542	2.15743	7.12479	4.24921	2.72832	3.32043	3.28261	1.12268	2.96339	2.59627	2.88586	2.47607	3.78448	5.74478	3.83144	4.03726	5.1591	2.95758	6.87394	2.15693	3.25042	6.02836	4.45971	2.18532	3.86992	4.4921	4.01803	3.42579	1.81491	1.91215	2.26039	2.30869	4.22386	3.0705	5.69314	7.06008	6.65768	4.97036	2.78641	2.08344	2.55606	2.81529	2.64727	1.77862	1.58734	2.9056	2.51601	2.95279	1.16334	3.32943	5.43757	5.39739	5.30792	5.34976	4.38218	3.36363	3.18543	2.82749	1.66635	4.05723	8.84446	6.0026	1.9784	4.9833	5.06784	4.62587	3.50339	2.51339	2.09319	0.983973	1.05772	2.16696	2.51316	2.32923	1.48306	0.850115	0.979229	1.64105
6.29697	10.0753	4.84779	3.57873	3.14104	1.16952	5.74028	4.34422	3.55369	2.0604	10.4428	9.22223	6.52109	5.28673	4.55945	4.25037	3.57631	4.3671	4.70264	4.68868	4.47054	2.72855	2.55686	3.06799	2.55587	1.73021	1.82293	2.24159	1.64729	1.2501	1.80789	3.22759	3.51422	3.5692	4.00399	3.95003	2.71763	1.59887	2.04427	4.93797	3.59931	2.94982	3.2007	2.69742	1.29048	4.11029	2.44862	1.67208	1.62587	1.79627	6.4781	10.8221	2.2469	8.08835	6.03885	3.76285	6.13266	7.19306	2.89073	1.69636	4.45524	6.37187	4.5948	0.81219	1.73234	6.50584	9.47256	0.728117	8.84814	7.90467	7.09085	9.21554	11.1103	8.72235	4.42098	1.16228	4.07049	5.31929	3.9008	5.10026	4.54594	2.78668	3.16998	3.05659	3.8835	3.64578	3.79687	2.27239	2.44904	2.85391	3.48718	4.71773	4.93213	4.93185	2.2895	5.45273	6.72969	3.96517	5.66276	11.8633	4.85678	7.65625	9.55929	6.23599	14.9529	12.6381	8.75065	8.58897	5.56028	4.15959	11.3223	12.3262	10.0398	9.72873	10.041	3.28369	8.40793	1.20517	6.04045	4.55077	3.75347	8.39496	3.7123	5.72328	3.45056	4.65324	9.77907	11.4504	3.52288	5.46446	10.8123	8.41719	2.71231	7.50913	10.2859	6.57005	6.23129	3.72599	2.58597	3.58214	3.53804	2.38819	3.36871	3.96981	3.5213	2.2739	2.36478	2.8572	3.30459	7.67829	1.13793	7.72585	3.78414	2.30036	3.48145	0.835491	1.1211	1.2886	1.51022	1.41832	0.566385	3.89937	7.67157	5.83284	3.19613	3.68595	3.77266	3.40311	4.26454	5.06164	6.26474	5.31438	1.07658	4.58296	6.54427	3.91347	1.16997	5.20303	4.2312	4.24382	6.43479	2.59027	8.19931	9.91193	7.23078	3.33636	2.87067	2.31724	4.15809	2.78717	4.52439	5.51934	4.24376	5.14186	6.22419	3.11151	8.455	8.33264	6.08543	6.35435	5.93959	4.362	5.31598	6.25202	5.66246	5.11084	2.54735	3.5062	3.138	0.799881	3.68394	4.02183	4.5382	1.4165	4.92381	5.82429	2.43808	0.501509	1.13097	2.26379	2.20098	1.5087	1.40729	2.41727	2.15991	1.77479	2.34833	4.63885	6.25583	4.64089	2.14117	2.67714	3.67205	3.93948	3.47406	2.72831	1.95176	1.78867	6.86389	7.99841	2.45609	3.65149	5.4015	5.16588	4.24296	3.25566	2.65811	1.41948	0.3729	0.526625	0.411653	0.379051	0.446414	0.791236	0.941684	1.89167
5.50016	11.4525	6.42516	1.77816	3.1979	3.43236	5.3736	6.58398	5.74838	4.48045	4.42387	6.96552	4.67514	3.38842	3.87601	3.71347	2.28846	3.95377	4.55239	4.42971	4.15691	2.87752	1.71067	2.41968	2.04255	1.09897	1.44628	2.31118	1.98512	1.80959	3.07598	4.08265	3.3054	3.36979	3.76068	3.96783	4.68449	4.18172	1.60634	2.5815	2.47763	1.0806	1.78466	2.31666	2.19542	3.4514	1.76821	2.36719	3.89767	4.55905	6.08577	8.54021	5.19372	3.31074	9.09662	9.72485	6.02272	3.6326	8.5413	9.10305	6.92527	4.65282	2.82488	2.26917	4.73035	7.73084	6.62246	4.04504	7.74562	3.58848	2.20203	2.52738	8.15337	12.0555	12.2179	8.67958	0.627461	8.54655	5.75422	1.62441	4.72158	2.98134	3.27249	3.24573	3.03649	2.63658	3.19183	3.08444	3.90046	4.52139	3.72408	3.73634	4.47192	4.33206	4.51139	3.40459	6.92418	3.25917	8.17863	9.95498	2.68815	7.47936	5.56823	5.40614	6.77935	13.8047	10.6474	11.9336	13.0201	7.7016	4.69192	8.32609	7.49164	14.2082	7.49597	4.99483	6.87449	1.91019	5.02115	4.7939	0.608128	5.95021	6.82795	1.22245	5.14407	2.09661	7.16805	12.8221	10.909	1.14738	10.3682	12.1817	8.91254	6.75158	5.89733	5.01664	5.34068	3.86348	1.21452	3.10262	4.60449	2.95098	2.94481	2.1552	1.8312	1.02307	1.93968	1.53425	3.57178	6.86369	1.70756	7.31364	3.91359	1.40847	3.49055	0.908141	1.88779	1.4157	1.1004	0.637644	2.58984	5.77817	5.74629	0.994225	3.85318	3.93946	1.20299	2.90021	3.50517	4.68706	6.0244	4.20285	1.90041	2.94681	5.41226	7.98126	2.92577	4.43067	5.04784	1.44324	4.50062	6.15501	6.10896	7.86006	9.23732	5.65647	4.52253	2.29065	4.97663	0.487668	5.78696	5.64087	3.73692	4.58115	6.49877	4.05095	4.31001	7.82237	7.94185	6.40914	5.75623	5.50365	5.90636	7.51024	6.87477	8.23378	5.59183	4.21927	3.87275	3.47575	2.10385	3.3543	1.35822	2.93238	6.2552	5.82475	3.84859	2.78947	2.05331	1.84	1.17332	0.847233	1.26666	1.62871	0.490444	0.892341	3.7229	4.82603	4.43466	4.74387	7.01405	8.2412	8.14589	7.52874	6.187	4.27005	2.77179	0.487992	3.85607	6.33476	5.82532	0.848077	4.39829	5.00982	4.31114	3.74933	2.83181	1.44558	0.722822	1.39023	1.72611	1.73924	0.963818	0.248364	0.583695	2.17519
8.68514	8.14251	6.05485	3.10543	3.63622	3.41821	1.36594	3.05825	4.71371	5.91463	4.19443	4.54869	4.27147	3.28476	3.0622	2.27625	2.03212	4.27003	4.62691	4.50344	3.91017	2.57327	1.60258	1.50696	1.98053	0.493257	1.1493	2.35967	2.47617	1.99616	1.77359	1.76048	1.57658	2.66682	3.20631	2.99589	3.99168	4.62378	3.27163	1.44274	2.76704	1.13075	2.44227	0.758101	1.68059	2.84835	2.06453	3.69432	4.18325	1.40229	3.20033	5.81243	8.64727	8.01896	1.20631	3.77349	7.2791	10.2605	6.31604	3.67478	2.7292	2.60716	1.05666	2.87524	3.244	6.83695	3.85572	5.54982	6.92459	3.54598	2.51728	3.83682	4.85538	7.93065	10.8375	12.4419	8.94196	3.4694	9.86306	4.68881	1.89619	2.35341	2.45954	2.82751	3.50206	3.34531	2.52307	2.255	4.46484	5.14161	4.68461	4.99447	6.64481	4.64319	5.83004	4.21763	7.5581	2.7323	9.71775	8.33995	2.74441	6.50724	6.00993	7.74936	2.59416	8.44615	9.03823	8.57508	9.02124	13.0217	11.5699	4.33182	12.7505	11.6417	5.4508	4.5857	5.76686	1.67146	3.60778	3.1176	2.26124	2.80767	6.57932	6.1064	1.26689	5.07081	7.52864	13.3592	14.77	11.5841	3.75573	8.24652	9.91639	5.43968	6.55962	7.41036	7.3357	7.09327	6.28359	1.74842	4.15017	4.01263	3.49309	1.54375	0.854078	1.16142	1.81808	1.48543	4.26057	5.27335	2.36465	6.78282	3.00809	1.43357	3.44337	2.43038	2.00511	0.52652	1.96187	3.37252	3.71079	5.73686	3.04785	3.81242	2.44331	2.55758	4.7851	2.74342	3.79238	5.08125	5.6495	4.11286	1.65462	2.31554	3.56362	5.28418	4.96214	4.21466	4.60489	2.57437	4.29666	5.29278	4.52096	5.62908	10.0949	7.07682	6.24171	5.14052	2.14919	3.62075	7.24522	5.7484	3.55849	4.52376	5.72771	4.93994	3.2395	0.816445	6.97808	9.45434	10.4086	11.5538	10.494	6.71926	3.7287	5.66319	2.22985	1.77383	2.87984	4.14368	2.48089	1.20668	2.60672	4.87127	6.30474	4.62912	3.57376	2.22792	2.32119	0.281796	1.1783	1.63393	3.26145	4.04825	4.5746	5.20579	4.39835	1.80722	4.92721	6.59632	5.90445	4.85086	4.63831	6.0528	6.78246	5.65209	3.70191	0.928539	2.39433	3.30747	6.83582	6.08666	2.60087	4.80048	4.52048	4.1695	3.01573	1.35062	0.442197	1.54265	1.42684	1.40495	1.14627	0.914104	2.07883	1.7516
8.78746	7.0024	2.64988	2.2456	3.51005	3.87937	3.25195	1.57462	2.61333	1.81001	1.40587	1.74248	4.6502	3.54079	1.96909	0.497029	3.03326	4.42361	3.82658	2.87888	2.49792	2.33666	1.76758	1.97959	2.273	0.697783	1.39064	2.44494	2.55051	1.8042	0.999467	1.53376	2.37471	2.81126	1.08397	1.93528	2.49443	3.29126	3.24612	1.03839	3.46603	1.46682	3.90966	0.990057	2.32708	1.79856	2.16585	2.98558	5.30089	4.45424	5.34706	5.05877	4.4861	8.36675	7.04222	2.43161	9.00993	13.4553	4.81781	1.69976	1.06094	1.89824	1.89968	3.33084	3.31065	7.47994	2.90357	6.984	7.50393	5.12397	6.7401	7.63886	4.6953	2.85835	4.50492	10.5108	9.80232	4.51576	4.82794	7.28449	3.01141	0.428792	1.53985	2.34675	2.17765	2.54531	2.86758	2.51009	5.40716	6.28649	6.80748	9.4358	10.2397	7.30565	6.65279	2.89706	5.32213	2.22049	9.24751	5.90434	1.79152	2.82465	7.84583	9.94526	4.9596	1.58502	3.74413	4.38208	4.3609	9.78425	11.8658	2.82346	11.8169	8.94533	5.53066	3.10935	5.0513	0.514813	2.87815	2.53286	3.24273	0.661666	4.17838	6.57735	0.712633	8.03421	4.9539	7.90872	10.7498	8.93215	10.8161	4.71422	5.3725	6.56239	4.75097	3.62159	3.78567	6.78906	9.15116	5.002	0.754935	5.28872	4.71379	3.36862	2.14167	2.34267	0.204321	2.59042	4.69763	3.97689	3.28078	6.85489	2.85953	2.0764	3.22209	2.61497	0.313075	2.38373	4.25913	3.97163	3.24263	4.81023	1.08083	4.3705	2.47027	2.77719	2.38897	5.33899	5.47573	5.26199	6.19633	5.55282	4.13125	6.75351	7.80331	3.15245	3.29226	6.55985	6.5287	5.84028	6.23757	6.34175	5.9562	5.97351	9.42744	7.66827	6.80736	7.79977	4.67179	6.96098	7.65768	6.6599	6.79534	9.30701	8.62383	2.94129	4.02978	6.38466	1.85978	3.06661	0.550262	2.85848	5.41439	4.12761	6.72702	6.20565	5.9049	5.04586	3.11472	2.35642	2.83644	3.6788	2.73516	3.18815	8.39859	6.72517	3.83891	2.20857	1.58128	2.44197	0.934211	2.62824	3.49018	3.04697	2.41903	1.93272	0.682765	2.83124	2.68023	1.88484	1.11001	2.25684	3.86567	4.34197	5.32082	6.23001	4.96313	0.934506	1.62859	1.7021	4.46178	7.89431	4.40103	3.31424	4.41138	4.12737	3.26079	1.92459	0.103152	1.69008	1.37482	0.949551	1.71989	2.1466	2.13134	0.999273
6.761	2.56988	3.85526	1.87371	3.63949	3.13821	2.56971	4.5055	4.63727	2.29461	1.39273	1.61431	2.69516	4.77904	3.21573	0.435502	2.86453	3.27974	2.97003	2.53651	2.30847	2.28224	0.525946	2.72156	1.80026	2.03024	2.26917	2.46505	1.88561	1.55185	1.11597	0.846632	1.30366	3.49161	2.15883	2.7198	3.93877	3.1384	2.11203	1.65218	4.48995	1.8784	4.67032	1.45772	2.38534	1.78826	2.26309	2.70372	2.1299	1.0497	2.0865	6.57299	6.83582	7.00838	7.78777	2.41744	7.29116	11.8398	5.71857	3.24908	2.9794	0.749576	1.3362	2.51348	4.84258	7.20231	1.83295	7.6506	5.97684	4.57962	7.54974	5.01609	2.54368	1.98286	3.69681	8.89247	7.71971	7.44353	2.24263	5.53744	5.49889	2.32603	1.77185	2.03692	1.9577	1.61433	1.94539	1.96168	5.92524	7.87178	8.88196	10.4717	9.28086	7.32168	7.56438	3.90374	2.1999	4.12742	5.99983	2.92978	5.54499	5.50546	2.74763	9.98396	8.35302	3.49284	1.37917	1.76645	7.6845	13.4376	11.244	5.9217	12.8097	7.41925	2.59897	3.93775	2.86476	1.0691	2.63782	3.00152	3.47515	0.107101	5.03493	6.16344	1.15256	7.65269	6.239	2.49847	7.68457	8.12484	9.85502	7.29129	3.50658	9.46774	7.66039	6.57353	4.72186	2.38895	6.66679	7.4361	6.09106	4.32067	1.67541	3.46516	2.28058	2.53345	2.28038	3.333	4.13746	2.06728	4.13151	6.94275	2.77579	0.710359	1.98354	1.78419	2.298	2.51101	2.02139	1.97755	2.26891	4.15182	2.27624	4.36777	3.62972	6.02896	4.55433	2.15572	5.42505	6.68375	7.60728	8.02116	7.75209	7.08535	5.50517	6.25229	4.11168	2.94672	2.12994	2.47943	4.24857	4.97657	4.83814	3.64842	5.50835	5.38173	4.17116	8.66526	9.98987	6.61341	6.53831	7.00149	7.14575	6.49518	1.14994	6.68511	6.31884	6.96507	4.29773	8.64422	10.3865	11.0187	8.09237	4.15469	10.8253	5.56898	6.56092	5.5155	1.8131	1.41831	3.8265	7.34476	8.56787	4.92247	4.08923	7.03308	4.67428	4.00993	1.86475	3.80663	3.18595	1.21999	3.4998	3.84049	3.58345	3.53409	3.70542	3.03316	0.721849	3.15218	3.23362	4.67393	5.2314	3.99798	3.36561	4.80644	5.63039	2.39032	1.68627	2.77201	3.76965	6.83642	7.83668	4.90005	3.9647	3.42382	2.63043	2.4741	0.813183	2.11225	2.08374	1.34187	1.85214	2.92883	1.18174	2.77649
1.37676	6.3112	5.43519	4.89057	5.58861	6.2171	5.25833	3.56828	1.7327	3.53754	3.55439	2.60047	2.04511	3.39473	3.27355	0.922129	1.81523	2.50487	3.43128	3.21158	2.64938	3.41238	1.79291	2.47727	2.10844	2.74232	2.43942	1.66416	1.10952	1.80842	2.21943	1.82538	1.30441	3.25273	3.08692	3.59311	4.91741	1.90776	0.75989	2.81058	4.47245	2.72885	5.36436	2.0125	2.26864	3.58239	4.06251	4.46741	3.44612	3.15292	7.38183	10.4038	6.71795	6.12669	3.57516	4.51134	7.48298	6.30508	5.84905	6.13466	5.48848	2.45447	3.25803	4.0188	7.20826	5.15982	3.93148	7.38029	4.11338	3.73993	8.86888	2.62991	4.23771	1.58699	2.82195	5.47271	5.31101	7.25929	6.66805	1.6528	5.78898	4.24983	3.17166	2.12149	2.19326	1.09583	1.58813	1.63007	6.36195	9.0505	8.91204	6.47167	3.92576	5.60443	7.56411	5.11423	2.78078	4.69954	2.92337	3.90777	4.79445	6.47531	5.70159	3.88015	8.31881	7.12244	2.80825	5.52672	10.4738	9.21708	5.84425	5.82132	13.9268	6.44584	6.01451	5.44068	2.22282	0.713309	2.08678	3.54423	3.31863	0.925034	5.41532	4.62684	2.6019	2.60127	6.13047	3.97061	5.14637	12.4015	10.4787	11.3867	7.70572	7.44813	9.85881	2.66716	3.64519	4.66341	5.86269	8.22762	10.2504	11.2155	8.09768	3.90387	1.51005	0.866071	2.23374	4.82344	4.00263	3.16983	3.76766	5.85088	2.91532	1.12094	1.78771	1.74432	3.49144	1.10759	2.43638	3.94789	4.15717	5.03407	4.27198	2.26517	6.63441	2.96488	6.3298	3.09549	1.42126	1.79283	3.85189	4.74812	5.21566	0.99751	3.35636	3.38855	5.52499	6.35756	6.5831	6.62821	7.30571	4.01839	1.39397	2.41494	2.78056	4.13376	3.9681	6.60416	10.9455	8.48383	4.98407	4.59428	5.92379	3.67838	4.8718	7.85568	4.01304	6.69902	1.93434	6.94893	3.88058	5.45019	12.1017	3.43188	11.2066	11.4424	13.6586	14.2977	9.23026	4.8689	10.4396	9.75821	10.5202	9.05446	5.30606	5.87342	5.07885	4.35299	2.43424	1.91895	3.54935	2.64968	1.28798	3.18148	2.59577	1.23601	0.880331	0.859127	1.52848	3.13856	4.48482	5.47244	5.67383	4.91229	3.41327	2.99386	5.21262	4.1245	1.87491	3.18768	3.36971	3.8031	6.57552	6.41453	5.05632	4.29732	3.52481	3.02242	1.80782	1.9992	3.10523	3.38981	3.02971	2.53874	0.603153	2.75152
5.11666	1.31855	3.10229	2.95951	0.840904	2.22017	2.48051	1.99532	4.31055	3.50266	1.98663	1.28217	2.68809	3.42417	1.66564	1.88329	2.94123	1.82868	1.50993	2.84125	2.95028	3.70684	3.4808	3.01303	3.76043	4.14172	3.32264	1.597	0.497063	2.19183	2.65259	1.84993	2.93104	4.044	3.01522	3.88049	4.8041	3.75958	1.78307	3.5996	4.85061	2.89812	6.33352	4.4225	1.96215	3.57211	4.41724	3.30991	5.95044	6.51877	8.35462	5.44142	3.31352	4.69641	5.21705	8.15844	5.97633	3.61804	2.62524	3.85148	5.39649	1.3183	3.13391	4.85004	6.77518	2.41223	4.91857	6.07374	4.11791	4.15116	8.4215	5.65341	4.25358	4.21734	4.73856	3.67854	3.56572	4.98428	6.81476	1.88137	4.9602	4.5047	2.39776	2.36342	2.46793	1.38131	2.37684	3.37149	7.14501	9.23791	8.31026	4.01679	1.20253	3.41562	5.63096	4.58731	4.55344	6.22428	4.98639	4.6728	4.74414	5.29918	8.06779	3.18154	7.19611	10.264	3.52368	8.61751	10.9645	7.7369	9.46088	2.96841	11.3569	11.6031	8.42798	5.52459	3.65284	1.09422	1.1021	3.95079	4.10439	1.10412	4.87298	3.09173	6.25116	6.16081	0.978459	6.22324	2.52875	9.44983	10.8276	8.23389	10.4199	2.64719	11.4304	9.91973	6.81515	2.37421	2.91954	3.77054	3.26512	7.18651	8.89352	6.77524	4.62317	2.67707	0.791474	4.60586	3.45043	3.55298	3.43372	4.26341	1.99247	1.15313	1.80163	3.34759	3.68899	1.46485	1.47635	1.86638	2.70954	3.13931	3.15851	1.95191	7.58554	2.23144	5.08452	6.04982	7.32403	5.58905	4.6495	4.11103	3.62401	4.03015	4.3639	3.41947	1.99561	1.75224	2.57649	3.95518	7.96052	6.5916	5.56149	6.21832	6.87088	8.40344	8.90243	8.67599	8.81926	6.21002	5.51992	5.80902	6.02235	4.91029	8.34307	8.15734	4.7162	7.06468	4.58167	4.69007	5.83463	7.22877	9.88684	6.40997	4.05528	6.06067	6.79884	11.5659	12.5516	11.2532	15.9024	12.7365	12.5305	10.2141	5.16885	4.57202	3.82875	3.24787	3.03571	2.18429	1.19349	3.77024	2.35936	1.96839	2.33192	1.489	1.83605	2.93707	4.05973	5.25275	6.13352	6.48883	5.66061	5.50463	6.15618	6.0528	5.03174	3.3587	2.26489	2.01975	2.74194	0.627059	2.24209	3.71306	4.19063	3.47089	2.28805	1.13807	0.647398	0.756925	0.259551	0.50869	0.0731947	1.48905	1.96233	1.02828
1.39155	5.87612	7.60745	6.47903	5.16315	4.07468	2.91619	1.80374	3.93445	3.45792	2.59474	2.25949	1.3542	1.02637	0.993765	2.69391	2.40507	2.35966	1.2514	2.78464	3.3337	3.10984	3.62762	1.31458	2.63403	3.00156	2.81557	2.57461	0.555687	2.61216	3.0915	2.12769	0.814345	3.05194	1.33232	3.50945	2.81844	3.6461	1.61981	2.61549	5.19853	2.40351	5.29328	5.42683	1.14519	5.07111	5.67851	5.69031	7.45194	7.54507	5.56457	1.16269	5.97184	6.42563	9.8401	9.04097	5.60678	4.50878	4.7891	4.45494	4.96673	2.49335	4.1599	5.9061	6.44513	2.03941	4.56043	2.97598	3.08319	4.48987	7.50055	8.64605	6.80337	4.35739	1.54987	1.09468	3.24821	3.46839	5.36651	4.03472	4.62178	5.65493	2.6285	1.81413	1.43724	2.56519	1.73154	4.00755	6.40302	8.58006	9.16158	5.64822	4.33515	3.61129	2.58964	2.5071	3.919	6.34956	6.10994	6.58761	6.95889	5.82888	8.82099	2.75012	8.46406	9.39238	5.08944	7.97664	10.6303	9.77215	12.2601	12.1909	2.98621	6.59966	9.52155	10.271	5.12778	2.72338	1.16655	2.22886	3.9688	3.08709	2.23759	4.4383	6.1686	7.57128	5.06842	3.82632	6.34429	2.32049	8.48634	9.64454	10.3761	4.42096	3.91161	7.12254	6.52323	8.57813	8.7622	8.11985	6.45526	2.53826	4.0309	4.64101	4.30705	4.44124	1.48126	3.35652	3.69764	2.99056	2.29131	1.61805	1.94178	3.33577	3.27974	3.22773	1.0221	1.27972	1.70143	5.03949	5.0636	2.45898	3.01842	6.01613	6.51622	3.5433	4.38939	7.33274	8.07049	7.20099	6.16064	7.34424	7.46081	1.05422	5.40874	4.54551	6.07625	4.08731	2.9251	1.29936	4.64695	6.47725	4.86084	5.11158	6.56759	7.14453	7.14115	6.60832	5.52654	2.28375	3.31483	6.968	3.36644	7.00866	7.7262	7.14364	5.80127	7.94026	8.10653	5.47852	2.71177	6.23586	7.32072	5.64993	2.84017	5.31623	5.58166	4.33777	12.3317	12.7947	9.69144	3.14711	7.33914	11.3274	9.44766	6.44036	3.04536	1.24727	2.99298	3.43184	2.44493	1.38743	3.50724	1.97463	2.24493	2.40836	1.64104	0.656162	1.60223	3.23281	4.21556	4.94871	5.29618	4.06796	3.94674	5.21141	3.15085	1.58661	4.62172	5.17436	5.16371	3.57483	2.41618	1.25104	0.565482	0.311628	1.68973	2.85685	2.58715	1.88795	2.02864	2.7001	3.04278	3.29782	3.46768	2.87183
2.93236	5.77486	4.91614	2.16259	0.821095	2.64864	3.37643	2.16078	1.70381	3.15961	2.97473	2.77467	1.72639	1.29865	2.56788	2.38808	1.50945	1.28679	1.43335	1.6094	3.45325	4.00591	4.68972	2.78	2.18263	1.30639	3.01531	3.89026	2.89353	1.06406	2.9549	3.37652	2.70555	4.10616	0.642704	4.95511	3.74746	3.84245	1.99959	1.83948	5.29127	6.79995	2.36779	7.7056	2.45899	6.89528	7.42117	8.05921	6.37521	5.33979	3.45206	1.77663	5.52603	4.77633	4.32982	3.64108	3.41054	1.20367	2.01977	2.09231	3.22419	1.84656	1.76116	4.51316	7.2507	1.22182	5.19179	2.64355	2.24246	1.14725	2.38487	4.75654	4.20134	1.25085	1.93561	2.00963	3.74323	3.13691	4.65779	5.98443	1.94954	6.46271	3.89188	2.08591	4.24155	4.22166	2.65711	4.47558	4.4	6.8342	8.50607	5.18809	4.55779	4.79762	3.80692	1.75421	0.583482	1.76584	3.89679	5.44257	4.39455	5.06864	9.6611	1.2067	8.38606	7.5767	5.22719	5.34899	6.88389	3.64367	6.37191	9.20763	8.72433	5.44466	5.40795	11.5371	10.2649	6.99369	4.12389	1.52658	1.30995	2.99792	1.95407	4.56631	4.91242	6.52788	8.00845	2.93996	7.39119	4.0422	8.53926	12.3918	10.2075	12.0466	7.30984	4.96937	12.5861	7.66867	5.1681	5.73881	4.97341	5.40996	1.64227	2.31252	3.34407	4.64349	3.4345	2.31455	3.15842	1.31406	0.859908	0.935463	2.04497	2.316	1.30677	1.2288	2.9242	1.78429	2.18829	3.98209	1.85312	4.00572	6.66447	5.52402	4.32979	4.39662	4.49696	5.81464	4.88472	6.90026	5.92006	6.14625	8.79355	4.77006	7.35405	9.14874	6.76859	6.19165	1.13898	0.74578	1.85943	4.38984	3.94852	2.70202	3.29945	2.74844	7.15889	8.09236	5.21161	3.45956	5.10305	5.94957	0.984657	5.20187	3.46366	3.15939	1.49551	5.27787	8.9929	9.50362	7.57824	9.19427	7.87394	5.69854	6.23559	6.80915	9.05456	5.48077	2.18862	2.35698	7.41538	11.6291	7.81011	4.13729	11.285	8.92961	5.70029	1.75057	3.16927	3.81799	4.28747	2.53226	1.58185	2.83632	3.51091	4.2178	3.28221	2.69148	0.281731	3.48952	6.26319	7.03656	7.4788	6.64826	3.77327	0.644405	4.26784	5.31715	4.63893	4.97469	5.64422	4.32796	2.55525	2.05412	1.38642	1.484	2.31476	1.81889	1.73207	0.990144	0.860566	1.12925	1.88994	1.46759	0.988693	2.99627
5.36722	2.25217	4.82159	4.34021	3.45164	4.20553	2.79746	4.1528	3.25309	3.14788	3.13819	2.52088	1.47196	0.862351	2.24799	1.75707	1.5319	1.16866	1.86864	0.378858	1.82868	3.54723	3.85677	2.46609	3.69856	3.00601	2.61581	5.34371	6.64552	4.77132	0.799794	2.47053	4.59155	5.3664	2.24599	6.46813	2.61449	1.47243	1.84637	3.21114	2.82125	7.88416	2.90223	7.89153	5.90959	8.79065	8.94741	6.016	0.711232	2.97885	2.84804	3.46395	4.12781	5.51285	4.65474	3.15802	2.2774	3.45662	1.95236	2.53666	2.24163	1.33664	2.93614	4.71012	7.00019	0.816958	5.14692	2.41148	2.90367	4.21483	4.05069	2.47185	4.34635	4.29461	2.73668	2.39481	3.61879	2.72406	2.81128	6.05884	2.45813	4.63738	7.14112	6.75663	4.86911	2.94343	4.13934	4.31146	3.61367	5.85527	6.84501	3.47011	4.08314	4.57816	4.55586	3.51238	3.71187	3.49985	3.64122	1.32452	3.07726	7.11969	7.32668	3.1744	7.71808	7.94407	4.84778	4.30753	5.70419	4.33941	6.71967	7.12607	6.84778	6.72386	4.93884	2.82706	7.43487	7.24111	5.39887	2.59141	1.53658	2.31577	3.15605	4.32367	3.26966	3.37473	7.935	2.50706	7.01395	5.20201	7.3664	11.3378	8.26734	12.4177	14.5482	3.6878	11.9071	9.118	3.97833	1.4804	2.40232	3.12844	3.69186	2.89763	3.54847	4.42931	3.77641	0.676925	2.7094	1.6334	1.65146	1.79862	1.56334	0.678341	2.63453	3.5087	2.52993	3.03008	2.63061	4.84743	2.50107	5.24907	8.84663	5.28042	3.60053	2.02948	3.12598	4.34645	4.15692	7.33967	6.19854	6.52362	10.101	7.66163	7.98938	9.34808	2.14533	5.0683	1.59125	1.41156	1.38798	1.14353	2.63197	0.577474	3.67881	6.93703	8.99711	11.5609	11.4103	9.2233	4.01131	1.59148	2.15981	1.93087	4.55088	5.41709	4.03727	1.33467	2.24406	6.55148	9.20382	12.1353	10.803	9.4007	3.12427	5.36998	6.11707	10.7915	9.5789	12.1627	9.39623	5.87239	8.46599	9.35779	6.37705	10.0656	10.5625	5.05623	2.18356	3.15516	4.00669	4.46237	2.47492	0.943225	2.0881	2.78032	2.11799	3.85103	5.4342	3.76989	2.26392	6.11243	7.36768	6.19223	4.26731	1.845	4.02562	5.23448	1.0659	3.00658	4.27826	3.87691	2.55952	1.69345	0.547029	1.60917	1.593	0.655358	1.40609	0.639858	0.15185	1.15231	1.4237	0.706545	1.51636	2.37449
6.62544	5.99552	4.82391	2.3861	2.37341	5.23075	4.0313	0.459582	1.84061	3.04268	3.4951	2.65242	1.34978	1.29026	2.47894	1.74755	1.31821	1.71041	2.48355	2.24279	1.82946	2.92573	2.87151	2.37523	3.79773	5.01577	4.03393	1.9538	3.16462	6.08907	4.44279	1.22188	5.87045	5.4661	1.97644	6.64198	5.5834	4.65252	4.32051	4.82929	3.65258	4.83191	6.37068	3.28591	8.25391	10.4941	6.70358	1.75844	4.40767	4.41891	3.96051	5.46793	6.42718	6.09249	4.42856	3.64895	1.66238	3.17083	2.9758	2.73185	1.96866	0.859754	2.64911	2.68003	5.70956	3.44109	4.16832	4.19769	4.26676	3.04781	3.7452	3.45744	4.44999	2.94983	0.241478	1.42476	2.60816	3.1689	2.77877	4.27256	4.27836	2.6792	0.982672	3.4656	2.95593	5.14621	5.33126	4.25425	3.98688	5.64317	5.24772	1.60281	4.41107	4.06198	4.76135	4.32499	4.60059	4.61319	5.59195	4.67111	4.76192	4.82069	3.8644	6.60571	9.41486	8.81706	4.40811	5.0918	6.55613	6.00065	4.30479	4.80042	8.5369	9.98398	10.4024	6.37699	5.41703	9.31195	6.38118	5.69472	5.89259	4.21504	3.50644	4.80732	4.53983	0.970411	6.74379	4.92969	4.71629	7.49144	2.73079	9.30597	6.72516	8.18043	14.7617	5.31221	9.65685	7.14222	5.93786	3.28924	4.16566	1.876	2.32354	2.72095	2.30727	2.94416	4.3597	1.64121	1.97963	2.78154	3.41159	3.9294	2.54038	2.38549	3.74941	2.80214	2.34555	2.89438	1.59262	4.83496	2.72668	5.46863	9.5167	3.96385	4.90451	4.63312	6.93029	8.00336	5.09831	5.14793	4.42759	3.16865	9.16283	7.90514	5.49447	8.48199	6.27054	1.3968	3.80222	5.39928	4.85913	3.51538	3.1435	4.06156	4.07836	4.14986	1.59747	6.42207	10.0523	10.9752	4.51546	5.25779	6.44331	5.04639	0.39576	4.12867	4.85835	4.58687	5.24072	4.97611	5.19334	10.3315	9.31496	8.62181	3.64875	5.61772	3.97796	9.26203	8.47064	10.1037	7.22784	4.72885	8.34996	8.40326	4.77517	3.54648	12.6522	10.3076	2.77983	1.79477	3.24893	4.3793	4.59159	3.59388	3.39041	4.14154	4.38947	2.17245	0.937482	4.47626	5.87727	6.69578	4.99948	5.05841	6.50179	4.7678	1.33548	5.5477	3.15659	1.88756	3.61215	3.94883	3.71836	2.43673	2.07025	1.50693	0.144519	1.35714	1.15051	0.798594	0.730981	0.774554	2.04543	2.71411	2.68743	1.74451
2.54165	2.51208	3.73814	4.69173	4.15339	2.92914	3.74645	2.80224	1.20442	2.45362	3.06416	1.81245	0.614684	1.37948	1.99239	1.93891	2.09177	1.2369	3.37788	4.52453	3.681	1.62413	1.42107	1.72558	2.44479	3.60167	4.32964	4.97573	2.8725	4.15866	7.48236	7.54706	6.1445	5.79845	3.47479	6.86051	8.79411	8.74762	7.02553	7.22612	8.38034	6.413	5.13257	4.34224	4.78577	2.74745	3.16014	5.72753	5.39907	4.04964	3.96008	6.18112	5.21354	3.64048	3.369	3.26398	1.90315	1.97305	2.31518	2.31504	1.57232	1.00181	2.88566	3.70957	5.35511	6.15369	3.49058	6.23751	4.25478	3.29575	1.02834	0.164059	2.65961	1.9	3.12233	3.31847	2.22074	1.53808	3.58938	4.27699	4.89347	6.15814	6.47451	3.76475	4.32606	7.41824	6.38847	5.646	5.02907	4.51519	3.37901	2.05979	4.55792	3.80565	5.76272	6.35953	4.85035	4.51265	4.03689	1.55328	1.83282	3.45928	3.60727	7.18601	8.50312	6.26281	1.53952	5.50879	5.50843	7.11446	7.43707	8.70888	8.54161	7.28502	9.4514	11.8471	1.20294	8.8661	9.30475	7.93428	8.43395	8.34195	7.02415	6.31969	4.19721	2.15107	3.0845	6.18958	0.945794	7.00668	2.95461	2.96316	6.99085	9.78082	13.1883	2.87166	6.6034	6.61435	7.38749	6.72144	4.47792	5.51732	1.33679	1.00064	0.913558	2.02874	4.41361	3.66218	0.357888	0.785045	1.55706	3.63063	2.82962	2.54121	3.62654	1.73525	3.43015	3.10807	1.98746	4.14693	2.38553	4.84232	8.20535	7.02114	8.20786	4.72149	5.82867	9.93918	8.31699	0.845105	1.92805	5.6324	10.1142	6.47011	2.75233	4.80762	3.75034	3.68036	3.84448	3.01772	4.84639	5.04134	6.34745	7.16737	5.32909	2.03928	5.16548	10.5693	11.2819	8.69048	1.71785	6.12991	5.17274	7.27621	4.73207	1.33224	2.14908	3.37778	6.77078	7.19423	0.796769	7.44547	9.19892	6.42099	7.76644	8.84063	7.13743	6.98357	7.34007	8.47812	7.16376	12.4503	10.3129	7.81571	6.94645	3.77924	8.18219	12.6207	6.27082	0.612974	1.90512	2.57713	3.05685	2.49674	1.6881	2.29671	3.46474	2.29849	2.08834	1.4197	0.659943	3.69928	7.85334	8.54785	7.94157	6.61153	2.36123	3.41885	4.02473	0.176324	3.45808	4.47315	4.54338	3.07748	1.28564	0.532537	0.999448	0.905827	0.711273	0.23817	0.777496	1.03425	0.984613	1.37094	0.489768	0.875252
4.30022	3.87541	2.59349	0.760978	1.8565	3.00655	2.42987	1.831	2.4688	2.88097	2.56438	1.1034	0.531283	1.40545	1.95704	1.70836	2.18295	2.47687	2.78207	3.71693	4.77762	4.69575	3.79436	2.24574	1.93048	3.37397	4.99002	4.92196	3.44422	0.689357	2.6641	4.78338	4.92446	3.07482	2.16699	2.85862	1.40726	5.27966	6.74469	6.15804	6.13977	8.06208	7.73079	6.30272	1.78424	5.05194	7.52284	6.32596	3.80061	4.54718	5.28817	4.4117	2.96811	2.25708	2.90977	2.5003	1.00208	0.524297	0.504959	0.645626	0.345947	0.90358	0.454493	1.89024	5.73943	6.34777	0.206794	5.98977	6.84108	6.01629	4.1164	2.80422	3.04092	2.67619	3.92049	4.11248	3.26154	1.50819	2.59125	4.70736	3.91857	2.59709	4.03586	4.11669	3.06633	8.80209	6.82741	4.37418	3.62296	1.19379	2.42396	3.1384	4.27819	4.1263	3.53486	3.39671	3.71112	5.65524	5.80664	4.08905	4.12624	5.14693	4.90063	7.34749	7.84769	4.38951	2.99328	4.28283	5.17096	8.43102	6.90171	2.45022	4.31164	1.82723	3.62412	12.1571	8.36348	3.21851	5.6593	3.22983	4.53704	2.86383	6.29766	6.98677	6.50005	8.46738	5.22892	3.13737	2.7458	3.50177	4.37936	3.87272	5.3944	13.2849	13.5539	5.39586	2.91619	6.73373	6.80493	3.21392	3.22471	5.72562	0.684391	3.20013	2.74273	2.07274	3.12882	3.59989	3.0333	2.83155	1.17195	2.24814	2.33647	1.8693	2.99623	2.01844	4.78686	3.6961	2.56315	3.04556	2.33325	3.38558	5.87993	4.59878	1.72964	1.23013	3.17726	8.36765	9.71157	6.30749	4.37667	4.72513	6.20587	2.2524	3.03087	2.74768	1.09794	4.62819	6.46428	3.25408	1.94207	4.59615	6.13492	5.97801	3.90425	6.56735	5.57428	5.94341	7.73516	6.52013	2.79162	6.67672	4.33312	7.07703	6.17968	4.39408	2.80669	0.877224	5.82926	8.06394	2.7474	6.02088	9.63101	8.04644	9.2897	8.36622	4.50844	1.46331	1.59201	4.47546	1.62852	9.50186	13.9127	11.4952	9.01102	6.81627	5.76272	11.7362	7.26698	1.30131	2.71436	1.94545	1.68082	2.45946	2.42467	2.63922	3.40621	2.23593	1.23738	3.65291	6.56522	6.00386	4.38305	4.82598	8.00429	7.15863	2.94415	1.28756	4.24186	2.80545	1.65366	3.71076	4.12835	3.26992	1.91051	1.2192	0.380678	0.927706	1.2467	1.38506	1.63896	1.56434	1.82963	1.3897	1.98214	1.4058
0.78905	3.04362	1.8827	1.80941	1.60372	1.3766	2.15423	2.56642	2.37213	1.92569	1.82159	2.72559	2.04528	0.11057	2.37788	2.63288	1.88997	2.88165	3.71997	2.99093	1.15149	4.02305	5.38822	5.61814	5.72058	5.93398	4.73638	1.78449	2.62053	5.64265	6.16219	5.87579	6.43445	7.59662	8.55486	7.65703	6.95335	5.22555	5.02733	4.8989	5.05302	3.75607	1.90305	3.35517	2.34024	7.95709	4.6234	2.94231	1.57024	4.73352	4.92777	2.59309	1.8753	1.58613	2.66839	2.56845	0.753992	0.885181	2.0666	2.34996	2.09758	2.00655	2.37187	1.4756	4.75008	5.74565	5.90369	1.40966	4.02568	6.44402	7.03462	5.94068	3.83151	3.90508	4.96679	4.07521	3.93922	3.87106	2.13929	2.19864	3.48621	2.81644	3.83022	3.3692	2.69623	7.7006	7.17273	5.35608	2.99423	3.1865	4.62395	4.82921	4.86941	4.16372	1.9412	5.65403	4.28812	4.34625	4.46125	2.7293	1.85845	3.05454	4.21508	4.7355	6.1708	2.87188	3.19669	4.60097	1.89634	2.55584	4.79169	6.03513	6.18542	5.64944	7.0854	9.43022	9.11219	2.38836	7.11489	4.8382	5.57698	4.45288	2.02867	6.39339	8.25486	7.18635	6.13681	2.71576	5.01698	3.85348	2.88602	7.10166	2.53121	14.8758	13.057	7.59265	3.65034	3.03648	4.52849	6.17027	5.70403	4.15611	2.27921	4.46939	3.19176	3.48455	2.63658	2.75992	3.55277	4.04057	1.73771	0.734062	1.515	1.09582	2.01757	3.20031	3.75558	2.67994	2.55557	2.52034	2.2514	1.75621	4.20841	4.63151	4.08038	4.04177	2.97531	3.54146	7.30115	6.00229	2.3927	5.45745	7.72607	3.15301	5.87034	5.17573	4.62496	1.34698	5.60187	5.61094	1.99881	1.68859	3.22025	2.42082	2.92822	8.52965	6.69227	9.99756	13.2387	11.5988	6.13337	7.08565	5.67577	6.17474	5.7426	5.24017	4.99463	2.59676	2.92265	7.46006	6.06472	3.53098	9.82863	9.45001	6.05234	3.26751	5.93696	6.87762	7.98964	7.94628	6.45432	3.06226	10.0201	14.2701	12.1417	3.91758	6.92858	10.4379	9.1401	4.28776	2.83067	0.545174	0.894874	2.48203	3.11005	2.88907	3.71183	3.62447	4.87877	6.06321	4.01776	1.51116	2.51034	2.70687	6.6996	7.81006	4.62275	2.21386	4.48081	5.22017	1.4722	2.51547	3.51882	3.51781	3.23509	2.23289	0.928765	0.621662	0.770303	1.76949	1.56634	2.10296	2.01408	1.72503	1.98835	1.34264
5.14101	4.70459	3.3617	2.3785	0.773826	1.37764	1.71073	1.60792	2.22234	2.94284	3.60322	3.62919	3.45351	2.66543	0.637416	2.63058	3.74008	4.63119	5.30228	5.64058	5.11434	2.96511	1.95949	1.31931	2.62202	1.60855	1.83706	3.99586	5.81532	4.67047	4.35771	6.08275	7.45809	5.92092	2.52803	3.33225	4.88604	7.43448	7.58815	5.26219	1.77042	2.85277	2.97964	3.37554	4.8367	8.12086	0.998276	3.12373	0.359143	5.20445	4.27992	1.31813	1.06653	1.13069	2.42932	2.82793	0.616131	2.28345	3.09724	2.3062	1.65698	1.69792	2.44776	1.01039	2.3065	4.3948	7.92871	9.34545	6.73163	2.88189	2.48151	6.85676	6.84351	6.30233	5.10843	4.06216	4.83592	5.52283	5.44572	0.896327	3.8289	3.69645	4.90611	4.5903	1.53872	5.74431	5.93133	7.51661	6.93238	6.54144	5.62686	4.86224	3.44636	0.60537	4.24246	4.47497	3.66655	3.80635	5.13108	4.43646	3.38976	2.14028	2.05192	1.94423	5.41926	3.24433	0.948424	4.24645	6.01949	5.99887	4.11602	5.49766	7.01613	5.5404	6.50124	6.13808	6.72095	1.62129	7.63327	6.04554	6.75221	2.78593	5.61715	4.48938	3.91942	7.37147	8.3046	5.76727	4.54467	5.02241	3.60168	6.84724	1.39269	13.5215	11.2756	8.05153	4.93266	4.0343	5.40434	5.94836	4.168	1.09024	5.21848	3.65316	3.09458	2.80792	3.47139	3.83045	2.83001	4.11805	2.50967	0.892327	1.83425	1.76641	2.73972	4.19925	4.45683	4.88229	4.92412	4.11917	2.46668	2.19588	4.97258	3.51753	1.27616	2.36646	4.49315	4.39985	4.04584	6.76055	6.67934	4.24705	8.2251	2.85447	6.52947	4.91422	7.01106	3.96526	4.01309	6.70199	4.21885	3.04955	3.83482	3.46362	2.29053	7.79805	7.39706	7.77366	10.9108	13.1514	8.34814	7.36069	6.22091	5.60067	6.44913	6.36545	6.52011	4.3062	2.50502	5.02846	6.92268	4.28176	1.51304	5.9492	3.14715	6.58636	10.6943	9.71242	7.79368	8.73613	8.12904	7.82757	6.92888	7.5518	15.9526	9.5404	3.49868	10.4388	13.8928	10.7736	5.56136	2.02253	0.885645	2.22457	3.74971	3.43273	1.93767	0.649734	2.61976	2.1229	1.49197	3.67867	3.3178	2.93406	4.22928	7.15521	6.97126	2.75416	3.38636	6.0522	3.60979	1.43229	3.03351	2.79071	3.15398	2.92318	1.20844	0.785108	0.342918	1.9468	0.7665	1.59405	1.77203	1.02124	0.72405	1.28155
2.35291	0.382411	1.08332	1.80016	1.92248	1.83126	1.78456	1.80527	2.53045	3.55257	3.21535	2.43608	2.64729	3.56144	2.88282	1.822	3.60842	4.11344	4.23375	4.96863	4.77558	5.1409	6.13407	5.52224	4.78051	4.84576	4.01393	2.93022	3.67666	2.41894	1.55406	4.03522	2.01366	2.32619	2.02048	3.75629	5.89586	5.41048	5.06047	7.24463	6.22732	5.809	3.94769	2.10013	4.92089	5.89042	2.82616	1.85069	2.87566	5.08927	2.27177	1.47524	1.70872	1.34548	2.26182	2.61496	0.67959	3.16733	3.23947	1.66139	0.799553	1.56619	2.28754	1.66731	0.703436	4.08959	5.94802	9.86018	11.4274	10.8666	7.93261	0.274383	4.70114	2.98777	0.503964	0.629447	2.20494	4.51035	6.65945	3.64829	2.50113	1.66898	3.31602	5.58528	1.32101	5.20099	3.81174	2.10969	6.17588	4.68129	1.27305	4.36594	5.38261	7.49529	7.54329	6.49082	6.54217	5.36602	5.27211	6.83463	4.68174	2.34154	2.18912	1.81329	5.01752	1.48391	3.38126	5.40654	4.82854	4.17544	4.76588	6.02984	6.85306	5.80215	4.73342	7.66944	10.0332	4.61087	5.57353	6.53609	5.08085	4.13749	6.37016	5.8193	8.00979	5.17625	6.79707	3.79936	3.13034	4.01212	2.12023	5.90693	0.278568	9.66469	9.79765	10.7315	7.31936	2.80157	5.28523	4.96266	4.57163	1.77553	6.24362	2.37114	4.62142	2.17435	1.02462	0.498796	2.0419	3.49105	3.53223	2.82514	2.9749	2.98595	2.5769	3.25403	1.9957	1.98914	4.41343	4.7646	2.33714	2.29213	4.17444	3.14174	3.03031	5.23605	6.1307	8.30027	8.40305	7.67237	6.46277	3.56272	8.04752	4.37547	4.95891	3.87082	3.27199	6.53001	1.50369	4.55358	6.03863	5.5826	5.71012	4.50947	1.96334	3.41785	4.00246	4.44979	8.63634	13.0648	10.6697	6.12094	6.40438	5.18804	7.38459	7.53731	8.31029	5.54537	4.01766	4.38365	5.19906	3.59674	2.60434	4.14523	8.28627	8.04705	7.99445	6.9151	1.84026	6.92219	7.56869	6.13439	5.07134	2.34894	11.831	12.1592	8.89527	2.6525	8.66364	12.3689	10.6274	5.21128	1.60669	3.29156	5.3739	5.56153	5.17611	5.29327	5.88537	6.16107	3.30029	2.9675	3.64107	3.01889	3.49342	3.7876	6.95544	5.97853	0.324298	5.43716	5.67575	1.27377	2.33545	2.38969	2.29625	2.70897	2.54805	1.6283	1.88203	1.77522	0.495621	0.854305	1.17795	0.789074	0.39006	1.28696
3.37948	3.59035	2.83813	1.31677	0.936089	0.753635	0.789575	1.2203	1.79223	2.37943	2.70818	2.85831	2.29021	2.83287	4.07462	3.26631	2.04355	3.06343	4.43245	6.36141	2.9886	2.68062	4.00443	4.39953	4.79661	3.79227	2.75042	1.60652	2.52686	2.36395	2.98602	3.63914	2.00206	3.22954	3.74605	2.85385	2.07424	1.73229	6.2292	10.3397	4.62839	2.25644	3.68992	3.02089	4.96644	3.05129	1.57258	1.21922	3.93871	3.44161	1.77833	1.79468	2.42014	1.74368	2.02211	1.98754	0.783984	4.09298	3.444	2.28257	2.81085	3.20281	3.60193	2.99344	2.37942	4.90336	4.44423	5.13435	7.60677	10.4659	10.4047	6.32015	1.07804	4.75415	4.63986	4.44159	3.03312	2.99811	3.95035	4.61379	2.49525	1.48801	2.24765	4.34569	2.76714	4.82295	5.92534	3.30945	2.54286	3.379	4.9586	3.98142	3.75405	3.07398	1.8711	1.77395	4.08864	3.03441	3.73147	5.80661	3.7313	2.18514	3.59916	3.26923	6.30738	3.83442	5.1902	4.5289	3.62158	6.41325	4.57673	4.15468	1.37112	6.53097	9.48074	8.52626	10.5371	8.33324	2.80516	8.42674	3.98203	5.73868	2.63081	9.60331	5.8283	5.78113	8.0425	5.43151	7.12269	8.02822	8.55477	9.37452	5.21345	5.4897	6.95364	10.8893	8.16256	1.17019	5.48334	6.80384	7.44464	6.42646	6.81478	2.9427	6.0521	3.91305	1.99606	3.29007	2.1437	1.74619	4.40353	4.48135	0.36264	0.447464	1.82065	3.43076	3.32516	3.55862	4.91657	4.51872	1.83589	3.01368	4.49868	3.58037	3.97276	5.0816	5.89434	4.50499	4.26416	4.28369	2.67193	1.92062	4.91187	4.97094	4.7502	3.42469	2.32183	6.02519	5.25647	2.4613	1.85022	5.51253	7.92967	5.23145	3.39307	2.39803	0.988323	1.31117	6.06564	10.9418	10.6498	6.22453	5.94536	1.35757	2.21669	3.30786	6.25473	6.12377	4.51405	1.42621	3.40804	6.23668	7.65789	4.95057	7.26504	8.32314	8.22021	8.00987	4.20402	5.78985	8.90405	5.70491	5.67221	6.61154	5.86762	6.00988	7.65228	10.9116	1.79162	8.19309	10.8625	7.82892	1.20441	4.08588	5.47072	5.50302	4.33013	6.49761	8.91948	9.85357	7.75035	2.75936	3.87461	4.74346	5.47547	4.06476	2.84135	6.26539	4.13779	1.9652	6.26992	4.51416	1.1804	2.08	2.31872	2.14219	2.7885	2.33006	2.1374	1.40646	1.23942	0.884704	0.682661	0.815771	1.24762	1.34772
4.16375	3.77879	2.7292	2.31721	1.92519	0.974396	0.883276	1.04016	1.71308	1.82049	2.1557	3.09406	2.4528	3.21218	3.57013	3.90329	3.00158	1.84574	3.85997	7.28069	3.10316	2.47394	3.57176	4.01473	3.47894	2.62238	2.32592	2.43857	3.10925	3.16256	3.70491	2.36989	1.26756	1.1413	1.46093	2.75483	4.01687	3.80587	5.67003	10.2001	4.01941	4.82016	6.52713	8.16146	6.28517	2.79135	1.60503	1.47742	3.00455	3.12777	2.32536	2.71899	2.15392	1.52942	2.15532	1.99598	3.7984	6.43864	3.88924	2.69364	2.77517	1.96257	2.95513	3.79944	4.91931	6.22147	5.69662	4.61723	3.55481	9.09144	10.8944	8.5654	1.49673	6.709	3.59218	3.96605	3.63185	3.50218	1.60566	1.87181	2.83876	1.77423	1.93898	1.63396	3.43906	2.4556	5.80404	3.45202	5.1644	2.93916	4.53009	3.24838	3.02144	2.42294	2.15782	2.54033	3.60085	2.82777	2.3376	4.59333	4.94364	1.87005	3.05678	2.72966	7.11741	2.83577	8.75023	8.42551	6.83945	6.19559	1.16561	5.73933	6.99245	5.71748	3.00312	4.7173	9.68962	7.70783	0.701146	7.00891	8.56304	5.85029	1.51926	8.46045	5.92079	6.74738	6.60012	5.34765	7.572	8.18519	9.09973	10.6819	7.57531	3.85013	6.9732	11.1222	5.72272	4.36089	2.86314	2.68593	6.70792	7.42623	4.25507	2.41547	4.55374	4.84338	2.51851	0.38194	2.14254	3.23757	5.39979	6.28166	4.13491	4.51674	4.93381	4.33916	4.29153	4.35008	3.90987	2.37702	1.4872	2.82451	3.78425	4.60183	6.9502	7.66196	8.37372	5.40833	5.52448	6.70318	8.10102	7.44432	3.63633	1.10247	3.51432	3.95829	4.14789	5.50582	5.84707	4.62093	3.1714	3.7329	5.95697	4.88028	3.33819	2.77205	2.74907	2.80597	2.34978	8.10026	7.36036	4.08808	2.06962	4.0518	7.09784	5.39315	1.38511	3.4915	3.42744	5.42856	9.12043	11.5468	11.463	7.49205	1.57524	6.00989	9.31554	9.40059	7.43762	3.66978	6.98739	5.0592	5.3989	7.45201	8.57295	9.40087	8.30572	10.2784	2.41459	5.42059	8.25352	10.4132	4.02342	3.01825	5.67658	6.46565	5.80101	4.11357	5.17006	7.18074	9.98175	8.7208	10.1628	8.05826	5.68741	3.30808	2.4657	2.57536	5.07151	2.77396	3.37623	5.43425	2.94369	0.588412	2.33994	1.94744	2.12253	1.5587	0.872366	0.147429	1.24576	1.08415	0.774295	0.732747	0.935223	1.45595
0.92929	1.17272	2.78725	3.28169	2.61209	2.4543	2.94489	2.39421	1.73515	1.94352	1.77977	2.92453	4.0189	3.7028	3.7331	4.30565	4.54154	1.73072	3.68287	5.2413	2.59109	4.18965	3.92658	3.25334	3.14875	3.00734	1.95566	3.90112	3.04124	1.73471	0.345879	1.52211	4.32811	6.1459	6.35739	5.42265	5.60226	6.96473	6.96078	7.68452	3.54153	4.22317	5.02606	2.94757	4.98561	4.60793	3.19423	1.99646	1.67913	2.30173	3.37253	2.64779	1.44053	1.14339	2.3994	4.18063	6.27929	4.65722	1.59251	1.84407	2.34306	3.09031	3.27341	2.19103	3.04306	6.46461	7.68471	5.79598	2.13335	6.74808	11.8574	10.2272	0.540427	6.55658	2.60943	0.549755	2.44944	2.99822	2.76369	1.84154	1.35069	0.71996	0.891767	1.86877	2.72188	3.1452	2.91574	8.01095	0.863438	4.03154	5.11681	4.76306	4.66719	4.85386	5.07461	3.38983	1.62433	2.09819	2.40525	5.11266	7.34517	6.3239	6.36166	5.61671	8.61581	2.71484	9.14302	10.6437	4.63331	1.82108	5.98655	5.73505	3.53371	3.77903	10.8369	10.6517	7.69112	2.74308	2.28395	1.60041	6.32088	6.73041	5.51086	7.31523	5.56757	8.74441	3.98723	6.47456	8.38015	5.33208	5.46998	6.16174	5.7271	1.51375	5.38407	10.2951	6.24162	7.4118	8.63933	7.11914	2.871	1.09911	3.42695	5.40644	3.75918	2.33169	4.11987	6.1118	6.66145	5.22767	5.715	6.48611	3.41197	3.9195	3.91683	4.33908	4.18746	1.76774	1.90336	3.51331	3.29786	0.386237	2.78367	1.11645	3.21974	7.46851	11.3337	11.3684	10.1781	8.79153	6.09232	4.22009	2.81542	2.94354	3.24842	2.355	3.00115	3.98077	5.05162	3.84031	4.11508	5.89774	5.36155	4.54283	2.94766	2.05211	1.9282	2.97062	1.15426	7.05789	6.27245	2.96976	4.66658	7.00837	7.53206	6.28464	5.95735	4.11975	5.08326	9.42792	8.80834	5.24654	8.20184	5.14658	2.29475	5.30693	8.73494	8.24624	7.36409	6.76464	0.605741	5.38675	7.29764	7.49389	8.72775	9.01038	8.50542	6.6528	1.42656	3.13467	8.37389	13.8854	11.9024	3.35643	5.68905	8.03747	9.20064	7.60957	4.82054	3.48522	8.80711	9.01714	7.90183	6.38527	4.6189	3.50649	4.08874	4.29233	2.86176	3.73147	0.909278	4.63904	5.58877	3.1757	1.03075	1.44038	1.84091	1.51368	0.615302	0.953317	1.43915	1.29843	0.910508	0.782892	0.826461	0.99102
1.15127	0.838388	2.24208	3.53209	3.60858	4.03509	4.3884	3.16314	2.32789	3.14014	2.21822	2.6036	3.82031	3.92088	4.05818	4.80197	4.82981	1.59763	3.90374	2.15315	3.03121	3.55573	3.93982	3.86492	3.82402	3.96912	3.58685	2.68992	0.272949	3.19398	4.80609	5.98773	5.98174	3.69172	1.89605	3.33612	5.13741	5.55117	7.39736	7.44072	4.03932	3.52335	6.78367	4.75213	2.29258	4.10438	3.62525	3.09622	2.07821	1.79779	3.82157	1.61243	1.34526	2.85743	4.4888	5.25696	3.17678	1.09488	4.19232	4.41816	4.13938	4.17902	4.45572	4.52838	3.47876	4.91998	7.88029	6.3619	3.6148	3.3113	11.6866	12.5831	1.83498	5.46426	3.8443	3.34943	2.00834	1.90356	2.09663	2.96358	1.53133	1.70981	1.40711	1.46858	0.65721	4.76288	1.63078	8.4747	4.36006	4.22779	6.74587	7.25431	6.31042	2.39779	4.68695	8.27256	7.1136	4.93802	5.08777	6.50879	9.10658	7.83463	3.84353	5.74465	8.17182	2.81452	7.93723	8.66556	5.96632	6.7661	5.06493	1.20851	6.97832	10.7033	9.88902	2.33559	3.362	4.68661	4.76592	5.72083	2.48778	2.73325	4.82835	6.67173	6.76395	7.35607	2.93757	9.13311	7.5394	5.25652	5.5452	5.56148	6.65722	4.25139	1.35897	7.47073	9.64204	10.1951	10.0116	10.966	9.2528	5.96954	1.8897	5.81206	5.4735	5.89343	7.08972	6.45218	4.04715	2.52887	4.2368	6.44895	1.92565	2.1107	1.45246	1.44239	0.781538	5.12934	7.20074	5.93436	5.12494	1.22707	5.06779	5.38551	4.4083	1.23911	5.15749	7.05239	6.62685	5.05924	6.43384	8.21967	6.34442	3.24367	3.18583	2.79223	1.94647	2.4185	3.33171	2.00492	5.56187	7.21393	6.34832	5.73633	4.52163	3.88333	2.42152	1.84816	0.566933	5.82257	7.39233	7.18375	5.44308	4.78982	6.24906	4.12176	7.87479	7.72862	3.65328	7.70224	8.85482	0.764256	9.97068	5.40271	5.48796	6.35673	7.05153	4.62129	5.25598	8.38508	5.75977	1.79068	4.17706	3.67529	2.48358	2.10079	4.48659	1.76979	2.30334	2.93127	4.32186	9.77713	15.5826	12.7961	1.91517	5.82681	8.032	8.68953	7.69923	3.13542	3.15566	2.43415	2.89577	2.01968	2.51063	3.72751	2.76832	3.09148	3.49668	2.87103	3.04654	2.99575	6.2191	6.71413	4.13835	1.24791	1.11555	1.07032	1.36165	1.39949	1.07342	0.997121	1.66871	2.16952	2.05976	2.22871
6.67149	4.87835	2.80031	2.47964	3.2995	3.69345	2.96535	2.55433	2.14301	1.75297	1.83756	1.90038	2.13706	3.32208	4.13875	4.61896	4.21036	1.24487	2.08055	3.34593	4.22712	1.92074	3.64779	3.6173	4.16492	4.20492	2.90832	0.964435	2.60452	3.57087	3.16752	2.21166	0.759599	3.12219	3.52464	3.80525	3.27707	3.92392	4.69914	2.24942	2.79278	6.06103	6.92548	6.19883	2.48683	3.44317	4.16411	3.37664	2.59944	1.04079	3.94338	2.86322	4.14467	3.46613	2.31487	1.16095	2.43621	4.24059	4.03754	2.78451	0.871639	0.809961	1.72571	1.7145	2.98425	2.58767	4.73841	7.0605	5.88338	1.42022	8.53037	15.0604	5.10954	4.01907	2.17981	3.60747	3.47985	0.91944	1.3221	1.82595	1.68576	1.86245	1.26155	0.985496	0.720081	5.0931	0.672553	7.64254	6.74065	5.20649	4.39793	2.82054	2.29949	9.27891	10.6296	8.71614	8.71505	8.71784	8.95679	8.39837	8.37207	6.9142	4.91351	5.56935	8.61398	3.63065	6.52477	6.77479	7.16863	6.24896	3.05174	7.76741	11.673	8.7726	1.76532	9.51672	8.42077	4.57021	3.81735	5.92656	7.56626	4.96918	3.13573	8.18662	6.80853	5.83691	8.03099	9.7431	3.69221	4.86336	5.25091	6.14624	6.25634	3.92502	2.44474	1.97728	6.20324	7.58437	6.59141	7.74001	9.29771	11.2461	9.09583	0.728242	5.25857	4.39678	1.97456	0.904767	1.97684	2.35804	3.65819	6.21267	3.21792	2.35288	2.96769	2.45178	4.51872	8.00622	5.19712	6.36489	7.0756	1.45998	7.19641	3.11546	5.73445	4.84474	6.81826	4.72486	3.07086	8.7736	9.96068	8.68863	6.10834	5.80327	3.42775	0.705267	3.69337	4.45486	2.39885	1.98291	4.99304	4.6986	3.04517	1.90701	1.27436	1.43528	2.91833	3.29771	2.9324	3.85874	8.6711	9.45854	6.69353	5.88723	7.18805	5.54189	2.37703	3.99346	3.16926	4.79957	10.6896	5.81602	7.39249	10.758	9.31654	6.42115	5.34157	2.0025	1.29167	6.5789	5.08247	7.87449	11.4062	11.2492	8.37933	10.4785	12.9149	9.71469	3.1267	3.40481	3.57662	3.17841	11.755	15.5108	8.9297	6.54192	8.63465	10.0223	8.21373	1.87864	7.50805	4.12821	3.14555	5.56993	5.85862	3.93255	4.66526	4.04016	2.72867	2.95211	2.31936	0.833424	1.70613	5.1407	6.25837	3.664	1.95105	0.67762	0.91397	1.84058	1.65302	2.13694	2.5798	2.26706	1.37357	1.26111
2.93854	4.53051	3.9843	3.5363	4.67941	4.69802	3.76354	3.89277	2.47919	1.46637	3.75502	2.31138	2.00899	3.35156	3.81163	3.40089	3.65353	2.764	1.21008	2.92827	2.81011	1.97421	3.12004	2.23333	1.66278	1.44674	2.3407	2.77652	2.49201	2.92002	4.42279	5.25521	5.65335	4.38195	4.3059	5.33507	6.93096	7.73914	9.25082	2.12424	6.51857	5.91982	4.09043	4.14321	2.20393	1.93343	2.92607	3.26855	4.15708	0.755759	3.18581	2.9288	2.17702	1.9526	2.09922	2.63372	2.65744	3.32691	2.48515	2.80142	2.30731	1.57954	2.68423	3.05661	3.00006	2.36394	0.602733	4.76255	6.02124	4.08443	4.16006	14.7275	7.40716	4.14343	3.33829	4.01398	3.19945	0.770352	2.05483	0.446297	1.71598	2.00528	1.99633	1.85404	1.92188	5.00156	2.52458	5.46632	7.96416	5.80343	4.79424	6.34374	11.1608	8.97218	2.34509	4.4652	5.94586	3.30161	2.10155	0.695018	4.39211	9.03612	6.49088	6.36377	8.97433	3.58874	3.75522	3.38479	2.98031	5.70907	9.60821	9.75939	6.34055	3.04492	9.0275	7.59336	6.70254	5.69021	4.91771	4.94275	7.50829	8.12249	1.1244	6.13874	10.1829	11.5343	9.14103	2.22366	5.65936	7.18283	6.73102	6.25956	4.49139	3.27433	3.28047	3.71612	4.62917	3.0599	5.69872	4.6666	2.11189	7.1827	12.5807	10.2572	2.32523	4.02796	4.9504	4.42473	4.47435	4.64342	3.58167	4.11535	4.65185	0.541812	3.30118	0.632615	5.82875	5.85933	1.8471	7.04242	6.93375	1.005	7.59492	3.05164	4.29172	8.14521	8.72796	9.08389	1.84441	10.0765	10.0946	6.44412	1.05883	1.99194	2.74727	3.50766	4.10426	3.71259	2.47956	3.2071	5.12039	4.73425	0.80309	2.39716	3.15355	2.6199	7.98818	6.53733	7.3996	1.66097	5.75693	10.4829	8.39959	6.56153	7.29113	8.11809	7.17979	2.72176	6.53803	2.11214	6.5798	11.6139	4.59917	6.59693	8.29055	7.22383	6.86355	4.6508	1.74253	5.49825	6.17631	7.38564	8.50191	12.1959	8.89129	6.39663	7.78553	9.39679	5.38622	2.96764	3.11618	3.22672	5.53423	12.1715	13.1234	12.8557	11.5582	6.58625	4.57648	7.28836	5.45553	3.15386	1.99815	5.64975	8.81681	9.4765	8.45488	7.62642	7.19381	2.94739	1.80048	1.8295	2.08796	0.876091	4.81408	4.62522	2.25507	1.3136	0.124827	1.2416	0.990222	0.340629	0.741985	2.06527	0.950276	0.556
4.60257	1.9464	2.20037	3.40496	1.82812	0.726144	0.785384	1.97931	2.33199	3.4356	3.0336	1.0181	0.972671	2.58245	2.81126	2.73655	3.45946	3.6302	2.88336	2.67974	1.52739	3.0842	3.44862	3.47883	3.65293	3.16025	1.29658	2.06115	2.89563	2.10336	1.86107	2.41982	1.71141	1.55376	2.57493	3.85758	3.68607	6.03492	10.897	4.27227	5.73207	6.43955	4.82722	4.76017	3.80701	0.726733	1.43372	3.87836	4.06682	0.920245	1.07212	1.58992	2.22927	2.17739	2.81608	2.79813	2.35537	1.26667	2.69222	2.95998	2.57123	3.0864	2.97561	1.84131	0.934073	1.46928	2.45761	1.45805	4.62284	4.47535	5.35857	13.1692	7.00062	3.99629	4.02782	3.95787	1.59284	2.39717	1.79606	1.92723	2.03932	1.28011	1.72514	2.5444	2.82466	4.47986	5.28957	2.5013	6.40793	7.75792	7.4519	10.3524	7.89729	3.16038	6.03148	4.49647	7.25815	6.83448	7.63832	7.45264	3.7394	6.55612	9.09079	8.95078	7.2252	3.76029	3.48538	3.48252	5.61694	9.19812	9.23213	5.84747	3.06916	6.24354	5.44432	4.30592	3.64004	5.33069	4.42976	4.04186	6.06301	8.29648	4.78137	1.15863	2.85736	5.38863	4.39693	5.26893	6.13099	7.15219	8.72527	7.13842	2.75265	3.76227	6.78407	8.84695	7.96336	4.74014	8.47002	6.38699	4.35896	3.74369	6.80833	12.3233	6.20794	7.50561	6.69473	5.99684	5.34973	4.24996	3.48507	3.42895	4.79711	1.5495	4.03612	2.4614	6.64671	2.8001	4.31941	7.57507	5.95539	0.41176	7.88921	6.69727	7.01241	8.17099	4.86276	10.8737	1.349	9.71288	8.65757	6.90578	4.6579	2.75024	5.64018	6.28256	4.13284	3.21349	3.95337	4.27621	5.83219	4.16596	3.52333	3.6773	3.89967	3.4611	10.3342	7.40897	10.686	8.99719	3.08719	6.61265	8.59976	5.27263	5.0352	8.81274	10.1763	4.50833	7.03576	5.17051	1.99565	9.72548	10.1198	4.55167	3.52998	5.92377	3.79602	5.46229	7.02853	7.51404	9.00278	7.02172	4.06747	7.96121	3.23264	6.51362	10.919	9.7307	5.7664	1.61986	5.5616	7.49846	2.39488	5.75767	8.04121	6.16259	2.81517	2.59534	6.29401	6.30154	3.06178	4.46354	4.03891	4.66314	4.47849	6.20643	5.51547	6.97084	8.52332	6.58197	4.62413	3.16723	2.8346	1.76984	1.94819	4.29557	3.02128	1.35637	0.499656	0.58168	1.11623	1.27194	1.78001	2.05137	1.08413	1.42418
5.15018	4.7468	2.1193	3.26019	5.74132	6.28828	5.04023	4.06432	4.21389	3.66543	1.75544	0.957291	1.24028	1.46179	2.34308	2.74632	3.38335	3.70853	3.93924	4.27885	3.55535	3.43071	3.03236	3.19168	3.03955	2.54586	3.69701	2.55777	2.06408	3.1325	3.25169	3.20905	2.89088	4.16066	4.037	3.05856	2.52725	4.44585	8.53217	6.91081	1.65042	5.67952	5.59745	5.9784	4.20512	0.151789	2.50019	3.53253	2.9226	1.36856	2.0757	3.21777	2.01432	0.709203	3.42687	2.18747	2.12186	3.41711	2.55174	1.7539	3.48917	2.95555	3.17769	4.22372	4.08908	2.63079	2.02291	2.41585	2.41845	2.78208	2.99945	11.1771	6.09822	5.13867	4.00204	3.87634	0.875147	2.63324	1.29062	1.81836	3.33282	3.39546	3.24594	2.5566	3.24665	2.79666	4.32649	6.57474	3.18005	4.42369	7.22117	3.12049	3.58626	9.2063	5.71616	4.90826	5.49326	2.6219	1.44721	5.68533	10.2605	4.4003	8.3428	11.5061	9.78484	6.17108	1.82561	3.40747	4.21932	4.50815	7.4562	5.97528	4.72501	4.78512	3.8113	4.1987	2.25903	4.4074	3.88019	3.27726	3.84115	6.85945	7.2389	5.0552	4.24965	1.07879	4.78291	6.55428	7.03065	7.974	5.03323	4.07922	1.71188	6.60588	8.57709	5.83478	2.09052	3.90678	9.0049	8.21765	2.8818	6.71684	2.41154	7.63167	8.75706	8.41614	5.80383	4.40496	2.35234	1.20499	1.21772	1.42656	3.53182	2.47085	3.68041	2.89361	4.8855	2.45053	6.2917	6.91888	4.53477	1.59216	7.83316	9.05262	5.63409	4.83795	4.45872	11.9976	1.74936	8.30798	6.73813	7.82227	6.896	7.84464	9.36001	5.9856	2.59856	1.84295	3.87471	5.80875	5.06658	2.40593	3.99285	1.689	3.08035	3.40306	11.4977	6.54045	8.24037	9.39392	4.91898	6.08275	12.1932	8.74938	9.37816	11.9197	9.06901	2.02589	8.04496	4.39678	5.21472	7.09451	6.41739	8.75201	5.07093	1.66478	4.87934	7.39959	5.16413	2.69471	0.379531	1.01787	5.18918	8.51206	6.91633	6.49592	4.64945	3.75552	6.69082	4.26677	3.63177	2.04258	6.20461	5.72126	9.31257	11.7961	10.5583	6.43047	3.9574	2.89797	3.50448	4.98189	3.15795	4.21751	1.75066	1.53091	3.22098	3.82513	5.01487	5.03846	3.82044	3.90111	3.71999	3.17203	0.747364	3.87054	4.377	1.09092	1.60948	1.76746	1.63456	1.71148	0.733209	1.25373	0.766521	1.9806
1.77076	5.2212	2.17278	5.46712	5.3493	4.19802	4.45931	4.41029	3.30009	1.54302	1.56597	1.05099	0.573017	1.28452	2.18367	2.79861	2.92295	3.30893	3.8787	4.02508	2.83575	2.68726	2.63273	2.13861	2.71204	3.01571	2.25822	4.56078	3.6584	3.04971	3.50167	4.73811	5.10646	5.32013	5.70765	7.37311	8.1467	8.53188	7.34638	5.55034	2.2991	4.92518	7.93575	5.99231	2.69766	1.79079	1.80562	2.19501	3.22521	2.73241	2.94516	2.89902	1.66904	2.48919	0.998194	4.38961	4.21111	1.17706	1.96076	2.29549	1.26993	2.98924	2.83558	2.19022	3.44852	3.89305	1.62001	2.41654	2.16891	4.71302	4.54641	12.5028	5.94525	5.90456	2.98857	2.002	1.17126	2.50473	2.72605	2.18117	2.85292	3.88952	5.90172	1.93987	3.37148	1.84308	5.23814	7.1547	8.88207	6.19212	4.52646	8.85439	7.67074	7.10714	4.46182	7.70822	0.0437519	4.42806	3.1613	5.76839	7.88241	10.4251	0.907504	9.05713	8.49883	7.5806	2.30546	3.2042	4.87727	5.25299	7.51669	5.5558	2.92469	3.56174	1.67902	3.52696	3.42457	3.76633	5.28443	3.47064	2.95976	5.12332	6.17526	3.92685	4.78154	2.61082	2.97937	5.87184	8.49234	9.20981	8.52	4.74355	6.40391	10.5033	6.91386	1.70277	7.10852	8.80037	8.63411	7.95746	4.12724	6.86338	5.23029	1.28248	5.11973	6.31953	2.80469	3.92339	1.57152	1.10532	0.868558	2.34386	4.37442	5.2442	3.39535	3.87202	0.871323	4.272	4.73011	4.26483	2.82428	3.40728	6.1155	9.53295	7.13973	1.02885	6.11507	11.2833	4.05216	6.81703	6.74636	8.897	10.7608	11.6284	8.86445	5.207	4.14635	3.46428	7.56372	6.6923	0.861472	3.1479	1.41147	2.7245	1.55471	5.82439	13.7122	6.49366	8.94854	10.0994	4.11458	7.68556	12.244	10.5066	7.92298	8.91734	5.19088	5.09662	7.65864	3.88108	8.40386	6.8819	3.09116	5.50451	8.33285	3.03238	5.75477	7.68659	6.86179	6.07191	4.7223	4.45427	7.8368	5.48794	6.48734	7.68866	7.03774	5.01487	4.10428	7.44571	4.75247	4.00017	4.39926	4.79929	9.62053	7.91102	6.73107	6.6342	4.2611	2.03287	1.84943	3.47059	0.805541	3.48481	4.03251	2.72187	4.13824	3.86293	2.68552	3.67145	3.06268	2.04614	2.9493	4.1153	3.30136	1.56865	5.17657	3.01373	2.6831	2.5923	2.86135	2.61761	2.37161	2.67786	2.98185	3.80491
3.72269	5.55438	2.29311	5.46593	6.55791	2.15347	1.78539	2.36193	1.94022	1.31506	1.28587	1.48661	1.82532	1.02863	1.59771	1.89906	1.79516	2.33975	3.12161	3.75348	2.99717	1.66113	1.47229	2.14465	1.88052	2.54647	3.63395	2.13236	4.01824	3.12647	4.77652	4.11411	4.73943	5.33861	4.22785	3.96087	4.41137	4.46193	3.54728	3.29069	2.74158	5.32103	7.95609	5.83538	3.09297	1.04036	1.01951	0.370884	2.03866	2.95348	3.36862	2.86875	2.29019	2.99339	3.23223	0.486071	4.1343	4.40653	1.93254	1.75069	2.1988	1.29449	1.51889	3.13099	2.82908	3.09597	3.26533	0.299586	1.14022	5.43577	1.57347	13.5994	6.10351	5.22419	1.8192	2.05762	2.85901	3.37919	3.18428	0.723069	3.29218	6.13344	5.50248	1.90044	2.82897	3.8509	6.75894	6.16829	8.317	7.31923	8.2014	9.65088	5.93075	3.30052	4.8432	6.13898	4.76357	4.07138	5.08906	5.12506	0.87503	10.9195	4.17537	7.15371	8.12248	7.36637	4.50156	1.25315	3.79437	6.4136	8.77473	4.58349	4.04836	4.93373	3.61935	3.74613	3.48339	3.12223	5.74939	3.34629	2.83339	4.64164	4.85071	5.10021	5.5553	5.0857	1.97049	3.28034	6.69414	5.97142	5.92961	8.82733	8.586	8.3489	2.58461	7.72385	8.73658	11.4431	11.2609	9.13533	5.00574	6.52182	5.6169	3.81168	4.27888	4.0678	2.82868	5.62883	2.14658	3.53395	3.38323	1.77252	4.39104	7.74669	2.99032	3.57814	2.44011	3.4105	5.19843	5.92382	4.54719	5.98696	5.82279	6.49029	8.91552	2.68231	9.03876	6.76689	5.15919	1.72856	3.38946	5.59811	4.46289	1.32827	1.24796	3.98708	4.82773	5.80742	10.2608	5.7185	3.76231	2.02562	4.46203	2.18513	0.712865	8.52048	15.2905	5.35552	11.3312	9.92871	6.14171	11.2171	8.38324	8.61229	8.67621	7.46312	4.47062	5.45779	8.54473	1.95254	8.02006	7.22549	7.69789	5.4717	7.53115	5.76054	4.55884	6.9769	4.54074	3.53836	2.80529	5.77966	10.4805	7.03151	2.35811	4.04096	4.67948	9.5973	9.03886	5.34268	2.46463	7.40177	3.14839	1.42138	10.2051	5.39507	1.43901	2.84535	2.85571	1.61384	2.21884	3.27651	3.83205	4.48678	6.43409	5.55972	4.11294	4.61536	3.47478	3.50558	3.93549	2.0529	0.513822	2.26644	4.06655	2.17714	2.98303	4.05672	3.61524	3.64891	4.01289	3.58245	2.67512	1.70947	1.67704	1.15314
4.84868	5.95001	2.19741	2.41824	5.78231	4.93758	1.9375	0.655006	0.882972	1.18402	1.87577	2.93001	2.30693	2.08087	1.79403	0.894437	1.17778	1.84983	2.61975	3.184	3.02592	2.24592	0.375423	2.78171	1.65315	1.26797	3.01616	4.07192	2.11865	4.48236	5.07262	0.991541	3.61192	4.5825	3.81048	5.07093	5.75663	5.93503	5.15654	3.79373	2.1781	5.70963	5.64216	5.25648	4.30418	0.928269	2.45682	0.839456	1.2909	2.02834	2.26287	1.05973	1.39328	1.8657	3.23946	4.25834	1.14231	4.9575	3.46681	1.86341	1.05033	2.38343	1.58664	2.26145	2.46468	4.0135	5.10609	3.59589	2.38786	5.593	1.15955	13.1135	9.0327	5.26463	6.32119	4.26225	2.74465	2.72751	1.09872	3.01281	4.91938	6.42377	0.988849	4.45924	1.92415	5.98785	6.44426	4.00616	8.39383	6.44501	5.02149	6.24693	2.02239	2.56454	5.88369	5.46109	8.82644	2.91128	5.6235	3.35463	1.5705	9.10049	6.43095	5.46823	8.89862	7.84728	6.27646	5.36768	1.97729	6.39267	10.117	5.29725	6.67895	8.55513	8.33281	6.91595	4.72728	4.84422	6.12272	4.21178	4.18815	3.91721	4.94968	6.4333	7.01905	7.83276	6.04419	1.1124	5.39631	5.22347	7.61393	11.5275	13.3144	13.2609	8.17369	11.4542	11.0616	9.48486	5.04072	0.691127	2.82079	5.38997	4.97066	3.00008	2.34455	4.33165	0.329953	6.3043	2.87286	3.29683	0.591644	1.00843	4.15881	6.95401	5.20191	3.88933	1.11862	5.19327	6.45278	6.68587	5.14825	7.31449	6.4074	3.1879	8.00671	2.42565	7.76081	4.43524	6.41344	5.39445	2.654	5.05292	7.51506	7.64667	7.31217	2.53007	1.31846	5.18234	8.1215	7.07903	6.02229	4.3311	5.62696	2.76896	3.21637	11.2158	15.0562	1.37515	10.6776	6.76197	6.70342	12.3208	6.76457	1.06733	10.2877	10.9943	6.78159	3.18391	9.84304	5.45381	8.92766	10.9838	3.80491	6.10117	5.86956	6.17003	2.31665	5.85752	4.79981	5.21191	2.65075	7.66039	11.0679	5.56121	8.24488	7.19717	8.5806	9.66061	0.597843	5.15158	4.9772	7.33099	2.3607	3.21595	6.93223	6.42403	1.30318	1.49633	1.6131	1.86127	3.17994	3.79399	4.28317	2.63302	3.32216	4.45256	4.73227	4.68968	3.34384	2.95675	3.46222	1.97749	2.33118	1.44704	2.18526	3.26542	1.66912	1.40174	0.818322	1.49221	1.17013	1.26438	1.89124	1.61595	1.71466	2.35393
2.47944	5.32973	3.8592	0.472027	3.75264	6.18335	5.55146	4.05733	4.18967	4.00987	2.84388	1.39011	1.71071	2.83038	1.64488	1.50155	1.84524	1.56979	2.11726	1.77438	1.67468	2.47383	2.26598	1.46131	2.82193	1.68228	2.82068	4.24767	3.86916	1.64277	1.19375	4.9436	6.34289	7.98065	7.07063	5.73355	5.3959	5.36105	6.66614	5.48257	4.54574	9.04146	7.53516	5.34277	4.03537	0.0767291	3.20576	0.714139	2.68664	2.20622	1.18323	1.23752	1.20801	1.33462	1.90493	4.41773	1.27436	3.92302	4.50157	3.74405	2.72525	0.565787	0.953593	1.46896	3.32828	3.73986	4.00737	2.71898	2.94233	5.17493	1.8958	10.5165	12.8406	3.31387	5.16459	5.35304	4.35874	2.56214	2.19644	4.39312	5.37773	3.66845	3.6658	3.31533	4.08783	6.40744	6.14584	3.92558	5.50398	7.72425	3.22519	6.06601	1.83178	2.89334	6.4819	4.89286	10.1127	4.34025	6.9453	3.78528	2.21909	7.52183	8.16592	3.11798	7.3738	6.11148	6.47932	7.39817	6.03536	2.52244	9.07392	3.27825	5.49607	6.14717	5.36343	5.01049	3.23311	2.80004	4.30813	5.67035	6.16181	5.71744	4.96247	4.57561	2.77321	5.75054	7.41212	2.22379	3.95211	4.99636	4.3599	5.9065	8.10539	10.4975	9.12895	13.1265	11.7671	3.70892	8.59887	10.9929	11.2527	6.60337	3.92896	5.79671	7.07693	5.71493	5.36363	7.92681	7.08237	3.19635	2.66351	1.29696	2.99096	4.47854	5.8075	5.10999	4.73842	3.41563	3.54468	6.8421	6.24991	6.72148	4.69404	4.52048	6.66579	2.55374	6.31347	4.36799	5.49952	5.34783	7.01974	6.88269	6.97887	6.88226	9.96782	7.99874	3.35558	6.36159	6.30134	2.38161	1.50514	4.158	5.99258	4.33835	3.23453	14.686	12.3953	7.93581	7.39128	4.01629	11.4253	13.4617	8.66029	6.70706	8.06389	12.162	8.56202	0.937245	10.02	8.56442	5.57999	12.5718	5.97892	2.56555	6.04693	1.82806	6.62166	5.60209	2.67928	4.95413	2.68504	7.38376	11.4061	5.11457	6.8941	8.07499	8.07381	4.74883	8.54597	7.89468	7.96414	7.03672	4.7123	6.45711	6.42445	5.86428	1.45161	2.01369	0.718399	3.62251	6.55023	7.63881	5.79255	3.53312	3.88199	3.02298	1.65244	2.00081	2.4485	1.90327	2.47648	1.94777	1.57095	2.50451	1.39819	1.57215	3.70815	3.83645	3.58011	4.00779	4.0991	3.33657	1.62098	1.03275	0.40217	1.71246
3.1332	3.35626	2.51965	2.27685	2.29743	5.31217	6.14018	4.42324	2.828	1.12499	1.03235	1.93833	1.72022	2.03034	1.24498	1.65613	1.87386	1.78173	2.72524	1.88203	0.637492	1.38531	2.81817	2.50486	2.59445	2.72665	3.60899	3.19595	2.06124	4.21748	5.93916	4.44248	1.92738	1.89526	3.20849	4.54764	6.44947	5.79615	7.05196	5.3783	6.50689	7.66734	3.36588	4.10907	3.14491	1.42544	2.87335	1.84382	2.1155	4.03774	1.35245	1.78336	0.912491	0.706894	2.5039	3.85764	2.5759	1.52911	3.96749	4.32954	3.18492	1.04955	2.58848	3.06397	1.56612	3.81638	5.33598	4.66412	3.89742	3.91936	2.6233	8.16841	14.2532	5.59152	0.71302	2.8997	3.95373	3.27872	4.61425	5.70777	4.76747	1.55739	5.04229	1.45282	5.50523	6.44163	4.74818	3.58552	1.1617	5.41829	4.63598	5.64404	4.25949	3.97997	4.10798	2.33937	7.61139	4.13871	7.02899	3.91201	4.52517	8.23306	8.5681	3.04951	7.82862	5.61943	4.80253	5.25447	6.25158	0.798719	7.57543	2.74942	6.47753	3.8848	2.04931	1.8233	5.12067	4.53088	3.51821	2.70837	2.14768	2.43902	5.19601	5.03222	3.49213	3.64095	5.60439	6.57705	2.17555	5.01989	3.70811	4.85969	5.33197	5.81124	9.42434	13.1138	6.3734	5.4888	11.2478	7.57257	6.13898	9.16537	7.89707	6.75087	4.41574	2.85235	2.03009	6.14372	7.7053	2.64924	2.03483	3.13149	3.51664	3.44607	2.88204	4.64129	4.92364	6.08047	3.02973	4.43682	4.82292	3.75557	4.26386	5.49179	7.27958	4.65159	5.22739	4.92868	7.65815	8.54842	8.66033	6.67203	7.9988	8.45199	9.76814	11.1974	2.39301	7.51407	8.45768	7.53354	7.33363	2.2852	3.34291	2.31185	1.71451	16.4066	11.2669	11.8228	15.2324	14.7763	13.1217	11.7864	9.59132	9.30991	7.22658	12.0547	9.11783	2.97731	8.82825	9.29023	4.26941	8.43306	8.43295	6.37539	4.05373	4.33351	7.78524	4.10539	4.72855	3.79483	0.851301	6.35785	10.346	8.40009	6.01185	7.73769	5.92056	4.67195	10.3899	4.29395	4.03649	5.08421	4.29091	4.14891	4.72147	4.52544	1.80661	2.86813	2.15143	5.8098	6.38628	9.69056	7.98072	6.467	6.83166	6.68694	6.0427	4.30559	3.5723	4.01942	4.04753	2.87888	1.08837	0.868527	1.30069	2.19047	3.16006	3.33784	2.83319	1.95596	1.54554	1.2227	2.16191	0.11033	2.41209	2.4164
3.00904	2.46832	1.86927	3.42108	3.65279	1.16333	3.89488	1.90758	1.87189	2.58663	1.78503	1.27748	0.969377	0.875533	1.08041	1.67838	1.30249	2.37935	3.00824	2.17026	0.853224	1.13756	1.30632	1.43296	1.5466	2.09681	3.17309	3.66643	4.54716	4.18585	2.31128	0.714228	2.35231	3.70756	5.77244	8.34392	9.29374	9.35052	8.01119	4.11123	7.32295	7.94203	5.31793	3.83002	1.69841	0.81153	3.09762	3.0513	1.42209	4.42992	1.55403	2.01543	1.7757	1.68467	3.35775	3.31896	1.65904	1.30804	2.53875	5.09062	3.9646	3.44685	3.42952	0.583762	2.77111	4.80785	6.66093	4.76986	2.74038	0.689694	3.84076	9.18583	13.1689	4.20665	1.72467	1.50228	2.30676	3.53976	4.25268	6.45233	3.82906	5.90093	2.7561	2.77379	5.97415	5.20361	3.73561	6.44035	6.76256	3.00834	1.10125	4.67653	5.33354	3.66262	2.76803	1.16067	5.3497	4.90341	6.21494	5.43761	4.27353	10.2326	8.44787	3.6729	9.51298	6.06264	4.45481	4.97897	5.66529	1.83044	6.27007	4.1854	6.75996	2.15924	3.23293	5.03839	7.03549	6.79439	5.53149	4.25304	4.03467	2.0907	4.07352	6.39312	5.20943	3.46699	2.68948	4.7999	2.2116	5.01981	7.26077	9.17882	10.2403	10.6698	8.57913	2.48619	7.41994	11.7414	9.66294	6.00052	1.18818	1.91339	1.53161	3.28753	1.86041	3.40084	4.26209	7.20056	6.75791	3.39212	4.7174	5.26754	4.76314	4.04083	3.50549	4.29742	4.24067	7.71091	6.62625	3.83695	5.30229	3.96596	6.00018	3.3344	3.63323	4.30185	6.42648	6.45184	7.77458	8.86542	8.40727	7.68425	7.50724	6.33116	7.42703	12.4463	5.72997	6.83097	9.43504	1.97999	5.9797	3.64853	4.84407	4.39892	4.62078	14.9738	13.1577	4.05844	12.1746	14.9857	12.1332	8.67938	10.0369	9.85085	7.20974	12.9046	9.27706	1.4316	6.80942	5.70388	2.20231	3.75265	7.57449	9.41388	5.31653	5.6427	9.27401	4.93657	0.623571	1.79544	3.8241	4.87003	7.62803	10.2883	6.9805	3.27059	4.59327	10.4277	3.9679	3.96082	4.41913	3.45721	3.72655	4.22501	3.59674	2.74844	1.52529	3.55605	1.87882	5.52696	0.974846	7.2331	6.80382	4.63828	2.82099	2.85217	4.2993	4.5459	2.2049	1.7613	3.94505	3.95934	1.71086	1.29462	1.73125	2.58553	2.66483	1.3511	2.19976	2.5071	2.04254	2.40468	1.41096	2.04153	2.69003	2.23258
2.82063	3.13476	1.7992	1.37665	3.60332	1.17719	4.1307	1.46308	1.8107	3.25293	2.63619	1.47738	1.0876	1.31449	1.74531	1.66093	0.785668	2.68973	1.94726	2.08651	1.90172	1.9631	1.67483	1.47543	1.11325	0.616617	2.29001	2.76658	1.84205	0.52102	1.79746	3.15207	3.76556	3.91334	4.80934	8.34191	3.30702	1.72668	2.85094	2.32029	4.97821	5.41084	4.61148	3.6483	3.10203	1.35504	2.938	3.41042	0.776949	3.65148	1.9719	2.23222	1.53661	1.69298	3.39823	1.55198	1.96045	3.04581	1.43094	2.9825	4.59247	4.52823	2.40341	2.63374	3.30769	5.03304	6.24266	3.46448	0.92205	4.21433	7.35698	9.9746	8.88549	1.74093	1.63528	1.64735	3.81206	6.21688	5.49087	2.69975	3.88236	4.51392	2.35438	3.45638	5.40952	5.06514	3.54658	2.9521	5.31454	6.314	4.03507	5.52113	6.25299	5.01977	2.5329	1.92704	4.63167	6.05315	5.14627	5.70024	4.81967	10.9208	8.54692	2.95871	10.3291	6.88967	4.32514	4.96912	5.30987	0.404008	3.87023	3.93174	4.30951	4.01772	5.91119	4.87892	7.67232	7.4086	4.62196	2.70625	3.38319	3.8458	1.75593	5.94266	5.48603	6.06267	4.36966	2.50702	2.51895	1.00853	1.89291	3.08027	6.34057	6.48441	5.13231	9.50164	10.5868	8.30616	6.01835	0.524771	5.4927	5.3047	4.43514	4.48932	5.11571	6.80626	9.01082	7.2672	3.05664	2.06022	2.47873	2.65357	0.599494	2.66146	4.26678	4.48142	4.04753	7.60494	7.9939	6.53206	5.37247	4.92894	6.2609	6.87176	6.75392	2.61029	1.93459	2.06523	1.03524	0.746705	1.18393	1.27329	2.01799	4.01835	3.78837	11.3385	6.50659	4.60571	8.09061	4.01866	3.80963	3.36456	3.92489	2.8087	5.86889	10.5146	12.6737	14.1404	6.67381	2.16244	6.21698	6.52013	10.3405	11.7257	9.49262	12.8846	6.36865	4.79419	5.90614	2.04238	4.52736	4.2831	7.15203	9.72442	6.14539	4.70587	10.4466	5.73425	2.71226	6.34047	6.82147	4.00094	3.38841	9.37295	9.89497	6.45085	4.08215	10.0006	7.08178	7.83	7.65021	7.42761	6.24629	4.33998	4.80115	4.14535	1.39674	3.41225	2.10568	4.4853	0.935071	4.57679	4.77995	2.83307	3.38568	3.57387	4.13318	5.41249	3.77083	3.4	3.538	2.75241	2.13398	2.34927	1.32111	2.13131	2.64491	0.997599	1.71926	3.26885	2.90295	2.10554	0.182117	2.84892	2.59712	1.66407
3.32274	3.35009	1.27862	1.53575	3.29203	0.441574	3.09796	2.83114	1.75678	2.19783	3.39563	1.85886	0.69096	1.83504	2.38044	1.91738	2.18286	2.50935	1.07576	1.49316	1.51139	1.61665	1.62261	1.24564	1.13372	1.1619	0.642792	1.01271	2.73279	3.70517	3.23035	1.88382	3.16186	3.88797	5.65567	7.68432	0.445618	7.52641	8.67953	7.18022	5.5194	5.19563	4.21115	3.61006	3.55902	2.02675	2.82475	3.66049	0.788542	2.69335	1.52469	1.63252	1.25078	0.726581	2.61188	0.352493	2.60905	2.51783	3.49061	2.1115	0.295681	1.42437	4.30931	4.52579	3.25974	3.84797	4.02477	4.24007	1.13153	6.66428	7.04627	5.32247	3.58334	1.28068	1.43554	1.24017	4.33873	6.75737	3.95053	4.11685	4.70388	2.55558	1.88188	2.86281	3.9495	4.00417	3.32717	3.2504	1.90762	3.34385	3.73613	1.78504	5.56184	7.01509	5.32098	4.22569	1.3502	4.88297	4.2911	4.173	5.90026	10.4904	8.39435	1.54259	9.19649	5.52177	3.51761	6.18642	7.37779	4.02195	1.13081	3.76579	3.42331	5.04531	7.62587	5.08746	5.81294	5.45364	2.94354	5.24791	6.14735	7.05861	7.49047	8.40633	7.77263	5.9805	1.50461	4.48618	5.1155	3.68923	4.44435	4.20472	2.92167	4.74515	9.48673	7.86383	4.90688	5.63981	5.90527	5.75932	8.29906	7.70323	8.53358	6.18172	3.9835	2.8734	10.0061	10.5377	0.972289	4.91376	3.62295	5.31814	4.2557	2.51748	1.22511	2.57296	2.22438	5.33301	8.26062	4.22149	2.80739	5.18854	4.17593	6.27792	9.43598	8.31246	6.7062	7.46362	7.57688	7.12621	5.92958	3.92346	2.76342	4.94243	2.25314	9.99916	5.7589	4.6972	6.11606	4.71947	2.85917	4.80311	2.10656	2.01499	8.06041	9.36485	10.6687	11.4033	8.03995	11.7077	11.9465	2.5882	7.35121	11.9759	12.8324	12.0758	3.80364	6.11992	4.53793	6.69144	5.85884	3.63771	4.23477	8.83753	7.32534	5.67337	11.6011	3.46351	6.18727	8.00757	5.76947	4.29108	0.654771	6.51555	9.45746	10.2419	3.94355	6.0348	7.80989	6.95402	6.42271	4.27875	3.63085	4.4273	4.29208	4.81872	2.15655	1.25874	2.82203	3.75663	2.02488	3.78772	5.06953	5.33172	4.39139	2.9401	3.5248	4.89576	3.95405	1.75992	0.816286	1.53286	2.75538	2.53449	1.44631	1.82326	2.23896	0.641529	1.98117	2.46307	3.00408	1.88381	1.66449	3.7703	2.97523	1.7912
2.43806	0.386731	1.73323	2.61421	3.08229	2.65207	1.20163	3.41008	2.84089	1.768	3.08935	2.55147	1.42616	0.789654	0.907812	1.139	1.82306	2.69861	2.32203	1.79882	0.690499	0.67008	1.03233	1.00557	0.993039	1.28221	1.44541	1.44478	2.65784	4.07848	3.02154	2.83511	2.06227	5.55847	4.47324	4.38093	2.59347	9.04252	4.03501	6.52158	5.40948	4.44462	2.20104	3.07004	3.1682	1.73662	1.84676	3.54141	1.8033	3.12726	1.81273	1.90764	1.47367	1.19657	2.40875	0.768419	3.20397	1.76066	3.05422	3.70177	3.99124	1.85084	5.30492	5.36038	1.7682	2.15583	5.04725	6.54057	3.39162	6.64502	6.46707	3.10441	1.99377	1.89296	2.53489	3.30815	3.73009	7.58488	4.12884	2.18733	5.12966	5.18632	2.61899	4.34289	5.24792	6.40051	5.78617	3.05688	4.77572	5.61086	6.64169	4.13789	1.34723	5.07194	5.79554	4.78801	0.727974	3.44463	4.27421	1.46343	7.30554	10.5714	7.36176	1.9672	7.82632	4.82147	3.83419	5.17124	5.75312	4.61239	3.64111	2.74314	2.73027	5.10524	8.57995	9.3319	8.83989	7.86342	2.92287	3.58889	4.7685	5.00121	6.93579	7.4804	5.64684	0.25641	5.44502	5.47656	5.11968	3.41401	3.87691	4.19094	7.47855	2.51067	7.14307	11.0798	10.1142	8.20867	6.95479	5.61979	7.85422	6.89745	9.18665	9.82878	11.6561	6.67955	10.4853	11.6855	4.39388	7.72713	5.62019	1.63762	1.6879	4.07093	4.46766	2.83815	0.63186	4.15455	8.55733	3.25395	2.53582	5.48961	1.69074	1.41593	6.08021	7.21302	3.08246	5.40203	4.16971	3.64363	3.29412	2.67071	2.89672	4.7563	1.72771	7.35274	4.91414	5.5304	4.71029	3.81273	2.11643	4.07724	2.51358	0.446269	10.7426	11.3951	10.1119	2.22499	9.51433	9.91348	13.868	6.28561	2.97456	0.855606	3.36766	5.14158	3.94713	7.74075	8.88358	5.54991	3.93997	0.889033	3.27492	7.15022	7.95087	5.29506	10.351	5.87083	6.80611	8.98075	2.87011	6.50987	1.12293	3.21259	4.24303	8.53001	9.49086	3.22275	1.08351	2.055	4.49636	4.1527	4.96053	5.09112	5.154	6.03889	4.95621	2.3727	1.20239	1.30314	2.00041	2.85349	5.70115	7.45127	7.29988	6.20388	6.49082	6.75209	3.79437	3.05604	3.89843	3.096	2.45045	2.54099	2.58884	2.08672	1.402	0.957284	1.69206	1.0806	2.29927	2.71267	1.66552	3.74207	2.09042	0.352526
0.959248	1.77483	1.43466	1.76746	1.67048	3.59192	3.4716	4.73941	1.62824	2.97073	2.38151	3.53577	2.206	1.96221	3.4897	3.53934	1.7916	0.664037	1.73724	2.28983	1.73392	1.78089	1.76577	1.91121	1.95522	1.69776	1.23673	1.12559	1.05797	4.67071	3.73816	1.81257	2.79616	5.86891	3.82099	4.12207	2.66081	7.87331	6.24815	1.0785	4.61096	3.95975	2.97987	2.4419	2.49534	2.08977	0.70886	2.45801	1.68911	2.34299	0.378816	1.73796	1.73837	2.34103	2.11834	1.42225	3.60176	2.28369	2.62749	3.76	4.60101	3.43546	3.75085	6.07262	4.48737	4.47848	4.01707	6.19194	3.77359	4.48965	5.9554	3.29435	0.622367	3.20166	3.05436	5.06461	0.313908	7.17367	6.57815	3.6104	1.54482	5.14667	2.56015	3.98911	3.33848	4.55597	3.67971	1.98451	4.11172	5.90484	5.133	4.49044	3.48998	4.42178	6.17562	5.51942	2.31741	2.95399	1.41024	2.94437	8.06226	9.71324	6.05762	2.05117	5.71013	5.84748	5.90905	7.03221	4.21931	4.4218	6.63793	7.02075	5.51623	0.642281	4.96757	7.72669	7.38605	8.24911	4.95075	4.1455	4.20768	3.98962	2.89385	2.55075	4.38636	6.60087	7.41812	4.45126	5.25635	4.2438	3.22124	5.31479	7.6336	7.9833	1.72512	5.8735	9.28512	9.88387	7.51685	3.90834	7.81965	3.87215	6.76771	7.18918	10.3556	6.42185	10.0582	11.1941	2.87579	4.55687	5.71177	2.81372	2.33589	3.41408	3.42484	2.30152	4.59181	5.30535	9.40708	4.43949	1.60674	7.67146	4.20454	4.35336	3.45044	8.09228	4.97148	4.29235	4.5061	6.60185	6.68164	4.27321	1.83196	2.92599	1.33052	4.29752	2.58879	4.56976	4.31109	2.98904	1.85266	1.81189	2.79745	2.45342	10.9034	11.3633	9.66466	5.78265	4.53922	10.6927	9.64078	7.47219	8.76769	10.7754	11.1169	10.2346	5.41222	1.48855	3.41131	7.55887	5.80293	4.90931	4.61667	3.52837	8.66567	2.87165	9.88401	8.23982	2.71257	8.76538	1.92805	7.68306	6.09386	4.40855	4.56036	3.61982	6.76511	8.36327	7.31885	3.09701	4.47417	3.34913	2.82967	3.84762	3.82953	4.13904	4.967	3.06384	2.94229	4.34547	5.99893	4.9353	3.54137	4.1301	5.18146	4.44471	6.0614	7.55989	1.54329	3.38374	3.6729	2.78999	1.70185	2.05274	2.71837	2.23908	0.636906	1.02109	0.979226	1.01206	1.77322	2.03625	2.18989	2.50711	2.06556	0.68151
3.33882	1.38789	1.62057	2.14675	0.648732	0.989229	1.67371	3.00216	2.44678	3.29407	0.325822	2.2295	2.28103	3.6126	2.7462	1.11073	2.51744	1.76305	0.131902	1.80695	2.72029	2.62596	2.12813	1.92502	2.05747	2.18364	1.24068	1.7041	1.71122	2.04502	4.88986	3.79882	3.8721	6.31336	1.73424	3.14737	5.71541	0.933339	8.35645	8.57759	4.21335	0.57272	1.18449	1.62654	2.49594	2.32844	0.256682	1.07431	1.85694	1.6043	0.659557	1.91571	2.01059	2.77634	1.07427	1.78269	3.16112	3.01685	1.54747	0.786022	3.88185	3.43497	1.47685	3.05523	5.49426	4.63901	3.88054	5.20939	3.5835	2.35577	6.07186	3.70515	1.00386	3.6551	1.6067	4.53214	4.37348	3.667	6.2314	5.23158	1.19822	4.02648	2.53773	2.26812	2.5302	3.77491	5.01752	4.17009	1.97686	4.45024	3.41197	4.39672	4.13279	2.79773	5.55304	6.55741	2.07755	1.36644	4.55617	7.6092	7.97354	7.94397	4.34732	4.51539	4.5282	1.4219	5.29135	8.19335	6.81285	6.21261	5.47972	6.38344	6.60642	3.43094	6.67315	8.01985	3.60714	8.03504	7.21607	5.802	6.44048	6.62717	6.07558	5.94674	7.38178	8.38943	6.46086	4.54229	5.61581	4.31246	3.12222	5.951	1.34712	7.72822	5.32279	2.52433	4.07647	9.71322	9.30603	7.37213	8.08655	4.81811	7.01996	6.4252	9.80524	9.08105	11.531	8.33498	0.364625	5.1314	7.74233	6.04383	6.48977	5.01812	3.00628	5.78129	6.52546	4.55292	8.98513	5.97917	3.67443	9.82617	3.84146	6.68953	3.92133	9.91707	7.70352	2.28833	5.91999	5.60212	3.75215	5.36217	6.18295	5.57996	3.69761	6.2686	5.0884	5.40971	2.32508	0.591344	0.676291	0.661073	1.9345	2.25713	6.68409	11.322	14.1137	7.65113	4.2177	9.67682	8.70518	7.59028	7.57128	7.06471	7.247	9.34454	8.20617	4.86682	3.01095	6.79903	9.36023	7.57589	6.46975	5.7295	7.91324	5.51617	7.54837	10.1399	5.52264	5.59446	5.58406	3.75462	8.19256	5.97262	5.53421	4.67109	2.02497	2.43059	7.05223	3.57759	4.91474	3.72493	3.1432	4.36597	4.75939	5.06408	4.79296	0.349071	3.13191	3.08569	4.78026	6.95364	7.51717	7.73912	8.22539	6.90495	5.41865	4.56576	2.35025	3.51318	2.6576	3.18942	1.72201	0.536063	0.398073	1.24061	1.39874	0.978771	0.1668	0.51622	1.53268	1.43468	3.49645	3.11061	1.58564	0.479765
5.42092	4.20497	2.9022	3.1178	0.744685	1.16135	1.51939	1.97923	2.34922	2.9476	2.16114	1.78366	4.66091	3.07738	1.05111	1.46741	1.02759	1.08134	1.5214	1.35707	2.21914	2.38247	2.42763	1.97304	1.55762	2.29063	1.41196	2.38345	2.52655	0.400994	4.34803	5.83751	3.59328	2.31843	2.81136	4.54107	5.09034	5.76754	1.55444	8.86515	9.7576	6.45927	5.63987	4.17381	3.5798	3.1476	3.01435	1.76538	1.5335	2.02524	2.46778	2.43668	1.88969	1.79717	0.915896	1.57862	1.79189	3.27296	2.08928	2.63521	3.39568	1.52486	2.83999	2.45771	0.995011	2.03038	3.75104	5.03394	4.16435	1.31714	6.2728	6.77134	1.52332	3.6075	1.68151	2.87991	5.29991	1.7773	4.98302	6.53659	2.82745	2.34064	4.0568	4.02476	4.58673	2.62432	1.38743	4.88435	4.66251	6.12694	2.9042	3.47597	3.77493	2.11138	4.84666	7.54554	2.26032	3.52239	7.052	7.41366	6.1975	5.98991	0.747467	8.13459	5.4087	5.53688	2.98113	4.99282	2.83731	3.47981	5.01955	5.73241	5.01176	2.37628	4.96082	5.70562	5.77642	8.04257	7.99685	4.25285	4.91674	6.42572	6.10396	4.00381	6.17075	7.32046	4.72551	4.69208	6.17702	2.49332	5.66512	4.87898	1.38193	5.6618	5.49984	4.5655	1.36291	6.67127	9.30248	8.92404	5.73231	1.22674	0.879088	3.30019	8.01988	6.66622	4.35186	2.45067	1.75976	3.7647	7.37951	8.11001	3.7152	4.99486	5.08074	7.78712	6.95655	4.25364	6.76065	5.96846	5.49771	10.6835	7.17865	5.06126	4.44555	4.93902	3.92139	2.03864	4.53122	9.0179	7.24555	10.0091	9.59255	8.45869	8.16526	10.804	7.68694	6.63307	4.98764	4.82949	2.90796	3.06132	4.38785	3.31225	0.596203	3.92851	11.1676	10.1824	8.95411	10.9961	7.78788	2.6369	1.28791	2.79412	2.88282	9.01053	9.9193	6.17876	4.59978	3.09129	7.97226	8.04973	7.06475	7.86569	6.55315	3.94837	1.85723	5.65554	9.11091	6.11751	4.19779	5.02702	2.56129	6.84162	6.33549	4.15844	4.45143	5.21432	5.80442	1.29727	7.74822	7.08105	6.36784	6.39127	6.47697	5.29814	3.48832	2.046	4.15958	4.57907	2.47051	0.903557	1.33951	3.15378	4.42625	4.17575	4.71963	4.82052	4.66777	2.80639	1.00592	3.11909	2.88509	1.61224	1.87849	1.72645	1.39372	0.504445	0.149193	0.339278	1.60554	3.54017	4.61636	4.07407	2.9682	1.14062
2.40395	2.38353	2.54449	2.86675	1.49341	2.98774	2.75415	1.55047	1.78934	2.14577	2.31892	0.615848	4.13262	3.06258	1.95991	1.49033	1.17403	0.14993	2.03048	2.35662	1.17535	0.836452	1.88905	2.13402	1.69844	2.36697	1.31602	2.71448	3.03928	2.75806	3.38961	5.60644	4.57639	3.70862	4.30105	4.1033	2.94087	5.97327	5.40679	1.90776	8.0888	7.50018	4.7867	3.96418	3.37632	5.30053	4.87713	3.7603	2.97011	0.728123	2.79229	3.09546	1.82448	0.853364	1.89134	1.45155	1.12334	2.88263	0.605917	1.71522	0.88299	2.6475	1.9725	3.91254	1.19903	2.7718	3.39306	4.64768	3.85118	2.59504	3.14949	6.86022	2.02799	3.27248	2.47847	0.907827	3.70606	3.98495	4.1167	7.79749	4.69578	1.75626	1.77907	1.67076	3.63509	2.04288	2.0231	3.5214	4.03128	6.74341	4.49275	1.61524	2.23172	1.53052	6.21752	8.22309	2.25288	5.97936	7.55409	7.16445	5.46892	3.54795	2.89169	8.85135	1.24965	6.17558	3.50115	6.68381	7.24843	6.63604	4.34751	5.27518	4.22152	2.67723	3.88186	6.24661	5.45256	6.5322	9.1882	5.36456	5.02975	7.20643	9.12782	6.11335	6.16843	4.61076	4.54107	6.67497	5.05064	2.97895	5.77899	3.48203	3.41849	3.34217	2.82688	4.91472	3.55499	2.20251	3.34597	2.82487	6.46953	10.0842	11.1906	8.96679	4.47793	5.97321	6.43016	6.72379	6.7766	3.79707	3.4283	8.77632	9.43883	3.16256	8.13063	8.70298	6.23406	4.78426	4.47281	5.99676	6.27319	9.9979	9.31129	2.74248	5.98247	5.85154	7.86297	3.75134	5.07785	8.17482	6.06053	7.41133	5.95718	7.69203	11.4582	7.66292	9.33374	4.04241	5.41158	5.92771	4.69132	6.27168	4.90531	2.56917	2.38284	3.15882	2.68235	7.35928	7.11431	13.4279	11.0414	7.79366	8.27455	6.95597	5.32501	10.0647	9.06545	2.56305	2.47608	2.64171	1.20766	1.42065	2.27117	3.9298	4.65925	7.93468	9.34653	5.94849	1.42294	6.78728	5.71513	4.03833	5.55186	4.17433	4.41571	3.37122	3.57659	5.0298	4.19814	3.54653	7.79392	5.41262	5.8996	7.48686	6.01096	2.40714	1.74676	1.51556	2.00654	4.66526	3.75897	4.10409	6.52117	8.58692	9.60081	9.59252	8.77513	5.64882	4.47825	3.57419	1.71305	3.15604	5.05883	4.11221	1.24797	0.725014	0.24233	0.777588	1.00403	0.50669	2.50321	3.39511	3.45676	2.51604	4.19153	3.621
2.50791	2.6973	2.29145	2.03983	2.99352	2.9742	2.51581	2.69147	2.82862	2.79951	3.3657	2.53482	4.36905	4.45808	2.34254	0.705557	1.71221	1.88786	2.2281	3.23409	2.17629	1.3604	0.7442	1.14968	2.2542	2.88657	1.92489	2.65278	1.98706	4.38683	4.13547	4.43056	3.02288	0.673462	3.07716	3.1209	2.63746	5.76516	7.10584	3.45187	3.52763	5.18263	5.92492	5.79651	6.0351	4.18113	4.15737	4.52539	4.92457	2.95111	3.18774	3.4303	1.10815	1.43947	2.49673	1.92034	1.63517	2.45683	0.31057	1.2385	2.59569	3.55411	3.36126	5.09351	1.10962	3.0573	3.09611	4.02962	3.0729	1.9953	4.79396	5.32259	1.43272	2.66033	2.07572	1.34691	2.3011	4.32767	0.82451	6.46656	6.56414	4.20711	3.21083	1.5892	4.349	1.99091	3.23612	2.89521	3.72991	6.26553	6.77314	5.68005	3.4804	3.79633	7.39641	6.37889	2.18259	8.14634	8.03065	6.82777	5.3301	0.857795	5.83378	7.88183	1.50335	6.05334	2.39944	6.98034	5.63744	3.69711	4.05308	4.94911	3.91291	3.07486	2.6634	4.1514	3.46143	4.15568	7.55026	4.87462	0.661512	1.4237	5.29845	6.64278	3.85769	1.93755	5.4472	6.79443	4.65849	2.93285	2.83244	2.01571	4.83125	4.67388	4.90028	5.71064	1.21286	4.62714	5.43122	5.8356	8.94312	10.4262	11.2279	13.9724	12.4528	10.9485	8.33502	8.12254	9.13171	9.82195	5.02057	3.44758	8.82805	6.39137	8.38618	7.74404	3.96046	4.53552	1.65408	4.80521	6.46155	9.43774	11.0101	6.48263	5.58165	6.67017	11.1316	10.8006	7.3461	9.09267	10.8621	8.17572	7.72413	12.9178	14.1373	10.433	12.5285	8.2111	7.66795	7.37511	5.02526	5.11336	2.80984	0.0726893	6.31944	9.03404	7.93316	1.67189	10.8797	14.3076	10.4201	7.14833	5.69873	5.9692	6.79447	6.45242	5.23191	8.11274	7.67713	6.89746	7.2701	8.67998	10.1853	11.1378	10.6548	8.29067	5.54631	5.73169	4.70011	1.47435	4.39013	2.51212	6.3478	1.76936	0.900728	2.22676	1.87006	0.727281	2.82699	3.46414	5.88816	8.47122	8.58957	5.91232	4.56638	4.16682	2.93842	2.85982	1.06077	3.69841	4.47265	4.92694	4.51676	4.03593	5.25064	4.8384	6.73108	5.24336	5.068	6.1149	5.68818	5.08176	5.78245	5.40343	3.04736	1.79551	1.34407	1.01262	1.48089	0.371635	2.77415	2.29832	2.03217	1.28032	3.33138	5.53372
2.27711	2.33763	0.661514	2.20572	3.36857	2.5123	1.21818	1.01946	1.77102	3.68002	4.41055	1.75739	1.32218	3.86943	3.57402	1.77095	2.43524	2.36321	2.44141	3.52608	1.94572	0.777546	0.925334	1.26085	0.541234	2.28764	2.78271	2.52215	1.48892	1.67908	2.96994	4.15531	2.47372	1.85598	3.42527	2.61002	1.77534	4.6395	8.56986	5.79937	0.975777	4.63447	4.12185	0.19364	1.54929	3.53875	3.61057	4.19339	5.51661	3.85265	3.02789	2.89116	0.616807	2.27301	1.91625	1.24026	1.54199	1.68376	0.636772	1.27107	3.13641	2.32945	2.74388	5.80962	0.513838	3.34603	2.47992	3.97878	3.70803	1.81304	3.97926	2.73522	1.59484	2.39442	1.41267	0.71407	2.12933	4.71247	4.99727	2.10638	7.4682	7.63445	7.10926	5.60993	6.15489	1.85832	4.25218	2.79267	2.57281	2.50188	4.39318	4.02895	3.21287	6.76914	7.36974	2.48044	5.74949	8.26431	6.62668	4.51419	5.05095	4.97714	7.36186	6.0799	2.31818	6.21013	1.57448	6.33079	8.196	6.57255	4.64356	3.61477	3.30456	3.04252	2.12903	1.71409	4.34168	6.32034	7.98466	7.34007	4.88808	5.03152	2.34693	3.29214	1.09437	2.59227	5.51976	2.85283	3.6418	3.21004	2.59079	4.09558	5.69683	6.11	5.06844	2.05467	2.18502	5.38766	4.64188	3.464	7.21932	8.00501	4.37615	3.361	5.8684	6.25113	5.88768	6.30459	6.53285	9.14728	10.4778	5.44804	4.2125	3.4074	6.96832	7.32694	2.78842	3.63449	4.44171	1.43674	5.06399	6.4866	7.52764	4.03492	3.56187	2.0992	7.40973	10.317	9.49936	11.4302	12.2745	11.3341	12.2096	10.5053	4.71181	6.91735	12.9185	11.6139	10.0213	9.40393	6.25819	3.6866	7.5612	4.80689	10.6742	6.415	9.66838	10.5739	14.7033	10.0977	7.89373	10.3579	4.12864	1.64972	1.94145	5.19592	10.0131	10.8756	10.0719	8.84018	9.8596	9.80438	7.39883	4.8639	3.38522	2.07243	8.64958	8.16607	5.40708	3.63409	3.38714	2.20877	4.3716	2.42701	4.73148	5.56115	5.35296	5.83844	8.12251	8.8233	5.23333	1.66655	6.17905	7.61316	7.34061	5.01726	5.20331	3.4245	2.8807	3.86403	5.80553	4.78213	1.93389	0.476032	1.67543	3.52293	5.70827	6.52725	6.12209	6.21316	5.63587	4.49126	5.50807	3.40365	3.7589	3.54636	1.83899	1.02017	1.29949	0.82888	1.82516	2.51645	2.38994	2.02073	0.798163	4.2215
2.32449	1.95045	0.559564	3.06884	2.53989	1.67724	1.67284	1.99223	1.67279	2.80519	3.89185	3.49601	1.48297	2.68819	4.61363	4.47334	4.40934	2.65232	2.23143	4.60998	2.6144	0.874869	0.213437	1.07937	1.52067	0.421407	1.78883	1.93168	1.30851	1.28187	2.42103	1.15354	1.93426	1.86865	3.73725	1.93402	1.53766	2.89521	8.08326	6.7984	2.35044	6.37185	5.07549	5.42836	4.7741	1.6321	2.58677	2.62048	3.45479	2.85106	0.971453	2.54721	0.898608	3.13656	3.03502	1.21327	0.913962	1.22293	1.31771	2.09823	1.74025	1.07466	3.47023	5.82465	1.54398	3.43914	2.85514	5.15956	5.28621	3.35549	5.37147	3.47625	1.28497	1.77339	1.51406	2.69158	4.41969	4.97785	7.82751	4.21359	2.8596	3.55216	3.90513	7.60074	10.9222	7.29866	2.87213	3.24469	3.14343	3.35113	3.51315	3.58533	5.79386	7.06405	4.97558	3.48911	5.97916	5.21933	4.39272	4.44475	5.09632	2.01525	4.37155	4.23638	1.25647	4.44862	5.98809	1.24951	6.17093	6.41919	7.1629	5.0833	3.46507	2.7068	1.461	2.612	7.01454	7.59644	6.57469	4.77201	2.41772	4.80734	6.46433	4.90294	3.75563	6.35257	6.13421	4.03553	2.84721	5.39896	4.10759	4.56304	5.7374	4.64708	0.813505	4.79758	5.21427	4.8214	5.59159	3.55447	3.74295	7.51954	8.16452	6.20147	2.90893	3.47543	3.34857	5.56789	5.84096	5.82184	9.14559	9.57241	4.57069	1.37964	7.2386	7.46948	4.66794	5.68757	3.28371	6.93755	9.77052	9.94672	10.2182	5.24068	4.58929	3.41153	3.82204	5.77891	4.56067	1.19193	0.835152	3.81455	6.8253	6.49616	11.0442	8.59758	3.17196	2.76164	6.01907	8.43903	6.82433	8.45816	8.64384	7.21074	14.3109	4.54073	7.1786	11.1276	13.6827	9.74811	7.66551	8.24951	3.85119	7.361	8.68987	8.80002	7.0134	5.62466	7.44126	3.82471	3.7298	3.00178	2.48072	5.0278	6.93254	8.76743	10.0986	4.9721	1.26149	4.51848	3.89686	1.79167	1.54323	4.13821	6.8483	8.05416	5.61529	3.78169	7.21719	6.22473	6.26898	5.03824	4.31736	0.849986	2.98444	5.05417	6.37072	3.43957	2.87958	1.79136	1.72106	1.03405	1.38874	0.972634	1.09177	3.04329	4.40497	3.68478	3.01337	2.12354	3.28105	6.53597	4.09545	2.83977	4.87341	5.87359	4.32128	2.16252	1.10047	1.81794	1.6811	1.378	2.70181	2.45042	1.08473	2.74734
2.0096	0.622578	1.77747	2.80628	1.32505	1.46982	2.60503	2.29375	2.4092	3.2282	2.29667	2.02617	1.97745	2.24835	1.5775	2.60208	5.24553	4.66348	2.59051	4.61467	2.42961	0.383915	0.19492	0.391407	0.880195	1.50164	0.681417	0.170492	0.76255	0.665053	1.7176	1.6525	2.52864	2.21972	2.30838	1.56432	3.15636	3.31155	5.35524	6.45569	1.64441	6.25292	3.37504	2.40649	4.27776	4.53364	3.76935	3.50727	2.81192	2.78984	1.59539	3.51619	2.12389	1.96029	3.30304	2.53774	1.89655	1.31875	0.782153	0.744234	1.46647	3.07878	3.75142	4.19967	0.243056	3.46383	3.00454	5.30681	6.44514	2.16783	5.92061	5.19728	1.34998	1.79093	2.1466	3.20913	4.29116	3.09461	7.31243	5.81421	6.14515	7.29106	5.20124	0.902032	7.1409	9.3228	6.15741	4.74802	3.84235	3.06745	2.79093	4.50844	6.05772	4.43558	1.84129	2.48231	2.27719	3.62764	3.65577	2.8085	4.78531	3.22056	4.42876	5.20067	4.18312	0.323401	6.27286	1.69401	5.78161	4.94057	5.9733	7.25799	5.55985	3.73107	2.39949	2.40991	6.573	7.63506	6.84005	7.00934	6.01204	4.05953	6.30238	7.8095	7.81294	7.99636	5.53491	6.10646	7.3579	7.06973	5.59729	4.09746	2.34095	1.5711	4.99834	5.70139	4.89787	5.78005	6.95607	5.01771	4.01243	2.87981	3.76463	3.44889	4.12451	5.72985	3.42987	0.896609	2.34217	4.11438	2.00779	4.87136	7.09039	6.33021	7.1117	6.21814	3.9153	3.63888	1.97485	9.55748	6.72408	4.71264	5.68367	3.09859	6.65558	3.30958	2.87067	5.7276	10.6847	8.37309	6.01013	8.64118	0.384591	14.45	12.9655	11.1057	13.1319	12.9186	7.61202	0.908053	5.3648	9.77041	7.05768	6.6592	16.1188	5.63601	8.08305	7.28017	5.09303	3.02148	4.3897	2.42171	5.06697	3.80875	1.42091	1.8591	4.33869	5.68225	7.5707	4.5151	4.38715	3.53695	7.17068	8.2034	10.2964	10.3104	6.63065	1.04016	8.83381	11.1123	11.3624	9.75965	7.20008	5.72434	5.61564	2.74965	6.88914	2.41356	7.63381	1.5791	5.1089	3.99503	3.34145	3.15237	6.79082	5.56975	3.11991	4.01685	4.68944	2.30317	2.15051	3.20469	2.57259	1.38803	2.21904	1.05333	2.59135	4.00249	4.40781	3.85413	4.28127	4.0113	3.42648	4.05685	5.3572	6.70889	7.05519	3.71031	1.79084	2.15316	1.62371	0.612464	1.75254	3.24732	1.84722	3.04788
2.67225	2.67689	2.65291	0.705799	1.92429	2.52578	1.72089	2.36546	2.68894	2.89456	1.56962	1.06053	3.88109	4.98991	4.09557	1.99363	2.78418	4.62505	2.85228	1.89155	2.98857	2.09838	0.68365	0.536046	0.804335	0.477582	2.57772	3.11584	2.40244	2.29005	2.77264	2.20889	0.992364	0.796307	0.852702	2.91644	4.12568	3.33324	2.82285	6.04197	1.2315	6.20037	3.48718	2.9742	1.3943	3.3248	3.65815	3.25125	1.28368	1.37904	2.35001	2.58787	2.51401	0.675956	2.32715	2.23408	1.9184	1.83422	1.7038	2.2045	3.3666	2.7738	0.970731	2.75148	0.818356	3.31635	3.66156	4.64255	6.30056	2.9394	4.8066	6.74251	1.52751	2.38443	2.98729	3.66941	2.92254	3.01718	7.32739	0.89988	7.22472	6.34315	6.35879	7.5327	3.89253	4.40385	6.58663	5.03619	5.06613	6.23312	5.02298	3.84454	4.09886	0.892619	2.65081	1.77695	2.11387	4.61478	5.49937	4.7377	6.91163	1.43044	4.66621	3.18329	4.12804	1.63368	5.59071	2.53799	4.82661	4.88002	5.70116	8.02671	7.95584	6.79326	5.30819	2.93301	2.87983	5.60533	8.09629	7.8221	9.41104	9.23224	2.99172	3.20286	4.82576	5.60799	3.75424	2.95431	2.53533	3.36553	3.20279	0.708294	4.26851	5.02506	4.62396	4.52995	4.60628	5.44524	4.69978	3.85211	5.24423	7.36892	7.97495	5.91258	3.3065	4.83591	2.42734	7.43436	9.91078	7.99685	5.92086	2.71231	4.35168	11.2647	10.3715	5.95771	4.41258	4.00973	1.92716	8.80747	9.11117	9.1456	9.0776	4.86962	5.89707	2.84904	5.8251	4.89649	8.61998	7.1636	7.0773	9.82219	1.74813	15.4616	13.7126	2.07492	5.68565	7.66457	9.81209	8.61257	4.16526	8.11259	8.5692	8.10705	14.831	8.11757	9.07553	0.288838	7.12995	9.54352	9.40128	5.58771	4.1734	3.73246	4.71986	5.37625	6.99917	8.78681	9.79565	7.60975	7.16399	5.72163	6.2862	6.57318	7.51861	1.93361	2.90794	3.14258	6.96129	5.32954	1.19131	6.34261	9.02488	7.94436	3.54952	2.83859	6.16957	2.89962	6.73193	3.09437	3.97106	4.45346	3.75489	0.676194	6.58507	4.52138	3.89395	2.6624	5.34794	2.12425	2.88678	3.43544	0.834609	2.63481	1.24895	1.69167	0.983482	5.11867	7.65728	8.31726	6.56094	4.4669	3.67155	3.97184	3.76187	4.84586	7.04089	4.76034	2.45772	1.0601	0.559379	1.28095	0.638605	2.3076	2.75955	3.41595
3.65175	2.69805	1.69484	1.71035	2.19298	2.42358	2.54068	1.20578	3.34625	3.16603	1.1544	3.01149	2.65575	1.76556	1.66643	2.24195	0.358911	2.51415	2.7957	1.37977	2.40931	3.72087	1.72342	0.493485	0.945189	1.46224	1.69607	1.56501	1.46889	1.15281	1.39931	0.955114	0.573057	0.990465	2.01022	3.4807	4.09448	3.68913	3.08287	5.87396	2.11304	6.69969	3.3188	2.69052	1.49271	0.315571	2.38931	1.21621	2.60849	4.94359	5.16525	2.72059	1.02273	1.25968	1.6727	1.98707	1.71136	2.03295	1.83732	1.72399	2.11363	0.468499	1.48466	2.89986	2.07613	2.86513	4.55747	4.73418	5.66168	3.20631	5.14193	6.7068	0.86925	3.12614	4.03819	3.87025	0.26219	6.49302	4.63592	4.03205	7.80184	3.13744	3.52173	6.52272	9.19823	1.22559	5.45222	4.6463	4.38201	6.48344	7.69084	6.46429	3.85102	3.57942	3.81146	4.34432	3.46555	1.29927	5.74554	7.33186	7.20832	1.82222	7.35681	4.07862	2.47513	2.43847	4.16703	4.30802	1.77408	2.76316	4.16428	6.36406	6.36819	5.85212	6.26792	5.77969	3.27663	1.14047	2.72795	5.40172	8.70763	8.82193	4.278	4.41019	5.2481	4.8619	2.53118	4.21956	4.45441	4.70448	3.84673	2.97838	4.24413	2.05506	2.5135	3.81868	2.78133	2.22688	1.96066	3.52271	4.04335	4.60491	4.71746	2.12597	3.65052	7.31574	5.54245	9.1926	6.73721	5.59877	5.40496	6.05371	3.24959	7.53142	14.899	10.9566	5.83287	5.4104	1.6655	4.47476	5.72437	4.7117	6.35754	1.26938	5.47976	3.39159	5.93017	9.85744	0.12036	10.9543	9.61375	6.80558	1.12597	13.8431	13.6195	7.95412	5.72515	2.5777	4.68794	5.82113	5.34948	11.4244	14.2428	11.0451	10.1193	12.2462	9.3005	9.7256	3.02747	7.3995	8.84	4.39212	5.29021	7.13568	4.25258	1.09642	3.4248	4.46734	5.34158	4.61971	6.20488	5.40387	8.04884	8.23953	7.30285	2.32457	6.20743	3.80639	0.903115	6.57107	4.68675	2.06314	3.47713	6.05853	7.49495	4.87687	4.4771	4.50506	5.09421	5.09402	4.44313	5.3484	6.38138	2.48679	5.75214	6.74774	1.70612	2.73256	3.69772	1.92582	3.42378	3.49473	1.19577	3.05713	1.14556	2.44668	3.55075	1.04119	4.53415	7.84993	8.69128	6.17483	2.9119	3.66898	2.50555	4.31614	6.3089	6.40376	3.75993	1.17216	1.31747	0.976018	1.08641	0.798857	2.27025	1.49424
1.40409	0.216913	0.872728	2.6782	2.69655	1.7156	0.770487	1.65207	3.05146	4.22764	2.08327	4.86399	4.12914	2.37536	0.910709	1.16064	1.90159	0.140703	3.04385	3.13963	0.438338	3.62427	2.56386	1.40875	0.859312	1.2453	2.09553	0.922845	0.406277	0.507236	0.608742	1.10357	1.33054	1.91169	3.12575	2.0025	2.48971	0.966392	2.32705	4.35459	1.83234	6.08286	6.30774	5.98374	4.61944	3.7576	3.34487	3.10984	5.99236	4.02154	2.812	3.66452	1.5942	2.53177	0.880492	1.40985	1.80247	1.99059	1.64069	0.637541	1.50233	1.47829	1.49257	3.26143	2.48762	2.42361	4.54947	5.16796	5.32259	1.92502	6.32863	5.24474	0.991033	4.13082	4.38119	1.91333	4.09016	6.38687	1.01917	6.56854	6.89567	2.05381	2.37683	3.77256	9.88104	6.07295	3.20797	3.66907	2.76447	4.63218	6.33295	7.18543	2.50052	5.62367	3.59437	5.34471	4.80305	2.73019	5.28862	8.64326	6.49801	3.48439	8.09895	2.32644	2.1785	2.43474	2.26147	4.83117	2.98163	2.16474	0.53215	4.19297	5.53772	4.55541	3.24694	2.96376	3.30724	3.00008	2.66453	8.18385	8.69127	6.10724	1.91995	5.32904	6.78697	7.43696	4.0396	5.35431	5.23997	5.80697	6.18896	2.44189	2.91482	2.33121	1.89843	2.95587	3.19402	2.96909	1.98313	2.91076	5.59852	3.8182	4.06185	5.87423	6.17687	6.60541	7.47833	7.27251	0.945402	2.64536	2.39813	4.00451	6.01544	2.12483	10.3339	13.396	7.62359	5.19504	3.39192	2.70234	7.42011	5.34177	4.48896	1.52772	6.5316	4.34385	6.19361	11.3121	5.28052	10.6188	10.643	7.07727	2.19529	12.0384	12.2056	8.23428	10.5392	12.5828	11.1351	4.91505	10.5454	8.59613	10.0862	11.0564	3.69928	14.9824	6.11814	15.7865	4.02394	11.6783	12.3614	9.57065	9.45605	8.22772	5.03907	3.01613	4.34051	5.25731	3.85707	5.14392	4.36864	4.94009	8.59681	5.34439	0.854643	4.91737	5.79808	1.97055	5.72898	7.0287	4.47229	0.747552	5.22688	2.44613	3.3866	5.55325	5.74195	5.01955	6.86302	6.06192	6.47435	5.59666	8.0982	6.3005	3.17582	6.89466	3.89274	1.98546	1.49726	1.22807	3.65485	3.41625	2.40234	3.66359	2.03945	1.88745	4.89795	2.86125	0.810284	2.73526	6.74979	6.90827	3.95372	4.15126	3.36156	4.45112	5.69082	7.3306	5.63141	3.0601	1.26627	1.52571	1.57659	0.953815	0.264153	1.81434
2.84607	2.61746	1.17357	1.60204	2.97919	3.16327	2.45864	1.99779	4.19344	2.85646	0.881384	2.16307	2.50288	2.43537	2.15282	1.60547	1.12272	0.999875	2.19212	3.74668	0.952841	2.41867	2.68436	1.91494	1.01454	0.668723	1.52433	0.807746	0.719426	1.28646	1.56516	2.16209	1.968	2.63152	1.93682	1.77908	3.84491	5.17164	4.04266	3.42661	3.13429	1.27986	3.51007	6.61336	6.60787	5.59278	3.59977	5.17722	5.86499	2.43681	3.08191	3.89867	3.43188	1.82444	2.80461	1.27419	0.674143	1.40191	1.50649	0.606158	1.03351	1.48191	1.7535	2.78732	3.45339	0.76199	4.36138	5.93026	5.72781	0.924843	6.46796	2.83661	2.95872	4.37078	2.86541	2.17228	5.101	3.5325	3.68497	6.21726	5.2378	1.36781	1.40379	2.0277	7.52795	8.10379	2.52892	4.74002	5.61457	6.91082	7.52304	6.15858	2.3913	6.43889	4.14421	5.66141	5.00937	3.83092	1.95625	8.75954	8.21714	3.27964	7.28431	1.75709	1.41633	1.90065	1.33031	3.82593	3.39407	4.05288	4.29012	1.32831	4.12472	5.23748	4.29141	4.3504	4.38856	2.9589	2.69389	8.97967	9.21076	6.00278	5.68345	3.92126	5.09123	6.80457	1.52343	3.81265	2.88373	4.45866	5.34396	3.75853	1.8261	2.63399	1.45176	1.39519	2.97294	3.43373	1.96149	1.65126	5.21346	5.40966	7.12243	7.97708	7.02884	5.90481	6.72241	3.79235	3.54654	6.31958	7.15185	5.82869	3.2248	3.87538	3.81925	12.0127	10.9696	6.3179	5.08302	2.81295	9.16914	8.7713	4.92658	3.61796	5.91902	2.85755	3.08432	8.59426	8.4383	6.69541	11.7697	8.91837	3.73985	9.64771	13.4874	13.0898	16.8009	16.5563	12.3634	8.88024	9.86372	11.6166	5.27472	12.3803	6.78601	14.4235	3.01982	15.8119	7.87513	11.5955	12.5309	6.21197	5.86491	5.32789	4.9238	6.44607	6.16903	9.28322	8.70841	8.34683	6.19445	6.66033	3.88654	5.15595	8.74131	9.55624	7.36514	4.2753	3.9885	6.43574	5.92872	5.62855	2.51821	3.82484	3.52577	2.02513	5.74921	6.03421	6.76185	6.26595	6.50814	4.91012	7.91468	7.13373	4.09862	5.71383	4.40935	1.62188	1.11332	1.97955	2.576	2.51993	1.62544	4.54873	4.14019	3.25717	5.32006	4.24805	2.44232	1.6273	4.33301	5.65836	3.16685	0.94866	1.27872	0.922476	2.97772	6.99066	7.43788	7.18243	5.40818	1.93111	1.0449	0.623782	1.12997	2.13555
2.21886	1.48238	3.63716	2.80279	1.86578	2.26288	1.93889	3.991	3.16733	1.3695	2.76808	2.86878	2.77639	1.8245	0.424524	0.924454	1.28363	1.51185	1.71811	4.09796	2.95656	1.69019	1.62029	2.22205	1.5269	0.371827	1.78403	0.910236	1.24003	1.64549	1.7169	1.65547	1.26285	1.6475	1.5228	3.21724	2.50045	4.18719	5.02868	3.32509	3.9205	4.42184	3.85209	1.72983	5.60018	7.38631	3.48258	5.59761	2.28838	2.00442	2.62982	3.7143	4.53881	2.28848	1.08646	2.06544	1.22855	0.779205	1.27175	0.492888	1.14868	2.12073	2.26407	1.90732	3.89277	1.24501	3.74069	6.01759	5.82107	1.33827	6.73057	1.31509	3.81471	3.86617	1.4422	2.81908	1.4202	3.33646	3.60995	5.84273	4.76384	2.54181	2.67623	2.05435	5.23664	7.89909	2.5019	4.52664	6.95962	6.63837	5.87397	1.26509	6.71812	5.10141	3.60463	4.31919	3.42931	4.09899	1.59317	5.86912	8.79125	6.82884	3.17106	3.54992	0.759432	1.79609	1.53277	2.17622	2.40017	3.31789	4.25429	4.39742	2.38866	5.9107	5.64811	3.70626	2.49802	1.66926	1.34768	7.22312	7.38654	8.33617	9.34848	5.88907	6.71394	5.40634	0.424646	4.35975	1.89814	3.1973	5.56024	2.48141	3.7806	5.1383	4.13206	2.71734	2.61341	2.63584	3.33115	3.30637	4.19333	3.03064	2.54796	3.55261	4.00428	3.60373	2.84848	4.63836	6.62711	5.73918	3.56475	2.13998	1.30445	2.76386	4.15527	7.48288	11.2154	7.01794	6.84176	3.93501	5.51708	9.66523	5.13909	2.45474	4.11988	1.16752	3.46075	5.42925	7.37268	0.712259	11.6079	13.7572	8.17039	2.44098	11.1335	13.1432	10.3619	7.33926	9.22578	10.8359	6.18324	14.5298	6.16811	10.8803	9.73808	9.72642	5.74309	12.5798	11.0437	8.33592	11.4102	6.56891	3.9494	3.86423	3.50603	5.84693	6.78282	10.0959	6.62521	2.6823	1.02512	1.78549	2.96029	8.79629	7.06204	6.66435	7.21767	7.53619	6.11321	7.41877	7.0574	7.71264	5.30109	2.30408	3.93187	1.68734	1.41473	4.3818	5.24566	3.73194	2.82675	1.54773	5.71944	7.34752	5.00582	5.16098	1.67482	2.20771	1.31833	2.44661	2.45645	2.2754	2.40981	2.18046	4.07826	4.13637	5.69537	6.62669	5.1986	3.96143	2.24319	3.10922	2.88384	2.5329	2.94038	2.74669	1.64128	3.19514	5.30134	7.24041	8.43974	5.04931	1.32626	0.708694	1.69886	1.85534
2.07874	2.46985	1.24735	3.48609	5.22061	5.51111	3.73877	1.64099	3.65825	4.93269	2.92783	1.87392	1.89298	1.91835	2.09608	1.55693	0.49782	1.11711	0.645894	2.56098	2.87622	2.04468	0.812262	1.56915	2.08858	0.744148	1.93723	1.65266	1.30969	2.52309	1.5669	0.609846	0.678368	1.17023	1.62288	2.14862	1.73016	2.93552	4.62801	2.61834	0.896573	0.79545	3.65475	4.07391	2.4653	7.00232	4.37009	5.73793	3.72948	2.98452	1.89471	2.65518	3.43355	3.36816	1.31051	1.01565	1.18345	0.63775	1.59302	1.26788	1.6482	2.37621	1.81673	1.76854	3.3796	2.36121	2.93496	5.84854	4.89574	3.43373	6.05532	0.29805	4.07824	3.48115	0.434932	1.59981	2.67046	3.09274	2.19977	4.74843	4.72222	3.98934	2.25405	2.13643	4.94271	7.62671	4.33218	4.27972	8.66099	7.81797	3.64382	6.33008	8.05305	1.25539	6.14846	4.75047	2.98246	3.6755	2.06078	3.35508	2.0924	7.57132	5.67798	1.75256	1.82807	2.0699	1.72216	0.924051	1.52787	2.49497	2.33317	4.86101	3.01425	3.97864	6.36419	4.32944	3.132	2.47241	0.2469	4.98041	6.60158	6.41668	5.01517	9.12197	5.72791	4.90239	4.70536	2.69601	3.06756	3.24742	5.27841	3.60778	5.16485	3.7826	2.04227	1.98154	2.30059	2.56603	1.88712	1.59751	3.06623	3.2881	1.25572	4.76918	5.34552	0.176984	5.83169	8.92308	7.88025	1.95485	3.81314	4.02035	1.49924	5.9456	5.76503	5.51073	8.44401	5.97681	6.34964	7.02504	1.67405	9.50911	7.59977	2.3438	3.89806	2.59691	5.44935	5.00166	5.50711	4.76591	6.18523	13.1037	9.01923	6.61582	2.8063	3.00581	6.15762	11.1631	10.6416	5.45739	5.772	13.8124	9.73154	7.02161	10.6373	3.95754	9.48456	6.46442	11.9602	6.22623	7.15696	8.60411	3.13482	2.16401	3.45407	5.64034	7.9577	6.96008	2.44615	7.51848	7.26959	6.79214	3.8926	10.8251	5.91664	4.1409	1.8058	1.41895	4.31484	7.73059	6.21469	7.27445	6.67132	2.1617	2.40599	2.53759	2.66741	3.83142	2.79464	1.20538	2.08076	3.574	1.58996	4.77409	4.4543	2.77887	1.78254	1.72626	2.90252	1.48185	2.23781	2.12745	3.16317	2.37643	1.05898	1.57445	2.82993	5.28283	6.63235	5.33467	3.08446	1.17683	4.64725	5.64898	3.91544	1.64727	1.00614	2.25515	3.06974	4.42449	6.65836	4.95946	3.54653	2.56715	1.14224	1.97219
1.66958	2.72283	2.34736	2.60165	2.8259	0.750047	2.1006	3.88908	4.81814	4.40343	3.99221	2.34895	1.34104	0.639286	1.47349	1.66666	1.62738	1.41242	1.11536	0.651121	1.26863	1.56116	0.733776	0.946773	1.6502	1.43441	1.45881	2.36094	1.08693	3.11714	3.37834	1.55806	0.752421	1.23302	1.88701	1.60064	1.04241	1.57511	3.1586	2.57014	1.50225	1.30751	2.14784	3.47776	2.03371	3.43793	4.72489	3.726	3.73364	5.56566	4.17071	2.86509	2.54675	3.40578	1.52198	2.0843	1.79628	1.31061	1.82553	1.77325	1.67435	1.58995	1.04482	1.87893	3.14018	3.3259	1.38178	5.84452	5.02452	4.71453	3.03916	3.80549	5.16154	3.31245	1.62206	1.69353	3.52888	1.97649	2.78648	2.32555	4.80833	5.57266	2.19412	6.66422	7.20633	6.27765	2.66307	3.32842	8.2676	8.11329	6.66515	9.31408	5.82376	5.05266	6.9887	2.38557	0.915624	2.66616	3.99018	3.79273	5.84757	3.93113	9.71231	5.31786	2.45321	1.78055	1.58512	0.663763	1.91097	3.33166	3.52703	4.47935	5.83069	2.18752	5.27351	3.66612	2.7986	2.80382	0.652675	1.31064	2.51189	1.86429	5.92971	9.42869	3.58882	4.5364	6.20065	2.39063	3.46432	2.68186	4.94609	5.26632	3.90252	0.471617	3.7243	3.72029	2.00283	2.72414	2.21092	1.09723	2.24796	4.44276	5.32358	5.04851	5.65514	0.964874	9.87608	8.54511	1.81502	5.86258	5.17311	7.68473	1.27787	9.86807	2.84186	1.25767	6.37799	6.24066	4.60492	7.18607	3.24728	6.72967	9.3898	5.08488	4.96482	3.73926	6.85946	6.66439	6.4791	5.51501	7.8484	11.2054	5.58852	3.75622	6.46683	0.783565	10.586	12.95	5.71785	3.28867	8.05342	10.2709	10.8876	4.0952	11.8705	4.85284	9.63393	4.06963	9.7821	9.25288	4.53834	7.00046	6.57083	3.0115	4.89252	6.29485	3.12115	3.52394	9.88069	10.2281	7.36303	8.42885	1.88204	10.5367	6.48543	2.17023	3.26476	3.25895	4.13326	5.84055	2.12753	4.74464	7.03043	4.4929	1.52272	3.21392	3.54864	2.73663	1.2999	2.9026	3.28759	4.41008	4.65539	2.34616	0.297443	1.28739	2.97215	1.81868	1.80555	2.7806	1.19474	1.42198	3.41312	3.7392	2.53793	1.25891	1.14885	2.68755	4.78146	4.96724	4.91654	3.8567	2.70401	6.22541	6.18848	4.57211	2.75249	1.71989	3.32948	4.66872	2.22364	5.47801	7.6495	6.21029	3.37735	1.13788
0.573858	2.3345	3.24817	2.63519	2.13667	5.25718	5.74832	4.51858	2.7921	2.20008	3.10672	2.55392	1.35951	0.713525	1.37308	2.13182	2.2999	1.95757	1.93057	1.3583	1.08254	0.731132	0.85207	0.733967	1.5882	0.920879	0.83057	2.40236	1.8365	1.68763	3.87621	2.73411	1.2104	0.994835	1.215	0.387254	1.54413	2.59016	2.47704	2.36062	1.72325	1.27535	1.63649	2.60777	3.5101	2.50363	1.72477	1.96772	1.12728	4.60729	7.19744	2.87555	2.67685	3.61067	0.841255	3.36496	1.42872	1.72302	1.71693	2.05324	2.17724	1.58085	1.32785	0.650557	3.00142	4.02698	1.35876	4.34048	5.47558	3.97158	2.06811	5.43851	2.53687	1.23373	1.11798	1.80231	3.17912	2.77039	2.14797	3.10542	4.14531	4.46374	3.95003	7.78019	5.39813	0.546221	4.58497	5.99971	4.37472	4.74092	6.86868	6.06976	3.22418	6.7799	6.69936	4.96543	4.59934	4.48027	2.93129	1.21146	7.02196	7.13885	8.20728	10.2062	4.64298	1.46612	0.750585	1.67551	3.17337	3.04343	2.57611	2.53519	5.79786	4.14	4.85652	4.66422	4.53837	2.36771	1.67888	2.77187	2.58427	2.24577	5.29597	7.83239	3.85376	3.22141	5.75018	2.98174	2.90688	1.23183	2.44358	0.613214	1.78776	4.20419	4.7609	2.47707	2.83015	3.91816	1.34532	2.08339	3.84881	5.53743	5.95549	5.31918	4.47296	2.81361	10.6836	8.55791	8.81957	6.17702	3.33219	7.42292	3.45548	10.7927	3.78987	2.86701	5.58694	7.43273	4.00036	5.61749	5.4266	1.9651	8.49287	7.22378	5.78129	3.51527	6.79855	5.59441	6.00104	5.711	11.5279	10.3899	7.22419	6.49502	6.5184	1.30243	11.0497	11.0947	6.64102	9.32531	7.50458	4.09171	10.4545	3.89746	9.02648	7.98226	6.33755	7.08284	4.10047	8.35827	5.26134	9.96012	9.74351	6.53976	5.45842	1.71727	7.67113	12.1035	11.9869	9.16974	8.16916	9.8513	4.81109	6.53887	9.85788	7.17321	3.73588	4.78046	3.80016	4.6616	4.51609	0.382031	6.35103	6.94413	4.20862	1.79013	3.17887	3.02384	1.92348	2.24802	3.01853	2.09315	3.56601	3.26185	2.66197	1.02982	2.17837	2.9214	2.03158	2.45633	3.71539	3.34247	1.7345	3.52264	4.36926	0.88643	2.78541	3.09871	3.66224	3.71561	4.04678	6.11838	3.90572	1.32619	4.45437	5.25813	3.9316	2.91459	3.80839	3.41946	5.00018	7.07979	7.76701	8.45294	7.23182	3.64253
1.531	2.18094	3.35916	1.22603	4.45052	4.26344	2.76342	2.03413	1.66028	2.05982	2.70239	2.33081	1.47061	0.961642	1.24921	1.86506	2.3927	2.01547	2.44159	2.42249	1.41402	0.672718	0.562016	0.581307	1.94376	0.867129	1.05224	2.40944	3.16044	1.05933	2.70663	2.70262	1.04406	0.740016	0.830452	1.08786	1.98883	1.45459	1.14903	1.47888	0.975991	1.43289	1.42018	1.20476	2.75877	5.24584	5.82356	3.7237	1.9315	3.14088	7.18107	4.94214	3.05137	2.58792	2.16734	3.87068	1.39641	1.94658	1.68665	2.26582	2.37497	1.13488	2.03599	3.07739	4.07924	3.63953	1.10168	0.981879	2.25977	2.37601	4.36003	4.13226	2.49919	2.25366	0.726997	2.5416	2.38869	4.56599	3.27607	2.47805	2.78448	2.13864	4.84555	7.25427	1.70656	4.82076	6.9071	8.94688	8.29977	4.68659	3.74656	1.34593	5.55772	5.20643	3.22094	2.23328	2.24573	1.8419	2.18096	3.27826	6.22018	9.05547	2.896	8.86543	5.8553	4.47908	2.01201	1.7788	4.59094	2.23678	1.40372	2.08771	2.53612	3.62695	4.60134	5.02165	3.34722	0.870635	3.83986	3.03829	2.96472	1.47652	3.06014	5.9674	3.62607	2.74016	5.01518	3.84947	1.16568	2.23098	4.07748	4.37773	4.23452	4.32576	3.7198	1.27394	3.31828	3.18846	2.02512	3.75004	4.14256	4.41578	4.77018	4.18961	3.9681	4.00234	9.21789	9.65111	6.55925	4.97847	7.69664	1.00716	7.42864	10.4789	5.65276	5.56969	3.05042	7.32165	4.72245	5.43059	6.92715	3.49558	4.45726	7.67837	5.06442	1.84999	7.02272	5.07834	4.73989	3.72063	8.98382	6.09583	5.4507	6.42897	3.89008	5.10319	10.735	8.94721	0.266348	9.28872	5.40758	2.0335	8.54602	8.96953	4.0041	8.2857	4.73714	7.02495	1.71938	6.26251	5.48206	9.63142	5.26743	1.33962	0.388869	5.77503	12.6896	11.6875	8.09538	4.78217	7.11699	8.6309	5.79091	2.25353	3.16307	5.18883	6.95425	5.49703	4.3526	5.49326	6.1664	4.16806	2.71313	5.95631	6.32511	4.14979	2.85934	1.90916	0.324205	1.75987	2.69643	2.13676	1.65985	1.96883	2.46585	2.5043	1.57867	2.43952	2.90179	1.68593	0.8648	2.77171	3.82355	2.03477	3.33255	3.85364	3.0188	1.19651	4.0602	4.20647	1.0915	4.08167	6.63942	4.67563	1.93854	4.32485	4.891	5.07306	4.74682	2.36414	5.44821	5.28457	5.36068	7.85639	8.59441	6.39708
3.19984	2.32104	1.02457	3.4114	3.08917	2.91539	2.61051	1.8831	1.42987	0.739867	1.92618	2.26218	1.90477	1.95557	1.16483	0.960432	1.39599	1.01199	1.62106	2.51007	1.73239	1.50882	0.989251	1.32948	1.79587	0.708755	0.641105	1.80269	3.51015	3.31925	1.62102	2.28198	1.1515	0.968285	0.924305	1.37695	2.51558	1.50879	1.74438	2.51976	2.08949	1.30752	1.07747	0.905744	2.33248	2.53106	3.24619	4.90749	2.81002	2.51906	5.36842	5.49807	6.24301	5.30906	3.83241	3.82878	1.88971	2.44526	2.16358	2.21673	2.26792	1.22999	1.28021	2.30882	2.79646	1.93743	0.515052	0.988078	1.0255	2.68296	4.27025	3.14229	2.13789	3.5708	1.49139	3.76075	0.577726	3.31531	5.49691	3.61162	1.8479	0.885614	6.69277	5.31649	2.54564	6.10549	7.19563	6.2779	5.41703	9.19891	3.2719	5.49858	6.95625	4.85218	4.13024	2.74311	2.60785	4.90477	3.55504	2.27037	5.28742	8.1635	3.20219	5.66193	2.39615	3.83075	4.03934	0.982619	4.33582	2.53159	2.55136	3.72247	1.70082	0.856055	3.01917	3.79112	1.60248	2.15432	4.56455	2.55705	2.36741	1.80408	1.20747	4.18266	4.14515	4.05827	2.24979	2.06037	3.50032	4.00494	4.03478	3.45245	3.17416	3.53107	2.8981	2.93551	2.75459	1.72897	2.73606	2.54007	3.76363	2.16498	3.22756	4.33224	3.88432	2.31935	4.23808	2.94865	4.8513	8.04219	5.61433	3.50348	7.83318	7.10311	3.04512	5.1377	3.06053	4.95617	3.10929	4.79865	8.06238	7.05003	1.36419	4.75777	3.928	4.0991	6.02926	3.12779	4.43068	3.58712	6.47774	6.03977	5.01107	6.5998	2.74979	9.79778	9.96862	6.72705	3.41962	10.8737	3.58961	5.55109	7.61324	10.5444	4.42649	8.04063	7.25882	5.98622	3.07494	5.6832	9.25624	4.8683	3.80331	6.73352	5.1116	6.77881	11.5941	8.32458	3.90298	4.32163	8.68413	6.18545	5.72835	8.9276	7.57495	2.11318	6.19029	5.63557	3.4657	3.59481	5.52661	4.84711	2.18436	1.1852	3.92158	5.03635	5.70998	4.46515	2.83868	2.41071	1.89316	2.0889	0.56452	1.98161	2.68289	3.05777	1.42532	1.79288	1.59264	2.94651	3.70787	3.36149	1.1134	2.92067	3.62354	2.38553	2.94762	2.26019	3.88956	5.69205	0.37398	0.993343	2.88594	5.40912	4.34341	2.92407	1.68707	4.40397	6.53046	4.22931	5.75602	5.15005	3.92461	5.55795	7.53476	7.09234
1.99277	3.53127	6.25821	6.25488	4.07398	0.608541	1.51594	2.0242	2.16383	1.99599	1.04741	2.74063	2.23814	1.55189	0.898858	1.04185	1.088	0.465253	0.686081	1.17955	1.55997	1.61687	2.1071	2.75455	0.942463	0.235205	0.895439	0.757269	2.21498	3.68925	2.28377	0.925616	2.36179	2.02245	1.91872	2.17725	3.40607	2.5405	2.59452	2.63273	2.35061	1.66056	0.988402	0.921402	2.33141	1.10134	2.68929	5.30859	3.22476	0.945641	4.12596	5.54269	6.45186	5.53355	2.51871	2.99223	2.25524	2.98924	2.9405	2.52779	2.65672	2.12232	0.498522	1.81935	1.29987	2.56459	1.75302	1.11215	0.617138	2.06407	3.24683	3.24407	3.73801	5.13719	1.69785	3.81353	3.4226	2.24505	4.60277	5.0005	2.21442	3.47644	7.31084	2.18726	4.69585	6.02467	7.44869	2.5348	8.6491	8.81795	1.82091	4.99863	6.59168	5.23155	2.87584	1.3866	2.6138	4.58895	0.842418	0.606335	4.83971	7.04186	5.53816	4.50937	2.7754	3.35042	3.76976	0.16786	3.23946	3.11347	3.26825	4.145	3.53051	2.88512	3.93146	3.57747	1.91428	2.0882	3.80243	3.09109	2.13983	3.41283	2.77045	3.43505	6.98134	6.00066	4.73223	1.73924	4.5355	3.67361	2.43293	2.51674	1.37425	2.52077	2.00279	3.78669	2.60863	3.14652	3.88103	2.68954	2.15709	3.31291	3.29041	1.91783	2.24951	4.08754	3.09987	2.615	5.47454	6.97614	7.4076	3.27332	8.01769	7.6682	2.58499	3.81528	3.09656	5.08423	3.32169	1.42171	5.12862	7.71131	5.11713	0.593172	5.81756	7.29038	4.00484	1.26228	5.1897	6.70537	2.55359	4.81621	8.18189	9.43179	2.35536	11.9987	11.5205	8.58463	6.54024	10.7794	6.03412	8.88218	11.1099	9.70398	3.25129	3.77063	2.44457	4.74524	5.19662	5.26916	3.11636	5.13005	8.5993	6.99214	5.91276	3.76399	8.97321	10.1759	5.60508	4.23053	8.08746	5.53098	5.67817	4.41197	6.46454	3.82253	4.36507	5.39985	5.09726	5.23674	3.43346	3.08935	4.06829	2.28548	1.22064	1.31522	2.18494	2.37579	3.76253	3.81871	1.681	1.73809	1.6662	1.96132	2.69551	3.65558	1.64268	1.89429	0.932833	0.635679	1.96599	3.83418	5.06318	3.92158	1.90423	3.08671	3.00675	2.83488	2.95123	6.97728	4.6217	2.98956	2.02874	3.48655	5.47689	6.11252	5.13374	2.04492	3.44353	5.46786	5.0846	2.03856	1.19437	2.29495	6.47491	7.67989
2.58846	5.80031	5.9324	4.34673	5.28883	4.17387	2.21474	2.32424	1.92967	2.25389	1.41796	1.83222	1.67319	1.83273	1.74653	1.73562	1.922	1.61979	1.70166	0.471534	0.621013	0.588427	2.35429	2.92519	0.741435	0.857215	1.55867	1.06287	0.774379	2.20997	3.7489	2.93003	1.59635	1.79677	1.31382	1.4067	2.88404	2.48221	1.97905	2.32965	2.69355	1.70292	1.44898	1.36501	2.07723	1.03356	2.76607	4.19625	3.7851	1.84542	1.72027	2.66494	5.07722	5.62791	3.00776	1.99438	1.82064	2.51191	1.65455	2.29555	2.4021	2.52171	0.619979	1.17437	2.31179	2.63461	2.1712	1.3695	1.66801	2.24953	1.40197	1.78514	4.80183	5.72085	2.16846	0.836553	3.57194	2.53967	3.88475	4.72175	2.33245	4.72439	5.68008	2.89446	5.52704	5.75805	7.02078	1.01711	9.75752	5.55388	4.95789	3.01896	3.26812	5.86764	3.91295	1.92768	3.94237	4.50756	0.32099	1.29081	2.70754	5.12735	4.12188	2.2757	1.56678	1.92136	2.8144	1.95981	3.0016	3.90984	3.67797	4.17068	3.32221	2.365	4.08946	2.82218	1.80048	2.32215	2.87258	4.21901	1.92378	2.43346	1.3062	2.06785	8.46104	8.22905	2.63383	4.19199	4.0286	4.28783	2.63628	1.79882	1.79134	3.23133	2.5583	3.4462	3.81039	2.58412	2.88723	4.15005	3.00977	1.21329	5.29184	3.69085	2.18363	4.71477	3.93291	4.16063	5.16254	5.69569	7.41736	6.84491	7.30178	8.51155	2.66783	3.86453	3.78143	5.07234	3.80381	3.49852	2.30606	6.96515	6.49322	0.784366	6.83034	7.19497	2.48411	5.78094	6.4778	5.83439	6.19544	1.54513	7.42978	11.5135	4.12636	9.27808	11.3767	7.65948	6.52548	8.43641	5.89684	5.93612	5.42111	1.11914	8.73476	13.8159	12.5398	8.44906	2.71135	0.657847	3.89604	8.59161	8.33989	5.90555	8.74981	8.84099	4.99034	6.19299	8.036	0.218876	6.83376	4.95568	2.38338	2.10459	5.26163	3.85512	4.18044	6.47476	2.95927	2.45274	3.01862	3.584	4.54399	2.06431	2.05267	3.06093	2.10819	3.61804	2.22358	3.04838	3.95338	2.47946	1.98628	1.9314	0.487084	3.24361	1.95663	1.5897	1.26791	2.30072	1.5967	0.295231	3.11059	6.30476	6.22045	4.95304	4.43846	4.64097	1.69995	3.81904	5.57709	6.43302	5.55464	2.81282	1.99465	4.14832	4.80195	4.43961	1.32912	1.72944	0.744013	3.76084	5.35851	3.8571	1.86287	6.20258
3.20507	3.86862	3.52379	0.41214	3.00159	4.31171	3.29186	3.02759	2.51228	2.39772	0.597655	2.31162	1.87618	0.953824	2.40245	2.50775	1.23114	0.664046	1.85295	2.04671	0.750144	1.5324	2.68057	2.00273	0.268237	0.366729	1.32368	1.59775	0.818302	1.05536	3.07277	5.35772	3.50407	2.02109	1.25113	0.779554	1.22519	2.08797	1.61368	2.6825	2.61582	2.36184	2.62298	2.47331	2.2512	1.50882	2.60106	3.89788	4.52111	2.99172	1.20203	1.58569	3.2669	4.13324	2.40326	1.38567	3.629	3.88927	2.78644	1.75932	2.24048	2.30206	1.28019	2.12466	2.25807	2.17309	1.55733	1.64949	1.91524	1.05436	0.426083	0.830938	5.02063	5.11885	4.33715	4.08399	1.43681	0.900923	4.74704	3.99448	0.552616	4.55297	3.2424	4.07674	5.4675	5.39434	6.29736	2.67294	7.84104	5.40823	7.54067	7.26515	3.06402	4.23605	3.47454	2.41749	4.34726	4.79408	1.92793	2.86869	1.4634	2.12344	2.99673	1.90812	0.885018	1.27712	2.73094	3.23683	1.07811	1.20969	1.52813	2.20167	3.04866	4.0365	3.7862	1.55637	1.62501	2.95595	4.12672	4.73946	1.25979	3.48046	2.68197	2.62581	7.57964	12.0094	3.73578	4.73701	3.59234	5.28747	4.31944	3.88172	2.22022	2.65301	4.74762	1.85378	3.45176	2.81926	3.19523	4.41234	5.61728	2.95768	3.45093	5.29698	1.01832	4.21042	3.76525	3.33949	3.4238	5.17747	6.49969	7.42944	5.75635	4.95731	3.10685	0.5319	2.87105	4.00499	2.42102	3.05588	1.50999	5.81648	6.36998	1.08311	5.7519	7.10082	3.57595	6.23784	4.6665	3.7172	5.50648	3.87247	6.59394	9.96365	5.93999	3.93442	9.52391	7.2162	9.55341	9.11315	4.36619	6.16381	1.01767	10.5503	15.0806	16.4282	15.4049	15.9159	7.95455	3.60942	5.40637	7.83926	7.3738	5.58747	7.83893	10.0271	11.1101	7.80144	6.83051	3.87373	4.92114	4.51065	1.8702	2.63891	5.02181	4.69212	3.09033	6.75463	5.27416	5.8089	4.77809	3.20654	5.33982	0.740787	1.48481	2.69746	2.74422	4.24262	2.41264	0.725135	4.01955	4.33224	3.9377	4.08762	2.89323	0.996198	2.31883	1.06505	1.09938	1.71066	2.05121	2.29423	0.473023	2.77503	5.28499	6.76512	6.49291	6.55863	6.37513	4.40154	3.74254	2.82478	1.25038	4.30262	1.74812	3.57838	3.4364	5.56297	4.39843	2.65361	2.37566	3.54039	2.17829	5.65012	5.79463	2.38981
3.93998	3.63348	3.30592	2.06808	0.212938	2.6209	2.52758	2.47315	1.62536	0.784532	1.61237	3.11316	1.98233	1.60627	1.71691	2.41467	2.41148	2.09357	0.910543	1.99217	1.94362	0.938805	2.42988	2.08435	1.1644	1.87006	1.8465	1.7461	1.31434	0.615335	1.26777	3.5083	5.10075	4.4664	3.30798	2.32319	0.860852	1.19721	1.86985	2.31594	1.35936	1.46679	1.81306	1.92885	1.54444	0.7608	1.29964	3.42992	6.284	4.05179	0.601125	1.3728	2.73031	1.88756	2.27114	2.71622	3.3553	3.489	1.30778	1.71647	1.3661	2.14717	2.98896	3.02688	2.01284	3.05105	0.917592	2.10695	1.49701	1.70698	0.876254	0.932381	3.77726	3.42542	3.2418	4.24172	3.85657	3.47614	5.50296	2.16082	1.81696	3.15172	1.71134	3.25598	3.99658	6.05444	5.64214	4.81335	4.81502	5.71545	6.72355	7.90041	6.26478	1.84443	4.12474	3.18806	3.79033	4.88352	1.64339	1.23846	0.992001	0.214548	2.45534	2.43076	0.426434	0.921625	3.33895	3.19267	0.776868	2.71749	4.18688	5.33911	5.49534	4.22182	1.67037	0.759717	1.50518	3.63605	4.09251	3.71934	2.76176	4.6074	1.80651	1.52818	4.8326	12.6344	7.95594	2.86138	0.389343	5.39241	4.12945	2.49171	4.61572	1.40654	4.7353	3.12995	0.88136	2.80134	4.08978	4.04617	6.33813	5.78916	2.54088	4.72265	2.92775	1.72166	3.95054	2.99972	4.34207	4.47199	3.6234	5.69537	5.57402	1.32806	4.39735	4.98742	3.78169	4.61533	1.25876	2.9752	2.05108	5.02486	5.78627	1.96243	4.07322	5.23823	4.13284	5.72292	2.37755	3.40232	4.16602	4.7763	5.12058	5.75824	5.54728	2.01576	6.91479	10.5481	10.2941	7.57986	6.94838	5.61183	3.26286	12.917	11.4024	5.37683	8.97816	13.9804	8.16655	1.87542	6.32992	7.69808	6.53523	3.30036	1.6399	4.72626	7.9545	11.1936	7.75357	4.17283	4.25425	5.63058	1.96804	2.93595	4.82264	3.82676	1.02716	3.28517	3.58968	2.37965	2.25275	4.30163	5.16648	0.672901	2.19434	2.138	2.64566	3.48222	2.62308	3.11263	1.29146	2.247	2.45763	3.68361	4.69726	3.08009	0.711355	1.48667	1.79944	1.56743	2.09199	2.77344	0.740899	1.00774	0.603267	2.2912	3.52033	4.78799	6.58138	6.1994	6.64998	7.15849	4.65999	1.94726	3.80026	3.55006	2.28964	4.0591	3.56647	3.5191	2.64117	4.53038	3.63756	1.79502	5.879	7.13886
3.51323	5.37372	4.38135	3.93024	3.61312	0.891604	1.29388	2.13085	1.87799	1.22049	2.67189	2.15334	0.70296	0.478345	0.633663	1.24641	2.02552	2.48844	2.70375	0.400136	1.67319	0.360268	1.58208	2.17324	2.3134	1.14376	1.00066	1.67638	1.60792	0.931991	0.813077	0.632896	1.72547	3.37245	4.27025	4.25404	2.4588	1.42115	2.46742	2.33212	1.64796	1.87198	1.85508	1.17809	0.256942	0.506259	0.291607	1.33188	5.95983	7.1027	2.03925	3.45754	4.8907	3.57389	2.01907	1.77628	3.69005	4.92762	2.86829	0.248711	0.108483	2.0311	4.12077	2.08897	2.4746	2.23046	1.49387	2.24672	1.4536	2.23504	2.58321	0.502439	3.26261	2.38651	2.71677	2.54658	2.145	5.94239	5.96579	1.60309	3.20751	2.19618	0.916077	1.22225	4.87422	7.40058	2.53055	5.98473	2.25819	6.45107	4.59576	7.61018	9.10502	5.9089	1.93627	4.06133	3.81948	5.21802	2.91856	3.74145	2.82617	2.47338	2.94289	3.37285	0.41782	1.0871	4.29146	2.8526	1.70464	2.66779	4.41742	4.32637	2.65072	1.00609	1.09253	1.48638	0.585319	3.85024	4.6464	2.31571	3.45143	5.57521	2.67661	1.62109	5.04301	11.5848	9.34181	2.54073	2.35694	5.02757	4.30973	2.97346	2.30211	4.34811	3.04682	4.05559	2.17394	2.6119	2.29299	1.6863	3.66282	6.02025	4.47731	6.10551	4.013	2.65527	4.04632	5.62054	5.19789	5.34184	4.23763	5.61139	6.65803	6.01356	1.4603	2.91491	4.48864	6.24844	2.40787	2.95349	2.83247	3.15097	4.42975	2.93639	2.88717	2.24164	3.38898	4.37093	2.408	3.64271	4.73486	5.55398	5.49552	4.61774	2.8682	5.66637	5.04869	6.46056	3.29423	5.4887	4.81803	1.71421	4.92552	10.6373	11.2411	9.8007	6.18004	10.3876	11.4309	3.63486	7.06478	7.58841	3.61548	4.59481	5.68047	8.75834	6.82869	7.22318	8.69641	5.52384	5.51798	7.30779	3.01267	3.12448	2.69887	3.91897	5.43553	3.38484	2.3799	4.81574	4.63595	4.05321	2.72803	2.27765	2.47542	2.38049	3.19235	3.29842	2.94557	4.27636	2.6822	2.03653	0.549652	1.39181	3.43634	4.44092	2.49991	0.571434	1.67051	1.01746	2.21569	3.09417	0.927492	1.10908	2.15733	2.11638	1.63035	0.717192	3.70744	4.3138	3.05872	4.58473	6.5029	3.90464	0.865196	1.7073	3.71331	4.44354	4.29258	4.42477	1.55199	3.86534	4.64789	3.52168	1.16801	0.676657
0.762164	3.34667	4.28739	4.14127	5.04318	3.89883	1.98434	0.765523	0.923403	1.90476	2.89681	1.66898	2.06495	2.32723	1.666	1.41054	1.52383	2.17945	2.81425	0.744956	2.00863	0.769571	1.73378	2.11963	2.25703	1.11899	1.44783	1.82802	1.43132	0.940418	0.201878	0.635368	0.831599	1.24517	3.23373	4.60737	3.27685	2.70303	2.31111	1.52886	1.88576	1.93772	3.03233	3.80363	3.09646	2.10637	1.57686	0.795413	2.87047	7.77806	4.53248	3.81997	6.25136	3.44575	4.40439	3.70186	1.23006	3.25839	4.09676	2.70946	0.957357	1.55222	3.2068	3.34271	4.10987	2.54873	2.11648	0.834601	0.734928	0.816282	3.51151	0.606867	3.39204	3.66003	4.13653	3.6886	4.92278	7.2935	5.1829	0.953709	3.4419	1.19547	0.819525	0.63602	5.50154	6.63831	3.35246	5.14586	0.617304	5.58009	1.97365	3.44044	7.06504	9.37228	2.77574	3.58734	4.4619	4.20294	3.82207	4.91727	4.74141	4.45157	4.87371	4.88353	0.965197	1.82855	4.85408	2.59569	2.05739	3.79639	5.15914	2.81269	1.56153	2.55625	2.3374	1.61064	1.18176	2.41875	4.862	4.51473	1.72152	6.14599	3.49174	0.816334	5.08654	10.8593	9.03576	2.26408	3.37622	4.63986	2.16738	3.13078	2.97066	3.74265	5.75502	5.04251	1.70814	0.790907	2.29873	3.62656	1.36459	4.0491	4.60355	3.28294	0.585549	1.43481	3.24189	2.88672	3.31424	5.87867	5.94326	4.41404	6.75971	8.22634	6.95834	4.91593	4.6971	5.5072	4.94463	2.29349	2.09421	0.837202	2.97929	4.0783	0.891337	1.3362	2.62983	2.52117	2.80384	5.06466	6.31329	6.43206	6.38511	5.08134	4.0043	4.66669	3.57472	5.1875	9.98349	9.14629	10.0963	7.74668	5.14756	8.73625	5.99275	2.37421	2.84219	6.86471	14.5461	8.36443	5.71872	6.49421	4.54468	3.33534	6.56563	9.91733	7.11741	1.67869	3.29782	4.7871	7.00095	8.47266	3.69077	2.02789	3.22409	6.12736	6.42525	6.62704	2.59121	4.55518	4.39391	1.55997	1.06721	2.07354	0.772983	1.75931	1.56862	2.59594	3.0476	4.84351	3.93007	2.78342	2.34708	1.31399	1.64411	3.26646	2.93334	2.19859	2.23559	2.4236	0.790719	2.60128	1.51178	1.19504	1.7203	2.82863	2.21728	2.60803	1.84577	2.60238	2.03514	2.72101	4.70674	6.25785	5.36479	1.44968	4.54194	4.46458	4.19544	3.50305	0.390991	2.46176	4.41801	5.72897	4.7517	2.79715
1.92343	0.770369	2.40354	0.87137	2.34225	4.5119	4.93195	2.30012	2.13553	1.38807	1.71263	2.35857	1.34206	1.5887	0.761185	0.840604	1.3425	2.53523	3.21864	0.777637	2.09346	0.51236	1.74458	2.59036	2.26771	0.420846	1.12274	2.50156	2.94069	2.78247	1.97788	0.821998	0.993757	0.825168	2.29366	4.17079	2.86246	3.22235	3.31844	2.45784	1.72648	1.98156	2.46592	3.54842	4.69506	4.06699	3.98023	4.15144	4.69639	6.4698	3.40579	2.39123	5.90945	5.90124	2.9698	4.73607	4.51133	2.81484	1.84786	1.78179	1.97599	1.80949	1.03886	2.37977	3.7458	2.97891	3.60379	2.13199	2.19107	0.987106	3.64332	1.43002	2.92335	3.85147	4.6066	3.74035	3.7994	4.67294	1.90491	3.81722	4.23974	1.69862	0.433004	0.464298	5.1095	4.33093	4.22535	4.35801	3.40934	5.13871	4.65275	2.71663	3.41423	8.90972	4.66537	2.22316	4.9306	4.91544	6.28938	4.00486	2.79088	0.558013	4.87316	5.34777	1.19092	3.11861	4.71101	1.71842	1.9512	5.06311	5.23231	1.07918	2.0783	2.69497	2.71302	2.57869	2.51854	2.1598	3.06895	6.09876	1.68678	6.37362	4.64655	1.64712	4.93976	11.1905	9.10298	1.34837	2.25414	5.32037	3.3599	1.4487	4.6127	3.10607	1.44019	0.351258	2.92127	3.93177	3.7593	3.43992	4.69287	0.550985	1.43956	5.01117	6.17392	4.42788	1.14975	2.83	2.54461	0.733544	1.28167	0.936703	2.0999	7.36853	8.16306	6.36245	5.80995	7.12273	5.90105	2.57007	2.73556	2.78097	2.98227	3.56661	1.01883	2.26411	2.86843	3.59239	4.52152	3.34297	1.77163	1.33513	0.809915	3.37476	3.83048	2.72166	3.92228	6.2823	6.67009	5.21556	2.40459	5.46615	4.58462	10.3734	9.47429	7.83526	3.47959	1.30505	11.6503	9.89455	2.74171	4.85409	2.70977	7.09977	10.6224	7.0522	3.55126	4.71177	2.53033	3.9724	7.3253	8.55899	4.19723	1.09294	4.41408	4.45555	3.2109	5.40643	3.35226	3.08602	4.66304	1.81394	2.73956	2.12645	2.15415	1.33626	3.17117	3.09982	1.25297	2.9014	3.59625	3.10198	3.26134	1.27842	1.60888	1.86716	2.42861	1.84436	1.05846	1.29961	1.81045	1.69891	2.55311	1.94922	2.55184	1.99413	2.36057	3.58596	1.13052	2.10503	2.61303	1.79662	1.77625	3.29327	5.44331	3.81774	3.69228	6.00676	5.04149	2.28938	1.05344	0.409843	1.09565	2.75865	3.80793	2.81707
0.816053	3.01786	5.38014	4.82325	3.58186	0.653242	4.11174	4.14573	2.32831	1.25222	0.979532	1.6366	1.42421	1.59297	0.33175	0.111295	1.27439	2.19708	3.19987	1.76851	1.5064	2.42945	0.46924	2.68014	3.0846	0.869	1.47865	1.78411	1.18646	0.274548	2.91512	1.73767	0.722117	0.919841	1.77003	4.10646	3.59356	2.91071	3.21924	4.57188	4.67394	3.56987	3.59693	1.98146	2.39868	2.95012	3.72112	3.53682	1.89563	3.24791	2.78983	0.372039	5.37009	7.32331	4.00882	1.03263	2.07643	0.193801	0.456445	0.910447	2.23133	2.49976	1.59763	3.05041	3.17373	3.3406	3.58179	1.89683	2.1151	1.55439	3.2982	0.990955	3.18438	2.60694	3.43721	4.83709	4.97487	3.66064	5.2454	6.44741	3.69211	2.67956	2.29527	1.90728	4.42387	2.24063	2.7906	2.12722	2.93708	3.93174	4.22929	4.42925	6.27184	6.95922	2.34614	3.6406	2.76709	0.800847	2.36442	3.84988	4.94514	4.81899	4.78733	4.02851	0.954317	4.52482	3.83299	0.291582	3.13868	5.34849	3.52796	0.743688	2.37192	2.61495	2.91508	3.52771	3.87884	3.70629	2.81673	6.91042	4.07101	6.65165	6.57765	2.98914	5.41444	10.928	9.07351	0.705353	1.12132	5.6049	2.3316	3.74047	4.41002	2.61186	2.8556	4.36078	4.65722	3.34183	2.31005	2.95005	6.28168	5.95406	5.70116	4.54645	2.9682	5.1095	0.917675	4.5655	3.96011	5.28443	5.50836	5.23253	5.75243	1.81595	5.91131	6.63435	6.41147	7.06637	4.49892	4.09441	5.64476	7.09703	6.94789	4.24076	1.50359	2.51123	4.42874	5.82874	5.09485	1.44007	5.0892	6.35348	7.20834	5.35617	5.9647	2.71696	3.68715	2.44985	2.49753	2.93251	3.03884	1.41512	4.3664	8.96521	8.18828	1.84746	5.39617	5.90534	9.36557	8.77146	0.636253	3.99645	4.39739	7.61674	9.04429	4.84003	2.77622	3.54494	1.64673	4.24128	4.78	7.53919	6.14093	2.66941	4.1048	1.58753	1.73238	3.85406	3.58181	3.72102	3.4512	0.224389	2.43748	1.74964	3.70096	1.6043	2.16416	3.86259	2.73303	1.60703	2.64519	4.03566	3.46719	2.46059	3.23273	2.28431	2.0698	2.26226	1.81282	2.34759	2.1767	2.02857	2.90622	2.21804	3.46209	0.813975	2.83376	3.39902	2.43496	2.85409	3.08603	1.41606	0.778672	2.83551	5.21748	5.76371	2.87868	8.22294	4.68385	0.690543	1.59798	2.34421	3.06678	3.18326	2.71454	3.10527
4.97861	5.32038	4.6583	2.96333	2.87718	3.23569	0.214519	3.41987	2.56384	2.00578	2.17026	1.0766	1.81757	1.92261	1.22726	0.604878	0.784988	1.47038	2.95166	3.00977	1.29238	2.09138	2.28379	1.50819	3.74305	1.70314	1.01012	2.23957	2.7255	2.77994	1.7044	1.65686	1.66412	1.54386	0.436938	2.38072	4.17768	3.7524	2.66353	1.38108	1.9735	2.59388	1.6654	0.959098	0.531554	0.449723	0.784864	3.03098	4.02319	5.17171	4.90255	2.5352	3.88481	6.07924	4.91367	5.53896	5.25917	4.11656	2.9512	1.7192	1.53377	1.217	2.07805	2.77465	3.43082	3.7871	4.58043	2.9231	2.96214	0.863145	2.51374	0.496322	2.43746	2.10606	2.65286	4.75833	5.10458	4.91131	5.21047	3.72347	2.40031	2.22502	1.86533	3.05664	3.47337	2.04936	2.24071	0.709599	2.03876	2.5256	1.92996	2.42016	4.4568	1.98303	2.87377	4.05346	5.27836	6.04849	6.54943	6.82399	5.39484	3.00568	1.55777	2.10256	2.59819	4.93512	1.96294	1.95672	3.48154	3.47701	2.10772	1.85754	1.70715	3.27629	2.2833	3.62643	4.05871	4.14548	3.18595	6.45346	4.72854	4.97853	7.86963	3.58847	5.2847	10.4023	9.3923	1.09514	2.3631	5.96873	2.98345	1.96855	1.79982	1.05592	3.58579	3.63841	3.90542	3.95455	4.42901	4.31205	4.85285	4.2074	1.81751	2.27425	5.08199	3.50493	0.916045	5.09224	1.94113	3.55875	4.55466	3.82702	8.5048	4.64439	1.02126	1.59029	2.09198	2.27602	3.3651	2.13769	2.30308	2.60949	2.47107	3.72029	1.83948	1.75849	3.70648	4.07614	2.67207	3.0451	6.76431	5.80347	6.27485	3.95468	6.22158	2.31139	4.41659	2.00416	3.27324	2.67228	3.19945	3.69046	5.24925	6.83291	6.05041	2.97448	8.14087	5.6956	6.85198	5.62868	2.03142	4.83667	3.46333	4.47764	7.74387	7.87298	5.54167	2.63209	2.45285	3.96337	0.697552	5.49482	8.43542	3.30572	2.42418	1.18112	2.04794	1.24185	2.53406	1.34564	1.51452	0.701073	2.55656	1.25986	3.25786	3.31298	1.41579	3.56595	3.58975	1.60091	1.8529	4.23792	2.59123	3.05826	3.00308	2.74425	1.18542	1.86895	1.41473	1.76493	1.1226	2.46292	3.06619	0.919976	4.12464	0.93805	2.65342	4.25149	2.8745	3.73163	5.19752	4.22066	2.20219	2.10912	4.77542	6.60689	2.69804	8.86269	3.07425	2.41208	2.56595	3.27411	3.85376	2.53866	0.149213	2.30878
7.67682	3.31942	1.63612	1.48169	0.729112	2.02714	2.44685	0.599381	1.36492	2.53077	2.74313	0.697736	0.838018	1.32151	1.86186	0.882986	1.06959	1.57234	2.90737	3.32323	2.41044	1.45621	3.2811	1.1782	2.97818	3.65027	2.34465	1.88538	0.587432	0.933917	2.07989	1.52136	0.2657	1.55331	1.99355	1.02778	0.720901	0.823763	1.10763	2.07993	2.10356	0.982963	1.68075	1.96813	2.56277	3.48965	3.85024	3.93556	2.88299	3.07073	4.9637	3.10906	2.74924	3.8071	3.46948	3.7369	2.30361	1.82612	2.67954	3.21893	1.16153	1.81355	3.38201	4.37661	3.72986	2.24586	4.3489	3.57927	2.62756	2.51887	1.35528	0.697379	1.14096	2.68525	3.25684	2.56164	2.4858	2.04217	0.920577	2.20252	0.806936	1.19697	2.7136	4.08262	4.92674	4.39743	2.81214	1.27368	2.39739	2.15525	0.981157	1.15215	2.82529	1.10493	2.28343	2.53154	3.11373	2.06791	2.08234	2.48035	1.40613	0.813994	0.621975	2.14721	3.9088	3.39127	0.52392	3.01115	3.14152	1.06634	2.50544	2.85466	1.32126	3.40809	3.23391	3.43326	4.53164	5.01779	5.21064	6.32238	4.18503	4.67455	8.15476	3.67434	4.10355	10.361	10.4721	2.55783	4.3408	5.69283	1.79479	2.12535	2.47643	2.59642	2.76999	2.72648	3.55503	4.14023	4.56128	2.81929	3.98759	2.77404	2.31378	4.29912	1.49601	2.20035	2.38639	3.89489	2.17423	1.93125	3.44802	3.31541	7.18818	9.56874	9.80525	8.11798	7.44458	9.63485	9.44896	7.55326	5.13963	5.66802	5.29187	0.489719	3.58585	3.06765	3.45087	2.38412	1.65242	2.00427	7.10871	7.17392	1.7342	6.81606	5.84984	4.60504	5.07393	4.88982	3.71688	3.81475	5.26198	5.67764	4.82633	3.77844	2.40893	4.64801	7.12297	4.79281	5.76034	2.18271	4.86468	5.22062	4.03495	3.68077	2.77243	6.62556	6.98395	4.44822	5.35602	4.01394	3.40894	2.79479	8.358	4.3484	0.939766	2.1671	2.29317	2.21563	1.75927	2.71703	3.11395	3.63161	1.21343	2.19993	1.17202	3.85863	1.74757	2.31453	4.48773	3.20914	1.35562	4.44008	3.03386	2.74964	1.36029	2.37477	1.90566	2.63716	3.10709	2.5809	1.23276	0.788484	3.4756	3.43118	2.03902	3.86418	3.67217	5.63308	4.92344	5.69443	6.85163	6.3328	7.00035	3.50623	5.03256	6.47284	3.1863	7.53003	3.2264	3.73768	1.75581	3.17969	1.76742	2.29765	1.0493	1.92861
4.09296	4.12801	0.802271	0.306194	0.596284	0.865084	1.5799	1.69181	1.3331	1.21548	2.58851	1.96958	1.40819	0.633672	1.53514	1.52162	0.938292	1.9648	2.62636	3.21497	3.64646	1.61252	2.78745	3.4364	0.826363	2.92742	3.06027	1.53229	0.400607	1.0889	1.45511	0.338038	0.81823	0.859761	0.906851	0.998882	1.32487	2.28496	1.93904	1.52689	2.08202	1.61875	1.02532	1.01642	1.90051	2.09365	2.02047	1.44465	1.12399	2.89201	5.0097	3.16323	2.36961	3.80162	2.01662	2.5522	3.47313	3.11067	1.94956	2.74191	2.23697	3.92939	4.42056	3.35223	0.65415	2.88622	3.62513	2.86305	3.07812	3.13136	2.53392	1.21341	0.910427	4.06437	4.60604	3.75699	3.77529	4.0401	3.64901	3.23817	3.24307	1.57027	2.21156	2.83247	3.78103	3.39708	1.74177	1.73943	2.25649	2.05327	1.76648	0.780226	1.43011	1.73467	0.753654	4.00738	3.65896	1.18396	0.878853	0.9888	0.19792	0.379651	2.36046	3.44056	2.96031	1.17487	1.47656	3.07408	2.51929	1.52794	2.07847	2.98858	2.79988	2.60306	3.50866	3.02196	3.68383	5.35866	6.93223	6.93885	2.50669	5.69228	6.08063	4.08896	3.44136	8.0472	10.7669	6.08655	1.78013	0.244786	4.15965	4.72535	4.1794	4.72906	5.07585	4.34738	4.87324	3.71257	1.19041	3.52959	5.11738	3.2813	2.49872	2.56637	3.49688	4.37352	4.05598	1.03419	3.38188	0.894703	2.35504	5.16854	2.54159	7.02833	8.69219	8.92125	8.35776	7.29007	7.08113	6.91461	4.98282	6.81967	7.48102	5.19644	0.388838	2.72648	3.50898	1.70977	1.06231	3.81426	4.0951	5.83116	5.42916	4.43436	5.90629	3.56897	4.01962	1.52668	3.19	4.65953	3.83494	4.55985	4.59785	2.42261	0.720008	5.62959	5.95206	3.6985	4.40733	1.5954	5.6848	4.41363	2.75609	3.22371	3.67128	4.49116	3.59364	5.35024	5.42378	3.20187	6.28474	2.19259	7.06435	5.3238	2.11575	2.3092	1.76356	2.00209	2.9606	3.17337	3.0805	3.94132	3.35696	1.31903	1.52124	2.60927	3.46621	0.467686	3.80658	5.25863	2.19047	3.45545	3.24863	2.50213	2.00189	3.74883	2.47583	0.884103	3.513	4.11685	3.96053	3.05945	1.90903	4.27077	2.40511	5.21359	4.81086	4.66248	7.02432	6.89647	3.70233	1.28096	4.95926	4.92417	4.24363	5.51166	3.85806	4.72032	2.59465	3.05938	2.14948	4.24398	1.04637	3.50586	1.20238	2.35545
3.00611	3.54044	2.37086	1.25552	0.925993	0.519012	0.829153	1.00061	0.848843	0.168398	1.68143	0.988332	0.743293	0.682516	0.945062	1.24855	1.33912	2.01678	2.75363	3.96634	3.91823	0.814803	0.413198	2.49558	4.1007	3.39255	3.65691	0.548968	1.71752	2.65778	2.87458	2.27892	1.26943	0.664232	0.560419	0.500918	0.539045	1.40618	2.16629	2.23245	0.808058	2.71454	1.425	0.322062	1.1934	1.80286	1.74376	0.938238	1.44483	1.70937	3.25316	4.59412	2.08331	2.34803	4.53574	3.36692	1.68144	0.659859	0.207475	1.18205	2.74914	4.96026	2.27991	2.3109	4.1078	3.74148	2.32018	0.362914	1.59722	1.9223	3.51124	1.94076	1.60839	3.56595	4.41624	2.55792	1.65575	1.42839	1.74308	0.366414	4.92678	2.99711	1.93499	0.797585	2.62235	3.53805	2.18116	1.6559	1.26763	1.65071	1.81156	1.90045	1.51359	1.5314	1.24931	3.59416	4.84983	2.89116	1.35746	1.42482	1.21155	1.85812	3.73395	2.89641	0.519338	0.639242	1.58625	3.18351	2.61655	2.61068	2.40354	2.64648	3.27515	2.98908	1.00702	4.34982	4.44146	1.25304	2.89451	2.98886	4.50394	5.09665	5.95534	5.69031	4.12703	4.55478	7.77643	9.5824	2.26911	5.19484	6.92874	6.03192	4.82448	3.85998	3.5587	3.32123	3.82382	1.49202	3.04487	3.33414	3.75705	3.74733	2.29547	1.80266	6.04194	4.25421	5.53873	3.16845	2.52462	0.845083	0.662447	4.85478	4.78603	2.62621	2.50192	5.06762	5.07102	2.49102	6.33805	6.15673	7.53138	5.86063	7.21984	8.38461	8.41521	7.14077	2.84249	3.08871	5.29292	6.14458	4.31036	1.57248	4.14558	2.29382	3.79643	1.65382	3.52904	2.35064	2.64801	2.38405	2.8489	4.84873	3.61487	2.57122	3.28368	5.57714	4.5046	2.45909	2.8768	2.71925	3.39261	4.657	3.03054	4.19715	4.27441	2.16933	2.4838	3.96954	2.61711	3.26409	6.77644	2.63893	6.20355	7.38473	3.72557	2.25528	1.13337	1.42678	0.580165	1.6699	2.07745	1.46611	3.86191	3.2065	2.14657	1.67875	3.79687	2.09274	0.531433	4.87836	5.51002	1.38607	3.0064	2.24768	1.39798	4.24937	3.47947	1.62284	1.75444	2.59465	2.04248	3.62908	3.83875	2.39019	3.74359	3.94113	5.04536	0.291988	1.28283	0.780333	3.49523	4.48715	0.42164	6.53644	3.19097	5.46539	3.03399	4.03327	2.76166	5.68874	2.68529	4.87899	3.15115	3.8507	4.81099	1.02622
2.87561	3.01068	2.83192	1.98528	1.88522	1.55302	1.25405	0.889521	0.986606	0.410925	2.0751	1.79722	0.963819	0.318032	0.0821292	0.871319	1.15488	2.06607	3.74298	4.87486	3.21271	0.537538	1.29882	1.35665	1.7236	2.78394	1.95945	1.69509	3.613	2.94273	2.94624	1.91535	2.09564	3.67797	3.77142	2.49341	0.911184	0.203131	0.576959	0.738911	2.19952	1.6009	1.95818	0.868444	1.31712	1.17957	1.12367	0.521114	1.02617	0.420498	2.90009	5.90763	6.94866	2.00952	4.16487	6.05531	4.41532	3.90952	3.41859	2.77992	4.17625	3.77679	2.50088	3.8348	3.22963	1.95109	0.804059	1.64053	2.35266	0.824278	3.54103	3.04531	1.98873	2.57832	4.1677	3.60197	2.55719	2.82828	2.99676	2.43695	6.24719	2.54786	2.36531	1.69837	3.46186	3.53603	1.99077	0.898374	0.239805	0.960242	0.871328	1.02789	1.44736	0.908687	1.73003	1.95885	4.81446	4.96015	3.53669	3.64545	3.13501	3.59884	3.1579	0.590427	0.751394	1.58214	2.13571	3.2363	2.03488	3.59319	3.10409	2.95564	2.52956	1.973	1.20353	3.38632	4.77949	4.64807	5.64951	2.84857	3.52078	5.81337	7.25795	7.83219	7.11786	6.97149	6.49468	8.86723	2.19386	6.273	4.6674	1.81029	2.79085	2.12055	3.71838	3.56856	3.34988	1.96421	2.11233	3.5867	3.45665	4.11758	3.19739	2.52281	4.94989	1.46237	4.15989	5.1756	3.93574	3.1832	3.08112	3.17447	4.9972	3.10704	0.375231	1.46878	1.99281	3.66884	5.02268	7.27416	5.99187	3.78539	4.25589	5.31375	6.19478	9.74405	4.52112	5.56746	4.91768	4.38795	3.49746	3.48753	1.2118	1.51178	1.91766	3.62955	0.822272	3.58211	3.23418	2.22426	2.64961	5.57913	4.96173	2.5494	3.69953	4.14906	4.64667	6.1268	5.99279	4.85721	1.61819	4.57908	3.33334	1.72249	4.08552	4.99999	4.02131	1.22839	3.26748	5.01407	5.11596	2.09957	4.54062	7.63156	5.35374	1.72004	1.35538	0.275218	1.62511	2.31875	2.93909	2.64875	0.311257	2.61275	2.9132	2.7289	3.41595	2.24699	2.03647	3.17814	6.26118	1.38558	3.77915	2.67722	0.771092	4.43013	3.01619	2.26832	2.19266	2.4328	3.08386	3.15726	3.23589	1.39341	1.60848	2.79546	2.5654	4.46293	6.22828	5.18369	2.05651	5.71553	1.48927	7.68135	2.81563	7.17969	0.819875	5.09455	6.27548	4.86126	0.867431	4.85412	4.29899	1.23543	3.73582	4.00789
2.64732	3.86769	4.05148	3.12983	2.29176	1.90302	1.46385	0.940633	0.798093	0.517554	1.70143	1.91296	0.520104	0.164298	0.331313	1.22132	0.582285	2.63537	5.39865	4.66525	1.7421	1.68006	1.36018	2.58878	1.3158	0.622037	0.605035	2.35392	2.97747	1.21831	3.40517	3.14535	1.67047	2.73872	3.97925	3.68672	2.43494	2.83184	2.65517	1.77977	1.64074	2.61101	1.46373	0.0485517	1.23328	1.30383	1.22599	0.889129	0.942354	0.674562	2.24028	0.751319	5.26967	5.03672	0.824669	4.50447	5.23882	4.0102	3.68352	4.04342	3.99717	1.4606	3.64715	3.69103	3.46292	2.48431	2.22098	1.95226	0.902012	1.2639	1.85582	2.86186	3.06014	3.4159	4.31233	3.67349	3.96443	3.44784	3.21144	4.18906	5.64302	1.32836	1.51107	2.11132	4.48093	3.92699	2.67144	1.1208	1.13289	1.4736	1.63376	1.28803	1.27253	0.241064	1.60604	0.637267	2.59881	5.04429	5.32134	4.73045	4.04955	2.78252	0.297539	0.233269	3.11418	2.28829	2.73622	3.10063	1.49638	4.74414	3.24493	3.05652	2.05639	3.49152	2.02483	2.75949	3.23511	3.773	6.09659	5.62252	4.70521	2.11842	2.75185	6.87893	8.48493	8.14433	7.1919	6.59882	2.20136	5.2612	6.32159	6.40304	4.94387	2.93717	2.48152	2.86373	2.77049	2.57991	0.604345	3.02576	3.96486	4.10385	3.00768	1.75657	4.46817	2.77259	1.42736	3.99454	4.03739	4.35601	5.21245	5.8853	4.62319	0.384874	2.48537	3.02157	2.23021	1.13854	1.93319	1.15907	3.64716	3.57203	2.44531	3.02258	4.15061	8.516	3.91236	5.22029	3.7469	3.38443	3.52827	4.74211	4.71594	3.90481	3.58149	4.38588	2.96107	2.16334	2.54454	2.49448	3.1651	3.53058	3.02746	3.91046	3.35431	1.7175	1.47801	3.13285	4.32894	6.03114	5.76326	8.03138	6.76577	6.00998	1.46072	1.97288	1.1849	3.15107	4.07742	3.58413	3.29678	2.77522	2.34404	5.11014	7.12536	4.33354	1.13079	1.99592	0.790794	0.786969	1.3984	2.61226	3.40374	1.53514	1.09664	2.65914	3.83445	2.63325	1.75282	3.18987	5.73938	1.74376	2.13541	3.25436	2.7984	5.05277	1.55351	3.99935	5.49075	4.13727	3.53571	1.72884	1.37191	3.25304	3.5149	2.68773	1.9959	2.13339	0.923841	4.37088	5.32831	4.10402	1.89557	8.07596	2.5666	9.03931	2.59628	6.56781	5.44992	3.81492	0.9142	4.08191	5.74627	5.299	0.322885	4.67016
1.0494	2.06841	3.76061	4.07474	3.0251	2.07143	1.99474	1.33328	0.486323	1.03164	1.04694	1.30095	0.407438	0.231802	0.33232	1.98884	1.70714	3.47198	5.12562	2.71792	2.34628	3.37992	1.97166	2.45959	1.059	1.20476	1.63037	0.799266	3.13978	2.66337	0.787207	3.81425	0.667055	2.59692	1.75387	2.82246	2.0911	2.02078	2.5086	1.89739	1.31083	1.4961	0.399322	0.492835	1.40434	1.12732	0.597293	1.00565	1.53282	1.04854	1.21029	1.10572	2.61677	4.60677	4.11411	0.756513	3.41622	3.0146	2.43717	2.25955	1.36382	0.961147	2.57025	3.5622	4.28196	3.4414	2.871	3.18438	1.64006	0.283331	1.48318	0.909293	1.58793	3.13569	3.87465	4.16895	3.9887	4.08846	3.03954	4.96073	4.49002	3.01588	2.47618	2.2534	4.56032	3.71375	2.33614	2.03201	2.45122	2.66508	2.97348	2.50817	2.06154	0.582061	1.40223	1.41464	1.15107	2.9261	3.21756	3.18223	2.81361	1.36412	0.595072	4.22225	5.13641	2.69108	4.35056	2.40379	2.30071	4.76913	2.26536	2.60666	3.9238	4.01945	0.744863	1.79639	0.970394	1.91338	4.33302	6.0215	7.1883	7.45449	5.41212	2.44279	2.2331	3.36827	3.47055	2.52062	0.439437	2.46121	1.51063	2.24369	0.664937	2.15855	2.84886	2.67228	1.8079	1.93718	2.73172	1.93167	4.36392	4.09435	2.5676	1.48614	2.70699	3.84074	2.66158	2.14363	2.82565	2.03587	1.82057	0.816467	0.65513	2.58866	2.74872	3.62527	3.09337	3.10082	4.1657	5.18325	3.76338	3.12413	4.342	5.16942	4.71941	5.67865	3.74712	4.74175	5.55154	3.05621	1.66573	2.01592	3.75616	4.64076	3.85584	4.21067	3.54684	2.24532	2.64295	3.66795	3.02978	1.22858	1.54388	2.74331	3.40786	2.85027	2.29127	0.958435	1.31374	2.34218	4.16001	5.83231	4.54021	6.60823	7.1314	5.36395	4.33866	2.70935	1.92927	2.21543	3.66525	3.87242	2.74305	1.89292	6.71418	5.70656	2.35932	1.57035	2.48571	1.44047	1.58489	0.862842	1.85601	3.12136	2.61202	0.784555	4.42546	4.96943	1.87714	3.36148	5.60256	6.05065	4.98206	3.09857	2.1952	5.82637	2.06048	5.98214	6.81323	7.99242	8.41574	8.57493	8.47328	6.70189	2.83305	0.846625	2.80577	5.88014	8.68325	7.57751	2.77968	2.62289	6.09448	7.45114	2.28884	7.75096	4.59224	4.14942	6.4015	5.38427	3.88006	2.44633	4.97594	6.96829	3.01973	4.01026
3.98829	2.5604	1.1933	2.02735	2.50938	2.83516	2.20382	1.1089	0.124068	0.562292	0.677566	1.65383	2.14626	1.81354	1.51613	2.64504	2.74183	2.93781	3.57518	1.56191	3.47635	2.63215	3.78993	2.60985	1.26564	0.858203	0.827225	1.53031	1.71235	3.65583	1.96528	2.9203	1.14899	2.37949	0.574099	1.98396	0.10417	1.5079	2.92069	0.826942	2.71662	3.63195	3.37206	1.76781	1.88339	1.85455	1.71555	1.79444	2.2196	2.33178	1.14119	0.400728	1.04383	3.06338	4.9366	2.56178	2.79034	2.95294	2.75398	3.66073	3.98078	3.15065	2.59599	2.07351	2.06923	1.87926	1.96359	2.69974	2.00152	1.53401	1.79849	1.56335	1.06253	1.60072	2.683	2.88736	3.0962	4.11107	3.73629	4.72182	2.42299	1.86954	1.66193	3.60918	4.40796	2.8959	1.72476	2.21476	2.24613	2.53972	2.65915	4.12566	2.76247	0.976554	2.39706	2.92038	3.19484	1.99871	2.52705	1.75465	2.41441	2.17376	4.79138	7.27489	4.11828	3.82273	5.13421	1.25322	3.83676	4.65035	1.98323	3.79287	4.75439	3.45043	2.18335	2.36566	2.07215	1.42331	1.07379	2.52149	3.02689	4.31053	4.70407	5.58692	6.26602	5.66697	3.80659	4.20968	4.23374	4.22554	3.53271	1.14237	1.96685	1.68512	1.20445	1.95562	2.39717	3.36742	4.38622	3.19848	2.92565	3.15778	3.68511	4.14944	2.31645	3.92545	3.46402	0.039943	2.38911	2.98886	3.89058	4.20798	4.61932	2.92033	2.04813	2.3841	3.80609	4.3977	3.98442	4.02067	3.80983	3.89725	5.33141	3.83094	1.56211	5.93605	7.79807	3.69189	5.50001	2.48081	1.6736	1.50955	2.0566	3.43431	3.31721	4.57405	4.19418	2.20813	1.99357	3.37516	2.28842	1.27906	2.3401	2.03656	2.50318	2.61634	3.78646	2.26683	2.57871	2.81528	2.23576	4.07478	3.62485	1.65129	4.23411	3.51586	1.33244	1.40768	2.81716	2.99304	3.16995	3.236	3.35492	0.635707	5.92938	5.61216	3.76652	1.38158	2.3882	0.941428	1.5973	2.08826	1.52759	2.15787	3.31669	1.96377	3.89815	6.27232	3.45623	1.08798	2.0938	3.67105	5.05376	5.72859	0.357206	5.56508	0.827269	7.29905	5.60585	7.37766	7.2702	5.68377	6.50492	8.33816	9.78259	9.61624	8.96499	6.12841	2.44467	1.36597	6.55932	6.75269	6.47968	5.17466	4.03567	7.14304	4.57025	1.23755	4.83466	5.65808	4.4474	1.60597	2.67778	6.86128	5.68762	2.31402
2.72591	3.17895	3.14407	3.15144	3.33452	3.52366	2.44926	1.85826	1.63213	1.57024	1.91646	1.79969	1.55063	1.0987	0.686294	3.10518	3.20277	2.28136	2.17801	0.622986	3.74497	1.77164	4.37163	2.76146	1.67058	0.849319	0.250171	1.79417	2.04099	2.66193	0.78921	2.73172	1.24075	2.2505	1.08383	2.28996	1.69735	2.02705	2.47009	0.585702	3.17426	2.53736	2.48398	3.30272	1.4906	1.79284	1.89214	2.15018	2.25927	2.49207	2.40452	0.761037	0.887441	2.16415	4.83499	2.46212	2.48644	2.45455	2.27433	3.55158	3.53702	3.55692	4.1107	3.78719	2.63817	1.97699	1.21234	2.07557	1.74517	1.6524	3.12811	2.06291	2.2557	1.0294	0.632286	0.912349	1.59116	3.15334	4.18827	3.39697	1.40379	2.25254	2.15678	4.45963	3.29676	2.04891	1.58164	2.27413	2.28881	2.39702	2.15209	5.06261	2.67064	4.60579	5.5912	6.25147	4.97334	3.64198	3.44865	1.89653	2.35362	3.65771	7.11589	7.11883	4.74343	6.14941	4.70144	0.741251	4.75995	4.61027	2.74805	5.07301	5.74786	4.30939	5.04044	4.3623	2.97693	2.17511	2.65434	0.852401	2.85527	3.12652	2.89996	1.65337	2.37591	5.95072	6.63094	6.00615	4.74358	4.00668	4.61611	3.32311	1.50601	1.09882	2.3954	2.70929	2.76074	2.23525	2.31436	2.05975	0.607426	2.84392	4.3685	4.87911	4.42622	3.19345	2.47331	1.70384	4.3527	3.31228	3.45231	4.02081	4.62609	4.15931	0.00492806	1.54233	1.6131	2.29089	2.52452	2.81466	2.25686	2.55454	3.95724	1.87983	5.67394	6.15713	8.81972	2.61755	3.91346	2.52377	1.71947	2.69912	2.30182	1.23686	0.208889	2.50806	5.11569	4.43973	2.62163	2.83366	0.938524	1.51046	2.3168	1.34663	0.970047	1.3088	3.7097	3.06843	2.67543	3.02423	4.01983	4.84138	4.26744	3.01879	2.81384	2.86799	4.06516	3.88257	3.47925	2.70645	1.66329	2.06678	3.99611	0.958617	4.99864	5.4466	4.95233	3.37968	1.22292	1.90637	1.9333	1.73698	2.92063	3.29171	4.01253	1.22214	3.43517	4.94828	2.99491	3.25185	3.15114	2.35918	3.30812	6.5304	0.994769	6.43964	1.41718	7.55361	6.06166	2.96878	2.16806	5.77069	7.67306	5.85868	2.33533	2.64029	5.47753	2.29105	4.04565	5.93947	8.58115	6.27806	5.06243	2.19516	6.12198	8.88072	3.88421	4.17213	6.85812	4.36608	2.22244	2.8335	2.79027	6.1181	6.5926	1.568
0.834039	0.745967	1.53145	2.09636	2.30739	2.49255	2.40953	2.12177	1.42259	1.02527	1.57148	0.856414	2.41339	1.3282	1.3539	3.73835	2.58005	0.714003	2.16022	1.88892	3.73545	1.13921	4.21001	2.02671	2.24492	2.36008	0.588149	0.855555	2.25265	1.99453	1.10177	1.76381	1.09216	2.70891	2.45893	2.7494	3.68358	2.5897	1.96413	0.413134	2.59216	4.09148	2.07801	1.6881	2.04949	1.64839	1.37834	0.657567	0.929759	1.85998	2.96261	2.23162	1.03693	1.39813	4.18221	3.94147	0.776878	4.02427	5.52716	5.15036	3.08263	1.87555	2.19833	0.590076	1.03353	1.60148	1.41224	1.3729	1.20596	1.32825	3.645	3.18582	0.820356	1.81201	1.48753	2.04952	1.04959	0.186135	1.26376	1.07393	3.49536	1.15474	1.33118	3.63594	2.56032	2.07144	1.49094	2.17176	2.32853	2.26477	3.26392	4.25518	4.11679	5.70715	6.13393	5.60949	3.78859	4.06303	3.49367	2.48721	3.52356	3.89779	6.68107	6.21931	6.08772	7.84726	5.75593	2.18434	4.33402	3.85345	2.15824	4.1211	6.54357	5.65171	6.85915	6.57845	4.30877	2.71988	3.23037	2.55339	3.49693	2.97315	3.65016	3.25231	2.77049	0.743119	2.15396	2.08345	0.473524	2.25053	3.80531	4.98408	5.2541	4.35568	2.75245	2.37958	1.76557	1.78227	3.0216	3.23551	2.4681	2.49166	3.12626	3.28899	3.60514	0.756919	1.78847	1.11729	3.96856	2.16424	3.02344	4.80558	4.32383	5.97536	3.80686	1.3893	3.67017	2.78989	1.05117	0.131404	2.12521	2.87762	3.20641	2.25046	6.12373	1.61196	8.12612	4.4935	1.78162	2.38779	2.60404	2.46044	3.08236	2.35431	1.47898	2.01081	3.48487	5.27567	3.94483	2.99627	1.35803	2.07707	2.5909	1.79182	1.43724	2.29878	2.21061	3.29747	2.60681	2.05442	3.86873	4.74476	3.39282	2.81348	2.57631	2.80384	3.93646	2.29725	1.99319	1.89237	2.01743	3.43071	3.41455	0.308985	3.38765	4.99315	5.18252	4.99496	1.87395	2.52781	2.48588	2.05588	2.15739	3.1748	2.57774	2.40575	5.54808	4.33664	0.4713	2.70803	2.99268	3.12741	3.908	6.01199	1.13287	7.46036	1.21898	6.24909	8.09404	7.96525	3.91184	8.87455	9.21313	10.7122	8.8915	6.82822	3.33036	4.63087	5.18261	4.03329	6.53397	4.04488	1.96027	1.15279	5.62031	9.45753	4.4297	6.3234	7.19513	0.919664	1.41712	2.25244	1.99876	5.79961	5.95034	1.67254
2.20622	1.1446	0.87012	1.55181	1.19479	1.44528	3.03705	2.60445	1.73295	2.12513	1.65152	2.14972	2.60754	0.283817	2.55696	3.81579	1.60865	1.65356	2.03814	1.89425	1.76624	2.97888	2.96997	1.07874	1.2649	2.88568	1.01825	2.35922	1.79796	1.06	1.51261	2.74966	3.53865	2.9781	2.65534	2.24753	4.14369	3.48517	2.3285	1.48588	0.614602	3.09489	3.94029	2.17977	0.348353	0.796131	0.7881	1.08965	1.18604	0.47561	2.35209	3.18725	2.7469	2.4254	3.6801	5.05291	4.47375	2.04059	2.30761	4.79731	3.99813	2.98393	3.24664	2.73046	1.24197	1.75943	1.69437	1.5863	1.1686	0.884359	3.35721	2.88507	2.06724	0.887478	1.45597	0.235383	0.738694	0.918957	2.09959	0.790475	2.70977	3.16871	3.13303	3.52069	3.1372	2.68588	1.95543	2.34468	2.32918	2.07964	3.85	3.57649	5.3579	5.38381	5.4103	2.37504	4.40141	3.28764	2.9403	1.56786	3.83361	4.87261	6.68801	5.37972	5.36104	7.68959	5.99156	2.17309	3.44436	1.88654	4.02707	1.58177	5.64218	5.77119	6.74914	7.02995	5.20977	2.57746	3.3598	4.82856	4.90946	3.26873	4.3523	3.52721	3.46607	2.38171	3.70016	4.3992	3.10413	3.41128	2.79275	1.86164	0.546556	2.76738	0.618907	1.58462	2.85587	3.09861	2.76102	2.72801	1.8863	1.23242	1.0915	1.99592	3.4319	2.53575	1.83343	2.00558	3.20737	3.09194	0.8852	2.37705	2.12439	4.64136	6.674	4.15746	1.43657	3.38093	2.29408	2.85072	2.04283	3.42446	2.24229	5.54734	7.7649	5.05267	8.31817	6.50331	2.43118	2.09491	2.80466	1.39313	2.27118	3.43851	3.97806	2.87459	1.13248	2.21562	2.9483	2.91009	3.19153	3.06997	2.80707	1.32259	1.93099	1.49603	0.423003	1.63887	2.65074	1.96081	3.72641	4.59408	2.25912	2.57232	2.90089	1.9958	3.29386	0.233956	2.91758	2.42049	3.09812	3.13926	1.9038	2.00235	1.62262	3.64129	4.2594	5.05979	4.62635	1.50392	1.38398	1.88933	1.86853	2.28809	0.617072	5.15875	5.63618	1.90773	2.36093	2.8206	1.42568	2.09665	3.87163	5.13187	1.70789	7.18406	2.22698	3.62839	4.99557	7.61955	2.89123	10.628	4.13024	5.04021	6.63068	5.27262	7.18403	3.49856	5.44847	3.85772	5.1379	4.74046	1.46157	2.72621	4.89379	7.57249	5.98072	4.5107	8.63339	1.07925	2.0948	2.47682	0.541058	5.22572	5.26094	2.51739
1.11784	1.443	1.66955	1.88479	1.26565	1.09017	3.1914	3.59871	2.25907	3.59598	2.97204	3.21952	2.4448	1.29394	2.50457	3.23957	0.902244	1.59803	0.675969	0.262458	0.91821	2.84701	0.0491534	0.845994	1.42354	2.74428	1.232	2.92659	1.29831	1.43477	0.263176	2.1889	2.38241	2.28163	1.74074	1.34276	3.83662	4.56955	3.92448	2.86491	1.23454	1.05422	2.60934	2.85182	1.85716	1.36094	1.42108	1.75658	2.26574	1.54938	0.62263	1.72499	2.62019	1.88732	2.30755	3.01495	4.59228	4.94203	1.92737	1.96647	2.54477	1.36721	2.14848	3.3408	2.48037	1.8216	1.55913	1.62135	1.35248	1.00922	2.51324	1.60001	1.47598	1.50781	1.6063	1.59927	1.73637	2.09816	0.563723	1.42401	0.330956	1.73004	3.31875	2.86845	2.86451	2.93794	2.95606	2.9712	2.92499	2.38914	3.20319	4.63256	6.28615	5.17914	2.47561	3.36949	3.81278	2.34414	3.12941	1.72501	3.48541	3.83865	6.2248	3.78201	4.77352	7.85287	5.43519	3.55172	5.09526	3.40788	3.30176	4.91161	3.90515	5.26836	3.92021	6.37878	5.54042	1.36843	3.65214	5.84695	6.16292	4.98047	4.71224	2.71127	4.24747	2.31239	5.55533	3.53803	2.97916	5.12197	6.45687	5.36882	3.58075	4.81012	4.54173	4.90783	2.5242	1.9565	3.31543	4.43523	2.58825	2.38611	3.25354	4.94117	5.10596	3.12605	1.82547	2.68275	3.59383	1.75096	1.7708	3.61531	4.333	1.80773	5.71542	6.26311	4.62288	2.34626	0.794557	1.24873	1.60554	3.26177	2.00102	6.28887	4.97255	3.06065	7.02725	4.20892	5.39343	4.57375	2.308	2.65583	3.89796	4.65796	4.35584	2.23822	3.28745	2.1591	1.54557	0.724598	1.79526	3.72773	4.87143	3.77268	2.02192	3.00682	3.13957	2.10451	1.35854	1.77655	3.99842	4.01802	1.17305	2.28408	2.38588	3.14549	2.99726	1.3268	4.08478	2.97286	3.10823	1.14814	1.3872	2.36962	1.71401	2.63405	3.13139	3.64697	4.69528	4.74049	3.43931	1.76566	1.86017	1.13832	2.33763	5.50216	3.99024	2.01362	3.25531	2.71489	1.71271	1.99976	3.42838	4.02269	3.39453	5.83213	3.96622	8.40341	9.14856	3.76876	4.90013	8.81341	4.40795	6.42955	4.0798	5.88397	9.15901	7.23295	2.48882	5.74568	5.26934	3.06668	1.09042	2.1773	4.71289	7.00717	5.77831	3.48636	8.47066	1.05384	2.93186	2.6084	1.54379	3.58814	5.76809	6.20214
2.10603	1.43294	2.11598	2.73421	2.47262	2.65523	3.22462	3.80165	2.56781	1.12585	2.73609	2.94387	2.52369	1.65905	1.51431	2.72125	1.65087	1.15972	0.939781	0.880188	1.69612	2.45474	1.46774	0.733059	1.6541	2.99344	1.68663	2.47068	0.334222	2.16659	0.857868	2.47956	1.11904	0.101485	0.427151	0.522688	1.49208	3.95651	5.45095	5.11879	3.21542	1.24761	1.14045	1.97075	1.63658	1.46139	2.00875	2.12112	2.41673	2.28523	1.66067	0.829763	1.05611	2.21663	1.69303	1.28587	2.60654	4.8004	4.0028	0.166493	2.86403	2.72769	2.87194	3.52159	3.37255	3.3705	2.53754	0.612016	0.151237	0.275474	1.37295	1.12665	0.64763	1.37358	2.07524	2.1897	1.27063	2.40083	0.555091	0.879569	1.84723	0.5502	3.33892	2.65562	1.63294	2.42232	2.63327	2.09817	2.43103	2.86601	2.77088	5.88617	5.10671	3.06397	1.96751	3.65525	2.40915	2.68173	3.61227	2.65997	2.96757	4.04469	4.66605	1.03024	6.11141	7.94233	3.33589	4.78349	4.47973	5.69457	7.05948	7.66596	5.00758	3.13273	3.40961	7.08959	3.13851	4.2217	5.27718	4.75357	4.25544	5.32617	5.10756	2.63787	4.35709	4.4016	4.3801	1.21595	2.85662	4.92583	4.01332	4.41806	1.42861	4.53577	3.2204	5.35202	5.56322	4.5778	5.01138	6.64775	5.53666	4.84374	4.17974	4.54278	4.64026	3.59672	2.24603	1.11408	1.44195	0.937829	1.83675	2.81214	5.06867	1.81326	3.27074	5.36694	4.45267	3.05589	3.05715	2.26759	1.50123	1.66729	3.86169	5.24792	1.43661	6.96178	5.3009	2.47644	4.99905	5.19807	2.09862	2.69626	3.03771	3.91582	5.02702	3.79642	6.67117	2.05826	3.47273	2.58293	1.01492	1.2709	3.74552	4.88382	4.48413	3.83823	3.57562	4.02112	1.47519	2.6581	4.05171	2.84321	2.32488	1.35686	1.88344	1.77388	2.99467	2.52626	5.34194	4.5879	1.8602	1.31016	2.23782	2.2886	1.55216	3.0134	3.37998	1.7641	2.10497	3.01121	3.9941	4.31595	3.09648	1.38311	2.08919	4.83089	3.44921	2.67453	3.77309	3.28189	3.06007	2.19094	1.90916	3.84101	3.52791	4.52948	7.44757	8.05294	3.55903	5.38282	6.64025	5.65828	2.68121	4.38865	4.70465	4.12581	3.80725	6.16267	3.43288	6.83077	8.57505	2.10489	0.563855	1.56445	4.05502	8.50488	5.28291	4.97682	7.09631	1.64391	3.32132	2.69618	2.94436	1.68074	2.08959	3.18729
2.31898	1.62352	2.01439	3.70659	3.55061	3.79225	4.62038	4.49209	2.04774	1.52246	1.94351	1.42867	2.63239	2.17728	0.89176	1.37315	2.00058	1.63693	1.28054	1.45426	2.11371	2.71633	1.75822	1.27679	1.48523	2.70713	2.12709	1.69077	0.162469	2.15451	0.903509	1.86492	1.05403	0.939928	1.03964	0.88381	1.08213	2.41188	4.74885	6.28529	5.03663	2.99052	0.767821	1.36877	1.80939	1.17342	1.72431	1.80839	2.33247	2.52949	1.83432	1.82644	1.30889	1.80151	1.14973	0.631918	1.31589	3.4944	5.0186	3.0376	0.796729	2.49609	3.74674	4.49478	4.24418	4.19508	3.93012	1.97183	0.81672	0.838133	1.26766	1.38067	0.962934	1.35187	1.98198	2.27422	2.00909	3.03095	0.935737	0.967445	2.46297	0.783834	2.95733	3.19341	2.6932	3.09867	2.80816	1.3967	2.97962	3.27816	3.48881	5.76036	2.56171	3.21857	3.06736	4.18608	3.08349	2.35518	3.02981	2.50481	3.42227	4.79707	4.79272	2.39461	7.93222	6.63808	1.08131	4.55306	2.62031	2.2341	5.89227	6.30106	3.16075	5.70296	7.35437	4.41771	1.22125	5.76687	5.82504	4.9354	3.07418	3.08273	3.33892	2.99958	2.64201	4.27657	0.926493	0.974483	4.8141	2.05302	4.08465	4.67975	0.917855	5.00923	4.53139	3.63576	4.9527	2.43244	3.77976	5.23448	5.20755	3.81444	2.62305	2.94887	3.6461	2.70379	3.99794	2.73646	1.24649	0.625949	1.5868	2.35135	2.48624	3.30886	1.54038	2.63766	4.30502	3.77676	3.80851	4.15146	2.67792	2.46284	3.58599	2.16349	2.1821	4.6394	3.60886	5.86887	4.08915	5.67232	6.82354	5.09964	2.64641	4.02212	5.12781	2.08645	7.13569	4.16203	2.18561	2.90531	1.67212	1.78478	1.38214	1.82074	1.57818	1.21249	3.54325	4.49764	2.76865	2.15297	3.95187	3.39921	4.08236	2.88767	0.887191	2.6234	2.15863	1.5214	5.1141	4.25291	2.36471	2.18875	2.64235	2.47439	2.04993	3.02414	3.62425	1.96976	1.14598	1.84711	1.48226	3.53399	5.11096	4.47432	0.905336	4.29523	3.64762	1.0939	2.83431	1.94868	2.80965	2.2338	1.17108	3.72788	2.07584	5.95666	7.79841	4.06	3.2258	8.99774	5.71274	2.53161	1.77801	1.31961	2.81999	1.86011	5.29985	7.11882	5.50128	7.39421	10.1392	0.974916	3.08578	2.80091	3.80799	8.99766	4.98525	6.07739	6.19456	1.87392	2.66185	2.59425	3.33841	3.27777	3.63423	2.59899
3.6734	3.92899	1.37211	3.8177	4.05581	3.03263	2.96507	2.88836	1.97685	2.93934	2.14583	1.68924	2.1168	1.90051	1.23854	1.28563	2.15218	1.82876	0.457013	0.730791	0.896107	1.20419	0.838147	1.43057	1.63191	2.77107	2.53652	1.56001	1.0389	1.93019	1.86474	1.38375	0.436144	0.154371	0.774234	1.21174	2.06486	2.60955	2.27265	4.51551	4.91073	4.71775	3.34477	0.305804	1.70436	0.993957	1.58856	1.22869	1.59808	2.51291	2.3692	1.86968	1.75258	1.65767	0.993561	0.5515	0.261189	1.8824	3.97173	3.60047	2.19906	0.789744	2.01022	3.926	3.93908	3.7869	3.55668	2.26367	1.54582	1.19178	1.10964	1.15394	1.15575	1.31652	1.32059	1.06076	2.00786	3.62763	1.68136	1.69266	2.63733	0.782883	1.92764	3.3742	4.04576	3.155	3.05869	1.00613	3.84598	2.68748	3.77921	4.65991	1.68227	3.23197	2.59841	3.53943	2.23771	1.04556	2.38914	2.04862	2.12527	4.5388	4.05992	3.74784	8.5658	5.42275	3.82452	5.07584	1.46865	2.96543	6.11021	2.88429	4.14324	8.23576	5.51892	1.49185	2.31096	5.89793	4.25386	2.73596	1.80645	2.00462	1.66024	3.81401	1.90204	4.66343	3.13262	3.32971	6.08989	0.997021	5.46715	1.70548	3.42696	5.14664	5.31947	2.80844	4.90933	3.35098	4.65267	3.84591	4.51375	3.26468	1.66635	2.05555	2.8698	1.75588	3.57555	4.47673	3.78078	0.778434	2.15486	2.04347	1.67256	2.19048	3.08509	1.87397	1.80932	4.44243	4.28037	3.70665	4.68325	4.58671	1.47993	1.8261	1.46397	2.89148	4.61912	3.75454	2.05608	2.91897	4.54091	4.71333	3.48551	2.11622	3.58807	5.62279	6.11081	5.25411	1.34333	3.84227	0.256865	3.00458	3.07156	2.04002	1.43917	1.1553	2.05888	4.31993	4.35732	0.653125	3.13308	2.98539	3.28394	4.09693	2.62028	2.3378	3.07159	2.10734	5.18165	2.84275	1.30772	1.3586	2.44599	2.11427	3.00747	2.19733	4.1583	1.32363	1.37417	2.02423	0.505979	1.47941	3.47697	5.08402	3.03796	3.83476	4.53046	0.863739	2.80305	3.24749	3.30444	0.8889	2.1351	3.34437	3.42912	3.58975	1.31592	2.60139	5.94357	8.70384	4.80229	1.36248	3.43856	5.11575	3.82859	5.6366	8.35807	7.89613	1.86986	10.4047	6.34372	3.67962	4.50726	2.20534	3.2764	8.73011	4.84031	6.2269	6.67352	1.36157	3.55924	2.05344	3.18345	1.26102	2.28943	2.2869
2.21806	2.65517	4.7841	2.74307	3.71929	4.21248	2.16611	3.68296	2.58819	1.37725	2.59545	2.09611	2.13664	2.03939	2.23621	4.20434	5.78624	6.09327	4.13899	1.94197	2.64903	2.82064	2.12757	1.17886	0.213969	1.95451	2.30519	1.74022	1.28734	1.39604	1.63231	1.07096	0.84362	1.20367	1.45269	1.40357	2.45863	2.27783	1.77378	2.82772	2.56436	3.95292	4.29859	2.04066	0.823325	0.423522	1.24763	0.429141	0.639637	1.40616	2.12693	1.92348	1.75855	2.05035	1.86625	1.78429	1.69564	2.00016	3.60208	2.53424	1.07006	1.90948	0.546018	2.58922	3.82818	4.01461	3.73249	3.96736	3.73038	2.76117	2.01916	1.21626	1.1666	1.16262	1.06205	0.816188	1.82668	3.00731	2.39188	1.08043	3.10957	0.818864	2.05832	3.08045	3.25901	2.66521	3.18161	1.49195	3.81719	2.63196	3.15504	3.87773	2.00445	3.36919	3.43388	3.96125	1.63956	1.22609	1.7292	3.08112	1.25051	5.37686	4.3291	3.23177	7.8258	5.89657	4.74497	5.09256	4.61563	2.58595	6.81506	2.95606	5.24898	7.41867	4.58162	4.41721	2.80972	4.82394	5.52581	0.439874	1.30192	1.02866	4.52402	3.95271	3.39742	3.64412	2.27674	5.05544	4.28105	2.77488	4.58054	4.80807	4.239	3.25205	4.2278	3.76027	3.71591	3.66656	3.97425	2.27783	4.77137	4.38211	3.66798	3.0398	1.62737	2.95044	2.18607	2.492	4.37537	2.49748	0.499417	1.22734	3.04156	2.31569	1.77806	4.76987	5.02972	0.389014	2.28428	2.53344	4.96555	5.15337	1.49067	2.65233	1.95302	2.47461	0.598151	0.666319	1.18371	0.72745	1.08476	1.44236	2.35181	3.15218	2.27535	3.68749	4.95697	3.6933	2.59782	3.37253	3.16157	4.51464	3.23208	2.38059	0.994398	1.80825	1.56295	2.40684	5.14982	3.01308	0.989133	2.80713	2.99116	3.62495	4.0828	2.59104	2.71776	2.44572	4.968	2.11284	1.11892	0.874882	2.1776	1.2888	3.0786	2.72529	3.74547	1.79058	2.09549	2.33593	0.816517	2.7287	2.38407	6.23026	2.79186	4.88492	4.9048	1.48722	3.19553	2.87259	2.77243	3.36855	1.943	2.38392	3.13198	1.52066	3.39423	5.94155	6.34089	5.97676	3.91418	3.68003	4.08034	5.39213	6.68963	8.46592	9.2695	1.85727	8.36607	9.17894	1.10488	5.73456	3.92875	2.68627	4.40788	9.15739	2.86259	7.43379	6.38054	1.2411	4.61958	2.06935	3.2088	2.10392	3.02469	2.29969
4.15535	3.75621	3.99331	5.94029	5.6619	3.34219	3.13419	5.20319	6.42737	3.11888	0.831903	2.89111	2.89084	2.58848	4.76262	9.53246	9.8237	10.661	8.53686	6.16607	5.15866	1.62147	2.04466	2.34228	1.87387	1.18965	0.784155	0.578863	0.227432	0.0284361	0.662177	1.94888	3.30811	3.53496	2.49756	1.31002	1.05769	2.39653	2.50534	1.58075	1.88264	3.59577	3.57657	2.20466	0.313814	0.148921	1.12702	0.899849	0.542451	0.833085	1.42785	1.86736	1.89989	2.04816	2.03957	2.12917	2.00348	1.6652	3.34815	2.42822	1.29969	1.76134	0.310596	2.45253	2.60121	2.79554	3.6969	3.73043	3.04883	2.59525	2.4503	2.31649	2.36234	2.24371	1.59092	0.957621	1.76866	2.53341	2.40881	0.380701	2.62391	3.21982	1.98002	1.63694	1.84666	3.27336	3.34269	2.71465	2.51063	2.6312	1.36467	1.96927	1.51574	4.96323	4.01558	2.89332	0.526154	2.38628	1.98987	3.76774	1.00051	5.27079	5.72367	0.537886	6.01595	5.04742	3.15825	4.44039	4.09727	1.93498	6.06382	2.39923	5.38649	5.72749	2.02455	3.29849	3.90121	3.65378	6.17472	2.91216	3.04781	2.18593	5.79249	2.9012	3.25024	5.43484	3.67892	2.87919	0.359479	2.51784	3.02489	6.19409	5.2712	2.83851	2.80504	4.45834	1.60902	4.21526	4.30389	2.77939	4.58533	5.38085	5.37851	4.27531	1.6656	3.15456	2.78331	1.53061	4.64687	3.17314	2.54469	1.65494	4.7215	2.28067	4.95562	0.694511	5.33551	3.47212	2.57578	3.7889	5.33979	3.94435	1.90451	2.35266	1.79209	3.67032	0.913145	1.12998	1.28599	0.538206	1.47355	1.29363	2.16717	1.34236	4.83177	4.44349	2.6072	1.59273	1.44175	4.10483	5.34666	4.72631	3.46222	4.14255	0.911181	1.46631	1.38379	1.10023	2.54077	5.24225	5.04537	2.47489	1.03324	3.16272	4.24778	1.90511	1.78801	2.6715	4.69114	2.01682	1.3864	1.44879	1.0715	2.18088	0.685951	2.1101	2.35285	2.34097	2.1396	2.48975	2.23183	2.51115	3.44325	6.24053	1.42966	6.36759	4.8227	2.99812	4.01115	3.34354	4.48814	5.07468	6.13317	2.94004	2.44983	0.458308	5.63121	7.05702	4.88386	1.75533	3.53519	6.84479	6.88405	5.82512	6.7768	8.45222	6.74076	5.63545	8.89234	4.09697	4.383	5.76473	3.01862	2.83999	5.39314	8.62982	0.782823	8.56694	4.5951	1.4015	4.34121	3.19796	2.30478	3.09467	2.23773	2.44529
6.02328	5.88551	2.76388	1.63597	0.344698	3.13985	6.24548	3.13183	5.82848	4.5753	1.48261	2.18532	3.50778	4.38043	8.5587	11.3404	6.47201	7.65653	8.73443	8.36912	5.75141	3.1624	0.386498	1.89866	1.61482	0.956706	1.16548	0.946415	0.577296	0.318322	2.2857	3.87388	4.55345	3.52053	2.64675	0.827493	2.50018	3.16029	2.15066	0.673706	1.60047	3.46761	3.62567	2.82414	1.50952	0.349714	0.961651	1.49004	0.664658	0.725603	1.00955	1.45163	1.43952	1.69307	1.84407	2.00561	2.17806	1.32739	2.23028	2.49218	1.45134	1.4371	0.0724918	3.22675	2.87611	1.6508	0.978701	2.01206	2.71331	1.7161	0.833308	3.01034	4.16078	3.21423	2.69475	1.92361	1.6102	2.25469	2.24423	1.93551	0.445329	2.27182	3.68866	3.07135	0.239302	2.68007	3.52757	3.01989	1.872	1.3032	2.03398	2.53889	0.878944	4.6087	5.0053	3.33117	2.03156	2.47697	3.85131	4.52794	1.50885	4.24095	6.40687	2.52133	4.91223	4.80067	3.65199	3.48072	4.19311	1.17198	5.67172	1.28081	6.03753	3.77728	2.79507	3.61217	4.17485	5.31471	5.71907	1.26673	2.23542	4.46002	4.02424	2.72994	2.32299	4.48822	4.20448	3.82109	1.40935	2.07996	4.04684	3.70996	4.56757	3.09845	1.72112	4.75798	1.39254	4.45556	3.64958	2.60428	3.33577	3.67466	1.53474	3.71772	3.02316	2.41873	4.37789	0.901309	3.8081	3.06572	2.29784	0.963143	4.58886	3.17901	5.2194	7.46709	7.65416	4.37812	3.10351	5.36283	6.34459	2.40906	2.48884	1.47735	2.12733	3.88602	3.10074	3.81328	4.09835	3.61225	2.73295	1.71701	2.5064	2.49767	6.58465	3.1803	1.72368	3.93767	3.54085	1.6959	2.58545	1.82553	1.41762	4.48709	3.81917	1.24103	1.65576	2.29641	2.9275	0.613098	3.71431	6.01644	4.20325	0.455348	3.75444	2.13707	1.20313	2.71105	4.44822	1.44849	1.60239	2.18989	0.901169	1.59728	2.0881	1.58832	1.51759	1.84942	2.01507	1.0959	3.68793	0.716792	4.92494	5.26597	0.801037	6.99841	4.18677	2.29726	4.04101	3.46122	1.8553	2.44853	6.39848	4.68678	2.7859	1.30948	7.68025	6.10986	0.878816	2.41489	3.50157	4.18715	2.65733	1.71522	2.26105	5.27372	3.31884	8.016	8.98191	2.94256	6.11259	4.61401	3.6133	2.39541	6.48981	6.53298	2.92188	7.73892	2.99621	1.84534	2.6589	3.49968	0.450239	2.92776	0.919827	2.26167
5.15503	3.24453	1.51283	5.12813	6.70047	6.832	4.42493	2.226	4.86089	4.3676	4.10831	0.297669	4.44924	6.07423	8.67939	9.13866	4.425	4.2919	8.25651	9.09107	4.4681	2.87699	2.03251	1.12049	1.77733	1.09347	0.709701	0.335265	0.167803	0.888436	3.7756	3.31391	2.09857	2.33209	3.49572	2.34859	2.34998	0.816582	1.32718	0.375693	0.646863	2.25086	3.40175	4.40398	3.86895	2.14842	1.68023	2.16564	0.9378	0.561976	0.744781	1.05839	0.998552	1.28964	1.39132	1.5435	2.07406	1.89225	0.822903	1.82524	2.02996	1.62482	0.762535	3.02048	3.62497	0.52477	0.753731	1.87863	2.00666	2.00903	2.1901	3.37884	2.81759	2.90039	3.09729	3.39629	2.8607	2.86266	2.72308	2.57314	2.14617	2.00455	2.34748	2.37912	2.41169	0.685127	2.47008	3.04634	2.88691	2.27599	0.982167	1.29609	1.65733	3.07633	5.38174	3.76453	2.92021	2.1746	5.52234	4.62111	2.26364	4.64187	6.15737	3.60758	4.74506	4.42194	5.42503	2.20665	4.26355	2.95126	5.45755	2.13243	6.53305	4.41579	6.14481	4.8129	3.9135	4.9582	1.98203	2.96934	4.90426	4.23131	0.894844	2.47051	2.79463	4.6998	5.96827	4.90874	3.56794	3.73059	3.93061	3.03477	2.54433	3.02819	3.20146	5.74586	0.882003	3.89505	4.32707	3.45376	1.40035	4.61095	5.40684	5.01871	1.17562	1.18953	2.83594	3.19978	1.80126	2.65485	2.37807	1.56608	4.21392	5.68969	4.1992	6.82177	5.4743	3.16854	8.11184	7.45966	4.68207	0.287343	2.6788	2.08347	3.03727	5.91076	6.83676	4.70687	2.17505	2.50399	0.543191	3.21558	1.52276	2.32478	5.49853	1.2358	2.00685	1.49131	5.01289	3.53088	2.04682	2.64473	2.37849	1.077	4.39765	3.5787	0.99992	1.68573	2.43523	4.36415	3.13735	1.78357	5.25104	4.13997	2.24611	2.75082	0.919551	2.98366	4.43241	0.610913	2.13652	2.64151	2.51112	2.18203	1.29121	2.48569	2.07371	1.43596	2.16023	0.730934	4.61667	0.447664	5.78208	4.15989	2.59899	6.56725	3.86197	0.556487	1.72064	2.40048	2.54629	2.95092	5.02568	5.59677	3.04038	3.56551	7.8157	3.81458	1.04131	2.80589	3.12657	1.46853	3.05572	5.4027	6.31756	6.71624	3.95015	7.6245	8.62074	1.87563	5.87545	2.53186	4.06655	4.42423	7.79375	2.8905	6.09955	5.40289	0.84934	1.76915	0.675723	2.54916	2.69259	2.36951	3.51016	1.7822
0.727	2.73473	5.21785	5.70728	3.90419	1.29245	1.79458	3.40426	3.63937	2.89907	3.97395	2.09273	4.30285	7.55101	9.77409	11.9369	10.8588	9.90741	10.0779	7.65711	4.34925	3.04239	1.61891	0.284041	1.01971	2.1267	1.51505	0.50596	0.417409	1.65246	3.44826	2.62409	2.57697	2.90407	4.02691	3.15272	1.49083	1.89	1.83573	2.12579	2.10294	1.95796	1.03666	2.27161	3.62858	2.73477	2.13819	3.0049	1.81875	0.929365	0.86756	0.70255	0.74649	1.08833	1.32825	1.13368	1.68745	2.2665	2.13146	1.18763	1.75019	1.22327	1.001	1.21281	3.82427	3.17247	2.34095	2.4193	3.16363	4.32534	3.98904	3.46423	1.86032	2.83812	2.70351	2.96999	2.88393	3.22753	3.60919	3.56078	2.41625	2.23307	2.35559	0.886423	1.81261	2.99993	0.89363	2.32645	2.62214	2.58243	2.56559	1.4907	2.87745	2.5034	4.88389	3.60587	3.08472	1.96615	5.34426	5.86784	5.1528	4.6976	4.36038	3.26931	3.74744	5.01853	4.62588	2.23215	3.25717	3.36892	2.90243	1.58809	5.35701	5.52881	5.13093	4.58058	4.21861	4.00504	2.93538	4.84923	3.52323	1.25762	1.61728	2.07315	2.16307	2.39811	5.67546	4.30865	1.70071	4.58038	3.9005	2.36128	1.80199	2.37017	1.44223	5.12828	3.52715	2.30957	4.62446	5.5943	0.582231	7.02132	5.58042	1.855	3.06657	3.0064	2.9759	3.77888	1.6045	3.83247	3.11897	1.06204	3.35207	6.80457	5.53657	0.845439	4.24091	9.14109	9.00503	4.46894	0.665936	1.91982	0.731477	2.64099	2.72685	2.83833	7.89744	8.07593	7.03459	8.65745	8.77869	5.97266	3.75459	2.42146	4.7159	1.60829	2.95463	0.394668	5.48236	3.25653	0.579105	0.477734	2.25643	2.76723	0.526585	3.58315	2.57223	2.93061	3.71353	1.34676	4.56358	3.92381	3.58913	5.3277	1.95632	2.67579	0.861684	3.50037	4.28751	0.344101	2.56184	2.01055	2.82614	2.63278	2.34076	1.04377	2.73809	1.51687	1.91319	0.900954	4.81544	1.55449	6.01858	4.94173	2.53818	6.10145	4.6608	3.24283	2.69642	3.72459	3.59122	3.32375	3.91717	5.08143	2.13421	5.55725	5.82837	1.80109	1.84208	1.65339	4.47446	3.23296	4.2609	1.68726	3.47596	5.67146	5.9477	4.92214	8.7638	2.55341	5.40947	1.07883	3.34841	6.27779	5.7628	2.8163	7.15235	3.78055	1.90829	1.46244	1.06416	2.11352	4.02572	1.80013	3.23273	2.23137
2.6609	4.93215	4.72175	2.40651	1.84038	3.90673	4.96319	5.62182	5.50556	4.63112	3.72237	2.52669	2.00333	5.9031	8.89	11.7811	12.7602	9.46073	5.44225	4.0762	4.126	2.54728	0.815009	0.506111	0.965225	0.869051	2.23691	2.35922	1.67457	2.46278	2.75497	2.75368	3.61939	3.66893	4.00908	3.06484	1.05122	2.53013	2.56715	1.73843	2.34561	3.06545	1.54682	1.43227	1.63657	2.73822	2.50966	3.05887	2.2579	0.729293	0.984555	1.1239	1.26059	1.35597	1.68059	1.43921	1.64445	2.00407	2.52849	2.20972	1.48924	0.55323	0.825098	0.532225	1.73614	2.67253	2.46884	2.423	2.45047	2.00104	2.22397	2.70402	2.04012	2.57397	2.2584	1.86833	1.59376	1.89425	2.51536	3.57554	3.16946	3.07018	2.55217	2.58403	1.98127	2.56016	2.40563	1.10853	2.25287	2.75873	3.13789	2.24253	2.50951	2.45004	3.598	3.05014	2.64334	0.750814	2.68039	5.98597	5.75375	3.18463	1.9695	3.98283	2.81745	4.42958	3.60251	3.05681	3.27697	3.27323	2.21804	3.65788	3.91112	4.34699	2.73183	3.04542	1.89884	0.477363	4.37365	5.42786	2.51161	1.28624	2.79412	2.47781	2.39392	0.979635	3.85797	6.80122	5.67286	3.86089	0.265412	2.31279	0.829528	3.91234	4.44575	5.20079	2.44612	2.52757	4.11673	6.31835	1.21592	7.39775	5.89006	1.77111	5.43695	4.1557	5.07607	4.43322	2.64313	4.39005	4.75964	3.62585	0.638575	6.60858	7.34529	1.09668	6.97246	7.76739	5.88656	1.9084	3.0723	2.38672	2.10141	2.07332	5.43452	3.79819	4.57078	6.53914	3.10128	5.11744	6.11842	6.48014	2.54471	0.670004	5.89231	3.63688	5.21948	1.3102	7.42701	4.8754	4.09681	3.50118	1.50463	1.96797	3.218	2.22926	5.47787	1.74199	5.1327	5.59034	1.00126	4.62798	4.23035	4.32988	3.05594	1.56122	0.166488	4.74503	3.8342	1.07572	2.92032	1.17197	2.56628	3.33755	3.07869	2.35259	1.02388	2.80481	2.86885	0.691112	4.24479	2.33645	4.99718	5.35458	0.946419	4.88339	4.4567	3.51302	3.18151	2.79799	2.38358	2.57564	4.03509	4.29786	1.6311	6.05858	2.33421	1.54906	2.71233	1.96271	4.94549	3.98152	4.02785	5.61009	4.57858	4.5455	5.70583	2.2935	8.01783	3.16514	4.54274	1.68846	3.07708	4.35252	0.592241	3.26727	4.5487	4.07742	2.54693	1.8802	1.98268	3.12066	3.72239	2.1733	2.5733	2.51467
4.41965	4.97026	3.09143	1.36227	3.99374	3.58691	3.6145	3.09889	0.662	1.63653	2.19547	1.7151	1.18394	0.664405	2.598	5.08974	8.02188	8.70453	6.4408	3.89762	3.12057	1.15566	0.343279	1.101	0.730259	2.15414	1.76185	2.72865	2.1625	2.59978	2.11369	2.84747	2.72076	2.18726	2.68152	1.73255	0.228981	2.25036	3.02384	1.96555	1.91733	3.47614	2.93054	1.82869	1.82536	2.79754	3.0148	2.21951	2.06893	1.63773	0.724858	1.22544	1.62222	1.74725	1.88197	1.76007	1.53015	1.45878	1.88907	2.33583	2.11449	1.47243	0.608403	1.00398	0.613777	1.73377	2.10802	1.94071	1.32228	0.843208	0.751254	0.600697	1.84975	2.97485	1.84033	1.21734	1.15194	0.690232	0.951268	1.95152	2.88752	3.25181	2.65506	2.57435	3.27876	2.92141	1.95876	0.942001	0.664511	1.28821	2.57677	3.02771	2.30416	2.6668	2.36615	1.94028	2.94648	1.50882	3.07694	4.57789	4.40128	3.2492	1.3486	4.9039	1.55384	0.452589	1.15724	2.65416	2.92837	2.8541	3.4181	3.69866	1.14846	2.7365	3.64391	4.13599	4.0076	4.26154	4.98703	3.78751	1.32367	1.6348	2.68636	2.69284	2.70598	3.74641	1.4131	2.82248	5.38775	6.83202	5.59284	2.46576	2.33658	4.83718	3.05148	1.81463	2.4708	3.34784	3.21459	6.49741	1.38696	6.85714	5.55824	2.22451	4.26321	3.60015	2.77985	1.82327	2.58531	2.82118	5.30529	6.2418	3.8581	7.01904	7.83885	2.06019	7.62619	5.15091	4.82881	4.92074	3.54156	3.23722	4.84871	6.26676	6.82668	5.16295	2.93098	5.62367	2.21121	5.41204	2.33741	7.37371	4.52802	2.74491	8.33831	3.47351	6.51333	3.48025	8.18075	4.54183	2.98215	3.58785	3.52086	2.07526	3.61014	1.28763	6.66916	4.1591	1.63002	5.84172	5.25058	2.15246	3.84594	0.972048	4.29208	0.874641	0.992918	4.78754	2.61472	0.880028	2.61329	2.04003	1.30777	1.89476	2.7939	4.03674	2.70137	1.81504	3.8239	1.71058	3.81892	3.07919	3.58379	5.02731	0.873242	3.57967	3.26339	2.37401	2.85589	2.32521	1.12127	2.84097	5.39143	2.78863	3.67043	5.05533	0.992273	2.101	2.47621	1.66818	3.63744	4.44378	1.38294	2.38928	3.17808	5.10231	4.75178	1.98294	6.88559	3.17701	3.43606	3.412	2.76638	0.124316	4.71211	4.25804	2.50601	1.56468	1.77793	2.23371	2.64042	2.97525	2.10676	2.10604	1.67017	3.37648
4.4154	3.55578	0.226173	3.2017	3.82081	2.42473	1.84542	1.98817	4.92209	5.77262	5.96835	4.81808	4.31056	3.88963	2.70736	0.779918	2.19072	4.34468	6.70944	5.8464	1.86233	2.78998	3.57151	0.596949	1.42242	2.6015	1.81829	1.46648	2.76789	2.69976	1.79863	1.31708	1.70989	2.5977	2.75698	0.880347	1.44366	2.11807	2.39663	1.15273	2.34936	3.88482	3.43201	2.63358	2.85268	2.67883	2.35968	1.90015	1.50464	2.0904	1.07101	0.307736	0.697008	0.808056	1.39885	0.968729	0.172968	0.138373	0.208804	0.58888	0.838287	1.23398	1.18266	0.926684	0.583331	0.858853	1.50414	1.85987	1.99496	2.08501	1.50059	0.745666	2.66165	2.49459	0.528894	0.91438	1.56973	1.10011	0.42074	1.57063	2.03195	1.83112	1.56663	1.61925	2.03492	2.0985	1.50476	0.718285	0.994976	0.974719	0.869808	0.471233	0.666084	2.41273	2.73956	2.39905	3.11878	3.06391	3.6197	2.11195	2.49788	3.92154	3.58017	4.6375	0.852263	1.7489	1.06301	1.75984	2.25279	3.02877	3.15014	0.851508	3.94291	5.28575	4.39867	3.51882	2.59574	1.70295	2.45203	1.97137	2.03361	1.44512	2.0773	3.0166	1.91517	3.87122	4.45818	3.15967	1.90467	2.66645	6.85369	3.38021	4.10125	3.76082	2.15426	2.81858	4.666	3.56784	2.93631	5.94747	1.20883	6.33025	4.67985	1.67364	2.30671	3.4806	4.77331	1.46749	3.15682	2.12431	2.73118	5.83951	3.57537	7.19349	6.52179	3.12368	8.08071	3.02516	2.18488	2.96194	1.26016	1.16354	0.644365	4.13447	5.46146	3.57101	2.72907	5.31714	2.00246	5.50498	3.29211	9.30914	6.91445	7.11774	9.48935	4.01427	6.7835	4.13146	6.44896	3.56416	1.63985	3.3913	2.92787	2.33879	2.35839	2.63511	6.06768	6.24961	1.72686	3.64666	6.39766	3.90199	1.93396	3.49276	4.31438	2.01235	1.12974	4.93972	5.1437	2.97205	1.79423	1.79242	2.08539	2.2799	1.81788	3.28544	3.67768	1.27019	3.66122	2.35502	2.29678	3.43136	2.46397	4.49502	1.8311	3.34214	2.91003	2.12099	2.13692	1.78769	2.48985	3.12239	5.39328	2.24813	3.21802	4.38269	1.32996	2.61057	2.13635	1.9502	2.2692	3.39565	3.71609	3.37581	2.67355	4.84605	1.76625	5.03312	6.10081	0.752234	4.17269	4.39539	1.39828	3.30424	3.81344	0.957541	0.37216	0.855352	1.6831	1.95027	1.85897	1.53104	0.942173	1.71197	1.52863	1.26994
3.4977	2.13409	3.45842	4.21953	2.85589	1.64173	2.99588	5.6396	5.7088	4.74428	5.44507	5.36817	4.92727	3.80527	3.25871	2.00358	0.880191	1.19288	1.24671	2.03175	4.84356	4.13264	5.80859	3.15776	2.16624	1.87176	2.21859	0.946238	2.82188	3.88168	2.9771	1.44774	1.44052	3.21949	2.41346	1.98654	2.60168	1.80642	1.52226	0.531874	2.40976	3.58202	2.86407	2.25233	2.03456	2.45186	2.59893	2.62053	1.76345	1.50671	0.883722	0.819848	1.23215	0.931235	0.929714	0.81055	1.84165	1.67594	0.972968	0.61595	0.784544	1.29753	1.65822	1.61359	1.42396	0.388248	0.148792	0.491929	0.877468	1.42691	1.68885	2.086	2.67453	2.52032	1.9361	1.432	2.35426	1.31197	0.843989	1.23129	1.2218	1.09315	0.912541	0.822709	0.765793	0.843881	1.03804	1.27431	1.42219	0.963165	1.5325	1.86701	1.57753	0.485668	2.05106	2.74206	3.10745	2.46361	0.868286	0.142459	0.975763	2.98754	3.64924	2.41177	1.16628	1.95995	1.47352	2.67424	0.990977	1.51835	0.998178	2.29121	4.57258	3.7325	1.70648	1.41045	1.57777	1.94438	2.61405	2.16481	2.42257	2.3147	0.978458	2.98966	2.57058	1.57743	4.12829	5.63222	5.16174	3.83302	5.92058	2.40543	4.11418	2.5932	0.682867	2.60875	4.31114	3.2455	3.2691	4.73038	2.19011	6.93788	4.79849	1.24455	2.15793	3.01937	4.69118	3.3861	3.08014	3.18903	1.60546	5.45203	0.740857	6.77024	4.59777	4.49591	7.35898	2.30593	2.10413	2.99729	1.76257	1.25061	2.41353	4.7768	2.73137	3.71146	4.04121	6.77324	4.78036	5.39218	5.5392	7.18301	7.37468	4.0786	7.19471	2.39259	6.14749	4.61824	3.16548	3.50359	1.52504	2.8178	2.20255	2.4734	2.47559	3.82379	5.16914	6.28337	2.30985	2.49035	4.69935	6.35277	0.61437	4.80317	4.76579	0.997048	2.63437	2.33669	4.81393	4.29725	2.26163	1.48635	1.76612	3.01567	1.90228	2.31607	3.87217	1.14493	2.49378	3.25153	0.740004	2.78236	1.77601	3.28758	2.65784	2.49862	3.66551	3.75736	3.30137	2.40103	2.9541	3.60935	3.65692	1.02508	3.06839	3.39349	0.342004	3.05591	1.87423	2.78027	2.13547	1.49752	0.548717	1.13074	3.62695	6.29188	1.36301	5.92773	4.55112	1.99361	5.59556	3.15972	3.02223	4.44979	1.88673	0.624229	1.6448	1.90433	1.82898	1.93776	1.74681	1.06393	0.344016	0.966911	2.44855	2.19475
1.44211	3.2627	3.99702	3.16861	0.699207	3.23105	6.25371	6.6096	4.15878	3.1015	2.94541	1.57086	1.94629	4.05179	4.12262	1.3151	0.812765	1.08124	1.31553	2.00469	4.55031	3.76979	5.57056	4.56005	0.860052	1.23989	2.02413	1.04629	1.23933	2.69182	4.32938	4.02175	3.24258	3.14809	1.79173	3.41985	2.42058	1.18975	2.66112	3.13265	2.40851	2.06861	3.05471	4.45985	3.87865	1.2161	1.41463	1.77485	0.201903	1.45109	2.21245	1.86515	1.42018	0.844297	1.99267	2.38538	1.68994	1.61431	1.23285	0.820764	1.08818	1.61174	1.66284	1.41003	2.01855	1.39774	0.863027	0.624444	0.434253	0.308478	0.906207	2.03437	2.52082	3.1256	3.17729	3.102	3.96387	3.41978	2.32474	2.21774	1.96989	2.02463	2.00032	1.95596	1.56785	1.10892	0.662054	0.541904	0.582277	0.0968474	1.80502	1.28921	1.676	0.697275	1.08795	1.87094	0.969396	0.690461	1.54298	1.30024	1.14296	0.277601	0.311283	1.96216	3.64512	2.21367	2.07647	2.56286	1.03151	1.21693	1.2697	1.45974	4.33728	4.201	2.944	2.45171	2.5891	2.80721	3.33604	3.08522	3.32869	3.46866	2.62598	1.77388	2.33187	2.66414	1.35607	2.3703	4.42295	3.92623	4.89655	2.76086	4.519	3.98659	2.43651	2.88747	4.05508	2.12362	2.91288	2.49424	3.96586	6.18983	3.97354	2.80682	2.98027	3.63521	3.46942	3.33087	1.52606	2.14868	4.60221	4.86461	1.62623	6.96874	3.34765	5.00047	5.49026	3.3555	3.49385	3.61592	1.65617	2.79842	2.69248	4.92427	3.66788	2.68999	3.02148	6.65344	6.74937	4.36923	5.63667	3.89186	6.67988	0.887424	6.22271	6.29787	3.16495	4.45592	1.59881	3.16376	2.61145	1.88156	2.4852	3.68126	5.39903	3.69082	5.45251	5.25733	2.49328	2.77501	2.52304	5.95643	2.74288	3.6748	5.68359	1.46752	3.15036	2.12333	2.45656	4.76804	4.34717	3.38618	1.16103	2.6515	3.14156	0.972289	4.09465	3.01571	0.995294	3.13456	2.25837	1.15254	2.39748	0.931189	3.35088	0.780905	2.01611	3.37021	3.65255	3.42231	2.81979	1.57998	0.924739	3.42521	4.10072	2.37003	1.03919	2.75319	0.268937	1.28766	2.60113	3.03056	3.4186	3.91599	3.06317	5.63078	2.4261	5.19377	4.41775	2.58041	5.42539	0.727089	5.94437	2.34868	0.752941	0.976008	1.36724	0.719142	0.532769	0.562366	0.622782	0.491073	0.672573	0.895508	1.64868	2.39665
1.87961	2.42104	1.48022	0.785977	4.2859	5.34645	4.3139	2.24718	2.31665	4.0512	3.79008	2.54978	3.63932	4.92512	2.57776	0.906158	0.818436	0.739551	1.76817	2.79708	4.6189	5.62997	4.77298	3.7382	1.15552	1.46992	2.01109	1.49713	0.992008	1.13074	2.7967	4.40092	3.41667	2.66123	3.24317	4.73246	1.71424	3.13186	5.14552	5.99528	5.35587	3.60099	1.24434	3.82882	4.56916	1.97626	1.52346	1.34186	1.38757	2.37602	2.18206	3.34597	1.03256	2.71711	3.34893	2.54866	1.2038	1.14993	1.12286	1.16823	1.54933	1.63724	0.598125	0.116651	1.12361	1.78031	1.43933	1.30912	1.11002	0.967914	0.244983	1.08313	1.29431	1.49619	1.73868	2.31167	3.72239	4.62932	3.60111	2.23226	1.7733	2.33269	2.9686	3.38879	3.44	3.10696	2.53488	2.04353	1.43741	0.890886	1.56409	0.201533	0.612807	1.53746	3.16566	3.28762	2.98483	2.677	2.24531	1.8758	2.32019	1.60724	1.48323	2.6774	1.98644	0.650014	2.09648	2.42107	2.61711	3.20247	3.00708	1.83127	2.16535	3.92108	3.64107	3.44519	3.44572	3.46099	3.96838	3.88654	4.21247	4.69757	4.64587	4.53669	3.43154	2.1706	2.48514	3.95448	3.09675	3.54201	4.28947	2.99155	3.93548	3.16761	2.96237	2.14949	3.69667	2.72499	2.56604	1.5432	4.61695	3.72579	5.1359	6.31809	4.50102	3.24832	2.67855	2.46028	2.30005	3.44597	6.65719	2.35585	2.30768	6.59295	2.95104	4.14562	3.23777	3.12417	3.34643	3.92755	1.34382	2.40891	3.50691	2.90775	2.81344	4.15892	1.4132	4.02494	5.64257	2.26172	4.73386	2.05941	6.02433	4.18697	4.90834	8.21663	1.85452	4.53077	2.82164	2.72299	1.86113	0.240419	2.28969	4.09302	3.45457	2.17922	4.9319	4.46268	2.00781	2.34273	2.94898	4.4991	4.11821	2.50664	5.67533	3.40553	1.11094	2.84789	1.6317	3.22508	5.06444	5.1662	4.14732	1.16506	3.24652	2.02479	2.74673	4.31958	2.24016	1.56511	2.83436	2.46804	0.515537	1.72255	1.23321	2.34162	2.15018	0.541822	1.5012	1.29517	1.50596	2.68514	3.42354	2.78152	1.20927	0.393915	1.44515	1.56842	1.90399	2.30179	2.3809	1.99277	2.12151	1.70641	0.764986	3.05593	3.80234	2.62456	4.54638	3.94929	3.01811	3.04913	4.71231	0.992111	1.98428	1.83452	1.40931	0.623572	0.893004	1.70056	0.801968	0.600126	1.49542	1.67663	1.42713	1.19785
1.26653	1.1325	3.18107	4.70495	4.53663	1.72325	2.29245	3.00302	4.00288	3.39489	3.49798	3.85745	3.49733	2.45181	2.28543	4.1101	3.58595	2.05169	0.877885	1.41853	2.83863	3.66531	1.64597	3.0952	2.5227	3.12822	2.78687	1.97701	1.63733	1.20369	0.712056	1.71261	1.29828	1.54239	2.67198	6.03246	4.16025	5.12191	6.14522	6.35709	6.71472	6.43963	5.43098	5.0381	4.89083	3.08936	2.32988	0.551654	2.62543	1.94118	1.85902	4.01093	0.93547	3.04502	1.55914	1.90827	1.66529	1.22915	1.99857	2.09035	1.46335	0.796696	0.410516	0.368505	0.583849	1.30635	1.15919	0.883588	1.08494	1.09798	0.985068	0.642789	0.22726	0.849343	0.751329	0.470084	0.971304	1.81784	1.75265	1.15816	1.67409	2.10748	2.35868	2.5942	2.93677	3.03694	1.9687	1.15745	0.768791	1.56872	2.36574	1.67692	2.33858	3.36697	2.99483	1.58018	0.844027	0.591699	0.364787	0.314336	1.70476	1.33295	0.861151	1.83187	2.79939	2.41384	1.20154	0.715828	1.41081	1.81818	1.47302	2.67747	0.829108	1.89524	2.68488	2.81165	2.7595	2.67096	3.36101	3.34308	3.67928	4.46684	4.40016	4.23894	4.46961	4.43903	4.78784	5.67614	3.20799	4.22949	4.99283	1.58746	3.97452	1.62511	2.35703	2.8622	2.01869	3.88368	2.76965	2.49352	4.09048	2.77242	4.29637	4.81227	4.49043	3.22928	3.19614	2.87392	1.17864	4.08467	5.57024	1.87289	3.53791	5.96797	2.47843	3.23773	1.87097	1.90393	3.67276	3.0463	1.37597	2.48358	2.83357	2.18565	1.42885	3.25149	2.76645	1.67727	4.61635	4.41453	4.63232	2.42325	4.97119	4.66504	5.80883	6.47499	2.84912	4.23639	3.66861	2.60165	0.529864	1.57249	2.25552	2.46541	1.06719	2.8225	3.43609	3.74957	2.31759	2.41302	3.52564	4.89375	2.85494	2.25813	3.54353	3.20044	2.54929	1.08627	2.93816	2.0194	1.26115	2.76861	4.43869	3.08019	2.08519	2.96283	0.89749	3.48468	2.96999	0.85799	1.3906	2.65608	1.73485	0.782525	1.85773	1.66036	2.23719	1.41264	3.2421	2.66334	1.96187	1.10788	0.558008	1.11497	1.63701	2.18039	2.25526	1.17642	0.767128	0.855875	1.75613	1.88533	1.71296	2.60782	2.48001	1.93535	3.42275	0.83208	3.39806	2.47077	1.60652	3.18213	1.85151	2.51119	2.46227	1.8871	1.07096	1.36783	1.38097	1.04076	1.69913	1.21791	1.42593	0.750535	1.62192	1.77926
1.59004	3.73201	4.52599	2.91745	0.605423	2.35911	3.33233	3.68431	4.7348	4.07756	3.29413	4.71852	3.17883	1.03441	4.46134	4.93697	5.71779	4.78997	3.22377	1.68659	0.758949	2.75544	2.5389	3.34093	3.10253	2.39903	1.96968	0.917	0.527919	0.493772	0.102126	0.786784	1.39274	2.0203	1.9898	4.66269	5.30125	6.07393	5.30774	3.18659	3.1859	4.54762	5.92437	5.40628	4.3249	2.15958	0.0696951	1.82714	2.71448	1.0897	1.25882	3.74476	1.70174	2.92862	1.36609	1.71453	1.18819	1.52388	2.15608	2.30301	1.67646	0.834385	0.719932	0.371258	0.844257	0.737889	0.755355	0.677943	0.737188	0.420781	1.00887	1.15313	0.85517	0.133785	0.945542	1.09229	1.06807	1.45599	1.51428	2.12623	2.63622	2.13188	1.4946	1.19132	0.988264	2.51906	2.15063	1.47072	1.36114	2.29749	2.15069	0.339877	0.723435	1.93764	1.24336	0.545874	1.20328	1.58627	1.98478	2.16171	1.93693	1.48004	1.12233	1.56359	1.77661	1.90909	1.87169	1.60229	1.4461	1.32367	1.13953	1.50057	1.44449	0.085356	0.987891	1.53648	1.73719	1.79772	2.5156	2.84076	2.79456	2.86887	2.97459	2.84873	2.91727	2.95913	3.34664	4.38911	2.71965	4.14589	4.17451	2.72909	3.5665	2.16676	3.14207	3.00038	2.08326	3.42396	3.13695	1.99094	3.87867	2.63659	2.75367	2.74619	3.18199	3.6138	3.47978	3.14508	2.08904	4.38836	4.26027	3.25726	3.89812	4.94718	2.20573	2.79908	2.25219	2.65549	3.15445	2.46419	1.8373	2.55968	1.72653	1.75275	2.14955	2.17511	2.17461	0.247774	1.94857	2.78708	2.32911	1.773	4.03397	4.37172	4.754	4.81341	3.78298	3.74537	3.76047	2.98798	2.60543	1.33472	3.61238	2.68406	2.14482	3.44099	3.65142	2.73509	2.33696	2.37069	4.14764	3.63384	1.94795	3.79038	1.29728	1.54465	2.5074	2.07585	1.29479	1.76729	3.41243	0.703317	3.51505	3.90431	3.58389	3.57204	1.79896	2.74776	2.90123	1.95687	1.62432	2.00733	1.62472	1.13446	0.517598	0.761662	0.814367	1.82236	1.89551	0.511371	1.2081	1.76883	2.16185	2.02062	1.52762	1.87606	2.0276	2.1479	2.43403	2.4296	2.07136	2.41316	2.49477	1.97557	2.25359	2.50124	3.05825	2.05004	1.09784	2.41565	2.41929	1.24577	1.87263	1.69917	1.40714	0.569005	1.75106	1.70175	1.95172	0.836373	1.77352	1.98376	2.69581	3.43262	2.23382	2.33527
3.0435	2.7817	0.560218	2.04534	2.76667	3.08923	2.82592	2.88613	2.93012	2.39598	2.93969	4.38733	2.45191	2.45954	4.54572	3.26258	3.49822	5.47392	3.97467	2.00292	1.95612	1.85427	3.20566	2.98517	2.01015	1.20588	0.961222	0.913795	0.908899	0.169471	0.587718	0.964559	1.85428	2.31147	1.48801	2.23615	3.62163	3.38576	1.65026	1.4273	1.38309	0.194208	2.11908	2.20747	0.438838	1.85835	2.53993	1.96991	0.987196	1.02409	1.37286	2.63306	2.61153	1.83279	2.07959	1.20876	0.55361	1.36799	1.00326	1.20862	1.60564	1.56247	1.47944	0.402046	0.31154	1.07645	0.926641	0.671382	0.295642	0.435475	0.448499	0.499196	0.902143	0.848298	0.215806	0.484557	0.810733	1.27125	1.27134	1.43767	1.11819	0.551415	0.489596	0.228243	1.57092	2.87105	1.82623	0.684707	0.890782	1.78428	1.08418	1.12825	1.5898	2.23315	2.09992	2.17717	1.98696	1.67736	1.89877	2.14506	2.14969	1.81801	1.34049	1.06207	1.09263	1.66417	1.98944	1.84921	1.87603	1.73641	1.70322	1.78994	1.54577	0.931708	1.06112	1.45715	1.52694	1.37425	1.50956	1.74981	1.65352	1.76703	2.13185	2.13699	2.06614	2.13919	2.22029	3.069	1.00622	1.86233	1.63015	3.65522	3.65091	3.15852	2.51759	2.65636	1.63407	1.92853	2.7279	0.486107	2.78204	1.7257	1.64896	1.92389	1.71737	2.38288	2.4224	2.23275	2.72817	3.96132	1.86798	2.80901	3.37605	3.93069	1.3569	2.62798	2.94733	2.34565	2.30505	1.63811	2.02267	2.42279	1.43652	0.998399	1.34057	1.1294	0.878829	1.14616	1.22366	1.10309	1.31315	1.02919	2.06037	2.75054	1.79722	1.78907	2.27458	0.104137	1.72315	3.38212	3.54082	3.0032	3.29318	1.4281	0.989112	1.8492	4.26791	2.12726	2.00821	2.19119	3.99043	2.11663	4.68336	2.22882	1.35466	0.868244	1.40289	2.08977	2.80572	2.39925	2.77963	2.2908	1.6697	3.66368	3.87015	2.34979	0.803412	2.20572	1.95481	1.85492	1.86505	2.06639	1.8397	0.96979	0.517488	0.934357	0.899659	0.81078	0.877137	1.44307	1.53646	2.01789	2.10354	2.10869	1.36142	1.73583	1.15206	0.948456	1.6529	2.47219	2.21694	2.04663	2.40173	2.68218	3.06689	3.08098	3.73346	1.87809	2.1735	2.02564	1.73659	1.79653	3.20787	3.29526	2.914	3.56752	3.38083	2.60029	1.30432	0.411598	1.51989	1.82196	1.32361	2.82338	4.26464	4.07365
1.70644	0.855186	1.956	2.33805	2.05303	1.82783	1.41902	1.87749	2.59522	2.31824	2.4932	3.6081	0.979399	4.1073	4.59997	2.48535	2.24991	6.41772	5.09917	2.70994	2.45118	1.51927	2.00661	1.09718	1.46705	3.11163	2.97724	1.98122	1.51645	1.53364	1.12467	1.04748	0.729222	0.192004	1.44408	2.01875	1.5719	1.23164	2.54725	2.74397	1.57895	1.60529	1.67319	1.56723	3.14773	3.84388	2.79121	0.88301	1.1401	1.66852	1.97765	2.2943	2.80387	1.41085	2.39891	0.291648	0.39536	0.715241	0.989257	0.298047	0.533309	1.0102	1.50138	1.09791	0.916223	1.05134	0.442969	0.442831	0.217969	0.559989	0.621261	0.517014	0.644356	0.575209	0.542953	0.816791	0.684112	0.577584	0.351549	0.699302	1.22661	1.32381	1.18974	0.83431	1.64794	2.16949	1.58171	1.30697	1.35053	1.64755	0.554433	0.361963	0.960537	1.58266	2.19569	2.85685	2.58636	2.22843	1.78782	1.31399	1.31679	0.994467	0.670135	0.837247	0.455828	0.706246	0.878697	1.13912	1.17921	1.1617	1.22986	1.40783	1.55502	1.68028	1.83446	1.95424	1.83468	1.33665	1.07438	1.07884	1.10881	1.26607	1.72187	1.92825	1.98622	2.03269	1.85589	1.43615	1.33893	0.975069	0.495811	1.6863	3.15418	3.02488	2.36185	2.80516	2.10664	0.602641	1.8873	2.26955	0.875349	1.72373	1.42863	1.82659	2.21143	2.50289	2.36015	0.69153	4.35455	3.25056	0.674044	2.41137	3.16881	2.03662	1.61773	3.60021	3.14711	1.99399	1.36195	1.11858	1.69105	1.64262	1.16007	1.1145	1.24139	1.11815	1.05	0.52486	0.296643	0.0213015	0.495282	2.0686	0.967509	0.808418	2.20109	3.30584	3.67186	2.86748	1.19781	1.98273	2.92381	2.27442	0.299331	2.98408	3.79595	1.59533	3.48643	2.6623	2.31024	2.25191	3.50911	1.07026	4.96005	1.58493	1.91145	1.29453	1.81808	3.49711	3.39644	3.49333	2.96861	2.51524	1.86199	1.88855	2.16871	1.77829	1.64095	1.30887	1.25134	1.60014	1.99324	2.2354	1.9412	1.27079	0.780334	0.372391	0.922912	1.9513	2.65813	2.61589	1.96135	1.92163	1.83221	2.30109	1.93747	1.87451	0.713005	0.733772	0.951868	1.65631	2.29364	1.67694	2.22243	1.54562	1.75991	3.29646	3.7523	1.30616	4.72439	4.14373	5.00112	5.56812	3.90923	3.09513	2.97886	3.59706	2.41262	1.59364	0.900165	0.782401	0.644784	1.24307	2.01748	1.08556	1.31732	1.05869
1.27091	2.66089	2.77835	1.69639	0.244719	1.57977	2.02497	2.0603	2.82539	2.78633	2.46924	2.79723	1.39078	4.54767	3.96991	1.78831	3.30355	6.05826	4.13686	2.38021	2.03392	0.489722	0.777536	1.07902	2.93497	2.35093	3.19282	2.04669	1.38846	2.47206	1.15977	0.432032	0.259409	0.0769254	1.19435	0.934181	2.56499	3.61517	4.5521	4.1402	3.51104	3.08617	3.01963	2.56503	3.79114	2.92011	2.72359	3.25836	2.0306	2.2137	2.4995	2.78177	2.38838	1.33031	2.49586	1.52678	0.37629	0.0725391	0.726932	1.04112	0.455095	0.710106	0.961176	0.51088	1.03251	1.63418	1.37906	0.917628	0.402535	0.108712	0.441981	0.443696	0.324186	0.200934	0.77748	0.998025	0.988037	0.917288	0.936943	0.977266	1.05308	1.17837	1.45346	1.21784	0.859817	1.69429	1.22034	1.47341	1.53448	1.45222	1.34498	1.2724	1.6724	2.42651	2.15676	1.06259	0.474188	0.369548	0.125594	0.2689	0.230011	0.205311	0.132568	0.731427	0.548014	0.865299	0.122627	0.750798	1.10424	0.948731	0.619282	0.617798	0.77591	0.916107	1.16076	1.5276	1.71037	1.85953	1.71691	1.56003	1.44781	1.31463	1.51547	1.78352	1.82579	1.81788	1.96641	1.76643	0.926635	0.273721	0.755262	0.657632	0.575003	1.47251	1.68196	2.52369	2.88745	2.40736	1.74551	1.96841	1.01751	1.35814	1.62881	2.00151	2.47266	2.3399	1.49033	2.81267	3.41723	2.46802	2.25587	3.06736	2.60718	1.24381	3.47602	2.35853	1.47824	1.49219	1.92221	2.20099	1.87966	1.32359	0.934106	1.25973	1.23646	1.00215	1.07983	1.55298	1.47709	1.54899	1.80072	2.00484	0.354592	1.88498	1.10868	1.39961	1.99789	1.8187	1.742	1.58407	1.07188	0.626295	2.03281	3.29159	2.42758	3.27619	1.0791	3.48426	3.60435	3.28163	3.19347	1.78433	4.3073	2.94993	3.23045	3.50582	3.94477	3.36965	2.17829	2.68663	2.72732	2.09282	1.27375	0.562131	1.4454	2.35297	1.94078	1.9324	2.07996	2.0797	2.07365	2.15058	1.79945	1.57414	1.69794	1.3851	1.91383	1.63581	1.3582	1.48883	2.11921	2.76757	3.02026	3.23911	3.09329	2.35028	2.26091	2.44647	0.433663	2.60545	1.53955	2.34751	0.734455	1.70871	2.77902	3.80374	1.55672	4.84635	5.51496	4.1847	4.2635	1.03101	1.80826	1.75928	1.17149	1.71751	0.310099	1.7205	1.11912	0.815307	1.81641	2.05423	1.07534	1.82464	0.812723	2.36258
2.62092	2.62501	2.92482	3.21283	2.66153	0.787583	2.25615	3.2501	3.05277	0.554194	0.619784	2.23468	3.27585	4.78098	3.54752	1.01414	3.12937	5.12229	4.02941	3.09498	2.91335	1.76205	1.09608	1.90739	2.73154	2.40876	2.85908	3.59931	2.33695	2.46625	2.10676	1.55494	0.927979	0.744865	1.34196	2.74482	2.06223	3.42524	4.53555	4.58076	5.19584	3.74112	2.57305	1.87063	2.60205	1.10864	2.43007	4.62555	2.16906	1.59924	2.03908	1.23822	0.347382	0.715039	1.11098	2.21596	1.38662	0.387594	0.279999	0.717617	1.09711	0.706052	0.806003	0.218042	0.481464	1.19519	1.53734	1.45766	1.14132	0.773384	0.389125	0.0965646	0.0546426	0.376565	0.827888	0.876632	0.960917	0.855543	0.560464	0.204572	0.0646365	0.0912429	0.247185	0.975998	0.342543	1.38768	0.871308	1.41929	1.7954	1.91682	1.63544	0.712449	0.95033	1.00797	1.28611	1.07501	1.07811	1.20011	0.802399	0.629334	0.191689	0.165265	0.171967	0.688735	0.744928	0.617673	0.166069	0.157938	0.566817	0.763112	0.243532	0.374861	0.685844	1.17281	1.08246	0.761788	0.481864	0.967197	1.33929	1.34052	1.38576	1.40255	1.36369	1.29405	1.28976	1.32227	1.50649	1.64697	1.87302	1.8036	1.51888	0.660314	0.563127	0.332851	0.279003	1.2184	2.02347	2.29084	2.43335	2.09339	1.46703	1.12737	1.35632	0.763125	0.137046	0.722692	1.18407	3.3192	2.54317	2.80805	2.42024	3.18403	1.68142	2.79713	3.05671	2.01699	2.08371	2.30322	2.23288	2.0652	1.98795	1.6015	0.911071	0.734063	0.913176	0.838377	0.653075	0.800615	1.02601	1.11203	0.902968	0.643083	0.688279	1.45082	0.914638	2.23959	2.60397	1.7918	0.189246	1.05196	0.657131	0.614399	2.54696	2.35491	1.02272	3.10726	1.61326	1.24564	1.63001	0.194292	1.30732	0.255752	3.20915	3.66341	2.872	2.18255	1.07876	0.611468	1.35009	0.843118	0.555492	0.77883	0.968161	1.04314	1.11992	1.30619	1.03722	1.04127	1.72867	2.20692	1.93349	1.49107	1.28585	1.69666	2.63752	3.44519	3.52802	2.57726	1.2533	0.561591	1.31013	1.56039	1.93983	1.63989	3.10613	2.78905	2.54519	3.3238	2.61673	2.29782	3.73236	0.813701	2.18315	1.42691	5.2464	3.58242	2.29185	5.29231	3.51058	2.81734	1.68673	3.6757	3.47785	2.34167	1.86159	1.70433	1.87407	0.524657	1.53546	2.20304	2.83589	3.05607	3.08849	2.29803	1.58893	3.20273
1.9748	1.63943	2.11788	2.3222	4.51629	4.20976	3.14473	3.58861	3.04959	1.23771	3.18699	3.92698	3.70786	5.05246	3.52005	1.78426	3.45312	4.07047	3.36796	2.2385	1.83413	2.05669	1.76216	2.52517	1.73464	3.46809	1.11116	3.59164	2.39369	2.2561	2.01615	1.28235	1.07324	1.57491	1.03557	2.62913	3.76637	2.51334	2.54667	0.886217	2.40682	2.88641	1.95868	2.135	1.45605	0.706775	2.31913	3.97709	2.66308	1.25446	0.646039	1.75338	1.82122	1.12232	0.387474	1.7698	2.00745	1.06429	0.72766	0.609164	0.924088	0.34293	0.921016	0.364025	0.420064	0.599747	1.27155	1.39182	1.11046	0.755897	0.540717	0.23129	0.0629117	0.384134	0.801367	0.730022	0.224529	0.179364	0.145806	0.141502	0.176396	0.17706	0.50289	0.846483	0.376923	1.4797	0.671691	0.498812	0.947164	1.10088	1.62046	1.16858	1.55575	1.21812	1.61076	1.13402	0.36598	0.365277	0.374641	0.756598	0.514852	0.53759	0.44028	0.252266	0.474045	0.250306	0.672116	0.784024	0.933676	1.00587	0.538714	0.662515	0.715137	1.22296	0.876525	1.19097	1.65086	1.3092	0.69072	0.318281	0.612365	0.787582	1.0464	1.04025	1.03938	1.14102	1.29664	1.03582	1.10697	1.27616	1.55183	1.4479	1.16715	0.807347	0.397592	0.405811	1.03051	1.29393	1.36494	1.4343	1.23267	0.317866	1.15702	2.26707	2.24592	1.82762	0.332765	2.78157	3.189	2.82938	2.23888	2.60636	0.87772	2.56606	2.27589	2.60003	2.70538	2.51009	2.44726	2.39516	1.85221	1.35321	0.784679	0.178486	0.266862	0.22492	0.421775	0.724458	0.778095	0.788299	0.789769	1.14247	1.46703	1.0267	0.615932	1.98895	2.16502	0.814972	0.887181	0.927253	0.335228	1.22157	1.96214	1.09194	1.63521	2.30265	1.2986	1.94538	2.88038	3.35084	3.22861	2.55234	0.9806	1.4729	1.50498	1.96643	2.2552	2.05303	1.99816	2.17067	1.59582	0.683405	0.349818	0.36025	0.964475	1.42715	1.19656	0.799602	1.07445	0.608411	0.905429	1.04312	1.17828	0.652591	1.53138	1.8726	1.64053	1.89383	2.90424	1.85724	0.904754	2.60971	4.07187	3.68248	0.818566	1.17305	1.45909	2.56883	4.53889	0.602702	5.10928	1.47992	3.53991	2.77497	6.71848	1.01415	5.97713	5.31128	3.25312	1.91841	2.22843	3.93196	1.74013	1.99581	2.32525	0.30586	1.08618	1.96938	2.09935	3.0465	3.53937	3.27736	3.28778	2.55264	3.52801	3.00958
1.64719	0.907544	2.24315	2.08068	2.65167	4.26177	4.30295	4.29269	2.75986	2.99458	2.79598	2.03793	2.76871	3.45563	1.34041	3.57089	4.50657	3.55768	2.66616	1.50873	1.45853	2.00655	2.0245	3.49531	2.93196	2.61023	0.682409	2.7029	1.95669	1.73806	1.77133	1.31288	0.895479	1.21923	1.01599	1.77114	3.33786	3.02835	2.76433	1.81025	0.890684	2.94411	2.09175	2.54513	2.42059	2.68484	2.33903	2.99535	2.33379	1.73838	1.47051	2.81976	1.81638	1.91292	0.972244	1.07701	2.0673	1.62323	0.627246	1.17746	2.25251	1.94118	1.72494	1.32736	0.705289	0.309949	0.722911	1.11374	1.00437	0.729406	0.561286	0.384488	0.157788	0.310141	0.668417	0.791712	0.778401	0.671938	0.545217	0.284274	0.165325	0.449382	0.554617	0.694394	0.772123	1.76487	0.778247	0.697397	0.878632	1.18596	1.54107	1.32335	0.399156	0.54249	1.33627	0.933888	0.507449	0.358165	0.378596	0.51239	0.830995	1.13751	1.44329	1.53423	1.38823	1.44623	1.30357	0.848324	0.0815705	0.852604	0.523753	0.591758	1.06734	1.07346	0.985523	1.63165	1.95896	1.90262	1.22735	0.748478	0.910873	0.866507	0.725504	0.779748	0.87644	1.07036	0.985008	0.587227	0.417241	0.550195	1.03186	1.01398	0.811338	0.483267	0.191492	0.346513	0.487412	0.693047	0.767736	0.525242	0.671825	2.00119	2.49491	1.72664	1.2685	2.04196	1.06437	0.857142	2.00699	2.54771	2.2507	2.49619	1.5974	2.38996	1.46464	1.74271	2.07278	2.19337	2.33053	2.01344	1.59065	1.5359	0.998315	0.167177	0.508798	0.926294	1.05247	1.19889	1.27921	1.53936	1.76799	1.72501	1.25927	0.489716	1.06261	2.02837	1.88573	0.687668	0.856316	0.999371	1.49863	1.60015	1.33962	0.0952035	1.71853	1.00283	0.749901	1.29215	0.706572	0.528818	1.43021	2.44913	2.13572	1.55078	3.23634	2.24931	1.36943	0.733714	0.721036	0.949072	2.07214	1.71618	1.07222	0.829157	0.918844	1.14549	0.898115	1.18394	1.82396	1.0287	2.25179	1.87465	2.53225	2.29468	2.18026	2.69888	3.12931	2.52546	1.07661	3.2311	3.1895	2.32004	1.08453	2.75707	4.14706	4.08264	3.01584	0.625727	4.39206	3.01893	4.92709	2.9519	3.34378	2.60318	6.07949	1.5581	7.32971	3.71324	1.40337	0.798194	3.92463	2.39769	1.9892	3.05808	2.50612	1.48341	0.517063	3.25743	1.95188	0.827382	1.73685	0.8638	0.950897	1.46103	3.92882	2.06621
2.95086	2.11397	2.91695	2.59096	1.75531	2.50824	2.77418	2.66517	1.18237	3.04911	3.7424	2.16081	1.50456	1.76598	2.16098	3.94382	2.63041	2.26536	3.55554	3.89742	3.27474	2.73296	2.10533	3.731	1.71723	1.06177	0.14773	1.39057	2.9328	2.88702	2.54231	1.81722	0.9557	0.664542	1.56004	3.37029	2.98582	2.52985	2.44056	1.87694	0.641226	2.25923	2.11548	2.03052	1.40179	3.50208	3.56931	2.64318	1.83271	1.51471	2.10139	1.99935	1.86134	2.19433	1.89908	0.578814	1.18016	1.74846	1.58561	1.97472	1.89252	1.04312	1.32354	1.57167	1.27557	0.496205	0.70205	0.86112	0.813838	0.738457	0.631886	0.514009	0.531442	0.388502	0.27974	0.384831	0.401863	0.417425	0.641136	0.51268	0.496686	0.529104	0.529803	0.456153	0.862376	1.87186	1.01891	0.435026	0.584524	0.711723	0.857578	1.42816	0.731208	0.298989	0.975063	0.477444	0.424997	0.397668	0.690237	0.614559	0.746887	0.693435	0.837189	1.04755	0.994999	0.855117	0.476622	0.829503	0.834377	0.293863	1.24271	0.778093	1.49206	0.638334	0.709319	0.689564	0.991838	1.67471	1.40373	1.06055	1.10249	0.951347	0.775586	0.277413	0.257622	0.545697	0.308861	0.115008	0.727853	1.77872	2.48617	2.17687	1.66846	1.2362	0.644991	0.734951	0.865923	0.526019	0.338325	0.927842	1.78828	1.32205	0.723921	1.72592	2.06676	1.52801	0.879958	1.19871	0.294013	1.6609	1.79396	1.46086	1.36796	2.07197	1.54831	0.648348	0.854136	0.450153	0.575863	1.54589	1.75766	1.46573	0.90482	0.396828	0.747398	1.21838	1.89966	2.14283	2.09387	2.31415	2.37313	1.87269	1.15359	1.01846	1.10959	1.9903	1.83079	1.07312	0.948791	1.35383	2.3164	1.93789	1.3639	1.17776	1.10894	1.55236	1.52283	0.426933	1.72602	2.84949	2.9583	2.24147	1.65462	1.55478	3.11815	1.57237	0.342437	0.452439	0.990472	1.55811	2.83954	0.525464	0.967207	0.193021	1.56443	2.34827	2.18406	0.959593	2.68847	1.49943	3.29383	1.08449	1.58717	2.10655	1.80644	2.15243	2.83896	4.37942	3.01339	0.447867	2.52117	4.01449	4.42391	2.88121	1.01923	2.54162	3.12423	2.96235	2.20718	4.80789	4.90336	3.32421	3.43447	0.884774	6.27036	2.21277	7.38571	2.39395	3.01701	4.51367	4.56582	1.27652	4.01644	2.91307	0.438209	3.26625	2.16239	3.84693	3.08227	3.35022	3.63408	2.11508	2.35802	2.59831	2.60508	1.11893
4.33536	3.92953	2.6617	0.566977	0.800646	0.368695	0.324144	0.766711	0.860073	2.00786	2.06926	1.98976	2.64837	1.52979	1.22282	2.31671	2.4426	3.56756	3.82042	3.14034	4.37291	3.35206	1.9537	4.36275	2.18059	0.47974	1.31691	1.50877	2.33459	3.75752	3.49755	2.44137	1.01867	0.385994	3.30193	3.00677	1.79412	1.31852	1.82237	2.3082	2.00262	1.16752	0.894763	1.13602	1.15965	4.13158	3.65249	2.15002	1.90728	0.993828	2.27972	1.11906	1.4466	1.85788	3.35329	2.99854	0.716304	1.68382	1.71381	2.01678	2.173	1.3695	0.750762	0.407517	1.08591	1.08504	0.756915	0.606659	0.515079	0.563075	0.580043	0.530801	0.636141	0.738003	0.786113	0.869782	0.769704	0.464984	0.372199	0.245825	0.320559	0.354926	0.365637	0.251981	0.776916	1.62084	1.14672	0.58771	0.574511	0.689629	0.636496	0.805549	0.596911	0.794309	1.26519	1.72755	1.88371	1.68282	1.31581	0.931941	1.17605	1.59499	1.50605	1.37475	1.31972	1.40501	1.27199	0.787559	0.74762	0.625984	0.910845	1.05606	1.48962	0.837745	1.37698	1.42985	1.24717	0.970399	1.13431	1.59252	1.89489	1.73581	1.61608	1.45735	1.59151	2.14213	2.21144	1.73638	1.52457	2.10813	2.4961	1.52621	1.85495	1.45908	2.00669	2.97566	3.09346	2.73302	2.20049	2.27145	2.0913	0.954892	0.70193	1.10719	0.981825	0.391121	1.68359	2.31752	2.09396	0.240891	0.49249	0.402319	0.774692	1.08191	2.17292	2.32856	2.62795	3.24777	3.42807	3.32269	2.86691	2.05605	0.895283	0.299641	1.20034	1.58241	1.31954	1.1777	0.889535	0.275356	0.127761	0.573708	1.09927	1.72587	2.31277	3.2147	3.02567	2.21012	1.54331	1.38224	2.30658	1.96194	1.86602	2.53593	2.81076	3.44229	2.97538	2.52844	2.4823	1.85887	0.798874	1.42473	1.77023	2.22455	3.62248	2.14341	1.6932	1.48223	1.72819	1.65637	2.99477	0.844392	1.23593	1.92464	1.18172	2.36058	3.04153	1.3749	3.72571	0.961864	3.76792	3.72208	1.28508	1.38982	0.737789	1.13439	0.922859	2.60051	4.46386	3.83112	3.00555	1.91909	0.379853	2.37301	4.14058	4.15492	4.30987	3.68896	1.9589	3.04728	3.52642	2.74874	3.86315	3.92374	5.51769	1.83478	7.4681	2.32266	4.81582	4.68762	2.47593	3.01756	3.77427	3.26466	4.52561	3.23328	1.28922	2.40536	1.50617	0.730909	2.53686	1.67057	1.30462	1.56674	1.29249	1.79344
4.84074	3.34867	0.467815	2.33439	2.60443	2.54624	2.68019	3.33724	3.00221	2.1699	2.05163	1.7269	2.49998	1.73061	0.730784	1.62523	1.40455	1.03079	2.31026	3.76427	5.59325	2.69635	1.326	3.07807	3.08776	1.471	0.990388	0.318338	1.54228	3.33917	3.56877	2.5383	1.33897	0.598795	3.59451	2.49071	1.28267	1.6633	2.78831	3.6028	3.3369	2.48809	1.5445	1.49124	3.03582	4.25399	2.41349	1.3577	2.07961	1.1226	2.21901	1.34762	0.75536	1.17613	1.71579	3.61791	1.78151	1.24279	0.778404	1.75263	2.34948	2.2585	1.76324	1.34641	0.903147	0.876496	0.972375	0.549366	0.356462	0.456478	0.485084	0.286699	0.218779	0.396988	0.840245	1.09128	1.0299	0.743433	0.403144	0.261223	0.301359	0.350784	0.299538	0.129915	0.632228	1.21978	1.07887	0.954846	1.11126	1.15592	1.36085	1.38071	0.782409	0.132286	0.678483	0.996399	1.18277	1.08156	0.83773	0.500543	0.614201	1.37978	1.78609	1.881	2.00023	2.03854	1.9872	1.98616	1.73908	1.22337	0.896493	0.947955	1.04084	0.593826	0.931189	1.5343	1.73659	1.39002	0.937476	0.492098	0.783805	0.975246	1.04562	1.41826	1.74293	2.02219	2.25747	2.08189	1.9593	2.06931	2.47004	1.20069	2.26379	2.3382	2.69012	2.69951	2.50424	2.80379	2.73191	2.55275	2.19136	2.14296	2.47705	2.57255	2.20523	3.0107	2.57424	2.39347	2.47989	1.5194	0.784267	0.737484	1.27416	2.79407	3.29867	2.74923	2.0362	1.28197	0.957136	0.431342	0.840837	0.929103	1.72631	1.67932	1.60827	2.52315	2.98364	2.4373	2.4394	2.98166	3.23724	2.50366	1.35872	0.842566	0.52649	1.15917	2.00081	2.04117	1.90773	1.92383	2.27589	2.06743	1.14383	2.09485	2.01237	1.35533	1.67606	2.98949	2.99031	1.33509	1.74718	2.18936	1.41278	1.89452	4.17539	3.93276	4.16573	3.37524	3.5067	1.34962	2.56834	1.12435	0.556668	2.57898	0.981945	3.82709	2.9949	0.91577	3.80642	3.31177	1.90826	4.37729	2.05455	1.32854	0.0866925	1.44699	1.00311	0.102948	2.35767	3.83936	3.82885	3.67895	3.01153	1.38615	0.844003	1.73465	1.23101	0.914216	2.64438	3.508	4.40977	4.77346	1.81828	2.17666	3.38586	1.4442	6.92355	3.17574	4.09736	1.6482	5.08058	4.73295	0.748575	2.01581	0.880209	2.1979	4.04425	4.5034	4.88222	3.75721	1.67368	1.73314	1.23207	2.90265	2.94137	2.4102
3.09316	1.20315	1.84128	2.7664	1.21105	2.48103	4.12012	4.22796	3.8058	2.50836	1.81356	1.08128	1.21574	1.70772	1.34703	1.33538	2.09239	3.77213	4.18099	4.52584	4.06397	0.986551	2.01012	2.45755	3.27636	1.87694	1.60931	1.95666	2.02632	3.25945	3.60482	2.30388	1.18666	0.337321	2.54263	3.28157	2.89109	2.55012	2.36471	2.6582	2.94736	2.81833	2.47915	2.75551	3.88604	3.28569	1.24452	0.829805	1.67654	1.79851	1.27517	2.25065	1.04328	1.41466	0.849795	2.07288	1.74169	0.600544	0.923656	1.27374	1.2755	1.14235	1.22587	1.0253	0.685806	0.145948	0.979444	1.07538	0.905554	0.781782	0.620416	0.285213	0.20755	0.588824	0.73822	0.375378	0.400704	0.404416	0.256529	0.250097	0.274779	0.43493	0.377651	0.229245	0.638101	0.859711	0.699518	1.14413	1.6225	1.40859	1.38392	0.972746	1.20828	1.6108	1.72177	1.41965	1.38245	1.28429	0.978249	0.474578	0.310175	0.0762966	0.372633	0.528615	0.76154	0.996789	1.39611	1.70299	1.89865	1.99741	1.87831	1.60718	1.18709	0.716489	0.551663	0.755654	0.802382	0.910339	0.959385	0.91501	0.689745	0.482495	0.323147	0.567475	0.510633	0.440682	0.55105	0.461311	0.930169	1.13281	1.69816	0.56792	0.801874	1.06799	0.855604	0.38417	0.639194	0.520756	0.391949	0.57056	0.156662	0.521171	0.679467	1.23639	1.35237	1.4245	0.191173	1.72683	2.2366	1.33905	0.583667	1.44434	3.61487	4.48714	3.06433	1.59908	1.17639	1.39294	2.25211	2.93595	3.29362	3.31481	3.31485	2.3471	1.66287	2.09492	3.0092	2.50535	2.20119	2.3006	2.45512	2.95392	2.64518	2.74014	2.81686	1.90873	0.926633	0.60538	0.842006	1.45227	1.65801	1.45359	0.0494033	0.726044	1.07121	2.18176	3.45301	3.87437	1.36372	1.17077	2.39737	2.65466	0.847743	0.533648	2.50683	3.74239	3.6023	3.43185	4.95624	4.21445	2.93192	2.05073	2.25337	1.89211	2.93099	2.85443	1.31361	1.72847	2.73259	4.25167	0.826011	4.95532	1.82805	1.00128	1.22092	1.46466	0.28014	1.05043	0.853133	1.99466	2.07522	2.13773	1.80226	2.2624	2.39349	1.80103	3.69043	5.28694	5.19406	5.27104	5.43866	5.59262	4.63626	2.75204	2.90717	2.30143	3.80905	3.72073	1.45556	5.88801	6.81639	6.41257	5.78424	2.96357	2.93491	3.72421	4.28913	3.74693	3.04157	2.3125	2.84924	2.39092	2.52807	2.37731	2.52655	1.5511
1.81765	1.66489	3.91115	2.60408	1.17832	2.38852	3.53253	3.53144	4.26973	4.61938	3.47307	1.21836	1.1931	2.13598	1.59318	2.12782	3.8123	4.18216	3.62744	2.46301	0.919313	2.91632	2.91019	1.98254	2.29589	1.44245	2.74951	3.13834	2.81606	2.19938	3.02031	2.01905	0.815126	0.574925	0.534869	1.31842	1.84661	1.74646	1.42135	1.66965	2.02302	2.2895	2.19652	2.18801	2.79633	1.91915	1.18453	1.12691	1.03965	1.49872	0.806786	1.51498	1.78579	1.2608	0.934702	0.647132	1.65141	1.67551	0.675302	1.08986	1.39114	0.541462	0.291932	0.759402	0.872779	0.588007	0.456154	0.985557	0.959059	1.01151	0.951509	0.616413	0.382294	0.586482	0.314793	0.354124	0.258657	0.242612	0.241888	0.182931	0.229925	0.374853	0.505582	0.469402	0.637091	0.821652	0.66456	1.09823	1.62244	1.56857	1.3678	0.308086	0.321014	1.31539	2.12433	2.11583	1.68711	1.39191	1.09546	0.696875	0.611775	0.8262	0.842753	0.676226	0.491069	0.318676	0.498857	0.695425	0.927287	1.13575	1.31193	1.31603	1.17246	1.15025	1.04007	0.85374	0.629382	0.614933	0.515156	0.399105	0.161904	0.102608	0.11513	0.0383002	0.203107	0.168659	0.297524	0.295231	0.561991	0.438805	1.20316	1.16988	1.09499	1.01312	1.02134	1.29709	1.43383	1.42137	1.40024	1.51793	1.68978	1.99176	2.09268	1.84922	1.61103	1.96514	2.29368	1.86012	1.86724	1.2224	0.679249	2.04907	3.05077	1.97151	1.58692	1.7009	1.76606	2.04736	2.28773	2.46132	2.47853	2.44692	2.34872	2.49228	2.15857	2.2104	2.69719	2.55678	2.47174	1.89681	1.58511	2.13985	2.68239	2.64644	2.19967	1.5844	1.81388	1.88947	1.59943	1.45252	1.64143	1.1849	0.454759	0.949198	1.38359	1.72518	1.95504	1.39375	1.41893	0.957681	3.82505	0.584615	3.00897	3.83049	2.60017	2.9695	2.98646	1.66898	0.922004	2.83934	3.29148	3.13717	2.83078	1.6494	3.75519	1.49071	3.01154	2.60949	2.89281	4.32559	0.768549	6.30745	2.26166	2.07501	1.33222	1.31966	1.54564	2.33003	2.03396	2.43005	2.87309	2.5759	2.51894	3.32579	3.48786	2.2547	4.52513	4.10839	3.89052	1.87641	1.76288	4.07783	2.86543	4.03261	5.41609	5.58597	0.804637	2.73052	3.71159	6.26863	5.08669	1.45793	5.01293	4.88282	3.24414	3.3396	2.81363	1.21514	3.09154	2.0103	1.59474	2.28096	0.642334	0.706503	2.04768	3.71683
1.60617	3.07478	4.39414	3.05375	2.97715	3.93475	4.49019	3.78532	4.12172	4.53688	4.30019	3.33432	2.15753	2.29325	2.4533	2.83812	4.09677	3.31438	2.32358	0.228375	2.56756	2.24469	1.2286	0.194636	1.76827	2.84257	3.97367	3.89322	2.68416	1.65699	1.9787	2.00746	1.1059	0.819084	0.907731	0.652932	0.474489	0.470237	0.353196	0.44687	1.03542	1.28064	1.3442	1.54589	2.03267	1.18442	0.890822	0.792084	0.216901	0.851602	2.05567	1.02838	1.57092	1.69899	1.42828	0.386249	1.5601	2.17226	1.55731	1.13408	1.4143	0.186794	0.527876	0.432108	0.873231	0.971989	0.394938	0.271402	0.447741	0.81508	0.92246	0.860429	0.5805	0.316498	0.132431	0.209003	0.136599	0.0947343	0.146428	0.200742	0.340719	0.547084	0.771688	0.842288	0.666411	0.799946	0.539085	0.707527	1.41729	1.77271	1.53812	0.452389	0.377707	1.19674	0.336153	0.577783	0.265083	0.27004	0.694721	0.676276	0.272509	0.792524	1.01163	1.21359	0.828113	0.677699	0.724045	0.533645	0.344103	0.373505	0.125294	0.412868	0.61111	0.940563	0.992943	0.794681	0.63112	0.753284	0.879656	0.854152	0.616311	0.348153	0.25403	0.259065	0.331559	0.430516	0.337816	0.480767	0.393745	0.137238	0.675889	0.555761	0.918424	1.24872	1.42784	1.22309	0.859242	0.757942	0.818097	0.912064	0.895401	1.07609	1.25588	1.57648	1.77947	1.75353	1.82365	1.93601	1.85783	1.19756	1.12848	1.9671	2.66462	3.14595	3.33357	2.88974	2.50146	1.85392	0.86289	1.36504	1.23259	1.79133	1.39457	1.90223	1.39287	1.71102	2.37987	2.72057	3.0806	2.66008	1.75378	1.41689	1.74831	1.33097	1.94713	1.19259	1.89927	2.00391	2.06904	1.81614	1.8189	1.28332	1.14252	0.744342	1.26385	1.68849	1.14501	0.66524	0.60057	2.61077	3.04413	2.01064	3.45938	4.20058	4.17624	4.80765	4.48903	3.85422	3.64497	3.30845	3.4059	2.63102	1.06095	2.17584	3.71313	3.7024	4.29609	4.12379	3.3479	3.66222	2.41888	7.09509	2.25511	3.66064	1.88865	3.16184	1.65114	4.63159	3.19038	3.18101	3.95671	3.93909	3.63999	3.04784	3.93105	3.67825	6.01386	4.36255	3.58331	3.71695	2.75815	2.44775	5.49051	6.58138	5.25319	7.59913	3.71228	5.49767	7.92549	5.93048	3.96099	1.50693	2.32307	3.88935	4.35897	2.50095	1.08878	3.94627	4.31933	5.07918	2.61632	1.11886	2.91364	3.24014	1.58971	3.20738
0.612836	3.59488	4.93479	2.94068	4.67231	6.49755	5.87061	3.32471	1.20216	1.21699	4.02435	4.54001	2.98694	2.21612	3.2715	2.73325	3.75864	1.37729	0.454453	1.58312	2.32946	0.584672	1.50706	1.09023	1.14002	2.26034	3.08715	2.30116	1.06047	1.45891	1.68301	1.33105	0.884451	0.510026	0.208966	0.523235	0.478141	0.788747	0.894233	0.957399	1.00438	0.773093	0.472304	1.52168	1.75752	0.960846	0.629364	0.240781	0.579929	0.594696	1.64686	2.40876	0.1493	2.1393	2.49051	1.93548	0.736072	1.27325	1.25908	0.556387	0.959581	0.660894	0.869184	0.410015	0.869761	0.78748	0.781301	0.703747	0.249953	0.42891	0.765222	0.975333	0.884221	0.683426	0.586516	0.49764	0.310269	0.124468	0.100985	0.160898	0.255701	0.415223	0.532264	0.672612	0.674671	0.763452	0.400452	0.366398	1.18206	1.61755	1.56058	1.15064	0.554488	1.26452	2.1291	1.89625	1.02804	0.55133	0.928345	0.854747	0.93307	1.29467	0.096797	1.08503	0.672898	0.608438	0.796117	0.734415	0.54299	0.50872	0.207544	0.355316	0.518859	0.437754	0.407698	0.532497	0.45399	0.424148	0.570093	0.90188	0.999889	0.969372	0.746263	0.583471	0.616233	0.616503	0.599834	0.848887	0.717327	0.632869	0.782049	0.551789	0.787388	0.721748	0.903022	0.985636	0.922655	0.851531	0.75642	0.542017	0.134469	0.626347	0.991939	0.723042	0.24932	0.350309	0.437126	0.461223	0.806697	0.761332	1.11125	1.66762	1.88958	2.11219	2.09784	2.17895	1.87482	1.45421	0.661491	1.73964	1.41537	0.76253	0.693756	1.367	0.951695	0.711472	1.02238	1.15062	1.76468	1.92543	1.31904	0.459873	0.545065	1.52434	0.74415	1.57985	1.49563	0.72234	1.27033	1.68296	1.45327	1.07452	1.24004	1.07036	0.560279	1.78084	1.59119	0.958282	0.969413	2.84941	1.99479	2.63235	3.80066	2.31466	2.59331	1.65303	2.39835	1.49144	2.88438	3.88112	4.8454	4.74554	3.3589	0.805427	2.96449	3.56094	2.80713	3.56755	4.05294	3.38704	4.01948	7.55526	3.57879	3.41894	3.89141	0.777458	4.42938	4.64132	1.16423	1.39261	1.1344	2.60888	3.42495	3.12468	3.92824	3.19498	4.89724	1.18936	2.25949	3.14921	3.58071	3.69848	2.6959	0.951775	3.6778	7.96653	2.81813	8.16517	7.41019	1.72295	1.73688	0.784847	2.24185	1.86551	0.0787427	1.93561	3.62461	2.37885	1.6344	3.2337	4.92451	3.54935	1.67869	0.970126	2.71376	1.43147
2.10872	3.2187	5.13339	2.76711	2.22873	3.66728	1.55125	3.85036	3.86468	3.3039	3.27288	3.35797	3.87313	2.37481	2.34911	2.29248	2.93203	0.407627	2.1245	3.0879	4.47351	3.92555	3.93993	1.85876	0.873751	2.32283	1.89681	1.04551	0.704842	1.25902	1.43431	0.830661	0.384049	0.672413	0.276932	0.629923	0.496415	1.08099	0.686394	0.0843573	0.32544	0.489299	1.1846	1.6285	1.22272	0.581094	0.487451	0.181498	0.632776	0.716584	0.673417	2.20664	1.51472	1.08348	2.43213	3.01805	2.20622	1.2631	0.697707	0.735486	0.612507	0.90058	0.621154	0.345844	0.764078	0.615606	0.760549	0.816524	0.560086	0.264518	0.653871	0.868156	0.771001	0.596795	0.509644	0.510853	0.530342	0.522148	0.454575	0.397708	0.341393	0.323219	0.191995	0.200531	0.44427	0.739258	0.614497	0.58117	0.856136	1.10626	1.22107	1.59494	1.29059	1.03227	1.2212	1.81717	2.0671	1.08863	0.867541	0.465887	0.654837	1.37713	0.894912	0.795708	0.323689	0.545655	0.775419	0.681276	0.581884	0.696271	0.493235	0.628428	0.782463	0.566662	0.299611	0.210679	0.286858	0.157683	0.388379	0.41389	0.665274	0.796219	0.85512	0.713908	0.654741	0.604955	0.565072	0.72778	0.763426	0.888821	1.05032	1.06443	0.917791	0.685012	0.645769	0.592011	0.709202	0.711733	0.594718	0.634063	0.496282	0.18016	0.607095	1.06842	1.05355	0.552146	0.451048	0.730848	1.08545	1.13537	0.662047	1.42492	0.992028	0.637259	0.370289	0.717602	1.02291	1.70645	0.906832	0.577059	1.73347	1.69014	0.704829	0.976913	0.432834	1.10602	0.729996	1.25439	1.12669	0.990256	1.63857	0.840749	1.36347	1.4549	1.72408	1.51312	0.5764	1.27761	1.47549	1.09095	0.975594	0.58205	0.288166	0.520824	0.695085	0.961622	2.41294	0.978702	1.51058	2.87542	1.31416	2.81496	3.58581	0.695064	1.39312	1.1919	1.94721	2.1527	2.80365	3.31488	3.21786	4.97889	4.64573	3.26911	2.54784	2.74435	4.11338	3.49423	2.39082	2.19012	1.26526	6.75504	6.72611	0.36463	5.72325	0.805737	5.24085	2.80712	3.99976	3.90212	2.46594	1.94758	1.36549	3.4743	3.59647	2.59588	4.50558	2.11074	4.07895	3.59014	3.04088	3.37175	4.33846	4.27218	4.41901	7.26965	0.954277	8.69648	4.64668	3.36747	4.05052	2.75473	3.9956	3.93505	3.47228	2.85428	4.33547	1.55072	2.44489	1.5018	3.01812	4.2116	0.77111	2.98692	1.73155	3.62111
4.1754	2.43754	3.45696	3.64141	4.44906	4.66723	4.69733	4.14939	3.87806	1.81201	1.80769	1.31986	3.20083	4.5864	1.31259	0.960344	0.779146	2.37978	2.76116	4.52589	6.55498	5.63198	6.54133	3.34777	1.98095	2.82909	1.46257	0.750279	0.403448	0.45733	0.112553	0.502467	0.750916	0.798645	0.517669	0.884095	0.417274	0.541651	1.00716	0.768967	0.788987	1.19114	1.28787	1.04733	0.476237	0.476441	0.524846	0.275008	0.328132	0.498197	0.219844	1.68565	2.09141	0.529622	0.408285	1.19916	1.96463	1.46667	0.891195	0.722756	0.50108	0.635198	0.43136	0.334917	0.379119	0.699206	0.639771	0.768548	0.911514	0.76196	0.340007	0.257936	0.386969	0.537525	0.558118	0.640118	0.792435	0.858838	0.782493	0.6882	0.617048	0.464832	0.255268	0.153539	0.460463	0.695562	0.53518	0.589948	0.587112	0.673557	0.508497	0.644097	0.618483	0.157834	0.62906	0.317944	1.10955	0.891495	0.72073	0.379074	0.483267	1.05647	0.72466	0.537394	0.600564	0.796772	0.910275	0.576198	0.35459	0.784169	0.723701	0.435813	0.472489	0.21778	0.187438	0.262464	0.3465	0.118332	0.457231	0.150165	0.295243	0.0500608	0.232905	0.290707	0.403424	0.593456	0.731888	0.771692	0.594213	0.672766	0.799319	0.714679	0.689445	0.699965	0.784343	0.719359	0.769488	0.644444	0.450241	0.562189	0.752025	0.945855	0.92932	0.763821	0.622671	0.386102	0.198044	0.220419	0.772618	1.71587	0.475456	1.30379	0.982222	1.34169	1.80426	1.88276	1.76	1.13632	0.659523	1.25909	1.06099	1.69938	0.144749	0.773558	0.859441	1.45543	0.391245	1.09937	1.50795	0.356404	2.0099	1.95746	2.1657	2.44515	2.01059	1.33511	1.43778	1.60877	1.51829	1.61761	1.54821	1.18395	0.330031	0.429208	1.14336	1.37736	1.79312	2.29644	1.41701	1.5555	0.921854	2.54296	2.66875	1.87985	0.46667	1.50968	2.88193	3.86351	3.38664	2.3662	0.763546	4.014	2.95853	4.24487	5.87788	7.17562	7.35941	7.77356	8.56559	8.83394	6.52161	1.90404	7.13835	4.95851	5.87463	2.24655	4.90541	4.86525	3.96413	2.46959	2.8659	3.57304	0.795194	3.81019	2.27728	3.3246	2.22434	1.75899	3.90525	2.98163	2.79045	3.14613	3.4974	4.3641	4.30945	5.18026	1.35188	7.49335	5.922	3.15109	3.45145	2.96224	2.10978	1.61599	1.86658	1.09927	4.18532	1.17393	3.43077	2.88697	2.83276	5.31795	0.889033	3.32176	2.62128	1.50869
5.45494	3.79434	0.486981	1.90688	3.45704	2.52868	2.96835	2.84337	1.81293	2.56068	1.73547	0.704839	0.77821	3.88844	5.75684	3.43302	4.28751	3.88358	1.93603	4.13848	4.41476	1.22833	5.43971	3.68949	3.27829	3.32558	3.08275	2.71204	1.9178	1.38597	0.958013	0.786714	0.735611	0.532637	0.457063	0.832065	0.808845	0.125564	0.556445	0.479776	0.570051	0.801153	0.560033	0.3891	0.120189	0.531547	0.478219	0.738432	0.62658	0.27627	0.614395	1.95111	1.89052	0.212353	0.756749	0.4074	0.72925	1.44555	0.874245	0.392264	0.152583	0.335881	0.741848	0.136789	0.482042	0.550395	0.606173	0.772237	1.05635	1.19101	1.05779	0.724712	0.261337	0.162874	0.369496	0.597428	0.616192	0.54755	0.497071	0.529799	0.617279	0.642403	0.590098	0.511977	0.584832	0.797793	0.399822	0.147865	0.300623	0.613851	0.607573	0.908611	1.33995	1.34266	1.55215	1.70736	1.44801	0.521301	0.216732	0.202913	0.566735	1.14363	0.984819	0.567337	0.505723	0.304114	0.688647	0.570012	1.07942	1.62233	2.08208	2.00402	1.60199	1.2024	0.585376	0.0258566	0.457902	0.600717	0.477856	0.289219	0.355317	0.34464	0.388618	0.255321	0.235245	0.190937	0.216819	0.618316	0.713727	0.657271	0.720039	0.656353	0.712936	0.745282	0.704238	0.578314	0.568798	0.700708	0.831202	0.908305	0.738589	0.73592	0.938601	1.15809	1.1	0.773191	0.481084	0.455119	1.04588	1.56162	0.261391	1.30381	1.3217	1.22871	0.702161	0.430578	0.71794	0.603878	1.09742	1.22643	1.05407	0.486716	1.16009	0.395534	1.50143	0.974876	0.318879	0.814962	1.70752	1.0846	0.91826	0.408178	0.102057	1.06215	1.13438	1.13457	1.28409	1.21046	1.35028	1.6225	1.98746	2.07988	1.01789	0.68541	1.48573	1.5284	1.94992	2.48277	0.590183	1.72287	2.90511	3.4526	3.14315	2.66337	1.57966	1.83771	2.54136	2.71028	1.71237	1.45554	1.20904	2.93079	2.5424	4.72714	5.18698	3.55397	1.303	1.99008	4.36467	5.64951	7.83741	3.56836	4.2364	5.07795	1.96374	1.86279	1.49466	0.521696	2.04859	2.77125	2.14563	3.00665	0.521008	2.72705	1.98166	0.610735	0.843463	1.43217	3.42262	2.77754	1.74475	1.35413	2.16672	1.79057	1.33112	2.46183	2.89697	4.04459	5.49894	3.62796	1.81474	2.80471	1.93335	1.97364	1.26747	1.30385	3.34409	2.85928	1.47243	2.81141	3.64502	4.19671	1.72532	1.66227	3.54731	0.91389
3.39787	4.0126	2.64997	1.43668	2.3654	1.43904	2.41243	2.38188	1.90066	2.34436	2.67009	1.64068	1.57054	1.06136	3.3737	2.3343	4.59384	3.23219	2.59837	2.46562	4.68095	4.19553	3.79415	1.7724	4.97913	6.58211	6.26585	5.32543	4.17986	3.58253	2.97785	2.14816	1.7921	1.43876	1.05074	0.885501	0.919242	0.253454	0.320893	0.20452	0.661039	0.763388	0.537664	0.287516	0.0529229	0.416055	0.793099	0.918013	0.525365	0.500898	1.70199	2.18294	0.781224	0.568552	0.757246	0.730931	0.605016	0.686729	0.998827	0.974465	0.912118	0.825083	0.455208	0.0238215	0.382364	0.300708	0.134498	0.24665	0.648751	0.949115	1.05108	0.986775	0.869942	0.575982	0.391974	0.422494	0.213216	0.370886	0.423401	0.433966	0.380737	0.383079	0.459524	0.490421	0.210763	0.623152	1.20486	0.932592	0.649292	0.728391	0.635454	1.01839	1.324	0.995467	1.27992	1.23381	0.910028	0.887057	0.935961	1.02299	1.12013	0.333088	1.24282	0.565113	1.01057	1.30828	1.41996	1.60261	3.09155	5.65	6.92627	5.59979	3.03455	1.89688	1.31564	0.821685	0.443891	0.316244	0.191015	0.385605	0.670806	0.349743	0.0663108	0.106394	0.160667	0.220767	0.201847	0.119328	0.382607	0.667439	0.739911	0.614111	0.62412	0.611801	0.458085	0.152742	0.116294	0.15606	0.57187	0.91471	1.08452	0.981557	0.618794	0.401294	0.535581	0.869638	1.01709	0.919213	0.959781	0.904278	0.254546	0.905416	1.32102	1.3171	1.36407	1.89138	2.19436	2.06461	1.64404	1.3895	1.4639	1.32111	1.20525	0.579275	1.58389	1.59957	1.85557	2.19034	1.8098	0.689099	2.47568	2.37928	2.0783	1.50699	1.751	2.28355	2.29002	1.8172	1.48313	0.91527	0.738981	1.95631	1.70199	0.439769	1.61898	1.22752	0.749338	1.12764	1.0528	1.48128	1.77484	2.48718	2.4749	2.07823	1.35825	1.24773	0.860035	0.406388	1.25975	1.65945	0.695293	1.80573	3.26175	3.80945	1.90553	1.94625	2.39777	2.76616	3.24871	2.0997	6.37486	5.82114	1.59999	4.09321	5.45726	6.077	6.50183	6.34952	5.15172	4.49103	3.36249	2.26501	0.523829	1.5266	2.37855	3.47523	3.0805	0.33427	3.09229	2.58625	2.47279	2.51266	2.62275	3.00943	4.05295	4.06289	4.61065	1.91207	5.38043	4.24321	1.00787	2.99476	3.56918	3.82219	2.57469	2.57667	3.72768	3.70947	1.18831	5.06623	1.33015	4.10184	4.77802	1.04315	3.30294	2.35563
1.68616	2.51195	3.75769	2.34391	0.16749	2.29029	3.24128	2.95111	3.40476	2.68124	3.25711	1.82074	1.87417	3.34811	3.16422	0.370595	4.7378	3.20468	5.34032	2.83378	1.03644	0.749977	2.31265	6.13909	6.44502	5.46436	4.06589	3.40784	2.89609	3.91445	4.88643	5.79752	6.81249	6.37283	4.40925	2.23315	1.65066	0.954425	0.373776	0.230894	0.581682	0.370459	0.327144	0.258744	0.143307	0.0897045	0.168677	0.207435	0.588451	1.53728	2.49836	1.01906	0.814675	0.936339	0.644822	0.636865	0.958309	0.74516	0.310001	1.4666	1.00731	0.976411	0.932223	0.696714	0.175423	0.378327	0.516908	0.568764	0.819641	1.09016	1.28821	1.23908	1.11663	0.912392	0.814869	0.779914	0.487066	0.113774	0.100516	0.155447	0.144492	0.173062	0.155332	0.326692	0.992734	1.37321	1.25497	1.31147	1.40733	0.840303	0.604112	0.998987	1.24964	0.634441	0.300362	0.453637	0.14368	0.546899	0.81782	1.012	1.6847	1.28135	0.916619	1.88826	1.28459	1.01541	1.00097	1.99489	6.95458	11.3214	11.6389	10.655	6.05936	2.67268	2.04687	1.68296	1.49854	1.50066	1.31943	0.67858	0.412691	0.948475	0.723955	0.453861	0.293666	0.0866633	0.192796	0.430064	0.480963	0.0387728	0.355687	0.213606	0.207418	0.231826	0.190289	0.256342	0.304089	0.254586	0.256	0.189716	0.518823	0.695012	0.636917	0.430585	0.874646	0.743167	0.208518	0.473189	0.575518	0.571954	0.326194	0.780778	1.01379	0.781047	0.423792	0.818023	1.14208	1.09598	0.770814	0.732286	0.803108	1.61312	1.83694	1.6452	1.97375	1.9178	2.45963	2.57225	1.11994	3.13416	3.10053	2.16306	2.00798	2.07099	2.53601	2.37637	2.02397	1.80735	1.7554	1.64951	1.13339	0.844405	1.57834	0.851104	0.772022	1.60444	2.14036	2.25113	1.36857	1.01813	1.86781	2.15309	1.23606	0.872997	1.57151	1.87472	2.25069	2.90253	3.60016	3.90681	3.8105	2.90685	2.97994	2.07058	2.54529	2.35404	3.0627	2.41234	5.29672	5.47695	5.15312	4.93791	2.97976	6.25033	3.3865	1.58752	0.984385	0.716152	2.11384	2.02709	0.520447	1.69932	3.04797	4.16775	4.81353	4.05915	4.637	4.23271	2.54209	1.38817	1.58909	2.26833	2.0959	1.27182	0.506588	3.65148	5.39739	1.76868	5.96256	3.01764	2.94061	2.70269	2.45373	3.04353	2.53645	2.17605	4.22369	3.60242	2.54785	5.28611	4.30806	3.63889	6.10252	0.308238	3.33223	2.41603
4.4635	1.75568	1.38331	2.5013	2.38948	1.90475	1.70926	1.41306	2.40829	2.53716	2.67343	1.60584	1.18607	1.30147	1.10012	2.76535	4.35485	3.71891	4.90851	6.52303	5.13465	4.97812	6.24085	5.41817	3.54465	5.0234	4.22733	2.00134	1.19029	2.28811	3.81271	5.67982	6.26844	6.52597	6.05615	3.32031	2.6669	1.94312	0.667026	0.363826	0.566034	0.681896	0.606162	0.420134	0.161178	0.374629	0.85328	1.40209	1.72428	1.8999	1.63374	0.423611	1.27965	0.650497	0.449393	0.489338	0.690703	0.885905	0.769731	0.643158	1.58515	1.47996	1.06247	1.19651	0.860135	0.72626	1.01979	0.525387	0.384017	0.564442	0.854161	1.13371	1.14262	1.2338	1.24082	1.2303	1.21214	1.09952	0.850356	0.514318	0.473959	0.454646	0.503675	1.02064	1.45652	0.490943	0.554412	1.09646	1.96581	0.806608	0.409524	0.732627	0.995921	1.01962	0.364459	0.512065	0.29463	0.0242709	0.166139	0.265429	1.26442	1.73336	0.841742	2.37152	0.983333	0.406596	0.175879	1.81555	8.24465	8.40978	2.87758	9.25498	8.13027	2.93672	1.85232	1.37339	1.01852	0.986529	1.16937	1.21695	0.753119	0.460409	0.903331	0.68988	0.394787	0.304665	0.388816	0.474779	0.712968	0.493973	0.204043	0.0617658	0.101141	0.121608	0.0734949	0.184682	0.228957	0.147505	0.223204	0.163496	0.395379	0.454189	0.840842	0.576082	0.469266	0.952007	1.12965	1.01805	0.782112	0.751143	0.447938	0.928773	1.05755	0.803729	0.596506	0.588072	0.835662	1.33637	1.38714	1.32246	0.984816	0.590783	0.686031	0.855043	0.225257	1.38171	1.59585	0.996011	3.09389	3.57128	1.87286	1.40522	1.78254	1.55008	1.44339	0.925981	1.13327	1.21789	1.57559	1.80917	1.69716	1.18464	1.11425	0.737517	0.529409	0.971824	1.25011	1.23252	1.00742	1.11535	2.19359	1.46633	0.494032	1.35273	1.53758	1.66002	1.65383	1.4754	1.66137	2.0893	2.40819	3.70069	5.15924	4.46038	2.77715	3.31773	4.55543	4.4126	3.88783	4.37857	4.46109	3.9895	3.88544	6.47918	4.45068	3.29929	3.18889	2.96592	2.58051	1.48922	1.71869	1.77476	1.76802	2.57881	3.27848	2.12895	2.67632	4.9406	5.63912	5.33741	5.13102	4.89128	4.36924	4.38032	4.65701	4.25416	5.05509	1.91964	6.46304	4.0352	4.5449	1.58393	4.76483	4.3441	2.10402	2.37534	4.61665	3.81491	1.49355	3.53951	1.99081	6.00193	5.84582	0.83872	2.65343	2.76373
3.8479	5.42745	4.35705	1.55624	1.90297	2.52142	2.20595	1.37707	0.453387	1.23277	1.6985	1.07997	0.172162	0.72942	1.18941	3.46354	3.54987	4.18787	1.1279	2.94811	2.97793	1.88682	1.72016	4.06462	3.55343	4.93439	4.72159	0.924693	1.32415	2.1542	2.99806	2.02363	0.99492	4.51132	4.65239	1.98611	1.83934	2.13974	1.07689	0.394789	0.405724	0.447795	0.528497	0.643576	0.436328	0.815402	1.19613	1.28665	0.927838	0.29811	1.45317	0.856308	1.16825	0.489864	0.549561	0.558198	0.681181	0.739111	1.11393	0.96857	0.400195	0.593107	0.85323	0.756605	0.557971	0.584023	0.387671	0.751938	1.0015	1.0106	0.514533	0.36699	0.723661	0.930914	1.12392	1.3527	1.58544	1.66151	1.43443	0.950848	0.789894	0.784883	1.00124	1.16571	0.387002	0.832157	0.801639	0.192422	1.91014	1.61572	0.702827	0.839884	0.980979	1.48296	1.16139	1.28372	1.14936	0.228962	0.294565	0.613531	1.78328	2.07725	1.31564	2.4607	2.23841	1.79009	1.09824	1.4939	6.965	9.72338	7.15154	6.07638	7.68542	3.36844	1.62095	0.817704	0.258771	0.506504	0.600452	1.02015	1.46117	1.1012	0.179494	0.489277	0.563985	0.497644	0.502364	0.17891	0.545807	0.450521	0.229445	0.324452	0.330311	0.136783	0.1563	0.220712	0.143871	0.0660718	0.324423	0.313173	0.309536	0.208933	0.622969	0.859405	0.568772	0.124283	0.761878	1.18968	1.40641	1.72007	1.70355	0.408214	0.929111	1.03784	0.845637	0.576665	1.32004	1.50352	0.652841	1.09316	1.07436	1.17409	1.75603	2.28114	2.29543	1.52031	0.120961	3.1017	3.84184	2.08378	1.12359	1.47318	0.851582	0.105391	0.366542	0.303364	1.30221	1.63124	0.268704	0.631111	0.64007	1.01954	1.33771	1.24305	1.17393	1.26667	1.3736	1.86254	1.04253	1.50622	1.7644	1.0092	0.435864	0.665147	0.973356	0.88875	0.605439	0.713362	1.28303	1.64042	1.18957	0.529717	2.85132	5.09655	4.2396	4.11961	2.61177	1.19449	2.78524	2.84328	2.50182	2.22724	0.307691	4.7059	5.03165	10.3636	12.1072	11.6022	8.92287	4.89802	2.83432	2.01231	1.97438	2.4798	3.21143	3.48656	3.27906	1.65944	1.35107	2.44674	2.94693	2.76331	2.19589	1.34775	0.902128	1.89352	3.45431	0.684211	5.10878	3.34385	3.35683	3.18857	5.59708	2.06589	0.761702	2.87334	4.31906	4.11164	0.808862	4.49819	6.38023	7.314	2.3984	1.95502	1.51532	1.70762
1.00838	3.00358	5.03986	4.69494	2.76622	2.99506	2.62904	1.80321	1.44769	1.223	0.592007	0.725682	1.38946	1.38362	0.175295	3.05218	3.73047	4.71237	4.26148	2.96066	3.59225	4.6183	5.83063	6.55673	6.45072	5.04706	4.51502	1.13798	2.39359	2.33234	2.11758	0.374719	2.38325	3.70027	2.95637	1.70271	1.63956	2.16051	1.77709	0.848248	0.496513	0.567069	0.891519	0.79151	0.734065	0.858151	0.251807	0.729366	1.0071	1.50491	1.52815	0.624862	1.14918	0.598175	0.638766	0.595431	0.601514	0.620863	0.856154	1.14463	1.00248	1.08524	1.23083	1.2715	0.89373	0.756258	0.719674	0.719019	0.656689	0.940285	1.17456	0.988831	0.773698	0.609243	0.271363	0.144753	0.358369	0.816384	1.56592	1.76207	1.58974	1.56399	1.23617	0.275392	0.901153	1.23992	0.799907	0.832757	1.28641	2.05181	1.68869	1.66999	1.2939	1.66182	1.8842	1.41072	1.61266	0.971298	0.923445	1.36485	2.20632	1.84986	1.14138	1.88037	1.77556	1.798	1.79486	0.994441	3.15109	5.34475	3.88484	2.38451	5.87076	4.71088	1.78432	0.693142	0.202962	0.44133	0.574595	0.672259	1.1577	1.5681	1.36349	0.479954	0.676533	0.527583	0.397857	0.284589	0.36752	0.344421	0.548611	0.407928	0.252572	0.368561	0.104396	0.176779	0.134068	0.161774	0.320198	0.221184	0.245109	0.231425	0.424012	0.757023	0.968343	0.831004	0.369974	0.393628	1.01277	1.47253	2.01069	1.79219	0.721189	0.255076	0.41162	0.409351	0.840597	1.59286	1.25228	0.340654	0.698143	0.35523	0.842039	0.694182	2.1251	2.79911	0.718743	3.5333	2.97869	1.08777	2.33082	2.90444	2.56368	2.02731	2.00629	1.97644	2.11778	2.09658	1.95669	2.11157	1.42155	0.79633	0.537539	0.726924	0.866225	1.14268	1.89186	2.87981	2.63529	3.00181	2.50022	1.74468	1.76087	2.07543	1.98279	1.40913	0.972772	0.78847	1.44935	2.67303	3.73177	3.52864	2.42971	0.910138	1.48049	2.0504	2.28992	5.5138	5.63639	4.33145	3.56454	4.93934	5.29268	0.350817	9.51118	14.7233	8.58601	5.76959	7.39101	8.22724	5.53565	2.46927	0.934914	2.7091	5.10192	5.34376	4.98068	4.72404	3.86335	4.03716	5.44465	6.59495	6.61086	5.61295	3.96888	3.18669	3.3291	1.36221	3.41188	3.81191	2.43877	5.20161	3.8934	4.86553	4.38164	1.92666	5.28054	4.57802	2.02138	6.05469	3.95605	3.81567	0.944427	1.83738	1.15495	0.837021
2.6469	1.40116	1.99644	4.42302	4.02861	3.26942	2.6887	2.22912	2.08173	1.18271	1.77114	2.54737	2.03616	1.83945	1.03156	1.6234	1.88811	3.18287	3.96804	3.02574	3.4377	2.53709	2.05707	2.06021	3.5641	4.40506	3.6225	1.37854	4.42941	3.21734	2.2159	2.01423	4.19605	6.67424	6.25216	5.15217	3.83018	2.858	2.62457	1.77375	0.998466	0.871956	1.14944	1.23345	1.25879	0.45885	0.963858	1.1312	1.26842	0.802534	1.48483	0.625671	0.91693	0.454387	0.108202	0.291819	0.360921	0.438919	0.563854	0.669401	0.418953	0.620509	1.1136	0.924102	0.970616	0.848515	0.681258	0.358458	0.126708	0.299644	0.874432	1.4327	1.59363	1.44091	1.22833	1.14764	1.20694	1.10253	0.379183	0.995719	1.5429	1.29827	0.926661	1.1049	1.04087	0.883098	0.553219	1.34872	0.57395	0.851068	1.52551	1.77115	1.19072	1.30137	1.36892	0.978773	1.22056	1.60767	1.50622	1.9284	2.30424	1.43791	0.848188	1.19334	1.64611	2.58122	2.00914	0.839899	1.79372	3.99771	3.29687	1.02621	4.67247	6.22314	1.7858	0.32846	0.976133	1.49781	1.46837	0.895677	0.685484	0.898151	1.38704	1.02455	0.474159	0.408053	0.271219	0.225872	0.197934	0.0725586	0.605608	0.655339	0.115597	0.393888	0.0823364	0.221821	0.243196	0.316842	0.399106	0.364402	0.448268	0.376765	0.345867	0.162497	0.426334	0.784934	0.936307	0.810222	0.468418	0.0640046	0.871477	1.34354	1.23507	0.831675	0.533247	0.905535	0.192594	0.912804	1.57344	1.12506	0.973273	0.735808	1.35696	1.21416	1.58742	2.71571	0.460758	2.72292	2.72327	2.6716	2.21849	1.69024	2.35602	2.66296	2.10932	1.80308	2.53906	2.52036	2.4573	2.00586	1.8098	1.58065	1.27919	1.58233	2.22196	1.97647	0.494439	1.56178	2.49357	2.982	2.61643	2.68123	2.77212	2.03613	1.4841	1.90048	2.85849	4.7565	5.67888	5.07976	4.04068	3.81674	4.79661	5.10651	4.23119	2.85125	4.40653	5.04843	3.60296	4.92645	1.80893	3.43706	6.92399	3.99548	9.86521	16.7219	7.92312	1.51442	2.27432	6.52676	8.80478	6.72749	5.30869	4.83657	3.55397	3.46036	4.82537	6.06804	5.97591	5.3339	5.34407	5.21193	5.54099	5.63048	4.85011	3.73658	3.84825	1.97875	0.576186	1.83693	3.07346	5.41535	3.9342	2.6493	5.27967	1.15688	6.89507	5.038	3.2019	6.2226	5.90178	5.78803	3.63824	0.816062	2.12923	1.9815
1.88323	2.19057	1.52717	0.947884	2.79916	2.70033	1.85644	1.38545	0.270023	2.83587	3.7274	1.98995	1.55043	1.47201	1.94151	3.96722	4.23251	3.00823	0.6227	2.86962	2.69304	1.47555	1.21224	1.59674	1.97063	2.38561	2.18166	2.32398	5.43444	4.56029	2.65055	1.74405	1.50546	3.85953	6.22666	6.23112	4.94857	2.64106	2.31335	2.10016	1.31136	0.867775	1.00048	1.5211	1.06254	0.915874	0.761118	0.540828	0.871489	0.576131	1.44863	0.965058	0.617673	0.253437	0.261053	0.266018	0.203292	0.164921	0.470636	0.492304	0.196868	0.673645	1.26277	0.554557	0.643919	0.621115	0.654842	0.602124	0.571644	0.612301	0.607054	0.730426	1.10691	1.35644	1.30692	0.911907	0.934386	1.69828	2.48338	1.94325	1.01006	1.4565	2.16208	2.05665	1.8206	1.33907	0.904907	1.27048	1.10411	0.63689	0.3996	1.36045	0.534053	0.327053	0.212901	0.888503	0.295611	0.515011	0.58788	1.96827	1.83329	0.737103	0.456286	0.685771	2.18618	2.71367	1.81089	0.924255	1.5933	3.93888	4.84151	2.89537	4.80716	6.41987	1.80176	0.0476215	0.934307	0.0735552	0.868631	0.650845	0.365216	0.514791	0.998661	1.3364	0.446799	0.581657	0.595364	0.38742	0.267634	0.310034	0.463195	0.647638	0.125358	0.473893	0.210958	0.203604	0.186575	0.289904	0.430021	0.189196	0.18397	0.221634	0.377424	0.584389	0.632553	0.433795	0.302407	0.679673	0.893859	1.07003	1.10357	0.762656	0.76225	0.853623	0.302594	0.973099	1.08335	0.977243	1.30977	1.08334	0.492016	0.179949	0.62932	0.909687	1.68939	2.18164	0.634059	1.84655	1.55397	1.17467	0.158897	0.822345	1.05977	1.72275	1.14543	1.2188	0.761596	0.993443	0.539461	0.583497	0.944676	1.00405	0.227405	0.578543	1.68299	2.52323	2.15345	0.52006	0.541502	1.64717	1.01389	1.21955	1.29547	1.18414	1.45175	2.76951	3.55731	3.13395	2.38708	2.17079	2.59241	3.04755	3.6713	3.52717	3.48829	4.50838	6.51155	8.10546	7.3813	9.39006	6.09189	2.40618	5.5907	6.02864	6.13692	16.4761	8.70833	2.99142	2.49941	1.78724	5.54683	6.91243	4.84482	1.80386	1.57003	1.74759	0.214018	2.12725	3.09877	1.77448	2.2899	4.42937	4.60232	3.00022	3.36153	4.73266	4.66488	1.80515	2.65277	3.0339	0.549181	3.86162	4.93821	5.89753	3.46602	3.32829	7.12761	4.22891	3.42346	3.91097	1.82211	3.57934	4.19649	2.63421	2.08808	2.01642
1.296	0.797867	2.14264	2.41412	1.09155	0.0109806	0.470734	0.57251	1.76913	3.40804	1.8419	1.28017	1.64617	0.39513	2.3928	3.21298	2.37307	2.31422	2.68747	2.74478	1.93306	2.1927	2.44567	2.38528	2.52891	1.90444	1.00504	3.38513	5.55774	4.8903	1.61408	1.75193	2.19147	2.90564	1.06636	4.50101	5.83131	2.82877	1.59905	1.58367	0.855763	0.796618	1.68748	1.47624	0.669648	1.14195	0.749489	0.467233	0.752528	0.444364	1.18027	1.59961	2.00517	1.46358	0.61847	0.504889	0.539847	0.423148	0.557756	0.483258	0.501346	0.816725	1.26956	0.745006	0.791145	0.811323	0.715684	0.650418	0.7541	0.929072	0.804307	0.444494	0.612053	0.609082	0.977857	0.814675	1.15911	1.85208	2.19774	2.71798	3.62529	4.20492	3.5286	2.75118	2.10804	1.81931	1.54753	1.23833	1.69506	0.770228	0.854115	0.990772	0.295419	0.0927665	0.523917	1.00915	0.379357	0.143623	0.43417	2.13066	1.20167	0.201303	0.442962	0.582372	2.09472	2.24174	1.75341	1.32033	1.0859	1.63889	5.18718	3.98959	6.28379	4.91547	1.30233	0.484394	0.703295	0.306628	0.647121	0.649273	0.316548	0.163766	0.325084	1.11478	1.23285	0.460838	0.834008	0.555006	0.374694	0.375399	0.53147	0.500526	0.266627	0.400183	0.126045	0.0998455	0.108198	0.0669203	0.352571	0.211814	0.174606	0.179733	0.31694	0.37443	0.474936	0.404921	0.194225	0.237967	0.132974	0.798583	1.26902	1.4734	1.46104	1.07513	0.680972	0.819324	1.0413	1.11674	1.20446	0.871058	0.223211	0.144786	0.36576	0.534525	1.44854	1.48769	0.594512	1.3454	0.915615	1.07964	0.704793	1.35771	0.154166	1.91851	2.47819	2.04871	2.18203	2.18004	2.62454	2.64597	2.05299	1.23798	0.414968	0.904077	0.599016	2.11161	2.09314	0.5095	1.20314	2.00614	1.05399	1.31769	0.828434	0.84177	0.365401	0.845327	0.395693	1.28369	2.25724	2.0198	0.60024	0.942392	1.1845	2.87243	4.41447	7.25211	8.49397	8.48425	6.66526	9.26728	6.9207	4.66626	3.46402	6.99863	2.69622	14.8928	8.31012	3.9224	3.79455	2.50014	0.826658	3.17028	5.10839	3.54909	1.8266	3.16368	3.21663	3.8098	3.82755	4.18353	5.8194	5.40883	6.27326	6.79831	5.37439	4.85686	3.28216	1.94267	3.21585	5.12619	5.96012	2.33144	3.78179	8.24039	2.68002	3.33435	5.44107	3.18251	5.25062	5.06701	2.50389	1.2434	3.29282	5.28457	2.91761	1.59797
1.34544	1.10965	1.10547	1.856	2.5632	2.31276	1.41575	0.832803	2.25714	1.83197	1.14183	2.06681	1.42167	1.03984	2.13581	2.71492	3.14658	2.57064	3.39359	3.47367	1.18983	1.51229	1.77621	1.67236	1.65606	1.19886	0.164767	2.95296	5.30579	5.06184	4.47014	2.57474	2.65405	3.6813	3.53298	2.19602	6.62338	3.82316	1.39072	1.58142	1.15996	1.30193	1.79942	0.894076	2.05042	1.5432	1.17448	0.75104	0.867457	1.05688	1.90539	3.23243	3.43345	3.19592	2.40509	2.41552	2.76459	3.00388	3.01283	2.66915	2.0317	1.3498	1.47008	1.2476	1.13052	1.12634	0.986558	0.961356	1.05464	1.07134	0.889744	0.61446	0.501161	0.543871	0.584381	1.04745	1.6513	1.60429	1.45394	2.09853	3.08991	2.453	1.82907	1.14562	0.245312	0.280037	1.07726	2.03526	2.70418	0.933986	1.20614	0.908506	0.462637	0.338671	0.688675	0.655402	0.759775	1.09311	1.37197	1.82263	0.49816	0.601007	0.530179	0.450712	1.70793	2.04049	1.31728	0.791658	0.499988	0.937419	3.87924	5.33251	5.21145	2.07472	0.82814	2.09013	2.22631	2.07415	1.95925	1.67796	0.84634	0.649108	0.40782	0.974301	1.45371	0.710593	0.682228	0.651645	0.162006	0.233982	0.472757	0.220726	0.307239	0.382962	0.344551	0.174904	0.070909	0.0612337	0.0873638	0.411691	0.310412	0.304147	0.549814	0.39991	0.289907	0.234533	0.117303	0.141118	0.160971	0.771786	0.571716	0.31726	0.432735	0.214255	0.581416	0.78439	0.612398	0.398408	1.49332	1.68474	1.28961	0.99372	0.972027	0.875483	1.2604	1.1855	0.282555	1.29001	0.915202	1.34645	1.97589	0.787903	1.68212	2.26003	2.95991	2.31824	1.79693	1.66731	1.72308	1.23738	0.97574	0.551883	0.788523	0.756406	1.57268	2.23596	0.925334	1.57583	2.30948	3.47124	3.69678	3.54142	2.68194	2.42868	2.44239	2.29549	1.60905	2.019	2.38917	2.36793	2.37274	2.33011	1.7817	0.214134	3.5573	3.87032	3.38827	3.69733	0.313467	4.00365	6.61775	6.78266	4.69223	6.68721	1.59389	12.5656	7.40554	6.66616	6.3687	4.45594	2.5379	0.763741	5.47067	5.72887	3.12302	3.09586	1.95464	3.0852	4.26731	3.58673	2.65642	2.87185	4.05146	3.03269	0.656603	1.87539	2.39981	3.79369	4.2471	5.66775	7.58355	7.20356	1.08984	8.57341	2.85188	3.55975	5.1641	2.45358	5.02057	5.52328	6.36851	8.07172	8.78776	7.94617	7.60581	4.41869
3.50115	2.08964	1.45667	0.658166	0.349868	1.19365	1.43119	0.387906	1.73404	1.29373	1.79028	1.37286	0.807522	1.02647	1.77699	2.40828	2.9659	3.52998	3.25952	2.87421	0.887955	0.910731	0.962514	1.23144	1.92334	1.69838	1.19666	2.29946	4.09821	3.36296	3.37763	1.8676	2.59353	1.57965	4.15425	1.00748	6.81456	4.10044	1.13173	1.53033	1.88891	1.92543	0.449663	2.48019	2.29974	1.82985	1.35951	0.568845	2.00522	3.03957	3.79658	4.01518	3.40156	3.51377	3.06372	2.90385	3.05662	3.68158	4.19877	4.00113	3.61935	3.09349	2.39021	1.62412	1.44832	1.94225	2.27044	2.22515	1.86494	1.4331	1.34863	1.55726	1.32296	1.20827	1.02253	1.24912	1.68562	1.39221	1.25868	1.0288	0.545201	1.16736	1.10869	0.892265	0.870954	0.910099	0.863598	1.36151	2.36139	1.32961	1.33474	1.34903	0.804407	0.785884	0.605311	0.205249	1.20993	1.22348	1.2694	0.942645	0.189577	0.615435	0.431	0.286567	1.09164	2.13068	1.59714	0.964593	0.532711	0.504332	1.29281	1.63054	0.333642	1.73548	2.82134	3.03939	3.12396	4.34169	5.24159	5.12703	2.72664	0.386521	0.625506	0.820724	1.19	0.89292	0.0892282	0.775278	0.886561	0.8197	0.556041	0.265008	0.155732	0.291181	0.39327	0.343289	0.0952076	0.207933	0.0918557	0.247495	0.484728	0.246771	0.630407	0.854388	0.746072	0.570834	0.280056	0.193122	0.448984	0.517817	0.383856	0.623574	0.848326	0.561822	0.405778	0.371408	0.953466	0.912384	0.203777	1.04244	1.33435	1.07529	0.705659	0.47468	0.651457	1.06643	0.467403	1.14993	0.516854	1.32214	0.659332	2.2659	2.60039	2.34654	2.8129	1.96778	0.90229	0.823403	1.78156	1.66799	1.11549	0.943108	1.30759	0.378973	1.92011	1.61088	0.994746	2.37886	2.18276	2.55818	2.66415	3.23431	2.88461	2.99596	2.65858	2.80358	1.54276	1.69633	1.19486	1.19447	1.31441	2.08738	2.58103	2.8902	3.96757	4.77504	5.60793	5.09205	2.97571	1.75759	3.8884	6.03104	5.64556	8.4034	2.7595	8.9468	8.08648	4.60437	4.26839	3.80029	2.82951	1.22775	4.4231	6.03785	4.20245	2.10961	1.42953	1.57899	1.97061	3.77135	5.83132	6.86897	6.76445	6.7093	6.89865	7.2333	6.7671	5.50301	4.99275	2.69925	4.10759	7.94808	1.93067	8.00663	5.36636	2.56888	5.45882	2.41991	2.83161	5.78168	8.11272	7.44585	6.16952	6.53433	7.68413	5.85206
4.73968	2.80241	2.40393	0.982004	1.175	1.04061	0.585079	0.910605	0.489447	1.04494	1.0855	0.163386	0.477515	1.03915	0.976633	0.261927	1.56194	2.63321	2.68515	1.86281	0.367226	0.68671	1.40878	2.52883	2.84014	1.81109	1.66128	2.39629	3.6675	3.18186	2.86437	1.0986	2.29411	0.481962	3.52626	2.84265	5.94781	3.06006	1.20658	1.25707	2.18241	2.68975	1.25119	2.88483	0.543364	2.1853	1.38171	0.946658	3.62268	4.37682	4.22775	3.21752	2.51085	2.4728	1.83481	1.75338	1.93878	2.26897	2.62895	3.08627	3.10434	2.97864	2.16071	1.12964	0.86135	0.980159	1.44799	1.90784	1.94865	1.8052	1.93555	2.08075	1.80169	1.81918	1.86234	1.98146	1.86375	1.05483	0.46252	0.748064	1.0705	0.944668	0.617269	0.301402	0.180769	0.196585	0.701392	1.56698	1.71613	1.13617	1.16271	1.76357	0.960721	1.06699	0.573913	0.543078	1.05633	1.12402	0.383564	0.432667	0.712319	0.592339	0.342113	0.203182	0.550281	1.53352	1.80979	1.51311	0.702572	0.403397	0.693443	0.711059	1.52248	1.91429	2.03788	1.75591	2.04164	3.94886	4.4112	6.75897	5.67391	2.1645	0.282227	0.609891	0.727295	0.723547	0.599253	0.159543	0.422726	0.384902	0.568968	0.8877	0.853909	0.669405	0.68038	0.631343	0.142622	0.105093	0.226514	0.282837	0.355185	0.619552	0.240172	0.478572	0.253083	0.30423	0.187665	0.384636	0.381127	0.0901395	0.357084	0.294143	0.461833	0.407813	0.528017	0.777842	0.481127	0.582928	0.54173	0.515658	0.246765	1.21367	1.56671	1.5358	1.46977	1.22582	0.682771	0.823335	1.23439	0.504154	2.18334	2.47346	1.64706	1.89765	1.87914	0.702693	1.76786	1.59096	1.75485	1.84227	1.6108	1.30135	1.47265	1.09264	2.18869	2.61741	1.81728	1.83475	1.07282	0.58574	1.04401	1.6278	1.16928	0.961517	1.02031	2.45117	2.11975	1.64203	0.771687	1.15102	1.31197	2.08748	1.65674	2.26963	2.00303	4.89826	6.8884	7.67983	6.28661	2.93999	1.02462	2.76822	5.30909	8.8837	6.44286	2.76558	7.17411	6.2044	4.60698	3.07889	2.45781	1.80859	2.88301	4.19567	6.12907	4.34334	1.64693	0.721353	1.04787	2.036	1.7635	0.886122	3.21266	3.75473	2.92404	1.53387	0.465813	1.5484	1.45708	1.7845	4.48799	6.90209	4.04781	5.26146	7.33166	3.27262	3.33427	4.90789	2.44787	3.51317	0.521318	3.52368	3.20339	2.21254	6.1723	5.17845
7.26555	4.88018	3.56915	2.16476	1.37178	0.818267	0.704709	0.878553	0.951241	0.571937	0.965016	1.41661	1.18304	1.86112	2.41518	2.81414	2.78189	1.67396	1.97726	1.98003	1.49214	1.12662	2.13116	3.60135	2.86424	0.723286	0.524731	1.92563	3.61266	4.31819	3.45626	1.4493	2.64603	1.24314	2.04947	3.18558	3.02512	2.06729	2.12943	1.99504	2.31581	2.80254	2.0435	1.98365	1.72161	2.28805	0.445409	1.86346	3.8521	4.50687	3.08193	2.23024	2.18754	1.83969	0.924399	0.589516	1.14312	1.71848	2.02957	3.02114	2.62914	1.69938	1.56947	0.827263	0.22406	0.274973	0.685261	0.417317	0.706239	0.409599	0.490286	0.757002	0.940262	1.15076	0.948894	0.96667	0.758773	0.543048	0.793651	0.922748	0.536425	0.506861	0.784987	0.562056	0.406452	0.430648	0.822711	1.24156	1.46132	1.56597	0.650988	1.68311	1.50945	0.815953	1.47969	1.16035	1.04669	1.0129	0.0857118	0.548426	0.629239	0.564177	0.380656	0.333089	0.2732	0.792177	1.12199	1.48325	0.733774	1.05898	0.737602	1.20224	1.23038	1.52726	2.06388	0.0920402	1.41137	3.58956	0.905718	4.42678	4.7872	3.46743	1.66363	0.893803	0.638206	0.646195	0.557178	0.395447	0.64475	0.628293	0.691175	0.443646	0.724227	0.504026	0.689588	1.00091	0.236056	0.170787	0.234804	0.294281	0.444324	0.499457	0.420255	0.891008	0.817221	0.683301	0.436715	0.340134	0.2269	0.318084	0.361104	0.721645	0.993209	1.08744	0.787036	0.0843335	0.272391	0.0906571	0.251147	0.265093	0.460219	0.129847	0.573479	1.0861	1.11785	0.668982	0.807902	1.3691	1.70754	1.10787	2.88916	2.20817	1.33485	1.84352	1.55264	0.581419	1.65207	1.13536	0.762531	0.824865	1.32487	1.82457	1.88999	1.68466	1.94191	1.94793	1.87095	0.965674	1.12609	0.856875	1.25814	0.56349	0.937014	0.678556	0.47554	1.37616	1.9547	1.58117	1.40386	1.54384	2.85708	2.59595	2.88066	2.15535	3.72795	3.81079	4.36078	5.81727	7.13446	5.2198	0.318391	2.0591	3.36376	6.67078	8.9535	3.48598	6.08016	8.79764	5.72203	3.72627	3.14393	1.6917	1.47813	2.59465	5.67982	6.22683	2.02687	2.69353	4.63965	6.43998	7.27816	6.89631	6.9228	5.86376	6.10811	7.03672	7.05486	5.16458	3.62094	3.52057	6.43382	6.32879	3.49224	1.50146	5.44483	7.05055	3.80849	3.53325	6.59932	2.14164	4.92546	3.6171	4.87762	1.86017	4.41686	4.67981
6.94861	9.133	8.0242	7.08204	6.98664	4.9357	2.57786	1.39615	0.97296	0.871903	1.19366	1.46289	1.41825	0.842218	1.62098	0.992566	3.9911	4.01743	1.83389	1.67545	2.60348	3.33546	4.06377	3.46078	1.74494	0.395935	0.337155	1.27264	3.14064	5.4145	5.2303	2.54206	2.2921	1.86963	0.76957	1.13776	1.25834	3.12842	3.81268	3.07236	2.76288	2.73905	1.84731	1.47351	2.33456	2.737	1.30224	2.01747	4.61359	4.70151	1.07202	1.88113	1.81632	2.22199	2.27123	1.34765	1.52102	2.79488	4.48372	4.81667	4.71878	3.50293	3.56116	2.88462	2.33167	1.53427	0.743254	0.325706	1.10868	0.955307	0.991534	0.84717	0.48827	0.698797	0.256045	0.223466	0.387851	0.66591	0.714763	0.786486	0.643538	0.586593	0.647951	0.573018	0.615694	0.36547	0.425384	0.744583	1.07739	1.24071	1.33899	0.719644	1.11161	1.80671	1.33645	0.323823	0.391811	0.794109	0.181169	0.72386	0.640556	0.196145	0.129633	0.256315	0.0662759	0.659798	1.29479	1.1986	0.785641	1.50636	1.18649	1.51967	1.61942	2.07227	2.09436	1.45976	1.87051	4.3337	1.9356	4.22653	3.086	2.53352	1.79826	1.63778	1.58992	1.19786	0.744603	0.446114	0.157077	0.106377	0.848046	0.719719	0.331743	0.265881	0.547417	1.30492	0.782479	0.178748	0.154144	0.258788	0.658675	0.241012	0.753296	0.480074	0.322812	0.18649	0.363229	0.414335	0.575054	0.330207	0.24028	0.386844	0.329052	1.2254	1.55018	1.14772	1.10939	1.23737	1.39642	1.26059	1.2174	1.81378	2.00852	1.72951	1.71865	1.92347	1.84933	1.53274	1.09281	0.808891	2.98683	2.24466	1.30195	2.165	2.26005	1.30788	1.3134	0.992868	0.647581	0.987134	1.67714	1.36905	1.2409	1.27058	1.71518	1.44044	1.48935	2.13979	1.94957	1.74821	0.984167	1.37684	1.55752	1.6347	1.23075	0.900171	1.41427	1.90049	2.002	1.31669	3.38402	1.86901	4.04596	5.13253	4.07076	0.902502	1.06383	2.02759	5.89181	6.03285	1.40083	1.13923	2.13398	4.9123	8.88793	6.77624	3.42319	8.82874	8.64764	6.3564	3.62607	2.13366	1.69939	2.51178	4.97947	5.59204	4.46443	2.78961	1.81636	1.16332	2.00263	2.14946	1.10117	4.02233	4.51919	2.52384	2.60155	5.50027	4.60351	3.53554	7.95617	4.28032	0.380816	1.97464	0.676831	4.37511	7.49121	2.85281	6.09766	2.661	5.43039	1.60589	5.43745	4.17418	1.93815	4.18087
1.01954	5.66013	9.87477	12.3896	12.8545	11.4232	7.89825	5.11568	2.87984	1.66792	1.08557	1.82801	1.42082	1.58165	2.99146	3.15757	0.346628	3.97122	4.85256	2.33306	2.20305	2.76753	2.34731	1.22071	0.31768	0.043714	0.170938	0.670425	1.90118	4.66445	6.88597	5.63649	2.67125	0.457833	2.30775	2.87677	2.75278	2.64564	3.26946	3.17678	3.23292	3.52429	0.100807	2.00728	3.80943	5.78369	4.86149	1.69881	5.83374	3.82811	0.964816	1.14241	2.4264	4.92438	5.13997	2.76717	3.35775	5.20295	5.56487	3.88549	4.63724	4.75866	5.61685	4.2734	2.47806	1.91502	1.01358	0.840177	0.718822	0.104485	0.206564	0.362368	0.707576	1.1976	1.00405	0.375337	0.0061789	0.414752	1.20099	1.6245	1.1516	0.254165	0.502924	0.706073	0.969516	1.08837	0.761509	0.605194	0.79016	0.524032	0.634002	0.835808	0.616353	0.747113	0.338379	0.661888	0.962438	1.40604	0.966568	0.647529	0.656407	0.201309	0.238415	0.199238	0.0859521	0.49935	1.34172	1.70605	1.64606	1.88788	1.98299	2.06834	1.87115	1.70431	0.557008	2.37033	1.14114	3.95467	1.82507	3.76228	2.35431	1.31587	1.07041	1.14632	1.51474	1.13065	0.580946	0.568875	0.209698	0.215039	0.724758	0.670627	0.158277	0.294171	0.502373	1.13282	1.3006	0.862829	0.289847	0.125862	0.754586	0.30928	0.680416	0.266342	0.161234	0.253727	0.0459608	0.373822	0.500852	0.629355	0.359144	0.22699	0.620792	0.209903	1.11379	1.437	1.4118	1.45903	1.77327	2.22476	2.12349	1.91985	2.13329	2.19961	1.98659	1.9765	1.81649	1.98405	1.81105	0.964129	1.95753	2.65643	1.46669	1.38062	1.70436	1.68036	1.25796	1.34662	1.54205	2.22558	1.51063	1.04961	0.841705	1.13068	1.84337	2.75264	3.34457	3.70393	2.93523	3.14137	1.92845	1.90129	1.91013	2.23184	2.15711	1.54934	1.91364	2.11015	2.41971	0.774661	3.37793	1.83949	3.29985	2.76675	2.77942	4.53273	5.31508	4.26593	4.42541	4.48376	2.98478	2.39022	2.09733	2.95879	7.6629	9.68355	2.10709	6.27998	6.51138	5.63402	2.73686	3.16593	2.69489	0.332628	4.57975	7.1425	7.1816	6.4938	6.10036	7.04465	7.08507	6.16093	5.86071	4.87991	5.41895	7.74175	6.66839	0.925329	4.35335	4.54374	6.63626	0.838217	2.74043	2.2693	2.69985	0.803137	5.30277	6.02008	4.69968	3.89063	6.79728	5.04163	7.04016	6.9129	1.77826	3.19245
6.25052	3.42363	4.65969	8.17248	10.8268	13.6216	12.1635	7.70739	4.88072	3.70174	2.15608	2.14443	1.82425	3.20234	0.855244	2.55146	3.71581	2.6841	4.99873	3.52329	1.0051	0.817764	0.47468	0.204804	0	0	0	0	0.11394	1.33182	4.20214	5.38842	3.64273	2.00307	2.05666	2.79637	2.7869	1.56374	2.70627	2.70456	3.09971	4.64922	0.373343	3.21619	3.62594	3.10243	6.63592	0.855846	5.54852	3.66912	1.25257	1.29673	5.91509	4.82242	6.09665	2.09169	2.75226	3.50668	2.26796	3.18104	1.84937	1.77624	3.25017	4.41458	1.90917	1.26988	1.0886	0.944408	1.13277	0.783413	0.923807	1.1306	0.910615	0.258663	1.01353	0.808722	0.234127	0.815245	1.17707	1.49394	1.65394	0.586822	0.441764	1.0666	0.757848	1.16718	1.06973	0.348952	0.836368	0.473512	0.0676012	0.611307	0.492634	1.10841	0.128627	1.2342	0.25735	0.929723	1.18293	0.964533	0.584481	0.181976	0.173775	0.200176	0.162153	0.0498133	0.478638	0.975039	1.56541	1.91337	2.96098	3.2577	1.1545	0.815874	1.10608	1.89685	0.677833	2.63717	1.2519	3.25194	2.34192	0.546742	0.664608	1.00871	1.20877	1.03286	0.893938	0.861941	0.820211	0.632551	0.688208	0.607033	0.585158	0.512233	0.376311	0.31163	0.783839	1.26642	1.2984	0.922905	0.689847	0.0177246	0.714196	0.34464	0.211926	0.397241	0.60569	0.697276	0.544625	0.742802	1.3903	1.93478	1.65034	0.831491	0.693126	1.10625	1.43299	1.99057	2.13045	1.95176	1.65725	1.50566	1.81063	2.01113	1.18504	0.801608	0.644389	1.28128	0.988933	1.0119	0.180455	2.05991	2.10839	1.08825	0.416309	0.836286	0.911816	1.13042	1.38581	1.08767	1.21019	1.51222	1.67726	1.81533	1.49986	1.75516	0.560946	0.593203	1.42132	2.25202	0.139038	1.54905	1.77917	2.50707	2.74733	2.0651	2.03226	1.40467	1.99743	1.74392	3.38634	2.43421	1.87234	4.67412	7.58982	7.68549	5.37499	4.52165	3.39572	0.777906	3.4357	3.88517	3.19589	2.65208	6.25523	10.7592	2.86637	7.36532	8.57345	3.27062	2.3833	2.83847	2.88988	2.8567	2.38587	4.32398	6.06434	7.61807	7.81658	8.41031	7.9807	5.39614	1.68737	3.05622	3.38057	2.78043	5.09108	3.75917	1.21258	3.18447	4.0584	2.21451	4.74882	4.16265	3.8904	1.98818	0.795118	3.93818	4.22595	1.68573	8.31265	7.01724	5.31112	7.6065	4.56152	3.05232
4.49822	5.74062	5.19545	3.38412	2.17895	6.5198	12.2782	8.73834	7.03883	7.76646	6.53195	4.76911	4.7252	6.19364	4.07523	1.2538	1.88697	3.2756	3.3997	2.58512	1.98421	1.81596	0.6989	0.0465297	0	0	0	0	0	0.205801	1.87372	3.74635	4.08717	2.71367	2.20884	1.58802	0.732994	1.14135	1.17726	2.70736	5.36613	5.54577	0.447555	3.07348	3.55847	2.99332	5.58204	1.29776	3.97874	4.0188	1.79992	2.39248	5.13853	3.10677	5.83167	1.59942	2.10617	4.02769	4.80152	4.92409	3.40067	3.64673	2.72222	4.80188	2.41146	1.16223	0.922501	2.19268	2.07069	0.778059	1.23002	1.25897	1.85019	1.52227	1.87116	2.01755	1.63874	1.33294	0.73667	0.98702	1.6207	1.2661	0.223554	1.27132	1.45396	0.699039	2.08525	1.04476	0.781611	0.504577	0.361702	0.626274	0.430481	0.836261	0.495951	0.93967	0.492515	0.435357	0.156761	0.468041	0.316523	0.538825	0.920864	1.0956	1.12088	1.1953	1.32585	1.61425	1.7059	0.670791	2.21085	4.02704	2.61251	1.93262	1.29967	1.32618	0.570147	2.2759	0.835195	2.5487	2.03083	0.571397	0.676094	0.862726	0.889155	1.05343	1.08619	1.15898	1.25796	1.26067	1.15741	0.839726	0.685817	0.691974	0.741591	0.391236	0.180217	0.286754	0.484433	0.69993	0.890953	0.783493	0.904593	0.200233	0.260561	0.366761	0.557131	0.51127	0.672267	1.04761	1.40574	1.68287	1.94429	2.20943	2.05323	1.85218	2.07858	2.15888	1.3237	0.974224	1.23353	1.58013	1.56972	2.19507	2.1376	1.39092	1.11267	1.60791	1.28436	1.019	1.24227	1.31838	2.94813	0.852573	0.381266	0.661893	0.880901	0.765489	1.08228	0.655498	0.350599	1.69593	2.4432	1.62751	0.804929	2.36881	2.12179	2.10266	2.69055	2.95762	2.30557	2.61196	2.03298	1.63449	1.06439	2.18804	1.76414	2.20968	0.791441	2.43987	3.6981	1.39514	4.74029	6.58604	7.80591	5.31408	2.37393	0.861161	0.401327	3.73973	4.43252	4.96259	4.14463	3.80828	3.96775	8.91794	5.07401	6.4105	9.0502	5.13448	2.74814	2.13599	3.20878	4.25734	2.47999	2.07389	0.84225	2.69387	3.62033	3.43796	4.30532	4.95794	4.47587	4.62497	3.30788	3.01262	6.32322	4.87	2.78218	2.54182	0.414853	7.08976	5.82355	5.70519	6.82651	6.1467	2.96654	0.876066	1.29932	3.89579	7.87753	6.57992	3.20583	7.64018	6.69855	7.73643
5.95351	5.75531	2.16875	5.03032	7.14789	0.986278	8.98161	10.0214	8.13853	7.15865	6.60866	6.61101	8.31376	9.59136	7.30425	4.23062	2.4649	1.02407	0.464747	2.55571	4.61355	4.66466	2.28838	0.452789	0.0160467	0	0	0.0162524	0.0346963	0.656867	2.87957	4.27628	3.05625	1.5047	2.60002	3.21429	1.27688	1.68411	1.39123	1.63641	6.39211	7.2475	1.20456	3.39489	0.971535	2.39103	3.85212	1.00707	2.63654	2.55602	2.76745	3.17554	5.07241	6.04714	4.62885	1.90105	1.78258	2.73236	3.35282	2.84759	2.27331	3.6783	2.51114	4.57142	1.95825	0.772265	2.51113	1.39831	2.62715	0.912109	1.33771	0.607067	0.636104	1.03476	1.64992	2.004	1.81776	1.34509	0.476383	0.489657	1.4518	1.891	0.421545	0.99575	2.23251	0.431554	2.80913	1.11559	0.269876	0.541553	0.163238	0.526134	0.526094	0.305031	0.978274	0.70918	0.366433	0.409648	0.449182	0.24978	0.302682	0.768344	1.1084	1.44855	1.68867	1.78335	1.70969	1.62591	2.06426	2.2199	1.20679	2.29842	3.87576	2.72095	0.936074	0.742684	0.718581	2.01192	2.62333	1.66553	1.68369	0.959213	0.519972	0.433137	0.571469	0.587735	0.436193	0.577979	0.759762	0.877664	0.984833	0.578462	0.301567	0.219399	0.459054	0.231649	0.550304	0.940254	0.995801	0.820307	0.573126	0.575494	1.38771	0.59801	0.253357	0.262703	0.694025	0.549848	0.423676	0.493594	0.639435	0.751438	0.319359	0.711166	1.1911	1.23609	1.16639	0.73504	0.579014	0.651477	0.496858	0.553649	0.607	0.322687	1.25483	1.21562	0.813644	1.14826	1.20232	0.540935	1.17568	1.10063	3.30645	0.758136	0.871562	0.65338	0.645811	0.531418	0.506642	0.527253	0.66784	1.54368	1.31959	1.22929	1.72385	2.15104	1.75652	1.35481	1.76167	1.7825	0.82721	1.958	2.02221	3.18078	1.88828	1.94379	2.38741	3.61688	0.559346	3.70889	2.50622	1.69714	5.27784	6.39904	5.88709	3.59185	3.58285	3.21899	3.93075	6.01468	3.5068	3.13276	1.86869	3.03815	1.73168	5.05678	7.92851	0.899937	7.83556	5.00008	2.66371	2.11206	3.50261	4.75925	2.56865	3.73554	4.13283	3.26189	2.33913	2.1154	2.42186	2.95111	4.81352	5.9414	6.30583	7.29502	6.82299	3.0984	1.18159	4.07206	9.10513	8.99928	3.56445	4.17409	6.68737	8.68314	5.3265	1.29341	2.49579	4.42232	5.15581	5.8712	1.0455	5.30138	6.22999	6.05546
5.75631	2.41727	3.83791	3.63598	6.6849	3.57905	3.17641	6.69049	4.43091	3.15884	3.90688	3.16085	2.38359	7.9596	6.35277	4.21316	3.70279	1.17871	1.32473	4.76514	5.48571	7.48292	5.27205	1.88643	0.233049	0	0	0.511084	1.62071	2.74554	3.95409	4.28974	1.60857	0.971876	2.21683	3.39428	1.89139	0.656939	1.86722	0.807487	4.3055	7.89447	1.56101	4.09435	0.913652	2.4959	2.83078	1.72362	2.01007	1.50357	1.822	2.75296	2.46808	1.83893	1.36505	0.969926	0.933441	1.18806	1.68234	1.79219	2.24144	3.57387	1.09289	4.32468	0.967424	1.60925	1.20996	1.99778	2.72989	0.826393	0.892387	1.14622	1.1229	1.10473	1.31072	1.76663	0.519342	1.11368	1.31631	0.983565	1.17897	2.14322	0.250838	1.50754	2.00322	0.631806	2.31724	1.05913	0.442343	0.798307	0.433396	0.691875	0.163733	1.41466	1.23205	0.965076	0.92144	0.395945	0.590199	0.30443	0.736875	1.19486	1.30046	1.19423	1.14458	1.01415	1.0042	1.48388	2.14582	1.20359	1.86288	1.2696	2.20181	2.27219	1.73103	0.819655	1.98072	1.35856	1.60056	1.52157	1.30519	1.32091	0.521715	0.468444	0.910444	0.731946	0.504123	0.605986	0.787075	0.590346	0.702574	0.685987	0.345289	0.180013	0.410492	0.733144	0.801929	0.625968	0.502892	0.742588	1.19356	0.555679	0.930299	1.05655	0.343181	0.35066	0.887764	0.464551	0.382555	0.372342	0.554384	0.591887	0.290045	0.544157	0.755845	0.363151	0.404108	0.828749	0.597937	0.501873	0.471357	0.272702	0.616899	0.702742	0.547702	0.774731	0.74913	0.88572	1.23016	1.07972	1.46023	1.06767	3.48485	0.881271	1.37009	0.620628	0.132485	0.195723	0.350181	0.738963	1.04206	1.7154	1.0972	1.2374	2.54135	2.91423	1.88163	1.44234	2.10489	2.53649	1.28535	1.74699	1.11335	1.09005	3.61511	2.67818	0.374747	3.87409	2.53614	3.81202	0.643095	3.16783	4.04607	3.94712	6.34076	7.89232	7.09038	5.24229	3.73053	5.01422	1.60847	3.2482	1.79506	2.4502	2.458	0.971184	7.51615	4.68169	4.23202	6.17189	4.7661	4.06393	4.19221	5.48576	1.45388	2.5946	3.24882	3.41692	2.65305	3.28777	4.26226	4.71645	5.05238	5.51073	4.5972	8.06537	7.36583	2.87204	5.65582	6.60044	7.78641	5.13095	4.47699	3.75476	4.11171	7.8671	5.41525	3.44164	0.735919	4.63537	4.72658	4.56861	4.83574	1.49911	0.408192	2.1219
2.35987	3.51492	3.57993	4.75546	6.05513	5.61156	2.48415	7.65351	6.59318	4.72968	4.68019	4.16765	4.43937	9.52551	6.54517	4.07776	3.13836	1.06928	1.91597	5.27504	2.18059	5.7766	6.49842	3.12441	0.549049	0	0	1.05866	3.04187	3.83912	3.69576	3.45922	0.833522	2.19361	1.26522	2.52723	2.56287	1.94489	1.81787	2.78944	3.13472	7.76837	1.77203	4.37403	0.443817	2.2921	2.97731	2.70146	0.928199	0.960685	0.621923	1.13816	1.72182	1.20926	0.958037	0.8198	0.417136	0.684143	0.682692	0.816168	2.03284	4.393	1.15982	4.28852	0.49829	1.38895	1.12667	2.08207	1.56625	0.93706	0.844447	0.428716	0.456125	1.15728	1.76646	2.65461	1.3399	2.05862	2.02607	0.842444	1.18059	1.66246	0.0905595	1.53382	1.25497	1.62717	1.75681	1.34391	1.35878	1.32599	1.48094	1.50543	1.1479	1.55327	0.444813	0.9282	0.910876	0.622777	1.14406	1.23715	1.53147	1.70589	1.31102	0.840781	0.809013	1.00549	1.14559	2.01655	1.3776	1.40024	2.61336	1.22917	1.11299	1.89234	2.03414	1.34486	1.28838	2.90274	0.523811	1.22014	1.21005	1.57394	0.886509	0.949564	0.875698	0.293774	0.347781	0.785299	0.977789	0.580591	0.774087	0.940598	0.606633	0.8992	1.15341	1.28066	1.20063	1.01129	0.811435	0.865678	1.3267	1.08136	0.673307	0.627121	0.681056	0.724103	1.00827	0.775724	0.646476	0.49145	0.511047	0.35737	0.522126	0.687384	0.929387	1.06409	0.663636	0.602994	0.746228	0.714795	0.169684	0.350305	0.194376	0.222507	0.154923	0.589564	1.06462	1.20295	1.22419	1.43719	2.01236	0.17917	3.14035	2.08502	0.981499	1.13197	0.700123	0.911713	0.495058	1.02748	1.22819	1.53228	1.70478	1.22791	0.416239	2.55396	1.72699	1.50828	2.25128	3.14518	2.94379	2.46898	1.85425	1.52876	1.5	3.25876	2.79024	0.915113	2.71705	1.88681	2.72369	2.11431	2.57221	1.38857	3.96531	6.26815	5.57842	3.34409	2.02461	4.21949	2.03563	3.71997	3.38313	2.08714	2.95795	1.6631	4.06355	5.79931	1.05844	4.95698	4.94525	2.05662	3.26955	3.96176	1.84167	2.98929	2.3917	3.74824	3.07569	1.91076	2.94058	2.29461	3.41411	5.40695	5.6067	6.98501	3.65798	8.02985	6.75053	2.17112	6.55215	2.67274	2.17998	3.55516	6.01702	3.38436	5.75303	5.97715	3.08721	3.25102	4.54676	3.49547	5.03676	4.62437	4.12784	1.66984
4.93861	4.46463	2.63531	4.92595	4.58855	4.99182	3.88525	7.91548	7.55181	6.10239	6.12207	5.50352	5.54087	8.1558	5.07544	2.61098	1.7254	0.593338	1.66384	3.96228	3.28989	4.37568	5.99414	3.61608	0.81355	0	0	1.26031	3.92763	3.4693	2.05086	1.76885	0.772144	2.02641	0.596501	0.570868	1.79837	2.70478	2.60109	2.65023	1.2749	6.34131	3.34297	3.76247	2.76457	0.589886	1.77855	2.53479	1.42326	0.890229	0.705718	0.494881	0.779256	0.940472	0.272601	0.391395	1.00353	1.35687	1.15833	0.882996	0.275144	3.31918	3.83753	4.42127	1.85261	2.05158	2.23176	1.40195	0.381887	1.04006	1.08048	0.93081	0.745951	0.247765	1.94142	3.39887	1.38192	1.66433	2.55471	2.06261	0.872781	1.12347	0.469142	1.3608	1.60974	2.2762	2.13503	1.40854	0.819085	0.585988	0.995937	0.380284	1.5503	1.64422	1.34006	0.856025	0.681374	1.641	3.34008	3.95913	3.48191	2.23276	1.09425	1.02919	2.64179	4.02424	4.16104	2.57772	1.22021	2.93093	1.49223	0.154971	1.46046	1.9373	1.37767	1.40105	2.56682	3.02849	1.03301	1.5223	1.95386	1.56023	0.866729	0.660921	0.115989	0.487494	1.36677	1.95797	2.43894	1.66698	1.14608	1.20828	1.29254	1.20231	1.23435	1.03451	0.784363	0.805323	1.05523	1.24706	1.59144	1.29238	0.183157	0.167972	0.454038	0.829621	0.768419	0.374422	0.455207	0.57167	0.553764	0.348906	0.379026	0.53362	0.762108	1.41336	1.27014	0.251745	0.34799	0.682306	0.808454	0.716889	0.82472	0.814765	0.674623	0.548293	0.0965302	0.819778	0.994391	1.33427	2.10885	1.50428	2.054	2.64526	1.34604	1.68133	0.908754	1.52187	0.655743	1.18898	0.837883	0.868324	0.736611	1.81679	1.51561	2.02841	3.27675	3.18404	2.9092	3.1595	3.84182	3.4863	3.13373	3.75098	3.26157	0.980863	2.02806	3.19246	2.9672	0.75103	2.72607	2.14498	2.92479	1.24173	3.08234	2.06751	2.90596	1.6111	2.6947	3.76222	2.23189	3.89723	3.87625	2.49131	3.92695	4.7885	1.93857	3.46515	5.67997	1.10998	6.41811	4.26838	3.22224	0.273211	2.80715	2.82582	2.78053	3.51228	4.00354	0.473934	3.45461	4.1145	4.37424	6.13355	6.11828	5.76747	2.05528	8.43788	4.2949	3.88897	6.79364	3.48466	3.46918	4.61046	3.24034	5.14389	5.5423	6.15293	4.4622	1.51739	3.42778	4.37629	2.95745	1.20543	2.56984	2.82897
1.61902	1.28943	2.41942	6.40104	6.18001	1.52977	3.63	5.40273	6.65531	4.26936	1.7584	2.06557	3.3179	5.02373	3.29016	1.59284	0.749375	0.405813	1.15641	2.12693	2.41532	3.36499	4.02791	3.62192	1.23087	0.066181	0.0176386	1.20207	4.04346	4.44014	2.01741	1.27252	1.55264	1.31065	0.466125	1.00262	0.890834	2.38049	2.60937	2.54964	1.12354	4.84586	5.60995	2.72087	4.6958	0.897864	1.25095	2.27379	1.63678	0.142455	0.519225	0.583924	0.559051	1.54304	1.69249	3.15974	4.21583	3.87153	2.33067	0.65422	1.35723	0.441275	2.30603	2.00213	1.1622	1.85746	2.0079	1.85321	1.57527	0.959497	0.481282	0.674477	1.12234	0.697182	1.50216	3.36474	2.60509	1.62168	1.01308	2.24502	1.65764	1.34716	1.0682	1.09572	1.71458	2.1973	1.66083	1.01928	0.311125	0.436636	0.993907	0.655522	0.869704	1.43628	1.61776	1.32821	0.744562	3.48897	5.58171	5.98593	6.15757	4.6655	2.62731	2.44303	6.0971	8.00846	8.06143	5.43849	3.68397	2.44422	0.332535	0.465272	1.11946	1.81634	1.3185	2.15078	2.44895	1.71879	0.640686	0.826109	1.10704	0.447039	0.157937	0.240156	0.443654	0.323765	1.15402	1.4914	1.4509	1.88418	0.958556	1.04236	1.03916	0.816066	0.72811	0.522155	0.408847	1.10676	1.5245	1.51994	1.83556	2.16557	0.733399	0.629134	1.05289	1.74205	1.82367	1.69076	1.49961	1.39527	1.07072	1.18495	1.15625	1.41711	0.96346	0.475311	1.35777	1.25235	0.620287	1.12175	1.22171	1.23495	0.607875	0.4867	0.427999	0.895254	1.10488	0.660583	0.308257	0.727667	1.44948	2.34799	0.693654	2.15247	2.77528	2.51856	1.25076	1.64855	1.39525	2.19721	1.92937	2.53908	3.02413	2.68233	2.5167	2.08076	2.81944	3.00825	2.99624	2.70186	2.99777	3.15509	3.32136	3.76265	3.65699	3.25397	1.74532	0.602582	2.86086	2.75367	0.485068	2.23054	2.90983	0.950385	2.90217	2.49674	4.31392	1.15151	4.64895	2.81209	1.54409	1.81201	2.15611	2.56126	4.2898	4.57206	5.0218	1.73456	6.30204	3.03199	5.08786	7.11381	3.72811	2.93164	3.54655	4.13148	2.00926	3.91792	3.3466	1.37932	3.72331	4.15738	5.62043	9.19178	3.42783	4.85154	6.47281	5.93179	0.683334	4.3906	5.27932	3.0531	3.42351	4.42518	4.47991	2.75276	4.56787	5.43878	3.82335	4.66426	0.608505	6.67644	3.52033	1.95994	3.29891	2.60968
7.47165	10.2449	8.14957	6.10146	5.03688	5.21301	4.56585	2.49305	4.38216	5.08902	2.89564	2.89221	2.77858	3.68983	2.82103	1.71753	0.275937	0.441897	0.625937	1.03859	1.23996	1.44514	1.98473	3.24552	2.77387	1.99114	0.860056	1.21255	3.5516	4.68198	2.75412	0.209695	2.16976	1.10602	0.495045	1.21868	1.20265	1.3634	1.55514	2.56657	2.99778	4.34896	5.24566	1.93876	5.907	2.36531	1.97894	2.28119	2.21152	1.08311	0.858598	0.621434	1.55273	2.21496	2.0356	3.8228	4.61584	5.55445	5.59054	1.57697	1.07646	2.23233	1.13188	0.321371	0.916751	1.03693	1.03302	1.32	1.96972	2.35228	1.99613	1.19265	0.616658	0.775034	0.547835	2.11738	2.36112	2.42561	2.84408	3.27683	2.95589	2.26716	1.63166	0.853438	0.25442	1.03994	1.541	1.79581	1.59407	1.31194	0.832323	1.10603	0.736125	0.515284	0.575504	0.245624	1.0332	5.40249	6.1737	3.37199	3.61713	5.84991	6.21168	5.43828	6.83856	5.55198	4.60978	7.6124	4.81933	2.09256	1.03147	0.0502738	0.936066	1.24487	1.24283	1.57451	0.829513	0.379952	0.215198	0.51546	0.815344	1.10598	1.20904	1.08363	0.479722	0.483675	0.645889	1.80965	0.699638	1.87793	0.40354	0.577668	0.727291	0.562406	0.378916	0.538526	0.807352	1.34173	1.10625	0.893446	1.34251	2.29104	1.06199	0.735041	1.38475	1.62666	0.881775	0.68533	1.34401	1.29596	0.747251	0.61788	0.324123	1.45417	1.81512	1.22686	0.15759	1.58713	0.267921	1.65092	0.642715	0.549413	1.1338	1.08201	1.07486	0.844084	1.01677	1.43907	1.28975	1.69056	2.18539	2.25557	1.25369	2.00596	2.0669	1.49912	2.14317	2.85219	3.13325	3.2325	3.0876	3.09171	2.08478	1.46062	0.525377	1.99398	1.57285	0.376035	1.20346	2.13583	2.50401	2.87316	3.2968	3.43583	3.86244	4.37783	3.68571	2.52543	1.61469	2.26266	1.56263	2.97781	3.92468	4.10506	1.89799	3.30801	3.03848	2.18563	4.45228	0.866973	1.50022	0.86935	0.530499	2.72395	2.8658	3.32592	6.52956	2.63345	4.95788	5.41936	3.0663	7.98779	4.29037	3.51666	3.86844	1.44744	2.97468	3.94541	1.18778	2.5397	3.04435	6.37668	8.68036	4.17049	7.09967	11.6265	9.00083	5.50274	4.12968	5.17825	5.39418	0.675909	2.73473	0.829055	1.95026	3.34578	3.18378	3.56357	3.14505	4.94033	1.85537	6.61293	5.63111	2.81855	3.28864	1.68027
11.3774	7.7302	7.72327	2.35472	6.89837	8.07092	5.05335	3.02612	3.18431	3.37979	1.65226	1.56483	3.80455	3.67572	2.33119	1.84166	0.895221	0.950398	0.633757	0.146603	0.749815	0.799296	0.903083	1.85933	2.78057	3.17547	2.50823	1.91646	2.75173	3.37865	3.31612	2.57161	2.07379	0.888845	0.330278	1.18996	1.23926	0.969075	0.60549	1.82976	2.79942	1.79218	3.08352	2.57552	5.95506	2.15527	2.1704	2.24586	2.78079	3.29018	2.14213	1.51054	2.06417	1.0119	1.47566	3.54385	3.57873	1.19827	5.02566	4.51662	2.81336	2.26948	0.863577	0.392931	1.07232	0.581187	0.167207	0.317234	0.432693	1.43849	2.07982	2.51253	2.35924	1.70488	1.13361	1.26445	1.25448	1.75215	3.34643	3.73125	2.55752	1.43678	0.965101	0.552527	2.00954	2.90975	2.97177	2.22299	2.43463	3.01357	2.12531	2.29681	2.72661	2.50131	1.6033	0.898351	2.97651	5.64168	4.27147	3.14943	2.43079	0.615451	4.04753	4.70524	2.28357	4.18104	3.43305	7.92935	4.25981	1.85806	1.35149	1.33605	1.62226	0.795051	0.524467	0.645997	0.725558	0.560223	0.377765	0.46521	0.720406	1.06751	1.05748	1.14272	1.07578	1.19744	1.08189	1.06774	0.0879037	1.60036	0.316229	0.370057	0.461859	0.466715	0.669701	0.924441	1.1815	0.795538	0.358517	0.562388	0.77825	1.71611	1.33459	0.54415	1.26347	0.831041	0.962669	1.02052	1.00595	0.303293	1.10257	1.12205	1.36159	0.615974	1.82915	1.21411	1.09802	1.10969	1.86049	1.69336	2.56456	1.33249	1.24285	1.36912	0.817178	2.01673	2.13209	2.72839	2.91614	2.58755	1.92921	1.00168	0.472105	1.05947	1.82531	2.02851	0.622344	1.0358	0.39619	1.67729	0.874365	0.697823	2.95339	4.20917	5.11073	5.26178	4.71703	4.76754	4.41575	3.67872	3.63663	3.5407	3.12583	1.55132	0.902355	3.1522	3.3091	3.25713	5.01328	5.09795	4.47087	4.84885	6.75318	7.0263	5.67026	5.2477	3.96105	2.07571	3.19066	2.40052	0.962828	0.892496	0.745121	2.67308	2.94292	3.27228	6.54233	4.77174	5.16263	6.70512	3.86998	9.01816	8.9208	6.30747	3.28532	3.49875	3.55795	1.22497	3.67018	3.07879	0.445606	9.28703	6.34243	5.04266	8.16126	3.95817	0.518572	2.10173	4.69703	4.24665	3.36487	4.59066	3.41464	3.54213	0.988359	4.05691	2.89308	3.21084	3.90715	4.76979	2.04944	3.9683	5.26465	4.2901	4.90281	1.85263
11.1674	3.49992	11.5866	6.55279	6.98748	5.47022	2.10887	1.28906	2.14381	1.6896	0.970857	2.24656	4.20354	3.25959	1.57864	1.31792	0.927243	1.15278	1.09217	0.552531	0.714201	1.25461	1.17073	1.0135	1.31845	2.36513	2.7213	2.28929	1.52023	1.96082	2.12934	0.959985	1.4782	1.48147	0.652811	0.930342	1.7002	0.766483	0.837782	1.86018	2.067	1.58151	1.507	1.48313	5.47572	1.47814	1.20721	1.17042	1.93372	3.44554	4.15616	2.95179	1.67384	0.733799	1.89384	3.89669	4.61896	3.94504	4.13092	5.18712	3.04924	1.34185	1.99484	2.16574	2.3198	1.44556	0.47628	0.370349	0.855552	1.07711	1.47447	0.812151	0.274787	0.781883	1.07027	1.40631	1.80229	1.82824	2.02143	0.696345	0.768457	0.88563	0.720601	1.439	2.29421	1.89844	1.77633	0.599103	1.28502	1.3206	1.66987	1.99622	2.13356	2.14368	2.18388	0.886303	4.45851	4.14265	1.47059	3.26907	4.3385	4.67964	3.47249	1.85065	2.57536	3.82207	3.97424	6.52068	3.49377	1.55097	0.603524	1.23398	1.19151	0.912695	1.04686	1.153	1.09501	0.876477	0.494755	0.476916	0.4429	0.783435	0.65981	0.908318	1.20299	1.53663	1.44937	1.5753	1.38919	1.94663	0.906844	0.469016	0.441518	1.01865	1.52235	1.74298	1.71307	1.13217	0.417714	0.575029	0.682063	1.15147	1.60817	0.54145	1.3454	1.19829	0.926236	1.01226	0.908936	0.91085	1.68453	1.05302	2.16054	0.686367	1.36203	0.791794	1.72733	0.344802	2.57128	0.538695	1.11912	2.24471	0.477226	2.29495	2.91968	2.81361	1.68796	0.4292	0.378341	0.683314	1.94256	2.23163	2.37202	3.46237	3.09496	3.21239	3.45186	3.64466	3.78259	4.31618	2.99263	4.7695	5.11959	5.05879	4.87954	4.16677	3.61581	6.90649	10.2774	11.0554	9.01655	6.8577	6.13587	5.72011	3.64868	0.952741	3.49041	3.21643	2.33053	1.19376	1.29124	1.91604	1.34932	1.41661	4.05704	6.45089	6.31643	5.58167	6.1948	4.84204	2.94101	2.43966	2.74746	2.91044	2.69723	1.46729	4.6866	5.57939	7.00744	6.04972	1.91119	3.91688	5.58782	6.57853	3.73335	3.88093	2.88502	3.50712	3.88962	4.14928	1.98216	9.60209	7.90159	3.84631	8.14656	8.62659	5.20003	3.56549	3.29247	0.344006	2.28239	4.1138	5.89503	2.54523	3.62202	2.74972	4.07662	4.12952	3.84925	3.98229	1.3893	4.64834	5.12842	3.92044	5.13462	2.94815
9.94011	8.10708	11.0504	4.67469	3.81106	2.14653	0.769973	1.46114	1.74814	1.07005	0.956801	2.17149	4.0669	3.12999	1.13888	0.905551	0.928084	1.30713	1.72403	1.25887	0.622242	0.828748	1.17383	1.56347	1.68877	1.83598	1.63423	1.34347	0.406192	1.25614	2.33976	1.03303	1.60065	1.50574	2.07613	0.972508	2.00353	0.774446	1.24005	1.75415	1.53554	2.4145	2.37402	2.61565	5.71792	2.54699	2.66105	1.96622	1.01569	0.681538	2.25492	2.52079	1.81144	2.32575	1.2614	2.82042	3.09914	2.67637	3.56857	1.98576	3.4791	5.91376	6.85232	6.10628	4.67873	2.61122	0.905861	0.231085	1.01548	3.33826	4.50257	4.73759	3.86072	3.063	1.5758	0.0274653	0.97362	1.33416	1.34711	0.239415	0.916849	0.409268	0.151316	0.86042	2.35627	3.12512	2.64091	3.10735	0.702633	0.672106	0.426537	0.717189	0.695583	0.462825	2.2558	0.425746	5.52934	3.32363	1.73629	1.76955	3.28998	4.37061	5.31699	4.98399	3.83553	3.22484	3.96272	5.50103	3.09983	0.893746	0.464067	0.932091	0.696788	0.931333	1.00983	0.806075	0.934634	1.12122	1.02956	0.974727	0.91823	0.963546	0.779352	0.979994	1.13594	1.55965	1.93249	2.2486	2.33139	2.9437	2.12821	0.851014	0.98083	1.31633	1.42338	1.70372	1.9494	2.03185	1.82241	1.26657	0.697893	0.837832	1.72716	0.782647	1.32042	1.00429	1.14069	1.33679	0.444268	1.27423	1.52375	0.828086	2.16079	1.64288	0.996016	0.261086	1.61736	0.35701	1.94344	2.56547	2.28747	1.57177	2.41411	2.4224	2.53406	1.18008	0.80428	1.97859	1.98352	2.28815	1.68956	1.41042	1.44713	2.26407	1.10305	1.51266	2.02996	2.2505	1.21527	3.03129	2.06384	5.49595	4.64798	4.75604	3.92552	4.36559	3.97022	6.79246	6.981	6.75964	5.45587	3.18695	1.6958	1.40383	4.57508	2.37274	2.01948	1.09124	2.93619	4.96427	4.26027	4.11375	2.94328	4.13314	2.92906	1.90781	5.41378	5.63365	5.40332	4.00002	3.8168	3.76374	3.25085	1.81782	2.6905	4.80628	1.25669	3.62951	4.40935	0.949449	3.31414	1.73213	1.26065	3.35424	4.09226	4.37256	7.63113	7.28479	3.83545	6.13199	2.8316	5.92154	9.98433	6.47671	1.60537	5.92329	5.51503	4.84267	3.33237	2.74505	3.93024	4.76251	6.8677	3.40405	5.78661	7.20492	5.89392	5.77572	4.62923	2.19498	3.22688	6.87222	5.74077	4.31309	4.75451	2.03437
8.60142	7.94585	5.05661	0.901907	1.10293	2.05864	1.8356	1.39243	0.999976	1.32129	1.44433	3.70256	4.16796	1.43189	2.07077	2.42307	1.40479	1.45503	1.82283	2.33006	1.48882	0.743383	0.197951	0.332359	1.0621	0.970423	0.958166	1.68123	1.52418	0.783271	2.26719	1.51152	1.82862	2.98821	2.16301	2.68847	0.672407	1.45083	1.33044	1.84082	2.04729	1.45569	2.45725	2.89354	4.9626	2.54219	3.4937	3.79864	3.58391	1.99296	0.879707	0.298033	1.13484	3.14304	1.89934	1.28333	2.53155	1.96238	0.76234	2.91239	5.34134	6.04497	5.64331	5.15851	5.64692	2.99535	1.46652	0.0342298	1.72027	3.20556	2.2784	3.13056	4.36527	4.59691	3.93381	2.53438	2.30754	1.43942	0.955373	0.674441	0.79786	0.356794	0.464509	0.542804	1.83701	4.89448	1.71564	4.81798	1.47552	1.42927	2.02483	2.67136	2.64428	1.84652	1.94716	0.824207	6.0241	3.05516	3.22442	2.17937	1.47568	2.17344	3.04402	4.11867	3.64443	3.2847	3.21996	3.8372	1.65533	0.659354	1.03236	0.856115	0.700521	0.597883	0.768632	0.676747	0.805118	1.07825	1.15273	0.972412	0.990025	0.877221	0.665303	0.647718	0.995467	2.18792	3.68606	4.3117	4.53074	4.94843	4.43662	1.44067	1.36146	0.685911	0.815421	0.933924	1.00208	1.54399	2.30782	2.05999	1.68802	1.65268	2.29544	1.77065	0.828061	1.3361	1.05941	1.64871	0.679194	1.05739	0.929206	0.566177	1.59103	1.67581	1.05462	1.07501	0.86772	0.870186	0.857617	2.34983	3.45151	3.1277	2.3034	1.13835	1.50969	1.57205	1.56273	1.05151	0.926202	1.29834	0.164066	1.07882	1.25762	1.56268	0.831714	0.746506	0.560942	0.328353	0.2587	2.12768	1.09965	5.94386	4.60535	4.71426	4.23704	4.97159	4.72232	3.46364	3.61824	5.07733	7.09274	3.50832	1.31887	1.4622	3.89046	2.50955	5.56597	5.38945	4.63136	3.40761	2.35187	3.08568	1.43808	3.10026	4.84726	3.62397	2.02649	2.1545	1.37869	3.11894	2.89711	2.48962	2.14476	3.00382	7.001	5.96291	7.2183	4.82517	5.97754	7.80762	4.94134	2.56104	2.04138	4.23814	3.76791	4.90891	3.38813	3.4418	5.42658	7.63022	4.26908	1.70324	3.60489	8.89728	6.3842	4.8644	6.26192	5.82715	4.8026	2.86145	4.42984	3.67684	3.10798	3.02051	2.38924	1.17977	1.19629	4.73073	3.32784	0.92903	4.00006	4.54543	3.17272	2.78848	3.98953	1.60152
5.54161	3.49996	1.5343	2.45868	1.80307	0.613961	1.34703	1.02107	0.833547	1.78676	3.0749	4.35543	2.31334	2.71734	4.21395	4.84686	2.99799	1.43929	1.85719	2.98992	3.21241	1.89025	1.11971	0.681728	1.14857	0.686654	0.582946	0.840087	2.06739	0.712425	1.36514	2.89687	3.49477	2.42525	0.488698	2.75881	1.73286	2.52362	2.56131	2.23842	2.5744	2.41103	2.1358	3.80207	3.90965	2.45653	3.49167	3.3232	4.3867	3.87894	2.31504	0.780223	0.545808	2.53634	3.02922	1.33959	1.04893	1.45894	1.56557	3.31599	3.34714	1.18035	1.39384	3.73042	5.02101	3.35139	2.0079	0.558917	1.56702	2.68866	3.19322	1.99473	0.699929	2.089	4.37872	4.09419	3.5147	2.85441	0.727868	1.93375	1.8025	1.23431	1.41232	1.77336	1.50526	3.98221	2.9026	3.38677	1.7627	3.18464	4.59854	4.23634	3.90065	3.25004	1.81761	0.833882	5.37136	3.72632	2.3387	3.09205	0.808317	1.55421	1.00976	1.16389	2.45981	2.46565	2.23872	1.81336	0.433646	1.86298	1.99353	1.86577	1.76215	1.30917	1.0375	0.575775	0.880648	0.980023	1.01687	1.00489	0.889734	0.769021	0.681699	0.787041	1.21597	3.07094	5.07169	5.55852	6.37235	6.61644	6.83409	2.26522	1.41555	1.40791	0.288726	1.37513	1.18983	0.292903	1.34606	1.85168	1.89689	1.79025	2.3315	2.58124	1.09783	1.49077	1.33437	1.21021	0.126456	0.36222	0.950055	1.35739	0.764629	1.50222	0.971585	1.15043	0.747189	0.522775	1.40143	1.84826	0.969894	1.54532	1.58717	2.76703	3.26561	2.573	1.29708	0.568911	0.828916	1.15621	0.623248	0.941822	1.10886	1.13675	0.694837	0.642984	0.69363	0.671806	1.15335	2.3308	0.933871	5.7244	4.70632	3.02988	2.5991	3.53742	4.25262	2.81158	1.35419	4.35467	6.31143	1.8045	2.46204	2.7184	3.41004	3.1831	7.79858	7.10951	6.09467	3.49313	4.08367	2.33754	2.68235	1.98902	3.31362	6.36283	2.13865	4.28277	6.02971	5.91598	6.57224	6.73405	5.65985	3.63536	6.85077	2.46241	6.13563	6.8884	8.00842	8.09394	7.71253	7.2914	5.0666	1.57295	0.357163	4.27856	7.47938	6.31646	1.49434	8.47749	7.77962	5.46047	3.1929	5.70763	8.36869	2.76209	7.19823	7.9147	4.97001	1.99757	4.16463	4.95809	5.02801	6.20679	6.94244	5.28736	4.69092	6.72968	4.41579	0.823573	2.70776	4.92584	5.6575	4.31904	4.44179	3.29414
3.08524	4.06932	1.96636	1.84704	1.4997	0.393473	0.672601	1.4462	1.63302	0.664916	3.16663	5.44866	2.15301	3.3144	3.64343	4.29028	4.3617	1.85496	3.33258	3.09576	4.19825	1.72261	0.452431	1.25939	1.98445	1.3918	0.868014	1.70868	2.77408	2.14069	2.923	2.84247	1.74506	0.768056	0.523377	2.92534	3.6558	2.27541	4.18997	3.73411	2.31568	2.5796	2.45801	2.26494	4.45069	3.92615	3.34186	2.82826	3.89252	4.53694	4.55809	3.1514	1.98373	0.761092	1.68719	2.45849	1.2216	1.19518	2.54522	2.4799	3.15456	2.11463	3.62978	3.72958	3.67997	2.93924	1.46049	1.02582	0.187273	1.9547	3.31718	4.02059	3.55014	2.10352	0.876046	2.9274	4.83303	2.65821	3.32757	4.4893	3.73547	2.68335	1.3637	2.0795	2.08515	0.858297	2.57355	1.03485	1.28642	4.42634	4.52132	2.39557	4.68857	3.91556	1.82954	0.718668	3.57426	4.20882	0.610703	2.96456	1.54925	2.52274	2.46449	1.92318	0.935917	1.36131	1.98834	1.93936	2.75782	3.06484	3.25872	3.29422	2.94399	1.9932	1.43035	1.40576	1.59075	1.17996	0.999391	1.29486	1.20895	0.962003	1.05406	1.41596	1.88478	3.53011	5.5911	4.78901	3.7392	5.55763	7.02613	2.83621	1.29323	1.60819	1.26816	1.4838	1.35697	0.21782	0.500425	0.916132	1.72783	2.2539	2.57381	2.47191	0.189619	1.0704	1.18393	0.607061	0.353589	0.25501	1.2292	1.74076	0.711666	1.05727	0.526636	0.288579	0.82703	0.83014	1.4933	1.87212	1.91943	3.14829	2.51558	2.48746	1.80708	1.43369	1.85792	0.91399	0.601498	0.543952	0.749431	0.70426	1.14173	0.757307	0.441335	0.902912	0.805962	1.57058	1.46589	2.62198	2.15473	3.7094	4.86442	4.66676	2.38118	3.54596	4.92819	5.99077	4.57579	6.174	6.63066	1.28238	1.42419	2.77392	3.13626	4.02764	7.40936	3.63976	3.65323	4.94308	3.68717	2.75075	2.84152	1.99314	2.42273	6.9988	3.69547	5.81351	4.66639	3.43967	2.71013	2.95281	3.95956	2.88769	5.46427	2.10953	2.35802	2.50118	3.15735	3.15462	5.67095	7.20385	7.77267	7.09475	6.16689	7.08336	3.46657	6.52559	4.27641	2.89536	6.54479	7.99299	6.69864	0.719982	9.41294	5.65745	5.51429	11.152	4.40199	1.39569	2.78355	4.11067	2.96841	2.43137	4.60146	3.64633	2.71681	4.4395	4.97944	2.33236	0.695665	1.88348	3.54151	5.83467	4.60811	4.29991
5.00499	2.36654	1.75047	2.73745	1.89206	0.490553	1.37515	1.80522	1.82844	0.543427	3.15483	5.72118	1.73408	3.14593	2.76117	2.31797	3.70428	2.10805	4.37914	3.37822	6.144	2.74464	1.91966	0.978843	1.45167	2.4921	1.55522	2.17563	2.81187	2.08774	1.92473	1.13719	1.12979	0.90704	0.784512	3.06005	4.73868	1.13855	4.11566	4.92931	3.64174	5.10357	6.15413	3.29598	1.4097	2.83171	2.41432	2.01916	2.46631	3.0974	4.41992	4.61311	3.97161	3.00439	2.57738	1.9489	0.929881	1.80573	2.28172	1.33842	2.39738	2.41264	3.44486	2.18573	2.19348	2.76576	1.1815	0.87843	0.951794	0.736199	1.18914	2.55332	3.32045	3.74299	3.27015	3.2373	4.63039	1.30322	5.12682	5.34118	5.09311	4.67239	1.03026	2.00636	1.17784	1.46813	1.21243	1.95063	2.49407	4.83399	2.96769	2.89345	4.70284	3.68753	1.83179	2.01184	2.28115	3.85844	1.68549	2.66386	0.705159	1.24708	1.00184	1.81622	1.13168	3.43156	4.69845	5.4393	4.88821	3.87515	3.67196	3.56991	3.58425	3.4806	2.09727	3.2793	3.19826	2.51597	2.08252	2.54022	2.36536	1.31617	0.952686	1.78511	2.94427	4.32783	5.47869	4.0183	1.6656	5.78483	5.09039	2.3726	1.76266	2.08812	2.23673	1.69805	1.02287	0.534021	0.366446	0.261273	0.673893	1.87904	2.42233	2.45897	1.16907	0.0545181	1.59977	2.17981	1.60979	1.18264	1.75894	1.60772	1.26927	0.920718	0.385587	0.478855	0.943783	1.74045	1.56923	0.342365	2.50612	2.5843	1.99612	1.65765	1.47493	0.863535	1.32524	1.99654	0.700454	0.570553	0.556705	0.920196	0.904488	0.439033	0.378183	0.71145	0.847088	1.36401	1.04918	1.26341	2.59918	2.80679	2.20831	3.89753	5.25474	4.90523	1.35428	3.6584	5.59191	9.14135	6.98018	2.95435	3.60792	3.70008	2.27622	3.54931	7.75662	5.13416	0.850933	4.9785	3.30009	1.73837	1.60863	1.50965	0.604014	5.36497	1.45764	3.92616	2.5863	2.24762	1.96026	1.85331	1.23531	2.30534	3.91755	2.00478	0.875298	0.945423	1.54685	2.0449	1.92964	3.15461	3.24982	4.29002	5.02081	3.3704	2.24387	4.92475	3.97599	6.72882	4.44435	2.84591	9.15419	8.54529	5.58473	8.04278	7.46714	11.4328	1.41904	2.79767	2.88435	3.22422	2.5244	1.78557	2.98277	5.93111	4.82566	3.73394	2.79677	2.73039	1.36471	0.332552	3.33369	4.76076	4.74073	5.83651
3.86058	2.16076	1.05847	1.21523	2.81536	1.61735	1.8634	1.29371	2.82139	1.72825	5.10488	6.23564	2.60916	4.05858	4.18615	3.50119	2.96504	2.74961	3.50521	4.49814	7.52565	2.97219	1.86651	2.07318	0.887231	3.10783	2.52177	1.54053	1.75019	1.11169	0.807875	1.13533	1.23564	0.804173	0.856342	2.74574	4.06707	2.63451	2.29546	3.56811	1.9941	1.81733	3.72966	5.17788	2.4802	0.924849	1.2721	1.42569	1.93443	2.40808	2.92016	2.94255	3.27522	3.148	3.38505	2.78325	1.45088	2.25471	1.14286	0.547414	1.80787	3.31461	3.63747	1.69923	1.20095	2.83859	1.04912	0.661468	0.559432	0.58887	0.0290127	0.975313	1.80503	2.21948	3.46273	3.2838	3.17159	1.71739	4.6784	3.77391	3.56422	6.14627	2.90151	1.03769	2.09103	1.4379	1.67748	2.80898	2.41473	3.32036	0.729236	4.13195	4.19713	2.23043	1.9151	3.03636	3.28014	5.28126	3.32571	3.63564	1.19944	0.308514	0.62674	1.042	0.34971	3.1345	2.12144	2.64233	3.67523	3.8039	3.4862	2.78303	3.01976	4.679	3.17467	4.30354	4.47184	5.13676	4.16228	3.91923	4.06429	2.93057	0.479717	2.01206	3.7122	4.90765	5.31679	2.62149	4.19248	5.61685	3.23289	1.07722	0.887096	1.73321	2.36839	1.68574	0.544526	0.456215	0.442004	0.603089	1.14898	1.59627	1.52732	2.49349	2.4379	2.00159	0.664088	0.68374	1.25381	1.28079	0.472859	1.30082	0.425438	0.988164	1.65488	1.11135	1.77189	0.661558	2.04432	3.05534	2.88561	2.51675	1.92184	1.75169	2.23275	2.07049	1.40868	2.12106	2.33417	0.701451	0.93692	1.28464	0.984203	0.502897	0.347908	0.173793	0.142364	0.912273	1.00653	0.801509	1.19234	1.53798	2.03839	3.95551	5.67628	3.69646	6.81609	10.3838	10.8383	9.34385	5.80421	3.71247	1.92243	0.551676	1.62294	1.99097	5.69809	5.90518	2.29499	3.26551	4.07619	1.33419	1.12458	1.5775	2.18692	4.1622	1.01115	3.15448	0.779805	1.71258	1.40687	2.16578	0.617812	1.77772	2.23288	0.841207	0.904494	0.675102	1.29944	2.15948	0.405056	1.30725	2.68676	3.5007	2.83817	1.25376	3.34791	4.39882	5.1156	4.27081	6.31735	4.94045	2.33309	9.57905	6.8589	6.64652	8.1953	9.97066	1.89896	3.01564	3.63204	5.33556	4.62862	3.9684	3.38446	7.15897	6.41746	3.64736	3.65204	2.99446	0.572254	2.27282	5.1886	5.53162	5.11089	5.16791
2.05872	3.00082	1.6243	2.68393	0.70099	1.35191	2.201	1.48506	4.60919	2.9783	7.4653	8.48304	2.40093	3.10872	3.38577	2.10268	2.72373	3.78375	4.5768	6.19289	6.70025	1.76661	1.35651	1.89732	1.85293	3.06839	2.09107	1.04821	1.35735	1.22002	0.607652	0.926734	1.20315	0.980604	1.8637	1.51374	3.18093	5.10027	4.03289	3.10652	1.64025	1.68775	2.3674	4.55317	3.39124	0.750974	1.74057	2.14724	1.30932	0.941467	1.40802	1.73084	2.64418	2.13881	0.853208	0.926764	1.99709	2.48218	0.986677	0.525788	1.08356	2.20125	1.8209	1.87898	1.31352	2.15697	1.32954	0.715055	0.315313	0.422336	0.968199	1.84767	1.17037	1.62424	2.86651	2.58203	1.37427	2.16068	4.18438	4.86091	0.342884	5.11626	4.37963	1.10361	2.99853	2.29837	2.39019	1.59785	2.59665	1.61313	2.29533	4.35172	2.66442	0.925303	2.07267	2.06198	2.73058	5.20487	2.34765	4.20969	1.76776	1.76408	1.9226	1.67698	0.909705	2.36344	2.70219	2.10478	1.41824	1.28279	0.897338	0.375094	0.0759309	2.87842	3.10359	4.20283	3.43154	4.82914	4.53058	3.34404	3.93651	4.78888	1.35507	1.95083	3.98975	4.40471	4.23101	1.09572	5.55937	5.61939	2.69717	1.06904	1.16537	0.639285	0.866425	1.12662	0.603554	0.607254	0.738768	0.458325	0.451883	1.196	2.11935	2.29	1.89732	1.56396	1.54947	1.97	1.04724	1.2791	2.39191	3.15275	3.05329	1.53695	0.823848	0.442019	1.52093	3.14954	3.65853	3.12565	3.12776	2.44081	0.951785	1.19248	1.27229	2.49683	2.27094	1.904	2.79111	1.55607	1.24237	0.995474	1.34162	0.932388	0.489139	0.682788	0.575493	0.959199	0.61227	1.26747	2.00234	1.41437	1.89188	3.49949	3.37453	7.48981	9.94869	7.91904	5.51523	3.54516	2.198	0.363488	3.49725	3.13791	2.32199	1.55127	3.10343	4.83599	5.0505	1.07955	4.71358	2.0975	1.09517	2.10866	3.13908	3.13042	1.02932	2.48046	1.5304	1.91147	2.27272	2.26042	1.50161	1.94925	1.04119	0.561088	0.682596	0.541769	1.61542	2.14838	0.792833	1.00583	1.90743	2.56787	1.0502	1.28025	0.78503	2.72053	1.47485	5.00839	6.05187	2.58182	6.34373	1.20601	4.77012	4.78808	8.13681	10.7409	0.126528	2.50495	2.74464	3.7259	2.84751	4.72888	5.45102	7.45126	5.26562	2.3861	1.34527	0.427605	3.2304	6.22363	6.973	6.11844	5.1672	2.80871
4.20191	2.30037	1.58216	1.08802	2.62308	3.20699	1.85039	2.59664	3.97947	3.34942	7.75191	9.77604	2.65152	2.51814	2.64142	1.69698	3.46893	3.59386	4.76172	5.78112	4.15077	0.526383	1.06256	0.9894	1.93768	2.25378	0.57139	1.25033	1.94905	1.43866	1.01931	0.524442	1.08336	1.27665	1.93363	1.39309	2.86326	4.35248	4.58852	4.19139	3.63375	3.19992	2.79806	4.37639	2.44862	2.45143	4.74305	5.39501	5.52493	4.58205	3.32135	2.16852	1.53831	1.59549	1.81522	1.50536	0.916816	2.20504	1.96774	1.56855	2.09365	3.4433	2.64693	0.346159	1.02213	0.718436	1.37902	1.72665	2.34795	2.8716	2.96514	2.02427	1.39671	2.385	0.649219	0.880266	0.971797	2.98169	3.6635	4.62643	1.28808	3.70262	4.6048	1.62371	2.61844	2.69294	0.647462	0.413274	2.31758	1.2111	1.89304	2.72908	1.34254	2.20131	1.74515	1.57397	2.57902	3.4898	1.10436	3.43128	0.836978	1.71593	2.0196	1.95846	1.40921	2.05798	2.17874	2.16639	1.50092	1.66818	1.49699	1.83901	2.14567	0.956639	1.04912	1.82175	0.798532	0.224527	1.78992	1.02394	2.41609	4.05206	2.18785	1.66061	2.92687	4.4657	5.37403	1.80091	5.83824	6.10265	3.33542	0.879174	1.1935	1.11589	0.927681	1.03153	0.377372	0.923437	1.17815	1.14659	1.42062	1.37866	0.94609	2.70086	2.05275	1.43418	2.58046	2.42742	1.80399	2.00149	2.93818	2.45981	3.55208	2.65014	2.91551	3.39684	4.11746	3.64741	2.30721	2.14965	2.64395	2.41253	1.91686	1.50339	1.23681	1.14568	1.41467	1.06194	1.93837	1.62516	1.05076	0.677934	0.525197	1.09074	1.38885	1.26691	0.0757413	1.04635	0.834478	1.14991	2.27344	1.46334	2.49833	4.02432	7.17068	9.29527	6.62111	3.55349	4.28168	3.35225	0.628405	4.49136	5.16742	2.57697	1.38131	1.95283	1.44513	2.34111	6.43774	4.13179	3.03424	2.59602	0.811681	1.95918	1.93829	2.90674	1.72158	1.77237	2.49828	1.12895	1.19557	1.71176	1.54948	2.04588	0.571013	1.14743	1.07555	1.49024	1.82464	1.70225	0.762903	0.709119	0.877569	1.2219	2.05826	0.965849	1.69696	1.20627	3.44517	6.34036	1.71745	5.58551	6.05241	8.38619	5.4176	3.65273	7.6852	10.1159	1.10545	0.846317	3.83668	5.48517	4.02073	1.29945	4.09565	5.52507	3.38697	1.79308	0.990836	1.0189	4.51909	4.0713	3.03952	4.43155	4.54992	3.70917
4.92547	3.90656	3.6769	3.31311	4.25181	3.82059	3.53865	3.89865	5.14843	8.81139	10.6349	8.4895	2.53175	3.31554	2.46092	3.86042	4.0052	2.86501	3.96415	4.08208	1.42603	0.703738	0.70478	0.43604	1.83479	1.69343	1.13645	0.941249	2.2944	1.55861	1.47682	0.799372	1.26772	1.55742	1.44677	0.989639	1.72114	1.28471	2.32442	2.56502	2.74342	3.45937	3.74755	3.29758	0.278428	3.56322	3.69921	3.24513	4.72118	6.05661	6.51976	6.69554	5.82557	3.75553	1.89195	0.354632	0.386845	2.70407	2.15521	0.898504	1.34309	2.22503	2.88684	0.805386	2.19986	3.44906	4.28239	4.12795	4.55319	4.64734	2.81241	1.51092	2.71194	0.856886	3.39598	3.27297	2.5617	2.96927	3.99334	4.15205	0.233052	3.71441	4.39528	1.24956	1.36563	1.93926	1.6622	0.785268	2.1962	1.23108	1.87155	2.55183	1.35878	2.08934	1.62469	2.08124	3.40175	1.47341	1.3937	1.65297	0.912529	1.29811	1.60762	2.08815	1.66646	1.37574	1.50226	1.21278	1.20352	1.75265	1.12828	1.46433	1.84982	2.29768	2.47197	2.67101	2.9777	2.98035	2.02563	1.49778	2.99437	2.81535	0.437229	1.63406	2.75037	5.62149	6.72822	1.07826	7.22523	5.76244	3.07686	0.675461	0.810641	0.481822	0.641789	0.597572	0.35114	0.842128	0.370785	0.287864	0.244761	0.761722	2.48032	2.83078	0.85394	3.40438	2.32521	2.25421	1.97707	0.783709	2.85221	0.725051	2.43396	1.17449	1.65968	2.12183	2.75616	2.2543	2.21054	2.52417	1.91099	1.11964	1.36447	1.50431	0.985214	0.614758	0.68344	1.07487	1.88608	1.52182	0.317201	0.50442	0.693692	0.219049	1.08334	1.31538	1.0803	1.05494	0.915561	1.0836	2.51119	1.34051	2.47743	2.93888	3.76032	3.46407	1.97104	3.79362	4.01432	0.417991	3.76858	6.02214	2.65813	4.01599	0.639398	2.77003	1.95136	1.25669	3.66863	6.59153	1.26869	4.53906	1.97024	2.25945	1.39123	0.641351	3.24076	2.77165	1.49362	3.35643	1.89478	1.44334	1.66359	2.39873	1.12677	0.784348	1.27926	2.01349	1.96245	1.28385	0.0116619	1.01437	1.31228	1.74431	0.856142	3.0382	4.71502	4.73609	5.85883	7.91053	3.23576	6.08682	2.5789	7.02821	9.72851	10.663	10.1629	5.40291	3.31391	4.59923	1.99937	2.92449	3.62349	4.09406	5.01953	4.40331	1.90834	0.662438	1.86016	4.28686	5.77695	3.19897	0.0595952	2.61701	4.57744	3.7729
3.09251	3.71823	3.85	2.47923	2.81155	2.60013	3.76298	5.5501	6.55662	7.13035	6.52367	3.90273	1.2021	2.95638	3.99431	5.08231	3.19874	1.73245	1.47738	1.06785	0.997472	0.755968	1.04451	1.85633	2.11225	1.43666	1.19962	1.79871	2.30104	1.56494	1.42792	0.445659	1.12666	1.53822	1.54119	1.06901	1.34276	0.843126	0.812564	1.03244	1.55524	2.18594	2.39707	1.03785	1.67294	2.53322	3.19469	2.56882	1.8846	2.94198	4.71072	5.95493	6.21992	5.05977	2.72777	1.28838	1.37274	2.95054	1.06605	1.23555	1.76782	2.16194	1.97023	1.5251	3.96428	4.70077	4.73454	4.78778	4.86724	4.28926	4.66199	3.47218	1.64277	3.45152	3.29146	3.25721	3.77966	4.60138	4.711	2.40497	2.04697	3.86589	3.20454	0.567999	1.40902	1.61648	1.38545	1.61386	2.94524	1.54674	1.96306	2.41224	1.6562	1.54914	1.71993	2.86935	3.61278	1.42589	1.71326	1.39937	2.29419	2.07672	1.84447	1.9346	1.77939	1.02101	0.689505	0.933125	1.15901	1.5193	0.874841	1.16196	1.03704	1.92618	2.6347	2.77813	2.73456	2.76786	2.38433	1.94016	3.07972	2.19985	1.15322	1.71871	3.90755	5.81887	4.61222	3.43835	7.79913	4.13674	1.68514	1.30089	0.648559	0.0872255	0.508946	0.352148	0.238802	0.509834	0.437887	1.17275	1.90584	1.98022	1.74566	1.28611	3.62158	2.7095	2.23046	1.85763	2.52387	2.09724	2.11003	1.68934	1.17152	1.75005	0.884312	1.43133	1.89848	1.01066	0.249315	1.42097	1.09001	0.435991	0.5049	0.56321	0.533323	1.04449	0.0762389	1.04804	2.39418	2.50592	1.20283	0.116194	0.338536	0.98933	1.14572	1.02027	1.79255	0.588638	0.822208	1.58659	3.1764	2.1281	2.29691	2.72025	0.992809	2.77506	3.20592	1.4525	1.95037	5.16761	5.74422	4.44041	0.898569	4.60572	0.723794	3.21229	1.11572	2.34761	4.44605	7.13534	2.65839	5.36683	0.504776	1.30467	0.980749	1.79924	1.2714	3.90537	1.72799	2.54597	2.51965	2.18927	2.60716	2.40826	0.335815	0.525853	0.930636	1.11842	0.921258	0.490731	0.626749	0.940154	0.596372	1.05282	1.2917	3.95987	2.30026	1.78705	5.24126	5.22605	5.21255	1.52446	5.87733	2.72434	0.24858	3.89174	5.58057	3.39136	3.90571	2.03641	4.55736	2.05856	4.41101	4.15044	6.21803	3.88586	2.21867	5.77002	7.08618	5.87432	6.5641	6.86772	7.65859	6.23727	3.99578	2.88202
2.70195	3.53948	4.22911	2.31126	1.13318	1.77594	0.402741	1.69903	3.52024	3.36859	2.17806	0.362092	0.893755	0.218563	2.49144	2.9319	1.53178	0.955392	0.406358	0.422006	0.727805	1.0982	2.07507	2.21824	1.85967	1.23387	0.81272	0.896624	1.18788	1.13378	1.20205	0.235205	0.908191	1.03073	1.06239	0.875897	0.966347	0.819588	0.896504	1.31797	1.65646	0.928641	0.377891	1.6352	2.73838	3.00393	3.25945	2.42059	2.35894	2.80695	3.33707	4.30413	5.53017	5.79339	3.85228	2.41324	2.33243	2.08457	0.0520643	1.32477	0.606967	1.34874	0.870074	1.86919	3.4033	2.86535	0.714865	1.41667	1.26845	1.55611	4.65867	4.60286	1.0022	3.14575	1.82144	1.29545	4.39753	5.41992	3.60679	0.850428	2.42549	2.41291	2.42097	2.21593	1.60741	2.0964	2.30787	2.59997	2.50008	0.531416	1.67278	2.12309	2.14323	1.83974	2.2404	3.49167	2.65343	1.60647	1.7004	2.21815	1.9346	1.37869	1.56598	2.06431	2.24566	1.79735	0.509843	0.928239	0.796449	1.2149	1.35651	0.535518	1.49644	0.523223	1.25215	1.77001	2.02012	2.40482	2.32887	2.26893	3.14109	1.5116	1.21895	2.82887	5.37355	3.17189	2.89029	5.44625	6.37654	3.02465	0.560274	0.632769	0.574177	0.804248	0.67112	0.211118	0.578525	1.12882	1.47133	1.46946	1.35379	0.335402	1.80646	2.79797	2.95637	1.27811	2.23053	2.37927	2.70239	3.64815	0.559529	2.33932	1.52897	2.0682	1.88313	0.275019	1.60505	1.73813	0.817551	1.11278	1.03728	0.709218	0.807825	0.620765	0.455727	0.597699	0.786774	0.871083	1.293	2.35016	2.61249	0.768145	0.253752	0.683922	0.538865	0.656618	2.04803	0.705015	1.06257	2.52808	3.32872	3.49552	2.8923	3.4512	4.07979	3.34609	2.9006	3.23263	5.11102	4.20587	3.42754	2.06403	1.05726	3.75905	1.69092	2.82418	1.83365	1.36682	4.73649	3.92001	5.53459	3.72029	1.26392	2.04242	2.54708	1.74032	0.405157	2.75641	2.60996	2.08093	2.80414	2.16223	1.70129	0.985171	1.87586	1.54254	1.56502	1.6117	1.72098	1.05198	0.579104	1.12367	1.38488	1.81607	2.58197	3.01794	1.42605	3.89347	4.70894	2.08444	4.83028	4.48341	3.36657	4.85529	3.48536	3.47198	1.27785	1.71197	4.40903	4.56122	4.07503	3.72566	5.54063	5.22723	5.45218	1.18794	4.64727	7.10993	6.46782	4.84117	4.87104	3.90892	4.02975	6.23629	6.47125	6.52513
2.16296	1.46354	3.02189	3.20592	2.07158	0.587146	1.13562	2.06746	2.68809	1.37622	0.729487	0.589527	0.872153	0.500185	3.01741	1.73009	1.33298	1.57355	0.925621	0.79576	1.10502	1.67058	1.62505	1.23125	1.17989	1.25891	1.18048	0.943813	0.826221	1.05243	1.17796	0.0963138	0.751851	0.758617	0.675233	0.517631	0.418134	0.824866	1.77754	1.68919	0.728298	1.04274	2.34085	3.30384	4.73983	5.86541	5.43971	3.61519	3.97911	5.89122	5.47629	3.83776	3.39941	5.46293	3.01398	4.16193	4.16476	1.973	0.804839	1.46458	1.34271	1.67642	0.970901	1.8703	3.57529	3.29172	0.492841	2.32257	3.5119	4.61004	5.10484	4.65576	1.42032	2.42437	2.83948	3.31685	3.76219	2.61031	0.40178	2.11013	1.8391	1.76567	2.47411	2.6986	2.09437	2.49454	2.04226	1.87213	1.26516	0.340102	0.982491	1.52171	1.66493	1.41904	1.51859	2.29027	1.02135	0.985452	1.40839	1.03189	0.299688	0.685212	0.209205	0.825371	1.44683	2.4811	1.54358	0.754771	0.709448	0.867859	1.36868	0.861085	1.98737	2.41844	1.50321	0.530241	1.12846	2.19629	2.65742	2.14668	2.49408	1.39274	1.67785	3.43205	6.48789	2.94942	4.66429	5.43489	5.4052	3.17541	1.92773	1.44389	0.724446	1.24729	0.646786	0.926175	0.627634	0.338038	1.35483	2.56643	1.40157	1.69253	2.2779	1.87468	1.59981	0.730856	1.30429	1.08372	1.71793	3.91561	1.21147	2.90645	1.6014	0.960591	1.69566	1.64107	0.816905	2.13755	1.24906	1.06241	0.415	0.879082	0.763755	0.537526	0.53333	0.522861	0.983547	0.672884	0.471268	1.21447	2.69302	1.95196	0.713473	0.655335	0.148402	0.555117	2.27218	1.70583	2.12889	1.95904	0.694383	1.91897	0.984869	0.763191	1.33786	3.17162	1.50214	4.31056	2.62423	1.72361	2.01413	0.984491	1.69571	3.15709	2.65946	2.22824	2.66734	1.24202	3.21806	3.98597	4.7668	1.267	1.59918	1.17049	1.52823	1.11424	0.86537	1.93409	2.55367	0.218965	2.5207	2.1931	2.55084	1.36904	1.39638	1.78739	2.1881	2.55369	2.78019	2.22288	1.11928	0.227585	0.393586	1.21406	2.5728	2.37785	2.08695	2.36424	3.83464	3.33622	5.04483	4.2083	3.09759	3.09973	4.24399	3.80687	1.41002	3.6498	4.17916	6.19292	3.19556	5.83105	6.32667	5.28332	2.4357	3.25688	5.40498	5.98275	3.09045	4.87218	3.46042	3.2793	0.933663	1.33421	2.01135	2.71107
2.67162	1.26472	1.5186	2.19626	1.96793	0.671075	2.30688	3.79947	3.05387	0.82252	0.102036	0.758329	1.70261	2.49027	3.59049	2.21017	1.6167	2.28394	2.54174	2.62516	2.64217	2.48321	1.91243	1.43804	1.3079	1.0802	0.786599	0.574065	0.730579	1.13592	0.959667	0.377529	0.61577	0.480916	0.500762	0.757683	1.09773	1.79153	2.18158	0.573228	1.42395	2.42592	2.89597	3.39744	4.29558	5.23912	3.48634	3.62717	5.72356	6.41308	2.87592	1.35797	4.25384	3.26952	4.22001	7.34787	7.15808	4.98719	2.2028	1.96072	1.45022	0.961176	0.178144	1.43415	3.91165	3.64289	1.01001	3.31544	3.16549	3.86883	3.82812	1.65177	2.76617	3.54192	0.857335	3.4516	5.4923	4.97824	2.7077	0.595445	2.04625	2.37183	2.10119	2.12916	1.93785	1.89961	1.31056	0.722049	0.170824	0.0896254	0.286701	0.618219	0.489867	0.581948	1.13209	1.68226	0.968169	0.564784	0.222855	0.704143	0.653632	0.573848	0.505368	0.956343	1.82981	2.88577	1.34931	0.946556	1.61867	1.69987	2.09679	1.77313	1.46719	2.23564	3.37475	3.65369	2.45101	0.625184	0.907329	1.68582	1.97083	1.41527	1.94319	3.50519	6.37687	4.83444	2.80367	2.34344	3.18663	1.97707	1.31431	1.36542	1.22733	0.931694	0.667493	1.02349	1.25852	0.854147	0.266193	2.21919	1.69276	2.0061	1.98677	1.17975	1.04122	0.749417	0.856504	0.988225	1.7622	2.8656	0.729565	2.54405	1.5359	0.602157	1.02466	1.25293	0.708281	1.70451	1.65389	0.961752	0.384572	0.699118	0.333134	0.251351	0.465696	1.0197	1.40227	0.998939	0.467182	0.539339	1.69654	2.57772	2.38534	0.89946	0.700345	0.690595	2.99939	2.52362	1.44894	0.740956	2.11435	2.48984	3.70723	4.10138	4.55152	3.30031	2.33194	4.52848	2.42527	1.72342	1.75007	1.37976	1.34946	2.89773	3.36811	1.70216	3.37102	0.965709	0.628882	0.80473	1.01694	1.24369	1.54129	0.980338	0.831517	1.63017	2.0109	2.04398	3.03709	2.02589	1.92329	0.233185	1.92421	2.34932	1.55766	1.27887	0.841141	1.08945	2.66746	3.28621	3.03009	2.05125	1.27813	1.82086	2.52726	1.63329	2.54271	1.84003	0.764311	4.43399	6.44623	0.672178	3.84059	3.17394	1.13091	4.31599	2.98168	3.01186	3.13572	4.76052	1.64007	0.897794	3.01197	3.71378	0.559009	7.01007	7.722	6.56707	2.79198	2.37202	2.05046	3.58877	2.51617	3.7437	4.21775	2.60418
3.02918	2.54972	2.29399	2.862	2.39803	0.671878	3.76298	3.94043	3.05105	2.64743	2.5312	2.99372	3.00107	3.20046	3.16804	1.91508	1.29568	1.55143	1.81155	1.97706	1.84798	1.57774	1.39159	1.32007	1.13389	0.627724	0.464143	0.066045	0.712536	1.07966	0.624446	0.721944	0.60526	0.51687	0.133554	1.34939	1.99848	1.94778	0.923121	0.549452	1.63287	1.91357	2.05642	2.18757	3.69216	5.17926	2.35638	3.13366	5.30769	3.18222	1.32067	3.72566	1.98061	3.21758	7.16884	5.95113	6.0932	5.59276	2.29425	2.5927	3.02708	2.38071	1.79646	1.08594	3.39214	3.92364	1.12942	3.69842	2.25729	2.08285	1.86823	1.06334	3.60188	3.08352	3.94286	0.867187	3.08207	3.88119	2.7815	0.914985	0.271966	0.249325	1.07123	2.1999	2.62303	1.71205	0.654805	0.287908	0.784262	0.874077	0.705095	0.502527	0.653832	1.48068	1.85819	2.22126	1.54	1.64524	1.39804	0.66734	0.426541	0.4312	0.133044	0.18587	1.1678	3.07957	1.38948	2.39428	3.1368	3.10909	2.82034	1.68081	1.05885	0.286952	0.799943	2.72238	4.44893	4.83246	4.25299	2.98714	2.1549	1.26065	0.336363	1.83659	4.38572	5.41981	4.28898	1.20151	3.51558	2.84439	0.887916	1.1067	1.25699	0.915379	0.810009	0.486966	0.954168	0.910413	0.517776	1.48816	1.02815	1.86276	1.67041	1.22399	0.358471	1.06865	1.33887	1.6906	1.36432	1.44251	0.74914	1.74967	1.86581	0.54948	0.571844	1.05506	1.2724	1.29602	1.93051	1.15544	0.714502	0.788754	0.15447	0.0755693	0.645161	0.587087	1.25286	1.25123	0.888403	0.905742	0.834766	1.28133	2.4696	2.32494	1.8405	2.81859	3.28539	1.5055	0.886323	2.16378	3.07825	3.99603	4.62467	3.28306	4.40522	4.55878	1.85611	4.47162	3.64114	2.68331	2.88248	2.23409	1.44816	2.87193	3.5737	0.799941	3.37956	1.09455	0.812851	1.23744	1.04213	1.35514	1.48954	1.10927	0.7709	1.15444	1.62399	2.08696	2.39274	1.3108	0.694739	1.29725	1.58914	0.252915	1.16521	1.55966	1.74245	1.69276	1.21744	1.1022	1.51236	2.58059	3.08439	2.50032	1.78738	0.276846	2.122	3.2962	4.36858	5.50492	2.63065	2.19123	2.66325	2.05139	3.2793	1.48847	0.986596	1.34267	3.26323	4.00236	4.16643	5.82316	7.15157	5.25337	2.47175	9.51572	9.07704	5.29366	3.44621	5.35597	4.35179	4.92182	2.20323	2.02453	3.15875	3.28533
2.77942	3.23084	3.80408	4.58984	5.2359	3.32009	3.26517	5.38973	2.44187	1.42008	1.56145	2.56049	2.21218	1.83718	1.4178	1.08023	0.923633	1.06487	1.10054	1.00342	0.976421	0.98046	0.958528	0.971197	0.875391	0.759286	0.817495	0.566941	0.831479	1.05491	0.52785	0.883825	0.764166	0.492048	0.764401	2.13911	1.54334	0.277031	0.614904	1.02546	1.1066	1.48121	2.0626	2.56488	4.27261	4.96119	3.32454	4.04638	4.16696	2.09122	2.55494	4.62699	3.09676	5.62236	6.77076	3.67619	7.76942	5.94533	1.3233	1.57891	2.77431	1.92389	0.799187	0.281906	2.38557	3.36323	1.15069	2.84416	2.45437	2.20089	2.07309	1.14757	4.06691	2.50593	2.95333	3.86466	2.7408	3.90288	2.45138	0.627525	1.18402	1.306	0.955212	0.86151	1.01228	1.28047	0.520283	0.380304	0.291417	0.323686	0.707921	1.00352	0.627452	1.17365	0.597545	1.9813	1.89928	1.52296	1.88985	1.82286	1.01521	0.345479	0.467478	1.28753	1.67763	3.70789	1.7538	2.58624	2.79505	1.30448	0.698291	0.29313	1.50873	0.715006	1.4064	1.0641	1.84511	4.74283	6.16819	6.0916	5.22812	4.20911	2.71872	0.721377	1.70769	3.17874	4.29759	4.08746	1.99029	3.72207	1.04989	1.19341	1.61393	1.60106	0.884534	1.43975	1.28323	0.638801	0.712746	1.1763	1.11634	1.72854	1.04472	0.937349	0.365307	1.42897	1.62736	1.5956	0.989819	1.90867	2.0697	0.480209	1.88479	1.42896	0.9917	1.46065	1.22882	0.8148	1.634	1.3617	0.961055	1.41549	0.507382	0.278996	0.719779	0.946433	0.728994	1.71779	1.36016	0.699462	0.872826	0.946686	1.74002	3.28512	2.53538	1.34834	1.11279	3.07349	3.07557	1.88466	3.50782	3.68665	2.68656	1.75347	1.8553	4.2296	1.19419	5.0036	3.04336	1.62828	1.12415	1.53641	2.34542	3.00277	3.39695	2.05984	2.11188	2.45276	0.863438	0.728547	0.921154	1.12895	0.857425	0.932967	1.283	1.10032	0.542728	2.32255	2.58779	1.39896	0.967797	2.00768	2.30061	3.10692	1.45901	2.17663	2.35916	1.28597	1.91682	1.53845	0.628307	1.83351	2.94691	3.58284	2.79523	1.86878	3.15638	4.22671	2.74444	2.98797	2.68204	2.80249	1.56108	3.50011	2.39997	4.43798	2.36364	2.08506	3.93756	5.20591	3.02598	1.27237	4.73625	5.92021	2.75973	8.02943	9.82936	7.03234	7.23863	5.82884	3.3245	5.47933	4.34777	3.19042	3.11543	3.10093
2.37271	2.82659	3.26052	3.36683	4.19569	4.89811	3.64823	5.31865	2.61315	0.626892	0.836257	2.18168	1.1939	0.847445	0.731573	0.968861	0.82176	0.957168	0.893366	0.779993	0.925606	1.07409	1.05938	1.00632	0.852445	1.84735	0.720836	1.14228	0.730507	1.24255	0.875047	1.16128	1.35914	1.54158	1.97722	1.80893	0.436203	1.27212	1.3352	1.11701	1.09877	1.18544	1.98136	3.46798	4.32594	4.32437	4.45937	4.93088	2.91088	1.83385	2.40135	4.60377	4.31535	5.29155	5.46898	3.07273	8.98859	6.32967	1.38749	1.35251	2.39025	1.50511	0.821622	0.437538	1.98543	2.21494	0.729656	1.65015	2.29769	2.402	2.22004	0.952445	2.90305	4.35273	1.03302	2.12648	2.77203	3.02111	1.69064	0.128647	0.717478	0.537414	1.28626	1.44315	0.464487	1.20918	0.875305	0.774236	0.338489	0.235459	0.757495	0.438556	0.719927	1.02306	1.36728	0.75681	1.97438	1.21313	1.71052	2.38875	1.60912	1.08834	1.3261	1.56471	0.504615	3.48224	2.21555	2.02432	3.47121	1.78059	1.78528	1.30359	0.720077	1.6727	0.563453	1.39509	3.15244	1.79349	1.42955	2.64653	2.73956	3.82983	3.9139	1.74491	1.0538	0.272325	1.50242	3.26961	3.25142	2.64375	1.46698	1.2502	1.41202	1.56016	1.7635	2.72047	1.17205	0.671222	0.790616	0.751431	2.04052	2.21197	0.9012	0.60515	0.611903	1.05067	2.13989	1.3535	1.5834	1.30682	2.15142	0.769558	1.82038	2.00869	0.96724	0.874126	1.01966	0.437585	1.45562	1.79562	0.451132	1.48484	1.60821	1.22081	1.14662	1.1128	0.554968	0.141058	0.816601	0.762467	0.766006	0.842685	0.582729	3.23598	4.14475	1.42582	3.49983	3.76458	3.6527	2.88198	3.80245	4.36918	1.2787	1.24456	1.56273	5.00049	1.2577	4.46717	2.42592	1.78056	1.86703	1.60356	2.13207	3.2817	2.89416	2.78024	0.955527	2.86519	1.40306	0.273015	0.414799	0.872566	0.634904	0.848724	1.24392	1.06031	0.838994	3.19682	2.70288	0.243649	2.37811	2.70525	2.04115	3.02117	3.18897	1.98309	2.80137	1.08725	0.788891	0.902017	0.696737	2.22821	2.82269	3.46243	3.32615	0.775592	4.38843	3.76466	2.83224	4.10347	2.2819	2.13491	2.60549	1.84904	3.95719	1.86208	2.8964	2.69783	2.27182	4.10879	2.3919	3.03709	1.50863	5.64574	7.85592	2.52089	11.2837	12.4173	10.2056	7.22273	4.58767	4.97061	4.9577	4.97844	4.69304	3.49326
1.29146	1.46763	2.22363	2.16243	2.63901	2.81524	0.556815	3.50775	3.04314	1.07222	2.21915	2.36159	0.981541	0.765908	0.935312	1.14191	0.878958	0.852094	0.938129	1.1143	1.2942	1.18771	0.97304	0.6237	0.619639	2.20303	1.48416	0.921357	0.696109	1.68123	0.724848	0.719815	0.402227	0.447495	0.421123	1.21964	2.20546	1.88882	1.22935	1.18859	1.46613	1.14191	1.31544	3.61265	4.51298	4.39608	4.8962	4.88507	2.60836	1.00571	1.28132	2.77166	5.14018	5.21051	4.41762	3.9729	9.38619	5.71108	2.26037	1.56781	1.22109	1.15491	3.02103	3.35044	2.61089	1.43886	0.553118	1.05421	1.19874	2.60991	3.17165	2.96374	0.87502	4.08724	3.31266	1.79375	2.24395	1.62868	0.889564	0.409675	0.88291	0.289792	1.19736	1.17726	0.331637	1.11773	0.874271	0.96312	0.862948	1.01019	0.829187	0.826811	1.30713	1.12739	2.02663	2.26751	0.899408	1.46277	1.49315	1.70927	2.11621	0.876919	1.41872	2.55214	1.98587	2.70442	2.49717	1.16432	3.80723	0.774988	1.07407	1.90463	0.560374	1.76011	1.52098	0.678516	3.07562	2.79833	3.67029	2.99406	1.45129	3.23825	3.7277	1.37003	2.46176	2.59529	0.428611	1.74949	3.29518	2.65084	0.808581	1.83013	0.615407	1.70045	2.47671	2.50716	0.497458	0.993213	0.883201	1.35479	2.88032	2.74135	2.60523	0.902644	0.759057	1.187	1.76823	0.565245	0.696095	1.78612	1.28676	1.74435	1.58989	1.46889	0.954679	0.581557	1.49932	0.688817	1.30522	1.98132	1.48071	0.285655	0.69315	0.839616	1.25407	0.529607	1.48146	1.89991	1.1391	0.724009	1.07175	1.14026	1.50924	2.76859	4.17859	1.35187	4.75347	1.67135	2.28753	3.42399	4.05719	2.72082	0.592832	0.828675	0.892019	4.6508	1.37079	4.13897	3.0172	2.32378	2.4963	2.46429	1.37129	3.52476	2.90649	2.93125	0.826438	3.36223	1.20724	0.546298	0.369275	0.841921	0.529042	0.64178	0.824699	0.948373	1.7148	3.30796	1.26186	2.05744	1.60099	2.51157	1.42288	1.37481	3.36601	1.58637	2.71903	1.61386	1.57074	1.77679	0.936256	1.79135	2.73985	3.45567	3.5962	0.81218	3.43946	4.22401	3.20097	3.44468	1.91314	3.09946	2.96143	1.00623	4.50537	0.409385	2.74148	4.04783	3.6381	5.19067	4.54224	5.17872	4.76218	2.55329	8.38829	5.98124	1.5337	3.4352	4.08762	3.74156	2.70296	2.94752	2.79242	3.14194	2.54144	2.19818
1.01307	0.583604	1.49171	2.33435	4.07695	3.14563	1.08982	2.6755	4.30453	2.86546	2.04513	1.69108	0.938828	0.890093	1.03226	1.06641	0.755193	0.598303	0.508421	0.433244	0.382559	0.273613	0.59244	0.80287	1.12409	2.18098	2.64593	1.97535	1.06767	1.60716	0.729595	2.66527	2.83486	2.77404	2.8035	2.73055	1.7026	0.702028	0.464261	1.96163	3.39708	3.50681	2.24215	2.61371	4.77881	4.80726	4.80214	4.69213	3.33315	0.570875	1.17056	2.87046	3.63025	3.96499	2.39843	4.54908	8.81422	7.26996	4.59014	2.76304	1.03879	1.974	2.75605	3.48225	2.65344	0.815362	1.62105	1.57458	1.242	0.65989	1.95927	3.67066	0.288756	2.39236	2.42835	4.17206	1.4359	0.731538	1.04551	1.16278	1.00684	0.681397	1.29248	1.05581	0.809108	1.31441	0.665443	1.03362	0.582123	1.82233	0.212505	1.69957	1.04842	1.98873	0.85845	2.47806	1.01561	1.22177	1.69973	1.61086	2.88404	0.610739	0.730325	2.03957	2.04363	2.18234	2.50382	1.11358	4.05201	1.47564	1.38881	2.35047	1.59418	1.68295	2.04194	1.0141	2.20526	1.28524	2.43611	1.59077	1.72495	3.15651	1.57832	2.3937	2.75736	3.68822	3.12917	1.323	0.550396	1.19199	1.42181	0.827815	2.84873	3.70514	2.06491	1.15537	0.657943	1.01063	0.497328	2.45145	3.73353	1.3194	2.85749	2.50323	0.946537	0.671076	0.513235	0.714534	0.492166	1.35994	1.49003	1.91772	1.80558	0.838049	0.549642	0.540004	1.2219	1.15944	0.895484	2.18642	0.59509	0.842227	0.486758	1.15403	0.83464	0.529891	0.825	0.761775	1.93712	1.65207	0.434164	0.461332	2.38029	2.5368	2.04943	1.39466	4.33384	2.39506	0.447129	1.14486	1.38341	0.534848	2.12368	2.45443	2.6598	3.40035	1.05438	4.21049	3.97001	1.57536	1.43047	1.74521	0.967679	2.90593	2.73059	2.9988	0.306825	2.94874	1.16512	0.899046	0.431711	1.00421	0.671303	0.215966	1.67792	2.27448	2.55982	1.92356	2.11888	2.17036	1.07699	2.21495	2.245	0.78902	2.52992	1.88744	2.05035	2.01072	0.805354	1.87812	1.89931	2.11982	1.4547	2.9803	3.27233	1.48854	0.894705	2.09343	1.55803	3.04931	4.69267	3.98258	3.61089	3.33613	5.20565	3.26111	4.57853	5.87706	3.11543	4.36086	3.545	2.96227	3.70417	6.75594	6.30173	4.26653	5.70985	4.23917	3.41117	4.26721	3.43585	0.850588	2.06973	6.20891	5.56373	5.17244
1.32021	0.508183	0.792816	2.32719	5.39155	4.77077	4.35859	3.76243	4.3667	3.20852	1.07864	0.533774	0.424447	0.414464	0.502816	0.48746	0.0724448	0.2335	0.18835	0.283122	0.595874	0.76723	0.446453	0.657288	0.861548	0.945544	1.61112	2.04309	2.18144	1.73096	1.35778	2.49719	0.502829	0.731752	0.461203	0.247476	1.3615	0.654975	1.16315	2.92701	3.89628	3.16437	3.38018	1.17258	3.50404	5.30832	5.80129	5.2048	4.51354	2.57126	1.23416	3.10708	4.21171	2.80374	2.98861	1.39505	5.60871	9.64305	7.29918	3.15421	1.46152	1.79961	2.50712	0.738382	2.35013	2.2721	1.23417	1.21707	1.30325	2.4757	3.35561	3.49807	1.53476	3.01395	1.39948	3.9581	2.33965	1.39965	1.06051	1.43982	1.36842	1.21058	1.56329	1.37278	1.11946	1.08081	0.332975	0.898681	1.30906	1.89816	0.995028	2.13136	0.287854	2.14175	0.900904	2.05127	1.95792	0.999532	1.13495	1.0255	3.04417	0.640048	1.09856	1.23257	0.781822	1.35295	2.1356	1.1222	3.6939	3.24659	2.35862	2.33668	2.50743	1.40346	2.43614	1.43917	2.42877	1.17844	1.5758	0.931103	1.60752	1.14149	1.718	1.82447	1.31579	2.3454	4.80401	2.0045	2.51336	2.6177	2.22877	1.48607	3.87213	0.574347	1.68373	1.7254	1.46732	1.07217	0.453647	2.27144	3.86556	2.78037	1.59877	2.12328	1.9172	0.21711	0.893491	0.948185	1.20454	1.56991	1.12813	0.35526	0.0656085	0.528905	0.386388	0.496865	0.144011	1.45193	0.489932	2.26336	1.30762	1.06564	1.06927	1.25764	1.16922	0.367657	0.497761	1.03368	1.17198	2.32739	0.9432	2.39913	4.53535	2.38636	1.46232	2.5276	1.87654	2.39978	1.37084	1.64323	1.51196	0.73	1.04603	1.03342	1.64805	2.71088	2.57568	2.51715	5.27607	3.45172	3.15065	3.00097	1.48995	2.23444	2.52363	2.39575	1.68209	1.53173	0.78044	0.726445	0.894706	1.34879	1.64249	1.70901	2.45973	1.24402	1.64333	0.62742	3.02736	1.77171	2.30141	1.46613	2.45887	1.42821	1.32582	1.88688	1.69872	1.87756	0.185099	0.730755	3.09458	4.43923	4.29116	2.71171	1.83951	1.97886	3.00647	5.20864	3.93628	2.0984	1.61086	1.96031	3.85375	4.20933	3.66946	1.87704	1.48177	1.52811	3.15362	5.56077	4.24944	6.05998	7.07816	4.28741	3.26192	6.72818	7.18091	5.50573	4.81585	6.5296	6.92208	5.3939	1.67175	7.3691	6.46233	2.86358
1.11777	0.733544	0.748398	1.03954	3.60201	4.37077	4.33668	4.04625	3.37099	1.95492	1.03026	0.877972	0.420853	0.0895267	0.347611	0.422504	0.136356	0.248197	0.257594	0.189253	0.0616189	0.349328	0.838284	0.703187	0.0568954	0.192849	0.184378	0.432575	0.917802	1.00325	1.69747	3.09502	3.09742	2.49557	2.04381	1.65974	1.05034	0.519167	2.35752	3.71219	3.55471	1.74783	3.35908	2.83065	1.58411	3.40754	5.03969	4.47719	4.14857	3.65792	1.74635	3.76643	6.48136	7.19185	6.5032	5.88753	3.30759	6.69105	8.71654	3.93259	3.38388	3.96312	2.38397	0.431547	2.98697	2.1757	0.621579	1.3979	1.52776	1.34596	2.22839	2.40639	3.13106	4.16144	3.23919	4.62735	2.78793	2.15829	1.69414	0.914851	1.39541	1.55367	1.73796	1.56391	1.08996	0.250896	0.810205	0.542506	1.96215	1.4453	1.41936	2.04143	0.791164	1.87076	0.288349	1.99515	2.17551	0.422047	0.691489	0.335184	2.80073	1.44126	1.57201	1.02407	0.926291	1.12196	2.16888	1.29264	2.64034	2.73881	2.34824	1.62125	2.58638	2.12466	2.69081	1.42062	3.33068	1.4842	2.34797	1.67361	1.26869	0.806608	1.31112	0.843935	1.78712	2.97291	5.00059	0.332395	3.72617	2.68647	4.90177	2.21278	5.65286	5.4933	4.47206	2.76626	1.93673	0.3896	0.486964	1.65661	1.91745	2.64288	3.22715	2.61846	2.0342	0.910654	1.50598	1.01953	0.263594	0.809191	1.29107	0.892083	1.20662	1.13791	0.0781869	0.932272	0.832062	0.110164	1.92008	2.71454	3.81297	3.3576	3.2366	1.15865	0.531751	0.391443	1.00024	1.70274	1.70456	1.0799	2.57798	3.98552	4.16734	1.67692	3.1236	1.1466	1.09888	2.13501	1.76819	1.16047	1.26272	1.32572	2.37847	2.68335	2.35599	2.09659	3.48457	1.13794	4.21598	3.64455	2.39423	2.06746	0.428612	1.23458	2.41253	1.88525	2.01497	2.56226	2.2403	1.23385	1.13148	1.25999	1.66623	0.86239	2.9867	3.16359	1.29732	2.17495	2.98975	1.355	2.62824	0.966808	1.83367	2.02719	0.346422	1.48933	1.38086	1.42019	0.69382	1.72407	3.5827	2.74524	2.4085	1.88527	0.979585	2.76644	5.14379	5.96395	4.09583	3.88547	2.73954	0.810563	1.01647	0.907769	0.327347	2.57629	4.00326	4.96285	5.89428	5.40504	4.70157	5.10873	3.92863	3.0978	6.31881	2.53063	4.88516	3.94632	4.86399	5.34076	5.94362	7.9097	0.627947	6.62223	8.0009	2.96296
0.374634	1.17515	1.03629	0.920445	1.68633	1.83661	1.58406	1.75622	1.82132	1.2627	0.708443	0.955799	0.762343	0.367572	0.354624	0.770639	0.69131	0.823669	0.645196	0.611283	0.770416	0.889766	0.900908	0.359412	0.211737	0.0614071	0.102753	0.274291	0.484106	0.600381	0.402423	0.947145	1.74274	1.57141	1.10935	0.648309	0.254874	1.32349	3.65727	3.81569	1.59212	1.12074	0.957975	1.55993	2.92989	3.9589	4.30665	3.59342	3.08783	3.4377	2.16518	3.52408	3.25946	4.58024	4.45539	5.13665	6.09764	3.63101	6.25876	6.03591	6.28045	5.58337	4.13898	2.99796	3.31165	1.8751	0.842281	0.60337	2.29286	3.13328	3.59884	3.11688	2.33692	5.39539	2.59724	2.60729	0.918735	2.60451	2.00164	0.898287	0.460734	0.76987	1.43354	1.40789	1.362	0.547903	0.744505	0.475621	1.89257	1.02983	1.41189	1.79744	0.944705	1.89857	0.53481	2.06589	2.21148	0.434597	0.772966	0.834963	1.8269	2.49181	2.31301	1.73961	1.81973	1.77472	2.1298	1.74548	0.569217	2.1026	2.15945	2.44653	3.02819	3.54682	2.92471	1.5923	4.16506	2.18776	3.22724	2.04721	2.25449	2.86982	1.95415	1.57755	2.74174	4.02073	2.6862	2.14576	2.98211	2.21693	5.58728	2.14911	2.64594	4.1497	3.54808	3.36495	2.54962	1.32005	1.76605	1.69441	0.403181	0.779907	1.57476	2.00057	1.04052	0.624827	1.21694	2.18457	2.20519	1.23512	0.398404	1.54523	1.98818	1.21513	1.51601	1.24308	1.15969	2.32701	3.56746	3.29181	3.98454	4.39183	4.85489	2.35874	1.49697	0.91678	2.58175	3.17876	2.44309	1.13301	4.2511	4.74785	0.940334	2.12424	2.70377	1.62648	0.946993	2.31106	2.36231	1.81438	1.65984	1.82781	1.19097	1.18862	1.55872	1.83537	2.39494	2.63169	0.83815	4.09057	4.24679	2.08777	0.960545	1.21898	2.59053	2.21389	1.64647	1.74624	2.50639	2.51957	1.77258	0.876707	1.34004	1.09487	1.52288	3.29596	2.31095	2.35607	3.59677	1.85189	2.60333	2.11321	0.853825	1.91306	2.94532	3.27599	2.68874	1.6435	2.19728	2.84958	2.79841	0.648893	3.09145	3.08995	2.60773	3.30334	5.56826	3.32277	4.88849	5.22758	1.25655	2.45558	4.23425	4.23167	2.17601	3.73448	3.87865	3.87335	3.97947	5.21241	5.07246	0.691614	3.81569	3.25383	5.44475	0.969423	3.55601	3.34249	5.40187	4.16216	6.72548	8.05406	2.16324	5.45739	7.49457	7.63652
0.993178	0.768911	0.837331	0.768806	1.35469	1.49081	1.43324	1.07855	0.869236	0.808374	0.85995	1.05227	0.986096	0.543775	0.664338	0.959862	0.455747	0.509008	0.601259	0.685537	0.581182	0.432384	0.381237	0.0420795	0.192156	0.299714	0.545015	0.635493	0.7359	0.778473	0.559315	0.279429	0.677707	0.689262	0.503831	0.596009	0.630612	1.64185	4.16247	2.19441	2.15602	3.28489	2.73252	1.29603	2.94724	2.9814	2.83723	2.66123	2.27553	2.06749	1.70261	2.90288	1.93061	1.74722	2.1565	2.7362	3.95363	2.97122	1.18383	3.40037	3.78556	2.81402	3.02323	3.91127	3.97496	1.61845	1.10837	1.92593	0.720887	1.65976	2.88085	3.76066	1.09239	4.38132	5.22961	4.62364	2.56004	1.69825	2.19243	1.5126	1.17653	0.76483	0.302566	1.18616	1.91907	1.00618	0.678901	0.925876	1.60953	1.01888	1.56401	1.47904	0.913899	1.90721	0.234726	2.18427	1.52926	0.948722	1.45186	2.48757	2.5706	1.37843	0.834596	1.28467	1.71363	1.37811	0.420852	2.00557	1.72017	1.31094	2.35206	2.32992	1.98616	3.49019	2.15839	1.37637	4.32793	3.51335	3.70172	2.71976	3.07964	3.7885	3.4621	2.3873	3.95897	1.62547	1.7353	3.56158	2.44484	2.51799	5.35821	5.39805	4.67307	3.20269	1.55711	5.42062	2.97857	1.27649	1.57953	0.373412	0.493588	0.393786	1.55976	1.069	1.26765	0.330089	1.1877	0.404883	1.83917	2.48573	2.89126	2.32347	2.73449	1.74218	2.75653	2.19413	3.90849	4.11441	3.5158	1.13501	1.22226	0.948378	3.29655	4.14801	4.23701	4.24062	4.78687	4.43313	4.15143	3.75092	4.66296	4.24543	2.23484	4.42687	3.77446	2.33305	1.43878	2.09381	2.00739	1.13517	1.18855	1.59483	0.848376	2.21304	1.7025	1.61925	2.38371	3.99843	3.29385	3.42935	5.30647	1.67939	0.814117	1.304	2.30319	2.53652	2.5607	2.07357	1.55776	1.92687	2.02319	1.83778	1.23286	0.75137	0.565161	2.05942	2.79151	1.90167	4.32818	2.24346	3.16644	3.4308	2.82399	3.76122	4.84123	2.85194	3.22849	2.02073	2.75946	1.90126	1.1993	2.02757	4.684	3.21481	0.53048	3.24231	5.00899	1.14504	6.57545	3.99643	4.15105	2.7218	2.91676	3.78178	3.35981	2.43853	2.00855	0.994153	3.35919	3.87343	1.60381	4.73958	2.59693	2.67025	6.01706	3.27955	4.10409	4.81207	3.71424	1.99337	9.09376	7.59727	1.29467	4.2761	3.92051	0.65567
1.40239	0.401384	0.747668	0.496596	0.280759	0.896429	1.27941	1.29621	1.31188	1.26765	1.18305	0.874265	0.745057	0.498144	0.682965	0.586448	0.14986	0.149525	0.0883865	0.142026	0.0919999	0.168125	0.251088	0.201166	0.380697	0.487813	0.758172	0.849188	0.864941	0.683862	0.65383	0.43369	0.735111	0.644567	0.486166	0.547748	0.563147	1.81808	3.70247	2.47285	3.075	1.78705	2.74126	3.38092	2.86388	1.58309	1.74489	2.06261	2.16063	1.70033	2.06673	2.16233	1.50371	0.445529	0.534634	1.11273	2.27826	3.09802	2.3556	1.75021	1.41542	3.65553	4.67051	4.61273	3.64471	2.0845	1.71136	2.7433	3.319	1.9588	1.67041	2.21198	2.36308	1.49064	3.85281	3.71357	3.14388	0.553998	2.2689	2.01533	1.15557	1.10656	0.777135	0.339769	1.81867	1.6539	0.794617	1.0604	1.51827	1.31244	2.00305	1.41086	0.795326	1.81068	0.288001	2.20387	0.859972	1.87065	2.59912	3.82796	4.89048	5.17399	3.95827	2.71336	2.4846	3.35597	4.23261	3.93029	3.56466	1.27127	0.2777	0.952889	1.53604	0.489755	1.66976	2.24714	3.79169	3.86772	2.13613	0.676813	1.02319	2.72262	2.74702	2.76598	1.24274	2.64941	2.62861	2.78176	1.44699	1.39836	3.38588	2.28036	1.80912	3.30636	2.45819	5.56326	1.64016	0.550611	0.83376	1.8342	1.11129	0.988424	2.51539	1.55908	1.90298	1.21468	1.45566	2.35561	1.07264	1.78633	2.91535	3.61138	4.36789	3.74315	4.198	3.64759	3.03395	0.293646	2.06207	5.11338	6.73301	6.05744	3.18017	0.603693	2.34906	3.86762	3.02252	1.0662	1.74821	3.23727	4.37335	0.857751	5.35362	5.08501	4.02827	3.55386	2.39825	1.45612	1.93845	1.50129	1.07264	1.82037	1.44822	2.50991	2.76353	3.29699	3.23722	3.28751	4.97129	0.261927	5.02817	3.97196	2.62993	1.20289	2.06994	1.12089	0.788447	0.375414	0.219707	0.851641	1.52865	2.06477	1.82006	0.80854	1.21006	1.26181	1.7114	2.11239	3.98069	1.6564	0.527303	2.42031	2.8339	2.44625	2.20657	1.79776	1.56732	0.307301	2.21938	3.93514	4.51238	3.96358	6.02178	2.63048	4.59439	2.5057	6.02443	3.58419	4.34215	7.74732	7.00394	4.80854	4.51766	3.68993	4.43732	0.768374	2.3262	2.76752	4.68895	3.93066	6.09672	4.44807	3.37	4.60006	4.47925	2.10202	2.84437	1.91478	2.75238	8.1455	10.1821	4.34841	2.95159	7.81643	9.33803	8.94023
1.51732	0.271135	1.12961	0.936903	0.919743	0.593125	0.454146	0.967422	1.26951	1.07694	0.748899	0.276225	0.468881	0.507815	0.316641	0.145268	0.168331	0.152541	0.0842349	0.091167	0.115594	0.206342	0.0943469	0.426289	0.443653	0.491357	0.960389	0.958687	0.762768	0.506923	0.75947	0.272675	0.755719	0.750096	0.961517	1.24978	1.02074	1.19217	2.36027	2.1732	1.59537	2.71311	4.59212	2.65117	0.811605	1.39263	1.88562	1.56979	1.98698	2.64855	2.73087	2.23529	1.5198	0.787793	0.501337	0.704814	1.32135	2.28831	2.356	3.64922	3.95761	3.48179	4.6307	3.91611	2.62176	1.87784	1.50698	0.905013	2.2882	3.09498	3.00155	2.511	2.0192	1.47279	4.29647	3.67111	2.93905	1.14943	1.33428	2.18528	1.68028	1.59013	1.68206	1.31482	0.777929	1.26099	0.696229	0.911626	1.03545	0.88058	1.56539	1.40278	0.867983	1.64143	1.41729	2.1342	0.831047	2.23114	2.39921	2.67537	2.53874	4.04397	4.61474	5.00669	5.53219	4.83822	2.5272	2.34619	3.49139	3.50536	2.24822	3.72424	3.90134	3.61024	1.68632	1.58351	0.378292	1.17658	2.91209	3.43138	3.02314	1.98985	1.84609	1.67064	1.84452	1.5177	1.42619	2.02133	0.434722	2.51951	4.01623	3.24576	3.35308	2.91425	2.79397	3.71575	1.45666	2.58942	2.41639	2.6561	1.65715	2.37672	2.15876	2.83688	1.67899	2.59253	1.93656	3.20509	4.20417	3.47237	1.84905	2.50486	2.46148	0.495809	1.15281	1.24184	3.30347	4.92116	6.2211	5.98372	3.1253	3.41764	2.95127	2.34902	2.00816	1.05933	4.01748	6.25688	5.75219	3.34932	0.553732	4.58674	4.68499	2.42011	2.13942	1.67842	2.14105	0.783029	1.66446	1.7616	1.3949	1.56954	1.09975	1.82814	1.62405	1.7278	1.86041	2.04973	4.85603	2.20253	2.80172	4.78952	4.00281	0.704012	2.61467	2.18257	2.14814	1.52344	0.8067	0.581585	1.00724	1.28405	2.17058	2.26067	1.26235	1.47559	0.487751	3.63144	3.34516	0.310582	1.28472	0.800215	0.532793	1.11564	2.6911	3.57779	3.15672	2.67687	3.49589	5.20845	6.60702	7.39152	6.42926	3.81608	5.29208	2.38226	3.14186	5.08952	2.94273	3.75362	5.90553	6.494	4.374	4.31495	5.14725	2.02648	4.19091	2.07117	3.43861	4.4698	5.15298	4.44379	4.40294	2.06244	1.76319	3.20447	1.09822	4.05285	5.33919	7.4199	6.32805	2.58258	9.06293	9.18559	5.53464	2.29954
1.77644	0.215837	1.01979	1.13835	0.467874	0.82688	0.768671	0.698199	0.492942	0.207137	0.526937	0.384655	0.288645	0.507556	0.518807	0.241962	0.337281	0.374687	0.377161	0.303712	0.282751	0.111742	0.440083	0.531276	0.335436	0.680424	1.26201	1.06594	1.02718	0.984685	0.864003	0.316826	0.779952	1.07332	1.48904	2.14768	2.27043	1.45106	0.479525	0.740938	0.593088	2.87257	4.61286	3.14858	2.01615	1.85893	2.27036	1.29775	0.054693	0.908201	1.32214	1.31028	1.29525	1.66815	1.79726	1.16885	1.1636	1.11028	3.33533	4.53317	4.53592	3.30263	2.44345	3.92017	3.58195	2.34595	1.85569	1.46565	0.893141	1.81025	2.32767	2.14032	1.24128	2.8051	3.84189	2.28005	2.50647	1.57271	0.257657	1.22333	1.70003	1.8255	1.76456	1.5738	1.20714	0.818245	0.114859	0.641849	0.53541	0.0583808	0.36819	0.896907	0.957007	1.29731	1.56055	2.12158	1.20318	2.78103	3.72839	2.62627	0.403365	1.65059	1.17052	0.802912	1.50318	1.0285	2.13646	1.74071	0.907583	2.48855	0.389344	5.26091	4.47111	5.76847	5.51835	5.42914	2.8198	3.07902	4.08583	2.87813	4.52756	1.54563	2.303	2.18129	3.32453	2.34513	1.17311	1.98852	1.21644	2.86119	3.27526	2.71314	1.98817	1.19018	2.7508	3.25856	3.98301	4.01659	4.6436	3.80128	2.63437	3.1876	1.09959	3.65583	1.11829	4.21864	2.93183	1.10101	2.7602	3.37161	3.33893	3.80608	1.5336	4.77	5.03828	5.23138	4.10207	2.4787	3.56543	1.78542	2.40985	3.65208	4.11795	3.04688	1.15333	4.93954	5.76902	4.42411	3.97789	6.08333	2.55413	5.38266	1.80208	1.00457	1.0251	0.754165	1.6763	1.00512	1.58838	1.25751	1.26751	1.96519	1.00834	0.710705	0.653637	0.0992812	0.263941	2.87114	3.4459	2.65851	1.54024	4.29976	4.61065	2.55251	4.13391	3.03855	2.17706	1.83248	0.93808	0.500538	1.3943	0.871164	2.07495	2.66027	1.47079	0.955983	1.65126	5.01045	3.16634	2.96081	1.99123	0.55382	0.526452	0.648397	0.762641	0.476961	0.74666	0.744409	1.83427	2.76591	0.964026	0.810085	2.34643	4.73344	4.30321	3.09322	3.58533	5.18562	5.62628	5.45528	4.2662	5.29525	4.32103	6.64946	4.51768	6.28961	4.8402	5.51747	0.795323	0.785161	1.47773	1.59546	2.35543	5.51274	5.05932	5.63994	1.97959	4.45321	3.70668	5.72974	5.73425	3.97809	9.48722	3.30752	1.94233	3.63979
1.91098	0.425445	0.682475	1.13139	1.20235	1.0422	0.960015	0.488021	0.0899874	0.247495	0.392268	0.322325	0.028231	0.388217	0.587106	0.242807	0.383936	0.361125	0.25689	0.416119	0.184492	0.636417	0.833827	0.439506	0.328	0.663354	1.10288	1.02345	0.689212	1.21014	0.965857	0.442498	0.739955	1.43836	2.07517	3.08852	2.42821	2.4408	0.618583	0.579745	0.966273	1.97478	2.91528	2.7104	2.55021	2.64786	2.87756	1.95065	1.27833	1.80211	1.86686	1.53217	1.12421	0.829361	1.5552	1.60312	1.40778	1.75859	3.22123	2.60822	3.04942	3.72797	3.32877	2.18075	2.79658	1.99509	1.77043	1.88548	0.607472	1.35891	1.3958	0.697071	0.506372	2.69844	3.54833	3.45643	3.28529	1.94919	1.05221	0.752919	0.427533	0.931991	1.22334	0.891835	0.292935	0.716991	0.969979	0.891793	0.720174	0.711196	0.975468	0.918509	0.336396	0.708946	0.863163	0.825088	0.0291125	2.87726	4.79613	2.34049	0.567562	1.20196	0.852767	0.717863	2.10481	1.59256	2.20257	2.42481	2.37853	3.21737	1.75328	7.02549	3.86208	5.07698	6.02219	6.64515	3.96193	3.69339	4.00249	4.13705	5.49162	2.27618	1.72795	1.32891	1.86497	1.76986	2.43119	2.29208	1.02544	2.92114	2.81493	2.40875	2.69712	2.37259	0.681331	0.705436	0.639495	1.55807	0.750705	1.79934	3.1908	4.09371	3.16989	4.68552	2.30098	5.67317	3.49362	2.04035	4.48055	5.11089	4.93007	2.94361	4.11161	5.35167	3.99583	3.8798	2.45957	1.75435	2.44602	1.83406	2.48699	2.59155	4.60822	1.47905	5.44571	4.7127	2.35844	0.796335	2.31729	4.88958	1.1411	3.76056	1.73575	1.09183	0.772269	0.743456	1.82613	1.61578	0.893692	0.611306	0.88461	1.84839	1.9117	0.988087	0.577233	0.0961972	1.13696	3.00575	1.21741	3.77087	4.36424	0.515449	4.8738	4.72995	3.34496	0.539272	1.58865	1.56262	1.39115	0.902322	1.05768	0.834866	1.38033	2.77083	2.30406	2.81728	3.21033	4.92428	2.98219	2.27588	2.64452	2.31425	2.00336	2.22403	2.35411	2.80113	3.19817	3.18992	4.05862	5.44791	6.244	7.68389	8.02247	0.774598	5.61213	2.21039	4.9679	8.04834	7.4224	3.12192	0.16146	2.18147	5.68751	7.97481	8.68141	7.66487	3.73186	6.33798	1.81506	5.55883	8.43475	9.68987	8.49415	6.95831	2.43845	4.51011	2.44723	1.80069	4.95315	5.84	6.7044	0.83546	9.77583	9.39706	7.47991	5.4099
1.02799	0.91707	0.955933	0.352925	0.10861	0.445304	0.43178	0.287627	0.355504	0.25533	0.197365	0.558617	0.721668	0.692935	0.679103	0.260166	0.319989	0.241652	0.375686	0.481591	0.375249	0.874776	0.392919	0.384763	0.611981	0.67707	0.717305	1.12485	0.384928	1.12171	1.08676	0.397241	0.791357	1.50874	2.38989	3.64929	1.05051	3.10457	1.08863	1.0517	1.07303	1.58023	1.41457	1.38581	2.38009	3.0676	3.54783	2.52631	1.85219	3.2063	3.65369	2.71748	2.23954	2.19695	0.479787	1.96821	1.28693	1.59618	2.22157	2.06314	1.77231	2.35349	3.10252	4.15299	4.09006	2.79182	1.82653	0.758675	1.92824	2.1344	2.6474	1.37647	1.83993	2.06324	0.942996	2.66735	3.80784	2.07861	0.529673	0.7391	0.716765	0.807485	1.30823	0.952041	0.545581	0.66718	0.595351	0.821068	0.734519	0.880717	1.55279	2.06991	2.14828	0.89263	0.262498	1.32211	2.57498	2.52299	4.42314	2.75092	1.04455	1.13673	1.34916	2.145	1.17737	1.94254	0.483137	3.61394	2.82656	1.9054	0.895904	6.45649	6.7372	2.16331	3.22882	6.37256	4.04628	3.08754	3.32294	2.93792	5.26902	5.10326	4.38991	3.60276	2.9425	2.23793	2.79288	1.86735	1.40303	3.12804	2.86352	2.18618	1.07227	0.940738	2.47675	3.64219	4.84828	4.80744	4.82076	3.26839	0.211719	3.24256	4.04875	4.20224	2.34461	5.81751	5.45392	4.85681	6.27029	5.03805	2.92576	1.12196	6.15966	4.42451	2.33718	2.33053	2.2196	3.12676	0.813464	1.40124	1.21101	2.08092	5.35546	0.304316	5.93646	2.22275	1.01381	0.905929	1.60771	3.80867	3.30468	1.82342	3.50018	1.46309	1.56026	2.45024	2.99238	2.85055	1.77051	0.90387	0.25653	0.941718	1.36147	1.07546	0.372255	0.950695	1.98965	2.36118	2.62409	3.16907	4.30219	4.12549	0.688632	1.69983	1.5298	3.15802	3.21782	1.89304	0.745725	1.52109	1.02912	1.31036	2.47093	4.54376	5.04811	4.99474	4.18806	2.64838	2.00527	0.981478	1.46032	1.28194	0.679118	1.3208	2.09452	2.86314	3.12933	3.22622	3.44654	4.17389	3.87011	2.58881	8.75339	5.66148	6.77898	4.65532	5.51571	6.1402	0.466711	6.63468	7.11994	5.27449	1.32238	3.40328	5.1006	5.70928	7.39456	6.59195	5.93877	9.54554	9.67942	8.94183	8.41906	6.75014	5.49976	5.46646	6.54448	5.56099	1.05753	6.43183	8.72301	5.06787	2.63849	6.77886	7.11448	5.97371
1.04944	1.86836	1.7667	1.31552	1.23073	1.08459	0.543261	0.21775	0.153824	0.141726	0.542121	1.20871	0.630952	0.91739	0.639691	0.206134	0.153158	0.163994	0.191583	0.443812	0.831447	0.566472	0.162772	0.538385	0.954645	0.821018	0.508231	0.510665	0.518581	0.820884	1.12952	0.273122	1.02015	1.47474	1.97571	3.36384	1.18807	2.09049	2.41023	2.62991	1.92692	1.24353	0.490528	1.20182	2.47296	3.22074	3.99796	3.30256	3.41788	3.22623	3.42416	2.76536	1.54719	1.80728	1.60384	1.68117	1.72182	1.50727	2.6698	2.76027	0.324172	2.73463	3.05379	2.25626	0.73705	2.5885	3.43055	3.08693	2.22264	1.80101	2.30418	0.993846	2.78547	3.16185	2.96197	1.23493	3.29576	3.12999	0.430969	0.295854	0.426944	0.717989	0.833961	0.947634	1.0177	0.720441	0.462244	0.376685	1.23492	1.41404	1.30061	1.1837	2.33397	2.4193	1.3186	2.63491	4.04827	4.5763	4.0652	2.69217	1.09363	1.42895	1.70086	2.43764	2.33529	1.93037	1.81552	3.17643	3.57957	1.20708	3.53116	5.07215	5.08761	4.48983	2.60761	6.15295	4.21281	2.05569	4.48433	0.780123	3.04194	4.35149	4.1518	3.61596	2.59372	2.14199	2.73346	1.26767	1.88453	2.5784	2.78092	3.32227	2.70808	4.08732	3.85348	2.76558	3.03224	2.32647	3.14725	4.04926	4.44824	2.47829	2.5754	3.6213	2.53995	1.83314	4.77626	4.60205	1.53818	3.44163	4.88503	5.4367	6.26222	3.46723	1.88752	1.19715	1.58733	2.77798	1.66533	1.58069	1.24909	2.64573	6.04828	1.10833	5.82787	3.28669	1.10937	1.33714	1.50775	2.64165	4.2889	2.50243	4.06938	1.04479	1.77499	2.32396	1.9399	2.69279	2.44321	2.0947	1.39454	0.89916	0.965995	1.43198	1.3815	1.17628	2.33941	1.89851	2.8317	1.89863	2.6552	5.41038	2.39992	4.47876	4.33487	3.30527	2.18972	1.87162	0.990355	1.17319	1.60527	2.00967	3.28929	3.63614	4.9242	5.0001	4.39709	2.32889	1.24793	2.79545	1.77559	1.16779	0.958797	1.13031	2.04099	2.21514	1.34695	0.468886	2.51253	4.6453	4.69679	4.05743	8.77099	8.87335	5.39163	8.78068	6.66912	3.8932	6.87076	9.71541	8.75405	10.5568	9.17297	5.53217	2.27036	0.702689	8.38164	4.07684	9.66595	7.53172	3.31854	2.38616	3.80666	4.69627	6.30398	7.22855	7.03312	8.23449	5.92871	1.90199	7.2245	6.62509	4.944	1.04568	3.07939	5.09558
0.897183	1.21994	1.19377	1.27299	1.21119	1.44482	1.12263	0.536304	0.175624	0.265107	0.952851	1.2385	0.736244	1.41233	0.344072	0.173384	0.269251	0.284617	0.552992	0.821197	0.854751	0.7665	0.785589	0.842863	0.775622	0.466686	0.260421	0.0924623	0.124501	0.63324	1.03287	0.415333	1.12818	1.54341	1.64759	2.1743	1.49116	0.937117	2.40397	2.8917	2.80753	1.65338	0.794663	0.366045	2.11934	3.26093	4.35601	4.73854	5.11156	2.50245	3.86654	4.31493	2.38348	1.98243	2.22946	1.57133	2.38516	2.67585	3.32579	0.922538	4.41343	5.47546	5.48235	4.94039	3.06417	4.49202	5.23222	3.68757	2.07601	3.06576	1.58611	1.4457	3.22395	3.01149	2.56212	2.72805	0.934408	3.59402	2.25819	0.244729	0.463287	0.57002	0.529733	0.661279	1.24601	1.38057	1.51265	1.39002	1.53467	1.25939	0.911494	1.32978	1.63506	2.50946	1.50462	2.39529	3.60284	2.15376	3.07561	1.78898	2.04633	1.75959	1.61104	2.06609	1.4989	0.480858	1.82556	3.11746	2.36652	3.10864	7.56135	8.39966	6.62514	2.83575	2.32509	4.84367	3.96436	0.470929	3.37212	3.10682	1.48903	2.52134	3.66463	3.64375	3.00015	2.51867	3.1071	2.37642	2.98768	3.29536	3.55149	4.70608	5.18838	4.61552	3.4625	1.71662	2.3115	1.61657	1.70568	2.30481	4.41922	4.05841	4.92387	5.60009	5.89665	4.40885	1.65024	0.523484	3.30383	5.04398	5.78576	5.34577	4.23753	1.78404	1.1469	0.781413	1.61457	2.40335	2.34965	1.48199	1.33336	2.54701	6.62935	2.40856	5.83651	4.51494	1.5275	1.26492	0.348653	1.675	3.84853	1.8324	2.90304	0.342963	1.73192	2.12682	1.04852	1.23647	2.07695	1.83385	1.42397	1.4082	1.53179	1.88913	1.64584	0.635109	2.18063	0.990792	2.56804	1.02068	1.78076	5.08849	1.53335	4.44822	2.48038	0.525858	1.03409	1.48279	1.89217	2.0148	2.93905	3.16654	4.07715	2.53248	1.94205	1.68998	2.34479	3.5426	2.47366	0.390253	1.08426	0.398621	2.06365	2.51824	1.24058	1.45084	2.5913	2.97856	4.77175	4.76039	4.45969	4.95261	8.09168	7.82032	0.994532	1.50428	0.791614	3.84678	8.53689	7.04255	3.36583	5.38124	5.00005	5.9901	2.75681	5.57064	7.61495	3.24256	8.79547	1.88509	4.28561	6.10427	5.22779	1.49349	0.751412	1.88196	3.32324	7.31051	8.38292	1.81082	4.2293	5.56815	6.55154	2.93644	1.22919	1.89027
1.10118	1.40572	0.678528	0.658229	0.497923	0.868196	0.953947	0.731133	0.478036	0.372058	0.890393	0.755011	1.17413	1.32952	0.0697817	0.29379	0.166862	0.492436	0.692335	0.520214	0.634165	0.830417	0.837402	0.595621	0.481506	0.265718	0.274287	0.314955	0.291659	0.681044	0.937024	0.52911	1.15843	1.37914	1.68414	2.73047	2.07017	0.711155	1.7283	1.16917	2.07304	2.68675	2.77099	1.97056	1.13252	1.96225	3.87316	5.52572	5.95262	3.20649	2.58397	4.63794	3.35899	3.07402	2.58161	0.916278	1.74218	2.77732	1.32379	2.13877	5.1517	3.28921	4.16867	4.88033	1.94446	3.54064	2.47683	3.85177	3.71096	2.80458	0.954421	1.71073	2.63267	2.36705	0.77175	2.54992	1.53587	1.73665	3.00764	1.96442	2.32783	2.51181	1.69096	0.323799	0.836199	0.764142	1.02132	0.996642	0.97498	0.913867	1.1277	1.52245	0.804489	1.98697	1.62497	1.22793	3.20467	3.4465	2.55933	1.09661	3.01547	1.51621	1.56255	0.997471	1.48234	1.79261	1.12931	2.17362	0.282942	5.64478	7.27011	4.07658	1.53975	1.85329	4.01994	4.15519	2.61685	1.2006	3.04729	2.86072	2.23255	0.536687	1.18538	1.69729	2.37833	1.70007	1.94411	0.99627	2.10439	2.20376	1.72049	1.99442	2.532	2.12754	3.15452	2.72479	2.50998	1.94228	2.07723	1.89547	2.86481	2.29851	2.21308	1.6716	3.25268	3.729	3.33638	1.15411	4.08555	4.19277	1.46549	1.17898	1.20998	0.904469	1.59891	0.705233	0.783517	1.27949	0.875731	1.43266	1.85925	2.12785	7.00445	2.82447	5.74333	5.01617	0.958286	1.80439	0.80469	1.51739	3.23453	0.814016	2.68129	1.3178	1.59236	2.05971	2.08023	1.30733	1.73294	2.2789	1.31892	1.80841	1.64599	1.86958	0.872795	0.948588	1.76517	0.573565	1.80946	0.995645	3.79457	4.46467	0.524197	2.98074	2.73592	1.78919	1.60813	1.28726	2.25653	3.34362	3.80632	3.25771	2.58071	1.54959	0.918303	1.39577	1.89925	1.60564	3.01383	2.28155	1.26094	1.88343	0.811562	1.54824	2.43647	4.22643	3.39434	2.33817	3.44781	2.8008	2.74403	5.36812	7.24452	2.36973	7.21609	7.42017	6.1766	8.95639	7.41121	5.12018	1.78704	4.58878	6.88837	5.86828	2.93369	6.84861	1.51883	7.71266	5.72223	3.69457	8.86053	8.11315	9.36463	5.55963	6.31334	6.64864	2.89821	5.33002	8.85007	5.43701	6.23806	6.74471	6.78062	1.74395	2.76344	3.09996
1.64541	1.31364	0.496394	0.689243	0.640303	0.641046	0.685653	0.576457	0.504521	0.503879	0.457417	0.658852	1.32669	0.783899	0.0791827	0.255349	0.347797	0.910106	0.774255	0.552314	0.396686	0.47527	0.210658	0.180631	0.331728	0.234965	0.295238	0.173199	0.192278	0.653893	0.855415	0.327767	0.92969	1.22789	2.09646	3.35625	1.71002	0.495059	0.991046	1.78319	1.01046	1.67453	3.23288	4.13232	4.0636	3.1349	2.39857	4.83846	6.0309	5.60377	2.85947	6.14301	3.55459	3.18281	3.03997	0.259014	1.19819	1.51015	1.61974	3.17449	3.39565	2.28182	3.02954	3.58328	2.12251	2.40087	1.64858	4.54574	3.2841	2.82803	5.02702	4.39156	2.13897	2.12032	1.44682	1.82666	3.02301	2.20822	4.3241	6.01127	6.0867	5.99257	4.64838	2.4945	0.613457	0.910785	0.0611361	0.323118	1.04969	1.38982	1.61913	1.31431	0.879103	1.71982	1.84631	2.25587	2.5743	3.47557	3.09447	1.30779	3.2407	1.66735	1.09951	0.827867	0.83672	2.02568	1.67813	1.83991	1.32122	5.9877	5.43431	2.77914	4.48795	4.54879	3.98125	2.53082	1.13054	2.93002	4.12248	2.7584	0.964793	1.38723	2.06208	1.52109	0.803223	0.761926	1.60566	1.24108	1.07412	0.775297	2.45564	2.99327	2.59131	2.12493	2.75077	1.75594	1.98268	2.07886	1.85572	1.38327	1.51137	0.489879	1.48235	2.33264	2.21335	4.1282	2.53101	3.0019	4.98831	2.56063	2.14173	2.22552	1.4862	1.31601	1.57645	2.36707	0.706587	2.28977	1.45036	1.39676	0.754762	1.90228	6.68199	3.95367	5.08417	5.87822	1.19633	1.07956	2.17348	2.30692	2.90339	1.81709	1.16892	1.05312	1.09889	1.41926	2.21113	2.69767	0.73177	2.23707	2.23074	2.68284	2.37221	1.49779	0.781643	1.34703	0.871046	0.78438	1.25964	1.72082	4.00569	1.03807	4.57627	3.77042	1.58254	2.71755	2.67076	1.31064	1.21887	2.62506	2.29522	0.624545	1.37267	2.18276	1.63481	2.05628	2.81428	2.56324	1.77065	1.23771	2.87162	1.84181	2.34083	4.74313	5.70609	4.25096	2.56349	2.25689	1.95223	2.87332	5.12183	5.45094	3.32497	4.53066	6.93146	4.52854	2.72747	7.1437	4.28522	2.53231	3.11196	3.951	8.57676	7.65702	2.85646	4.87807	7.0316	6.5179	1.95678	8.42815	8.46778	3.27425	7.68695	4.38412	7.01076	7.26563	7.23211	1.29232	7.376	7.89797	8.57979	6.97556	3.84051	0.601903	2.77279	1.80059
1.59414	0.759347	0.551254	0.746297	0.633226	0.4947	0.648908	0.578586	0.331714	0.450055	0.283822	0.625276	0.728117	0.337895	0.18254	0.399651	0.789803	0.762478	0.013906	0.335098	0.473248	0.724668	0.854737	0.610395	0.594762	0.410582	0.0854267	0.17267	0.222972	0.365486	0.832786	0.701518	0.562742	0.72094	1.85303	3.06259	3.12028	2.38915	2.40446	1.04827	2.86804	3.16157	2.18074	3.80195	4.57747	4.14116	2.61163	3.25472	5.61978	7.61556	0.984347	7.32555	4.61478	2.86622	3.0087	1.05215	0.560974	0.479022	2.06079	2.00668	2.24212	1.34951	2.34684	1.81301	2.1009	0.895306	2.76898	4.03497	1.26552	3.34049	4.5785	5.78215	5.59939	3.24404	1.61697	1.13884	2.78098	3.41062	3.89168	6.36736	3.4138	4.30846	5.1873	4.10847	2.34542	2.73508	2.31366	1.68054	1.30527	1.10457	1.06816	1.43402	1.58305	1.93824	1.78752	3.13279	4.79692	5.21021	3.15897	2.31769	3.08037	2.09144	1.01031	0.183532	1.36387	1.32389	1.46858	2.8816	0.692162	4.98543	4.70296	3.87725	2.59921	0.928007	1.97363	2.59443	1.52373	3.4331	2.16641	0.509443	1.15074	1.48858	2.15375	2.54032	3.08361	2.2804	1.78149	1.21796	1.06931	1.4997	1.84033	2.11579	2.30295	1.79589	2.91425	0.495851	1.1101	0.53732	1.17153	1.78259	1.53696	1.33419	2.0805	2.76606	3.98435	4.21248	0.38508	5.10586	4.14006	4.04593	5.35783	6.11762	4.9232	4.86176	1.44184	2.70123	1.06157	2.85908	1.60942	3.07318	1.85154	2.02044	5.15011	5.17079	3.58406	6.56698	2.14022	0.731978	0.756357	2.41249	3.46271	3.20181	1.96926	2.23665	1.66398	0.814112	1.59484	2.91107	0.672634	1.43833	1.64888	1.40068	0.99081	0.786259	2.00172	1.59383	0.406605	1.1193	1.44764	2.66446	4.09705	3.20728	5.10678	3.60735	2.86082	3.53022	3.10278	1.86742	1.22494	2.24888	1.68339	1.2148	1.30744	1.37111	1.77047	1.74217	3.5483	3.76821	3.80253	2.13806	0.572789	3.45703	5.12883	5.618	5.95992	5.98052	4.7403	4.47647	6.36052	7.48009	7.15997	4.33871	3.20422	9.10102	5.77426	4.54068	3.32817	4.33585	4.64662	2.49803	1.50048	2.55386	6.0138	8.51794	2.12354	3.89648	3.57296	0.438769	5.81539	6.386	4.74525	0.976434	6.48358	2.45669	3.94185	5.28977	7.52154	3.06349	1.79395	1.77416	0.961732	3.84929	4.74068	2.77406	2.89239	3.47966
1.24182	0.529191	0.59094	0.781408	0.534918	0.283473	0.451967	0.702049	0.626406	0.309143	0.708491	0.751592	0.460994	0.276446	0.211971	0.554055	0.650765	0.63426	0.609331	0.356476	0.0954022	0.162187	0.293453	0.335077	0.40299	0.589467	0.423328	0.245235	0.0547983	0.36063	0.767255	1.09021	1.02693	0.600456	1.97353	2.87231	3.50388	2.13268	1.45334	2.88363	1.0747	4.79643	4.31817	2.06074	0.96525	1.80582	1.62887	1.99031	4.71194	6.89092	6.41045	6.93299	5.23338	2.83575	2.74833	0.823957	2.00698	3.47677	2.96654	0.88326	2.24402	1.39094	1.54663	1.62019	0.212769	2.68899	3.67526	3.64972	0.805401	3.76482	2.77352	1.21571	2.93338	4.00231	3.69478	4.0235	4.39023	4.42516	3.00822	5.44984	2.57245	2.71467	3.19737	2.60187	4.38582	6.1866	5.42619	3.65576	2.57245	1.61584	1.21762	1.79605	2.16755	2.43632	1.91776	2.97649	3.43956	2.43164	1.20833	2.60634	3.15771	2.35892	1.23631	0.808693	0.974831	2.55153	2.67357	3.63925	1.23362	3.35593	3.34833	2.1448	0.900531	0.9887	1.70324	2.94323	1.33475	3.04231	0.784464	1.08949	0.920249	1.26936	1.80337	1.26611	0.951764	1.46868	2.30999	1.74173	1.40893	2.10837	1.99135	0.37351	0.424446	0.639912	3.31288	1.52086	1.53622	1.25135	1.14541	1.57612	0.896224	2.10533	3.15721	2.7245	1.54613	1.62159	4.34119	5.73992	5.18885	4.93804	5.5473	5.14035	4.12822	6.94507	4.93959	1.92946	2.6454	3.69184	2.13055	3.03407	1.68449	2.6997	3.68477	5.35479	1.86912	6.45089	3.40338	3.17349	2.45865	0.713768	1.74084	2.16252	1.97405	2.80522	2.46282	2.37227	1.63977	2.40449	2.29705	1.96938	1.59885	0.120603	1.53558	2.3027	2.14632	0.738534	1.20399	0.910032	1.10316	3.37907	2.75575	4.37953	4.3148	2.64555	3.33948	3.30891	2.46185	1.99948	2.12133	1.68031	1.34758	0.605026	0.999361	0.636956	1.32944	0.930783	4.13969	3.55316	2.99775	4.16344	2.63771	4.80469	4.65795	3.448	1.38255	1.45577	3.67683	5.15725	6.85649	4.36409	0.860461	5.32049	9.38018	9.6133	5.10625	4.93357	5.49462	1.07012	4.55329	2.7469	0.475687	3.80364	4.45512	6.89307	8.2782	8.80555	6.79641	5.82591	7.74577	4.4917	4.24302	2.20952	6.09173	2.49996	2.7467	5.00044	8.92158	7.41286	6.45482	8.58652	9.10939	7.22371	4.54515	2.96036	3.08906	6.14873
0.67512	0.256378	0.59066	0.757388	0.55247	0.501698	0.695497	0.840991	0.714459	0.670238	0.898766	0.844276	0.257776	0.174338	0.293458	0.357382	0.486914	0.431382	0.292025	0.651548	0.807499	0.698733	0.50419	0.375551	0.339258	0.29175	0.314154	0.261609	0.417554	0.515373	0.470776	0.482067	0.54396	0.49443	1.52067	2.80678	4.13519	5.62494	5.19026	3.67183	2.48908	4.20164	5.58653	4.15213	2.41103	3.55258	2.54301	2.48186	3.28679	3.85483	6.00218	4.97479	3.77199	2.28069	1.88268	0.496134	2.43745	3.48256	3.32428	3.71222	2.1119	1.04442	0.652508	1.41826	0.810491	1.78595	3.62609	3.78923	2.87285	4.64465	1.9673	1.56397	1.02812	3.60944	9.60467	12.6974	10.4802	7.58557	6.70764	6.77516	3.2545	2.26017	2.60539	3.65982	6.05382	5.36701	5.8697	5.72881	5.26332	4.16569	2.20327	2.55439	2.57837	3.11889	2.81508	2.76662	2.06546	1.15628	1.34186	1.59063	2.63443	2.38072	1.84687	0.871929	2.33909	2.38048	1.59906	3.75158	2.34626	1.72029	2.67511	2.86657	3.21649	4.08161	4.57736	5.86095	4.1654	2.1335	0.157716	0.61573	0.660497	1.25781	2.57035	3.05958	2.87898	0.931758	2.14328	2.42216	2.16171	2.05575	3.06984	0.546547	1.57097	1.48942	2.49856	2.75031	0.975162	1.2854	2.20021	3.16566	2.52463	1.22282	3.9891	3.62789	2.60838	6.47298	6.43069	7.33471	7.72687	5.29273	2.61424	1.45932	0.401127	5.45388	6.79009	1.41912	2.66188	4.48726	2.64252	3.6469	1.90123	3.92931	4.30187	4.76322	1.68894	5.47784	2.67208	1.67114	2.31484	1.57312	1.26293	1.09138	1.78052	1.8157	1.5729	2.26631	2.70406	2.42136	3.07977	2.24677	2.89086	2.72777	2.20262	1.95076	1.08835	0.15739	1.02999	1.68473	3.00585	3.6573	1.24001	5.23082	4.14614	1.62304	2.82647	2.9002	1.63478	1.5699	2.71374	1.90603	1.67942	1.12205	0.996392	0.871838	1.06127	1.20059	2.6251	5.27913	0.368928	4.83491	0.947617	5.16657	3.53382	2.81575	3.52637	4.00536	2.74481	4.18408	3.11448	4.7907	7.14166	7.39922	6.33274	4.24515	2.35053	1.30473	5.27402	1.79861	4.2832	2.48035	1.18093	3.30839	3.00839	4.37567	3.84482	3.12333	4.9688	4.1365	6.20856	3.74864	4.35711	2.27475	4.85237	3.78885	4.02352	3.97765	7.5327	9.15141	8.4819	5.41382	1.86934	3.35774	3.56142	2.50924	2.11759	6.42936
0.423592	0.291309	0.630077	0.684339	0.506166	0.458997	0.311127	0.489792	1.10159	0.993688	0.738389	0.675516	0.0751866	0.191468	0.0614046	0.317465	0.615384	0.735841	0.817894	0.71551	0.383185	0.210248	0.288583	0.316896	0.286953	0.348173	0.486079	0.37457	0.26147	0.393153	0.288878	0.223498	0.290687	0.623008	0.173388	1.63499	2.61571	3.18413	3.75419	3.45966	2.41327	2.89271	5.29721	4.48896	3.2878	3.73248	2.11006	3.60278	1.46878	0.782289	1.11005	1.12286	2.43861	4.96756	4.25774	1.50004	1.88956	3.51008	1.86263	2.17	3.8993	3.18039	1.95713	1.63609	3.29301	6.61379	8.088	7.05122	3.91822	5.45271	4.30688	3.54261	3.32713	6.32872	11.7881	10.1942	9.78084	7.37746	6.11276	4.40101	3.50749	3.09215	3.63077	3.66413	2.8504	1.1415	1.20993	2.86543	3.75993	4.42028	1.9178	2.25235	1.49476	2.05025	2.42795	2.57133	1.519	0.631742	1.1225	1.45633	1.55558	2.0473	2.40018	1.35777	1.92993	0.286261	1.77981	2.84513	2.86499	1.7536	2.51096	3.73883	3.61113	4.12945	4.98401	6.75223	6.95233	3.59181	1.34571	1.56566	1.90263	1.60596	0.122534	1.71445	3.15004	2.36426	0.767587	1.49615	2.5931	1.9652	4.00112	1.45379	2.58958	1.06949	1.09117	3.55948	0.705059	1.46593	3.512	4.00824	3.55013	3.54633	4.84369	2.44862	4.30061	4.94351	1.73157	4.96677	5.0561	1.19763	2.11113	3.32603	5.21965	4.95428	4.57839	3.62723	2.59269	3.45265	2.73769	4.68911	4.45704	4.64323	3.45332	2.75375	1.4802	5.43542	3.40849	2.7671	2.8004	1.8633	1.67778	2.02855	2.01628	1.3356	1.15985	1.67807	1.86392	1.62498	2.07647	2.2258	1.78235	3.96967	4.5252	3.67853	2.19416	0.28823	0.438976	0.457262	1.202	2.25609	0.395973	5.42928	4.70949	1.68803	1.62927	1.31983	0.903341	0.430753	1.29701	1.1436	0.849652	1.07772	1.20296	2.94297	2.58345	2.84302	1.06685	5.47592	2.79033	4.48874	2.80344	4.17675	5.19862	4.68444	4.14395	5.11401	4.504	4.04109	1.8485	6.52953	5.78959	3.11648	3.63101	4.43534	3.89056	0.0799327	4.48065	2.40268	1.67828	2.75642	0.0754551	3.05016	2.69011	2.65736	3.2157	3.36	2.12594	2.61506	4.99336	4.78398	2.38961	1.00367	2.81103	4.47352	3.98186	1.34766	2.47691	2.2743	2.57431	5.16037	6.2069	3.10555	2.84262	5.34441	3.33499	3.97427
1.74965	0.674793	0.83501	0.750175	0.4006	0.310716	0.531674	0.791667	0.939385	0.71497	0.61744	0.575764	0.0790335	0.189775	0.31776	0.946204	1.17798	0.813939	0.523984	0.296304	0.156137	0.104025	0.417718	0.583373	0.548617	0.489054	0.438225	0.312916	0.299972	0.390766	0.251063	0.231363	0.342934	0.498213	0.866266	0.802712	0.763887	0.792162	0.789411	1.24529	1.34704	0.533129	4.30904	5.15101	3.24944	0.897688	5.40589	3.69764	1.04147	0.497153	2.59519	3.38926	3.25685	3.97872	6.06694	4.58103	1.7676	2.63298	2.57465	1.93778	0.662978	2.25	4.19657	0.179762	6.30899	4.03697	4.65776	6.79156	0.506018	3.90007	0.93995	1.46296	3.51716	6.03169	9.86309	2.7326	6.26827	3.22724	0.520175	1.62826	2.54523	1.10688	0.534336	0.484301	1.05564	2.30911	2.99311	2.79156	2.40804	3.58752	1.29027	1.76954	1.16592	0.365743	0.762159	1.17986	0.830263	1.63322	1.3256	1.1594	0.781901	0.734915	2.19657	2.29494	1.95491	1.15263	1.63602	2.37845	3.22767	2.66515	2.91845	3.07229	3.40537	4.13999	3.98329	1.04391	4.29392	5.54098	2.98899	1.46214	1.19093	2.04409	2.4318	0.916848	2.49481	2.90791	3.39598	1.61051	2.07415	2.99797	4.66378	3.64177	2.53966	1.32911	1.83314	3.6957	1.75606	2.42842	3.74442	2.0881	1.43233	1.81686	1.72129	1.89485	3.14708	4.07124	3.39297	5.2689	4.3296	2.77286	3.24981	3.45042	3.43268	3.55228	3.31009	3.27189	3.95363	2.08491	1.92255	1.09369	1.1187	1.47588	1.31652	1.92244	1.58277	5.37744	3.6381	1.51501	2.04706	1.09011	0.385613	0.195448	0.411323	0.486149	1.03623	1.38483	0.124196	0.893635	1.6106	3.04563	2.28176	1.32208	3.30794	3.4927	3.18336	2.26995	3.08435	3.7309	3.62421	3.73259	1.24557	3.84676	5.35832	3.39935	2.29848	1.61698	0.645872	0.108884	0.577544	1.64698	0.97507	1.71861	1.7494	4.13988	2.4831	5.07768	0.745048	6.32536	4.13785	3.79092	4.95724	1.56029	2.38953	1.62278	3.81382	4.81355	5.51175	5.12429	0.580821	4.81545	6.93735	5.79978	4.93771	6.09867	5.10323	2.48853	2.37893	4.13468	4.77795	3.47826	0.632674	2.67292	3.60039	2.58593	3.44449	3.63707	5.93005	5.1785	1.26955	4.93603	2.97166	3.56774	2.26537	2.429	1.09686	4.38464	4.01776	5.93569	7.59651	3.54363	3.61776	8.06849	8.0521	5.5132	5.81782	3.41008
2.53914	0.4608	0.725453	0.797628	0.562621	0.505036	0.458272	0.576945	0.921119	0.886793	0.832683	0.739208	0.421239	0.384837	0.365817	1.08832	0.563582	0.106425	0.288142	0.326657	0.419467	0.544774	0.536133	0.426529	0.475181	0.421725	0.337635	0.265173	0.257042	0.319377	0.239339	0.221323	0.204878	0.0509699	0.264234	0.396331	0.69406	1.15564	2.15955	3.38814	2.97054	2.17717	1.8443	3.13008	2.98415	3.78174	4.87264	2.33699	3.16652	2.84668	3.33531	2.51866	1.08675	0.144603	2.67593	4.67582	2.41208	1.25892	2.03123	2.51085	2.58909	3.63419	3.95915	2.46688	7.10779	3.45138	4.66557	6.93026	1.5178	1.80951	2.76831	3.68914	4.19924	5.33116	8.24469	5.801	5.06922	3.18258	2.49083	2.45631	1.8572	0.910736	0.423466	0.374702	0.76177	1.13896	1.59281	2.37536	1.94245	1.52324	1.26264	1.04901	1.54188	0.123519	0.435739	0.94844	0.60572	1.41513	1.88748	1.40179	0.606726	0.673891	0.486392	1.53762	1.64079	1.72933	1.47923	2.10221	2.90948	2.99533	2.86005	1.4944	1.33447	3.83857	5.77914	6.09007	2.59185	5.95301	3.17845	1.74051	0.98285	0.944126	2.44321	2.58208	1.59883	0.333879	2.27366	4.02206	1.85187	1.20798	4.17424	5.75519	3.57153	3.44193	4.22695	5.37156	4.37826	3.72309	1.60128	1.64317	3.4774	5.77833	8.11752	8.18639	5.28627	4.04122	5.38698	3.75686	1.98659	3.3607	1.96709	2.72627	2.07108	1.34	1.60048	2.10037	3.66057	1.45492	4.82797	5.95157	5.99912	5.01807	4.74089	4.83	3.46955	2.05114	5.21138	4.41084	3.45928	3.81436	4.64111	4.14247	2.78933	1.77778	1.39487	0.498358	1.98351	1.42787	1.34119	2.2357	2.30993	1.37355	2.73721	2.10056	2.10363	3.39861	4.23306	3.40146	3.20099	3.20348	4.89364	2.89943	3.26217	3.80961	2.365	1.57864	0.560544	0.592785	0.706029	1.36112	2.0026	2.40334	3.97888	6.22562	4.25411	7.17679	3.76576	5.54386	4.54209	2.72788	6.14355	2.32016	4.12779	3.93305	5.45965	5.34152	4.64475	4.39201	1.6645	1.08382	4.20058	3.70837	3.61518	4.13533	4.20927	5.70121	2.95805	0.807207	1.62531	2.48754	3.09263	3.29522	4.2529	4.19817	3.72718	2.59972	3.52541	5.03829	2.65352	3.83771	4.83106	4.61511	1.53183	2.69745	2.08521	4.49853	5.54289	4.83338	0.675533	6.23069	7.98276	4.27684	0.709224	4.55464	5.61737	3.55505
2.99865	1.18804	0.867017	0.603405	0.427492	0.5206	0.657843	0.687091	0.855427	1.03903	1.24289	0.936663	0.640162	0.941563	0.976983	1.10287	0.538061	0.464305	0.784496	0.835625	0.843951	0.787535	0.651364	0.508195	0.451176	0.468279	0.486203	0.384304	0.219876	0.139328	0.150112	0.154147	0.0418612	0.0149424	0.106474	0.229103	0.373548	0.972121	2.12484	2.56434	2.26268	3.34259	0.81933	1.57771	2.06498	4.54053	5.5472	3.91995	3.06226	4.79559	5.39728	2.29238	2.21416	0.554038	1.04902	2.38128	3.48171	1.72366	0.908039	1.74082	1.96401	1.96254	1.65797	3.35868	6.51145	2.82591	4.42332	6.36238	2.11561	2.25637	1.34636	1.07173	2.86721	5.18662	6.02524	4.02327	2.76345	2.76473	2.00782	1.49856	1.14804	0.587048	0.407566	0.390098	0.80932	1.17037	0.959094	1.17444	2.28303	2.21644	2.24496	0.340217	1.66496	0.663594	1.32475	1.66733	1.60159	1.141	2.04022	1.69079	0.934417	1.30349	1.31107	0.871455	0.307768	1.42004	0.295342	0.462233	1.03735	1.08018	0.408349	1.15616	1.76516	2.46944	3.69898	5.92836	2.94488	4.11753	2.58574	2.19283	1.79123	1.74025	0.511552	1.5276	2.23047	2.67622	1.61614	1.86431	4.13357	4.18035	2.38598	1.69224	2.49048	2.35067	2.3788	2.47441	0.978831	0.353623	2.76184	4.11505	4.88744	7.63345	8.72155	8.36326	6.68797	5.47309	5.36117	1.65574	2.11664	2.0652	2.259	1.94406	1.97589	2.26998	2.4983	1.2327	3.12813	0.399293	4.83063	3.00129	4.55243	3.92357	4.81917	6.64189	7.3282	5.64967	1.28775	3.14758	4.24318	2.99022	1.62995	1.96095	2.35298	3.17787	1.00358	2.2353	2.03373	2.03216	2.72167	2.52898	1.22774	1.28602	1.80053	1.24724	3.24481	3.1613	0.943239	2.97988	2.95626	2.93039	4.74328	5.46297	2.92425	4.11884	3.39554	2.99315	1.8593	1.61711	1.66141	1.75028	3.6765	3.10361	2.34106	2.94972	1.63726	3.65143	7.70685	6.08319	5.50205	2.39647	6.98888	2.55897	4.12375	4.19823	4.2871	5.05243	6.34978	6.02861	3.27997	1.12394	2.45851	6.28591	7.82998	5.88811	4.04838	3.97931	2.69648	1.18728	1.40747	0.982929	1.22634	2.71888	3.05362	4.22216	4.7137	4.41729	3.19426	4.13724	4.11104	4.1175	5.07241	2.00538	2.73983	3.43206	2.82593	4.81473	6.76033	1.42061	7.86109	8.55221	2.68931	2.71568	2.47082	3.07349	4.74413	1.60394
2.45534	1.42726	1.21319	1.13787	0.853579	0.462549	0.155954	0.40387	0.32661	0.670414	1.47251	0.832481	1.21109	1.49959	1.73945	1.63698	1.17179	0.928515	0.786223	0.649909	0.569851	0.631303	0.690347	0.625588	0.510147	0.369548	0.36969	0.46852	0.452957	0.179797	0.265945	0.330583	0.482903	0.913615	1.06386	0.871604	0.511003	0.794091	2.24065	2.52237	2.17123	3.36122	0.398116	1.28773	1.53011	2.85977	4.21611	3.19991	2.43265	4.96541	7.24969	3.53022	2.01892	2.57941	1.3524	2.7624	4.63599	4.60259	1.19968	0.954002	1.3166	0.462442	0.84352	1.88571	5.32919	4.21397	3.18442	4.78308	2.04143	1.74569	2.00459	2.45135	2.63044	5.18443	3.93662	1.82681	1.38365	1.83651	1.74132	0.953674	0.780759	0.445846	0.695217	0.765726	0.663593	1.48124	1.4313	2.77709	2.25965	1.85405	2.57971	0.426766	1.49388	1.39247	1.52867	1.33155	1.69278	1.14367	1.91291	1.95061	1.44371	1.41978	1.84443	1.37456	1.05293	1.78707	1.45753	1.83652	1.69625	1.41705	1.2339	1.47286	1.45731	1.59413	2.49145	4.73512	2.98752	1.20977	1.97193	3.37993	4.39215	5.31468	4.88435	2.77309	2.13111	0.925064	2.55456	1.79102	0.879623	2.64297	4.12523	4.1375	2.3771	0.715651	1.97754	2.13406	3.18673	3.07976	5.21127	4.36313	2.85431	5.4039	4.56921	4.13843	5.47107	3.35824	1.97006	0.857718	2.92468	1.39676	1.62894	1.59789	2.98002	4.06818	3.73456	2.65664	2.09244	0.25805	5.0755	3.69172	2.16571	2.12173	3.80994	4.23005	5.90792	7.08502	5.5112	1.30398	3.01778	3.3736	4.95571	4.99712	4.11998	3.11731	1.16655	3.57492	0.815766	3.59019	2.64355	1.80997	0.344625	1.80148	1.02565	2.51298	2.31458	1.64067	3.18296	3.78697	1.26556	4.35922	1.72524	3.67463	2.65342	5.17493	3.66126	1.81469	0.355587	2.02751	3.07342	2.65371	3.78644	0.485808	4.70905	7.89865	8.86954	6.77119	3.71457	6.1644	6.26986	3.41653	8.14022	5.11328	2.47249	1.4563	3.87262	5.51869	6.71838	7.88565	4.66614	1.71803	2.10209	7.92255	7.77488	1.9534	1.14487	2.49463	1.41112	0.930182	2.55621	3.79762	3.41054	0.241309	2.63245	4.44585	5.46899	5.09793	3.89615	4.5747	5.40646	5.47453	3.72745	2.03138	3.8725	4.20165	5.58146	5.44793	2.3016	4.67902	7.52269	2.74678	4.23784	1.7827	4.34988	5.60125	6.16248	2.47849
0.705125	0.535418	0.563202	0.694038	0.909057	1.05373	0.922263	0.335847	0.296389	0.505763	1.63456	0.52805	1.79299	1.06031	0.732326	0.976377	0.974296	0.735873	0.643625	0.764508	0.866322	0.934244	0.835517	0.604848	0.474875	0.499726	0.587164	0.616982	0.660968	0.396805	0.722149	0.848355	0.832862	1.07198	0.986328	0.988297	0.974144	1.55641	2.50311	1.46339	2.07032	2.47342	0.40673	0.689777	1.29963	1.63803	2.53237	2.75775	2.15275	4.48897	6.78403	5.21235	1.60851	1.48694	2.7827	3.32254	2.72751	4.72242	2.78905	0.509777	0.523421	1.99212	1.70998	0.534064	3.49978	4.44878	1.79867	2.22622	2.8577	2.41035	1.69885	1.80658	4.14299	6.24015	2.34971	0.89636	2.02421	0.339085	2.44425	1.68341	0.725517	0.270384	0.438776	1.08435	0.390775	0.978921	0.863084	3.12535	1.25005	3.82102	2.94874	1.76165	2.17916	1.42587	0.893037	0.704272	1.31526	1.31552	1.77804	2.12112	1.52531	1.05233	1.76226	1.04707	1.4444	1.83972	1.80188	2.20178	2.1733	2.23316	1.24283	1.46087	1.59816	1.48419	2.1975	3.81193	3.10145	2.11558	1.90023	3.02015	3.37296	4.17163	6.29697	4.65356	2.8324	3.55707	1.20914	3.31422	2.945	2.4074	1.36005	1.06951	2.9371	2.15809	1.75027	1.16182	1.26386	1.37039	3.75853	2.27846	1.41595	4.62705	4.92217	1.34007	3.62372	0.910728	1.83498	2.0352	1.56558	2.65206	0.619116	1.11016	3.10371	3.08729	1.27085	1.42149	1.16605	2.449	5.27368	3.61752	1.88685	2.76371	3.39648	1.55417	1.65574	4.76946	6.54778	2.98821	3.5631	5.80607	4.07573	1.67464	1.37584	1.5562	2.26047	4.24012	1.15291	3.97413	3.26223	3.45593	1.54735	1.46787	1.53334	1.52989	0.894443	3.27228	3.17626	1.92487	3.10347	2.63413	2.45934	2.05769	1.64207	4.40648	1.56924	1.81686	1.91512	2.17941	3.62234	3.05123	1.78068	4.46682	8.00745	4.71259	3.7587	7.54621	6.5451	4.28651	4.34096	2.9103	3.62473	7.82412	9.08985	8.85762	8.50208	6.87	4.39568	7.91776	5.36728	1.69156	0.794341	7.01705	10.1411	7.5139	6.9349	7.15102	6.4916	5.26543	2.56897	1.78514	2.4468	2.46459	1.12471	2.24835	1.92853	0.939242	1.75624	0.543514	1.91322	2.15266	1.01601	4.10966	4.50461	5.68306	5.5879	0.934875	6.22546	5.61615	3.80586	1.46926	4.01835	3.19755	4.55595	4.88122	6.975	5.09611
0.819046	0.148093	0.699975	0.501013	0.229873	0.212663	0.276094	0.44696	0.526086	1.06488	1.29785	0.807025	1.32749	0.33164	0.427583	0.518963	0.306485	0.499081	0.794616	0.903813	0.677685	0.506289	0.544512	0.672174	0.387718	0.421418	0.730836	0.682546	0.889129	0.354519	0.915085	0.939004	0.717234	0.752126	1.02049	2.55627	3.80182	3.76822	2.7026	0.967412	1.93869	1.26188	1.18811	0.686185	0.913621	1.51906	1.52878	2.27193	2.73429	3.55321	5.09176	5.06394	3.66009	1.61489	1.94831	0.681292	3.38728	3.11262	2.68202	2.56045	1.59744	2.62325	1.75129	2.51017	0.960437	4.38477	4.87379	2.23192	1.75139	3.46019	3.64007	3.13632	6.02164	4.6542	3.01533	2.06078	2.02252	1.95373	1.44361	1.89046	0.80251	0.305348	0.231336	0.933932	0.86491	0.438036	0.853342	3.72614	2.30798	5.5835	3.39972	1.2771	1.87062	2.08642	1.4259	1.34883	1.26766	1.0994	1.47831	1.77963	1.1016	1.55604	1.0577	0.958178	1.10332	1.90333	2.17889	2.03066	1.87056	2.0977	1.23256	1.57548	2.09333	1.57671	1.76091	2.74348	2.83868	3.14542	1.70706	2.08558	2.34671	1.92922	2.41572	4.4104	3.01921	3.19337	1.48562	1.26606	3.12446	3.6885	3.27858	2.24179	1.89478	3.04009	1.53835	2.53515	1.0468	1.43258	2.15387	1.61211	2.18311	4.54292	4.95213	1.03348	3.13438	1.85762	1.59837	1.37439	1.24056	2.16555	2.26773	2.03445	3.22546	1.00635	3.38281	3.40969	2.3483	3.26878	4.00124	3.09651	1.88693	3.87605	2.81446	1.51149	2.97495	4.82102	5.82654	2.88301	1.99662	7.061	5.0454	2.62579	2.66097	1.75222	3.41118	4.51493	1.13958	2.78748	2.40585	3.74774	3.35482	0.807688	1.66374	0.837898	1.7188	2.37	1.26983	3.35773	3.34295	1.53168	2.40041	1.38452	1.66045	3.6252	1.36886	2.59133	3.62699	3.66268	3.18653	1.58683	3.26204	6.15113	6.6181	2.71284	5.11047	6.71123	6.63281	8.19182	9.29236	9.16874	6.2078	1.16895	1.56683	2.6783	4.71372	6.36754	6.4575	6.15663	3.16186	3.24521	2.17194	3.47175	7.13959	4.18943	2.62621	3.19407	2.70545	3.4803	4.94598	4.26493	3.36033	2.58963	0.614849	2.08855	2.18863	1.03209	1.31288	2.14913	5.1021	5.93559	4.8759	5.21798	6.91281	3.14764	2.84059	5.86461	5.67262	2.55907	2.61325	2.89346	3.4508	2.99269	2.43553	3.51417	6.81641	5.52514
0.82575	0.608639	0.660959	0.136673	0.414884	0.518827	0.298257	0.0920823	0.400575	1.24503	1.01479	1.24419	1.32765	0.505259	0.365976	0.244172	0.0515571	0.211275	0.573036	0.449537	0.18153	0.368594	0.383803	0.275107	0.483141	0.326282	0.546086	0.282802	0.928344	0.444801	0.939002	1.18991	1.08217	1.55811	3.17799	5.22956	5.24586	4.04631	2.03002	2.3816	1.10934	1.24307	1.67938	1.71907	0.430918	1.2613	1.60414	2.79927	2.56265	2.78379	4.45706	4.54343	3.41398	3.21434	1.89835	2.3428	2.83926	1.19849	1.10087	2.04107	0.316367	2.4529	1.13871	3.05207	3.32814	0.227931	3.98001	3.77814	2.32482	3.05897	4.57826	4.50775	5.55232	1.39152	4.45692	2.32624	1.05896	2.30699	1.96752	1.7024	0.741157	0.406021	0.311456	0.793316	1.08311	0.357328	1.01425	3.38042	1.31286	5.37354	6.78362	4.94611	1.67447	1.46225	2.27699	1.49245	1.19039	0.770197	1.37659	1.44587	0.388394	1.51761	0.764884	0.909851	0.257329	1.98621	2.09835	1.75015	1.4913	2.33576	1.02603	1.65607	2.14569	0.786948	2.16037	2.95802	1.96496	2.77423	3.56737	3.04965	3.23202	4.68871	2.85416	3.57809	4.04337	3.5782	2.93333	2.07038	1.08303	2.37171	3.53861	3.46047	3.20347	3.10497	0.416481	3.51079	1.60217	1.86114	2.66217	2.88511	3.02726	3.47492	3.92364	1.62492	2.56757	1.21942	1.66446	1.58841	0.42845	2.03553	3.44533	2.2617	0.250089	2.30251	1.50728	3.0518	1.93707	2.39741	3.00568	3.69919	5.20359	3.58386	4.20657	4.35698	3.46521	3.89693	2.86496	3.59645	2.63558	4.77699	5.3939	3.55909	4.12678	3.42158	4.52314	3.20234	3.0465	3.60351	2.41048	2.62892	3.22301	2.21517	0.4993	1.32232	2.09375	2.27787	2.70492	2.81664	2.93582	1.4856	2.47161	1.76364	1.78645	1.59375	2.51889	3.88396	3.9379	1.4956	1.97292	4.58457	4.70795	2.67224	5.85638	1.10661	4.20633	4.96906	2.2606	0.406647	2.0005	3.98357	6.20504	3.81369	8.24283	8.50203	5.67488	4.4904	2.87769	2.61077	3.60168	4.54139	2.10899	4.89604	9.10293	8.53782	7.38663	6.67891	4.62088	2.12913	2.10076	3.53722	2.84343	1.18455	0.917173	1.22565	2.0463	2.92196	3.90817	4.09359	2.09741	2.89725	5.59037	7.1354	4.50493	3.19716	6.91917	5.55066	2.66309	1.13341	2.73515	3.11335	2.97222	3.03961	1.19766	4.64173	7.25035	2.97839
0.78541	0.819666	0.449114	0.463752	0.298566	0.47055	0.934821	0.933789	1.10956	1.43115	0.633926	1.56002	1.52821	0.324285	0.299369	0.329181	0.254877	0.188655	0.404817	0.441495	0.362463	0.0735796	0.401896	0.351126	0.549725	0.760078	1.12175	1.07933	1.37012	0.882718	0.791229	1.7947	1.75805	3.19797	6.34612	6.82665	4.41354	3.1767	3.09862	3.14251	0.305995	0.145512	1.04826	1.96908	0.870091	0.831262	1.66003	2.58221	3.02247	3.07245	4.38211	5.48298	3.76974	2.77803	1.69064	1.24485	2.28535	1.55499	1.71198	1.5393	0.744667	2.03939	1.03923	1.23551	3.65817	3.44826	3.94556	3.97368	2.9986	2.33407	1.64954	1.68008	2.88035	1.10531	4.7419	2.02629	0.617245	1.0574	0.853962	0.795244	0.495546	0.467688	0.246669	0.684124	1.24741	1.25244	1.01516	2.00991	2.59559	0.861551	4.79674	5.39024	3.85456	1.91869	0.521139	1.25596	1.60665	1.00407	1.71717	1.47383	0.844733	0.952098	1.10448	1.0392	0.286644	2.236	2.19076	2.02995	1.41827	3.12392	2.14857	1.93055	1.87105	0.310887	2.99518	2.0766	1.42915	2.49426	2.40674	2.00568	3.20908	4.36625	4.6589	0.493283	3.61122	4.04655	2.54395	2.27243	2.31679	1.96926	1.03448	0.354281	1.2368	1.57181	1.72559	3.59244	0.643683	1.33593	2.17545	2.47702	2.3	1.13451	2.46	2.61911	1.51118	1.36638	0.601343	0.747421	2.17048	2.42787	3.25646	0.457694	4.53383	3.43694	2.43759	0.948225	4.2263	6.53068	6.76169	6.84443	5.77433	1.43306	4.95474	5.72533	3.14314	0.579292	3.09724	4.99751	6.04094	0.50183	4.12479	4.76068	5.67693	5.61803	4.00388	0.463532	5.28429	2.19573	1.66225	2.24794	1.47045	2.48087	2.36627	0.286875	2.28575	3.35809	3.08314	1.88792	2.76867	2.74334	3.24436	2.20711	1.50862	1.36967	2.73801	2.81408	1.11408	3.31707	6.08627	4.76031	3.11474	2.78557	3.54437	2.24284	4.94642	4.59451	3.22902	4.09126	5.89138	4.9484	1.77415	5.14473	5.46399	7.05128	7.92737	9.11339	10.7468	9.84067	7.04993	7.0451	1.30482	5.30042	8.01657	6.76454	3.06428	4.7082	5.94001	6.01683	4.82001	3.71827	3.62748	0.769092	2.0513	1.74169	0.340908	0.595706	2.68145	2.57242	3.02362	4.90493	4.34771	1.25401	4.3724	7.23005	4.62219	2.75012	3.09747	2.26869	3.73692	2.47469	1.99447	0.724916	1.91632	5.5842	6.57024	2.42628
1.09829	0.865449	0.72484	0.383045	0.59548	1.16957	1.02617	0.882138	0.663964	0.742396	0.134191	1.4903	1.50475	1.29471	0.991545	1.00203	0.852924	0.378603	0.251895	0.456781	0.255992	0.319719	0.513937	0.489742	0.562176	1.24756	2.03164	1.9064	2.0741	1.7584	1.61167	1.56051	1.64359	2.554	5.74901	3.86355	3.34281	3.75526	3.6675	3.37806	0.850476	0.898574	1.24467	1.59208	0.63013	0.399787	0.859954	1.97981	2.44947	2.37602	4.24527	6.69537	4.61354	2.79476	2.33863	2.11991	3.6163	4.10489	3.41202	1.29499	1.69927	1.02299	0.681965	0.572468	1.74805	3.1892	0.603897	5.06054	3.87969	1.82658	1.54689	1.57644	2.42986	2.17411	4.20672	1.48843	0.399636	0.642912	0.4361	0.498905	0.436849	0.436644	0.0558888	0.676564	1.5759	1.62074	0.4989	0.880874	2.99403	0.567762	4.14605	4.24135	3.19761	2.98505	1.74961	0.883887	1.76191	0.949683	1.71561	1.6929	0.616079	1.38198	1.03912	2.35308	0.815609	2.6499	2.27293	2.48508	1.02308	2.26969	2.7654	2.49847	1.66171	1.29128	2.9263	1.54191	1.76018	1.4225	2.12808	2.91175	3.12331	2.41085	4.93406	4.21546	2.62183	3.89795	2.10851	2.71753	3.15513	4.56052	4.83924	4.08432	3.22451	1.94817	1.82672	3.12089	1.82404	0.358904	1.65625	2.54125	0.83874	1.26331	2.20571	3.64767	3.53686	3.2208	2.96752	2.86448	2.52591	3.614	2.17291	3.06358	4.1934	2.58335	3.71262	3.26937	6.40231	5.41079	5.05312	3.67655	1.04946	2.13044	2.5776	5.20995	5.3859	3.20404	3.64954	2.5063	5.50143	3.15056	1.34329	1.87968	0.923594	2.11189	2.51152	3.26963	4.34014	1.60923	1.77422	0.703419	1.74442	2.61156	3.15272	1.99947	0.509102	0.587985	0.649682	0.516511	0.793656	1.64276	2.02042	0.995698	2.37503	1.7357	1.34809	2.4887	2.81735	3.73151	3.42327	1.19665	2.05589	2.58779	1.25981	1.24576	3.17873	2.90313	2.63119	3.48413	2.96333	3.61567	5.6158	4.66758	3.53922	2.59886	3.91518	2.25823	2.66923	4.92399	8.46553	10.4188	5.8852	3.15849	6.71877	8.66984	7.71002	5.87917	2.34454	1.22338	3.34838	4.35914	4.04516	0.978754	2.57913	2.80437	3.78296	2.69514	2.65067	3.50246	5.54301	5.50297	2.26314	5.19478	6.84438	5.62219	3.47058	2.35439	1.92738	2.56471	3.23332	0.126349	2.22572	2.7883	4.11754	6.72301	3.97203	4.58427
1.36365	1.03012	0.85437	0.928218	0.906557	0.783873	0.360256	1.18332	1.31488	1.24017	1.17003	0.666676	0.680429	1.0671	0.539403	0.757438	0.997997	0.822957	0.408899	0.338454	0.584586	0.633693	0.443522	0.551022	0.57839	1.07378	1.5938	1.26408	2.26975	2.73692	2.81217	2.47475	1.27233	1.94634	6.05824	6.34851	5.29796	5.45508	3.9002	2.57433	0.880608	0.836386	0.86787	0.720642	1.70614	2.26345	1.66363	0.362952	1.45039	1.94115	4.12763	6.80468	5.33709	3.71376	3.48634	3.04553	4.28701	6.65745	7.19057	3.45135	0.899073	0.499646	0.420133	0.743608	1.79186	2.49238	2.61776	4.77108	4.54788	1.64515	1.60796	1.29407	2.14973	1.00247	3.32197	1.34001	0.532249	0.488027	0.545479	0.548982	0.32022	0.152917	0.502278	1.16048	1.72987	1.03848	0.43346	0.989154	3.17439	1.14243	3.39733	3.44269	3.26368	3.35922	2.84138	0.861787	1.53344	2.50122	1.44485	1.04514	1.00652	1.19005	1.54676	3.4345	1.40095	3.37767	2.4885	2.40383	0.780364	1.03347	0.747211	1.76111	1.29531	1.62613	2.5738	1.92912	1.29168	0.922429	1.97434	2.39536	1.10885	1.01967	3.17488	3.4189	1.00407	2.11883	3.65768	3.61087	2.53905	2.1974	1.77067	2.32038	3.11633	2.62747	1.5099	2.14272	0.513097	1.52481	2.12475	2.59145	1.19296	1.85331	1.74749	0.892949	1.78138	1.82216	1.57904	2.72315	3.16471	2.09142	1.99457	4.88259	2.41442	4.0132	2.1352	4.34283	4.4727	2.01737	1.33517	0.816517	3.02251	3.36169	2.51584	2.05767	4.30711	3.90121	1.57166	3.12443	4.40251	3.96842	3.80264	7.2602	7.16909	5.79726	2.62522	3.04859	3.73836	3.47767	3.72948	2.56431	2.3084	2.16556	2.47203	2.56502	3.09787	3.28505	3.2647	3.36951	2.99214	2.63222	2.31164	0.574729	2.39161	2.17544	2.09333	2.18544	2.86418	2.3668	2.05324	1.60683	2.15894	3.26521	4.92487	3.94441	1.54307	2.26919	2.82456	4.0951	4.06952	5.48122	4.76743	3.81763	3.00202	0.600599	3.6364	4.27399	4.39091	2.73699	4.41382	6.62078	7.10741	0.993439	3.99946	5.39049	3.32014	5.62535	7.76679	7.46159	5.88076	3.47151	3.02947	0.834774	3.22369	2.20994	0.822998	2.70034	3.43304	4.88217	4.0551	0.404177	4.52345	5.71571	5.48981	3.80734	2.53769	2.59684	2.11908	1.45842	0.912818	2.85107	2.80032	3.35372	5.27427	5.17508	1.55455	5.70339
0.855488	0.713142	0.854476	0.965112	1.09487	0.530237	1.09001	1.04269	0.779444	0.526709	1.60634	1.38977	0.420555	1.39275	0.478417	0.402321	0.887683	0.577762	0.101726	0.146826	0.363383	0.763464	0.791822	0.974808	1.2143	1.50144	1.87944	1.40036	2.47958	3.63085	3.48045	3.66715	3.95941	2.65089	1.97334	4.33381	5.96887	5.07163	2.7256	1.42913	0.926945	0.68971	0.812446	0.416965	1.89764	1.64768	2.63257	1.89629	1.27227	0.568253	3.43357	6.79111	5.93832	4.53148	4.33984	3.96437	2.09028	2.3464	5.87225	4.34575	0.382783	1.15203	0.756814	0.533718	1.28016	1.86764	2.23719	4.50179	3.34945	0.913609	0.819451	0.542151	2.07502	0.645951	2.75951	1.26032	0.853364	0.164014	0.342573	0.342088	0.0764647	0.611825	1.41658	1.73356	1.44335	0.252466	0.746009	1.02226	2.67345	2.70918	2.40571	1.5942	2.3653	3.3513	3.04104	1.82071	2.70031	1.69607	1.22631	1.43741	1.63284	0.898648	2.05586	3.50728	0.832838	3.1428	2.50699	2.51228	0.974738	1.90116	2.95025	1.94198	0.437951	1.13788	2.45751	2.77021	1.19149	2.20385	2.02882	1.24838	2.03008	2.98759	2.8893	1.54057	1.40941	2.41891	2.49158	2.76887	0.596353	1.70104	2.5484	2.01616	2.75621	2.59382	2.04495	3.10558	2.51512	2.00469	2.48228	2.56931	1.55191	2.14488	3.15145	2.87033	3.0366	2.53174	1.77336	1.19027	1.56445	3.5913	4.10739	2.74232	0.715841	3.96767	0.735108	3.72403	2.97892	3.45639	2.76464	0.555158	2.50077	1.62656	2.39506	2.4755	0.831356	0.757835	1.6043	3.46245	4.57339	3.89763	4.54094	6.576	3.07676	5.21214	5.92813	3.12368	0.159859	1.80491	3.15351	1.97203	1.4774	3.27685	0.0675938	1.91046	2.23805	2.66206	3.65411	3.70921	3.53807	3.71293	4.13661	3.16348	1.69617	1.34856	2.51713	2.82407	2.55285	1.1893	1.3215	4.35292	5.80373	5.39232	5.03842	3.97081	2.50801	0.916331	1.75728	4.59297	4.87936	3.64371	1.7118	0.108107	1.63322	2.82891	3.92359	2.89412	3.60012	4.68953	8.71775	8.80468	5.74932	1.67279	4.706	8.35705	7.74869	5.85905	2.17046	1.18012	1.59385	1.29551	2.32207	0.530155	1.86286	1.51859	2.43454	2.05713	3.63816	3.46642	1.47365	4.54937	5.4281	4.8732	4.3041	2.20909	0.742815	0.413668	0.340535	1.1819	2.36853	2.87555	4.02821	5.28843	4.0285	2.06397	4.83096	4.58894
1.25046	1.49034	1.52811	1.33249	1.08131	0.300862	1.38821	0.968769	1.15499	0.964142	1.1196	1.64384	0.559487	1.83052	1.03635	1.33649	1.59511	1.05251	0.613598	0.168366	0.175334	0.362873	0.466727	0.490147	0.868892	1.92577	1.86458	1.78047	2.77736	2.4549	2.72554	0.578795	0.288728	2.62217	0.81579	2.254	3.12356	2.12164	1.19983	0.80389	0.762902	0.145672	0.374846	0.524587	1.71066	1.49008	0.835328	1.45861	2.44129	2.3073	1.38301	6.03218	6.32566	4.37727	3.38594	4.50568	2.79175	4.97268	5.51577	3.51999	0.513436	2.00009	0.92186	0.853195	1.66193	2.037	2.22659	3.50877	1.66829	0.759282	0.940316	0.676508	1.71316	1.91548	2.39692	1.28729	0.88378	0.264585	0.29269	0.180845	0.488678	1.28111	1.90013	1.75269	0.949588	0.604853	0.937576	0.717124	1.41999	1.42707	1.345	1.17538	1.3456	3.49487	2.52386	3.53854	5.37885	6.48583	3.2092	0.766981	1.18129	0.193012	2.14586	2.35212	1.97042	3.42933	2.16008	1.72514	0.312369	2.23285	1.71801	3.55641	2.62488	1.73552	0.965888	3.25843	2.81708	2.89003	1.53236	1.8752	3.73466	2.98301	1.40541	0.724104	3.3879	3.1477	3.07503	3.26422	1.98248	2.29324	2.06372	1.70174	1.94006	1.97279	1.93487	3.51847	1.58885	2.53318	2.6699	2.41097	1.67692	0.83884	1.98629	1.93294	1.90595	2.65373	3.01558	0.478384	5.08504	4.36781	2.74154	1.1855	2.39157	2.65963	0.326498	2.85931	1.50885	2.45385	2.55728	0.369455	2.02365	2.46391	1.38141	1.09405	2.81917	3.36144	1.89204	1.33246	4.87057	3.88812	4.57119	5.15844	2.94023	2.21276	1.31114	3.64905	4.37586	3.27312	2.72727	1.80686	3.54432	2.46202	2.39862	1.76328	1.97524	1.69602	2.70431	1.81473	1.2095	1.64914	3.70169	4.56463	3.70087	2.37353	2.33557	2.30321	4.50986	4.90638	2.22685	3.34933	1.91436	2.6807	3.50959	3.70677	5.17451	5.76259	4.9132	1.23043	1.60482	2.48628	2.99814	2.00545	3.25048	2.97721	2.91743	4.253	3.77784	5.30756	8.69602	3.71807	2.70645	5.70729	4.76614	6.32995	5.20355	5.43041	6.79653	5.64201	3.75462	3.18778	2.22096	1.79246	3.78602	4.2198	3.98814	3.48919	2.85117	1.96167	3.99703	4.06411	4.39264	2.97877	0.929089	1.55689	2.90125	3.74805	4.04149	3.00517	2.48753	3.43397	3.87939	2.43466	2.40213	5.88808	4.43162	2.97479
1.04169	1.1869	0.853177	0.515992	0.196069	0.875395	1.80263	1.41579	1.38619	1.13418	0.811641	1.54056	1.44317	1.91742	1.43661	1.2923	0.720558	0.279225	0.83429	0.415265	0.294855	0.384373	0.681295	1.43868	2.14393	3.06564	2.43248	1.00287	3.50587	3.16061	3.21282	2.74498	3.1551	3.58384	2.6418	1.83973	1.08388	0.322901	0.203463	0.318422	0.458052	0.406835	1.07256	0.815562	0.536311	1.82742	1.30772	2.09163	2.12468	2.24955	0.789026	4.88221	6.72785	5.21994	3.73482	4.38048	1.41083	4.26385	3.5648	2.4077	0.710824	1.60926	0.578054	0.181024	1.48168	0.993467	0.797186	2.50636	0.547134	0.453143	0.929164	0.492686	0.614801	1.67579	1.40389	0.912532	0.699273	0.392372	0.525547	0.403705	0.86677	1.58412	1.78274	0.720287	0.696528	1.02584	0.847183	0.389178	0.871888	1.14919	1.04621	0.472001	0.803461	3.3133	1.81631	5.06473	2.85533	5.44342	5.53734	3.73024	1.73921	1.36874	3.15803	1.8439	2.37336	3.09899	1.74905	1.54288	0.54741	2.53379	0.808431	1.46072	1.12172	2.03815	1.58335	1.7981	2.71699	1.08439	0.539186	1.67297	3.89305	3.33953	1.34934	0.939982	5.25009	4.21861	4.59253	4.54036	2.3787	1.38717	1.34134	1.42123	1.56827	1.44835	1.3296	2.83545	2.76525	1.52245	1.95249	2.42815	0.973178	1.28501	1.62501	1.19931	0.824579	3.28806	3.55572	1.18215	5.67433	2.02101	2.94694	2.65478	1.7639	1.96426	1.64901	4.267	4.35744	3.7121	1.13531	1.78604	2.52319	1.22552	1.70079	1.66398	1.238	0.928874	2.42389	2.40907	5.60087	3.94373	4.11577	5.00494	4.31205	4.26659	3.26886	1.56073	2.63779	3.18461	3.23164	2.93136	3.30519	1.44525	3.67414	1.86369	2.38972	1.17434	2.63275	1.94314	1.93111	2.92146	2.16062	3.66663	2.84255	1.94596	2.12246	3.5879	1.75412	4.14393	2.59993	1.57653	3.11728	3.66383	3.25991	3.51799	4.8939	5.72596	7.22619	5.10285	3.11104	3.6582	3.19739	1.31872	2.44047	1.19441	1.71354	3.83079	2.46339	4.97442	6.58458	2.68013	9.07241	7.39687	5.2377	2.25134	6.22729	5.66904	3.28157	3.03919	4.18608	3.28592	2.52693	2.12094	3.78162	2.51019	2.15098	2.04325	0.478354	2.63182	3.17299	2.54303	3.05729	1.89098	1.50585	2.16578	2.08781	1.87639	1.44145	2.61184	4.09611	4.05673	1.41547	4.09916	5.89717	4.67892	3.56169	2.61497
0.920446	0.569876	0.857653	1.33887	1.63295	1.94541	1.80623	1.16163	0.751483	0.578972	0.766963	1.22058	1.58596	1.93951	1.2914	0.769797	0.28648	0.507843	0.752055	0.4768	0.54945	1.19981	1.11307	1.69255	1.8064	2.78845	2.49287	2.31052	3.59561	4.51843	3.94897	5.19764	1.64602	0.101217	2.62764	3.99729	3.17392	1.79116	1.28935	1.1793	1.07499	0.775583	1.03649	0.64563	1.21518	2.8433	2.56753	2.49103	1.38823	2.3244	0.505485	4.79922	7.02201	5.64916	3.30372	3.05869	1.18339	3.94997	4.27695	2.60282	1.3765	0.534604	0.475691	0.630147	1.35689	1.39792	0.543805	2.49342	0.130194	0.257026	2.38605	2.07113	2.3354	1.28975	0.982107	0.819437	0.556855	0.207816	0.281019	0.610635	1.00613	1.84003	1.57701	0.220997	0.880074	0.896525	0.776323	0.163834	0.263116	0.427718	0.636548	1.02962	0.541259	2.24651	2.22682	2.68917	1.91563	1.91975	3.69213	4.88789	3.1191	1.22749	3.51173	1.47827	3.59182	3.7545	0.938359	1.57164	2.07902	1.28419	1.22251	2.11479	2.39332	2.24061	2.0528	1.61669	0.909583	1.49278	2.07481	2.63485	2.71949	2.14076	1.89121	1.36756	5.50945	4.65258	2.50178	5.32325	3.35066	2.30889	2.82101	2.73967	2.95184	3.076	2.84804	1.77745	2.17603	2.26569	2.39852	1.61877	0.937407	2.46319	2.02086	2.14197	1.7922	2.60493	3.36379	1.38946	4.75616	3.00052	0.853596	2.99436	2.80788	1.84026	3.04873	4.68158	2.28553	0.315888	1.38969	1.95464	2.10388	2.71017	3.01632	2.50983	1.56033	1.71193	1.89835	3.40833	5.31257	2.01713	2.83391	2.60285	1.47085	1.77975	1.96899	3.50175	1.76937	2.36932	2.11993	2.03804	1.44573	0.537179	3.21252	3.35111	1.72902	2.12277	2.6796	2.38816	2.96999	3.63969	2.88221	3.06106	4.05068	3.84107	1.30394	5.34787	2.73745	3.78502	3.78313	1.86955	1.98534	5.39237	4.24688	2.6336	2.96043	2.14848	3.95422	7.05477	2.07159	3.83758	3.16809	2.95469	4.58877	2.85932	1.15865	4.37555	6.26773	6.41767	1.90728	6.36749	9.56059	3.89437	7.14124	5.03427	2.60464	3.13795	3.73075	2.3897	3.14937	4.99469	4.58338	1.10078	2.76524	4.16991	2.60921	3.07478	3.66343	2.66185	3.0867	2.10653	1.93769	2.10152	2.20514	3.19745	3.25127	3.42139	3.19397	2.61562	1.75779	1.14996	3.14542	5.08487	4.14666	1.84953	1.83863	1.38168
1.69363	0.532999	0.87628	0.958848	0.982664	1.05883	0.963524	0.709107	0.702475	0.565008	1.23071	1.35252	1.47322	1.75942	1.11668	1.40403	0.71942	0.526967	0.393303	0.73649	2.50096	3.07201	2.65703	2.24169	2.00346	4.05607	4.35239	3.95333	3.18503	3.89796	3.58839	5.9785	1.95878	3.96098	5.13184	5.1376	5.38192	4.7584	4.79563	4.17962	2.7665	1.36115	0.824708	0.749991	2.0723	3.05566	2.80148	2.07844	2.63758	2.70975	0.947671	4.6692	6.67974	5.26732	2.93621	2.98836	2.85493	1.79679	4.27901	4.61156	3.87642	1.54278	0.436775	0.503334	1.41864	3.20089	2.49032	3.45795	1.19972	0.442054	4.50139	2.60377	4.57723	2.06499	0.704847	0.577099	0.325838	0.526494	1.69332	2.15454	2.1373	2.24074	1.2655	0.342165	0.615842	0.946584	1.10683	0.62952	0.529949	0.710974	0.924386	0.782044	1.61429	0.628054	1.56889	1.04597	3.25339	3.64944	2.5236	3.73263	3.76274	1.01945	4.23949	0.557594	3.93913	4.08913	0.679748	3.20611	3.17671	2.0524	2.28854	2.38058	2.31514	2.42806	1.9699	1.21633	1.0921	2.77631	3.23391	3.57524	3.45981	1.50877	1.73936	1.61084	4.73072	6.19975	3.95156	3.03233	3.34964	1.66366	0.857679	1.08567	1.83768	2.49353	3.06883	3.55555	3.47168	2.53074	1.17521	1.82113	1.45561	2.37184	1.00026	0.254528	1.24535	1.86716	2.29066	1.31641	3.10866	2.83367	1.37871	1.77896	3.5488	1.42466	4.64606	2.92926	1.36448	3.71861	3.28145	1.70495	1.70602	1.4747	2.83544	3.4936	3.17858	2.54563	1.67098	0.626254	3.29669	3.03814	2.84967	3.13229	2.94603	3.50063	3.37237	3.32071	3.04335	1.88499	1.41813	0.496184	2.70773	3.24512	1.59393	4.00908	1.61541	2.26345	1.86652	1.773	3.00614	2.66874	3.78964	0.624027	4.05665	5.78126	6.56326	7.30357	4.26902	4.22037	3.79932	3.25319	0.493518	3.21712	4.67092	5.94481	6.32712	6.94837	3.3661	5.26948	4.89396	4.30548	2.66653	3.12796	6.92377	7.07298	6.03672	5.3142	9.33545	5.96808	2.5004	8.4019	8.14343	3.50115	4.90508	7.57782	7.66462	7.14791	5.88541	4.82561	3.70821	2.20491	3.68731	2.37119	1.95155	4.25465	1.79193	3.22927	3.00705	3.6204	4.24929	2.95937	2.31467	2.5152	1.84556	2.99306	2.96947	1.9827	2.16054	2.7387	4.15592	4.53308	4.09269	3.71253	1.34538	1.69246	1.87615	1.31045
1.58456	0.921373	1.0162	0.728288	0.767183	0.731811	0.520347	0.246119	0.279621	1.12588	2.36968	1.68857	0.979349	0.758023	0.218107	1.09814	1.0668	1.11137	1.29208	2.34894	3.66373	3.15828	3.02572	2.91603	2.49131	4.21727	3.46079	1.571	2.0084	2.12389	2.90045	4.85381	3.90623	5.00465	3.66111	3.74349	5.95447	6.78087	7.26522	6.8809	4.79245	3.66966	3.11761	2.67611	5.34757	7.27256	6.85998	4.92563	4.58467	4.18872	2.67757	3.98335	5.39275	4.63431	3.18237	2.75356	3.54602	1.72015	1.06558	2.30088	3.81208	2.20286	0.378447	0.980334	1.83021	0.971393	1.2451	2.08108	1.6111	1.6256	5.68845	0.533008	5.60794	2.54505	0.622717	0.436563	0.325376	1.68035	2.30524	1.94407	1.59605	1.02495	0.203772	0.527097	0.148763	0.738568	1.37728	0.890483	0.396813	0.180103	1.29156	0.858488	0.322572	1.6768	1.82974	2.67482	3.55471	1.75105	3.80273	3.78531	2.98677	0.523941	4.25444	2.25435	4.04227	3.51707	0.564345	3.04487	1.23573	4.13881	2.71494	2.03951	1.63057	0.923461	1.14931	1.77777	2.61916	3.36854	2.67916	2.12202	0.735085	2.05812	2.59394	0.917931	2.69422	3.95404	4.64725	2.74811	2.48267	1.26433	1.58836	1.18493	0.650753	0.415666	0.551418	0.446224	0.379757	1.26655	1.78392	2.33016	1.64154	0.97219	1.59463	2.11834	1.68527	1.2453	1.42238	2.42366	2.3318	2.10726	1.81965	1.69335	2.82532	2.15829	4.28038	1.98016	3.08383	3.02543	1.86758	2.71248	2.17826	2.28445	2.80285	0.178277	2.15878	2.54067	2.26317	2.9825	3.725	3.96864	0.553441	3.80662	2.76864	1.89548	1.36086	1.82543	1.94583	1.698	1.66051	2.45795	3.96881	3.53972	3.3792	2.35858	3.77055	1.52833	1.50625	2.59572	2.34326	2.53634	5.35085	5.10578	0.74678	2.92811	3.11076	2.22405	0.470338	2.59427	4.32935	4.67457	2.96953	2.72179	1.10253	0.709773	2.18139	3.88162	5.00798	0.349704	4.71977	3.38861	2.02633	3.26372	7.60309	5.89285	7.78919	7.23416	7.54356	2.05228	2.87006	7.74604	7.44318	4.19902	1.20023	2.418	2.63141	2.72325	2.06365	1.22941	2.24758	3.7749	3.06206	2.03891	1.04021	3.93267	2.04767	3.69533	2.73611	2.5378	1.54331	0.191858	0.273106	1.42188	1.61546	1.4749	1.47074	1.84682	1.74974	1.75549	2.77462	3.19747	2.89477	2.00489	0.675876	4.38124	3.00089	2.72988
2.49279	2.78795	2.49062	1.97067	1.4418	0.908899	0.385119	0.0435644	0.119887	1.49007	1.66878	0.789176	1.43852	0.76092	1.25572	0.312305	0.886358	1.2729	1.67271	2.31034	2.32765	0.903973	0.514146	1.42501	1.29517	2.39309	2.97029	2.10795	1.80611	0.44812	1.51568	3.34742	4.56138	3.73478	2.94535	3.91376	4.28515	3.62089	2.65341	5.24166	3.8683	2.86976	3.00813	2.93403	6.98217	6.90615	5.52117	5.3695	5.20334	4.90912	4.36747	3.48063	3.02465	3.63083	3.05579	2.27838	3.23021	3.36591	1.98757	2.34532	2.64183	2.34436	1.81085	1.54524	1.27104	3.62315	4.00886	3.1502	2.36503	3.10112	4.51545	1.85775	5.35784	2.12801	0.386781	0.340011	1.05097	2.04626	1.41737	0.915427	0.339442	1.09805	1.69891	1.59351	1.36279	0.461665	1.4098	1.44026	0.228481	0.718437	0.988322	0.664747	1.74787	1.97142	2.14131	1.83592	5.28602	6.58945	5.58036	3.06191	2.36552	1.30979	2.79052	3.88504	2.93606	1.74376	0.722596	1.80589	2.49218	2.84137	3.3185	1.36506	0.678156	2.3306	1.92068	1.25744	1.85009	1.85548	1.43183	2.77737	2.6724	2.74715	2.58453	0.921171	1.57733	2.10603	1.9669	3.45524	3.64471	2.72458	2.45006	2.21956	2.13602	2.09547	2.28809	1.78361	2.35651	2.7531	2.58204	2.58886	2.78821	1.54945	0.77311	0.29993	1.32881	2.45848	1.80804	0.608693	1.099	2.46595	2.82228	1.54748	0.970962	1.75002	2.75756	1.71281	2.28157	4.78794	3.03617	1.02191	2.18407	2.50091	1.452	2.62495	4.04992	3.49242	2.66975	2.1007	1.31501	4.7284	1.94062	3.49666	3.16983	1.88089	1.51342	1.91181	2.77813	3.17206	3.14965	2.89122	2.9766	1.49042	4.29544	1.64971	3.42876	3.00314	0.845882	3.94379	2.96824	2.66087	3.53657	5.83126	5.83299	5.2998	4.5864	3.89663	4.55802	2.59818	3.35545	6.00298	3.50265	3.41139	3.89641	1.97644	3.78995	3.50595	3.60064	4.00284	4.08427	5.04485	3.61205	6.20285	6.11032	2.41736	4.60007	5.52506	0.584252	6.01476	5.64816	2.3344	7.48095	8.74669	7.15242	4.24308	3.24606	3.19492	3.6239	4.98086	4.93856	3.77381	2.74937	3.64696	2.99577	1.29346	3.34911	3.76248	1.62629	1.11223	2.58284	3.46866	3.73175	3.89477	4.25688	4.49894	3.88153	2.66613	2.26912	2.42901	2.34325	1.38527	1.42938	2.03469	2.18072	4.87552	2.59643	3.81314
2.10469	3.25877	4.90307	5.03212	3.31144	1.62772	1.24206	0.92659	0.305021	1.32306	1.72839	1.09389	1.36289	0.725918	0.68569	1.27325	0.380787	0.575487	0.686773	1.07091	1.50072	2.0519	1.67293	1.38389	0.291951	1.21931	1.22133	1.43108	2.4719	0.146127	0.326726	1.42328	1.72013	1.32665	1.85005	2.39282	1.32767	1.67297	1.96324	4.00476	2.44941	0.816398	1.8222	2.86825	7.24254	4.90819	1.85776	3.64072	4.08722	4.29491	4.20253	3.43954	2.68339	2.79402	1.9276	1.45356	2.48056	3.51638	1.82766	1.64202	1.02112	2.36179	3.79984	0.888772	3.6886	2.14645	1.12041	1.48167	2.29203	2.2069	2.18428	2.16623	3.91785	1.39343	0.454067	1.23721	1.9269	1.36897	0.635244	1.29769	0.454864	1.29991	0.855951	0.654878	1.57754	1.12817	1.22414	2.24096	1.72868	0.995662	0.845815	1.22155	1.54436	1.72525	1.7424	1.37273	2.56667	5.83411	8.78331	7.75541	4.26927	3.12865	0.62489	1.12828	2.11195	3.20651	2.94699	1.93172	1.69226	1.41121	2.53509	2.38833	0.847351	2.43331	2.65658	2.12322	2.43169	2.19616	2.26914	2.8363	2.84236	2.88807	2.28034	0.780244	2.88266	2.67305	1.43751	2.70422	2.59938	2.28081	2.27693	1.98277	1.58866	1.32078	2.0112	1.67812	1.76311	1.64677	2.08767	2.10137	2.79502	2.52154	2.43473	2.75167	2.22375	0.719788	1.71553	2.13	2.57722	2.58869	2.7775	2.02887	0.820006	0.73527	2.34679	3.50909	1.90375	2.31402	4.15454	3.44565	2.02668	0.304477	2.50199	3.9704	3.13057	1.88465	2.16447	1.97544	1.30271	4.30203	2.82119	2.65324	3.71863	1.55745	1.32061	2.09914	1.46557	0.976651	1.39508	2.47762	2.8148	2.4926	3.97434	3.98707	0.40796	3.89252	1.57245	4.04385	3.91766	2.75486	3.52803	1.30691	3.27982	4.2184	4.07118	2.5203	3.39305	6.84904	3.03671	5.69919	4.8515	3.15518	3.645	2.1155	1.13024	4.18936	3.66301	4.73236	3.04206	4.54939	4.44779	6.60642	0.794173	5.11784	5.30161	5.25425	6.352	6.68223	7.11792	7.46526	3.39973	3.44994	7.64099	5.63604	2.99986	2.84439	5.61446	4.96939	4.56708	5.13795	4.88319	3.99191	4.20398	2.9817	1.81874	0.968253	1.54843	3.29279	3.24122	3.44376	3.79394	3.98141	4.34331	4.89744	5.61817	6.2501	6.60929	6.63836	6.6658	5.92439	5.22718	4.63306	3.81574	4.73915	5.05368	5.57886
1.45843	3.52309	5.74278	6.22582	5.55818	2.01376	1.64393	1.9598	1.91835	1.79917	1.32664	0.722963	1.21007	1.40871	1.05119	0.917507	0.887084	1.19792	1.35934	1.86115	1.78295	1.89117	2.43141	2.27643	1.80349	2.05298	2.43882	3.38639	3.05868	1.22689	0.344123	1.75298	0.965294	1.24898	1.68502	1.07693	1.48877	2.20943	1.8049	2.80706	2.20974	1.17517	0.927583	4.74171	7.8195	4.11019	0.550402	2.01778	3.60055	5.2978	4.54094	3.16901	2.86856	2.46369	0.60509	0.763074	1.74153	3.06023	1.94991	1.41315	1.71677	2.47856	3.41495	1.74247	3.75278	0.973068	1.10447	1.41137	1.14759	1.23571	1.46026	1.63337	2.83944	1.55634	0.549106	1.51229	1.66494	0.375738	0.104144	1.15552	0.462516	1.18805	0.285681	1.33071	1.19952	0.997538	0.68589	0.925574	1.55411	1.07778	0.45689	0.793978	1.58014	1.67833	0.951977	0.720045	1.42608	2.35629	2.82904	7.55652	4.81505	3.023	1.98442	3.89219	3.36669	1.95737	2.16304	3.50056	2.06375	1.71211	1.98556	1.31983	1.47817	0.226009	1.97782	2.32181	2.77942	2.88589	2.24229	2.05583	1.15929	1.7963	1.9662	1.66307	3.92674	2.36963	2.6956	2.79651	1.80255	2.30112	1.88791	1.84723	1.39927	1.05191	1.45364	1.87344	0.973409	1.68097	1.91512	1.97521	2.21674	1.97626	1.89159	2.37903	3.58781	2.39308	2.90087	2.56689	1.95739	1.92444	2.24874	2.80198	1.93682	1.83682	2.26853	3.17509	3.40607	1.36842	2.83562	4.34994	3.04057	1.71913	3.87909	3.43264	1.5241	1.75082	0.793823	1.10246	1.21085	3.78651	3.33119	1.66534	4.16978	4.42194	3.90979	2.16843	3.0577	2.52025	3.28842	3.92213	2.03327	2.4599	0.741176	3.66665	3.49237	3.22827	3.1875	3.61551	3.72849	2.88099	5.07156	5.72119	3.70221	1.62298	3.27157	1.71879	0.610428	6.73011	5.55181	0.169497	4.13054	5.21841	4.9384	5.06274	4.03478	4.79073	6.04635	5.00482	2.93104	3.36185	2.85458	1.21699	3.6997	5.17432	4.98259	7.70836	7.77665	5.78881	3.89901	4.52061	5.85406	2.92944	4.07247	5.59112	5.16202	5.42568	2.90237	2.02404	2.3532	0.96025	0.994232	1.38563	2.88473	3.73919	1.78269	2.49792	3.78427	3.64853	2.39143	1.50785	1.00238	1.14992	1.22915	0.806277	0.724185	1.15983	0.557672	0.838965	0.640353	2.64775	4.08642	5.04268	5.38743	5.58674	4.76418	1.97893
4.76472	6.69235	6.98409	6.1093	7.78021	2.22689	2.49496	3.20721	3.29918	3.00308	2.50664	2.48863	2.74663	2.62413	2.0921	1.06638	0.225292	0.452266	0.184747	0.551601	0.71879	0.734835	1.41586	1.99034	2.43168	3.39586	3.78752	3.69398	1.69039	2.43207	1.80826	2.66785	1.32843	0.733022	0.890428	0.39071	1.49311	2.41752	2.10932	2.35234	1.98521	1.24	1.04827	5.97094	7.1287	2.5445	1.05055	3.14364	6.38255	7.03459	6.49194	4.15191	2.78109	1.08254	0.966212	0.690473	1.44957	2.8794	1.62448	1.1845	1.45289	1.64218	2.11369	1.66834	2.35238	0.87384	0.915551	1.10948	1.01586	1.70766	1.31416	1.79482	1.65561	1.49054	0.767251	1.75973	1.4472	0.610807	0.401204	0.954184	0.725038	0.959816	0.239957	1.26303	1.22127	1.88425	2.0942	1.45945	1.53052	1.55362	0.789034	1.91925	2.93833	1.501	1.17746	1.01128	1.52948	3.4386	0.846781	6.94171	5.58698	3.47391	3.33012	2.33512	1.29993	3.37646	2.74078	2.80029	2.60558	1.07295	0.258565	0.75216	1.36409	1.54873	0.238406	0.745394	0.873502	0.871949	1.47924	1.96186	0.428178	1.85469	1.2185	1.36855	3.9153	4.35418	1.35348	2.72983	1.97129	1.18561	1.46483	2.25716	1.62963	1.61438	1.44792	2.55386	0.384775	2.64555	1.76291	1.7707	2.38112	2.0554	1.37489	1.66762	2.52736	2.25171	2.64938	2.62672	1.75973	1.93098	1.87629	3.0709	2.45742	2.20828	1.94074	2.53218	3.14049	2.43273	1.26168	4.05594	3.60966	1.4998	4.2022	2.26022	1.71241	2.79228	1.79748	2.05252	2.20346	3.11743	3.43518	0.297827	2.10017	0.618457	1.19153	2.90133	3.68669	2.38184	1.71024	3.40656	2.52416	4.34499	5.28424	0.812964	5.32844	2.35369	3.49547	2.16727	4.93506	4.81769	3.21704	3.91316	4.90798	2.06328	1.83257	1.10771	1.06917	3.76793	4.72753	3.92676	1.18572	2.33714	5.05712	6.39427	7.81902	7.10842	7.11768	4.11947	1.23848	2.66129	4.73728	7.32218	5.30837	1.37467	5.30522	3.48566	2.55592	2.09543	2.06161	4.15146	4.23403	3.73679	3.01506	2.77911	1.48426	2.87908	3.19883	2.744	1.3827	1.28093	1.27846	2.33801	3.04998	3.33272	1.1932	1.73652	2.57382	1.13538	2.2536	4.03155	4.47569	4.56772	4.8668	5.34564	5.63003	5.56752	5.51431	5.76487	5.38399	4.08647	2.83037	2.66794	4.4236	3.34099	1.70228	4.68613
8.99864	9.60108	6.35735	6.06388	8.40643	1.73221	2.64401	2.16624	1.19697	0.59137	0.295229	0.511134	1.00643	1.76663	2.39833	2.78924	2.42207	1.9083	1.80845	2.0253	2.28679	1.68951	0.391019	0.99807	1.84867	3.25772	3.9271	5.06932	3.70702	0.724145	0.417121	1.67369	0.460409	0.504125	1.2599	0.775181	1.83747	2.87696	2.86727	2.6056	1.75832	0.765315	2.12916	6.23606	6.22211	3.20117	3.75697	5.62018	4.97622	3.93572	4.96423	3.73092	3.60292	2.75905	1.79047	0.965702	1.73627	3.00835	1.10159	0.820662	2.28306	3.42855	3.05307	0.88073	1.69656	0.556414	0.873463	1.24633	1.00715	2.74451	0.354517	2.97079	1.8424	1.45106	0.932359	1.78655	1.43633	0.837627	0.714412	1.08157	0.707336	0.722948	0.443687	1.02657	1.29045	1.3611	1.7829	1.57442	1.39571	1.54469	1.02679	3.76766	2.32171	1.35574	1.56742	0.232955	0.534943	2.91534	2.18859	6.04106	7.4147	4.53488	3.33259	2.29728	3.06393	2.45996	1.23657	1.09218	2.04796	2.06854	1.78876	1.03249	1.63365	1.498	0.672155	3.04069	3.39506	2.85574	2.94986	1.80883	2.38355	2.61012	1.07963	0.108322	1.23613	3.88685	2.77825	0.874821	2.62638	2.58608	0.567476	2.12956	2.21143	1.5912	1.62981	2.75328	0.0335403	2.47917	2.61637	0.905545	2.54667	2.71075	1.19239	1.69924	1.86729	2.33717	1.79994	2.844	1.38703	2.1803	1.93752	2.78299	2.67903	2.69811	1.53745	2.52895	3.3367	2.09578	0.966632	3.08465	2.6808	1.54869	4.09195	2.02878	2.78921	3.73954	2.27275	3.14668	3.36598	2.55443	2.36515	1.47639	4.05075	3.37948	2.23147	2.80757	3.03027	2.7004	1.93887	3.29134	3.12756	3.97269	5.00003	3.3262	4.51622	4.68737	2.14701	1.8195	2.77325	1.17276	3.17859	4.45148	3.00237	2.84245	1.03027	1.9994	2.9899	3.96141	3.72846	2.25324	6.3086	6.48795	4.48871	1.82995	3.24081	5.22852	4.24953	0.674253	4.03458	6.91685	8.39908	6.51439	5.50782	2.44484	2.55303	2.42499	5.34949	5.49688	1.32248	4.76333	3.11534	3.22325	4.52793	6.32876	7.01748	5.28266	0.679173	3.97549	3.25726	1.84683	0.925108	1.14378	4.22992	4.74207	2.22461	1.03193	3.38179	2.36426	3.99362	3.01829	1.62668	0.497958	0.093537	0.246869	1.14677	1.88737	2.19754	3.61768	3.62965	2.51906	3.50072	4.30972	0.232688	4.47654	6.28734	4.64053
10.2268	7.35589	4.65435	8.41456	6.7228	0.35168	1.26102	1.94608	2.66719	2.06454	1.6088	1.45179	1.08556	0.599386	1.83997	2.97348	3.21679	3.0603	3.20601	2.94176	1.77267	0.921152	1.06589	0.895818	1.09415	2.59366	2.93947	3.92184	4.65486	3.45884	2.78992	2.77902	1.65603	1.4967	2.80126	2.50497	2.88785	3.34229	3.61902	2.90566	0.19457	1.55473	2.87971	6.07665	6.34207	4.34836	3.23294	3.00323	0.386188	3.90545	2.49876	1.247	2.55205	3.72816	4.06242	3.47826	2.09644	2.2127	0.906381	1.23742	1.4579	2.72931	3.94205	1.2883	2.14253	1.37297	0.557608	0.970871	2.18553	2.96268	1.19717	2.91542	1.22089	1.82685	1.46556	2.11684	1.70988	0.990576	0.937051	1.14641	0.948011	0.708571	0.493579	0.70939	1.10886	1.09718	1.44445	1.53384	1.58347	0.881527	1.95823	3.76444	1.1763	2.77403	1.01813	1.50315	1.85159	2.22324	3.89321	3.08364	6.30964	3.24134	1.51841	3.02002	3.0363	1.99773	1.81037	2.3787	2.85105	2.2338	1.35941	2.3596	2.57567	0.494389	2.92589	3.73727	1.84022	1.17708	1.86237	0.412368	3.93061	2.75936	1.81866	1.27235	1.32727	2.74454	3.19993	3.03376	1.50902	2.41123	1.90315	1.12583	1.91516	1.05303	1.90455	2.15528	0.834889	1.18898	2.84006	2.59017	1.23313	3.33466	2.08809	2.16881	1.91859	2.96242	0.211225	3.19819	2.16763	1.33916	2.12549	2.02288	1.84926	1.88893	2.29613	3.10837	2.62556	1.73662	1.30278	2.4885	1.25304	2.83634	3.65169	0.956999	3.4383	3.91743	1.74368	0.57566	0.459414	0.808923	2.14532	1.57169	4.01466	1.59345	2.84437	1.02096	2.4396	2.06684	0.603354	3.9921	3.8229	4.8329	4.66103	1.76131	0.850319	2.2811	3.28132	2.47725	1.72229	3.62096	4.81752	4.13637	3.25473	2.33537	0.595952	3.23435	2.84891	2.88331	2.97698	4.50847	2.82154	3.60313	3.99074	5.4671	4.03322	2.11167	0.887174	4.44573	8.10247	8.04416	5.87225	1.32043	5.93661	1.89488	6.23344	5.8931	2.25757	3.48332	3.33608	3.02462	4.57349	2.64226	2.14745	4.2392	4.78362	7.47001	6.1409	0.643329	4.02627	4.12437	3.79072	4.88917	1.91196	3.74383	4.0839	2.49089	1.69532	1.89402	2.36935	2.03259	2.59067	2.92675	3.96101	4.80078	4.85341	3.97233	3.60864	3.12088	1.94704	1.74002	3.90877	3.01062	3.53358	7.42463	4.22795	4.41572
9.09321	10.7998	10.1839	7.67477	3.95554	1.81718	2.19559	1.63701	2.16143	0.455788	0.880639	0.711858	1.15489	1.7561	1.4863	0.470376	1.26873	2.01087	2.5934	2.37863	2.07644	1.77002	0.876122	0.411307	1.40188	1.93031	1.99664	2.11386	2.67287	3.90752	3.24601	3.69735	2.49125	1.97809	2.85205	0.838736	2.70075	2.74477	3.90155	3.88879	1.52538	2.08491	2.56015	5.70509	6.96048	4.17311	1.28074	1.86492	3.0237	3.46135	1.13983	0.411893	0.608334	1.46402	2.28241	3.02267	2.21298	1.16928	0.429576	2.05986	2.73037	3.0027	2.80322	3.05129	1.21214	2.04378	0.697741	0.79776	3.71026	2.03254	2.34371	1.90091	1.50539	1.19846	0.370536	1.55537	1.99154	1.83509	1.61035	1.54451	1.84207	1.21809	1.17476	1.33368	1.43765	1.13686	1.3467	1.65366	1.71367	1.11757	2.02396	2.91699	1.84271	2.97428	1.8887	3.10229	1.15076	1.75827	3.76164	2.01435	4.79769	5.99649	5.7383	3.1181	2.20796	2.48046	2.99347	3.78454	4.46865	3.83695	3.2789	3.99246	2.62354	1.43558	3.35261	1.95784	2.0954	3.25432	3.64369	4.39736	4.74474	2.58229	1.76583	2.66713	2.57627	2.87952	2.71856	3.27021	3.2022	2.22709	2.39545	0.737732	1.8539	1.98393	1.02982	2.24379	2.56566	1.46062	1.20245	3.65985	2.29336	2.18826	2.82375	2.0116	1.51706	3.23306	2.02189	2.04467	3.57993	0.732674	2.3049	1.45602	1.73881	2.01464	3.80564	1.51288	2.23146	2.98676	0.837598	1.64763	1.93687	2.42344	0.773394	1.70921	3.01045	2.9812	2.10528	3.33958	3.65005	3.54075	2.95548	1.52225	3.80198	1.27263	3.01152	1.53892	2.65952	2.30317	0.979467	3.89339	3.30267	3.33657	1.72443	4.01095	4.22995	2.7412	3.3678	2.7839	3.62368	3.44064	3.36085	3.2838	2.34833	1.62208	1.92642	1.40717	2.37833	3.92105	4.11034	1.89229	2.5408	2.86002	2.73025	4.63214	4.92643	2.43459	1.33921	6.64051	6.02102	2.41383	2.02443	1.86328	5.73781	1.49496	5.50079	3.34382	5.51021	1.85351	3.86624	1.50689	3.58909	3.41662	1.81151	3.97539	3.72915	4.49527	7.33543	1.84466	3.18786	4.97521	4.10639	2.90302	4.1626	0.935752	2.66511	3.21577	1.28857	2.37827	1.72704	2.86338	2.90147	2.03097	1.71679	2.01322	2.55085	3.55613	4.41555	4.72068	5.52509	5.08568	5.35411	1.45282	6.13109	6.07163	0.845998	5.15584
4.13186	5.48812	4.79627	2.42361	1.04658	0.982512	0.950832	0.910508	1.38957	0.575544	0.486994	0.632149	0.816835	1.84503	1.51528	1.46995	1.56223	1.51331	1.37597	0.971514	2.41966	1.98735	1.24314	1.51822	2.02056	1.47678	1.97064	1.49696	0.577534	1.82448	2.8824	4.79313	4.66847	4.53792	5.18938	4.06117	3.61643	2.77613	2.98704	2.76146	1.32974	1.76203	2.52808	5.69209	7.41859	3.06665	1.16697	2.22684	2.36951	1.2949	0.728017	0.905398	0.744993	0.754927	0.834517	1.74535	1.2031	0.424033	1.43845	2.38842	2.2954	1.25783	1.31948	2.52155	0.995007	1.67377	1.77045	1.09023	3.89887	2.53985	2.62062	2.23738	1.2327	1.38601	3.22207	2.99833	2.37925	2.36258	2.63585	1.54681	0.630929	1.15086	0.256592	1.0607	1.53601	1.80864	1.32418	0.584922	0.533677	1.30534	1.64106	2.08812	2.48112	2.38581	0.957378	2.76894	2.89368	2.81547	3.44866	0.630563	3.23417	6.04053	8.92301	7.85117	5.33574	3.78194	3.51497	2.17861	2.54048	2.54409	3.41724	4.95576	4.03348	0.274947	3.59056	4.20504	4.26698	3.62539	3.16559	3.39915	2.57856	0.93077	0.236056	0.575696	0.459355	1.97498	2.83592	2.97675	3.27057	1.66684	2.08654	0.545587	2.33278	1.86774	0.870762	1.86113	2.71418	2.7007	1.50397	2.17788	3.49413	0.672848	2.21038	2.14398	1.54618	3.17764	2.52688	2.07725	3.53822	1.21867	2.05245	1.66081	1.22671	3.94895	3.36407	1.1313	2.21356	3.57778	2.20368	0.0691374	0.512403	1.5202	3.51693	3.09362	1.17182	1.79589	2.1137	2.27722	2.68081	2.34282	2.83655	2.20153	3.45374	1.76057	2.6293	3.01099	2.94124	0.362953	1.27173	2.09335	2.94557	4.04084	3.21004	3.03152	3.35371	5.16152	2.18574	3.73474	4.66648	3.20956	3.81595	4.52296	3.63712	1.9666	4.22396	5.05132	4.02328	2.73828	1.64376	0.849059	3.78876	3.8063	3.13196	4.12421	4.45017	2.56261	1.95587	6.90072	6.6002	3.8589	3.48958	0.830066	5.48147	1.85783	5.09053	1.72907	3.92759	4.17979	3.95819	3.28267	3.03485	4.05396	3.65491	1.87764	4.63002	3.42414	6.77084	2.68791	4.22471	3.01395	5.21874	2.53553	4.20985	4.50469	4.73305	3.66305	1.73615	0.367645	0.403725	2.03001	3.08175	3.02582	4.36166	5.10301	5.0132	4.30527	4.07673	2.6472	0.924489	4.0014	6.64729	0.672698	6.78507	4.50281	2.75312	3.51899
1.37124	1.395	2.05055	1.58206	0.260453	1.38747	0.781249	0.653709	0.676539	0.492526	0.988212	0.741852	0.687994	1.59829	1.09	1.76481	1.45695	1.54292	2.00134	2.07192	1.76206	0.790704	1.73729	1.66587	1.21647	1.29569	2.30503	1.44486	1.37571	1.06347	0.818162	1.98939	3.3978	4.34803	5.46058	4.97318	3.77233	3.30452	2.9737	1.7181	0.756629	1.60166	2.33266	4.99552	6.82316	3.12105	3.12255	2.09225	1.37177	0.571502	1.18537	0.957327	0.902605	0.369369	0.70593	2.12858	2.39962	1.8511	1.94215	0.583016	2.32101	2.27515	1.95392	1.82859	1.87951	0.687146	0.683144	1.09729	1.49823	2.88493	2.35441	1.38289	1.35421	2.6484	2.368	2.45552	3.25301	3.79913	4.03938	3.87596	2.75392	2.28864	3.43793	3.84516	3.40494	3.06808	3.00357	2.85731	2.23673	0.509846	1.23184	1.38079	1.8488	1.32584	0.429981	1.39913	2.06541	3.29282	4.41664	4.72272	3.64142	2.33334	2.73179	7.36934	7.18118	2.72731	1.81799	2.43112	3.44246	3.19197	2.79066	2.7585	4.16482	2.93649	0.581923	2.06677	1.55312	0.582608	1.3656	3.48664	4.41952	3.3045	1.92987	2.01508	2.35849	1.0091	1.10158	1.71183	2.90811	1.61368	1.90724	0.710497	2.84801	1.48874	1.12908	1.74938	1.83042	2.67465	2.62698	1.18243	2.54283	2.48176	0.718009	1.70143	1.89485	3.3979	2.31297	2.26351	3.14162	1.56015	2.03152	1.81414	1.73475	4.72244	1.88297	2.58092	1.98844	3.23965	3.52762	2.02574	1.24838	3.30745	3.23001	2.27694	1.62599	0.110025	0.372098	1.14474	0.960329	0.296162	1.72666	2.29806	2.40718	1.47465	1.43933	1.23637	0.289685	3.0772	2.85674	1.72688	1.15256	2.39179	2.73184	1.46304	3.74517	5.03214	3.02684	2.50857	3.92877	2.72671	2.00075	3.11693	3.65761	2.2524	3.3646	2.44584	4.13626	5.10618	4.68844	2.50602	1.38871	3.21745	3.79903	4.86531	5.08834	1.91945	1.748	4.00837	5.18661	4.48032	4.40517	1.26519	3.89464	3.96479	4.89582	2.88799	2.03632	3.29517	3.61208	2.53653	1.62624	2.5159	3.90439	3.43049	3.34254	2.28356	6.25041	1.38679	3.49289	2.28781	3.09323	4.25541	0.231399	2.30747	2.08061	0.612921	1.64532	2.73579	2.32329	0.810075	2.84037	2.73552	2.53793	1.73721	1.60118	2.93141	3.40236	3.79352	4.78873	5.04337	5.378	0.859056	6.73081	5.56275	2.86325	2.37331
1.51458	1.57224	2.03656	1.05525	0.792952	0.535532	1.35785	0.48143	1.17175	1.45608	1.53855	1.46699	0.495457	1.11855	2.16917	1.59249	1.14868	0.622426	0.413715	0.793576	1.02808	0.769645	0.286654	0.75112	0.904391	1.85996	2.65058	1.80444	2.22568	3.1077	3.17255	1.99458	0.174522	1.66876	3.27454	4.13055	3.81223	3.36927	2.60761	1.65839	1.70266	2.18384	2.58579	4.60045	6.94946	6.5963	4.58333	2.39189	1.63048	1.56623	1.13448	2.30787	2.21254	1.62811	1.46094	1.51229	3.29198	2.7082	0.894342	2.91362	2.41572	1.11763	1.56014	1.46807	2.32771	2.98923	2.95633	2.28147	1.43286	1.08691	1.78694	0.825549	2.22113	1.64335	1.59522	1.31259	1.18551	0.87499	0.153629	2.13857	3.78688	4.44395	3.84434	1.89772	1.11664	0.910705	0.00797051	0.917178	2.70005	1.06674	0.666009	0.497725	1.12278	0.761822	0.428885	0.67649	1.11063	1.39566	1.90925	3.82955	4.6541	4.10257	3.53357	2.92308	8.25174	3.332	2.16499	2.85606	3.46735	1.73617	2.13364	2.15376	2.29032	3.05446	1.43192	1.90449	2.95948	3.82808	4.7483	7.77313	8.34767	7.61614	2.98368	1.72362	2.70666	2.62743	1.24566	0.202015	2.14824	2.64205	2.42999	1.94503	3.13046	1.00978	1.67278	2.11937	1.23367	2.29138	3.35705	3.58177	2.5898	1.13181	2.19736	1.45927	1.50669	3.15459	1.69677	1.51344	2.35721	1.60523	1.43753	1.4482	3.1883	3.8292	1.91	3.09462	2.08031	2.58799	3.38327	2.72721	1.98594	3.2357	1.19424	1.44277	2.39687	2.10826	1.7945	1.95966	2.86165	2.66354	1.75385	1.0269	1.27671	2.22793	2.80122	3.21621	3.73684	4.63786	2.81283	3.09141	0.326113	1.11073	0.853099	1.41806	3.39814	5.7162	3.90921	4.06853	6.4088	5.80767	5.55163	5.02931	1.64909	2.71855	2.84996	2.4905	2.14482	1.57171	4.56581	4.82696	3.95621	2.68056	4.41332	5.80575	4.97742	0.988287	5.43739	5.62935	3.16165	4.29131	5.4604	4.28973	1.17728	1.69885	1.9456	0.548239	1.27479	1.26598	1.42253	2.48587	2.84422	0.968208	1.4869	1.94754	2.00094	2.06628	6.02752	0.94918	4.02532	1.73966	2.11735	2.6427	2.73841	0.432572	1.4594	2.79519	3.31468	2.07013	3.66893	0.296731	2.45319	1.7903	1.019	2.26618	2.82728	1.67792	1.99041	3.3487	3.28065	1.49521	2.491	3.66991	3.97522	7.49775	0.438376	2.09141
1.73933	2.21639	2.31312	1.03709	0.325763	0.0567983	1.04751	1.95316	3.13058	2.77298	1.64457	1.42838	1.41224	0.907036	0.988527	1.0416	1.92777	0.479412	1.11507	0.933689	0.401812	0.906335	1.22137	1.10764	0.870633	2.60159	3.19786	1.57172	2.44517	4.10204	4.18577	3.70586	2.50268	1.08327	0.272086	0.8821	1.1569	1.5256	1.23379	1.18072	1.67422	2.49355	3.29824	4.31527	5.61859	5.82996	4.66292	3.53571	2.88482	1.90584	1.93732	2.0607	1.2436	0.962808	1.93478	1.89688	2.51336	3.42759	0.432081	4.06727	1.70985	1.26576	0.330311	1.25576	2.03579	2.39644	1.79988	1.76417	2.04001	1.18068	1.13707	1.11489	1.60176	1.85296	1.93973	1.92761	1.65386	1.47121	1.35204	0.741865	1.10358	1.3022	0.52754	1.58852	1.74654	1.8616	1.55686	1.16119	1.65491	2.27492	0.464998	1.40302	2.23009	2.51043	2.71452	1.53527	0.230834	0.744196	0.968596	1.54699	1.83497	2.74245	4.9742	1.03364	7.93787	5.82152	0.80286	2.89448	2.42926	1.49494	3.51343	3.05165	2.13358	2.1195	1.37452	3.96492	5.19451	6.47279	8.11339	9.22265	5.9217	8.1864	3.85393	2.31698	2.97802	3.55557	2.04707	0.584067	0.883396	1.67656	1.41664	2.42533	3.44577	3.27259	2.85497	2.57816	1.88244	2.17823	2.72485	3.28684	2.9363	1.93723	1.34902	2.94337	0.601689	2.91367	1.28253	2.18319	2.31674	2.11296	0.548003	2.2933	3.74572	2.21932	1.76448	2.3279	1.95146	2.79126	3.05663	2.37858	2.65556	2.58461	0.378808	0.372279	1.30293	2.48086	1.82589	1.5484	2.15121	3.45028	3.85801	3.5129	3.26835	3.48064	4.29892	3.6879	2.25647	3.09552	1.51439	3.60411	2.28847	2.0013	2.20082	1.52114	3.21277	6.71111	3.52151	6.12801	6.24282	2.69154	2.50565	0.698765	2.21835	2.65651	2.10513	2.0725	2.43722	2.92022	3.20797	4.6108	4.60457	3.6766	3.96039	5.92733	3.97051	2.88513	6.4851	5.65217	6.37184	4.22894	1.47558	3.1804	2.05025	1.28263	3.15651	3.16815	2.84874	3.09722	3.74391	3.98687	3.60025	2.21589	2.75262	3.08443	2.42776	1.38096	5.60928	3.21353	3.03073	3.34054	2.31738	3.04257	1.91622	0.976242	2.15379	2.31743	1.37552	2.50058	3.49998	2.20188	4.08805	2.89024	2.87041	0.804018	3.22898	3.85861	3.10018	3.20767	2.34023	3.83058	3.55898	5.55526	1.24893	8.09867	3.30156	2.13102
1.59127	2.34898	2.93918	1.17997	1.92006	1.69475	1.64026	3.09328	3.399	3.20292	2.62094	2.05446	2.58396	3.01303	2.68035	2.12902	1.46168	0.325255	1.06256	0.493106	0.215229	0.111811	0.250542	0.114555	0.458946	2.02742	2.94974	2.65327	3.67843	3.95885	4.81993	6.23842	5.84732	4.34731	3.72532	2.81076	1.66496	1.10998	0.535664	0.375424	0.899716	1.01453	1.50126	2.29656	3.24776	4.24918	4.19341	4.02823	3.73662	2.45457	1.64299	1.27659	0.604276	0.440108	0.901883	0.72063	1.4547	3.1247	1.3458	3.49019	2.16144	1.02712	0.524081	1.23763	1.43311	1.93781	2.74122	2.9052	2.14943	1.72216	2.716	2.24226	0.775761	0.71551	1.16938	1.51442	1.22624	1.19748	1.24462	1.2626	1.64313	1.58682	1.32886	1.8011	1.6797	1.63895	0.839475	1.57961	0.773405	2.09432	0.614167	1.87673	2.3636	2.36876	2.74711	3.39764	1.33221	0.874489	0.701643	0.292886	0.82017	2.16894	4.8651	2.60591	6.66952	9.51567	6.78704	3.72856	4.00405	3.72043	1.9149	3.07182	3.3304	1.2562	2.43035	4.20849	6.26514	7.94892	6.93908	2.94978	1.8299	6.4696	8.04649	6.66147	6.24149	6.48052	3.60736	0.963561	1.46615	1.46406	0.833583	0.902105	1.77983	2.38158	2.25586	1.41728	0.181108	1.7947	3.29227	2.93679	0.89366	2.92377	0.572233	2.78939	0.950159	2.59634	3.37664	3.66981	3.09542	2.14755	1.33673	3.6564	2.29518	1.49515	1.41007	2.14875	1.06168	2.89851	2.47696	2.45396	2.97545	2.32265	1.48743	0.784265	1.3626	2.06989	2.6062	1.47859	1.20377	1.9655	2.93277	3.67605	3.24555	2.64081	1.93638	2.15735	1.83111	3.48627	1.82526	2.88789	3.9363	2.85729	2.66977	3.02401	2.7119	6.44744	2.6501	6.85549	5.49838	2.97404	3.787	4.12019	4.65942	4.39361	3.90035	3.25599	2.97281	3.03209	1.63966	3.45256	4.74234	5.50408	5.66023	5.60888	3.19244	4.18029	7.90254	4.61983	2.64625	4.75557	6.0433	5.31628	1.75864	2.87323	2.25272	2.13379	2.28243	2.48328	2.88076	2.36805	3.76792	3.38135	4.63776	3.90076	4.45523	0.725915	3.80305	5.03891	3.57398	3.97464	3.38359	2.06685	1.56441	2.16575	1.72214	2.52512	0.287996	2.63611	2.34619	2.77893	2.72715	1.78337	2.44786	2.77384	0.82165	3.18515	3.30997	3.0299	2.98622	3.31115	1.99336	6.95757	0.641761	7.33147	5.55365	2.03686
3.94388	4.07138	3.26306	2.27562	2.0379	1.89725	1.74347	3.07603	1.90029	1.21667	1.70529	0.838919	1.29308	2.39045	2.7178	2.49965	1.91553	1.66692	1.60168	1.59959	1.8303	1.75067	1.33956	0.343891	0.930863	1.88395	2.20829	3.04797	4.17643	4.42688	3.0154	5.54521	7.82469	7.02033	5.39378	4.08284	2.85802	1.86966	1.28843	0.516638	0.30646	0.320869	0.390538	0.704187	1.49578	2.75207	3.7011	4.15585	3.46928	2.63128	2.1183	1.21655	0.455206	0.214508	0.883755	0.985446	1.76066	2.99178	2.08948	2.58857	2.47785	0.725048	0.755127	1.44753	2.1923	1.72182	0.629053	2.77735	3.26867	2.69226	2.10038	2.09689	1.22519	0.95263	0.791645	0.936931	1.26653	1.72123	0.611127	0.733894	1.13839	1.17731	0.911624	1.20842	2.0424	1.41321	0.461533	1.23264	1.45404	1.87169	0.441717	1.91852	2.07591	2.82184	0.976396	3.14864	2.7766	1.08827	0.203773	0.573283	1.00338	2.35993	5.429	3.33892	2.61316	5.62763	7.82795	6.65132	2.92728	1.07237	2.60603	3.20648	1.92262	2.18292	2.5219	4.22939	7.44053	4.44835	3.22124	5.7568	3.96338	1.8447	5.66401	6.19809	6.11526	7.67232	7.05891	3.95126	5.40226	5.20627	2.96139	2.02856	1.38283	0.717557	1.36154	3.47638	5.09459	5.20274	4.34563	3.66016	2.3715	1.86093	1.94668	1.74449	2.18818	1.32724	1.66915	1.14719	0.799949	0.727149	2.51043	3.73367	1.40923	1.26159	1.04872	2.16529	0.995426	2.36276	2.20308	2.3331	2.78399	2.49623	2.46321	2.22097	2.42735	2.53884	2.71379	2.30729	0.645706	2.51673	1.20499	1.31286	2.61163	2.50732	1.67406	3.54588	0.934427	2.15757	3.96396	1.25589	3.57192	3.77211	3.28731	3.91296	2.555	5.50469	2.30473	7.31346	2.51846	2.79616	2.84523	0.445941	2.12079	3.38246	5.76126	6.81183	5.68334	4.26639	4.81167	4.00828	1.84681	3.52361	4.34166	2.47367	1.46762	7.1333	7.25753	1.76273	4.08009	2.80719	0.116891	1.37555	3.11731	3.77462	1.62893	3.20208	3.18606	3.03184	2.70621	2.80258	3.65292	2.9388	1.77573	1.85888	4.33874	4.08642	1.69231	2.28527	4.42459	4.20506	2.33995	0.326164	2.72731	2.08889	0.975047	2.30537	1.34063	2.55655	2.51634	3.15267	1.72869	1.93279	0.99065	2.3931	2.57794	1.84271	4.42228	5.58364	4.44803	2.93137	3.19897	7.2052	1.47141	6.01155	6.30467	3.88912
2.26223	2.74514	3.08962	2.3304	1.29685	1.4767	1.82494	1.73354	0.756215	2.05953	1.52771	0.636675	0.730883	0.255851	1.49804	1.85584	1.91561	2.97922	3.92755	4.0938	3.79671	3.52316	3.4653	2.2299	1.07767	1.68759	1.15438	2.96468	4.58157	4.79427	4.95682	2.14403	4.61295	5.65077	5.50298	4.81822	3.29822	3.18092	2.71597	0.697599	0.395289	0.379834	0.358843	0.446	0.713969	1.26064	2.80895	3.97127	2.99025	1.85797	0.774155	1.24073	1.32563	1.20145	1.88845	1.89474	2.87157	3.68998	1.99639	1.49332	1.68769	1.67443	0.972077	0.717256	1.71558	2.75956	2.3832	0.426322	3.08363	3.69492	2.45528	2.33778	0.978194	0.895813	1.18851	1.17858	0.931725	1.65289	0.628078	0.975032	0.644389	0.945077	0.907043	0.382402	2.12589	1.67855	0.582261	0.537466	1.21219	0.810215	0.364609	1.57644	1.81229	2.35221	2.43166	0.676913	3.16938	2.04688	1.24007	0.869234	1.08218	2.35669	5.71228	3.99205	3.53662	3.69908	6.8575	11.1378	8.7989	5.00508	3.60607	2.7413	2.04391	4.18137	4.30183	3.84515	6.3291	4.90447	8.36143	5.19646	6.13355	6.26488	6.33058	4.42309	3.91178	3.50964	6.53242	2.92919	6.00563	7.28639	7.42325	6.17841	4.50041	2.58841	4.31748	5.84045	3.86467	1.57379	0.744821	2.70677	3.04346	1.42749	2.97516	2.94489	2.04328	1.30094	4.66588	5.57249	4.4171	1.73145	1.04479	3.87568	3.7862	2.6133	1.75662	2.26408	1.63672	2.74384	3.32599	3.15599	2.75834	2.21137	2.35057	2.57047	2.62728	2.34597	2.10401	3.55154	1.33661	1.42884	2.37635	2.40195	1.12734	1.76746	3.04382	2.98296	2.82569	1.29858	2.93923	3.80568	0.735714	1.79022	2.51802	3.5684	4.58062	5.10945	1.0151	6.64112	1.70674	1.14073	3.52209	3.71684	4.55945	5.66573	5.76398	5.05743	6.06205	5.34985	5.47729	6.305	5.98289	4.0062	0.712535	1.55568	4.25228	6.76052	1.85481	3.44071	3.60868	3.46009	4.37342	5.77841	4.24989	2.6931	2.4652	4.59583	3.36995	4.3981	0.827542	2.87119	3.3292	3.38547	4.33693	3.70637	1.34024	1.9968	3.67304	2.9484	1.90938	1.26408	1.63836	3.01234	1.7832	1.85585	2.24767	2.29298	2.49751	3.56877	4.20733	4.13428	3.55136	3.77423	2.95685	2.74897	3.87983	1.9232	0.927924	1.36282	2.35534	2.14862	4.14498	6.80888	2.29012	4.36865	5.74065	4.47577
2.34616	2.58958	1.71051	0.251744	0.452511	0.778472	1.00678	0.620961	2.1324	1.77856	0.628323	0.394179	0.709136	1.8474	2.95716	3.38382	3.96967	5.80583	6.8185	6.38732	5.42636	5.42618	5.75188	4.60895	2.28451	1.40288	0.0782811	1.93279	4.75676	4.69404	6.48813	4.12302	2.34401	2.89979	4.30446	5.09564	2.79534	4.03561	4.82891	1.20259	0.196079	0.631798	0.723582	0.701947	0.756554	1.17335	3.03047	4.12336	2.78763	2.94417	3.12584	3.55338	3.58168	3.66965	3.51699	2.8223	3.74387	5.11966	1.91697	1.78243	0.97138	1.64202	1.43005	0.542281	0.724411	1.2823	2.06819	2.77934	2.97674	3.62061	4.06403	2.59442	0.896998	1.22616	1.95483	2.14844	1.90272	1.36214	0.166646	1.07861	0.749795	0.904993	1.30418	0.529539	1.5903	2.02686	1.70386	1.1471	0.301029	1.18003	1.91451	1.68618	1.35377	1.42294	2.26734	2.69687	2.10444	3.07445	1.32928	0.461982	1.38363	1.98403	5.30221	4.92119	2.39963	5.58178	8.01147	12.357	14.9941	10.5567	6.98208	5.35686	3.0429	5.47795	6.48728	6.30542	1.18388	5.02329	5.78757	2.97897	4.78215	5.62697	6.58917	6.87644	5.05458	4.89391	5.18805	1.76014	6.91345	5.93481	8.65853	7.46009	5.62596	3.00822	5.21859	2.91539	2.69709	2.58143	2.8835	2.6267	2.4508	1.45214	0.994703	1.29814	0.703625	4.4633	7.38066	7.33289	8.14609	5.4556	2.55192	1.11614	3.63123	3.82748	3.14147	2.64478	2.10212	3.0169	4.04991	3.90804	2.20305	1.95249	2.87469	3.069	2.60763	1.54697	1.74573	3.39271	1.72552	1.06236	1.86123	2.7644	2.40891	1.87637	2.90226	2.0388	2.9192	2.77709	0.634104	3.61864	3.55749	2.79165	2.35793	2.15348	0.931306	2.97579	1.77619	5.17548	1.78402	3.17674	3.19373	1.82347	3.47424	2.44309	2.47053	5.90932	5.01422	2.89487	3.77667	3.63621	3.95998	6.42748	1.68632	2.91584	4.33503	5.52056	6.05998	4.72771	5.15283	4.84202	6.02945	5.39238	4.761	4.08992	4.25483	6.33378	6.18005	4.39989	1.64212	4.23611	1.75964	1.76385	2.36504	2.70256	3.453	3.62638	2.29916	3.01804	3.28704	0.846516	3.10883	2.09486	3.44385	2.84854	2.24852	3.51789	1.89424	0.59775	0.642743	0.50174	0.930046	3.43613	4.45908	4.18818	4.91703	3.88084	4.4071	4.20542	2.66673	1.1872	4.94213	6.78718	2.15288	3.93219	5.50459	4.36735
1.71862	2.88264	2.29033	1.00698	0.704749	0.518518	0.769934	1.632	1.41423	0.336115	0.461639	0.205849	1.54648	3.65353	4.24147	4.27902	4.20903	5.81254	6.09305	6.31021	5.88088	7.4177	8.34078	6.61673	4.16244	2.63243	1.30871	0.621496	3.8309	5.561	8.10885	5.27809	0.780754	1.68074	3.29314	4.87187	3.70105	4.07281	5.40616	3.69088	2.71817	1.67686	0.467651	0.316485	0.850403	1.82804	3.94953	4.59571	3.32305	3.79174	3.92397	4.07568	4.7037	5.30144	4.90471	3.34065	3.82068	6.13574	0.988056	0.344234	2.23761	1.14021	1.33904	0.272428	0.459291	0.783754	1.73392	3.26326	4.80074	1.21704	5.17245	3.458	1.70308	1.86398	2.25528	1.88722	1.84127	1.38099	0.839322	0.82669	0.739044	0.38958	1.4049	1.42579	0.559769	1.16832	1.54005	1.81342	0.387733	2.00973	1.4722	0.714248	0.470028	1.02305	1.19803	2.16656	2.95607	2.48258	0.973639	0.529413	1.36522	2.05695	3.62149	5.31503	4.77939	2.57686	2.62309	2.42357	10.3299	11.4577	6.7268	4.33813	3.8545	7.08493	5.8409	5.58313	5.9176	5.20738	1.82396	0.823863	1.47971	3.00187	2.64195	2.96704	4.67132	5.59999	2.32461	4.66269	7.76897	4.05213	3.3188	5.44197	4.62317	1.64325	4.36924	0.402046	3.73836	1.68894	1.93784	2.1232	1.70646	0.573476	1.66942	1.76457	2.41087	5.34754	5.72997	0.213151	4.20671	4.97248	4.29679	2.20824	0.41319	1.97896	2.9415	2.92789	2.48262	2.07346	1.66389	2.47132	1.47554	1.50314	2.22663	2.46499	1.89144	1.7157	3.05758	2.52649	0.77873	0.893958	1.4415	2.31234	2.54222	1.54673	3.04375	1.84008	2.21888	2.62415	1.14608	1.51707	2.86464	1.98221	1.63668	3.33453	4.19859	4.88262	0.24368	3.91925	3.34672	4.71333	0.624292	4.53798	5.75043	6.13383	2.78896	4.91129	4.66411	6.00154	6.63183	6.06332	5.03362	5.72898	2.50756	1.6661	2.71201	4.10901	3.81864	3.58245	5.6774	6.30672	4.64143	2.08149	1.68494	1.59811	0.873499	1.29779	0.96824	0.996251	1.50182	3.84832	4.85392	5.25109	5.32306	3.95232	2.11844	0.8374	1.49549	2.39733	3.55627	0.915905	3.70311	2.59622	1.57944	2.84746	3.25217	3.59735	1.04304	4.06094	5.12404	5.9319	5.71746	3.75387	1.59433	2.69159	4.98111	4.40755	4.43217	4.769	4.99011	4.61656	5.57186	6.41839	0.834634	4.81261	5.19519	4.23422
2.94484	3.68089	2.50125	1.39434	0.748974	0.609767	0.951221	0.968934	0.940045	0.806495	0.539727	0.82314	2.95956	5.39274	6.32038	5.77085	4.1023	6.13881	5.99365	7.11037	5.84361	5.6529	7.69392	7.0739	4.95662	4.29871	3.33244	1.31386	2.09089	3.96118	7.96546	7.6133	3.98948	1.97137	1.08888	2.96001	4.02124	4.42377	5.4214	6.2544	6.86362	6.10887	3.66951	1.57937	0.913148	1.83649	4.27489	4.57785	3.23722	2.79617	2.52457	2.63826	2.34694	1.85149	1.92025	2.0668	3.7887	6.55372	1.00702	1.30251	2.58963	0.347443	1.30051	0.56325	0.33565	0.523652	1.45773	2.50625	5.21982	3.98889	2.26707	3.95872	2.58208	1.26005	0.994102	0.493058	0.128865	0.741163	1.49021	0.550032	0.74375	0.65417	0.851151	1.52642	0.446076	1.33693	1.52565	1.25197	0.512326	1.57273	1.18888	1.2003	0.878683	1.11652	0.663946	0.777043	0.44982	0.336148	0.958904	0.798502	0.886514	2.06556	2.08802	2.4497	4.4771	5.40736	5.76712	6.87163	1.93264	12.2201	9.11434	5.03451	6.91845	6.64419	1.63885	3.09736	5.6881	4.26237	7.20606	8.37048	5.86449	1.78612	1.78132	2.83304	3.39312	1.44147	3.97029	7.03904	5.54812	2.85924	6.34147	5.61118	2.81581	2.58762	1.81872	2.99898	3.08021	1.53358	1.57773	2.1299	0.537455	2.5074	3.91108	4.48873	3.31466	3.6919	4.07847	4.43878	4.51946	3.60607	2.71111	3.57906	3.76951	2.07837	0.577668	0.144271	0.0909001	1.05411	1.88458	1.00018	1.63895	1.34759	0.5741	0.630866	2.03415	3.3007	2.87451	0.855705	1.25425	1.17022	0.433759	2.55267	3.54695	1.40537	2.27839	2.76694	2.37317	1.54934	2.53015	1.71784	2.33097	2.83808	2.19234	2.89832	2.35841	3.43546	2.83391	2.29371	5.05902	5.71075	1.60946	5.0035	2.51458	6.89809	4.11657	4.04761	4.06001	3.57008	4.49748	4.21777	4.41449	3.97772	0.188532	3.45363	3.15656	3.10184	4.02658	3.52793	1.5682	1.59377	3.29574	5.12149	4.50805	2.82597	3.42781	3.49721	3.83106	4.9166	5.16063	3.10459	0.88017	2.25835	2.74272	2.51627	3.20244	3.85045	3.18845	2.54821	2.96035	1.07153	3.35639	2.65401	2.32554	0.949582	1.69996	0.531721	4.05645	4.7008	4.58397	4.0095	3.95011	5.20866	3.55106	1.03064	1.5367	2.87594	3.53578	4.08528	5.22765	6.49711	6.32384	3.03563	4.17253	5.5293	3.83722	3.12747
2.99789	3.34937	1.93617	1.79949	1.41572	0.819219	0.213284	0.535952	0.775061	0.925566	0.935946	1.20953	3.08888	6.54181	9.01868	8.16086	8.89874	8.51262	6.02118	5.3878	3.95124	2.92235	6.09809	5.67347	3.88984	3.81628	4.26455	2.78803	2.46786	1.2904	4.76773	7.51132	6.22281	4.25519	2.28483	0.315404	2.89385	4.51469	5.85085	6.92006	7.95917	8.74979	6.95664	4.35032	3.01218	1.74394	3.38916	4.5028	4.18018	2.27927	2.29158	3.9905	4.5866	4.00851	3.34334	4.58542	6.13736	5.85017	0.665753	1.96086	2.14686	1.71775	0.465064	0.618341	0.485487	0.566637	1.22	1.38319	2.85496	4.85962	3.60113	0.687784	2.52838	1.37185	0.920293	1.47488	1.43162	0.667465	1.61634	0.647931	0.332291	0.916366	0.429314	1.53686	0.0698948	1.58518	1.53212	0.295477	0.625202	0.579087	0.509832	0.559336	0.781179	0.547869	0.735797	0.41103	2.10287	2.47608	1.90462	1.10121	0.916589	1.03855	1.58928	1.50884	1.79346	2.25298	3.39099	6.32212	3.20043	9.27112	10.9971	5.95227	6.05524	3.14071	1.78119	3.19239	3.70381	3.41621	8.04942	8.89727	9.89776	5.43374	2.35935	2.14533	0.357814	5.1879	8.91182	8.37508	3.44636	2.9762	2.60491	2.69084	2.53526	2.32937	1.6002	3.6816	1.7286	1.19136	1.58752	1.99042	0.236929	3.86539	4.77573	6.26845	6.84014	3.74998	1.85907	1.98172	3.06894	2.89042	2.61366	3.71683	4.06839	3.10794	3.13326	4.2862	4.35875	3.47906	2.34438	1.78067	0.846178	1.32237	1.17985	1.81964	1.94597	3.75287	2.29203	1.64486	2.23464	2.00699	1.64329	0.982494	3.28263	3.89768	0.55375	3.61906	2.48386	3.59325	3.71557	2.9781	1.09265	3.83094	2.16287	4.07064	5.19061	4.4405	3.75033	2.4364	5.00279	6.46106	3.25187	5.60769	3.76569	5.45564	6.62266	5.11616	4.49058	4.31235	1.75286	1.01997	3.28365	4.54285	5.60963	5.19976	3.7989	4.46246	5.78257	5.72128	4.13703	4.94891	5.26244	5.14372	4.28011	2.20103	2.85209	2.03452	1.7355	3.28245	3.05329	5.34128	5.26776	2.25084	3.45194	3.42575	2.36502	1.12678	3.79148	4.64059	1.55419	2.98684	2.97385	1.92056	1.92275	2.48508	0.498202	3.62111	4.65999	3.33695	0.320383	2.46967	4.23176	4.76179	1.73939	4.11782	4.81406	4.40101	4.04897	2.40384	1.55993	1.41495	0.143381	2.23793	5.85104	5.16166	2.64545	0.879958
4.07779	4.08806	3.21992	3.74456	2.08203	0.537149	0.233482	0.422764	1.27523	2.04735	2.30124	1.9391	2.01167	7.46639	10.646	4.07825	6.61884	7.58935	3.50496	3.87824	1.55236	2.22578	6.10766	4.9136	3.08129	2.25441	2.78651	1.94006	0.335934	0.579952	1.7271	4.00478	4.05549	3.37803	2.61224	1.45509	1.58336	3.27008	6.38401	8.26445	6.7237	6.95817	6.43032	6.41777	6.15158	4.17219	3.16778	3.93502	4.0103	1.59038	0.961171	2.31023	3.57091	3.3158	3.91025	5.60055	5.63176	3.82151	1.97242	2.50047	1.72456	0.989284	1.53005	1.65438	0.832288	0.518734	1.29149	0.863246	0.94386	2.42749	4.2677	3.5976	0.168384	3.01584	1.59094	1.1007	1.61765	1.33535	1.22581	1.01505	0.395412	0.829908	0.350208	2.15104	0.83289	2.23981	1.55005	0.183969	0.677928	0.478547	1.42421	1.98868	2.11493	1.59779	1.53158	3.67783	4.36661	3.11037	2.0546	0.760671	1.40242	1.28239	0.603726	0.852635	1.38898	2.34115	3.8016	4.8309	4.47149	5.05764	9.43142	0.985799	2.51609	2.82903	2.80887	1.94264	3.60641	2.89891	5.45442	2.79162	10.3737	8.37123	4.84363	3.02725	3.12379	8.93259	10.172	7.30153	6.0711	8.27553	9.79283	9.72228	7.6354	3.69708	3.03331	2.63452	1.62501	1.6901	1.82856	1.52931	0.525379	3.75949	5.35094	4.07008	4.64456	6.96216	6.72664	8.06136	8.43097	6.91025	2.42169	0.846147	2.96307	1.68553	4.63579	6.59075	6.90932	4.90102	2.85684	2.61947	2.61674	1.78653	1.08099	2.18303	1.3123	3.36521	1.85412	2.26042	2.66282	3.14865	3.40374	1.68869	1.93168	3.50199	1.58689	3.12129	3.71144	4.18492	4.3806	4.32186	2.68155	3.1618	3.52658	2.76352	3.36909	3.92411	3.56812	2.39458	3.76383	6.86124	6.08037	6.76407	4.32879	3.84869	5.17813	4.97336	2.71963	4.02074	0.777733	2.95953	4.55044	7.49901	8.74356	5.70128	3.38194	4.62061	4.36516	5.14746	2.0754	4.46282	3.92733	2.51192	3.13948	2.78699	2.25215	1.56046	2.00095	1.73285	3.25788	0.100778	4.31621	3.41631	2.34464	3.08418	2.50851	3.89615	5.01678	5.71488	1.81283	3.95888	2.14802	2.74485	3.28525	3.13431	2.27777	5.57144	3.8784	0.593088	3.56962	4.72906	4.42537	2.43168	2.65051	4.53414	5.66476	5.87306	5.07749	4.74781	3.1493	4.56339	5.17564	4.09456	5.50432	2.94784	2.03062	4.19501
5.75416	5.14925	4.62923	4.7405	3.17262	1.62264	2.05007	3.01709	3.61173	4.16247	5.17617	5.65857	4.03076	5.69419	10.6546	5.55148	2.93408	2.06523	2.82711	3.54094	1.76878	1.21699	6.84717	5.26818	3.45252	2.48938	2.27845	1.81225	0.649135	1.75892	3.87204	5.38247	6.7276	6.36553	3.15305	0.683588	0.779895	0.88551	4.16475	1.33283	5.26481	5.1487	2.35546	3.97431	5.4509	4.91336	3.19315	3.14213	3.2687	1.40439	0.734904	1.18703	2.2535	1.56308	3.36761	3.63997	3.2766	2.00779	1.69264	1.85407	1.32912	0.789503	2.26511	2.21835	2.95239	0.810608	1.37406	1.15678	0.634977	0.742087	2.05108	3.88063	3.402	1.46751	3.97341	2.54458	0.315052	1.54403	1.39441	1.13873	0.553894	0.765374	0.500185	2.86468	0.481767	2.89074	1.62767	0.296468	0.682754	0.78757	1.94551	1.52649	1.03891	0.991675	1.85712	4.4976	2.27325	3.53754	2.3091	0.63168	1.88809	1.66164	1.45688	2.95445	3.98668	3.59692	3.55261	2.73707	3.21648	4.75364	9.76791	2.35475	3.47638	2.71463	3.53443	1.34517	1.23168	0.680595	5.02137	3.09075	8.73132	10.4776	6.16522	3.73873	3.8476	8.93997	7.55993	2.5118	2.65175	1.05663	3.43325	8.52767	11.5045	9.43391	5.17792	2.75982	1.29955	1.67597	2.10318	1.90655	0.799044	3.152	4.01839	6.1293	4.81141	2.41767	5.22455	5.37967	5.32421	6.48604	3.09781	2.91715	2.99389	4.00247	6.52091	5.53714	4.98002	5.37108	3.81803	2.11066	1.64094	0.324115	0.907047	1.8881	0.883109	3.33521	3.83489	3.37653	3.05879	3.54042	4.86563	4.02077	3.01221	2.87668	2.68795	1.94023	3.23122	3.83003	4.59968	5.85417	5.66614	3.97042	3.32818	2.96104	0.990616	1.58719	2.11463	1.2072	1.01962	3.74679	4.99296	3.77126	0.930951	2.58592	1.97979	1.28395	2.93602	2.30807	1.29998	3.6759	5.80304	6.06535	4.686	5.27575	3.67462	4.77337	1.94344	5.2795	0.453866	4.36149	3.04051	2.16852	2.68355	2.94593	2.20337	2.64296	2.51079	3.20026	2.02631	1.98621	2.16232	4.97444	1.21816	3.7718	3.21361	1.74359	3.14945	4.10191	0.548679	3.58275	1.12692	0.886123	3.40757	2.96193	3.55491	6.09321	2.39537	3.24428	3.92988	2.75004	1.72984	1.13926	3.92275	4.27885	2.51355	2.54672	3.31553	4.44303	1.96693	4.58987	3.73341	3.95355	3.93587	0.255357	2.96272	2.98076
6.73373	3.32723	3.38179	3.98744	2.97964	2.51875	4.01129	5.69162	6.33893	6.67341	7.23965	8.09614	8.28177	3.64458	7.45182	5.41469	5.25069	4.90394	2.79502	2.6653	1.54495	1.46185	6.05662	5.05471	4.83286	4.66567	3.15292	1.53132	2.62443	6.59646	7.80229	8.13575	6.97639	3.15074	1.35838	0.433159	0.870154	0.743758	4.58816	6.28248	6.1445	3.10397	0.844803	0.970391	2.50859	3.78083	2.92483	2.55681	3.011	1.26389	0.709043	1.17391	1.38652	0.986655	2.44407	1.4901	2.61698	2.30223	2.11925	2.45027	2.21445	1.0948	2.818	1.66425	1.90235	2.62716	0.0268808	1.29659	0.657137	0.608201	0.515814	2.05493	4.02831	2.48486	2.13449	3.73174	2.41783	0.628795	0.85774	1.02895	0.573793	0.427147	0.270094	2.9424	0.914776	2.75995	1.86864	0.936928	1.88323	1.87708	1.47222	0.820507	1.63999	0.780077	1.90475	3.75468	1.09996	3.37839	3.03328	0.54033	2.0848	1.02336	1.38202	3.11676	1.87518	0.870688	2.14767	1.78427	2.63503	4.82504	9.74232	2.05594	5.11517	2.05584	5.66739	2.99636	1.52495	2.67018	6.81007	5.02943	7.94931	11.0922	5.85021	3.85103	3.21813	7.42655	7.25186	6.06141	8.45179	10.2717	10.2818	7.95754	3.58316	10.345	7.13612	3.1572	1.41615	2.21596	3.01471	3.02276	0.246271	2.60569	2.75683	3.9811	7.17686	6.60089	5.56932	5.63442	2.44322	5.49123	9.55245	10.3115	7.00684	3.7207	3.3743	1.36259	3.37666	4.59879	4.21876	2.86375	1.27128	0.901906	1.54806	2.17489	1.808	1.28346	2.91004	3.16963	2.65584	2.62603	4.09977	4.91574	4.56395	3.1861	1.48991	1.59214	1.32191	1.05385	0.746233	2.43227	3.915	4.31186	3.43715	2.4599	0.900133	2.75808	2.9443	2.41873	3.57941	3.47436	2.00116	2.12106	6.20378	7.37835	8.22778	6.8919	3.49606	0.2644	1.74809	3.71964	5.67184	4.6207	3.2752	2.58054	3.80193	4.30309	1.28771	4.13357	1.004	3.74774	4.52193	1.71243	2.50575	2.87224	3.7112	2.11391	2.81979	3.53207	5.07753	3.93422	2.5425	4.50773	3.4116	1.38445	3.07491	4.29135	3.62588	4.02085	1.22873	3.62922	2.7102	3.33475	4.00989	1.79165	3.6478	5.30261	1.5799	3.08122	4.60172	2.16614	3.37822	3.28088	2.43698	4.85247	0.908079	3.2295	3.40425	4.50388	1.0745	5.03833	3.19385	3.60156	3.03804	2.21565	3.30475	2.61869
3.35672	6.05767	3.31677	1.86491	3.15597	3.08786	4.57544	7.163	10.8646	14.3427	13.4676	9.08605	7.57519	7.15628	4.28832	2.94682	2.33106	3.66409	0.230657	2.73235	1.3296	0.373645	4.28586	6.50196	7.78325	8.66776	7.86282	4.30328	7.359	9.17161	7.43349	6.17126	3.41517	1.82507	2.22637	0.754072	1.55569	1.40478	1.02311	1.73683	0.171492	2.8133	2.58793	1.04002	1.27589	2.57842	3.16573	2.91117	2.03331	0.10644	0.603938	1.01593	1.16283	1.23733	1.51446	0.933636	2.21316	3.08282	2.22376	3.84771	3.25832	3.26953	1.11257	2.27113	0.874944	2.48798	1.85424	1.55537	1.13188	0.359844	1.03672	1.17338	2.31173	4.09458	0.429499	3.34479	2.26165	2.4425	2.08074	1.20163	0.497403	0.373663	0.301814	2.45484	1.28937	2.22629	1.65752	1.01298	1.83893	0.126976	1.18016	1.97696	1.32564	1.27792	2.19729	2.78352	2.60856	1.62509	4.04349	0.623269	2.22671	1.17629	1.41367	1.29314	2.51789	2.58657	2.60231	2.88679	1.74421	6.90113	9.11657	1.14984	9.04295	5.87723	7.84757	6.26338	2.74418	4.5518	8.07364	1.75488	10.5614	10.6309	5.08473	4.01082	2.76053	5.84494	4.56077	2.50897	4.83196	5.18496	8.86514	12.6936	7.87636	6.63672	8.69392	4.54022	4.51704	3.74849	3.16785	3.63124	1.27881	1.60747	2.53175	2.64763	4.32027	6.27873	7.31523	7.57561	4.77887	5.56384	7.81024	9.50595	8.72641	2.27599	2.30295	4.86014	5.16859	4.76175	3.88606	1.69628	1.7627	3.19168	2.0451	1.81077	2.50055	2.41852	1.05956	0.0669218	0.560939	0.215907	1.19314	0.761604	1.22479	2.3055	2.47398	1.70883	0.789298	2.94347	4.18807	4.03621	2.41004	0.50492	1.24742	0.704541	3.17785	1.69516	2.49632	1.77647	5.51819	5.62812	5.52782	4.35893	7.21836	4.79055	4.16261	6.56846	7.2905	2.6996	1.68401	3.78743	4.51255	2.82077	2.79536	0.752154	2.36684	2.7949	3.70539	3.28413	4.57711	4.33446	4.87997	1.85354	2.98487	3.48759	4.57828	4.26477	3.76944	2.46592	0.58943	0.639036	0.902032	3.41429	3.85357	3.79523	1.99108	2.19761	4.11381	4.6023	0.915088	3.45892	2.12873	1.99702	2.32631	0.535548	3.81545	4.66916	2.07602	2.71566	4.69498	1.43325	2.66559	3.6169	0.93935	4.5335	1.99039	3.10807	4.06986	4.67142	0.528834	4.88974	3.96367	2.20398	2.74454	2.95392	3.36229	2.83166
2.40974	2.90474	2.50911	1.64605	2.83548	3.00107	4.72241	9.515	15.56	18.3792	18.2357	15.1449	9.05209	7.06405	5.10843	3.07086	1.34522	2.96972	1.85782	2.926	0.913902	2.18541	0.95825	2.6994	3.98542	6.46067	8.81433	4.34637	6.97613	6.14541	2.64012	2.74691	1.51388	3.66912	2.20773	0.955208	1.7713	0.396386	2.21503	1.28157	3.15514	2.42664	2.84997	1.43995	0.896454	1.3181	0.971669	0.393851	0.945501	1.2653	1.01336	1.15955	1.26079	1.40417	0.937205	0.101071	0.824836	1.99662	2.47796	4.44179	2.60527	4.37501	1.18436	1.16946	2.08967	1.80717	3.57456	0.345123	1.40383	1.42576	1.32452	0.476557	1.35386	4.20635	2.36637	2.19131	3.8454	4.52224	4.38784	3.16308	1.91922	1.18791	0.452541	1.49075	1.82381	1.8698	1.32302	1.1116	2.58351	2.61424	2.09642	1.06715	0.80418	1.08869	1.60885	2.37733	4.07308	0.553663	4.14002	0.951753	2.33217	2.10846	1.54274	1.443	0.911736	2.34373	4.97749	6.36109	3.75105	10.106	7.4048	2.6451	10.6378	3.11304	6.16812	6.0859	4.8704	3.60442	8.90609	5.35673	12.3439	7.94411	3.95015	3.44598	2.58326	4.94843	4.01099	4.5331	4.66798	1.12095	3.43229	6.40751	7.00747	0.731545	8.11076	5.26517	3.35457	4.17637	3.07681	3.39107	1.50067	2.23016	1.85331	0.563913	1.94876	2.17884	2.09264	4.23938	6.99376	8.99041	2.98496	6.21357	6.91865	5.11334	2.44088	1.55738	1.83457	2.51559	2.51183	1.5086	4.63034	4.2041	2.97626	2.19325	1.48331	1.80331	3.34937	3.41105	2.29474	2.12749	4.23375	4.24762	3.74931	1.84969	0.697109	0.977938	3.48232	4.87135	4.36608	4.04028	4.02083	3.29111	3.02247	4.9966	4.0474	2.22741	2.29609	3.44919	5.5642	3.29159	4.55608	3.59271	5.32666	2.10473	2.46395	3.03855	6.00433	4.52025	1.31998	5.5522	5.36214	3.61475	1.1123	2.25445	3.73559	1.8387	2.79013	4.01038	3.63677	3.36814	2.77796	0.863408	0.59593	0.357142	0.459622	2.13359	1.80896	1.61953	4.24174	3.9895	2.41074	1.35772	2.39319	2.73177	4.43184	4.50011	4.10183	3.77185	0.90078	2.45846	2.13777	2.8454	3.573	1.26863	3.9911	4.36682	2.47657	2.63457	4.67669	2.47443	1.73606	2.85933	2.84218	4.00463	2.06359	3.5651	3.68562	4.37222	1.05646	4.26713	3.90943	3.4866	0.711154	3.01666	2.65083	2.79415
4.25922	7.26038	8.02813	5.9218	4.87054	4.99651	5.76735	9.17705	14.1432	9.50565	4.67671	13.1031	11.4025	7.32907	5.33432	2.8337	0.76957	1.24798	1.70649	1.95829	0.734021	2.52521	1.73906	2.04535	1.95668	4.08437	8.47397	3.72038	5.71172	5.86216	3.51321	3.6456	1.11347	4.27642	2.22919	0.354104	1.00317	1.64745	1.36982	1.78703	1.44847	2.06934	2.4943	1.0271	1.39	2.2767	1.90017	1.93048	1.91234	1.47164	1.05365	1.09124	1.12178	1.11338	0.899352	0.942835	1.54741	0.734653	2.27893	3.18172	1.15246	3.90818	1.12771	1.06292	2.79366	2.62462	5.00163	3.94734	0.744156	1.65247	1.26337	0.35436	1.14147	2.43784	3.23997	2.71289	5.03871	5.82562	5.53089	3.54448	1.7346	2.96885	2.7716	0.650406	0.87498	0.614879	0.448017	0.687951	0.141984	0.781344	0.393164	0.524283	0.969922	0.876096	0.631213	1.61092	4.54846	0.957027	3.89574	1.03803	3.85819	3.90447	3.54691	3.83013	3.07632	4.80351	7.15858	3.04881	8.55224	10.544	5.41226	2.13187	9.91644	8.38834	3.95443	4.91831	5.45349	3.69517	5.42797	6.1196	10.7965	5.13932	3.32239	2.31957	1.64429	3.91779	4.28974	3.8089	2.12998	1.47244	2.89875	4.49821	6.38518	4.61495	3.6652	5.42123	3.76034	5.76756	3.11369	2.78609	0.513031	4.24313	3.93576	3.38392	1.10702	0.871654	2.50882	3.01772	5.333	11.1667	5.45972	5.61047	5.44936	4.23697	4.94332	6.25766	5.14824	3.7483	2.84747	2.54688	4.4125	1.44511	3.53777	2.99395	0.709726	3.30776	4.35178	4.11447	2.70824	2.65451	3.78481	1.57062	3.20865	2.44451	2.61295	4.97158	5.71175	3.69649	1.82582	1.36766	2.41371	3.25805	4.55413	4.56187	1.93227	3.12639	2.35092	4.10099	5.70361	2.0904	3.39067	3.00831	2.96623	1.03993	2.51477	2.91748	4.34294	4.86467	0.48485	6.25998	5.39831	5.03573	5.09329	3.39527	4.16688	3.94619	2.95238	2.95498	1.29024	1.67933	1.799	2.14801	2.33309	2.82486	2.95214	2.20583	2.84285	4.29469	3.15345	3.60282	3.24081	1.7086	2.94428	2.41261	0.923332	1.67031	3.25637	2.95284	1.9322	2.66474	2.17096	2.12229	3.25192	0.454669	4.02632	4.04712	2.37989	1.53528	3.27716	3.3969	2.80111	3.03773	4.69055	4.3134	2.6578	4.17177	4.38653	4.7238	1.34389	3.78341	2.91345	3.66177	2.20844	2.40807	3.21617	2.96972
1.30428	11.5318	10.213	8.95037	6.72192	5.65974	4.59999	4.43472	11.6859	14.2901	9.89331	4.42543	9.03178	8.23363	7.12501	5.31369	2.83116	1.82541	0.663613	0.915831	0.35513	1.7917	1.54917	2.18619	2.14129	4.36749	7.79572	1.93745	6.65764	6.9258	4.31314	3.66252	0.782976	4.50406	2.57584	0.445429	0.434478	1.36955	1.37964	2.70283	2.19854	3.71737	2.4273	1.52013	1.63259	1.45034	0.900154	0.54557	0.409061	0.576935	0.884436	1.1704	1.2453	1.07981	1.02233	1.68041	2.02291	1.35349	2.45233	2.37863	1.77457	3.19801	1.21559	1.15349	2.7554	2.79229	1.81246	5.25276	1.30118	2.12561	1.00229	1.4254	2.48073	1.72689	2.03867	4.68406	3.91757	2.38635	6.657	6.0813	3.64478	4.10683	5.05366	4.36579	2.58887	2.17636	2.79379	3.89923	3.75258	2.13893	2.95715	2.94166	1.94805	0.842079	2.11987	4.54585	4.51739	1.09946	3.26983	1.20208	3.69997	3.10944	2.54409	3.293	2.01657	4.43675	4.2487	5.38309	12.9409	8.91136	4.19465	2.39274	5.29831	7.13165	4.31412	3.43773	5.53352	3.56253	2.66812	8.49774	7.99484	3.37477	2.20214	0.690542	1.80276	1.5123	2.28305	3.09744	3.28696	1.82158	1.90291	3.24875	5.89799	7.92341	1.89279	6.09077	7.18218	6.10152	2.58922	2.51037	1.15102	4.19399	1.7572	3.13568	3.91612	3.0488	0.936368	1.67523	3.24012	11.6896	8.55671	6.82944	6.40413	0.60983	2.09959	2.91531	5.66303	4.21131	1.93488	3.35311	3.72838	1.58959	3.86018	2.42444	2.21778	5.19519	3.19697	5.27875	2.0525	3.23901	2.62163	1.73606	3.19378	0.906604	3.43301	4.88163	3.35705	0.941273	1.81735	0.753049	2.78467	4.15577	4.25558	2.64608	2.308	3.01756	2.79462	3.56418	5.68242	1.77193	3.13764	3.13094	2.6557	2.79768	2.67473	1.91456	2.89862	5.16278	2.21067	3.68621	5.06659	3.55972	1.53937	4.69512	6.67456	2.9506	1.04831	2.04381	4.18109	3.23955	3.80281	2.60244	1.47742	1.95077	2.91469	2.57284	3.16443	3.38166	0.703601	4.61019	1.28355	4.06092	3.76983	3.18751	2.67471	2.33771	2.46108	1.97389	0.458003	2.33974	3.36774	2.2937	2.17907	1.13304	3.48875	3.52584	2.63312	1.33044	1.5882	3.03503	3.24718	3.16429	2.5463	1.16126	1.90995	3.26866	5.12744	4.4536	0.790257	3.54327	2.31132	3.34856	3.4238	2.1324	4.66545	2.14838
3.57406	11.9221	4.18454	2.88814	2.30898	1.16281	1.76141	2.50408	7.38349	8.12246	5.27472	1.66692	6.05599	6.24822	4.84978	4.21244	2.56849	3.23655	2.15199	0.698009	0.310348	1.67181	0.695455	1.59714	1.54254	3.64088	5.47594	3.36803	8.74634	6.97221	3.35852	1.96446	0.380345	4.03131	2.30012	1.00783	1.41433	2.30011	1.70505	3.31647	4.22029	3.81996	2.36318	1.79817	1.30047	0.0846986	1.2039	1.55132	0.446906	0.214508	0.393911	0.575675	0.607597	0.51237	0.448011	1.35643	0.591031	1.66463	1.99533	1.90023	0.826639	2.50864	1.06035	0.765244	2.09742	3.86832	2.03764	4.66937	1.92059	1.92012	1.26347	2.04728	1.14976	1.33932	2.12705	4.35837	5.75547	4.31976	1.92301	5.85572	5.90562	4.98797	5.02905	5.67318	7.23521	6.83363	4.55551	3.05139	3.84798	4.55807	6.48251	5.4085	3.61056	2.18495	5.71102	7.42311	4.46006	3.34109	2.20475	2.03454	2.41363	3.49039	1.46179	2.27136	0.769247	3.3923	7.26172	11.6523	10.9755	3.94448	0.642619	1.63914	0.606023	4.60429	6.57526	5.00397	7.98286	7.15595	8.56825	8.46045	5.93866	2.94998	0.133415	3.70203	3.56574	2.01764	3.59631	3.72762	4.15271	4.16805	4.50761	3.27809	1.86989	8.18168	5.61394	3.86097	9.1475	6.86265	3.17568	3.02459	3.61884	5.33603	2.06677	0.631046	2.35849	6.36702	8.21758	7.39606	5.22427	10.1255	8.81352	7.26246	6.8711	1.97702	4.00472	5.83022	5.53099	3.40625	0.93178	5.41251	3.32152	3.69589	2.2434	2.75009	3.98673	4.13999	3.00449	6.11884	1.55863	5.37612	2.97573	3.16863	2.50492	0.80989	3.41285	3.90274	1.11494	1.79599	1.23378	2.38702	3.1811	3.12902	2.63604	2.145	2.79068	3.1411	3.0557	2.7668	5.45985	0.653354	2.88055	3.39051	1.99009	1.83471	2.23743	1.6414	1.4341	3.96694	3.18392	0.702103	4.16464	4.97445	5.82211	5.98686	3.12111	3.56563	4.03616	2.44417	4.76122	2.7527	2.64068	2.95718	2.38676	2.26384	2.64775	2.45242	2.76746	2.46704	2.93883	4.30529	4.65768	4.65246	2.29115	2.80077	2.72202	2.29896	2.49325	2.30698	1.48389	3.86321	1.66214	2.19308	3.36287	2.75062	1.53472	2.52163	2.75709	2.06429	2.48909	0.490675	1.86453	2.10481	3.98999	5.14447	5.22893	5.39248	4.41388	1.7707	2.3409	3.91666	4.08	4.42645	2.95459	2.14325	5.27138	1.32702
1.58074	10.3035	10.2943	9.05494	6.92356	5.19413	3.86917	5.32734	12.4306	11.6608	6.98412	2.13124	6.62537	8.33565	5.50835	2.721	0.451881	3.38563	3.19988	0.499914	0.803882	2.44782	0.971144	2.68515	2.55415	3.5798	2.02528	4.25139	7.24263	4.67123	1.20805	0.505599	1.48963	3.06713	1.43899	1.51336	2.19226	4.08292	2.36768	1.04185	2.01681	1.75368	1.78968	2.39242	2.6783	2.49857	1.25223	1.29827	1.30972	0.835377	0.632266	0.348329	0.329277	0.0462188	0.317566	1.34906	0.23298	1.55034	1.80896	2.70738	1.24674	3.23251	1.90191	0.564386	1.47463	3.18159	3.41524	3.497	0.941437	2.76835	2.3361	1.18721	1.54782	1.77743	1.332	3.37388	3.17904	3.49513	5.76102	3.94702	1.43673	1.11153	3.66605	1.62028	4.13671	5.04769	2.31027	1.38927	1.56786	6.9815	6.03661	5.36598	3.30052	0.192203	5.32263	5.07601	1.34204	3.95838	1.03089	1.18249	0.484688	2.82186	4.06142	5.29288	5.17131	6.57027	7.96468	7.03251	4.16278	2.15066	4.61552	5.51088	4.92189	0.622861	5.57211	7.24153	6.60602	3.60541	4.70373	3.22783	4.91817	1.18081	3.38649	4.62716	2.61554	2.76993	3.40195	4.04123	3.02253	6.26408	6.67067	5.52524	1.87589	6.87592	7.59107	1.65272	9.52074	8.08172	3.66939	2.16056	7.97039	11.6912	10.9089	6.70685	2.5081	5.01387	6.37767	10.4124	10.3871	5.70848	5.65275	4.04969	5.8899	2.84576	2.86741	2.47045	2.08986	3.12418	2.4586	5.72543	1.14366	3.98085	4.20506	6.29345	6.23961	3.1934	5.01982	4.60385	4.23255	7.60836	5.30411	5.80089	2.78392	1.3399	2.92686	4.61285	2.44887	3.43076	2.93337	2.43067	1.15481	0.711406	1.40497	1.82375	2.17205	3.04657	2.48654	2.62916	4.53758	1.15964	0.637763	2.23789	0.625647	2.20877	2.29851	1.46998	1.59738	3.75305	3.13171	1.32904	6.15702	5.37789	2.74173	1.14143	2.75605	2.87104	3.35742	3.89121	4.3828	3.08709	3.84557	2.67703	3.79105	2.39718	3.09697	3.96996	3.6564	2.65426	3.24182	3.90958	2.64754	0.222104	1.9009	3.06175	2.3116	2.00012	2.33411	2.32249	0.924994	2.67752	2.2347	2.64283	2.73904	2.30331	2.33252	1.06934	2.71277	2.51188	2.42513	0.215571	2.5936	3.0817	3.44411	2.86683	2.41878	0.815817	2.75353	4.25857	2.32677	2.66414	3.34434	2.75209	1.40542	2.28288	4.10388	2.04727
1.99352	4.0805	4.09055	3.97557	2.4377	1.25353	2.17229	6.6809	13.3097	9.41004	2.16147	5.38057	9.46179	7.86907	4.1032	2.12179	2.02544	2.71566	2.99263	0.794437	0.61822	2.68866	1.61165	2.55311	3.26013	3.77805	0.952664	4.70412	5.11311	4.15054	1.17576	2.91913	2.52132	1.71547	0.358418	1.75022	1.6409	4.53053	4.07621	2.39859	1.7262	1.78922	1.28752	0.696451	0.88597	1.69506	2.02206	1.30787	1.94053	1.13269	1.45418	1.46541	1.29033	1.36597	1.64656	1.71695	1.16497	1.60315	1.91666	3.49931	1.26777	3.04053	3.13678	1.5283	1.69556	2.58743	3.30918	3.13558	1.78112	3.75295	1.59322	1.0657	0.365543	0.472742	1.52921	3.01974	2.93451	1.71804	4.19717	7.17	8.29726	7.34361	6.79682	6.04899	5.76071	6.15203	4.48907	3.94528	1.88816	8.65121	1.62141	6.32837	3.83412	0.549026	3.25844	5.89372	5.67343	3.54954	1.51293	1.86847	2.39276	3.23428	4.20822	4.22979	4.0323	4.03262	1.97637	1.13709	3.0574	2.9982	3.51204	2.9734	6.07472	4.16594	0.310106	1.83893	4.58303	5.09055	2.2986	0.957653	4.79529	5.34514	7.61545	5.296	3.54034	4.05249	3.31298	5.73687	5.82069	5.3668	3.51084	5.09774	1.55051	5.99696	7.30647	2.18754	7.63813	9.49589	6.55	5.97984	10.2828	9.30506	7.68625	12.2316	2.39638	6.93103	7.80758	2.1304	4.28591	1.17836	2.60519	0.509726	4.51885	6.3575	4.70144	2.82419	2.78236	2.47361	4.53914	5.41524	2.56086	4.52851	10.3609	11.3359	8.45414	5.15791	7.31402	2.64688	5.96521	6.4368	3.39816	6.50522	4.32775	3.39046	3.0481	5.63547	3.85998	3.77362	2.89015	0.679619	2.31781	2.18456	1.08394	1.47684	2.14064	1.99348	1.23864	2.9151	2.08261	3.1793	3.74663	4.14429	1.21736	1.61715	2.44421	1.76054	2.39985	4.88577	3.25286	2.82707	6.48536	3.09749	2.93185	3.5802	1.83103	1.00029	2.09399	3.51226	4.37932	1.26439	4.45954	1.35026	4.58368	3.6284	3.50882	3.04569	0.863884	2.04761	3.16576	3.59738	4.42562	4.93949	4.85626	4.0989	1.63285	1.18967	3.27827	3.88769	0.99466	1.56045	1.43035	0.408811	1.67567	2.14714	2.88182	2.69479	2.35124	2.95008	0.858086	1.34732	1.37994	3.15756	4.05724	4.21833	4.35845	4.00093	5.02374	4.68927	4.73078	2.7505	2.9082	2.39145	1.08656	1.55622	2.39648	2.23296
4.00433	5.75148	5.08972	4.67258	4.12014	3.43282	3.07741	3.6604	10.2893	12.1164	7.08868	7.96001	8.10584	4.68343	2.7553	1.44825	1.37815	1.47341	1.89215	1.42573	0.328544	1.69621	1.72446	2.31303	3.41236	2.75306	3.06645	4.0745	3.87782	3.6973	2.47493	3.47489	1.57816	1.35997	1.16517	1.93344	1.34441	2.64962	2.99198	2.93506	2.47205	2.21998	2.37056	2.6084	2.52274	2.51817	1.71887	0.982795	1.69628	1.03796	0.468394	1.01289	1.892	2.77485	2.67238	2.07515	1.55436	1.80133	1.8937	3.24822	2.50009	2.52833	3.81864	1.14481	0.358362	0.511261	0.61542	1.20113	3.39957	3.83132	2.02108	1.40641	0.274655	1.03206	0.916458	1.81701	3.66111	2.21971	5.53792	3.09808	5.82202	6.59026	5.27971	5.51812	6.86402	6.36419	4.84478	3.00189	3.94697	7.66276	3.2073	4.36278	3.57154	2.99356	2.75679	1.164	1.73052	1.53683	2.54195	1.14608	0.674683	0.599736	0.637753	1.27647	2.34332	2.24984	0.95747	0.495754	0.944159	1.56621	0.963527	2.37356	4.19006	3.64608	6.98346	9.13317	7.4078	7.39825	0.342494	2.52078	0.582774	8.83908	10.4609	10.1527	9.00869	6.45319	3.92431	7.04291	6.36356	2.52404	5.00727	4.18593	5.22896	7.45591	5.0846	1.77792	3.02557	7.49157	10.5279	9.10135	6.34581	3.73686	5.99557	8.43255	6.3774	2.08157	9.30562	8.03899	9.00668	6.05425	4.39977	3.58684	1.45109	3.41199	6.01529	4.64815	4.25451	0.655669	4.71951	2.39524	4.75975	13.2955	19.429	16.6047	13.1939	8.74706	7.43457	1.88846	6.19824	6.97191	1.1633	5.38833	5.61405	6.17661	5.19875	4.68005	3.84109	2.56397	4.13806	2.70637	0.886464	2.68241	3.71325	3.99184	3.10266	3.40541	3.31851	1.88062	1.4466	3.54787	3.45387	5.27478	3.15545	2.583	2.06733	2.08566	2.86224	5.22946	3.04944	2.73787	6.16337	4.53836	2.94509	2.47141	3.11528	2.86111	2.55124	2.14242	1.92002	3.69819	3.09106	2.98368	5.59326	3.0401	1.31013	2.85605	3.47905	4.5692	4.72229	4.65353	3.43384	1.75822	0.960963	1.12307	3.69176	2.64466	2.14349	2.85056	2.28388	4.16907	4.27048	3.12579	0.972119	0.430005	0.387838	1.94088	1.81023	2.14065	1.49779	2.83237	2.24239	0.619413	2.56864	3.30992	4.37554	4.5764	3.74196	2.31859	3.46389	3.93226	3.26419	0.346751	2.4499	2.34022	1.37763	1.39615
4.36353	5.49832	5.90861	7.07123	6.20803	3.66198	2.36404	1.01598	4.67954	9.72011	8.43453	6.26711	4.01767	3.39055	2.63704	2.38661	1.73032	1.18033	1.00759	1.415	0.789577	0.680639	0.391535	1.52365	1.94689	2.84096	3.9945	3.75749	3.79719	1.42821	2.47545	2.71063	1.55612	1.31384	1.47209	2.10757	2.01771	2.14824	1.27774	1.36468	2.07817	2.71481	3.19204	3.20598	2.23175	1.72162	1.6626	2.07351	2.05246	1.93146	1.56916	0.922523	1.24146	1.28758	1.10984	1.23453	1.37077	1.76791	2.28118	3.40645	3.56677	0.630448	3.46733	3.62194	3.9289	3.29025	2.48235	0.939048	2.84598	3.31513	2.71314	1.97262	1.47932	1.4757	1.24861	1.58647	2.74473	3.19852	5.37031	1.96226	1.05074	1.35536	1.27631	1.78555	2.69821	2.64841	1.59589	1.70376	4.2022	4.66993	4.67076	3.64383	1.50844	0.734157	0.640746	0.571189	2.32683	2.73116	2.41958	3.49516	2.47182	1.39749	2.87116	6.4805	8.59217	7.70037	3.33553	0.572507	1.03879	0.562961	1.06618	1.41218	2.1719	2.55222	6.63359	2.45236	7.54183	6.71651	2.90113	2.24749	3.4337	9.4202	6.82574	3.10281	8.49992	9.61764	2.15656	5.44974	5.3823	2.21288	3.78905	6.14256	7.98689	5.93497	1.86258	2.80324	3.37483	1.22033	3.11651	2.93088	0.889014	3.26179	4.2956	2.49609	4.84562	3.80042	6.28002	9.42463	7.05806	4.31288	4.26856	3.06611	2.87103	2.93269	1.29106	5.13847	5.6224	1.06796	4.3163	3.44605	11.9771	21.612	20.8365	16.9355	20.5021	12.7906	6.12624	1.85807	4.58917	7.12263	2.37882	1.72731	4.41266	6.90138	8.55919	6.65944	4.83916	3.28702	5.68258	2.8826	3.69526	7.15564	5.56758	5.45056	3.43066	2.83503	1.93057	1.85288	3.19309	3.06588	2.19913	5.00428	4.3753	3.66503	2.54033	2.80162	3.22097	3.81495	1.73628	1.11025	3.20401	4.59545	3.59786	3.6263	3.84624	5.26844	3.72039	2.76134	1.75844	5.65606	0.692562	5.61721	3.97344	1.3888	5.24859	5.12697	4.35707	4.0015	2.19572	0.111619	1.87394	2.93964	3.74481	4.5191	2.31849	3.94793	3.29853	0.47886	3.89607	4.14255	3.37735	2.90833	2.50152	4.09549	4.06092	1.79911	0.677455	1.91924	2.51564	2.51703	1.78198	3.27305	2.17464	2.41221	1.42098	1.5864	0.818596	1.94404	1.46739	0.995835	2.2024	4.07166	4.44603	4.31466	3.42841	2.75861
4.39655	4.7528	4.7869	4.29301	4.36256	4.27872	3.89903	2.94295	1.37472	4.47648	5.43772	2.16021	1.65437	3.06953	1.92901	2.40686	3.08714	1.73926	1.54707	1.29863	0.898483	0.693794	0.432094	1.01086	0.822979	1.95293	2.73224	4.66394	5.89203	4.77203	4.35191	3.271	2.60444	0.830164	1.6741	2.52806	2.61615	1.36713	0.0955403	1.10531	2.3672	2.83172	2.46806	2.51715	1.71356	0.693092	0.533762	1.38117	1.4569	1.08474	1.1004	1.61111	1.58837	1.98839	1.82724	0.779718	1.01048	0.71415	1.18738	2.36094	3.45689	2.53545	1.2914	5.0456	6.96962	7.27581	6.72545	3.42779	1.6091	1.9231	1.25213	1.38595	0.45254	0.730687	1.01209	2.65437	0.350135	4.39807	3.44401	1.26485	0.208999	0.313462	0.158766	0.134603	0.174803	0.269524	0.328609	2.46675	3.34027	2.17581	4.03627	4.77975	3.99897	2.80924	2.278	2.2768	3.33828	3.65121	1.40892	2.30246	4.23043	3.45292	7.10812	13.1131	13.3557	13.2215	6.47921	1.53997	0.920822	0.622071	0.412954	1.93702	2.4019	4.13639	4.16896	3.92213	7.85829	5.82911	2.44386	2.51493	1.79678	7.63744	9.71828	6.07271	4.67999	11.6611	4.43935	2.7294	5.38435	5.13735	2.20548	4.02461	3.09716	0.204204	2.76769	3.5255	2.5925	5.85111	6.33508	3.99214	3.06892	1.29921	2.75267	3.08098	3.73665	7.112	3.30268	2.65946	3.74488	5.29727	5.2121	1.98113	2.61523	1.7054	4.49765	6.23089	2.95181	1.60285	3.36182	6.01849	17.1907	21.5984	8.69938	12.7501	22.4073	18.9664	8.86723	3.31213	1.74322	6.2662	7.00636	6.15552	3.819	4.1578	3.30955	4.85986	3.65158	3.84721	6.65044	3.52706	4.42683	5.00947	1.14091	4.37678	2.52872	2.07061	2.82032	3.45186	2.17538	1.55365	1.30737	1.52426	3.29529	3.95627	4.39462	4.4043	3.58113	2.51391	0.622547	3.44628	3.10583	0.422927	3.36392	4.88123	5.55451	4.85965	3.20884	2.952	4.23782	6.29051	5.57226	4.44093	1.63413	4.8546	5.37116	2.70552	2.65367	2.0556	0.237555	2.71775	3.135	3.07494	3.78208	2.62265	2.81107	5.09153	0.777487	4.46143	3.8702	1.21912	3.22211	1.71764	2.71473	2.83301	3.90666	2.80536	2.22213	3.04532	2.96348	2.40491	1.30813	3.01277	2.44005	2.47721	4.13452	1.53427	2.41729	3.41004	3.44384	4.37376	5.18112	5.12304	4.34387	4.46568	4.35303	3.01232
6.06139	4.16025	0.774723	2.22625	2.7984	0.774542	2.08893	4.05587	4.64358	2.86172	3.5168	2.2912	1.46109	2.87772	1.34004	2.63146	4.19485	2.68788	0.702239	1.19532	1.21738	1.21246	1.19447	1.31269	1.13919	1.73078	2.08686	4.23449	3.90819	0.936636	3.75808	4.3888	4.33179	2.97673	1.18179	0.742376	1.63534	2.15899	1.58872	1.56904	1.65375	0.547118	1.86504	2.98886	2.22527	0.227099	0.947095	1.75327	1.04576	0.494408	1.06003	1.97231	2.60907	2.73372	2.85904	2.31896	2.36562	1.90087	1.52468	1.4931	2.37969	2.04016	2.7799	3.61513	1.6631	2.16803	6.45563	4.37105	1.59783	3.17511	4.00818	3.43129	2.42261	1.47626	3.03104	2.73266	2.96065	4.63302	1.69904	0.690115	0.13801	0.453257	0.231123	0.204822	0.392136	0.69815	0.913068	1.65772	2.9341	1.52566	2.84312	2.77295	2.44625	1.58228	1.6785	2.38916	3.1859	3.74132	3.74124	2.78277	1.61968	3.83982	7.34384	10.6174	3.88528	12.8116	8.08665	5.06964	2.65772	1.69077	0.233101	1.00714	1.77076	4.70845	3.29696	3.55124	8.69653	7.88755	2.64776	5.18612	4.63367	2.90101	9.01305	9.87717	1.45557	9.66744	6.26615	4.03801	5.502	5.72014	2.71784	1.41446	2.68344	3.68788	2.594	1.61497	3.74406	3.68435	3.17328	4.18309	4.05858	3.30779	2.05197	1.73218	2.66792	5.84666	5.82077	2.25011	3.08715	6.44959	5.68935	3.75444	0.643778	3.60354	3.62844	0.717897	4.70674	5.66501	2.92661	5.51575	15.9307	20.9833	11.1643	6.02274	15.0227	22.879	15.445	7.45527	1.17205	2.92483	0.912939	3.4793	5.71871	7.93559	6.45426	3.72749	4.32809	7.39192	11.5764	7.59765	1.7844	2.97808	4.87971	5.62341	3.85811	2.91985	3.09169	2.5169	0.755614	3.08155	4.34422	4.15365	2.93599	1.26108	1.30265	1.06892	0.85503	2.10178	2.33883	5.02375	4.50418	5.02187	1.90844	0.538737	0.394658	0.466826	2.26085	2.82317	1.13237	3.92499	4.35289	1.94523	5.80889	5.43095	3.74326	0.56488	1.84298	2.43516	2.8406	3.49018	3.2062	3.35982	2.74112	3.31494	3.87128	2.56448	5.15223	4.47606	0.681721	2.66754	1.40343	2.09283	2.8309	1.63229	4.29703	2.55892	1.28137	2.20528	1.09647	2.24341	2.42388	3.30958	2.93898	1.64556	4.41917	1.567	2.58509	2.14555	2.06582	1.80329	1.96324	1.57233	1.47322	0.934011	3.31745	5.36998
5.46144	3.16435	4.06753	3.18919	2.57925	2.60832	4.15469	2.95173	3.22375	1.61594	1.6471	3.20059	2.71035	2.22567	0.743674	2.73495	5.42276	5.12366	3.00461	1.81214	1.01017	0.15287	0.551863	0.273353	2.54847	3.33941	2.12124	2.602	4.55825	4.65441	3.55545	3.4182	3.48416	2.62103	1.8461	1.69494	0.929598	0.795479	1.83258	2.60697	2.503	1.52199	0.82686	2.82218	2.2026	1.34709	1.11203	0.631082	0.390739	0.879615	1.37818	1.77878	1.59089	1.40211	2.19546	1.61794	2.26313	2.2283	2.1745	2.33985	3.12186	1.59448	1.54293	4.12477	5.36298	7.54672	6.5441	1.51525	3.66935	4.65529	5.79238	4.77907	4.71471	3.01599	1.74252	2.23787	5.32849	3.2907	0.849753	0.516781	0.544285	0.36948	0.270122	0.132951	0.584695	1.03831	1.3251	0.721624	1.79303	1.6285	1.70169	0.903249	1.73934	1.46913	1.70086	0.983136	1.91973	2.24794	4.41787	6.19137	5.10842	2.44389	5.40068	9.07237	6.03505	6.96188	8.55188	11.8434	11.3111	10.0276	6.3008	2.39003	2.20845	6.12158	2.19017	2.85113	8.74251	6.71711	6.51285	5.90935	7.57631	2.86739	5.84341	12.2881	9.38674	7.6517	1.78119	6.43113	7.00945	3.78686	1.1512	4.21157	5.30788	5.16142	4.18042	2.74595	2.10684	5.88953	1.60661	2.46987	2.99118	4.45123	6.43108	6.64159	6.0824	6.48248	5.74036	1.66659	1.29489	4.76288	5.33318	3.92236	0.637947	4.26145	3.27407	2.42814	4.75031	3.62107	4.22423	4.25724	11.1426	15.8708	13.5191	11.1211	4.76826	18.3111	15.7742	10.5157	1.89151	5.39004	5.34459	5.23924	2.43734	3.52512	5.48663	4.18595	9.71617	7.25481	9.96742	8.59298	3.30053	3.09934	3.45792	2.89877	2.48823	1.93641	1.83294	0.165679	3.11236	3.85319	3.92965	4.75417	4.9541	4.62122	3.74991	3.0831	3.42827	3.74137	1.57084	5.65237	1.9228	5.03802	6.16678	5.28481	4.19951	3.09814	3.80563	4.41214	5.38007	3.94184	1.67191	4.30372	4.88983	2.65418	1.37237	2.37122	3.14536	3.90749	4.43298	4.59907	3.92435	2.91595	2.09967	5.21688	3.34667	4.06592	4.59704	1.80829	3.87019	1.28443	2.20462	3.15744	3.09091	1.6037	3.86232	3.4712	0.354666	2.41833	2.5061	2.38625	0.350051	3.30545	3.28353	1.60638	4.38061	1.60219	2.84464	0.784352	2.2309	4.12597	4.36591	5.22893	6.09881	5.73184	3.81001	1.30199
5.18278	3.64051	0.820249	1.84812	3.03257	3.11554	3.04778	4.18331	3.3978	3.66956	3.41933	3.75141	3.41908	2.39509	2.16331	1.95543	3.03625	3.10107	3.38032	3.14174	2.26381	1.30587	0.0878779	1.75405	3.42771	2.47092	1.01293	0.741465	2.27947	2.78288	2.15004	2.94968	1.87734	1.38474	2.80972	2.78477	2.10517	1.50035	0.82938	2.37688	2.33936	2.72053	2.59459	1.89743	1.37038	1.50657	1.89653	1.63007	1.28057	0.461178	0.45145	0.123121	0.695337	0.566217	1.75396	0.31535	1.18091	0.966256	1.55659	1.79207	2.0691	0.683778	0.481662	1.15901	3.42571	3.8572	0.854092	3.52805	4.02635	3.02609	7.02075	6.1977	8.4617	6.46627	3.65538	4.66154	3.71576	1.41713	0.477847	0.347617	0.638612	0.731945	0.541741	0.473208	0.843715	0.930113	0.832474	0.773052	0.3973	0.563221	0.852577	0.842698	1.02929	0.747948	0.499737	1.29558	0.956119	1.56663	2.30107	4.19172	5.41071	4.10901	4.75102	5.27617	2.72788	1.58907	4.51093	8.2434	11.139	11.5112	11.5185	5.60092	2.6936	4.62642	7.23515	8.91175	7.42556	1.30079	6.50367	0.5854	5.21312	4.77582	1.19686	7.59801	5.95087	4.77979	4.77968	5.03959	1.8473	0.841244	3.4	3.58763	3.15996	3.37326	3.59387	4.1895	1.40549	5.06583	3.87434	1.57458	2.62152	4.28823	4.23809	4.42603	5.46453	4.85399	0.503451	3.6219	3.35228	2.00877	5.69294	5.32972	1.07581	3.14547	2.24421	2.47177	3.3717	2.97485	6.57287	8.76106	7.90628	5.74083	7.2062	12.2649	10.6551	17.4732	14.8278	9.92378	1.02556	5.06676	2.02794	2.14936	3.69058	2.18604	6.40372	12.8466	12.7384	4.83632	8.81942	7.92629	8.56563	9.5266	8.40707	5.38272	4.51842	3.30313	1.73158	1.89737	4.53456	3.64004	2.8802	2.76237	2.7166	2.96751	2.87592	2.87313	1.92227	4.55941	0.336063	5.57859	3.30237	1.764	3.66134	4.15247	3.25582	1.80514	3.28324	1.97965	2.27769	3.69828	3.37756	2.10361	5.74142	6.23095	4.77955	4.34098	4.04923	4.24886	4.0949	2.91039	0.473193	2.51407	2.21433	2.93844	4.17702	4.6868	2.31847	4.13257	4.07278	2.30083	3.8534	2.7422	1.6269	2.28809	3.1541	3.16491	2.18931	2.05973	2.89946	3.8132	3.20938	1.7527	2.75201	3.00425	4.05575	2.09376	2.54123	2.49168	1.88079	1.13824	1.67174	0.945981	1.87947	4.65923	3.76077	3.32894
4.39684	5.76039	8.20464	9.6624	10.005	9.2367	5.57834	0.831237	2.77002	3.08087	1.26607	1.63164	2.18365	2.19798	2.24015	2.09202	3.14778	1.93634	1.19556	2.13831	2.10787	1.89428	0.964237	2.6461	2.5605	1.20086	2.30631	1.89529	1.38071	2.03239	0.609218	2.18441	2.37946	2.88614	2.77962	3.0097	1.33066	1.9094	1.99981	2.33997	3.45258	3.39032	3.45507	2.81081	1.41514	0.585902	2.20031	2.14543	1.75418	1.86412	0.844911	0.169155	0.947804	0.799496	1.53871	0.446232	1.75127	0.865283	0.447969	0.481736	1.08603	1.19804	0.929187	0.52403	3.26197	1.65159	1.62887	3.68753	1.57572	2.81656	11.2129	11.0301	10.8453	8.68955	6.83605	4.31024	1.16547	0.324895	0.112032	0.214414	0.342501	0.46051	0.377733	0.0563783	0.895933	1.2491	1.40669	0.639833	1.04502	1.57575	1.33767	1.61427	0.456022	0.99744	0.43696	1.09205	1.84881	1.73961	0.71898	1.77593	4.85642	5.43718	5.43839	3.69596	3.12381	2.96924	7.36868	3.2965	1.94056	4.62228	12.1797	8.80838	3.08256	6.44549	7.84047	5.4198	0.642629	2.41554	2.50686	5.8314	7.26134	5.39357	1.52539	5.05071	2.51256	2.64506	7.63212	4.295	2.88387	2.29177	3.40202	3.673	2.07002	2.30603	1.05399	4.18728	1.21784	3.83177	5.75307	2.26829	2.92064	1.36047	3.43531	2.97279	2.46407	2.02605	6.08789	5.9955	5.93738	4.18549	2.20358	7.18257	3.10831	1.71082	4.41285	4.59941	4.92797	6.85957	4.76807	1.66217	2.45061	2.06001	3.66846	8.46263	12.3645	15.2624	10.4893	6.79211	1.13789	4.47259	4.64893	3.28131	2.4096	8.41282	11.1551	12.5711	6.28895	3.58612	7.71459	3.44561	6.70468	6.94482	8.1666	5.32639	5.57583	3.4247	1.35353	2.52314	3.99893	2.57965	0.93979	1.71969	3.19471	2.68492	1.85175	3.05944	2.29168	5.4251	0.74724	4.84797	3.87674	2.8606	1.27098	2.30951	3.9319	2.08507	3.81128	1.44692	1.28313	2.44544	2.99252	1.52571	1.13636	3.08665	5.0552	5.0395	3.21023	0.459324	1.93674	3.28865	4.68164	4.46693	4.71193	3.57422	1.36811	0.878376	1.31739	3.90007	3.60218	3.57168	2.19203	2.13979	3.54197	4.21516	3.35004	2.92777	1.95541	0.83447	1.74295	2.75768	3.67585	2.20054	0.440906	3.36392	4.47634	2.29061	2.68102	2.08186	3.91078	2.91143	3.63832	3.71266	3.99624	4.80267	3.51463	4.25458
7.98368	11.2798	14.5733	14.6663	11.6185	7.82012	7.0649	2.73138	0.745226	1.64417	0.905348	0.307381	0.604817	1.23004	1.90516	0.80534	2.0565	1.10154	1.31609	1.70075	1.73527	1.43836	1.26085	1.72737	1.38863	1.90482	1.34045	1.03859	2.52167	2.67296	1.74643	1.99198	1.46524	0.262962	2.38576	3.5799	2.16236	2.26089	1.76645	0.466021	0.772709	1.23494	1.44967	1.26434	1.25103	1.61388	1.09275	1.35593	0.618399	0.694502	1.65928	1.8214	1.93393	1.22354	1.2308	0.819077	1.7105	1.55457	0.66481	0.814026	1.07499	0.734747	0.951777	0.582017	2.751	1.27442	2.75693	2.44252	0.591094	5.72729	14.1283	9.82045	9.2627	13.8386	6.726	3.01022	1.11978	0.250069	0.0256525	0.395658	0.65434	1.14377	1.05795	0.846833	0.306136	0.827149	1.11033	1.35705	0.867305	1.20675	0.583756	1.36115	0.541004	0.943603	1.57266	1.53842	0.775613	0.176057	0.810821	1.40881	4.72863	7.07898	4.80237	2.57805	3.65739	2.80491	6.45735	6.11557	5.35533	3.66827	11.2913	10.8246	3.40743	3.02323	1.83373	1.14638	3.256	1.50378	1.96924	2.74463	3.42962	1.66547	1.26518	2.52217	3.50051	3.71032	7.21434	4.72798	2.65308	2.84452	3.76573	2.66025	0.565268	3.17469	0.561091	4.34198	1.93561	4.74962	5.96214	4.09854	0.461859	4.88583	5.34924	6.18396	3.6399	5.21059	6.48346	4.32232	4.8809	5.92748	3.98816	2.78255	5.62253	4.70258	4.38507	3.62501	2.66812	4.82938	1.89053	4.92746	4.9016	3.56417	2.17791	1.05185	7.28234	8.62017	5.95095	4.55318	1.28776	3.27374	3.41362	6.06807	10.5537	15.7858	15.9293	6.89932	6.21377	11.054	7.99152	4.25374	6.70693	8.61092	8.24498	6.63211	6.1371	1.50064	1.94895	1.82674	2.34479	3.00121	1.90685	0.818297	2.77861	2.89071	2.61239	2.16027	2.07308	5.308	1.82351	3.48695	3.86362	3.84324	3.91858	0.640118	3.64932	2.40728	3.37175	2.55085	3.61177	3.65169	1.82812	4.43121	5.88634	4.20041	1.07126	0.680601	2.60032	5.29998	6.13868	6.11544	5.2386	3.20072	3.12012	4.22871	4.18191	3.63663	3.77803	1.08631	2.80465	1.52207	2.84866	5.09351	4.17062	2.88343	1.46663	1.4317	0.824774	1.88034	2.05047	1.83882	1.95642	2.47045	2.47047	1.45546	4.85729	3.81719	3.23792	2.84433	4.11159	4.39501	3.89317	3.46528	5.17163	5.94914	5.17078	4.95708
5.10053	9.20925	10.3596	4.77071	7.06964	9.42743	6.56648	3.20143	1.11652	0.35456	1.10258	1.94042	1.93287	1.21309	1.20735	0.290752	1.75287	1.06177	0.971679	1.31783	0.949196	0.717537	0.339215	0.941802	1.69811	1.06482	1.08906	3.00065	2.89697	2.15073	1.28881	1.21975	1.42368	1.05039	2.24727	3.1679	3.10844	2.31405	1.28704	1.67401	1.47386	2.58718	3.62271	3.36554	2.16084	0.30365	2.1959	2.49199	2.35771	2.141	1.10319	0.514585	1.81852	1.14051	1.03276	1.6624	0.901657	1.91649	0.805838	0.663154	0.69682	1.2004	1.44002	1.47636	1.79839	0.54335	2.97928	1.76389	1.21185	5.81913	13.3426	9.89585	10.1963	14.8636	5.46069	1.83072	0.966975	0.266037	0.0206961	0.63236	0.961357	1.17196	0.780831	1.26001	0.4944	1.02314	1.3225	1.41262	1.41739	0.504112	1.17669	0.947627	0.698722	0.99544	0.383446	0.306954	1.232	0.995645	0.825976	1.28681	3.83702	7.18474	4.53518	4.09185	1.26419	5.25008	3.29109	5.0838	3.03458	2.91612	11.5192	10.3376	3.14896	0.57132	2.62363	4.7996	4.18622	2.45808	3.17597	2.58315	2.71868	3.39738	4.82423	3.37913	1.12522	3.7801	5.41148	4.42111	0.324065	1.64405	3.14014	2.05547	1.41649	3.29682	2.07408	4.14137	5.04549	7.02074	3.90629	1.66291	3.55294	5.592	1.51471	7.41963	3.26377	5.41026	6.0567	2.89795	2.89066	4.40987	4.66036	1.8472	4.98044	7.86071	2.85424	4.51942	4.54316	6.7397	3.65017	3.08214	3.82697	2.92041	3.66752	1.50101	8.122	6.96454	4.36733	1.80046	5.53308	9.28175	10.3178	14.0448	18.0359	18.5731	15.0033	15.1484	11.6266	5.89995	3.81179	1.82077	3.143	6.66464	7.55057	6.19138	2.77777	3.17237	3.86141	2.62323	1.24999	1.75539	1.98781	2.14712	1.52587	1.03459	0.615076	0.302141	2.25429	4.75355	2.69342	2.16251	3.09563	3.31072	3.78101	2.14553	2.53328	3.49015	3.74429	2.99843	3.82997	5.13998	1.48044	5.80289	5.3921	7.06205	5.13981	2.06891	4.10956	3.43332	1.86057	2.29735	2.77529	2.64804	2.8856	3.4557	3.96739	1.90088	1.40048	2.98446	0.655786	3.17049	4.49736	2.05059	0.394048	0.94026	1.26225	2.22008	1.39886	1.53563	1.98241	1.83631	1.75009	1.53231	2.42712	2.16114	0.467448	2.89705	4.22855	3.89228	4.09126	5.20736	5.18555	4.68669	4.66494	4.5034	2.63409	1.10202
4.48886	9.48779	10.7123	3.2476	11.6775	10.1056	3.38628	2.99422	3.18749	2.68917	2.16247	1.5475	2.33952	1.28698	0.817725	0.599421	1.63908	1.6594	1.91712	1.01166	0.230855	0.269519	0.73259	0.463088	0.515592	1.34368	2.41984	2.96028	1.5541	0.38069	1.32507	1.47133	0.679836	0.994672	2.5804	3.21729	3.42072	3.85522	3.47586	2.62544	2.39267	5.31788	6.40302	6.62331	5.75087	4.1123	2.44605	1.81405	0.45275	1.41482	2.31306	2.12642	2.54596	1.46825	1.0027	1.51211	0.719496	2.35373	0.628654	1.32959	1.37389	0.123365	0.711727	0.688688	0.497718	0.828735	1.76357	2.42476	2.03916	4.55197	10.7992	9.93651	9.48294	13.2828	4.98883	1.13215	0.706284	0.426283	0.318676	0.614861	1.1644	0.763853	0.351527	0.739199	0.707745	0.733944	1.29035	1.25708	1.07785	0.342511	1.16612	0.672203	1.352	1.76493	0.991891	0.460432	1.15799	1.05818	0.436297	1.34118	2.55593	5.46852	5.73589	6.52816	4.01707	5.57353	1.38621	3.81626	2.41005	5.27063	9.45474	6.22024	7.52193	9.33836	11.8877	13.0795	11.3706	8.19062	4.74942	3.04306	0.425433	3.95055	2.50078	4.87479	2.57124	4.3516	4.41457	4.27722	0.996013	2.62318	3.27363	1.26855	1.73843	2.89524	1.58944	1.28477	3.38244	2.54133	2.86576	4.81458	3.837	3.75384	0.905571	8.39119	2.38121	5.28556	6.38	2.86108	2.66613	3.5222	2.77167	3.61122	1.28167	6.96964	7.78409	6.62072	3.78375	6.67679	4.89937	3.66203	4.27206	2.08669	2.46163	4.01797	7.74851	7.46568	2.59701	5.53165	12.1785	15.8184	18.4406	20.1266	18.9936	12.3023	5.03098	11.7981	16.6734	10.2656	1.57639	2.56495	2.0998	4.99924	5.89852	3.00452	2.6323	6.83674	6.24082	5.48826	2.41083	0.381846	2.55977	3.76631	3.61986	2.58764	1.83525	1.8466	2.41379	4.29211	2.20566	3.48064	4.77953	4.16395	3.89746	2.57502	1.00691	1.32383	2.52424	1.50774	3.45469	4.88829	2.32987	5.2657	2.37881	4.9897	4.52833	2.3224	1.92362	4.14826	3.57944	3.0903	0.783988	1.60488	2.01197	1.58233	4.31696	2.12334	0.97186	3.3031	2.29632	3.285	4.44055	3.16968	3.76843	3.85686	2.97717	2.88261	2.85254	0.657668	1.72014	1.55331	1.74559	0.87428	2.85277	4.6211	4.52068	3.08203	2.13217	0.255161	1.02868	0.46807	0.96145	2.36319	0.745277	1.39056	3.38064	5.39749
9.15931	10.5505	8.79445	3.65124	10.9803	9.17041	4.08716	4.51789	5.01114	3.07919	4.54615	3.37888	1.97137	1.42389	0.837928	0.573346	0.951754	1.03365	2.20891	1.38858	0.29691	0.502947	0.652992	0.490759	1.96377	2.91135	2.63448	1.71547	0.805447	1.22337	1.40972	1.41923	1.08852	0.9	1.46838	2.92915	1.67351	0.884243	1.88965	2.75693	3.33516	4.81201	4.43266	4.52819	6.25656	5.63116	2.1517	1.98758	1.45699	0.556988	1.50369	1.45058	1.60931	0.86857	0.929668	1.37992	1.26837	3.04645	2.35673	1.27237	0.615236	1.07359	1.25726	2.18043	4.11182	3.99	1.68184	1.16559	2.05884	4.35536	6.9096	6.87567	11.1529	10.5749	3.44393	0.530776	0.439553	0.341161	0.222105	0.250948	1.07354	1.02081	1.08493	0.610042	0.155372	0.359138	0.978646	1.42807	1.47202	1.02662	0.385149	0.885908	0.734526	1.78843	0.844038	1.27734	1.088	1.34343	1.02697	1.17302	0.936615	2.87036	4.37033	6.29477	5.80352	4.29288	0.360146	4.16386	2.1658	5.6263	3.68011	11.9537	15.5968	16.4271	17.8909	17.1648	15.8861	16.9753	11.4566	4.36876	1.84165	2.13755	3.46401	3.64515	2.11964	4.07142	3.93084	2.7055	1.99059	2.02274	2.56288	1.95579	2.09036	0.799141	1.93271	2.39182	2.69156	2.15363	4.89406	3.68099	2.9654	1.92603	1.62109	8.64256	1.04132	6.66472	6.46545	1.89084	3.06045	1.82097	3.3076	4.52448	2.41778	1.47104	2.34368	1.86689	4.45492	4.54909	2.26155	1.87955	2.59705	4.27053	2.54633	4.42527	5.87817	5.8771	0.463801	6.48786	9.19957	12.7518	13.6257	13.1847	6.98777	2.41031	6.95601	11.9153	16.4216	11.4728	2.97909	4.8317	5.70044	6.40685	4.24369	2.38726	4.14597	6.55313	3.50345	6.08728	3.64926	2.53181	2.1129	1.87048	2.53275	3.33286	2.59533	1.53457	2.32114	3.74019	0.350818	4.49316	4.27673	3.55342	2.5751	0.312947	1.34888	1.72275	2.53635	1.0626	3.26497	5.13216	5.34211	3.01437	2.62687	2.94112	4.32367	3.62748	1.60349	1.85702	3.9662	3.73323	3.02253	2.7141	3.32989	1.80358	3.92688	4.93537	3.47027	3.80335	4.42259	0.445454	4.1882	3.00032	1.14681	0.903228	1.20312	2.36166	3.59464	1.98703	1.92281	2.23489	2.28252	2.80678	1.83459	1.46232	3.22003	3.7592	2.62007	5.75668	6.69803	6.55448	5.38976	4.11838	3.07493	3.78719	3.03097	3.91442
2.53924	6.45986	5.20594	6.9357	10.5603	10.3918	4.72117	2.58303	2.50823	4.22092	2.47157	1.54263	1.03299	0.848585	0.56375	0.871594	0.994719	1.36377	1.72709	1.43092	0.8246	0.466541	0.512151	2.00745	3.27743	3.47992	2.1766	0.546475	0.623973	0.780977	0.51068	0.451138	1.78735	0.511912	2.16004	3.12519	2.1002	1.85376	1.24415	0.341942	0.655667	3.12664	5.01128	2.75408	4.76164	6.37542	2.87706	2.23079	1.48621	0.385838	0.687651	1.13123	1.21226	0.686875	0.636296	0.920118	0.207251	1.46988	1.72325	1.35422	0.788047	0.759171	1.94539	3.95736	4.84066	4.60188	5.00815	1.28594	3.97084	5.13908	2.67121	4.79496	7.82573	5.35001	1.51636	0.600987	0.433243	0.25044	0.0965168	0.098594	0.489842	0.611743	0.530593	0.743548	0.590484	0.79753	0.7024	0.430521	0.836325	1.20856	0.694395	0.693144	0.245538	1.44218	0.754518	1.31008	1.55119	1.44534	0.692308	0.56227	0.69257	1.13263	1.98335	3.98135	4.66663	3.61248	3.24539	3.85445	4.74054	2.23107	5.39612	8.0613	5.46801	5.14661	8.66955	5.47713	6.45001	14.4575	16.1814	7.6312	0.573871	1.08577	1.92424	1.59546	1.98354	4.93811	4.39891	1.69106	2.73648	1.56764	2.41839	2.04894	3.66441	6.5067	6.66357	5.22224	3.46139	1.9881	4.14059	1.56501	1.58921	0.863309	2.89156	8.06855	0.194334	7.01575	4.89766	1.53087	2.86923	4.93166	4.13503	5.46895	2.40636	3.68757	3.65396	6.88336	11.9473	17.1888	17.6844	13.6146	10.2695	6.34722	3.46137	6.17364	5.29095	3.0669	3.65443	6.41748	8.66209	12.9591	12.5977	6.97734	8.64785	9.46665	6.88996	9.12462	14.1904	9.32254	2.64974	2.07708	2.04564	2.39278	7.73558	8.54487	5.02704	5.09402	0.597136	5.93061	5.12859	2.28157	1.39144	1.9013	1.27823	0.244459	1.71987	1.59541	1.35832	3.38182	1.05952	5.28905	4.30736	2.96546	1.10965	1.893	1.60718	2.68437	3.11219	0.442581	0.777309	1.73422	4.56178	5.75895	4.22438	3.1167	4.42585	3.43573	2.2514	3.41389	1.10757	3.30936	2.86424	1.86613	2.84086	3.66317	3.26546	4.6355	3.78027	1.70335	4.16623	2.52055	1.46121	2.1823	2.79673	3.61063	4.02812	3.84802	3.45003	2.18982	1.55467	2.66647	1.57101	1.11159	2.39696	3.25	3.86173	0.69115	4.71032	5.62551	2.75439	2.2816	4.2671	3.93402	3.58138	2.74857	2.30104	2.37918
7.97864	9.67801	4.1277	11.2822	13.0908	9.85409	2.25393	5.64826	8.42309	9.60372	7.68815	4.25828	2.54717	1.83755	0.244576	0.895006	0.874309	1.28789	1.07592	1.36043	1.22179	0.14654	1.53776	2.27927	2.44993	1.88341	0.421724	1.38941	0.412918	0.425026	0.276145	1.22787	1.71941	1.0807	2.5549	2.49945	2.24177	0.84031	1.10722	0.997582	1.62855	2.82638	5.94045	6.08835	6.97603	5.76026	2.73124	1.51573	0.61437	2.25948	2.75063	2.03498	0.983529	0.330077	0.56602	0.433121	0.89961	0.850453	0.570248	1.35399	1.62616	3.43558	5.1952	3.53822	1.27035	2.58488	4.13469	1.30991	4.01589	3.07598	2.75872	3.97793	4.65869	2.55001	0.584776	0.411586	0.346324	0.211734	0.106873	0.221487	0.244321	0.3176	0.522085	0.869114	0.974441	0.931616	1.10427	1.14731	1.05557	1.3084	1.35341	0.964699	1.18575	1.63327	1.24642	1.77876	1.82002	1.24968	0.397227	0.239572	0.492053	0.541335	0.908142	2.44225	3.6393	3.55498	4.30103	4.29603	3.55003	1.19324	5.89893	7.01876	8.88536	11.2768	14.8047	10.269	8.38365	5.07988	15.2768	12.8739	3.15542	1.75397	3.23866	4.30502	2.90228	3.08384	7.06351	3.54929	3.73613	3.55689	1.88977	5.01257	11.8957	12.8509	10.6764	8.57283	3.93317	0.729408	3.54508	1.46081	1.56039	1.88066	5.06871	7.08686	0.953677	6.48894	4.78861	4.93713	3.96244	2.06605	3.35539	5.24387	0.869663	3.3222	3.98484	6.49813	11.5914	10.6721	9.13735	11.3998	7.68933	6.20897	8.53393	6.3516	2.2531	6.31299	12.6215	15.7864	17.6234	14.3904	4.8039	6.89248	9.12276	6.44359	3.81966	6.96538	15.8832	12.2267	4.64106	1.61837	6.12986	15.619	19.3591	17.7763	12.0186	9.13733	5.36017	6.79154	4.84661	2.2107	2.97883	3.05119	2.24543	1.971	1.19028	1.39953	1.22341	2.93215	0.851493	5.79411	4.14419	1.09445	1.4521	2.27619	1.35892	4.0439	2.8448	1.25008	1.50153	2.07954	3.39039	4.64139	4.79934	3.7194	5.57645	4.32779	3.75554	3.77485	3.60629	1.32507	2.3838	3.8667	3.7931	3.52189	3.76424	2.28983	5.27714	3.50338	3.12164	2.05163	1.45318	2.10765	3.48237	2.33697	1.51524	0.836441	1.39836	2.99656	1.27577	1.70685	2.34724	2.00731	1.07899	2.05607	2.71937	4.29306	6.10532	2.99203	2.66046	3.37129	5.00156	2.2133	3.78733	2.57321	1.47606	2.48349
5.71278	8.69476	5.61429	14.5262	10.7634	4.11647	5.10389	9.64092	9.12612	7.44468	8.42976	4.43535	2.15932	2.78942	1.76381	0.761311	1.5001	1.75224	1.28303	1.06264	1.12617	0.188821	1.7911	2.30105	1.54902	1.36435	1.76173	1.70582	1.39457	1.07894	0.550465	1.92032	1.43106	1.7543	2.66131	2.14222	1.94226	1.06816	0.686783	0.595631	1.30741	0.926621	3.46023	5.7187	5.3196	2.64776	2.21633	1.13789	1.85577	3.31214	4.20302	5.08232	3.54371	1.52885	1.38735	0.161459	1.22968	0.50293	1.18289	1.59601	2.97499	4.95346	2.71266	3.6842	5.08049	4.80164	2.6808	0.340314	2.39094	3.30036	3.34276	3.27004	3.44658	1.74329	0.268451	0.154686	0.213312	0.245026	1.06662	1.70666	1.71882	1.40901	1.18265	0.902403	0.684141	0.727672	0.740316	0.498113	0.99084	1.21044	1.42459	1.499	2.03768	2.78286	2.32259	1.7468	0.622535	0.79441	0.471837	0.438583	0.390143	0.0997967	0.15176	0.918046	1.76949	2.94942	2.81088	0.444194	0.918594	2.55467	4.30059	2.67447	10.2527	10.5729	15.3774	16.3706	14.2129	9.30231	7.373	17.2123	7.12688	0.884851	0.5824	1.43128	3.92979	1.27873	6.0636	5.08042	5.01142	2.44359	3.95495	11.0137	12.5813	7.57167	9.03791	10.5291	6.02518	2.48565	4.54178	4.71429	4.16038	4.0391	6.8091	6.80991	3.17595	10.5637	15.4353	17.3404	12.699	8.45813	4.12613	2.11954	1.85198	3.70206	6.96318	10.7079	6.68561	10.0427	9.23616	7.98306	5.45151	7.15431	9.57688	5.09137	5.67025	13.6988	16.5417	16.4403	13.731	7.49308	5.16238	4.73683	3.68439	3.86712	8.59365	3.32453	14.7443	15.2856	6.53867	2.31355	9.81113	18.7786	15.2226	18.2541	16.5045	17.4718	15.772	10.5522	4.35797	5.22215	5.70951	5.44806	2.62303	1.54702	2.05598	0.980817	1.62713	2.54366	1.13723	5.87326	3.99117	1.02255	1.82801	2.01779	1.49642	4.61139	3.1597	2.18426	1.40326	4.44011	4.02723	1.92622	2.51478	3.16484	5.35984	6.79711	6.20349	4.06824	4.42653	3.86915	4.53296	4.45245	5.4583	4.87935	2.87006	2.52346	5.39944	4.48148	1.39772	2.02498	2.76343	2.02644	1.36722	4.27159	4.40369	3.72664	2.459	2.85738	2.81589	0.882286	3.13945	2.63183	2.0735	2.41356	1.27415	4.16726	3.51625	1.05687	2.80423	3.69103	5.16809	1.42652	4.35181	2.54551	2.0984	2.35028
7.24127	6.93973	12.8763	13.3455	4.00992	5.45973	9.19911	7.45737	5.14524	0.800734	7.02966	3.87046	1.36678	3.48746	4.55727	1.62626	1.07804	1.32843	0.841228	0.653676	1.15127	1.04442	2.06063	3.05845	2.24057	1.87787	1.82283	1.85771	1.77447	1.10628	1.45757	2.16731	1.52196	1.54427	3.35625	2.88168	1.6813	1.02524	2.09511	2.751	3.23703	3.61294	1.54694	1.45967	1.4228	0.78251	2.00417	0.51117	2.47512	2.97435	2.04535	3.59416	4.48959	2.0177	1.62009	0.0946686	1.38856	0.946939	1.9065	1.14583	2.12211	5.33936	5.82724	6.70906	3.81707	2.2345	1.91359	1.05947	0.999809	1.29462	0.780178	2.39007	1.24163	2.33851	2.96254	1.42375	0.442116	1.68978	6.72932	11.4318	11.7112	7.22859	3.01594	1.61232	0.914712	0.224937	0.870401	1.06799	1.05316	1.11211	1.24677	1.43151	0.651985	0.757089	1.22696	0.519919	1.84278	1.64279	0.845375	0.283961	0.388861	0.113805	0.178142	0.42824	4.0636	5.83139	3.43706	2.4002	2.45112	6.01866	6.69372	7.21507	9.66911	3.65466	6.11547	9.76169	10.8058	15.0915	7.98445	14.369	9.02352	2.10509	3.30246	3.57224	2.70593	1.50414	2.37615	3.94629	2.10994	2.30789	5.55118	11.5824	10.1924	1.25383	6.77811	10.4795	10.3789	5.87954	3.09601	2.22419	2.70608	2.16653	5.30037	7.72174	5.80598	16.4849	18.8227	11.0609	14.2928	12.4453	7.86196	9.94875	10.1872	7.62805	11.1435	13.013	11.2904	5.12508	1.39165	2.20615	2.96805	4.91456	7.08977	7.84851	13.5627	15.3193	10.1213	4.59593	2.16639	4.65264	8.16336	5.94568	1.4514	4.40949	9.13434	2.48489	13.8562	14.2204	5.02654	2.99358	8.61902	18.2014	10.2092	9.15489	13.637	12.0385	18.095	12.1397	10.5397	8.96712	7.12257	7.93974	4.91607	3.08945	2.27633	1.69951	0.831053	1.27594	1.7454	5.64707	3.12642	2.73572	3.25706	2.96375	2.59829	4.68203	4.31961	3.15255	2.63035	5.92049	3.59929	3.04678	2.4746	1.64078	1.89633	0.797541	1.66556	3.38803	5.41423	5.85156	5.08521	4.06674	3.6796	1.85833	2.37296	3.48186	3.97539	3.74967	2.39236	2.78567	2.89012	2.89342	2.41936	1.20396	2.58546	2.32446	2.55563	3.13111	2.3424	0.473082	2.33082	1.68849	2.24765	1.38881	1.90387	3.33686	1.75265	2.66297	3.1339	3.60674	4.43784	0.169261	3.49882	1.79217	1.65971	2.43358
7.62778	11.1498	11.2135	6.18062	4.60751	10.5123	8.61552	3.59108	2.98615	6.69112	7.70663	3.61827	3.46609	3.7595	6.36552	3.63984	2.07187	2.05145	1.35422	0.717967	1.43322	1.29358	1.43189	2.80167	3.05923	3.18219	2.66942	1.34958	0.352264	1.11989	2.35161	1.71299	0.974091	0.826005	2.49982	3.16804	1.98248	0.393848	1.87882	2.85957	3.04103	4.46778	3.33824	1.39156	0.205313	0.742186	1.3592	0.322291	1.97226	2.867	2.81764	2.28668	4.8164	2.8482	0.91297	1.14555	1.93891	1.29059	1.59812	1.92311	0.836713	2.02267	2.87054	1.22979	1.51614	1.2506	1.17403	1.69735	1.80977	2.24979	1.59597	2.56714	2.2778	4.55589	4.84907	3.22295	1.3358	3.08697	9.90192	12.703	13.3384	14.2104	7.86091	3.52389	1.39277	0.85642	0.348833	0.927378	1.82884	1.01991	0.690386	1.05222	1.39117	1.59728	1.06305	1.93352	2.05111	1.31871	1.38831	1.24439	0.886587	0.514174	0.415733	0.466249	4.38451	5.00361	4.41511	1.42292	4.86153	7.60304	6.45162	9.05357	14.2509	9.99719	4.40383	1.26174	3.82361	11.249	14.2931	13.7559	8.50494	3.05753	1.24191	0.674051	2.09642	2.80692	1.76388	0.642816	2.88738	4.60431	5.993	9.7624	9.26666	1.13203	5.07502	6.05399	7.20728	6.29611	5.83167	8.4708	8.95703	7.76484	5.48259	4.94858	5.0695	16.0485	13.4213	7.77948	8.91397	11.6747	18.8545	20.0541	20.0779	17.7707	12.9659	11.4268	6.38914	7.77398	7.20351	8.11014	9.24896	11.2894	12.951	13.051	11.6612	6.79012	2.72318	5.28141	6.70771	7.45499	6.97057	3.44389	1.72242	8.71819	7.64241	5.93738	15.3325	8.23679	3.33534	4.83265	5.94561	14.027	15.0555	5.92883	7.3092	11.6184	13.702	16.012	20.7179	14.0636	6.94369	6.26887	4.38873	4.10673	3.03213	1.99622	1.07315	1.01007	2.01951	5.19008	1.87266	3.66884	2.96395	1.69644	1.47477	3.19323	4.04957	3.00794	3.04428	5.71277	3.89039	5.0891	4.35857	2.80473	4.07418	5.0291	5.39003	2.88348	1.02642	1.30481	0.261635	1.49709	4.06119	6.13053	4.44537	0.496408	3.77904	3.55213	3.24951	3.60613	3.59241	3.33186	3.62702	1.84824	1.46214	2.04508	4.16316	3.38282	0.487886	2.97038	4.08645	3.55124	2.57003	1.18935	2.82341	2.91568	1.21145	2.37798	2.09724	3.63649	4.32655	1.78524	2.01973	3.18355	2.38914	2.8337
7.86416	8.03404	4.81629	1.75168	7.375	10.4328	4.45398	0.148729	2.92966	5.69945	5.81983	3.96084	6.4433	3.27006	5.61912	2.75178	1.09285	2.13736	2.49925	1.52239	1.45025	0.704384	0.612685	0.953004	0.787602	1.44347	2.12961	1.98823	1.90866	1.75108	1.94554	0.91174	1.83087	2.45075	2.28013	2.56181	2.10191	0.198437	2.05065	2.87816	1.22816	4.69399	3.12626	1.39859	0.416787	0.106237	0.668616	1.08328	2.00841	2.69841	1.13317	3.09159	3.86759	2.26527	0.837064	1.56321	1.51574	0.838434	0.582143	0.812563	0.824717	0.914236	1.74564	3.86653	3.91342	3.45182	1.29395	1.5196	3.26674	3.521	3.17756	0.959792	3.4617	1.90327	2.95824	3.59971	5.09476	5.59335	8.84315	11.1034	2.17257	11.2329	15.2969	13.0247	6.81177	1.83177	0.991238	1.03934	1.46954	1.15607	1.1037	1.42718	1.50532	1.45575	0.767042	2.05731	1.60983	0.0522168	0.347703	0.394755	0.282123	0.183189	0.231281	0.628219	2.99767	4.22392	1.19844	6.13496	8.04389	7.54069	5.89473	4.72544	12.4639	15.8646	12.8079	8.32262	3.93316	2.38068	6.9245	7.35492	4.65483	0.989357	2.50508	2.93658	1.24549	1.10603	1.3941	1.4703	2.53437	4.53905	5.94833	8.28028	8.03231	2.26425	9.95881	11.0739	9.64577	7.1277	4.51948	2.52308	1.08251	1.06115	3.61229	4.424	6.37544	13.9992	14.584	10.2104	4.33757	11.5629	12.822	12.0201	10.4158	11.2337	2.96923	6.49866	4.56643	1.75179	4.31249	2.96791	1.53496	2.51102	3.91911	4.80497	2.88516	1.06985	1.31012	0.838869	2.04003	4.40587	3.42294	0.344906	3.71249	7.67163	5.64529	13.1378	10.5197	4.48334	8.19821	6.56214	8.8614	14.4732	15.5926	7.0675	3.6343	11.6043	7.71	13.0863	13.4041	18.1853	14.0886	6.63861	3.82592	3.79244	3.12208	2.2336	0.781664	1.17876	1.2798	4.28461	2.13285	1.18745	2.83369	4.2081	4.46779	3.69035	2.79974	3.37706	4.56259	3.7066	1.9786	3.38946	4.83378	3.9334	3.67295	3.61218	3.69569	4.48382	2.9551	4.87783	4.95132	4.56247	4.22365	2.45238	3.53652	1.6802	3.95192	2.80989	1.93366	1.15115	0.658922	2.78371	3.70236	3.64141	3.0179	0.765193	4.50396	3.76833	1.43544	3.83638	1.68276	0.823512	1.61409	2.40999	2.39072	2.32256	1.81815	3.0612	3.57333	4.68506	4.77057	3.93422	0.587115	3.07392	2.5921	3.05001
4.17614	3.04986	1.93126	4.0381	6.69721	8.54503	5.18156	4.77271	5.03224	7.23361	6.28908	5.51115	8.02009	7.40594	5.01655	1.24768	0.610536	1.71879	3.07359	3.5208	2.56546	0.351243	0.677745	0.892052	1.02153	1.46139	1.95754	2.73965	1.31025	1.05671	1.30866	0.317148	0.940471	1.35967	2.31508	2.63515	1.86445	0.489888	1.83965	2.073	1.81279	4.36225	2.7033	1.13867	0.237237	1.52923	2.53183	2.78518	2.31474	1.88791	1.2232	3.12692	1.61497	1.61294	1.5321	2.31608	2.27216	1.5878	1.10596	1.0342	2.70843	4.69218	5.18561	3.03554	0.459932	2.4021	2.99341	1.00328	2.05083	2.86195	1.05149	0.974755	2.91826	1.80072	3.24488	8.31538	10.0011	10.0272	10.0347	8.88191	6.23587	5.58695	10.3865	13.7733	10.1591	3.46341	3.78431	3.2424	1.02173	0.786328	1.2635	1.22483	0.657001	1.60849	0.500661	2.19399	0.534764	1.37064	1.40974	1.14846	0.867527	0.588441	0.539546	0.493667	0.672503	4.17146	7.90046	6.86946	3.68409	3.32349	4.25814	2.85718	3.84822	12.296	17.0999	18.4342	17.6666	12.3838	5.04347	1.22063	0.968309	1.76973	3.43578	0.905358	2.21518	0.115202	2.70317	3.67109	2.3137	2.44259	5.89136	9.09484	8.48148	2.99735	11.1331	7.52509	2.45546	2.85308	4.18145	2.96728	5.92326	5.94657	4.52852	3.26212	2.1798	8.63999	10.5368	10.3956	12.0947	10.1739	3.9219	1.90122	6.94262	12.4794	9.83936	9.01243	5.92234	2.17547	2.7311	2.85826	1.9141	1.66224	1.22929	1.35079	0.767154	0.488655	1.44842	1.83387	3.27038	4.31174	0.977561	4.50984	5.92108	1.52548	7.18146	9.55062	2.44115	10.5547	9.36639	9.91473	8.17713	14.1848	12.197	1.90768	6.7373	7.12675	0.971411	6.36793	5.46818	18.7987	19.1501	6.5017	3.69481	3.37437	2.42451	1.45563	3.71572	5.05391	3.60771	1.50929	3.37716	2.68057	4.47492	3.06696	3.84674	4.83273	5.67203	6.12068	5.34611	3.97179	4.64443	3.95455	3.63746	4.24522	2.84881	2.79425	3.95182	3.96513	1.07136	3.44924	2.17038	2.83814	1.9115	3.23891	2.57945	4.93918	5.4677	3.53111	3.56901	4.01808	3.95637	1.36093	2.31253	3.04515	3.21046	1.15151	3.29843	4.36266	0.725449	3.71733	2.0664	3.51679	3.79077	3.52644	2.97658	3.63102	3.09732	4.1817	3.30437	4.02829	3.91028	4.35469	1.75452	3.05413	2.01023	1.71628
1.51038	1.17593	3.59701	6.0591	7.01301	5.71192	1.80209	5.14054	5.62552	8.26083	6.0552	3.69929	4.39233	3.14592	3.41721	4.70184	3.58762	2.14365	2.24164	4.14803	4.80793	1.36961	1.13975	1.01788	0.749978	0.619751	0.372186	2.55856	3.14673	1.46904	1.97727	2.06402	2.22125	1.97401	2.22478	2.02492	1.53156	1.59349	2.29962	1.27088	2.04363	3.63214	2.36428	0.602907	2.30984	4.48674	5.37968	4.59724	1.92187	1.05509	2.33493	1.70305	0.967445	1.42541	1.8409	2.8708	2.18069	1.90284	2.52142	4.96289	7.47913	6.17125	2.86059	1.78908	1.77772	2.15297	2.77133	1.51049	0.268569	2.34298	0.753996	0.764484	2.49053	4.12692	6.95785	6.21186	5.15062	4.16854	3.54151	4.45797	5.60123	2.91876	7.21022	12.9157	5.68941	11.453	14.1733	11.6061	6.50427	1.22888	0.263799	1.73368	5.85317	6.15756	4.52246	2.05701	1.81921	3.30483	3.60394	2.61405	1.24246	0.692001	0.340591	0.25438	0.107098	4.778	9.25536	3.34844	4.5637	5.83369	6.01996	5.2223	3.95047	4.41282	6.999	8.40229	14.9448	19.2015	12.888	3.72452	1.21257	2.32978	2.76236	2.54726	0.799891	8.67075	11.8892	9.70505	5.03557	1.71907	3.61667	8.33062	8.48638	4.46189	11.0806	5.37602	0.851446	2.51642	4.89771	2.19127	5.75052	1.08031	4.86184	7.36621	6.33664	0.772637	6.63736	10.3464	13.6046	13.4594	6.28871	4.05887	8.23068	11.6859	6.87781	5.9856	8.00428	6.2963	8.2106	5.41324	2.63356	0.491399	1.24111	1.79101	2.65773	2.36331	1.26504	1.69689	4.17538	4.11077	1.95948	7.23049	4.78659	4.4929	7.31345	2.88363	7.19078	7.01943	2.97058	6.89774	4.45102	12.8527	11.334	1.66391	6.66814	6.77793	4.78843	7.01504	6.59095	18.8564	18.6503	5.47451	0.845294	3.61867	5.83112	6.1051	4.62831	2.3316	3.84572	1.6223	1.22473	0.689757	5.56096	7.19959	5.1973	3.07549	2.83942	2.33095	2.90453	2.84776	3.81667	5.73009	1.46544	3.35202	2.22929	1.77135	5.63229	2.65363	1.9635	2.67003	2.10158	1.94248	2.27825	3.19338	3.68543	3.69168	2.33335	0.808016	2.05476	1.98166	0.979711	1.99852	2.59609	1.85691	3.38971	3.66446	3.59747	4.29309	1.5071	3.67118	3.44589	4.09903	4.23634	4.31799	4.50213	4.17188	2.96411	2.4855	3.84406	4.54971	3.52993	3.58111	4.55044	5.24898	3.08448	1.47574
1.64008	2.64288	3.49057	4.40913	6.42847	6.48877	7.42862	6.56509	4.96882	6.89262	3.43408	4.29603	7.11594	8.33734	9.87801	8.29738	6.16171	2.67396	0.695193	1.56736	5.16776	3.57021	1.06826	1.19556	0.917282	1.16996	0.93751	1.18702	2.71345	3.24056	2.97455	1.66146	3.25493	2.65632	2.37098	2.29988	0.936808	1.17655	2.88809	1.98865	1.85817	3.79721	2.80858	0.187581	2.73189	3.37953	1.53752	2.8027	2.53017	0.984545	2.80034	3.43708	2.32138	1.66492	3.35082	4.58777	4.40719	4.81553	6.02158	7.64271	6.21927	4.29618	6.11776	2.55826	0.931342	2.30703	2.16437	1.09915	0.256179	1.96841	1.32156	0.675784	2.52277	6.3035	5.73779	4.16335	2.75782	4.72167	6.69763	8.23012	8.76679	3.97479	9.28911	8.88453	7.56008	14.1634	11.5828	12.2604	9.25971	2.34979	0.223067	2.75679	7.35739	1.451	7.10811	0.767373	5.1555	8.24645	8.68688	7.12693	3.66124	2.00088	0.319502	0.564848	0.390316	3.25207	8.54097	6.18354	4.70845	4.7171	7.42898	7.39419	4.28964	4.866	10.7793	10.3755	5.35029	13.5055	16.3633	5.91254	1.06653	2.45293	1.81005	2.86068	2.26673	11.4669	5.38756	7.65689	4.70744	2.66988	2.85814	6.4014	8.10698	4.41883	10.2658	3.85924	1.64817	0.948268	4.74503	0.970919	5.12282	4.63399	2.279	3.54256	7.24967	5.35507	3.58427	7.69199	12.3825	15.1706	8.25728	4.04534	6.42089	13.05	5.38129	5.87826	8.47803	6.75965	3.03194	2.87147	3.38871	3.18609	3.31084	4.06891	0.64323	3.25596	1.81595	2.95304	4.08302	0.972265	4.38633	4.94216	2.6292	5.28669	5.96206	1.8458	5.22132	3.93029	1.88489	1.15349	2.49009	9.06035	11.4485	1.62631	4.25111	8.79157	11.2012	3.30911	1.86487	17.9713	16.5956	3.84527	6.55322	7.68022	6.42347	4.24643	2.32267	3.75124	2.49538	3.08051	5.1508	4.86768	0.787479	5.40734	7.02038	6.24721	5.87047	4.16531	4.68473	6.22798	4.97243	3.91088	3.37626	2.14377	2.30977	1.50227	6.36695	2.09432	2.99757	0.767802	3.26673	2.88429	1.99218	3.0277	1.00533	2.06506	2.19357	1.35405	2.98956	3.27564	3.81022	2.30534	2.96408	1.32237	4.06283	4.64033	3.52232	2.87207	1.68561	2.77815	2.56445	2.36466	2.23138	2.67299	2.09346	1.06252	0.770856	0.246307	3.53049	4.79298	3.73945	2.12564	4.70079	5.20227	5.23128	5.22014
2.04075	2.09279	2.72714	4.59605	7.07943	7.37816	6.67491	5.49664	5.84353	6.12952	1.72348	7.24185	8.42996	6.83527	5.06512	2.84293	5.66282	3.12915	2.67582	2.87624	3.84375	3.89745	0.505491	1.3814	0.341633	0.327623	2.22199	3.8702	2.72275	2.12479	4.31596	0.979564	3.32209	3.32594	2.29489	2.30759	1.86438	1.22145	2.78129	2.30363	0.972092	3.87077	3.68404	0.23336	2.97658	2.56293	4.53148	5.30564	1.75926	3.6227	5.1607	5.79081	5.71426	6.16134	7.10503	6.53608	5.57541	4.48928	2.90613	2.64854	1.22467	5.89144	6.65363	1.11237	1.54595	2.40632	1.34195	0.580477	0.124352	1.47459	1.37221	0.862318	3.00221	6.13875	4.43608	3.56494	5.18747	5.59447	3.67627	6.29321	9.1125	1.57967	10.2472	5.63097	9.24965	8.78656	8.12114	13.0441	9.53671	2.2912	0.5934	2.59825	7.12162	6.24624	6.62727	1.48967	6.55759	10.0468	7.99912	10.0539	5.39168	3.33773	0.923559	0.29714	0.264532	1.28371	4.73812	3.90037	1.13748	5.65246	8.03257	7.26394	3.37935	7.75656	13.3753	9.39911	14.3745	12.2651	15.0546	6.47407	0.92525	2.73873	0.591454	2.67496	2.47624	10.6701	10.0847	7.77583	1.17565	6.83431	7.45798	6.08954	7.41962	5.60757	9.85639	3.02896	1.35376	2.91093	2.13506	3.35039	3.25469	1.86969	6.23267	4.03979	4.42297	7.24947	0.844305	5.12317	10.7681	15.016	11.9074	9.03108	3.08326	14.6264	7.45113	3.02695	4.26498	3.0041	2.92413	3.64149	4.96182	3.36287	2.30708	5.03104	2.57027	3.0026	1.94013	3.6474	3.34954	1.36909	3.98324	3.3367	3.80379	1.89709	3.73433	6.07426	3.20906	2.48752	1.95523	1.70672	2.14638	6.92188	7.89114	5.17064	3.36782	7.7991	15.2499	4.49424	7.16656	14.0605	20.3012	9.53951	5.952	1.59235	3.94908	3.88896	3.65289	4.02451	1.10982	4.83131	3.30346	5.6892	5.36122	0.297534	3.82153	4.07179	4.76874	1.42712	2.45869	2.9825	3.9704	3.93938	4.21708	2.59019	3.09295	2.78999	6.34254	4.36321	3.95784	3.66467	3.42175	3.33851	0.605445	1.39235	4.21982	4.00879	4.40339	2.06209	2.08334	4.14154	1.58866	1.50224	3.13885	3.47588	2.42247	2.16681	2.33651	2.50141	2.54933	0.99103	1.19718	2.11403	1.52978	0.706821	0.930484	1.0859	1.05514	0.756459	2.41357	4.11563	3.7245	1.13277	4.10851	2.17733	2.2792	2.57671
1.64604	0.911356	1.31016	1.11059	4.07258	2.582	3.08984	2.49705	3.88445	3.52966	3.24959	8.52307	7.04033	4.84774	6.21083	7.41433	5.61575	3.46059	4.33075	3.84306	4.33309	3.51457	1.25357	1.69351	0.745221	1.03549	3.45115	3.5789	3.37666	3.37182	3.40161	1.10291	2.24964	2.81913	2.27231	2.1498	2.37898	0.881645	2.48976	1.05219	2.29684	3.18309	3.21099	1.05614	3.76242	1.53136	2.92388	1.77224	3.66746	5.27405	1.51344	1.6189	1.45882	2.73141	1.24624	1.62024	2.60793	3.452	3.93126	5.61237	5.86025	5.07412	5.19942	2.04813	1.10744	1.45968	0.633674	0.763176	0.85325	0.64076	0.840449	1.37923	4.53887	4.70355	2.51085	5.27789	5.86742	3.3574	4.38204	8.68408	7.58371	4.15115	10.9841	6.43466	9.06286	13.191	13.0981	11.7353	6.888	1.56714	0.768553	1.55959	3.61639	3.82521	2.95566	2.15099	6.89442	12.4148	2.03079	10.0017	7.15917	4.01377	0.815495	0.823626	1.35387	2.6435	4.87495	4.66691	3.23847	5.04181	6.90353	6.35929	3.73986	7.85056	15.1827	8.15423	9.91108	11.2704	10.2371	4.43674	1.04369	2.5135	0.936584	2.52318	0.633581	4.3747	4.92852	3.63221	8.08988	9.42122	7.17856	4.60621	3.62753	7.07989	8.41818	2.90906	1.68187	0.955643	2.09297	5.02554	6.30627	6.0174	2.13908	5.16503	2.44518	6.28509	2.73852	2.99355	5.29611	10.166	12.1678	12.3087	4.3219	14.481	7.73342	2.29961	2.74163	4.79447	4.96841	4.86291	4.6621	0.724918	2.73726	5.29916	3.21317	3.78611	1.82003	3.85583	3.46452	1.33508	3.0142	0.973334	1.01862	2.71423	4.97602	5.41134	5.16708	1.9725	2.61759	3.26307	2.61919	6.27205	3.93737	7.28074	9.74542	4.97864	16.5927	8.64221	13.9858	0.485695	17.5809	11.3454	4.47466	4.6624	5.37312	3.51901	2.90614	1.10395	3.01429	4.71895	2.25813	4.28924	6.0287	3.86301	1.96042	5.39365	5.59135	1.08437	3.98588	2.19947	2.78199	3.76807	4.1244	2.82947	2.28385	2.25081	4.73466	5.18353	4.58249	4.80377	4.53143	2.1205	2.38721	3.33995	4.42557	3.46467	3.74976	5.39798	2.83167	2.09635	3.39669	2.61616	2.30161	1.61381	0.972744	3.19843	3.82347	2.73462	4.13525	3.53263	1.69969	2.47719	1.15324	0.703363	1.18011	1.0372	1.00375	1.51772	2.22159	2.70536	3.31791	2.8342	3.52732	1.79147	0.857065	0.817831
1.79061	0.218394	1.05878	3.42628	6.90512	4.57184	6.34289	3.84583	2.04479	2.2482	7.72366	7.89495	3.33392	3.35115	3.68473	3.76127	2.20664	1.49222	4.21386	3.94062	2.38827	1.72691	1.00764	1.76978	1.41753	2.33464	5.07487	5.0866	2.17153	0.682172	1.10262	1.43349	2.4458	1.13638	1.77802	2.22719	2.80776	0.879957	2.38993	2.58345	2.65182	1.83975	1.85237	0.706255	3.53704	0.514873	4.08995	1.47117	5.2769	4.19901	1.47786	2.97529	2.24278	1.93487	1.99595	3.46319	4.80451	4.84548	3.96612	3.94292	4.32256	3.94311	3.82226	1.73793	0.578956	1.02593	1.27876	1.74905	1.62681	0.67344	1.21989	3.84933	5.42791	1.72703	3.40314	5.04603	3.97994	3.62105	5.72352	9.16641	9.23734	9.4923	9.06649	6.10515	4.23018	6.6534	7.76354	6.81175	3.29094	0.753912	0.460505	0.722984	1.45564	1.45562	0.794364	1.76333	6.23016	11.8289	2.95143	10.5899	7.94129	2.93755	1.40718	3.96898	4.62213	4.76035	4.28286	2.20483	0.76675	3.17821	6.32141	7.31552	4.99555	8.01012	15.069	9.12585	3.20249	4.46013	4.29519	1.36467	2.43579	2.93522	2.16892	2.97423	1.59748	2.90827	5.92919	9.16942	7.20717	4.20424	2.88959	2.5127	1.31449	7.13581	6.75518	2.95579	2.35194	2.63639	2.64223	4.60694	4.60037	8.79872	6.83041	2.03864	2.60468	3.17349	4.38476	1.98331	1.87468	3.92897	10.7353	12.1523	7.22952	12.9299	6.25788	3.27429	5.23682	10.2322	9.63028	6.62267	2.62376	1.51882	2.97134	4.96728	2.17905	4.37369	2.25039	4.34951	3.00289	2.99167	4.41445	3.64633	3.63384	3.42062	3.98105	1.53068	4.34004	2.87368	2.27341	2.95956	2.97187	2.45109	6.72565	12.2214	13.2037	10.2142	15.9635	14.2881	13.7932	15.2587	13.6921	7.63375	2.19748	6.65268	9.30688	4.75097	2.35895	3.69403	4.96579	4.06639	1.35038	3.16159	4.47362	4.93823	1.36768	4.54671	7.18714	3.46424	3.98837	3.99227	3.27787	3.32694	1.28608	1.07831	2.22353	2.89496	2.03952	0.628477	1.18922	1.46251	1.2745	2.10074	3.65986	3.30767	4.71019	4.51457	2.1246	3.41266	4.72783	4.50637	3.4705	4.10282	1.15637	2.54924	3.5505	2.04021	4.30462	1.58955	3.47685	2.52855	3.07576	2.36705	0.80211	0.775806	0.629799	0.487989	1.06305	3.36428	3.22086	1.3863	1.56754	1.38337	0.8872	2.06409	3.84145	3.57851
2.55225	1.02585	1.5936	4.98799	5.46419	0.803043	4.60606	6.56488	2.2949	6.13025	8.75787	4.12257	0.809039	2.1599	1.93832	1.56124	0.999317	1.37132	4.84714	4.97635	2.2718	0.966243	0.347392	1.42903	1.17056	0.927753	3.8764	4.08254	3.02727	2.94833	3.05917	2.76054	2.81841	2.52624	1.97548	1.85693	2.19172	1.82128	0.441544	1.60555	1.7841	1.3972	1.33862	0.803349	2.82064	1.19646	2.81703	1.0187	3.92443	4.17829	3.15749	1.92432	3.25012	5.54073	7.5316	8.49898	6.20325	4.49709	3.75793	2.46749	1.25295	2.02827	1.61824	0.700757	1.00507	1.09761	0.913102	0.742019	1.27433	0.940286	2.65938	3.14496	3.62742	3.40422	4.57476	1.57382	1.77811	2.75839	3.53759	5.25671	4.3262	3.96652	6.33919	4.81587	2.05031	1.69029	1.86663	1.26387	0.656643	0.366269	0.295503	0.1968	0.385723	0.397942	0.461678	3.0746	9.9817	10.5185	2.44832	10.7824	6.40212	1.18896	2.8427	3.7051	1.63146	0.725905	2.23858	2.62054	2.09633	2.23952	3.84076	5.83811	3.40838	7.76236	13.5026	8.27633	2.75385	1.64319	0.996017	1.82239	3.11479	1.71717	1.62852	2.18055	2.92391	5.68326	5.14672	5.88339	6.77049	3.77627	0.787191	2.73041	2.38797	6.71155	5.76803	3.02011	2.11516	1.18013	0.252099	4.03836	6.90286	3.94438	7.40327	0.941238	4.57461	5.94788	8.79338	5.95766	1.54519	3.93529	6.21179	8.82212	6.56077	9.60955	3.99536	4.63377	9.13488	11.2344	5.0037	1.74462	1.18708	1.80717	2.75198	4.29616	3.18163	1.98135	3.99375	4.74575	1.69161	4.22661	3.21771	2.51866	2.24239	3.06245	2.18374	1.66751	3.52285	3.08313	2.55931	5.1678	2.58983	6.19853	13.4647	15.2454	14.1853	16.0483	16.019	15.5418	8.04274	8.56173	10.1125	6.05634	4.29613	3.0831	10.1029	5.37702	1.99304	4.48017	3.59929	1.1286	1.1409	2.31799	3.40655	5.47263	5.20551	0.667759	6.41027	5.14629	3.92142	5.6936	1.80835	0.85679	3.05969	4.38749	5.03131	5.62624	5.21524	4.61407	6.29695	6.66196	6.08763	5.69988	4.57823	4.02793	4.82867	1.51216	3.21005	3.36621	1.85743	4.64407	4.54655	2.63856	0.413922	2.94996	2.25547	2.85419	3.09942	3.10929	1.71522	3.15636	3.0568	4.22878	3.35835	0.540688	1.62079	0.445737	1.91079	4.31992	2.72368	2.46971	2.39607	2.39667	1.55891	3.32241	3.97095	3.47569
2.16169	1.91024	2.40952	6.3262	3.61119	4.66097	3.74004	5.84718	2.28053	6.69883	6.9716	3.81115	3.7192	2.95731	2.20553	0.986158	1.70156	1.52083	4.23997	4.11611	2.74952	1.88628	1.06588	0.605423	1.39745	0.276559	4.29211	3.35992	0.931158	2.43254	2.95242	2.21825	2.75048	2.80945	3.66039	3.42846	2.33872	0.918758	1.59135	1.37991	1.28051	0.917877	0.4153	0.398927	2.0664	0.878487	2.19621	1.61633	2.31472	3.53332	3.50326	2.46011	4.9961	7.03904	6.53399	10.0599	12.5693	13.4658	12.6366	8.97987	4.3819	1.83954	1.03572	0.795709	0.552517	0.446248	0.358131	0.486428	0.908192	1.37343	1.95881	1.24003	4.05322	4.57129	2.02683	1.83385	4.90713	7.98182	8.35794	5.93353	2.32601	4.24114	5.86224	2.78246	1.03653	0.449459	0.619492	0.540824	0.822633	0.399768	0.208467	0.225706	0.303852	0.209028	0.406096	4.02959	10.9851	6.70901	8.77695	9.78272	3.58547	0.487598	2.57692	2.57073	2.85218	2.25387	1.68426	4.96559	5.22437	5.31163	5.79339	4.51421	0.61963	6.45531	10.579	8.5968	5.45187	3.32166	1.58345	3.15442	2.41971	1.19914	2.08832	1.31874	6.23111	7.85408	5.09615	0.928261	5.83845	5.94337	2.71593	2.53988	5.21092	6.78313	4.52481	2.52354	2.01136	1.19933	0.99328	3.84215	2.19391	4.88175	2.08785	5.07895	8.23134	9.87185	8.57387	10.1905	0.837597	5.32407	3.97374	3.73068	2.38723	5.81458	1.58437	6.18178	9.40046	9.70761	2.04285	3.00525	1.84719	2.30371	1.56155	1.90913	4.35122	2.57903	3.32143	3.70632	2.10747	4.23503	4.27146	4.81214	3.79948	1.38369	3.2513	6.44288	5.76862	4.11537	2.89283	7.53838	3.33627	10.3457	13.7521	8.55647	7.75384	11.9541	10.526	10.2456	8.55446	5.00098	7.60752	2.77305	5.70825	3.69609	8.68085	4.86425	2.47211	3.78297	0.816526	2.01037	2.37928	1.80282	0.378976	3.05153	6.30902	2.20112	4.62993	6.54409	5.63978	4.47077	2.24866	4.95291	5.39294	4.83383	4.61128	4.20695	4.31493	4.48129	5.48434	4.07709	3.78749	3.13918	2.2004	1.72182	3.38872	5.01342	6.16758	4.45622	6.12444	2.38568	2.20423	2.21521	2.37656	2.03183	2.61053	2.00621	1.66401	3.59747	2.01919	2.01426	3.49685	4.76966	5.50957	2.91796	1.21865	1.5679	2.66817	3.8866	1.85546	3.10294	2.64119	2.49971	1.45107	3.28155	2.99378	1.48999
0.28982	1.53344	2.78229	5.92297	5.43504	4.48193	3.3619	4.9284	1.77445	5.02345	6.28145	4.76061	1.90873	2.19621	1.4809	0.19003	1.76653	3.81792	4.13855	2.551	1.44684	1.49745	1.9481	1.50678	1.34152	1.3471	4.43808	3.31493	2.59211	2.01053	1.76746	0.661262	1.98775	1.43096	0.938991	1.98117	2.76387	3.0242	1.956	1.80494	1.37308	1.65319	1.32195	0.850666	1.9906	0.648338	2.18071	1.70186	0.597296	1.3853	1.10275	1.39017	4.26707	8.75318	8.9491	2.53232	5.49458	6.13317	8.91923	10.6619	7.82799	6.34356	3.73731	1.15232	1.23036	0.371044	0.447483	0.7606	0.904969	1.08944	1.68625	2.48639	1.63652	0.819724	1.42753	2.66474	4.50031	6.09535	1.54386	2.98241	5.43405	6.87287	4.18742	1.09712	0.335191	0.65894	2.81007	4.5699	4.27002	1.8675	0.550444	0.339407	0.159358	0.101489	0.351046	3.27208	9.05229	9.98888	8.95365	5.04235	1.99138	3.99055	3.10445	0.826393	0.744384	3.51344	4.52722	4.88841	5.2093	3.62951	3.40709	1.6445	1.31932	4.71409	7.61786	8.38678	8.32605	6.65161	5.0977	5.43224	4.40458	4.40772	4.20864	4.38062	7.20882	5.44955	4.24343	6.31963	4.91529	6.43698	3.07667	2.25676	6.52196	7.2043	4.72368	3.02648	1.5456	1.46714	5.11143	7.12326	5.97968	5.51931	7.40474	10.5476	9.92218	7.73927	6.85567	11.8395	1.30698	5.68299	4.34252	1.5682	3.41708	0.67806	7.92627	11.2738	9.37841	6.23969	1.57921	1.98942	0.7897	2.37613	2.29162	3.13701	4.89663	3.56632	0.86173	1.35464	1.19556	2.48602	3.3218	5.55361	4.69249	3.62142	6.02581	5.04105	2.77009	2.04543	4.47759	7.74661	4.14798	8.08653	17.1302	12.0131	1.58538	6.88352	4.56736	5.74947	12.1864	2.14628	11.1541	4.14028	4.29395	4.65385	5.09222	4.50114	3.38374	2.71325	1.4313	2.70639	1.64812	1.55196	2.6748	3.24475	5.31714	3.19407	1.35703	3.50944	4.02456	0.943913	5.84858	5.39593	3.16179	0.971467	1.69075	2.20169	0.75368	1.18951	1.72509	1.79924	2.01395	3.35141	3.89817	3.60268	4.96127	5.42464	1.98175	2.92572	6.02493	3.06013	4.01016	4.20188	3.03023	0.795909	3.92547	0.801301	1.3413	3.1009	2.13575	0.574666	2.73153	3.26541	5.62481	4.20606	2.75538	2.44438	1.99174	3.19164	2.85845	3.22938	2.55498	2.45082	3.30494	1.68152	4.17857	1.04651
3.00869	0.290932	1.97805	3.03411	2.91772	2.77371	3.02878	3.04205	0.900117	2.27938	2.95351	4.42207	4.71103	4.88483	3.14718	2.10968	2.60329	3.06434	2.41196	1.80494	1.21765	0.732311	0.954169	2.28131	1.823	0.994957	3.60071	3.89917	2.15131	1.0723	1.80871	1.62278	1.95591	2.67044	1.70989	1.40336	0.968551	1.06748	1.49856	0.77968	2.13787	1.2059	1.61033	1.80563	2.08866	0.277488	2.02737	1.84157	0.621965	1.0168	1.63068	1.29951	2.14122	6.94984	10.315	6.70781	3.56945	6.76821	6.10832	5.21975	6.34173	6.93072	5.98108	3.81217	2.21632	0.996663	1.54614	1.71982	1.95944	1.19838	1.92844	0.87026	1.14457	1.1782	1.43697	3.97704	4.74214	2.78919	7.54859	9.19887	7.02789	4.01205	1.75808	0.214753	1.16181	4.10775	9.69075	10.9932	10.47	5.30261	1.56556	0.952001	0.533573	0.15589	0.258553	1.57605	4.07715	5.98357	3.30276	4.37211	9.16146	9.05184	6.62461	4.02335	2.89463	4.6462	4.16124	4.73823	5.3985	2.94805	0.771613	0.635407	1.68309	4.53858	5.28476	3.12418	6.104	6.17444	6.26547	8.08578	7.75087	7.57847	7.91081	5.35016	3.64004	3.90704	3.0547	3.00576	3.91821	4.88807	3.51154	1.84046	5.20751	8.33389	8.72951	7.49991	5.49173	7.85476	7.89346	3.37333	4.11183	2.48091	10.7237	9.77232	6.44677	3.01557	7.46229	11.1919	3.34525	3.77763	5.29884	5.52295	4.21879	6.0057	10.1532	8.89373	4.39717	1.2536	3.88623	2.02954	1.40524	2.44071	2.80518	2.70305	3.77373	1.49366	0.852162	1.66512	1.02441	2.30454	2.8349	3.97958	4.41022	2.84029	3.50502	2.75609	0.85316	0.996658	3.77641	7.34593	8.27252	4.75182	13.2644	13.7916	5.28614	3.9759	4.08969	4.1389	12.3006	3.80037	11.4664	4.57189	5.94937	2.51293	3.06825	5.65674	2.39413	0.369084	1.60743	2.12065	2.10675	2.83117	2.6049	3.31363	3.90523	1.13776	3.48827	2.96202	1.38778	3.88163	6.29541	2.04988	2.75843	4.07244	3.72385	3.44962	1.52535	2.84921	3.42264	3.60173	3.58402	4.58233	3.61982	3.30838	3.8908	2.09474	3.80041	5.96855	6.0218	1.505	4.83832	3.85191	3.15265	2.68981	3.81852	1.53486	1.63748	2.18877	1.99895	1.08464	3.29787	2.81808	5.43769	4.74071	4.3949	1.76828	1.72398	1.67909	4.96746	1.01337	2.04274	1.95365	3.85301	1.90975	3.89833	3.09001
4.58215	0.517019	1.85975	1.85101	1.08502	1.12101	2.75169	1.44415	2.59118	2.29321	3.72593	5.85543	5.91367	5.82445	4.77201	5.84676	2.86559	1.69108	0.443124	0.720187	0.866269	0.558938	0.783275	1.54397	2.20485	1.40088	0.922904	2.52425	2.71872	1.65535	1.42469	2.1971	1.11694	2.9904	2.54531	1.74812	1.11396	0.910168	0.580644	0.856589	1.9003	1.58529	2.06266	1.96692	1.72871	1.01719	2.33815	2.05778	1.42319	1.68673	2.57196	2.46598	2.03377	5.67252	9.17826	6.30707	6.11633	7.82028	5.35706	2.2513	2.33454	4.02837	5.17982	5.80655	4.45581	1.75753	0.398429	0.726232	1.1165	2.53833	1.12748	1.05046	1.28556	0.707812	2.11083	5.53377	4.58195	3.10625	4.87381	3.16337	1.77448	1.08399	0.389928	1.13663	3.18207	8.48488	11.3165	5.89945	10.3461	6.62728	2.12682	1.18243	0.909842	0.545417	0.212389	0.477744	0.72153	1.58731	6.17706	10.2131	10.2143	8.69628	7.94899	5.29538	4.46191	4.00841	3.53429	4.34198	3.0413	1.00605	2.14334	2.2277	3.57744	5.82202	4.78223	1.40441	3.04311	3.30944	4.50671	6.64212	6.12398	6.87752	7.08769	4.92081	0.414443	3.13812	5.28578	2.50929	2.25013	4.17352	2.70196	1.00077	2.16024	3.62423	5.57261	6.26688	5.45951	10.0449	9.03025	6.95613	6.44483	4.22818	11.2453	6.39357	2.82425	3.05192	6.89327	11.4102	9.69462	10.3463	7.69694	4.52617	0.671115	8.25679	10.7836	6.9546	4.22863	4.06724	3.6764	4.577	4.45933	3.80382	2.48855	2.26115	2.03373	0.951915	1.22434	1.86198	1.52498	2.75912	2.10834	1.64288	3.51629	2.23406	2.81312	2.97089	1.21422	0.907616	2.22766	4.30396	7.07005	8.0751	11.7617	10.62	6.40184	1.88963	4.77155	3.5534	10.7698	3.1366	9.80096	3.31906	5.06568	4.95008	1.96125	4.5902	3.62327	2.71372	2.11622	1.6399	1.49528	2.11406	4.06599	3.92468	0.760827	3.67197	4.67856	4.65864	3.53171	2.93458	6.19747	4.93633	4.48613	1.97883	3.8582	3.61234	2.11262	3.17592	3.35732	3.52984	3.46447	3.63796	2.89893	3.00335	1.79935	3.09654	4.80399	5.10244	3.86715	1.831	5.70027	4.07161	1.0423	3.896	1.90825	2.8712	1.50775	1.59348	1.83396	0.708222	3.33962	1.92032	5.11029	5.69557	6.13218	3.57616	3.31303	3.9706	5.29136	2.68509	2.75572	1.79257	2.52755	2.81763	4.79441	2.11043