2.06706	3.09891	2.58319	1.03386	1.03386	2.58319	1.55059	0	0	0	0.516975	0.516975	0	0.516975	0.516975	0	0	0	0.516975	0.516975	0.516975	0.516975	2.06706	1.03386																																																																																																																				3.61412	10.7296	11.2278	5.66831	3.61412	4.12875	2.06706	1.03386	0	0.516975	0.516975	1.03386	1.03386	0	1.03386	0.516975	0.516975	1.03386	1.03386	0.516975	1.03386	0	0	1.03386	0.516975	0.516975	0	1.03386	3.61412	2.58319	0	0	0.516975	1.55059	2.58319	2.58319	3.61412	4.12875	3.09891	2.06706	5.66831	2.58319	0.516975	0	0	2.06706	2.58319	2.06706	2.58319	1.55059	3.09891	6.17979	6.17979	4.12875	0	4.64271	5.66831	4.12875	3.09891	0.516975	2.06706	1.55059	1.55059	2.58319	2.06706	0.516975	0.516975	2.06706	3.61412	3.09891	3.09891	5.66831	1.03386	4.12875	2.06706	1.03386	0.516975	0.516975	0.516975	0.516975	1.03386	3.61412	2.58319	2.06706	3.61412	3.61412	3.09891	2.06706	1.55059	2.06706	0.516975	6.17979	8.21506	1.03386	4.64271	6.69028	4.64271	1.55059	0	3.09891	3.09891	0.516975	1.03386	1.55059	1.03386	0.516975	1.03386	1.55059	1.55059	0.516975	1.03386	0.516975	0	6.17979	7.19971	2.06706	1.55059
2.19979	3.83248	4.08002	3.84986	4.10037	4.90929	4.38561	2.78775	1.72378	1.06563	0.98414	0.817306	0.516956	0.365538	0.365538	0.516956	0.408691	0.182771	0.408674	0.658947	0.408691	1.11163	1.9677	0.817306																																																																																																																				11.5896	14.6964	12.4335	7.11242	4.23167	2.22983	3.03915	4.50493	4.2591	4.27464	4.64967	5.32283	5.97377	5.92951	5.32283	4.7865	4.39321	3.79775	3.19396	2.99502	3.54434	4.00208	3.87994	2.8527	2.13053	2.5831	2.97271	2.53754	4.33608	5.10729	5.7604	7.35445	8.52887	8.95665	8.15916	6.99653	5.93222	2.92751	2.37471	5.53258	6.37319	2.08303	0.931883	1.80879	1.68463	2.65924	3.25058	2.69654	2.88738	1.83619	2.78762	5.67362	6.01191	4.24329	1.0965	3.59538	6.00651	5.57402	4.27057	1.82705	2.85851	4.24347	4.40824	4.90929	4.84486	4.10037	2.97271	2.01795	2.71499	2.97261	3.83248	6.25604	4.24347	4.57412	3.65504	3.59553	3.65058	3.44445	2.85851	2.48447	3.03915	4.92605	4.56328	1.73342	2.88735	3.91806	4.12838	3.72254	3.63686	3.76256	3.29142	6.81846	9.27513	4.90932	3.90113	5.92364	4.70605	2.08294	1.29218	3.51131	5.18763	5.43637	5.3135	4.97956	4.03918	2.40259	0.365538	1.47324	2.43703	2.59596	3.52551	4.25519	4.90599	5.15556	5.15868	4.03918	4.16855
2.71484	4.40777	5.7167	6.45462	6.96297	7.9113	8.6842	8.45731	8.13635	7.63248	6.83714	5.54096	4.16016	3.2504	2.38148	1.39155	0.753452	0.577883	0.408647	0.817218	0.548239	0.753452																																																																																																																					16.5043	17.3722	13.2972	7.17351	3.01121	0.753452	2.94989	4.97572	5.21253	5.2849	6.18422	7.08185	7.8348	8.22969	7.99725	7.32695	6.81796	6.56306	6.0525	5.15518	4.64917	5.02862	5.55288	5.80821	6.06336	6.20015	5.79686	4.85461	3.50626	4.43761	7.84073	8.60356	9.41931	9.06151	8.8119	8.77879	7.99725	4.92564	2.38136	3.47284	4.75466	3.65009	1.4617	1.6341	0.408647	0	2.2886	3.91764	3.42942	2.85808	1.6341	2.1302	4.73011	5.95353	4.74061	3.25023	3.87952	7.49215	8.88853	8.92665	7.50516	3.46319	2.85239	4.81698	5.62366	6.27654	6.66229	6.62278	5.79686	3.76221	0.658908	2.78745	6.68927	7.97277	5.61195	3.33118	2.38143	2.37446	3.2504	4.25473	4.27418	4.38519	5.70511	6.46213	4.75475	3.93049	4.59169	5.75955	4.86464	3.15163	3.51093	4.1681	6.88481	10.1336	7.88442	3.62278	3.36581	4.77198	4.64909	3.87088	1.57166	4.92564	6.84674	6.16018	4.55915	3.36586	2.79332	1.47308	0.516872	2.08283	4.35103	5.62366	5.94548	6.08503	4.12815	0.658875	2.88716	3.29104
1.15558	1.47297	2.2295	2.7146	2.97213	3.59945	4.81309	5.75927	6.47943	6.71073	6.7908	6.15963	4.89149	3.76184	2.74502	1.73302	1.29188	0.983944	0.516853	0.753384	0.258418	0.577849	1.2919	0.931679																																																																																																																		14.6569	13.6296	7.37948	1.06542	2.59545	4.16773	3.74418	3.72188	2.22198	0.817179	1.46156	2.25917	2.61461	2.63365	2.45021	2.31022	2.13011	2.06657	2.1994	2.38126	2.20695	1.72344	1.63403	1.63403	1.94181	3.29077	4.15979	3.42925	2.745	1.65427	2.99427	9.11884	6.75182	2.08264	0.577849	1.42687	1.96731	1.31752	4.27357	4.57315	2.22939	2.88681	2.38121	0.931698	1.39142	2.2295	1.79918	1.33007	2.94386	3.54351	3.69045	2.76312	2.25911	3.91729	5.65797	5.55209	5.90857	3.30582	4.39224	5.83866	7.17287	8.88399	8.66818	3.42911	0.931679	1.65427	1.90714	2.63365	3.64986	4.3047	4.16773	3.47251	2.3245	2.48397	4.33533	3.47253	0.258418	2.01755	2.19933	1.16988	1.42695	1.96738	1.42695	2.61453	3.98451	3.19333	4.32389	4.9752	4.86421	3.14067	1.79911	2.73887	3.03839	2.745	6.75911	5.88348	3.29063	0.577831	2.92693	4.15974	5.15462	6.2205	3.87896	1.68427	4.7853	5.46831	3.15129	1.4729	1.27893	1.83583	2.58245	2.97202	2.74502	2.38119	1.33011	2.31015	1.86287	1.46156	1.47292
0.516779	0	0	0	0	0.516779	1.03347	0.516779	0.516779	1.55	3.09773	3.09773	2.06627	2.06627	2.58221	2.06627	1.55	1.03347	0	0.516779	0	0	1.03347	1.03347																																																																																																																		15.6216	9.2218	1.55	2.58221	1.55	1.55	0	1.55	0.516779	0	1.55	1.55	1.03347	0.516779	1.03347	1.03347	0.516779	0	0	0.516779	1.03347	0.516779	0.516779	0.516779	0.516779	1.55	0.516779	2.06627	2.58221	1.55	2.58221	9.72459	7.19701	0.516779	0.516779	1.55	2.58221	0.516779	5.66618	4.12719	1.03347	2.06627	1.55	0.516779	0.516779	0.516779	1.03347	0.516779	2.06627	2.58221	3.09773	2.58221	2.06627	3.61275	5.66618	6.17746	6.68777	2.58221	2.58221	3.09773	3.61275	6.68777	9.2218	4.64096	0.516779	1.03347	0.516779	0	0	0.516779	2.06627	3.61275	3.61275	1.55	2.06627	3.61275	1.55	1.03347	2.06627	2.06627	0.516779	1.03347	0	2.06627	3.09773	0	1.55	2.58221	3.09773	2.06627	1.55	3.09773	3.61275	1.55	6.17746	5.66618	3.61275	0.516779	1.03347	1.55	3.09773	7.19701	5.15398	1.03347	5.66618	6.17746	2.06627	0.516779	0.516779	1.55	3.61275	3.09773	1.55	1.55	0.516779	2.06627	1.55	1.03347	1.03347
0.753263	0.775114	0.913457	0.913457	0.577743	0.258367	0.931499	0.983801	1.22544	2.04182	3.66725	4.90742	5.53946	6.27485	7.07296	7.32496	7.35833	6.95874	5.94391	5.00419	3.6944	2.28808	1.83548	1.3911																																																																																																																		16.0759	6.66992	2.32421	5.18243	5.05344	5.2206	4.78469	3.543	1.94146	1.16973	1.68391	1.56057	0.516723	1.03344	1.50627	0.913426	0.258367	0.577743	1.06523	1.57131	2.20655	2.38083	2.08226	1.8804	2.04185	2.76265	2.69563	3.54293	4.01698	3.18749	3.46707	8.5251	6.30838	1.80811	0.913457	1.56057	2.88621	0.408536	5.65685	4.41007	1.46129	2.3097	1.90671	0.983801	1.31728	1.4727	1.1112	0.816983	2.06605	2.45639	2.88621	2.69547	2.38068	3.50506	5.35754	6.02869	7.2618	4.00028	3.18752	5.71512	7.29809	9.59416	11.286	7.30469	5.28348	3.50531	1.1112	0.577743	0.775114	1.06523	2.40167	4.37629	5.10209	3.65363	2.01715	3.54276	1.3172	0.913394	2.08212	2.45639	1.27869	1.68396	1.42669	2.40162	3.36491	1.94146	2.56263	4.02931	4.73938	3.29014	1.39117	2.83973	4.27272	1.83548	6.84442	5.5391	3.28995	1.22544	1.8355	1.82639	2.633	6.36795	5.18543	2.69563	5.4582	5.71766	1.80798	0.548085	0.753263	1.64385	3.761	3.86973	2.74451	2.37375	1.82645	3.46707	3.40916	3.11898	2.56263
0.913359	1.03332	1.22531	1.54978	1.8802	1.39102	0.408492	0.408475	0.182682	0.577683	2.04163	3.94588	5.57449	6.73077	7.95551	9.05814	9.91438	10.5835	10.66	10.3764	9.78409	8.89624	7.5263	4.9203																																																																																																																6.84632	16.9085	12.0479	1.15525	5.35727	6.05015	4.56841	4.34939	4.6009	3.75636	2.71379	1.97528	1.50611	0.98366	0.548031	1.29155	1.06512	0.36536	0.577683	0.753186	0.73069	0.816943	1.68381	3.108	4.13462	4.27257	4.04956	3.92901	3.83502	4.95722	7.07916	8.10329	7.16183	4.64724	4.19815	5.00366	3.28468	2.7803	3.32986	1.39102	5.31068	4.57184	2.01697	2.43579	2.2213	1.54978	2.38058	2.71381	1.97528	1.88011	2.38046	1.82616	2.08196	3.10257	3.68939	3.86503	4.97695	5.58606	7.41034	7.64652	5.13396	1.97528	1.86237	7.45653	12.4125	10.1757	7.01654	5.98733	4.59001	2.19872	0.658626	0.983697	1.94125	3.80896	5.5388	5.83699	2.83962	2.7803	0.913312	0.77503	2.61383	4.01656	2.73815	0.516704	0.516704	1.8353	2.92609	2.73822	2.61383	3.86503	4.0982	1.79866	1.50607	1.86233	5.08206	3.5238	8.32235	5.96239	2.92039	0.753186	2.04154	2.19872	2.37351	4.2568	3.76064	2.73822	4.0982	4.3833	1.73252	0.753186	0.658659	1.22531	3.12394	4.73199	5.3109	5.01351	3.44278	2.01695	1.29153	2.00868	2.48316
0.258334	0.258334	0.577612	0.913253	1.31702	1.82604	0.983609	1.29144	1.29146	1.2252	0.983609	0.753098	0.365327	0.658599	1.2252	1.9751	2.73798	3.79557	4.85235	5.6996	6.34646	6.91016	7.9852	7.65418																																																																																																																12.6656	16.0666	2.04136	3.89896	3.65292	2.08177	0.408456	0.81687	0.816834	1.68357	1.39084	0.931345	0.408456	0.365327	0.753098	0.774918	0.258334	0.983572	0.730625	0.182665	0.577631	0.931345	1.22515	1.96656	2.30935	2.45608	2.08185	1.68363	1.86216	2.25831	3.86914	5.35684	4.75253	2.19092	1.96664	3.46168	6.21019	5.53814	2.97095	1.11098	4.76965	3.90307	1.87994	2.08174	1.72271	0.753118	1.65364	1.29146	1.65364	3.10756	2.88569	0.983572	0.730625	2.0085	3.86469	4.07755	4.60026	4.70334	4.04906	6.55745	8.27501	7.72438	5.47853	1.2252	7.39638	7.88876	2.76208	3.32956	4.61469	3.68906	2.13702	0.913229	0.51663	0.816834	2.61351	4.33356	2.19092	1.22515	0.913229	1.56029	1.94108	4.01208	4.01208	2.40121	1.11098	0.816834	0.983572	0.931345	0.577612	2.85674	4.09783	1.65366	1.87994	1.06502	4.01622	4.73858	8.27277	5.51138	2.85687	2.38031	3.19197	2.48291	1.83513	3.0208	1.975	0.408438	2.45595	3.4423	1.96656	0.816834	0	0	0.730625	1.96664	3.36436	4.01208	3.0098	1.83513	3.79557	4.349	3.3545
0	0	0.516583	1.03308	0	1.54941	0.516583	1.03308	0	0.516583	0.516583	1.03308	0.516583	0	0	0	0	0	0.516583	1.54941	1.54941	2.06549	6.68526	8.71433																																																																																																																15.1357	14.6533	2.06549	2.06549	2.06549	1.03308	0.516583	0	0.516583	1.54941	1.03308	0.516583	0.516583	0	0.516583	0.516583	0	1.03308	0.516583	0.516583	0	0.516583	1.54941	2.58124	1.54941	0	0	0.516583	1.54941	2.06549	1.03308	0.516583	2.06549	3.61139	2.06549	1.54941	7.70222	6.68526	1.03308	1.54941	4.63921	3.61139	2.06549	2.06549	1.54941	0.516583	1.54941	0	1.54941	3.61139	3.09656	0.516583	0	1.03308	3.61139	4.12563	4.63921	4.63921	1.54941	1.03308	2.58124	3.61139	3.61139	2.06549	5.66404	8.20892	2.58124	2.06549	3.61139	3.61139	2.58124	1.03308	0.516583	0.516583	2.06549	3.61139	2.06549	0.516583	1.03308	2.06549	0.516583	2.58124	3.09656	2.06549	1.03308	0.516583	0.516583	0.516583	0	2.06549	3.61139	1.54941	1.54941	1.03308	1.54941	2.06549	6.68526	4.12563	0.516583	2.06549	3.61139	3.09656	1.54941	2.58124	1.54941	0.516583	2.06549	3.09656	2.06549	1.03308	0	0	0	0	1.54941	3.09656	3.61139	3.09656	1.54941	0.516583	0.516583
0.408375	0.258269	0.577516	1.2782	0.816708	1.03297	0.752968	0.752949	0.365255	0.73048	0.913072	1.29116	0.931161	0.774806	0.658469	0.408375	0.182629	0	0.408357	1.39057	1.65331	2.37283	7.07682	9.41266																																																																																																																15.2956	12.9565	2.79146	2.19807	2.30882	1.82568	1.82573	2.19813	2.48254	3.00928	2.65726	1.96625	1.72245	2.08144	2.71303	3.24823	3.22772	2.78559	2.08144	1.97471	2.19813	2.69457	3.40783	4.0278	3.63405	3.48493	3.61119	3.50392	3.02032	2.19809	1.2782	0.931161	2.20559	3.42714	2.65726	4.86153	8.35891	5.81543	0.547873	1.72237	4.12519	3.34874	2.37283	2.94225	3.00928	2.06538	1.09565	0.182629	1.29113	3.0202	3.46573	2.9423	2.12888	1.83479	3.91504	4.556	4.52687	4.44948	2.2281	1.2249	1.72237	3.50853	4.55612	4.02776	3.18614	8.56755	7.06785	5.65203	5.47436	5.47436	4.73755	2.56161	1.29113	1.2912	2.74342	4.24002	2.85034	0.816708	1.47207	2.1366	1.09565	1.82563	2.97031	3.12304	2.65726	1.31676	0.365255	0.983377	1.06481	2.37283	4.20868	2.54202	0.931141	1.73208	0.931161	2.53546	5.53702	3.93618	2.88526	3.14953	3.75956	2.94782	1.2249	1.86179	2.77961	2.71303	2.37984	2.85618	2.12878	0.983377	0.182629	0	0.547873	1.39062	2.19809	2.94782	3.24806	3.09623	1.82563	0.913072	1.11076
0.816634	0.7529	0.658409	1.15481	1.29106	0.408338	0.40832	0.516509	0.7529	0.365222	0.658376	0.931057	0.983325	0.913013	0.408338	0.25826	0.658409	0.913013	1.16916	1.73192	2.13648	2.40052	7.66046	10.3459																																																																																																																15.3082	7.99085	4.01093	2.85605	2.5614	2.73712	3.1912	3.87659	3.75937	3.9986	4.23981	4.34775	4.63854	5.20861	5.82647	6.30317	6.19549	5.53682	5.02483	5.1513	5.5487	5.60773	5.06081	4.20844	3.23253	2.73719	2.83855	2.85023	2.73719	2.08125	1.3905	1.15481	2.2576	2.94194	2.71279	4.57018	5.85996	3.10666	0.408338	1.31658	3.23244	3.65189	3.42697	3.91486	4.56669	4.16099	2.61287	1.47199	1.73192	2.83265	3.83358	4.16099	3.75934	3.23253	4.61337	5.60752	5.29324	5.64563	5.25568	3.50817	3.9986	4.67046	4.46779	5.48884	4.85095	7.97079	8.1461	6.96466	6.22185	7.12478	7.90526	6.20859	4.15686	1.47192	2.54179	5.15102	4.48243	2.0652	2.37963	2.37961	1.82552	0.365222	1.65319	2.88498	3.59242	3.75494	3.61087	3.50833	2.85023	3.10146	5.17995	6.15555	5.66904	5.1577	5.06408	4.67046	2.83257	2.19789	3.22743	2.94203	1.73187	2.00792	2.85023	3.86803	4.76854	5.28093	5.35531	4.97528	4.26704	3.69261	3.50361	3.10683	2.0652	0.577464	1.11064	2.43487	3.12272	3.84642	3.28848	1.83462	1.32919
1.16906	0.65835	0.182596	0.182596	1.06457	0.408301	1.09545	0.912931	0.408301	0.365189	0.816561	1.31653	1.68302	1.72214	1.46046	0.658317	0.577412	0.983236	1.03284	1.15471	1.27797	2.08095	8.74518	10.5177																																																																																																													0	0.408283	8.59603	13.8597	3.10638	3.35311	1.39037	1.27797	2.535	2.43465	1.68302	1.50541	1.64292	1.90569	2.4821	2.99217	3.26293	3.26293	3.09584	3.10118	2.88474	2.96988	3.24765	3.39262	2.99217	1.94034	0.912907	0.9832	0.930993	0.774667	0.752833	0.658317	0.408301	0.408301	0.577393	1.72206	1.79774	0.408301	2.48199	5.07969	3.68766	1.09545	0.65835	2.37939	2.74293	2.01603	1.55975	1.96589	2.73687	2.56115	1.63279	1.63279	1.683	1.47183	1.64292	2.19767	2.40026	3.69212	4.72965	4.55892	4.92135	7.55062	7.34711	5.47338	6.7543	7.23334	6.96409	3.6471	4.56607	5.17611	4.80924	2.43465	3.10648	5.78323	6.22113	6.26314	2.85566	2.94163	6.45649	5.05034	1.31653	2.13621	2.04059	1.63272	0.730348	0.408301	0.408283	1.15471	2.33715	3.36314	2.96988	1.87932	1.39037	2.54166	4.65589	6.17371	6.6837	5.79198	3.61972	1.5704	0.408301	0.752813	0.577393	1.32911	2.58063	3.24765	2.83829	2.19774	2.63166	3.66974	3.91451	3.5921	3.34829	3.39262	3.19091	2.56115	1.96582	2.33715	3.12248	3.10648	3.65154	3.84608	2.74295	2.37939
0	0.516378	0	0	1.03267	0	1.03267	0	0.516378	0.516378	0	0	0	0.516378	1.5488	1.03267	0.516378	0.516378	0	0.516378	1.03267	2.58022	9.21478	10.2181																																																																																																													0	0.516378	9.7172	13.1882	1.5488	3.09534	0.516378	0.516378	2.58022	2.58022	0	1.03267	1.03267	0.516378	0	0.516378	1.03267	1.03267	0	1.03267	0.516378	0	0.516378	0.516378	0	0.516378	0	0.516378	0.516378	0	0.516378	1.03267	0	0	0.516378	1.5488	1.5488	0.516378	1.03267	4.124	3.60996	1.5488	0.516378	1.5488	2.06467	1.5488	0.516378	0.516378	2.06467	2.06467	0.516378	0.516378	1.03267	1.03267	1.03267	1.5488	2.06467	3.09534	3.60996	3.09534	3.60996	8.20571	9.21478	5.15001	3.09534	2.06467	2.58022	1.03267	5.15001	5.15001	4.63738	1.5488	1.5488	4.63738	5.66181	6.68263	3.09534	3.09534	6.68263	4.63738	0.516378	2.06467	2.06467	1.5488	0.516378	0	0	0	0.516378	0.516378	0.516378	1.03267	0.516378	0	0	0.516378	0	1.03267	1.5488	1.03267	0.516378	1.03267	1.03267	1.5488	0.516378	0.516378	0.516378	0	1.03267	1.5488	1.03267	1.03267	1.03267	0.516378	1.03267	3.09534	3.09534	0	2.06467	2.06467	2.58022	3.09534	2.06467	2.06467
0.91275	0.752683	0.51636	0.658219	1.11032	0.40822	0.983005	0.40822	0.258171	0.577279	0.18256	0.18256	0.40822	0.752683	1.6426	1.9655	2.22737	2.4816	2.58012	2.4816	2.20485	5.30725	10.9004	8.9443																																																																																																													0	0.816363	9.99583	12.9637	1.47149	3.10577	0.774471	1.11032	3.11647	2.83176	1.16883	1.47152	1.29067	0.983041	1.03264	0.983041	0.930789	0.658187	0.658219	1.11032	0.547665	0.258171	0.577279	0.577279	0.40822	0.752683	0.774513	0.752683	0.547665	0.258185	0.258171	0.912726	0.91275	0.658219	0.365116	1.22444	1.65269	1.32884	0.547665	3.28749	4.37672	3.50727	2.08063	0.752664	1.90526	2.20476	2.08057	3.18506	2.77856	1.3288	0.547665	0.730203	1.11032	1.29067	1.3288	1.55939	2.13579	3.26214	3.75369	3.18494	3.69139	8.03319	9.24368	6.56604	5.329	4.60857	4.8597	3.64638	5.12715	4.97032	4.90347	3.28754	4.15578	5.65272	5.35355	6.25664	3.28747	3.01906	6.51584	4.95373	2.33668	1.82499	1.22444	2.08063	2.08063	0.983005	0.983041	1.57009	2.37198	2.94119	3.13783	3.26229	3.03565	2.59297	2.08065	1.42559	0.91275	1.27771	1.83408	1.68266	1.7218	2.28632	2.77856	2.65626	1.97396	1.7218	1.7218	1.80671	1.73142	1.83408	1.46017	1.27771	1.11032	0.816399	1.50511	3.32764	3.8324	3.10593	2.43423	1.73137	2.45453	2.63101	2.25701	3.75826
3.64605	2.53439	1.11024	0	0.752615	0.912668	0.547616	0.182544	0.258162	0.577227	0.547616	0.577245	0.408183	0.365084	0.816325	1.80655	2.57989	2.96902	3.22621	3.50228	4.40655	9.77656	11.7657																																																																																																																9.38095	12.3119	3.10556	2.48125	1.29053	1.63225	3.50684	2.65594	1.42546	2.20465	2.85497	2.63091	2.08046	1.5486	1.22438	1.06431	1.16872	1.5593	1.56995	1.31615	0.65816	0.408166	0.408166	0.65816	1.16872	1.16872	0.774443	0.516313	0.516313	0.258162	0.258148	0.258148	0.182544	0.752615	1.50497	1.73127	1.32872	0.752596	3.12158	4.33082	4.33084	2.92388	0.912668	3.48319	4.44741	3.05705	1.73127	0.516285	1.03254	1.56995	2.04009	2.37177	2.77831	3.34733	4.23821	5.30684	5.29124	4.19496	4.07489	7.08279	8.22213	7.11974	6.83896	6.76208	8.19874	8.4918	5.93878	4.40642	4.88619	4.43628	4.19103	4.38763	3.11619	4.91982	3.8449	1.50493	5.71295	6.24842	4.92008	3.74027	2.59274	2.12789	2.76028	2.57984	1.31615	0.258162	1.22433	1.31608	0.65816	1.97379	2.99131	3.50228	3.53995	3.03537	2.48138	2.53439	2.94655	3.03537	3.22621	3.60951	3.84508	3.59569	3.36217	3.22621	3.3523	3.87513	4.01365	3.44018	2.37878	1.31615	0.730137	0.577245	1.16872	2.79021	3.92604	4.0465	3.3523	2.37878	1.50493	1.65256	2.71176	3.74027
2.8547	2.94054	1.97348	0.912554	1.31603	1.31603	0.81625	0.365047	0.365047	0.730065	0.730065	0.408146	0.25812	0.547562	0.547562	0.774318	0.547562	0.516267	0.752544	1.29045	3.48283	9.62333																																																																																																																	7.50222	11.5248	5.12616	1.32855	1.54835	1.68226	3.61809	2.45405	0.365047	1.22427	2.0399	2.03987	1.29045	0.752544	0.752544	1.3286	1.82471	2.12769	1.97361	1.38984	0.752519	0.182526	0.577166	0.774318	0.547562	0.516267	0.547562	0.258139	0.577191	0.912585	0.912585	0.6581	0.408146	0.258139	0.577166	0.752519	1.09502	1.15427	0.730065	1.27747	2.61161	4.73475	2.57947	2.83121	5.93789	4.16278	1.65237	1.32855	0.752544	1.06421	1.38984	1.55916	1.97361	2.5925	3.18971	4.94617	5.35252	4.09468	4.19442	5.80073	5.96544	4.07441	3.3617	2.61164	4.09491	5.21247	3.63201	2.4337	4.013	4.38706	3.28682	2.85454	2.03982	4.16278	4.6432	1.06414	2.96861	4.20634	2.88362	2.53416	2.99104	4.00088	4.23782	2.45422	1.2242	1.82464	2.63067	3.45906	2.83131	1.47126	0.516229	0.912585	1.55916	1.86078	1.63217	1.63217	1.86078	1.63217	1.54846	1.42533	1.3286	1.47126	1.4713	1.54846	1.72149	2.20444	2.48116	2.19691	1.38984	0.752519	0.182526	0.577166	0.408122	0.547562	1.29042	1.11014	1.31603	1.54846	0.912554	0.930635	0.774374	0.577166
1.03228	3.09417	2.57924	1.03228	0.516183	0.516183	0.516183	0.516183	0.516183	0.516183	0.516183	0	0.516183	0.516183	0.516183	1.03228	0.516183	0	0.516183	1.03228	3.6086	9.21135																																																																																																																	6.1704	10.7135	5.65968	0.516183	1.54821	1.54821	3.6086	2.57924	0.516183	1.03228	0.516183	1.54821	1.03228	0.516183	0.516183	1.03228	0.516183	0.516183	0.516183	1.03228	1.03228	0	0.516183	1.03228	0.516183	0	0.516183	0	0.516183	0	0	0	0	0	0.516183	0.516183	0.516183	0.516183	0	0	1.03228	5.14807	3.6086	2.06389	5.65968	4.12245	1.03228	1.03228	0.516183	0.516183	0.516183	0.516183	0	0	0.516183	4.12245	5.14807	4.12245	4.63563	5.65968	5.65968	3.6086	2.57924	0.516183	2.06389	2.06389	3.09417	1.54821	3.6086	4.12245	3.09417	2.57924	1.54821	3.6086	4.63563	2.06389	1.54821	3.09417	1.54821	0.516183	0	1.54821	1.03228	1.03228	2.06389	2.06389	0	1.54821	2.06389	1.54821	1.03228	0.516183	0.516183	1.03228	0.516183	0.516183	1.03228	0.516183	0	0	0.516183	1.03228	0.516183	0	0.516183	1.03228	0.516183	0.516183	1.03228	1.03228	0	0.516183	0.516183	0	1.03228	0.516183	0	0	1.54821	1.03228	0.516183	0.516183
1.154	2.84819	2.22642	1.2902	1.47101	1.63185	1.63185	1.31577	0.81609	0.364978	0.65797	1.5695	1.42505	0.65797	0.774178	1.06395	0.408048	0	0.364978	1.1099	4.77895	9.48048																																																																																																																	5.21439	10.6531	6.69919	3.79196	3.50599	2.88306	3.05617	1.82425	1.15404	1.45962	0.81609	1.16832	0.930437	0.982669	0.982669	0.930437	0.57706	0.577079	0.982669	1.50454	1.90459	1.68205	1.63185	1.50454	0.65797	0.258087	0.577079	0.77422	0.577079	0.258087	0.408066	0.516164	0.516164	0.408066	0.57706	0.577079	1.064	1.32834	0.752399	0.182491	0.816054	4.40134	4.40515	1.73077	4.69887	4.49787	0.77422	0.982669	1.63185	1.63185	1.31577	0.81609	0.516164	0.408066	0.258073	3.42455	5.17642	5.66516	6.78176	8.17446	8.56126	7.85684	7.48165	6.05207	4.885	5.24926	6.95075	4.76537	2.93999	3.60827	3.13649	2.73522	1.93912	3.94157	4.59588	2.20392	1.64197	3.36108	2.55319	1.47098	0.547458	1.10992	3.10476	5.94535	8.11689	9.46737	9.83939	9.77406	9.15668	8.39356	7.59822	6.02217	3.53893	1.87824	1.064	0.182491	1.15404	1.55885	1.064	0.577079	0.408048	1.03219	0.657938	0.577079	0.930456	0.930437	0.408048	0.408066	1.38957	2.13506	1.93922	1.5695	1.064	0.577079	1.16832	0.657938	0.577079	1.22403	1.64197	0.258073	1.47098	1.82435
0.815981	2.22622	1.90437	1.31565	1.80586	1.82418	1.31565	0.912322	0.657911	0.408029	0.752312	0.816016	1.55871	2.61089	3.26076	2.78324	2.48044	2.84808	2.73512	1.97304	7.226	9.54041																																																																																																																		9.66071	7.97696	5.711	5.14742	4.2986	3.26076	1.72099	0.816016	0.657878	0.258064	0.408011	0.912322	1.31565	1.03215	0.930372	1.29009	1.56936	1.93905	2.33559	2.78324	2.73512	2.62991	2.62991	2.37788	1.82418	1.6819	1.80586	1.80586	1.93905	1.93905	1.56936	1.06391	0.815981	0.752312	0.364945	0.182475	0.752312	0.930353	0.547409	0.182475	2.57883	4.18945	2.78916	1.79655	4.76485	4.49763	2.65501	0.657911	0.364945	0.816016	1.47087	2.07968	2.57892	2.71074	0.577027	4.09374	7.80644	9.94843	11.9945	13.231	13.425	13.5157	12.9345	10.6063	8.23709	7.81263	6.49294	4.01213	4.73705	5.28929	5.56516	5.75107	6.42446	5.46975	3.23009	2.53343	3.68527	3.8949	3.14687	2.00641	1.31558	3.286	5.09905	5.63846	6.20393	7.78768	10.9871	13.1299	13.8858	14.2943	13.9565	12.0858	8.9855	5.69368	3.10439	1.50436	2.59176	3.03423	2.78324	2.59176	2.61089	2.12708	1.56936	0.912322	0.182475	0.364945	0.657878	1.15394	1.97304	2.33559	2.19627	1.93905	1.97304	2.53997	2.69229	2.53343	2.30694	2.45352	4.07348	4.96823	5.15382
0.364906	1.79635	1.87778	0.258036	0.54735	0.364906	0.364906	0.407985	0.182455	0.182455	1.06379	2.37762	3.01744	3.58006	3.18845	2.45325	2.44646	2.93949	3.09879	2.59148	7.71525	8.29844																																																																																																																		6.94909	6.018	2.0391	1.87786	1.68172	1.72081	1.93884	1.82399	1.16815	0.576965	0.258036	0.54735	0.54735	0.407967	0.815893	1.5042	1.15381	1.03204	1.03204	1.15381	1.15381	1.15381	1.50424	1.79643	1.73043	1.16815	1.03204	1.31551	1.72081	1.56919	1.28995	0.930253	1.68163	1.10968	0.930272	0.912224	0.815928	0.407967	0.576946	0.407967	1.03198	2.33521	2.44636	1.16809	2.0391	4.07299	4.20477	2.61059	1.31551	1.15377	1.55849	1.73043	2.285	2.71044	3.40449	3.26027	3.22464	4.47876	5.99635	7.04958	6.8904	7.0125	7.48019	6.95874	4.5554	3.84304	3.75153	2.22609	5.28869	6.18208	6.09669	5.69592	5.35369	3.89448	2.12685	1.50424	2.03903	2.61053	2.83013	2.5396	2.53304	3.09865	3.93244	4.91757	6.36226	6.74885	3.05556	4.34401	5.82146	7.10039	8.7093	9.43829	8.35123	6.74169	5.13703	3.36036	1.47069	2.0391	2.285	2.48018	2.53316	1.93884	1.15381	0.657807	0.54735	0.54735	1.06374	1.06374	0.258022	0.407985	0.65784	0.912224	1.42477	2.22609	2.78294	3.0339	3.42402	3.68942	4.37805	3.83027	3.38999
0	1.54763	2.06311	0	0.515988	0.515988	0.515988	0	0	0	1.03189	1.03189	1.03189	2.06311	0.515988	0.515988	1.03189	1.03189	1.03189	0.515988	7.1861	7.69345																																																																																																																		6.16808	5.65756	0.515988	0.515988	0	0.515988	0	0.515988	0.515988	0.515988	0	0.515988	0.515988	0.515988	1.03189	1.54763	0.515988	0	0	0.515988	0.515988	0.515988	1.03189	0.515988	1.03189	0	0	0.515988	0.515988	0.515988	1.03189	1.03189	2.06311	1.03189	0.515988	0	0	0	0.515988	0.515988	1.03189	2.06311	2.06311	2.06311	0.515988	2.06311	3.093	2.06311	0.515988	1.54763	2.06311	1.03189	1.03189	0	4.12089	4.63388	0.515988	1.03189	2.57827	3.60724	3.093	2.57827	2.57827	4.63388	5.14613	4.12089	3.093	1.03189	4.63388	4.63388	3.60724	2.57827	2.57827	1.54763	0	1.03189	1.54763	2.06311	2.57827	2.57827	2.57827	2.57827	2.57827	2.57827	4.63388	8.19959	4.63388	0	0	1.03189	3.093	4.63388	5.65756	6.67762	5.65756	4.12089	1.54763	0.515988	0.515988	0.515988	0.515988	0.515988	1.03189	1.03189	0.515988	0.515988	1.03189	1.03189	0.515988	0	0	0	0.515988	0	0.515988	0.515988	1.03189	1.03189	2.06311	1.03189	0.515988
0.576861	1.65144	2.43233	1.0636	0.752114	0.752114	1.0636	1.42451	1.54757	1.54757	2.21818	4.07226	6.51124	8.02755	7.9627	8.08191	7.98303	7.47891	7.47891	7.71005	7.98284	6.34555																																																																																																																		5.14888	6.10885	1.32784	0.407894	0.25799	0.257976	0.576861	1.1095	1.1536	0.657722	0.257976	0.930104	2.70993	2.22569	1.79603	1.42443	0.576861	0.91206	0.91206	0.576861	0.257976	0.576842	0.773886	0.182422	1.1536	1.54757	1.54757	1.03185	0.36484	1.50397	1.68139	1.28971	1.72041	1.16788	0.773927	1.56891	2.22569	2.70996	2.45281	1.54757	1.50393	1.96395	2.18801	3.05511	3.49996	3.11422	2.13418	1.64135	2.57817	3.94028	5.37121	5.64863	5.30342	4.52199	4.18824	3.53742	0.815781	1.27675	2.37708	3.22389	2.77635	2.96694	3.18256	5.14888	5.66286	3.49977	2.967	5.30339	7.4918	6.77922	5.70926	4.55104	3.00587	0.912036	0.407911	0.815746	1.42443	2.19552	2.70981	2.73419	2.62902	2.4796	2.45268	2.22558	4.03137	8.66283	6.01963	0.515941	0.657722	1.32784	3.28002	5.45613	7.26007	8.5787	7.78729	5.52192	2.37712	0.91206	0.182422	0.257976	0.91206	1.63123	1.1536	0.407894	1.28974	1.87753	1.90388	1.68139	1.0636	0.773927	0.91206	1.16794	1.55826	1.68142	1.87753	1.87753	2.13425	1.7961	1.73006	0.773886	0.547251
0.929985	1.28958	2.43207	1.28958	0.65765	0.65765	1.06349	1.47029	1.54741	1.54741	2.55195	5.91742	7.99215	8.18651							6.17778																																																																																																																			2.94416	6.10819	3.18219	0.182402	0.257962	0.257948	0.929985	1.27661	1.15348	0.911937	0.773802	2.6911	3.46144	3.09783	3.03288	1.16776	0.576798	0.982192	0.982192	0.576798	0.257948	0.57678	0.257948	0.657618	1.15348	1.54741	1.54741	1.45891	1.82337	1.82341	1.55809	1.06349	0.982155	1.42428	1.28956	1.72993	2.47944	2.73404	2.53243	1.85952	1.96373	1.50377	1.63106	2.70966	3.48061	2.84695	0.982192	1.32769	2.77616	3.93985	5.17092	5.70586	5.44963	4.65097	3.03303	1.32766	0.815693	1.10938	1.87724	2.45242	1.85948	2.7581	3.40351	5.8979	6.6812	2.22533	2.70964	6.38103	7.491	6.21474	5.42539	4.23494	2.62887	1.32766	0.547192	0.364801	1.16776	2.45242	2.96657	2.98884	2.62874	2.22533	2.19529	1.47022	2.37689	8.66191	8.23935	1.54732	0.752033	1.16782	2.44576	4.50316	6.72769	8.77854	9.31895	6.91183	2.788	1.10938	0.657618	0.257948	1.68117	1.63106	1.15348	0.911914	1.65128	1.87732	1.79591	1.55809	1.06349	0.773844	0.982192	1.22344	1.68121	1.72031	1.87732	1.87732	2.03851	1.68123	0.930004	0.257948	0.407867
0.815584	0.815584	1.97198	1.06334	0.182386	0	0.407813	0.773732	0.40783	0.657591	4.28481	7.96085	6.12912	2.53864							0.257939																																																																																																																			1.22327	5.49692	4.69618	0.407813	0.40783	0.257925	0.911855	1.55795	1.97208	2.30582	2.30582	4.00596	4.73476	2.55822	3.3591	1.47009	1.16771	1.8233	1.97208	1.5686	0.911879	0.364768	0	0.815584	1.09419	1.03165	1.03165	1.15334	1.96356	2.21774	1.96363	1.15338	1.03159	2.13375	2.19514	2.0383	2.19516	1.47016	1.68106	2.19516	2.73372	2.25486	1.5686	0.911879	0.364768	1.16765	1.56852	1.16765	1.45878	2.30582	2.57766	2.30582	1.68102	0.929901	1.28946	0.911832	1.85935	2.77591	3.11361	2.39754	1.28946	1.72007	2.9663	6.42114	6.93002	1.28944	3.4032	6.20872	5.56235	3.11889	2.2548	0.657558	1.42415	1.72007	1.06339	1.16771	1.63084	2.57752	2.6285	3.0052	3.27937	3.29953	3.32453	3.01631	2.78189	8.07998	9.85456	5.91981	3.99365	2.60962	1.8233	1.64103	3.22325	6.41863	9.77628	8.18545	3.4659	2.53873	2.39754	0.729506	1.85935	2.62863	2.28414	1.83235	1.32754	0.407813	0.40783	1.16771	1.47016	1.28948	1.38877	1.38877	1.65113	1.32757	0.81562	0.182386	0.576746	0.92992	0.576746	0.182386	0
0.364735	1.31483	1.71992	1.06324	0.407776	0	0.182369	1.2893	0.547093	0.751897	7.05995	8.8227																																																																																																																														5.70743	1.16755	0.547093	0.257901	0.657532	1.4241	1.93793	2.30561	2.30561	3.11333	4.91192	2.25466	2.84629	2.22493	1.32746	1.82313	1.93793	1.56845	1.10918	0.364735	0	0.364735	0.815546	1.03156	1.03156	0.51582	0.815546	1.96345	2.21754	1.85914	2.06233	2.85212	2.39728	2.19496	2.03812	1.4241	1.55781	2.03812	2.55799	2.39732	1.72962	1.10918	0.815511	1.42402	1.56837	0.407776	1.03156	2.06245	2.57743	2.06245	0.911797	0.929817	1.65096	2.70903	2.57734	3.29923	2.93812	1.93793	1.06329	0.981978	2.70903	6.9294	6.42057	0.773704	4.09122	7.1471	5.56186	2.53198	1.32746	0.182369	1.16755	0.981978	1.06329	1.22322	2.62827	2.57729	1.63069	2.18738	2.93807	3.29923	3.18172	3.01603	2.85225	6.51921	8.60068	6.59906	4.92533	2.96615	1.96345	1.22322	1.42402	4.32659	9.77542	9.13798	3.46558	2.5385	2.92107	2.62827	1.85918	2.6284	2.19501	1.47003	0.751897	0.182369	0.751878	1.32746	1.4241	1.28937	1.38864	1.38864	1.65098	1.47	0.815546	0.657499	0.576695	0.929836	0.929817	0.407776	0
1.1675	1.15311	1.15311	1.55767	1.71984	1.54699	1.54699	1.27625	0.257892	1.0632	8.62022	8.57518																																																																																																																														6.04713	2.25437	0.576641	0.576616	0.751801	0.729369	0.515774	0.657429	0.929748	1.38852	2.73311	2.21727	2.75733	2.20222	0.911651	0.407733	0.407756	0.729369	1.15311	0.547039	0.182351	0	0	0	0	0.364699	0.911714	1.55767	2.00505	2.43138	3.2278	3.57793	2.55772	2.00505	1.65082	1.56831	2.19481	3.03221	3.68733	3.62855	3.11304	2.57708	1.97159	2.0133	1.6508	0.773635	0.981924	1.31477	1.82297	2.28372	2.22485	1.50339	2.33387	3.90907	2.36916	2.06211	0.751801	0.257892	1.0632	1.38852	2.20222	5.89622	6.24178	4.7756	5.28575	6.25476	3.73611	1.03146	1.03146	0.981924	0.751801	0.407733	0.182351	0.547039	2.47862	2.60904	2.07826	2.0133	1.97159	2.47862	1.90307	0.911683	0.657429	4.15484	6.17842	5.29494	4.85403	3.3586	4.80311	7.36436	7.08499	4.80652	8.04622	8.45195	2.85182	1.32728	2.44495	3.66465	2.53815	0.257892	0.657472	1.03146	0.911714	0.657472	1.09398	1.50339	1.42397	1.1675	0.981924	0.929748	1.10905	0.815424	0.515737	1.03139	0.407733	0.576616	0.773579	0.547039	0.515774
1.22297	0.515718	0.515718	1.42382	1.6806	1.54682	1.54682	0.98182	1.06303	1.06308	9.37033																																																																																																																															5.54887	2.94305	0.57658	0.576562	0.981784	0.729296	0.515718	0.182333	0.929652	1.38837	0.981784	1.31463	2.19453	1.28907	0.657369	0.182333	0.546985	0.729296	1.15301	0.407713	0.407695	0	0	0	0	0.364663	1.10897	1.68057	1.83182	2.43115	3.68682	3.57759	2.36899	1.83182	1.65066	1.72927	2.28348	2.96561	3.68695	3.75358	3.35826	4.39755	3.75343	2.01311	1.28909	0.773551	0.911616	1.31463	1.96306	2.36904	2.19458	1.50324	3.87047	4.15446	1.68053	1.0313	0.981784	1.06303	1.28909	1.38837	1.28907	3.18099	4.60641	4.76127	4.54883	3.92983	1.93745	1.03135	1.03135	0.911616	0.407713	0.182333	0.657369	0.407713	1.22292	2.00485	2.07804	2.88048	2.73286	3.24281	2.13314	0.657402	0.182333	2.94305	5.46843	5.29445	4.85358	3.11271	6.19916	7.78379	7.64072	4.80601	5.37144	6.93275	3.09659	1.55745	1.96299	3.4216	3.01531	1.06303	0.911593	1.03135	0.98182	0.751748	0.815385	1.31463	1.46973	1.22297	0.911616	0.929652	0.911593	0.364663	0.51569	1.0313	0.182333	0.576562	0.25785	0.407713	0.515718
1.15294	1.15294	1.15294	1.15294	1.16727	1.16727	0.729231	0.729231	1.83165	1.97134	9.32663																																																																																																																															4.88015	3.75315	1.79507	1.31451	0.729231	0.36463	0.515672	0.546936	0.77344	0.576528	0.911534	0.981732	0.57651	0.576528	0.929569	0.657343	0	0.911534	1.72912	1.8043	1.568	0.981732	0.36463	0.182317	0.407676	0.36463	0.815276	1.22281	1.42361	2.12514	3.09095	3.35783	2.28317	1.83165	2.75685	4.37475	5.61332	6.21193	6.69553	6.81864	6.20661	7.28945	6.26938	3.28319	1.68042	1.03126	0.911534	0.981732	1.46958	1.64041	0.815311	1.0312	3.92103	4.74337	3.45509	2.30495	1.83163	1.72906	1.27601	1.15294	1.22286	2.07786	2.88031	2.37583	1.65051	2.36873	2.00467	1.93737	2.06185	2.06185	1.82261	1.42369	1.72912	1.4696	1.42361	2.37576	3.2273	4.55199	3.82731	2.70828	1.63022	0.657343	0.407659	1.55731	4.2484	5.85909	7.22684	7.25388	8.57395	7.52005	7.82252	7.22012	7.96418	8.00264	4.77461	3.51678	3.80137	4.74341	3.65957	1.32707	0.57651	0.911534	0.981732	0.751681	0.407676	0.182317	0.407659	0.546936	0.407676	0.257827	0.546936	0.515672	0.751681	1.28897	1.289	0.657343	0.729231	1.16727	1.42369
1.15284	1.15284	1.15284	1.15284	1.22275	1.22275	1.63008	0.729165	1.46947	1.9372	8.33428																																																																																																																															3.92068	3.97507	1.90261	1.31439	0.729165	0.364597	0.515625	0.40764	0.257804	0.576477	0.981644	0.911452	0.576458	0.576477	0.929485	0.751613	1.03111	1.10877	1.56786	1.80414	1.56786	1.46943	0.815203	0.407622	0.546887	0.364597	0.364597	1.4694	2.19406	2.12495	2.06156	3.86978	3.53507	2.00449	3.68171	5.63602	5.97492	6.29506	6.64601	7.00663	6.69241	8.09831	7.12623	4.24802	2.19411	1.03117	0.981644	0.911452	1.32695	1.83147	1.09367	0	2.18655	4.02057	4.02057	2.9143	2.47798	1.72891	1.10877	1.15284	1.16717	1.80414	2.68973	2.7865	1.28888	2.6083	2.60832	1.97116	2.06167	2.06167	1.82244	1.46947	1.56786	1.83149	3.22175	3.68616	3.82697	4.55158	3.22701	1.16717	0.729165	0.911429	0.1823	0.657284	2.70813	4.87992	6.66316	7.25324	8.13236	7.6478	7.82182	7.13789	8.0845	6.88463	4.26368	3.42113	4.06956	4.74299	2.93701	1.64026	0.576458	0.981644	0.911452	0.657284	0.546887	0.407622	0.1823	0.40764	0.546887	0.257804	0.40764	0.515625	0.657284	1.06289	1.28888	1.55717	1.63008	1.22275	1.46947
0.364558	0.407596	1.06278	1.38797	1.06278	0.929385	2.07739	1.68009	1.42341	1.06278	7.95619																																																																																																																															2.68932	3.68576	2.00428	1.10865	1.27576	1.15271	1.16704	1.42341	1.42341	1.06278	0.407596	0.364558	1.50277	1.68009	1.79471	1.46929	1.79464	1.22257	0.25779	0.407596	0.546828	1.06273	1.32681	1.62997	1.55706	0.546828	1.50281	2.39616	2.78614	2.25351	2.03709	4.15327	4.08921	2.60804	5.73629	7.80842	6.82921	6.35125	6.04515	6.23949	6.01784	8.03721	7.38098	4.89603	2.65212	1.03106	1.42341	2.07747	2.58901	3.50196	4.18906	4.40399	3.7349	2.1326	2.07736	2.75631	4.25931	4.96298	4.80122	4.44125	3.75255	2.58901	1.87607	3.09584	4.5039	4.66201	3.35729	1.54638	0.81515	0.51557	0.729086	0.729086	0.407596	1.68003	3.99117	3.89488	3.01445	3.28247	1.83129	1.65018	1.71917	2.53075	2.70786	2.47781	2.45092	2.96476	4.00789	5.40368	7.3944	6.51622	6.44564	6.1737	5.99067	3.75253	2.98701	3.09584	2.91967	2.12472	0.81515	2.13253	1.2887	0.576414	0.182281	0	0.407578	0.546828	0.51557	0.51557	0.546828	0.576396	0.407596	0.51557	0.407596	0.257776	0.407596	1.68003	1.87599	0.929385	1.06278
0.364525	0.751445	1.06268	1.38784	1.06268	0.929301	1.65001	1.55692	1.46918	1.2886	8.4595																																																																																																																																3.22628	2.60781	1.27564	1.10855	1.15261	1.22251	1.46918	1.46918	1.06268	0.751445	0.815041	1.96225	2.19368	1.90223	2.03691	2.03688	1.46911	0.257767	0.546778	0.407559	0.257767	1.16693	1.62982	1.67994	2.22365	2.65189	2.25336	2.37507	2.03691	2.2533	3.90724	3.83904	3.75204	7.73882	9.0054	6.95155	6.35069	6.17315	7.0722	6.83082	8.5052	7.85723	5.60855	3.11143	1.03096	1.55692	2.20128	2.58878	3.34718	4.1252	4.40359	3.991	2.39594	0.257767	2.19375	3.86922	4.8958	4.84174	4.55801	3.90741	3.14325	1.87591	3.28229	4.54717	4.29366	2.84481	1.85811	1.09346	0.515523	0.729021	0.729021	0.546778	1.93671	3.73437	3.38629	2.53695	3.05238	2.0041	1.65003	2.03695	2.4507	2.73197	2.4507	2.47759	3.03074	4.08904	5.54705	7.39374	5.93802	6.03642	6.04461	5.24278	3.47798	2.96449	3.03074	2.28262	0.515523	1.09346	1.90218	1.28858	0.576363	0.407541	0	0.182264	0.407559	0.515523	0.515523	0.407559	0.576344	0.546778	0.515523	0.546778	0.773217	0.546778	0.911225	1.38779	0.929301	1.06268
0.751397	1.28848	1.46905	1.46905	1.06259	0.576311	0.773148	0.546729	0.815003	1.50254	9.14425																																																																																																																																2.44359	2.93603	1.31395	0.407505	0.546729	0.546729	0.182248	0.911166	0.751397	0.981325	1.06254	1.67972	1.83094	1.55678	1.31395	1.902	2.01218	1.67981	1.03087	0.407505	0.407505	0.407522	1.10845	1.45767	2.62652	2.73159	1.38767	1.80352	1.87565	2.36784	3.58972	3.68507	4.33889	8.53845	8.47972	3.85588	1.27553	3.66261	6.54237	5.70082	7.4497	7.21934	5.36894	4.01942	3.60368	3.28202	2.22357	1.03087	0.182248	0.257744	0.182248	1.83094	3.14297	3.78692	4.24306	3.93653	2.98647	1.56741	0.657062	1.90206	3.4633	2.77979	2.5498	0.546729	0.407522	0.182248	1.28848	2.13222	1.50254	0.911143	0.407505	0.407505	1.87565	3.58972	3.1795	2.37486	3.10056	3.34685	2.87925	2.25316	1.62968	1.71886	2.22357	3.25672	3.74746	3.42014	2.96417	3.25658	1.09336	2.82693	1.64989	1.16683	0.815003	0.515477	0.751397	0.91119	1.45767	1.27553	1.06254	0.911166	1.1525	1.32657	1.16683	0.728955	0.182248	0.182248	0.182248	0.407522	0.751397	0.981361	0.91119	0.576311	0.773148	0.576292	0.546729	1.10845	1.56741	1.71886
0.657023	1.06247	1.423	1.423	1.06247	0.576248	0.257702	0.407478	0.814915	1.31387	9.88974																																																																																																																																	3.43409	1.82163	0.182228	0.407478	0.407478	0.656991	1.10831	0.657023	0.751297	1.06242	0.911044	1.1667	1.423	0.364453	1.27539	1.72828	1.71867	1.45752	1.16664	0.182228	0.751297	1.27539	1.45752	1.62943	1.97028	1.87545	2.31807	2.37456	2.60727	3.34141	3.68468	4.5893	9.03556	8.726	3.62598	0.981255	6.39271	7.00363	4.10419	5.92831	6.20861	4.19948	3.45342	3.60329	3.22065	2.36767	1.45752	0.656991	0.257716	0.656991	1.1667	2.58827	3.73383	4.2426	4.068	3.09495	2.01197	1.16664	1.71867	3.14263	2.85004	1.82172	0.981219	0.54667	0.656991	1.28835	2.03657	2.65136	1.67954	0.182228	0.182228	1.38752	3.34141	2.94136	2.01197	2.53654	3.1845	2.87894	1.97038	1.6295	1.67963	2.47707	3.71159	3.74706	3.24112	2.60737	1.45752	1.09324	2.60729	1.64971	1.22227	0.814915	0.515421	0.657023	0.981255	1.45752	1.10833	0.257716	0.657023	1.15238	1.46886	1.22227	1.62943	0.407461	0.407461	0.407461	0.54667	0.657023	0.911092	0.981255	0.576248	0.257702	0.57623	0.407478	0.911092	1.56724	1.67963
0	0	0	0.182212	0.576197	0.981167	1.03067	0.91101	0.929034	0.91101	9.97715																																																																																																																																	3.53335	2.7067	0.981167	1.1666	1.03067	1.45739	1.45739	1.03067	0.656964	0.576178	0.981167	0.814842	0.751229	0.981131	0.728811	0.910986	0.929034	1.38739	1.28819	0.407442	1.15224	1.15224	1.15224	1.32627	1.72807	2.0363	2.47675	2.5879	3.02972	3.41933	3.34111	3.8679	8.34772	8.97241	5.5572	4.43958	7.84472	7.07005	3.63935	4.56012	4.88407	3.18406	1.38739	0.257679	0.929014	1.90163	1.67942	0.929014	0.257693	0.981131	0.728811	0.751248	0.910986	0.36442	1.96176	3.25608	4.323	4.96441	4.71643	2.70684	1.8306	3.00241	3.91893	3.49594	3.41947	3.40006	1.79404	2.0363	2.87856	0.656932	0.515375	0.981131	2.47675	2.57512	2.36746	2.47688	2.52979	2.47685	1.93626	1.71852	1.67948	3.09995	3.82512	2.22313	1.22216	0.257693	0.929034	1.83058	1.62928	0.814807	0.182212	0.656964	0.91101	0.576197	0.257679	0.929034	1.67948	1.9702	1.5671	0.91101	0.656932	0.407424	1.55641	1.67948	2.28196	2.37446	2.07669	1.5671	0.981167	0.751229	0.546621	0.515375	0.36442	0.182212	0.407424	0.36442	0.656964
0	0	0	0.407387	0.576145	0.910928	1.03057	0.981079	0.92895	0.981079	9.47722	8.94822																																																																																																																																3.28092	3.98931	1.46858	1.22205	1.03057	1.45726	1.45726	1.03057	0.910904	0.576126	0.910928	0.814769	0.981042	0.751161	0.728745	1.10811	0.92895	0.928931	0.772925	0.546572	1.15214	1.15214	1.15214	1.55627	1.72791	1.7938	2.22282	2.58766	3.78564	3.66156	2.6068	2.3319	6.17322	7.86054	5.5567	4.37943	6.72972	6.83535	3.63902	2.96326	3.34574	3.18377	1.87511	0.772925	1.38727	2.13153	1.46858	0.576145	0.25767	0.751161	0.728745	0.656905	1.10811	1.31357	1.96158	3.08906	4.0875	4.8024	5.00023	3.82045	2.00334	4.42417	3.91858	3.47667	3.51444	3.53316	3.39966	0.751181	3.82468	1.93598	0.515329	0.751161	1.222	1.85741	2.28176	2.44977	2.60691	2.60688	1.97003	1.67933	1.71836	3.85909	3.82477	2.36725	1.63932	1.06223	1.72791	1.63932	0.728745	0.364387	0.656873	0.910904	0.981079	0.928931	0.257656	0.92895	1.79387	1.93609	1.56696	1.10813	0.182196	0.182196	0.656905	1.79387	2.36725	2.37425	2.0765	1.72797	1.46858	0.981042	0.407405	0.515329	0.364387	0.407387	0.182196	0.364387	0.751181
0.182176	0.576083	1.06217	1.72778	1.875	1.46847	0.7511	0.576064	0.576083	2.19263	9.22973	7.74968																																																																																																																																2.68777	4.98962	2.44938	1.42259	1.93588	2.13137	2.07625	2.07628	2.53581	2.42911	1.67915	1.46847	1.10801	0.182176	0.75108	1.32601	1.10801	0.980973	0.7511	0.728667	1.09293	1.50194	1.85721	2.18506	2.19261	2.07619	2.37387	2.70616	3.7502	3.41865	2.55526	2.37394	5.03877	6.1699	3.65675	4.73986	7.97221	7.60641	4.25687	2.1236	1.42251	3.3454	2.77856	1.31343	1.62896	1.8211	0.910782	0.182176	0	0.407343	0.576083	0.910829	1.46844	2.39474	2.19261	1.28798	0.576083	0.910782	2.33165	3.58371	2.57465	4.55923	2.37392	2.22269	3.05099	3.49985	4.90995	1.06212	4.33718	1.8211	1.15205	1.62903	1.4571	0.75108	0.546513	0.515273	1.09293	1.82115	2.06026	3.58847	4.8394	5.20245	4.06679	3.35537	3.10992	1.96971	1.71809	0.75108	0.772883	0.656834	1.22187	1.28793	0.576064	1.06212	0.576064	1.16631	1.03041	0.182176	0.75108	0.980936	0.257628	0.407361	0.546513	0.772842	0.928831	0.980973	0.980973	1.10799	1.4684	0.910782	0	0	0.407343	0.546513	0.515273	0.546513	0.407343
0.407307	0.928747	1.28786	2.01121	1.87483	1.83007	1.32589	0.576012	0.576031	3.62462	8.74303																																																																																																																																	1.72757	5.49014	4.24467	1.55602	1.96964	2.0358	2.07606	2.20001	2.53559	2.73639	1.71802	1.42246	0.910748	0.656743	0.980848	1.55597	1.27491	0.910748	0.656775	0.728601	0.814608	1.31338	1.85704	2.18486	2.39453	2.53549	2.87771	2.96263	2.98487	2.70595	2.36673	2.37373	5.28008	5.68367	2.93474	5.55561	8.32038	6.61868	3.867	2.57442	0.9107	3.3451	4.03781	1.82094	1.62882	1.31331	0.656743	0.407307	0	0.18216	0.576031	0.980885	1.32593	2.19242	2.39453	1.64906	0.576031	0.656743	1.82094	2.21495	2.57442	3.85402	2.78429	2.47614	2.94036	4.82857	6.43356	0.257619	4.58757	0.364315	1.85701	1.62889	2.30289	0.980848	0.407324	0.515227	0.814608	1.50181	2.30296	4.39724	5.03853	4.5554	3.7981	3.65642	5.54361	2.73026	0.980848	0.407324	0.772814	0.751032	1.46827	1.80265	0.576012	1.06202	0.576012	1.42239	1.03031	0.407307	0.980848	0.751013	0.257605	0.546464	0.407324	0.257605	0.576031	0.910748	0.910748	0.910724	1.22176	0.656743	0	0	0.18216	0.407324	0.515227	0.407324	0.18216
4.39692	5.92584	7.08838	7.43495	7.05852	7.28725	7.68365	7.58179	7.44586	7.61582	7.56439																																																																																																																																	0.814499	5.14106	5.16974	3.0935	3.02873	2.68741	2.47592	2.30275	1.79336	1.90091	1.09273	1.4682	1.87466	1.72747	1.10781	1.03022	1.09273	0.910666	0.575979	0.257581	0.257595	0.257595	0.98076	1.55583	2.13092	2.60607	3.46129	4.19761	4.45635	4.3706	4.15428	4.15428	6.35921	7.85851	8.06171	7.96484	5.81144	0.814499	3.91745	4.42674	1.71787	4.39672	5.68608	3.35476	2.13099	0.928683	0.257581	0.546415	0.407288	0.257581	0.40727	0.51518	1.67882	2.37352	2.19222	1.1518	0.407288	1.10781	1.50163	0.515153	2.13092	3.3448	2.7057	2.03555	1.79336	5.1666	7.88506	3.99249	3.02858	0.407288	1.67882	1.55588	1.72742	2.13092	0.182143	0.40727	1.15184	1.93553	1.90097	2.33123	2.60613	2.42867	2.00277	3.88777	6.24772	2.84859	0.728536	0.750964	0.656716	0.364283	1.22165	2.01101	1.87466	1.90097	1.31326	0.98076	0.910642	0.980797	0.928664	0.40727	0.515153	0.515153	0	0.182143	0.407288	0.51518	0.51518	0.546415	0.910618	0.515153	0.182143	0.257595	0.182143	0.546415	1.06198	1.16616	1.03028
4.89205	6.55316	7.37509	7.39052	7.04868	7.21496	7.6407	7.60671	7.4452	7.13114	4.89205																																																																																																																																			4.2787	3.02845	3.09322	2.8773	2.60588	2.30254	1.6787	1.27467	1.50148	1.82973	1.87449	1.56637	0.910583	0	0.81446	0.980706	0.928569	0.257554	0.257572	0.257572	0.750868	1.32563	1.90071	2.00257	2.78383	3.74932	4.32095	4.37019	4.1539	4.1539	5.34107	6.99308	8.069	7.43428	4.25963	3.86603	5.08612	4.03729	3.39834	6.63928	6.36867	3.10918	1.96928	0.928594	0.257554	0.40725	0.546361	0.772619	0.182125	1.15168	2.192	2.37328	1.67866	0.515134	0.750868	1.27467	1.09262	0.515097	2.84829	3.34445	2.47559	2.25157	1.6787	3.83623	6.71025	5.63063	0.750893	1.46798	2.00257	3.27966	0.928594	3.83608	0.407227	1.16597	1.85665	2.03543	1.71771	0.364247	2.19209	3.49886	1.82973	4.99811	4.82763	2.1307	0.728464	0.656657	0.750893	0.364247	0.546361	1.38679	1.87449	1.79319	1.31314	0.546361	0.656657	0.910583	0.575925	0.182125	0.515097	0.515097	0	0.407227	0.546361	0.515134	0.515134	0.40725	0.656613	0.515097	0.407227	0.257572	0.407227	1.22152	1.28762	1.22159	1.03018
3.0874	4.11343	3.0874	1.03002	0	0.515051	1.03002	1.03002	0.515051	1.54482	0.515051																																																																																																																																			3.0874	0.515051	1.03002	1.54482	1.54482	1.03002	0.515051	0.515051	1.54482	1.54482	0.515051	0	0.515051	0.515051	0	0.515051	1.03002	0.515051	0	0	0.515051	1.03002	1.54482	1.03002	1.03002	1.54482	2.05937	2.05937	1.54482	1.54482	1.54482	0.515051	0.515051	0.515051	2.57359	6.15697	4.62551	0	4.62551	7.67965	6.15697	1.03002	1.03002	1.03002	0.515051	0	0.515051	1.03002	0	1.54482	2.05937	1.54482	0.515051	0.515051	1.03002	1.03002	0.515051	1.03002	3.0874	3.0874	2.05937	2.05937	0.515051	1.54482	4.11343	5.64735	2.05937	2.05937	2.57359	4.11343	1.54482	4.62551	0.515051	1.54482	2.05937	1.03002	1.03002	1.54482	0.515051	3.6007	1.03002	5.13684	3.6007	1.54482	0.515051	0	0.515051	0.515051	0	0	0.515051	0.515051	0.515051	1.03002	0.515051	0	0	0	0.515051	0.515051	0	0.515051	0.515051	0	0	0	0.515051	0.515051	0.515051	0	0.515051	1.54482	1.03002	0.515051	0
2.42792	4.55721	5.7986	5.88819	5.27835	3.78366	1.22135	0.928416	1.22135	1.32539	0.407153																																																																																																																																			3.22322	1.64846	1.28735	1.64844	2.00219	1.90042	1.96889	2.12261	2.03501	1.28735	0.407153	0	0.515004	0.656495	0.407171	0.728326	1.10747	0.980514	1.02998	1.16582	1.55543	1.67834	1.64844	1.10747	0.980478	1.28733	1.96879	2.03494	1.63838	2.21415	2.5476	1.45642	0.364178	0.364178	2.77726	5.65264	4.1845	2.03503	5.63532	7.12945	5.41597	1.06162	0.772481	0.980478	0.728326	0.407171	0.257507	0.928396	0.656527	1.02993	1.85631	2.19161	1.63838	0.546258	2.07531	3.38324	4.00372	3.93315	3.2942	1.96879	2.00219	2.91663	2.07528	1.10747	3.17677	5.62957	6.1911	6.65556	6.16995	6.94499	6.19897	3.27408	0.364178	0.910357	2.03501	3.35385	4.08516	3.33904	2.0593	3.85257	2.07528	4.33516	3.12962	1.82936	1.38652	1.2874	1.38652	1.06167	0.772522	0.910404	0.8143	0.182091	0.575795	0.656495	0.910404	1.42192	1.54476	1.42192	0.910404	0.182091	0.257521	0.182091	0.750748	0.575813	0.257507	0.257521	0.257507	0.575795	0.546258	0.656527	0.928416	1.55538	0.980478	0.575795	0.257521
1.28728	3.53087	5.38847	5.94291	5.38847	4.75444	3.41675		1.16572	0.750681	0.182074																																																																																																																																			2.78299	2.4277	1.28724	1.28726	1.82922	1.79268	1.9348	2.12242	1.71722	0.772453	0.182074	0	0.514958	0.910275	0.546208	0.728261	0.910298	0.910322	1.02989	1.22124	1.67819	1.55529	1.28726	0.910298	0.750662	0.772411	1.71714	1.79261	1.22124	1.96028	2.93329	2.30181	0.364145	0.364145	3.02744	4.63178	3.18166	2.72906	6.08123	5.46071	3.89048	1.06152	0.257484	0.750662	0.728261	0.546208	0.257484	0.575762	0.750681	0	1.15141	2.03482	2.70468	2.22134	2.42776	3.38294	3.98688	3.8652	2.57327	0.546208	1.4218	2.75319	2.7351	0.750681	1.32531	3.99099	6.03025	6.53646	5.94291	6.40803	7.27993	3.27378	0.364145	0.407116	1.79268	3.58186	4.03613	3.23839	2.30188	3.62293	2.07509	2.60507	2.12232	1.63823	1.3864	1.28728	1.3864	1.06157	0.772453	0.980426	0.814227	0.656436	0.575743	0.182074	1.10739	1.46765	1.54462	1.46765	1.10739	0.656436	0.257498	0.656436	0.656468	0.928313	0.772411	0.257498	0.257484	0.575743	0.407134	0.750681	0.928332	1.32527	0.750662	0.575743	0.257498
0.928232	0.257456	0.750581	1.16553	1.2871	3.92384	5.46015		0.364106	0	0																																																																																																																																			1.72658	2.75286	2.19118	1.2871	1.16553	0.656365	0.40709	0.728182	0.40709	0.407073	0	0.182055	0.575681	0.656365	0.7506	0.7506	0.54615	0.257456	0.40709	0.54615	0.910177	0.814104	1.27418	1.72663	2.19875	2.68611	2.87618	1.90005	0.7506	0.257456	2.27989	2.60481	1.87375	1.72663	3.27841	4.1442	3.79592	4.84631	5.90623	3.96973	2.2211	1.22111	2.0749	2.22121	1.67803	1.06146	0.928232	1.06146	1.80171	2.5858	2.47474	1.31262	2.84139	3.49274	2.19866	1.2871	0.910224	1.16559	1.79249	2.70448	2.98331	2.77088	2.03457	0.656365	0.814139	1.31262	1.71703	2.12996	2.25077	1.46747	4.88659	4.39086	2.44788	3.01084	2.70448	2.18361	0.814139	1.31256	2.12209	2.77671	0.575681	1.55507	1.31256	1.02972	0.814104	0.980321	1.93459	2.93306	3.35319	3.63631	2.96109	1.87375	1.22111	1.10727	1.32513	0.728182	0.656398	0.928232	0.750581	0.750581	0.772369	0.750581	0.364106	0.980284	0.772328	0.25747	0.407073	0.407073	0.182055	0.364106	0.7506	1.2871	0.9102	0.364106	0.182055
0.928149	0.257433	0.980196	0.407036	0.7723	2.73458	5.68284	4.39047	0.814031	0	0																																																																																																																																					2.75261	2.19846	1.42144	0.910095	0.5461	0.728117	0.5461	0.182038	0	0.407036	0.575629	0.182038	0.656339	0.656339	0.407053	0.772258	0.5461	0.407053	0.656306	1.31244	1.89982	2.00987	2.42728	2.87592	2.68586	1.71688	1.32501	0.257433	1.55493	2.00161	1.87358	2.00987	3.0486	3.29322	3.35289	4.84588	4.72229	2.91578	0.5461	1.46733	2.19855	2.19103	1.79233	1.06136	0.928149	1.287	2.07469	2.58557	2.70424	1.81978	2.32989	4.25734	2.19846	1.28698	0.980233	1.221	1.67788	2.47452	2.96082	2.57276	1.16549	0.182038	0.814066	1.3125	1.67788	2.03445	2.39298	1.221	3.35271	3.44972	2.52739	3.01057	2.47452	1.6278	0.814066	1.81973	3.12872	2.03436	0.575629	1.32501	0.814031	1.02963	1.31244	1.46731	2.39298	3.10769	3.43068	3.63599	3.27823	1.87358	1.16549	1.27406	1.55493	0.728117	0.750533	0.928149	0.407053	0.407053	0.7723	0.407053	0.814031	0.750514	0.257433	0.257447	0.182038	0.182038	0.407036	0.364073	0.656339	1.28698	1.10715	0.364073	0.407036
4.68709	4.79444	4.64131	3.88957	2.70402	2.84088	6.16739	4.31835	0.813958	0	0																																																																																																																																					2.25031	3.09672	3.2221	2.8235	1.82869	0.257424	0.65628	1.31239	1.42139	1.06127	0.750465	0.728051	0.407017	0.257424	0.407017	1.32489	1.10707	0.91006	0.575596	1.56539	2.07442	1.56539	1.56539	1.28684	0.546051	0.813958	1.15104	1.31239	1.67771	1.10707	0.182022	1.28687	2.73433	3.68067	3.74724	3.52981	2.55311	1.32489	0.546051	1.46718	1.67771	1.22089	0.406999	0.91006	1.386	1.28689	1.55479	0.546051	1.67764	1.81957	3.1073	5.9079	4.27639	3.98985	3.74724	3.4923	3.23746	2.96056	2.4743	1.8997	1.67771	1.93424	2.58534	3.0968	3.74724	4.00222	3.02672	1.02959	2.70388	2.07442	1.28687	1.46718	1.31239	1.42139	1.32493	2.21328	3.6761	3.11264	0.36404	1.82869	1.32489	1.79209	2.91552	3.52981	3.74719	3.27793	2.22081	1.50063	2.32968	1.32489	0.91006	1.092	1.02954	0.813993	0.813993	0.182022	0.575577	0.406999	0.182022	0.575596	1.28689	1.46723	1.54418	1.54418	1.31239	0.750465	0.575577	0.546051	0.407017	0.772189	1.06122	0.656247	0.51481
4.6302	4.83482	4.71103	4.15108	3.04809	6.41284	7.36762																																																																																																																																											3.22175	3.27754	2.82312	1.0611	0.909939	1.50051	1.46707	1.06115	0.656209	0.727973	0.545993	0.257396	0.545993	1.55463	1.27381	0.980039	0.575534	1.56522	2.07419	1.56522	1.56522	0.772106	0.406973	0.364001	0.514782	1.31225	1.55468	0.909962	0.656176	0.772147	2.0743	3.38161	3.72921	3.02639	1.79197	0.750384	0.406973	0.980039	1.55468	1.63758	0.909915	1.10695	1.38585	1.06115	1.32475	0.406973	1.93393	1.31218	4.55128	7.062	4.57301	3.98942	3.72921	3.473	3.21666	2.98245	2.70371	2.3647	1.55468	2.03404	2.58506	3.09646	3.90181	3.98531	3.17535	2.3009	2.96008	1.0611	1.28673	1.67749	1.50051	1.46707	1.46704	1.81942	2.75211	4.65475	2.84057	2.00122	2.52677	3.02624	3.96859	4.00169	3.62161	3.17535	2.36474	2.93208	2.84057	1.55463	0.980039	0.813905	0	0.813905	0.813905	0.656176	0.575515	0.182002	0.406955	0.575534	1.06115	1.42124	1.54401	1.54401	1.50051	1.32475	0.575515	0.406973	0.545993	0.257382	1.0611	0.909915	0.514755
2.82882	2.52666	1.67737	1.42103	1.95926	8.58084	7.92722																																																																																																																																											1.32463	2.5526	3.82037	3.11207	2.19035	1.6475	0.575482	0.406919	0.181986	0.65615	1.22065	1.16515	0.813832	1.16509	0.979914	0.363968	0.406936	1.89927	2.30069	1.50034	1.16509	0.545943	0.514736	0.514736	0.727907	0.727907	0.813832	1.15085	1.2737	1.10685	1.15085	0.90988	0.575482	0.257359	0.406936	0.406936	0.181986	0.181986	0.750298	1.46687	1.16509	1.10685	1.38573	1.06106	1.56508	1.28663	2.72774	2.36453	6.81807	9.10336	6.72222	6.53332	6.53583	5.80661	4.33289	3.09084	3.04782	3.62128	3.86333	3.93089	3.21638	2.44696	1.32467	0.575464	2.03377	2.70335	2.39225	3.49161	4.48566	3.98906	2.72781	1.85528	1.46689	1.2737	1.45558	4.72085	4.77619	1.8193	1.82831	4.62971	6.35373	4.77619	2.60389	2.68509	3.57089	4.54375	3.27722	1.45558	0.363968	0.545943	1.28663	1.22065	1.15085	1.50034	0.813797	0	0.406919	0.575464	0.406919	0.979951	1.56516	1.93386	2.24992	2.37145	1.2737	0.406919	0.575464	0.181986	0.909833	0.927863	0.979951
2.82857	2.44674	1.46681	0.18197	1.5002	9.33145																																																																																																																																													1.79165	3.45803	3.63904	2.75157	2.07385	0.575431	0.18197	0.406882	0.909775	1.16505	1.22054	0.813759	0.406882	0.75023	0.363936	0.75023	2.12889	2.30049	1.09169	0.406882	0.4069	0.51469	0.51469	0.727842	0.727842	0.813759	1.15075	1.10675	1.27358	1.15075	0.979863	0.927779	0.771967	0.545894	0.545894	0.406882	0.406882	0.979826	1.22048	0.406882	0.909799	1.3856	1.28652	2.58446	2.53286	2.5524	2.27893	8.42129	10.1928	7.14316	6.65118	6.54519	6.08067	5.02022	3.39555	2.9373	3.33683	3.86298	3.86298	3.27702	2.52643	1.63729	1.56494	1.79158	1.93358	1.46681	4.09848	4.48526	3.85445	2.846	2.5717	1.67719	1.10675	1.45545	3.3515	4.37389	2.9316	2.24966	3.88846	7.3488	6.07776	2.47356	2.5846	3.85438	4.18184	2.47356	1.0293	0.363936	1.22048	1.64735	1.16505	1.15075	1.95908	1.31194	0	0.18197	0.575412	1.16499	1.46676	1.72583	1.96759	2.39207	2.78139	1.8991	1.16499	0.575412	0.406882	0.656058	0.575431	0.909799
3.35127	2.70296	1.56485	0.257308	3.81962	10.0978																																																																																																																																													0	1.71596	3.00899	2.93687	2.24942	1.3244	0.750169	0.655988	1.02913	0.18195	0.575369	1.06085	1.42083	1.62701	1.46665	1.10663	1.54349	2.03337	0.979721	0.545836	1.06085	1.42083	1.31187	0.514634	0.363897	0.727764	0.727764	0.363897	0.75015	0.979757	0.979757	0.927679	0.909654	0.655988	0.65602	1.31187	1.62701	1.85491	1.85491	1.81894	2.32888	2.47332	2.36406	3.52834	3.04713	1.85487	1.54349	7.45944	10.6935	6.58392	3.83255	2.05771	2.82231	3.65664	1.16486	2.07371	4.25551	5.01976	4.08201	2.93133	1.85487	2.21982	1.79139	1.89895	2.93698	2.4397	1.96728	1.3244	1.46665	1.64717	2.52604	1.79139	0.927699	0.927679	1.80058	2.77512	3.57928	3.98398	1.32437	5.44497	6.46672	4.39228	3.74576	2.78115	1.56477	1.2864	2.03346	2.12097	1.67704	0.771884	1.2204	1.95894	2.18235	0.979721	0.406856	0.514634	0.750169	1.63711	2.24948	2.6034	2.52616	1.89895	1.96728	1.96728	1.71596	0.655988	0.406839	0.57535	0.406839	0.979757
3.42871	2.775	2.00872	1.80042	6.89425	9.41152																																																																																																																																															2.53236	3.17403	2.03321	1.46649	1.32425	0.909572	1.02904	0.406802	0.575317	1.06075	1.46652	1.62687	1.4207	0.909619	0.51456	1.79123	1.71581	1.22024	1.28626	1.46652	1.49995	1.15048	0.363864	0.727698	0.727698	0.363864	0.40682	0.909619	0.909619	0.575317	0.655929	0.909572	0.909595	1.31175	1.62687	1.85474	1.85474	1.95877	2.32867	2.44625	2.27848	3.31625	2.39156	1.85471	3.59729	4.37303	10.6925	7.63241	4.36176	2.30011	2.60308	3.41412	0.655929	3.49521	4.76462	5.00624	4.80571	4.06132	2.76893	2.47297	1.10652	1.71589	2.72702	2.43948	0.545787	1.16482	1.4207	1.28626	2.27838	2.03319	0.927615	0.575317	1.28622	2.03319	3.1058	4.22393	2.52582	2.82206	5.26436	4.46602	3.90035	2.37084	0.575298	1.64704	2.12854	2.12078	1.46652	0.771815	1.63696	2.21225	1.62687	0.545787	0.545787	0.514588	0.655961	1.22029	1.9672	2.52593	2.60316	1.71589	0.750082	1.71581	1.9671	0.909572	0.181934	0.575298	1.16476	1.46647
1.81857	1.81852	1.31157	2.571	8.87727	9.2047																																																																																																																																															1.87225	3.27592	1.93303	0.90949	1.15038	1.62672	2.43926	2.52571	2.27828	2.12059	2.0331	1.72533	0.979581	0	0.813525	1.49977	1.4205	1.64689	2.19709	2.47288	2.60293	2.42567	1.71574	1.16471	0.257276	0.750015	0.727633	0.406783	0.181917	0	0.65587	1.22013	1.15038	0.727633	0.727633	1.15038	1.6767	2.37058	2.68408	2.95886	2.70247	0.575247	3.6063	4.98282	3.45702	2.21943	8.19223	6.87008	5.51577	5.19832	4.54937	2.39139	2.52559	4.55278	3.39448	1.15041	4.10916	4.2853	2.58372	2.197	1.46638	1.85458	1.54329	2.18951	2.03303	1.09138	0.406765	0.575247	1.80026	1.96692	0.750015	0.257262	1.06061	1.56449	2.4459	3.7449	3.27592	1.15038	3.42824	2.21201	2.72671	2.95881	2.12835	0.750015	1.15041	1.81862	2.12835	2.18953	2.00029	1.64687	0.771787	1.28615	1.3852	1.16471	1.16471	1.56457	1.93313	1.81862	1.15041	0.81349	0	1.4205	1.79107	1.49981	1.67677	1.87234	2.00854	1.82762
2.21178	3.35013	0.363795	2.1204	9.35353	10.9253																																																																																																																																															1.385	3.52728	2.70204	0.6558	0.514496	1.62657	2.32826	2.60269	2.36342	2.1204	2.12816	2.00834	1.46619	1.02883	1.09127	1.09127	0.181899	1.28606	2.07315	2.44582	2.52548	2.19689	1.67662	1.32404	1.0605	0.979442	0.727561	0.545684	0.406722	0	0.909393	1.46616	1.15026	0.727561	0.727561	1.15026	2.3633	3.13691	2.87374	2.98079	2.7745	3.60572	5.26337	4.87603	2.78039	3.48974	5.15642	5.1311	5.10887	5.1345	4.37238	2.72644	4.28484	4.79097	3.17345	1.85435	5.13097	4.53783	1.56432	1.286	1.42044	1.8544	1.54316	2.39111	2.24879	1.49962	1.16453	0.575187	1.28597	1.71547	0.979442	0.771662	1.0605	1.56432	2.18922	2.98059	3.52728	1.15026	3.9288	2.64657	3.31562	3.11059	1.96684	1.22	1.15031	1.81845	2.03291	2.03288	1.82747	1.28602	0.771718	1.06056	1.38508	1.22007	1.22007	1.72517	1.96684	1.81845	1.15031	0.363795	0	1.16453	1.1063	1.31151	1.71558	1.87217	1.72517	1.63666
2.21157	2.62125	3.70455	3.12619	9.21507	12.0276																																																																																																																																															0.909311	3.48943	3.02424	0.979388	0.979388	0.92733	0.406703	1.10622	1.72499	1.96663	2.24863	2.37009	1.99989	2.24863	2.60242	2.43878	1.54299	0.655773	0.181881	0.363759	0.909358	1.56426	2.07292	2.53172	2.24863	1.15019	0	1.09116	0.979388	0.655773	1.21989	1.67635	1.46603	1.64657	2.19666	3.04607	4.552	4.74943	3.08907	1.56426	1.46603	5.90054	5.66351	1.16442	4.1442	4.71815	4.14027	2.9969	2.12786	1.64655	2.18909	4.14027	4.86855	3.72654	2.36313	3.11028	4.48288	3.81811	2.60242	2.95827	3.47069	3.27543	2.47239	2.90761	2.91329	2.75028	2.55116	1.67641	1.46605	1.64655	1.72499	2.19666	2.47237	2.54467	2.57046	2.93018	4.01132	2.18914	2.70179	2.91327	3.81388	3.65086	1.67644	2.03261	1.32387	0.749886	0.363759	0.813329	1.1062	0.979388	1.0288	1.0288	0.813364	0.363759	0.514413	1.02874	0.65574	0.575152	1.28589	1.16448	0.909358	1.28589	1.46609	1.54299	1.6264	1.6264	1.46609	1.28589
1.81805	0.727424	5.13015	3.44655	8.72912	12.2675	6.62994																																																																																																																																														0.655681	3.2345	2.77382	0.909276	0.909276	0.5751	0.545581	0.909276	1.56412	1.93258	2.3907	2.7798	1.82712	1.96646	2.52498	2.64616	1.85405	0.909252	0.406649	0.813256	1.10612	1.56412	2.19646	2.53149	1.96646	1.15008	1.02865	1.49934	0.909276	0.749818	1.46589	1.93247	2.21879	2.42491	2.42497	3.47031	5.08211	4.59464	2.98021	2.36988	2.21879	6.40804	5.663	2.4452	4.8849	5.19347	4.1399	2.18133	1.89801	2.07266	2.75	4.1399	3.91135	1.93247	1.67629	2.95796	2.07266	2.00794	2.52498	3.02411	3.4893	3.21424	2.70167	2.90735	2.75003	2.91303	2.72593	2.18888	1.67622	1.28578	1.56412	2.07274	2.60216	2.92992	2.57023	2.54445	3.29013	2.75003	0.181865	2.3907	3.31506	3.99456	2.36291	1.79055	1.55345	0.655714	0.363727	0.363727	0.909252	0.909276	1.02871	1.02871	0.813291	0.363727	0.514366	1.02865	0.909229	0.5751	1.06035	1.21983	0.9793	1.06035	1.42016	1.54285	1.62625	1.62625	1.42016	1.06035
2.32759	2.62073	3.70376	5.19314	5.67395	10.6163	9.63465																																																																																																																																														0.406606	2.87276	2.68291	0.655655	0.514348	0.406629	0.257161	0.575046	0.771496	0.575046	1.16419	2.29893	1.89789	1.56398	1.32366	1.82692	2.00777	2.12754	2.11979	2.36274	2.39047	1.49919	1.16419	0.655611	0.514348	0.514311	1.45447	2.29903	2.83833	3.12563	2.93534	2.55068	2.82071	3.04539	2.72566	3.81746	4.80333	2.72566	1.87151	3.17767	3.39316	5.73115	4.38585	3.81316	4.62602	4.76212	3.46982	1.16419	1.31105	1.89781	2.77952	3.83034	4.44915	4.303	2.36973	0.771496	2.70145	3.23438	3.48899	3.12563	2.18875	1.96628	2.64591	3.31475	3.17264	3.27475	3.10965	2.7013	1.79036	0.727352	0.406629	0.181847	1.41994	2.36958	2.07244	1.99951	2.18869	3.09373	2.77959	1.71509	0.81317	2.57002	4.53678	2.95774	1.45447	0.363691	0.655611	0.257161	0.749722	0.514348	0.406629	0.181847	0.406606	0.575022	0.545527	1.10599	1.28563	0.979209	0.909194	0.575046	0.406606	0.181847	0.575046	1.06026	0.909194	0.181847	1.06026	1.42004
3.64977	3.63163	2.29879	5.48638	1.81774	6.86678	11.7087	4.14699																																																																																																																																													0.181829	2.36936	2.68266	0.74967	0.514292	0.545473	0.257138	0.574986	0.771413	0.927063	0.406568	1.45433	1.79027	1.7245	1.46565	1.63602	1.7245	2.03211	2.11957	2.27717	2.91243	2.9293	1.41981	0.181829	0.514292	0.514265	1.0285	2.05634	2.92943	3.1253	2.72546	2.12732	2.60159	3.27436	3.31435	4.20989	4.59366	2.03211	3.37822	4.17851	4.07914	3.7387	1.85368	3.31441	3.2186	3.99778	3.21344	1.41981	0.813096	1.2726	2.36941	2.95738	3.89811	4.48178	4.27179	3.17739	2.77341	3.21361	3.4697	3.1253	2.27717	1.9322	2.43808	3.17231	3.31441	3.45059	3.74314	3.41216	2.03202	0.72728	0.545473	0.406568	1.16409	1.87134	1.64608	1.82676	2.03209	2.73144	2.77931	1.89769	0.813096	2.56976	4.22169	3.9979	1.0285	0.813096	0.909049	0.771371	0.97907	0.514292	0.545473	0.406568	0.181829	0.574968	0.406586	0.909073	1.28551	0.909096	0.979107	0.574986	0.181829	0.406568	0.927063	1.28553	1.1059	1.41981	1.28553	1.46567
6.40136	5.10638	4.44821	4.30197	3.0231	3.27413	11.914	9.80334																																																																																																																																													0	1.71467	2.42422	1.87126	1.56367	1.28541	0.92698	0.545424	0.514246	0.655493	0.574935	1.28541	1.38441	1.1058	0.655493	0.92698	0.979019	1.14975	1.10578	1.21943	2.43776	2.72508	2.00738	0.979019	1.09075	1.85351	1.79011	2.03193	1.95747	1.16404	0.771344	1.1058	2.82019	4.44821	4.71647	4.89701	3.81674	1.27249	4.50672	4.82957	4.38878	2.7008	1.09075	1.81748	2.1882	3.33873	2.87224	1.67574	1.09075	0.813023	1.31081	1.14972	0.813023	1.81748	4.73022	4.86673	1.85348	0.363622	0	0.908968	1.06	0.181813	0.406549	1.64593	2.42422	2.93466	4.03015	3.85093	2.21815	1.09075	1.32341	1.06005	0.92698	1.28537	0.92698	1.28541	1.67578	2.18825	2.07206	1.79004	1.93192	2.957	0.749584	3.74278	1.82657	1.56359	0.574916	1.38435	1.4655	1.31088	1.62579	1.62579	1.31088	0.979019	1.06005	0.909015	0.406532	0.771344	0.908991	0.813023	0.363622	0.545424	0.771302	0.92698	1.10578	1.67572	0.92698	0.979019
6.1096	4.22093	5.55916	5.28509	2.77278	2.95685	8.67639	10.9542	8.45914	3.74244																																																																																																																																													1.6458	1.87109	1.72419	1.64578	1.38423	0.406513	0.5142	0.181797	0.926897	1.64578	1.38428	0.908933	0.181797	0.574883	0.908933	1.14965	1.78988	2.47111	1.95722	0.978894	1.72419	2.36198	2.43754	1.85335	1.89735	2.12694	1.81741	1.32329	0.771274	1.27237	3.50664	5.55916	5.08984	4.71953	2.8721	2.84318	5.26959	5.08008	4.63537	2.47114	1.49878	2.3268	2.44428	2.82573	2.36894	1.46537	1.49878	1.3107	0.81295	1.14961	1.3107	1.3107	3.73804	4.86629	2.76685	0.81295	0	0.655434	1.0599	0.406495	0.749517	1.28529	2.424	3.17165	4.78828	4.36214	2.47111	1.49878	1.46539	1.05996	0.574883	0.771233	0.574883	1.05996	1.55292	2.38976	2.53045	2.03166	2.70054	2.70054	0.406513	2.60112	3.41155	2.58201	0.574865	1.87101	1.67559	1.49882	1.62564	1.62564	1.49882	0.908933	1.28529	1.1057	0.908886	0.771274	1.10568	1.3107	0.81295	0.406513	0.257091	0.574883	0.90891	0.908886	0.574883	0.908933
2.97861	1.46525	5.59365	3.8587	3.10846	3.1713	3.10312	7.8898	10.5004	8.48294																																																																																																																																													0.545316	0.749455	1.28516	2.07165	1.96541	0.181777	0.257078	0.406452	1.02815	1.4194	0.574803	0.181777	0.908835	1.41948	1.67547	1.87089	2.00697	2.58173	1.67538	0.545316	1.28516	3.00613	2.87168	1.21919	0.978789	1.05979	0.574821	1.28516	1.41948	1.85315	3.74204	5.18464	3.48743	2.99518	2.11896	3.61702	5.18464	4.62425	4.30113	2.73064	1.46523	2.05564	2.43728	2.92846	2.70025	2.00697	2.36875	2.18784	1.78976	1.89715	2.18028	2.56902	4.00902	4.41773	2.84287	1.49862	1.46525	2.18789	2.92859	2.843	1.05984	1.6456	2.54968	2.93409	4.62425	4.39163	2.77248	1.6254	1.09053	1.14953	1.02821	1.14953	0.812897	0.406452	0.749436	1.67538	2.27642	2.2103	3.2885	3.63069	2.18028	0.727071	4.31256	3.74204	0.727071	1.93154	1.67538	1.02815	0.978789	1.46523	1.49865	0.749455	1.28511	0.908812	1.82623	1.93164	1.95708	1.09053	0.727071	1.02821	0.908835	0.655396	0.545316	0.406452	0	0
2.72429	2.60061	4.88213	0.363518	2.91134	2.03128	1.817	5.08888	9.19019	10.8495	6.41965																																																																																																																																															2.52995	2.72429	0.406415	0.257055	0.181761	1.02806	1.16365	0.574751	0.655305	1.10548	1.46512	1.71426	1.87073	1.38401	1.56314	1.93137	1.21908	1.64546	2.52995	2.36847	1.46505	0.749369	1.0597	0.926714	1.05975	1.46512	1.85298	3.50595	4.17694	2.21752	2.18008	2.11877	2.95621	4.17694	3.60301	3.3378	2.73039	1.21913	1.02806	1.95683	3.4253	3.97982	2.87145	2.36854	2.03132	1.89698	1.78959	2.18008	3.2882	4.00867	3.31311	2.12645	1.95683	1.82607	2.27632	2.83696	3.17112	3.00586	3.00586	2.36156	2.24708	3.60301	3.8838	3.02223	1.62525	0.812824	1.14942	1.02811	1.14942	1.09044	1.16365	0.978701	0.908707	1.55256	1.817	2.56879	3.63036	3.90911	1.62525	4.07761	4.4616	0.727006	1.67523	1.93137	1.02806	1.71418	2.03128	1.3105	1.32299	1.79871	0.655337	1.46512	1.96533	1.81705	1.09044	0.727006	1.02811	0.978738	0.749388	0.406433	0.181761	0	0
4.54865	4.58807	3.34736	1.49835	2.18745	2.68153	2.5814	2.24694	4.23504	9.07033	9.99196																																																																																																																																															2.21732	3.08661	1.14928	0.726941	1.46499	2.07134	1.89681	1.31039	0.726941	0.908625	0.771011	0.5747	0.406379	0.181744	1.0596	2.07126	1.87047	1.72364	2.03108	1.81679	1.21897	0.97865	1.49835	1.81679	2.12633	3.17606	3.02211	2.92798	2.83655	1.46495	1.78943	2.21743	2.36833	3.33255	3.27281	2.84236	1.62511	0.812751	2.12633	2.77801	3.56606	4.02864	2.83655	1.81679	1.46492	2.00661	2.52982	3.04378	3.28791	3.10257	2.47043	2.00661	2.07128	1.38383	0.908625	0.181744	2.52319	5.0269	4.80064	3.44427	3.78947	4.72858	4.35348	3.46797	2.18745	1.67517	1.96515	1.71411	0.908672	0.812716	1.31032	1.14928	0.749302	1.16355	1.16355	1.21897	3.08661	4.47951	2.21732	2.84236	4.66228	2.956	0.92665	1.64531	2.27611	2.20995	1.46492	0.257018	1.27201	2.56856	2.36139	1.38389	0.92665	0.771053	1.21897	0.812716	0.655279	1.10538	1.14932	1.31039	1.67517	1.67517	1.41922
4.23481	4.10505	1.81669	1.09022	1.67499	2.58112	2.58112	1.96494	1.41899	5.07823	11.5084																																																																																																																																																2.84206	2.11825	1.62493	1.82571	2.07111	1.78924	1.31024	0.726863	0.655176	1.28474	0.574638	0.181725	0.406335	1.05949	2.07103	2.368	1.72345	1.78917	1.31018	0.54516	0.908575	1.95645	3.34695	3.31245	3.33727	2.95573	1.95652	1.31018	0.978544	1.67499	2.18726	1.87036	2.60007	3.52393	3.08628	0.726863	1.49819	2.54896	2.77772	2.72986	2.77169	2.32588	2.32588	2.21708	2.87088	3.09168	2.93335	2.56828	2.64405	2.6995	2.00639	1.64513	0.926531	0.655176	0.406335	3.27246	6.24129	5.45031	3.4439	4.05675	4.72808	3.70137	2.91078	2.03092	1.71392	1.93109	2.03092	1.10527	0.363446	0.812629	1.14916	0.978508	1.41899	1.41899	1.46476	3.82771	3.98317	1.46476	1.27187	3.63416	3.82778	1.72345	1.05954	2.18726	1.81669	0.406352	0.770928	0.978544	2.11835	2.74792	2.00639	0.92655	0.77097	0.54516	0.363446	0.74924	1.27187	1.1492	1.49822	1.71392	1.71392	1.46483
0.90847	1.45336	0.545111	1.05944	2.36093	2.69937	3.4674	4.50438	4.28062	2.69937	9.05439																																																																																																																																																2.24644	3.0914	3.56546	3.67435	3.2723	2.29726	1.02782	0.513923	1.09012	2.0307	1.55217	1.67484	1.87019	2.24649	2.72358	2.24644	1.16332	1.38356	1.28465	0.574605	0.574586	3.9164	6.53568	5.89519	4.23054	3.33205	2.27566	0.908493	0.256967	0.749154	0.812591	1.31013	2.20947	3.27216	2.82436	0.406316	2.11806	2.11806	1.78901	2.24644	2.9274	3.08607	3.63383	3.81027	3.81456	2.72961	1.28467	1.28465	2.19448	2.36779	1.56269	1.05939	0.406298	0.655149	2.24649	3.87852	5.97722	4.99981	1.81644	2.32567	2.72351	1.67478	1.89638	1.38356	0.545111	0.655149	0.770859	1.67484	2.97765	3.23189	2.61889	1.62486	1.32261	1.41887	1.41887	3.99514	3.42432	1.71377	2.31159	1.82555	2.36084	3.67435	4.21889	3.04318	1.05944	0.181709	1.14906	0.97842	0.181709	1.71369	2.0307	1.55217	1.05944	0.574605	0.256967	0.749154	1.14906	0.726798	0.812556	0.406298	0.406298	0.363413
0.655091	1.45323	0.978333	2.07069	2.74742	2.72341	3.74044	4.63294	4.64702	3.16993	4.75813	8.57286	5.27594	1.62464																																																																																																																																															3.33667	3.67402	3.66951	2.90459	1.45323	0.513877	1.49792	2.24624	1.67467	1.71362	1.87002	2.38843	2.54851	1.32253	0.406262	0.926365	1.28454	0.926365	1.56255	6.23237	7.96939	5.62321	4.10432	3.61545	2.91026	1.67463	0.77079	0.978333	1.09003	1.49796	1.81632	2.52247	2.31126	0.545062	2.11787	2.11787	2.03049	2.93272	3.3464	3.27194	3.82709	3.99487	3.45277	2.07074	1.05935	1.28454	2.19429	1.86994	1.56255	1.0593	0.181692	1.55198	3.10701	3.27194	4.47823	4.74436	2.32546	1.81627	1.96449	1.46453	2.12565	1.86994	0.406279	0.749106	0.77079	2.36067	3.16995	3.21119	2.61865	1.62471	0.749106	1.16321	1.16321	3.74027	2.92709	1.89626	2.31138	1.55203	1.10507	3.37586	4.53291	4.18722	1.64484	0.655058	1.14895	0.749087	0.406262	0.978333	1.46455	1.67467	1.28456	0.926365	0.77079	0.978333	1.14895	0.726732	0.363381	0.181692	0.181692	0.363381
1.93053	1.10495	1.55181	2.59933	2.20904	1.46439	2.19405	1.63462	2.99347	3.34604	3.44291	7.96053	8.83318	6.01699																																																																																																																																															0.926265	1.63462	3.04249	3.00441	1.64466	1.72301	2.38817	2.90428	2.20908	1.46439	0.926265	1.67442	1.54114	0.181673	0.406236	0.726654	0.978227	1.05918	2.21644	7.31035	7.6993	2.68036	0.926285	2.27511	2.61824	2.21644	1.28437	1.21849	1.14883	1.32235	1.82517	2.38814	1.21849	1.45307	2.20904	1.62446	1.81608	3.34599	3.34599	2.32521	2.72298	3.00441	2.46946	1.54114	2.12549	3.00453	2.77692	1.46439	0.908267	1.32239	1.41866	1.72296	2.58025	2.19405	3.57841	4.72659	2.92678	1.62446	1.62446	1.21849	1.96428	1.95588	0.908314	0.406236	1.41859	2.12542	2.20908	1.81617	1.32239	0.574473	0.749025	1.08991	0.654988	3.00441	3.09077	1.72301	0.65502	1.55181	2.19405	1.96428	1.95588	4.45945	2.59933	1.10493	1.32239	1.81617	1.96438	1.71343	1.30987	1.08991	1.14883	1.49776	1.81612	2.03034	2.07052	1.71343	1.41866	1.16315	0.908314	0.406236
2.38796	0.908232	1.32223	2.36016	1.81596	2.03012	2.19385	1.21843	2.9932	3.78753	3.12233	6.42375	9.20059	6.36286	5.83811	6.14217	5.84922	4.72631	3.16923																																																																																																																																											1.21843	3.27125	3.48984	1.2843	1.56233	2.24585	2.90402	2.54153	2.03012	1.38316	1.93026	1.541	0.406182	0.544955	0.726589	0.748939	1.05909	2.46921	7.56136	7.69862	2.68012	0.926201	2.52197	2.61801	2.46921	1.79767	1.46421	1.14873	1.55167	2.46924	2.18637	0.748939	2.29653	1.81596	0.726589	1.30969	3.85614	3.85614	1.81591	1.9641	2.5285	2.69848	3.59182	3.31121	3.00426	2.36723	1.21843	0.406182	1.16304	1.46428	0.926201	1.56225	2.19385	3.33094	4.72617	3.42334	1.62432	1.62432	1.46421	1.7132	1.49762	0.978176	0.748939	1.16298	1.10485	1.95578	1.95578	1.16304	0.574421	1.32223	0.812358	0.181656	1.64451	2.72885	1.72286	0.748958	1.32223	2.19385	2.72273	0.812358	4.7019	3.33094	0.908209	1.16304	1.81601	1.93036	1.67436	1.30975	0.812358	1.14873	1.95571	2.20884	2.18639	2.07034	1.67436	1.46428	1.21843	0.978176	0.748939
2.35995	1.28414	1.28417	1.71304	1.02738	1.81575	1.85171	1.67421	2.59889	2.83493	1.49753	2.9263	6.02645	3.48953	2.95425	3.40876	5.75333	8.00963	9.19825																																																																																																																																											0	2.83493	3.42303	1.10475	0.654903	1.14862	1.95553	2.17864	2.92634	2.99301	3.31097	3.21535	2.68	2.19374	1.67419	1.14862	1.30957	2.61777	7.94884	7.72717	1.81575	1.08971	2.11726	2.3248	2.61777	2.11726	1.71304	1.41833	1.95553	2.59886	1.21827	1.96393	3.16892	2.20868	2.18624	2.36004	3.73923	3.60062	1.46408	1.55153	2.12504	2.92625	4.75677	3.60062	1.28414	0.574388	1.27128	1.45281	1.10475	0.406163	0.18164	0.65487	1.89566	3.48953	5.1301	3.88123	1.55153	1.16288	1.32211	1.85171	1.49749	0.748872	1.05899	1.28414	0.748891	0.978088	0.926099	0.25687	0.926118	2.07015	2.18624	1.81585	1.55159	2.2747	2.43545	1.95561	2.12511	2.18617	1.93009	1.79761	3.65042	2.84074	2.07018	2.21616	1.54094	0.726524	0.908128	1.7227	1.67421	1.85175	2.56705	2.54776	2.42197	2.59897	2.56714	1.93019	0.654903	0.51373	1.16288
2.59858	2.823	1.28403	0.977947	1.02727	1.30943	1.14854	1.71294	1.99702	1.30943	1.49736	2.54103	3.7388	3.00355	3.61392	4.71496	5.37817	7.47667	9.10672	10.5141																																																																																																																																												2.92594	1.27114	0.74881	1.1485	1.49733	1.62407	2.64261	2.99269	3.16868	3.215	2.86933	2.42171	2.18594	2.11703	1.81556	2.61749	8.44903	7.72635	0.363237	1.49733	1.1485	1.81556	2.61749	2.11703	1.96372	2.18589	2.43518	2.3597	0.544847	2.7222	3.89348	2.54103	2.21592	2.27456	2.59861	2.57951	1.21814	1.32197	1.89546	3.42266	5.01045	3.60024	1.79732	0.926	1.10463	1.45266	1.27114	0.748791	0.406102	0.181621	1.27114	3.98089	6.14593	4.38787	1.32197	0.406102	0.74881	1.85152	1.95532	0.977947	1.05888	1.79732	1.32197	0.908053	0.574327	0.256842	0.926019	1.79742	2.21592	1.81565	1.67401	3.52191	3.92283	2.20844	2.02978	1.67401	0.406102	2.06993	1.63415	1.27114	2.06995	2.18601	1.85155	1.624	2.02969	2.00526	1.71294	1.85155	2.56677	2.35974	2.19351	2.52159	2.56686	2.38749	1.55137	0.513675	1.41818
4.56305	4.9445	2.54728	1.28392	1.05878	0.907948	1.16271	1.05883	0.256819	1.28396	1.10453	1.14843	3.27036	3.48889	3.8423	4.70056	1.10453	0.406065	3.37405	10.5563																																																																																																																																												2.52778	1.64404	0.907948	1.0895	1.45253	0.726381	1.16265	1.5618	1.71271	1.46379	1.28389	1.5618	2.06966	2.36643	2.19322	2.76985	8.33564	7.76307	0.574275	1.46379	0.907925	1.5618	2.18569	1.85135	2.54728	3.45108	3.46531	2.90319	1.71279	2.52125	4.10212	2.4685	1.10453	0.977895	1.72231	2.35948	1.0895	0.654741	1.38277	3.77339	5.38346	3.59079	1.81539	1.21803	0.256833	1.28394	1.64406	1.72231	1.05878	1.05883	1.21809	3.48412	6.41412	4.78324	1.21803	0.256819	0.574275	1.89529	1.95515	0.513629	1.0895	2.43497	1.92971	0.748743	1.62392	2.44183	3.0034	2.67947	1.92981	1.30938	1.27103	4.02554	3.85504	2.0296	2.97594	2.92581	2.12469	1.64404	1.05883	1.56188	2.06977	2.18581	1.67386	1.28389	2.3665	3.57724	3.72108	2.57941	1.64404	1.05878	1.05883	1.38282	0.977895	2.11684	2.02951	0.748743	1.62385
4.89432	5.57625	3.52133	2.19303	1.05869	0.654715	1.21798	1.05874	1.28378	1.64391	1.46369	1.85118	3.08402	3.91381	3.61327	4.45738	0.90789	1.16254	3.88012	10.3075																																																																																																																																												2.0695	2.0695	1.10441	0.812052	1.4524	1.62371	1.41793	1.56166	1.96336	1.21792	0.770348	1.56166	2.06947	1.86886	2.19303	3.01936	7.58408	7.76238	1.86886	1.21792	1.67364	1.56166	1.41793	1.14833	2.1245	3.45077	3.66736	2.90293	2.02939	1.32173	4.10175	3.22958	1.27091	0.90789	1.72215	2.59812	0.812052	0.181588	0.925834	4.02518	5.89109	3.59047	1.30919	1.46366	1.05869	1.05874	1.64391	2.67911	2.06947	1.05874	1.16261	2.21541	5.90762	5.03555	1.46366	0.770348	0.925834	2.12443	1.49706	0.513583	0.812052	2.92542	2.69744	1.32173	2.17801	2.52114	3.00314	2.86881	2.02942	1.30926	1.10443	3.77305	2.32413	2.24501	2.95351	3.10001	1.96346	1.28382	1.28382	1.72221	2.06958	2.21552	1.46373	0.256796	1.86895	3.48399	3.77325	2.86881	1.05874	0.25681	1.05874	1.3827	1.46369	2.11666	1.78782	0.654715	1.62371
3.22924	4.97307	3.81156	2.8164	1.81508	0.406003	0.574162	0.574162	1.38249	2.19288	2.24476	1.14817	3.44565	3.48821	3.57637	3.73336	2.64185	5.36137	8.03646	9.77079																																																																																																																																												1.32159	2.18531	2.06933	1.46357	1.4969	1.95476	1.82412	2.00467	2.42096	1.72197	0.770265	1.28364	1.86866	1.72197	2.19279	3.17284	6.97384	7.27969	3.63106	2.52087	2.5403	1.99645	1.82414	1.96325	2.52087	3.62653	3.64455	1.45224	1.14821	2.27391	4.01257	3.32934	1.14817	0.654644	1.72197	2.67882	1.21785	1.92943	2.52087	4.13317	5.72247	3.77265	1.82412	1.81508	0.654612	1.55098	2.81648	4.17263	3.99218	3.42185	3.59027	3.90513	5.27236	3.72015	2.19288	3.26981	3.64914	3.80734	2.24471	0.574143	0.770307	2.44122	2.83962	2.00467	2.38677	1.85102	1.32163	0.907746	1.14821	1.92943	2.67894	3.66696	1.27078	1.78763	1.16248	0.748576	1.41785	2.52087	2.59794	2.19288	1.71245	1.71245	2.06933	2.02917	2.20781	2.35911	1.71245	1.02697	1.49694	1.6236	1.81513	1.96325	2.00469	2.06928	0.770265	1.55098	2.02917
2.46779	4.4748	3.81122	2.59763	2.20757	1.46337	0.57411	0.57411	0.57411	2.19268	2.02902	2.11624	4.02447	2.4208	4.32238	2.76313	3.64422	7.27916	8.83287	6.88714																																																																																																																																														2.06915	1.82398	1.95459	1.49676	1.63353	2.00449	2.42075	2.67858	1.28352	0.770196	1.38237	1.72181	2.1926	3.17256	6.47266	6.06656	3.46435	2.44113	2.20761	1.82398	1.99627	2.24456	2.59771	3.62621	3.26441	1.45211	1.85082	2.3589	3.13094	2.59761	1.14807	0.748528	1.72181	2.67858	1.63353	2.02902	2.59771	3.28444	4.72347	4.02439	2.46782	1.4968	1.16232	2.38655	3.26945	4.17226	4.16834	3.57161	3.58995	3.90478	3.62621	0.907665	2.19268	3.20872	3.73757	4.79559	3.89202	0.574092	0.770238	1.16232	2.12401	2.00449	2.18512	1.85086	1.16238	0.405949	1.14811	2.02902	2.86825	2.74531	0.977615	1.1042	1.21774	1.21768	2.18512	2.59771	2.52064	2.06917	1.6734	1.6734	2.06915	2.18513	1.95466	2.27371	1.8948	1.02688	1.309	1.62346	1.81497	1.92925	1.72187	1.64357	0.770196	2.38655	1.7123
2.05292	4.10058	3.58944	2.05292	2.05292	2.05292	0.513435	0.513435	1.02679	1.53998	1.53998	3.58944	3.58944	0.513435	4.61106	2.05292	3.58944	7.15092	6.64488	2.56553																																																																																																																																														1.02679	1.53998	2.05292	1.02679	1.02679	1.53998	2.05292	3.07773	1.53998	0.513435	1.02679	1.53998	2.05292	3.07773	6.1378	5.12081	2.05292	0.513435	1.02679	1.02679	1.53998	1.53998	1.02679	2.56553	2.05292	2.05292	2.56553	1.02679	2.05292	2.05292	1.02679	0.513435	1.53998	2.56553	1.53998	1.02679	1.02679	2.05292	4.10058	4.10058	2.56553	0.513435	2.05292	2.56553	2.56553	3.07773	3.07773	1.53998	0	1.53998	1.53998	0.513435	1.53998	0.513435	1.53998	4.61106	4.61106	1.02679	0	0.513435	1.53998	1.53998	1.53998	1.02679	0.513435	1.02679	1.02679	1.02679	1.53998	1.02679	1.02679	0.513435	0.513435	2.05292	2.56553	1.02679	0.513435	0	0	0	1.02679	1.53998	0.513435	0.513435	1.53998	2.05292	0	0.513435	0.513435	0	0.513435	1.02679	1.53998	2.56553	0
3.08812	4.18313	2.92426	1.71188	2.02855	2.54605	2.36541	2.21465	1.62314	0.811697	1.78712	2.95219	2.92431	3.58925	4.18318	0.544535	5.88888	8.30869	6.01166	2.12359																																																																																																																																														0.925469	1.67301	2.24406	1.64327	1.63321	1.89437	2.19216	3.00183	2.00409	1.32125	1.46311	1.72148	2.19216	3.26871	6.15826	5.14567	2.02853	0.977422	1.27041	0.748362	1.21744	1.72148	1.56104	3.32838	2.92431	2.92435	3.63002	2.92999	3.28379	2.92426	1.30868	0.907509	1.89437	2.92989	2.54603	2.99097	3.57091	4.1321	5.08204	4.58579	3.26878	2.11592	2.90745	3.44467	3.62549	4.0033	4.05204	2.53957	1.67307	2.42033	3.17193	3.21316	5.47115	5.27724	2.82153	3.59818	4.38165	1.81456	0.726029	0.977386	1.72148	1.3821	1.16209	1.08897	1.14788	1.46313	1.72153	2.12367	2.64109	2.83893	2.52015	1.96269	1.96269	2.17716	2.27316	1.05827	0.573979	0.405886	0.513408	0.513408	1.14784	1.62307	0.726029	0.748381	1.64325	2.36534	1.46315	0.654457	0.573997	1.05832	1.67307	2.35843	1.72153	1.67298	1.16215
3.4869	3.51964	1.49633	0.977299	1.463	2.12348	2.36519	2.18456	1.62299	0.811624	2.02835	1.67283	1.81445	3.73213	2.72054	2.97408	8.10284	8.09696	3.8231																																																																																																																																																	2.02837	1.64312	1.82343	2.1234	2.19197	2.52633	2.00391	1.463	1.67286	1.72132	2.19197	3.51958	6.15771	5.14521	1.78696	0.907451	1.1039	0.40585	0.544486	1.72132	2.5778	4.57104	3.34287	2.64086	3.46336	3.0397	4.13162	4.42208	1.81435	1.10388	2.1234	3.16648	3.16651	3.62517	3.78439	4.13173	4.70839	3.99066	3.08254	2.11573	2.74452	3.26851	3.62517	4.00294	4.48087	2.92405	1.71181	2.19206	6.18399	6.28804	5.37462	5.83864	4.17107	1.5609	3.64762	2.20694	1.62292	1.71172	1.72132	0.925386	0.405832	0.811659	1.14778	1.32113	1.56098	2.02844	2.43368	2.7684	2.44043	1.9287	1.9287	1.62299	1.55034	1.05818	0.573927	0.544486	0.513362	0.513362	1.14774	1.62292	0.725964	0.654398	1.2832	2.00393	1.82345	0.907428	0.573946	1.2832	1.78703	2.27306	1.72138	0.1815	1.21739
2.36487	2.72624	2.02823	1.08878	0.811586	1.1038	0.907347	0.405814	0.977211	1.45157	2.54559	2.52619	2.24372	1.63292	1.67268	6.30546	9.09961	5.66273	0.811552																																																																																																																																																	1.46282	1.10378	1.64295	2.36491	2.74424	2.69592	1.7868	1.14764	2.05233	2.29435	2.20674	2.97382	5.37084	5.37996	2.90691	1.05808	1.41719	1.53962	0.748228	1.86779	3.01764	4.1312	3.26822	3.32794	3.34265	2.81517	4.87476	6.06166	3.87382	3.64745	3.61132	3.2682	2.92936	3.17136	2.86708	3.99031	5.08117	4.13136	2.81517	1.28311	1.72117	2.02819	2.90691	3.80557	5.08113	4.35103	1.86788	1.86779	7.40797	6.5176	1.3819	2.57757	3.87374	3.482	3.26822	1.85012	1.81419	2.46687	2.06831	1.05813	0.769948	0.769948	0.573894	0.405796	0.181484	0.573894	0.977247	1.14767	1.14767	0.90737	0.654339	0.513316	0.811552	0.907323	0.654307	0.513288	0	0.181484	0.769906	1.27018	1.81429	1.92853	1.78687	1.85016	2.18431	2.12329	1.96234	1.55025	0.907347	0.654307	1.41711	0.925303	0.977247
0.925203	2.06815	2.95139	1.49604	0.811499	1.27005	1.10366	0.544379	0.748147	1.02644	2.12306	2.52592	1.96213	1.21715	2.95134	8.98591	8.86452	3.34221																																																																																																																																																		1.21709	0.907249	1.28295	2.00354	2.95139	3.40533	2.02795	1.14751	3.07652	3.24261	1.81404	1.71139	3.6469	4.92415	3.9569	3.08716	1.99531	1.84996	1.96203	2.36461	2.76772	2.11522	2.46673	3.26794	3.09791	2.69573	5.09654	6.51448	4.02258	3.73577	3.32758	2.4667	2.24342	3.17102	3.80938	5.44255	5.42766	3.73139	2.43995	1.64279	1.72098	1.46271	2.38544	3.30777	4.70747	4.90097	3.12943	4.38411	6.66418	4.22853	1.38176	0.573814	2.21402	3.46275	2.46673	1.14755	1.3083	3.22739	2.52583	1.05802	0.769865	0.769865	0.573833	0.181464	0.405753	0.573833	0.907272	1.14755	1.14755	0.977142	0.748166	0.513261	0.362925	0.654237	0.907226	0.513233	0	0.405753	0.256622	0.977142	1.81409	1.96213	1.89389	1.84996	2.02801	2.02804	1.92832	1.41704	0.654269	0.907226	1.16175	0.573833	0.907272
0	0.513187	3.07624	1.53923	0.513187	1.02629	1.02629	0.513187	0.513187	0.513187	0.513187	1.02629	0	0	3.58771	10.1563	8.15568	1.53923																																																																																																																																																		1.02629	0.513187	0.513187	1.02629	2.56429	3.58771	2.05193	1.02629	3.58771	3.58771	1.02629	1.02629	2.56429	4.0986	4.0986	4.0986	2.05193	1.53923	2.56429	2.56429	2.56429	1.02629	0.513187	0.513187	1.02629	1.02629	4.60884	6.13486	2.56429	1.53923	0.513187	0.513187	1.53923	3.07624	4.0986	5.62705	4.0986	0.513187	0.513187	1.53923	1.53923	0.513187	1.02629	1.53923	3.07624	4.0986	3.58771	5.62705	6.13486	3.07624	0.513187	0.513187	1.02629	0	0.513187	0	1.02629	3.58771	2.56429	0.513187	0	0	0.513187	0	0.513187	0.513187	0	0.513187	0.513187	0.513187	0.513187	0	0	0.513187	1.02629	0.513187	0	0.513187	0	1.02629	0.513187	0.513187	1.02629	1.02629	1.02629	0.513187	0	0.513187	0.513187	1.02629	1.02629	0	0
2.52547	1.56032	2.57683	1.2827	1.21693	1.49581	1.89355	1.72073	1.28272	0.748032	0.748013	1.16155	0.181432	0.256589	5.12109	10.9153	7.18738	1.21688																																																																																																																																																		0.976931	1.0262	1.63245	2.06778	2.59591	3.26719	1.92787	1.16155	2.86623	3.46202	3.03856	2.36426	3.00043	4.16941	4.07023	4.31953	2.2721	1.16155	2.1226	2.90044	3.64185	3.03856	1.79555	1.72073	2.59597	2.76141	4.75139	5.92181	2.59589	1.38145	0.181432	0.811354	1.89349	3.17046	3.97677	5.67544	4.53707	1.10346	0.40568	1.30807	1.46243	1.28272	1.4624	1.81367	3.26719	4.02173	3.48082	5.12425	5.67544	3.66421	2.02765	1.21688	1.54975	1.46247	1.78636	1.30813	1.08846	3.07597	2.61477	0.181432	1.05783	1.05783	0.976931	0.36286	0.725691	0.544281	0.256576	0.40568	0.36286	0.748032	0.976967	1.16161	1.28274	1.05783	0.748013	0.405697	0.769727	0.405697	0.544281	1.2827	0.405697	0.654119	0.769686	0.976931	1.14731	0.748013	0.256576	0.748013	0.725691	0.654119	0.907087	0.90711	0.769727
2.61449	2.76101	0.811232	2.1835	2.21338	1.62221	1.96156	2.466	2.24284	1.53901	1.46229	1.67205	0.654082	0.513086	8.93362	11.8871																																																																																																																																																				0.725613	1.7861	2.43912	2.00295	2.35704	2.69486	1.62214	0.906966	1.82257	3.16508	3.95588	3.84261	4.18079	4.7612	4.88627	5.78827	4.61518	2.69498	0.811267	1.28258	2.86604	3.9724	3.82133	2.57669	2.35704	2.92268	4.73718	5.04045	2.29345	0.924938	0.513086	0.747952	2.02739	3.48517	3.66822	4.77823	5.06952	4.62583	4.35319	3.34139	2.06758	2.38476	3.64146	4.26212	4.71998	4.36055	3.51794	4.06979	4.24276	3.00011	2.36394	2.21327	2.12238	1.46229	1.54964	1.71098	2.02746	2.38472	1.79526	1.08835	0.924958	1.10337	1.6423	1.14722	0.811267	0.181412	0.747933	0.405654	0.256548	0.513113	1.02614	1.46231	1.53901	1.41663	0.907013	0.573668	0.976862	1.78617	2.35708	2.35708	2.06758	2.191	2.11471	2.191	2.24284	1.84943	1.26968	1.16142	0.924938	0.362821	0.976862	1.56023	1.53901
3.80804	2.00277	1.38118	1.67194	1.84923	0.811159	0.362789	1.32034	1.46214	0.976775	1.28244	1.72034	0.573617	1.56001	11.4894																																																																																																																																																							3.24139	2.61426	1.81331	2.11442	1.21664	0.256539	0.906931	1.08825	1.95291	2.63927	3.60947	3.90969	3.80802	4.91573	4.34894	2.98899	2.02725	1.05762	0.256539	1.05762	2.24264	1.84923	1.14708	3.34091	3.918	3.51757	1.67188	0.51304	0.653991	0.906885	1.30781	3.85064	3.85064	2.83113	2.74295	3.87624	4.2426	3.72999	2.97254	3.5177	4.34894	4.19996	3.82091	3.26662	2.77264	3.40405	3.72982	3.16467	2.92795	2.43218	1.81331	0.811159	0.362789	0.405617	1.63213	1.82241	0.573617	0.906931	1.81341	2.02727	1.67194	0.811194	0.362789	0.811159	0.747866	0.256539	0.573598	0.4056	0.4056	0.573598	0.256539	0.405617	0.725548	0.906931	2.02725	2.29332	1.95298	1.5495	1.67196	2.27175	2.1908	1.89318	1.99456	1.82239	1.6719	1.86689	1.28242	0.906885	1.30781	0.654023	0.769576
2.05115	0.512994	2.05115	1.02591	2.05115	1.02591	0.512994	1.02591	1.02591	0.512994	1.02591	1.53865	0.512994	2.05115	12.1278																																																																																																																																																							3.07509	3.07509	2.05115	2.05115	1.02591	0.512994	0	1.02591	1.53865	2.05115	3.07509	3.07509	2.56333	3.58636	3.07509	2.05115	1.53865	0.512994	0.512994	0.512994	1.02591	2.56333	0.512994	4.09706	4.09706	3.07509	1.53865	0.512994	0.512994	1.02591	1.02591	4.09706	4.09706	2.05115	0.512994	0	0.512994	1.53865	0.512994	2.05115	3.07509	2.56333	2.05115	2.05115	2.05115	3.07509	3.58636	3.07509	2.56333	2.05115	1.53865	0.512994	0	0.512994	1.53865	1.02591	0.512994	0.512994	0	0.512994	0.512994	0	0.512994	1.02591	0.512994	0	0.512994	0.512994	0.512994	0.512994	0	0	0.512994	0.512994	1.53865	1.02591	0.512994	0.512994	0.512994	0.512994	1.02591	1.02591	1.53865	1.53865	1.53865	2.05115	1.53865	1.02591	1.53865	0	0
3.87119	2.54386	0.976546	1.8489	1.14686	1.14689	1.4619	1.67161	1.82205	1.32011	1.45058	1.89275	0.976546	3.40338	12.1889																																																																																																																																																							3.33044	3.82005	2.74237	2.36331	1.64185	1.67164	2.18288	2.19037	1.64185	1.28217	2.7721	3.80299	3.9999	4.73583	4.16787	3.4607	2.92184	2.02688	1.86661	1.961	1.78566	1.86652	0.256475	3.40338	4.63841	3.8072	1.86652	1.05736	1.71049	3.11725	3.11725	3.09603	3.16405	3.33059	4.10481	4.22635	4.48125	5.67635	6.52347	6.31944	6.05775	5.71619	5.5079	5.01654	3.97127	3.80299	4.26081	3.84145	3.08547	2.18281	1.32008	0.40552	0.18136	0.573485	1.28217	0.906729	1.49522	1.4619	1.05741	0.405537	0.405537	0.906753	0.811034	0.653862	0.653894	1.30762	1.30762	0.653894	0.256475	0.573485	0.18136	0.18136	0.573504	0.747738	1.46183	1.38091	1.82205	2.59497	2.86525	2.86525	2.99938	3.08023	3.34038	2.90496	2.36333	2.71837	2.59495	1.71049	0.653862	0.906753	0.906753
4.26053	4.53857	1.95242	1.64171	2.19017	2.94955	2.4651	1.89263	2.02667	1.89263	1.82187	2.11382	2.59463	7.91596	12.1994																																																																																																																																																							3.16377	4.70427	3.41747	2.19009	1.2821	0.976495	1.7199	2.2711	1.79468	0.653836	1.08794	2.74217	3.90867	5.49849	6.11312	6.17375	5.43911	3.80702	2.76008	1.7855	1.02576	0.573434	0.181344	1.67142	4.63799	4.70427	2.63852	2.11382	1.71025	0.906672	0.72534	1.3075	3.76819	5.24444	5.75253	6.39018	7.71513	9.05108	9.77875	9.4174	8.34155	7.02784	6.14222	5.61546	5.14108	4.70445	4.88778	4.52781	3.55832	2.59474	1.55964	0.906672	1.14679	1.21634	0.544018	0.810962	1.64171	1.02576	0.906648	0.573453	0.573453	0.573453	0.653836	1.02576	1.46176	1.46176	1.05732	0.747671	0.512921	0.72534	0.405501	0	0.181344	0.747652	1.8487	2.54361	3.62658	3.90032	3.87513	4.10444	4.66971	5.14108	5.90003	6.38254	6.4129	6.71805	6.47312	4.47714	2.05075	1.96083	2.18268
2.21224	3.72843	2.2709	2.99884	2.86471	1.92687	1.84853	1.30732	0.810854	1.14665	2.18237	2.46475	4.53449	10.5048	9.64715																																																																																																																																																								4.58105	5.77428	3.41716	0.362652	0.810889	1.78527	1.16088	0.725275	0.906567	0.769286	0.924508	1.05717	2.36288	3.30529	4.16321	4.43639	2.74188	2.18989	1.55942	0.653777	0.362652	0.181328	0.573383	3.84069	4.38083	2.67528	2.67528	2.00201	2.18249	2.75983	2.75983	2.61341	2.18249	1.67134	2.59448	3.8705	3.64432	3.33002	3.33002	2.86474	1.78534	1.49492	1.49492	1.54892	2.02649	3.09547	3.24018	1.84853	1.14669	0.976408	0.769286	1.26909	0.90659	0.747585	0.906544	0.769245	0.543969	0.747585	0.181328	0.90659	1.41597	1.41597	1.16094	0.810889	0.181328	0.573383	0.256429	0.573401	0.924527	0.573401	0.653745	0.653777	1.55942	2.2708	2.69361	3.32987	2.02645	1.14669	1.30738	1.81273	2.18249	2.99884	4.13575	4.62369	4.85401	4.82705	6.14405	4.73489	1.14669	1.30738
2.05035	3.07388	0	1.0255	1.0255	0.512792	2.05035	1.53805	0.512792	1.0255	2.56232	2.56232	5.11443	11.1392	8.14949																																																																																																																																																								3.07388	6.13017	4.09546	0	0	2.05035	1.53805	0.512792	0.512792	0	0.512792	0.512792	1.0255	1.53805	3.07388	4.09546	2.56232	2.56232	2.05035	0	0.512792	0	0.512792	3.58495	4.09546	2.56232	2.56232	1.0255	0.512792	1.0255	1.0255	0.512792	0.512792	0	2.05035	2.56232	1.0255	0	0	0	0	1.0255	1.53805	1.0255	1.0255	2.56232	3.07388	1.53805	0.512792	0.512792	0	1.0255	0	1.0255	1.0255	0.512792	0.512792	0.512792	0.512792	0.512792	0	0	0	0	0.512792	0.512792	0	0.512792	0.512792	0.512792	1.0255	0	2.05035	2.56232	2.56232	3.07388	1.53805	0.512792	0.512792	0	0	0.512792	1.0255	1.0255	1.53805	3.07388	7.14206	5.62274	0.512792	0.512792
2.92638	1.55912	1.41569	1.31962	0.747438	0.810695	1.81228	1.14643	1.21599	1.64124	2.92627	3.71451	7.36545	11.3712	6.94018																																																																																																																																																								2.7651	6.42838	4.6049	0.512774	0.405385	1.92639	1.67092	0.543862	0.747438	0.405368	0.810729	1.14646	1.4613	1.78491	2.75918	4.08318	3.84007	4.25931	4.25931	2.67487	1.16071	0.362581	0.512746	3.22433	3.80578	3.08433	3.90755	3.9739	3.32937	2.36249	1.89209	1.78499	2.3063	3.36844	4.35026	4.43561	3.26485	2.27045	1.21599	0.769135	1.05701	1.82137	2.53644	2.63784	2.594	2.54289	2.46427	1.46128	0.747438	0.181292	0.512774	0.653616	0.256392	0.769093	0.906389	1.41569	1.86591	1.55919	1.38044	1.31962	0.747457	0.181292	0.181292	0.405385	0.362581	0.362581	0.653648	0.924345	0.924345	0.976215	1.46132	1.16071	1.78491	2.57485	2.57485	2.69305	1.49462	1.30713	1.81237	1.92649	1.55919	1.05701	1.10262	0.976179	1.28169	2.67475	6.78276	6.17178	2.35552	1.78499
9.27647	4.86933	1.46119	0.65359	0.906331	1.08753	1.16055	0.543813	0.543813	1.05687	3.3387	7.59665	11.8445	10.4946																																																																																																																																																									1.84801	7.25257	6.26739	1.67086	1.81221	2.17427	2.02587	1.16061	1.62099	2.02593	1.92632	1.55906	1.08753	1.30695	2.00144	3.27949	4.06691	4.70269	5.31628	4.86936	3.88629	3.16789	2.86392	4.01842	4.75772	4.5334	5.11696	5.36498	4.71655	3.8483	3.51543	3.41635	3.81846	4.85263	5.50535	5.10421	3.73192	3.08406	1.64109	1.02537	1.3195	2.53621	3.98577	4.40574	4.41687	3.47802	1.54848	0.906284	0.924243	0.573219	0.362548	0.405349	0.405349	0.906331	1.53785	1.96009	1.81221	1.30701	1.21588	1.54848	1.78483	1.92632	2.06603	1.92632	1.46122	0.74739	0.5127	0.747371	0.725068	0.65359	1.21588	1.79401	1.89192	2.18926	2.06592	2.18179	2.35531	2.18186	2.05009	2.06603	2.02593	1.55906	1.3195	1.28162	1.26873	1.41549	4.80526	6.50043	5.25484	4.2895
8.81337	6.96906	3.27918	1.81205	1.30689	0.512682	0.653488	0.653488	1.08742	1.44976	4.44928	10.5142	11.8262																																																																																																																																																										0.54376	7.91206	8.03053	1.21577	1.41544	1.82103	1.64091	0.768997	1.1605	2.04991	2.69272	2.57453	1.70954	0.405312	1.05676	1.2157	1.31933	1.71902	2.24087	2.71684	2.86363	2.99771	2.86366	3.48233	3.80513	2.4169	1.89175	1.99304	2.00124	1.55891	1.86557	1.78466	1.82103	2.41682	2.41682	1.64091	1.38012	2.94797	1.16042	0.256346	0.653488	2.71675	3.88571	2.94804	2.12066	1.95151	1.44976	0.362513	0.653488	0.747294	0.810537	0.362513	0.747319	0.976038	0.906249	0.573184	0.256328	0.573159	0.181258	0.362513	1.02528	1.81205	1.92615	1.55891	1.46105	1.2686	1.10241	0.97599	0.573159	0.256346	0.256328	0.906218	1.14625	1.1462	1.1462	1.49438	1.67067	1.10243	0.362513	0.181258	0.747294	0.724996	0.724996	1.10241	1.2686	1.10243	1.92601	3.51494	3.48233	3.26417
7.64353	6.63416	2.56136	0.512599	0.512599	0.512599	0.512599	1.02512	1.02512	1.02512	4.60358	11.1351	11.1351																																																																																																																																																										0	8.14646	8.64814	0.512599	0	1.02512	1.02512	0	0.512599	0.512599	0	0.512599	1.02512	0.512599	1.02512	1.02512	1.02512	1.53747	1.53747	1.53747	1.02512	1.02512	0.512599	2.04958	3.07273	1.53747	1.02512	1.53747	1.53747	0	0.512599	0.512599	1.02512	2.04958	2.04958	1.02512	1.53747	3.07273	1.02512	0	0.512599	3.07273	4.09392	2.56136	1.02512	1.02512	1.53747	0	0.512599	0.512599	1.02512	0.512599	0.512599	0.512599	0	0	0.512599	0.512599	0	0	0.512599	0.512599	0	0.512599	1.02512	1.02512	1.02512	1.02512	0.512599	0	0.512599	1.02512	0.512599	0.512599	0.512599	0.512599	1.02512	1.02512	0.512599	0	0.512599	0.512599	0.512599	1.02512	1.02512	0.512599	1.02512	2.04958	2.04958	2.56136
5.09298	7.77813	5.80471	3.07792	2.61191	2.61191	2.61191	2.92528	2.99713	2.51609	6.73976	12.8064	10.0583																																																																																																																																																										0	7.89851	9.02362	1.46075	1.41516	1.10222	0.81039	0.181224	0.543658	1.02502	1.14603	1.54804	1.64062	1.67038	2.46344	2.18873	1.54804	1.14599	1.21548	1.67032	1.46077	1.71876	1.78431	2.53549	3.62419	3.66458	3.32809	3.09906	2.56122	2.46347	3.16698	3.36718	3.16698	2.77007	2.00087	1.1022	1.46077	3.44389	3.40097	2.7164	2.06544	2.86298	3.458	2.42987	1.49406	0.405215	1.67035	2.18124	2.21109	1.81169	0.975849	0.256296	1.28127	2.18124	2.21109	1.4608	0.975849	0.573073	0.256282	0.405233	0.362445	0.405215	0.181224	0.65337	1.05657	1.05657	0.768805	0.906048	1.10222	0.653403	0.72486	1.1022	0.906048	0.747157	0.543658	0.747157	1.16022	0.906025	0.573073	0.906071	1.21554	1.37993	1.21554	1.26837	0.923979	0.405215	1.16022	2.21098	2.2695	2.36149
3.76537	3.26329	9.31905	10.9584	10.44	8.82559	6.6382	6.31417	6.03402	4.88425	10.2665	14.3307	6.6743																																																																																																																																																										0.181206	7.39017	8.81598	2.3613	1.05652	0.543604	0.572995	0.362409	0.975759	1.49391	1.14588	0.923885	1.08711	1.7186	2.59275	2.36139	2.18104	1.53728	0.57302	0.975711	1.21543	2.04932	2.86284	3.30309	2.91937	2.99685	3.88483	5.01234	6.0661	6.81788	6.67695	6.1324	5.49448	4.35578	3.11463	2.51587	2.56104	3.56945	4.37443	4.21893	3.59227	3.2077	2.74004	1.95086	1.62029	0.747105	1.02499	1.46067	1.86504	2.31939	2.46325	2.2694	1.89121	1.10209	0.57302	1.319	1.02499	0.653344	0.74708	0.405173	0	0.256254	0.181206	0.810305	0.768722	0.923885	0.975759	1.16017	1.49396	1.10212	0.74708	0.74708	0.905959	1.14592	1.41503	1.7186	2.00069	1.7186	1.53728	1.55847	1.67023	1.86504	1.41503	0.747105	0.256254	0.362409	1.41493	2.06511	2.06514	2.53524
6.12902	6.21523	5.08898	8.0677	8.14849	7.4933	4.46605	3.95101	3.20231	2.94697	10.632	12.2774																																																																																																																																																											0.405136	7.14188	7.17781	2.69163	2.81059	1.6403	0.923797	1.46044	1.4938	0.810265	0.724718	1.102	0.57296	1.41481	1.53703	0.810231	0.810265	1.14581	0.975657	0.57296	0.256231	0.923797	1.16005	3.07718	2.46286	0.51248	0.653274	2.30498	3.98395	4.41474	3.58278	2.82804	2.46298	2.1883	1.79314	1.86484	1.41488	0.975657	1.281	1.82032	1.62021	1.84715	2.17323	2.17323	1.81129	0.51248	0.405153	0.923816	1.21524	1.14577	1.53711	2.46298	3.16118	3.33722	2.02493	0.256245	0.405136	0.181188	0.74701	0.724718	0.362373	0.405136	0.256231	0.653242	0.362373	0.810265	0.975657	0.57296	0.74701	1.30631	0.905846	0.572942	0.256231	0.653274	1.02488	1.31886	1.82032	1.67003	1.05641	0.653274	0.51248	0.724718	0.810231	0.362373	0.51248	0.543551	1.55822	1.54768	1.78396	2.76953
3.07158	9.14511	5.61855	0.512407	2.5604	5.61855	2.5604	2.04881	0.512407	2.04881	10.6369	11.6235																																																																																																																																																											0.512407	7.13675	6.1256	0.512407	2.04881	1.53689	1.02473	2.04881	1.02473	0.512407	0	0.512407	0	1.53689	1.53689	1.02473	0.512407	0.512407	0.512407	0	0.512407	1.02473	0.512407	3.58227	3.07158	0.512407	0.512407	1.02473	1.02473	0.512407	0.512407	0.512407	0.512407	1.02473	0	0.512407	0.512407	0.512407	0.512407	1.02473	0.512407	1.02473	1.53689	1.53689	1.02473	0.512407	0.512407	0.512407	1.53689	1.53689	0.512407	0	1.02473	2.04881	2.04881	0.512407	0.512407	0	0.512407	0.512407	0.512407	0.512407	0.512407	0.512407	0	0	0.512407	0.512407	0.512407	1.53689	1.02473	0.512407	0	0.512407	0	0.512407	1.02473	1.02473	0.512407	0	0	0.512407	1.02473	0.512407	0	0.512407	1.53689	1.02473	0	1.53689
4.44693	6.38315	6.20109	3.26234	1.14554	4.73043	5.89385	6.06692	5.38852	6.25574	10.7254	9.99785																																																																																																																																																											0.512352	7.13599	6.38315	0.905692	1.70845	1.81088	1.66966	1.71803	0.653113	1.26787	1.558	1.558	0.975465	1.70845	1.55792	1.15976	0.512352	0.512352	0.512352	0.181153	0.768543	1.86447	2.26871	2.92403	2.36056	1.71808	1.86447	1.54743	0.543444	0.653146	1.14558	1.14558	0.653146	0.572847	1.4146	1.30612	1.10179	0.905692	0.724575	1.10177	0.975465	1.44892	2.02449	1.81995	1.08679	0.724575	0.746882	1.28074	1.81995	1.31857	0.572829	0.256195	1.05615	1.78354	2.1728	2.21022	2.06463	1.558	0.905715	0.181153	0.653146	1.14558	0.405073	0.653146	0.810106	0.405056	0.572829	0.405056	0.362302	1.4602	2.36067	2.96855	2.51511	0.975465	0.543444	1.10179	1.08679	0.653113	0.572829	0.256181	0.572847	0.923634	0.746863	0.362302	0.512379	0.724575	1.30606	0.810071	0.405073	1.37933
3.48004	1.61967	4.17446	4.04366	2.35346	1.28065	3.84535	3.84535	3.11341	4.56214	8.5713																																																																																																																																																												0.40502	6.45797	7.04926	1.54723	0.975341	2.36035	2.18007	0.40502	1.46009	2.41527	2.1115	1.92484	1.89047	2.35346	2.38114	2.36041	1.46005	0.405037	1.41448	1.95858	1.66957	1.05606	1.44879	2.4287	1.55778	1.54723	1.31848	1.02459	0.746796	0.746796	0.746815	0.543395	0.512333	0.923533	0.653055	0.405037	0.905587	0.768433	0.36227	1.15972	2.31848	3.32649	3.94988	3.32159	2.30432	1.86431	1.81082	1.71793	1.26775	0.40502	0.543395	0.512333	0.975341	1.02453	1.05611	2.31848	2.81564	3.08176	3.33632	3.33632	3.22174	2.69089	2.42881	2.31848	2.02435	1.46002	0.572778	0.181137	0	0.181137	0.405037	0.572796	1.37921	1.31845	1.14548	1.44879	0.975341	0.40502	0.923533	1.10169	1.31848	1.37926	1.02459	0.572796	0.256158	0.572778	0.768433	0.653055	0.572778	0.809999
1.26764	0.809961	1.84642	2.17988	2.69053	2.35325	1.86414	2.18747	2.36025	3.37965	6.64922																																																																																																																																																												0.18112	4.96086	7.35196	2.86135	0.923469	2.67222	2.67222	0.97529	1.81061	1.45994	0.572745	0.405001	1.0866	1.81061	2.02417	2.54048	2.59144	1.45989	1.54715	1.86414	1.45992	3.89538	3.49375	4.63229	2.31815	2.11896	1.10157	0.405001	0.768365	1.05596	0.405001	0.653029	0.905506	1.14538	1.81061	0.905553	1.2805	0.90553	0.362237	1.14534	1.81964	2.72081	3.08142	2.06426	1.71778	1.37914	1.21484	0.512288	0.362237	0.512288	0.653029	0.768406	0.90553	1.10157	0.92345	1.15955	0.809961	1.6196	2.43533	3.20111	3.84501	3.76356	2.69065	1.66942	2.3532	2.31815	0.51226	0	0.362237	1.14538	1.92467	2.46206	2.0242	0.256149	1.45996	2.38092	2.23917	1.02444	1.49321	1.10159	0.90553	0.724445	0.653029	0.923469	0.92345	0.572727	0.572727	1.15955	1.10157	0.923469
0	1.02433	1.02433	1.53629	2.048	1.53629	0.512205	1.02433	0.512205	3.58086	7.13397																																																																																																																																																												0	4.09079	7.13397	3.07037	0.512205	2.55939	2.55939	0.512205	1.53629	0.512205	0	0	0.512205	1.02433	1.02433	2.048	3.07037	2.048	1.02433	0.512205	2.048	5.10861	1.53629	5.61635	3.07037	2.048	1.02433	0	0.512205	1.02433	0	0	1.53629	0	1.53629	0	1.02433	0.512205	0.512205	1.53629	1.53629	2.048	2.048	0	1.02433	0.512205	0.512205	0.512205	0	0	0	0	0.512205	1.02433	1.02433	1.53629	0.512205	1.02433	0.512205	0.512205	0	1.02433	0.512205	0.512205	2.55939	2.55939	0.512205	0	0.512205	1.02433	0.512205	0.512205	0	1.02433	1.02433	1.53629	2.55939	1.53629	1.53629	0.512205	0.512205	0.512205	0	0.512205	1.02433	0.512205	0.512205	1.53629	1.02433	0.512205
0.768255	0.923268	0.572614	1.63936	2.72027	2.72027	1.66907	0.724303	1.31811	5.31362	6.89747																																																																																																																																																												0	3.51155	7.34834	3.84405	0.362166	2.02371	2.73821	1.6691	0.923268	0.652901	1.02429	0.905375	0.572632	1.21455	0.512159	1.8461	3.99385	4.17335	3.72797	2.75614	2.35279	4.81032	2.11855	5.66465	4.01407	1.71738	1.66907	1.41407	0.905375	0.652868	0.404904	1.14515	1.26739	0.256085	1.15932	0.404921	0.652868	0.809802	0.975099	1.05576	1.26739	2.53998	2.76789	1.05581	0.923268	0.181085	0.905375	1.45967	1.41407	1.15938	1.02429	1.02429	1.30563	2.11089	2.42811	1.49295	0.54324	1.21455	0.54324	0.256099	0.905375	0.905352	0.746583	1.62933	3.83563	3.98158	3.26112	3.45553	3.47436	3.16455	2.8609	2.71432	2.20939	1.99114	1.49291	1.61921	2.60978	1.30557	1.21455	0.923288	0.905352	0.809767	0.54324	0.923288	1.31807	0.724303	0.809767	1.53615	0.905328	0.572614
1.0242	0.652842	0.181069	0.512114	1.41387	1.95775	1.55719	1.26728	4.15728	6.88527	5.26414																																																																																																																																																														7.12601	6.08518	2.35958	2.23859	2.73801	2.02362	1.21449	0.905247	0.975011	1.10127	0.404868	1.14501	1.54671	2.60968	3.68804	3.60308	3.77542	3.55293	2.11071	3.20002	2.76169	4.04202	5.52243	2.57182	1.0242	0.362134	0.905271	0.974975	2.3802	3.09116	2.02359	1.71723	1.45954	0.905294	1.0242	1.41395	1.41395	0.905294	0.256076	1.79186	2.55893	0.512114	0.809695	0.905294	1.21449	0.768186	0.404885	0.362134	1.71729	2.86065	3.58951	4.09823	3.83542	2.76183	1.79196	1.10127	0.543191	2.20174	3.32034	3.98132	4.61711	5.83042	6.68864	5.76627	4.91366	5.13331	5.50207	5.36796	4.7284	3.96492	3.32524	3.07522	2.35951	0.746516	2.2017	2.35262	2.51394	2.60968	2.67158	2.63459	2.02359	1.05571	1.31795	0.905271	1.28013	1.05566	0.724238	0.923205
0.256048	0.404824	0.404842	1.63904	2.37999	2.17909	2.02334	2.59044	4.46247	5.26348	2.46097																																																																																																																																																														4.93269	6.16882	3.12234	1.99894	1.86332	1.05555	0.746455	1.94918	1.1591	1.27997	0.974871	0.974907	1.99075	1.14493	2.55866	1.61889	1.41372	1.86332	0.746436	1.49262	3.43102	0.90515	4.01335	3.41208	2.80843	1.66877	1.84573	2.60927	4.04159	2.2015	3.41192	3.41192	1.53593	1.30537	0.905197	0.652772	0.512086	0.652772	1.15916	2.53948	2.76735	1.0556	1.55703	1.63902	2.06345	2.20895	1.80994	1.66871	2.35921	2.35928	2.35932	2.06345	1.7171	1.81893	1.45939	0.923087	1.71705	2.76735	3.08021	3.47836	4.46264	4.99495	4.37054	2.7674	1.78259	1.88956	2.18661	2.30321	2.0234	1.49266	2.11813	2.67117	2.18653	1.1591	1.80994	2.59052	2.18661	1.86341	2.0234	2.55875	2.55875	1.80994	1.49266	1.45936	1.28001	0.256048	0.404842	0.724161
0	0.512013	0.512013	1.53571	1.53571	1.02394	1.53571	2.55843	4.08926	4.59834	2.04723																																																																																																																																																														3.57952	5.1067	2.55843	2.04723	2.04723	1.02394	0	2.04723	1.53571	1.53571	1.02394	0	1.53571	0	3.06922	1.53571	1.02394	1.53571	1.02394	0.512013	3.06922	0.512013	2.04723	1.02394	2.04723	0	1.02394	3.57952	4.59834	1.02394	4.08926	4.08926	0	0.512013	0	0	0	0	0.512013	2.04723	2.04723	0	2.04723	2.04723	0	0.512013	0.512013	2.04723	3.06922	2.04723	0.512013	0	1.02394	1.02394	0.512013	1.53571	2.04723	2.55843	2.55843	1.53571	2.04723	2.55843	2.04723	1.02394	0.512013	1.02394	1.02394	0	1.02394	1.02394	2.04723	2.55843	2.04723	2.04723	0.512013	1.02394	1.02394	0.512013	0.512013	1.53571	1.53571	0.512013	0.512013	1.02394	0.512013	0.512013	0	0.512013
1.88922	0.404752	1.31761	1.81858	1.14468	1.15889	2.51961	4.19115	5.08408	4.12066	1.6186																																																																																																																																																														3.61545	4.59793	2.4271	2.17868	2.73723	2.63383	1.70725	2.41362	2.02298	0.974697	0.922922	0.572418	1.37829	0.905035	2.31683	1.4591	2.06305	2.35885	2.18622	1.92357	1.95719	0.974733	1.7822	1.21409	1.80953	0	0.724031	3.1112	3.63793	2.76104	4.21822	3.47759	0.255989	0.922922	0.905035	1.02391	1.15895	1.27981	1.31761	2.35186	2.18614	0.767966	1.55675	1.7822	0.905035	0.746321	0.543036	1.45906	2.89382	3.96377	4.37357	4.21837	3.76141	3.01003	2.60893	2.80793	2.89946	3.27478	3.09548	1.9986	1.88916	2.46053	2.06297	0.904989	0.511967	0.809463	1.21415	2.06308	2.35195	1.9489	1.49235	2.02295	2.3519	2.89946	2.11783	1.31761	0.922922	0.404752	0.404752	1.27976	2.06305	2.46065	2.31695	1.61867	0.511995	0.652623	0.181017	0.652623
2.28821	1.44768	1.08586	1.66823	1.49223	2.89915	4.69886	5.7835	5.058	2.58976																																																																																																																																																															5.44058	4.69541	2.55802	1.45895	0.404708	1.84521	1.99837	2.20821	1.54605	0.904938	0.255975	0.572356	1.31747	1.70707	1.10084	0.572356	1.44768	1.81839	1.79125	2.3167	1.53549	0.809411	1.44768	1.81839	1.80938	1.21402	0.542978	1.88896	3.03129	3.70868	3.50999	1.84517	0.652553	0.767843	0.404726	0.51194	0.652553	0.922842	1.5461	2.80756	2.35858	2.35865	1.92336	0.922823	0.746222	0.746222	0.404708	0.361991	1.66829	3.32396	4.35074	4.48682	4.35074	4.62586	5.16278	5.35679	4.77096	3.77394	2.53878	1.63857	1.80938	2.28821	1.86279	0.511912	0.572356	1.15883	2.02282	2.20832	1.70707	1.0553	0.404726	0.974592	1.45895	2.37931	2.6888	2.30255	1.66829	1.0238	0.51194	0.180997	1.0238	1.79125	1.92336	1.55666	1.31747	1.27965	0.904938	0.723954
3.15755	0.974541	0.746156	1.80917	1.94845	3.68619	4.0762	4.28237																																																																																																																																																																4.28237	6.216	4.04021	2.91579	2.60842	2.28808	0.809339	2.71263	2.58945	0.723889	0.723889	1.08576	0.511867	0.652527	0.92276	0.746174	0.904834	1.27951	1.31732	0.809304	0.40469	1.21391	1.70692	1.88885	2.17074	1.84504	1.6284	1.10074	1.45884	1.71646	1.0552	0.922741	0.255938	0.652495	0.511894	1.30489	1.53536	1.80922	1.61829	0.361959	2.60829	1.49206	2.17074	2.02262	1.15872	1.80922	1.845	0.809304	0.180981	0.746156	0.974505	0.255938	0.572287	0.904834	2.17827	2.85924	2.99312	2.46017	1.30489	0.511867	1.30482	1.70683	1.78185	1.30482	0.180981	0.572305	0.974541	1.08576	0.180981	0.572305	0.767816	0.40469	0.809304	0.723889	0.809304	0.723889	1.15872	1.21391	0.974541	0.746174	0.652527	0.92276	0.746174	0.40469	0.255938	0.746174	1.31735	1.0552	0.40469
1.02356	1.53514	0.511821	2.04647	2.55747	3.57818	3.06807	3.57818																																																																																																																																																																5.10479	6.11865	2.04647	0.511821	0.511821	1.53514	1.02356	3.06807	2.55747	0	1.02356	1.02356	1.02356	0	0.511821	0.511821	0.511821	1.02356	1.02356	1.02356	0.511821	0	0.511821	1.02356	1.53514	1.02356	1.53514	0.511821	0	1.02356	0.511821	0.511821	0	0.511821	0.511821	0.511821	0	1.53514	2.04647	0	2.55747	1.02356	2.04647	1.53514	0	1.53514	2.04647	1.02356	0	0.511821	1.02356	0.511821	0.511821	1.02356	2.04647	1.53514	1.02356	0	0.511821	0	1.53514	2.04647	1.53514	1.02356	0	0.511821	0.511821	0.511821	0.511821	0.511821	0	0.511821	1.02356	0.511821	0.511821	0	0	0.511821	0.511821	0.511821	0	0.511821	0.511821	0	0	0	0.511821	0.511821	0.511821
1.88848	2.28763	3.39576	5.03414	5.1361	4.54657	3.25853	3.07307																																																																																																																																																																5.34298	5.10744	1.7065	0.97435	1.21367	1.63808	1.27926	2.92069	3.61403	2.20024	4.08751	4.76622	3.07852	1.37781	0.180946	0.904656	0.746028	1.08555	1.54566	1.71612	0.904679	0.361888	0.511793	1.44726	1.31706	0.904633	1.30456	1.02351	2.10927	3.11014	3.84131	3.57799	2.60791	2.10927	1.66782	0.572193	0.746028	1.31706	1.55614	0.904679	2.10917	0.746009	1.86226	1.45849	0.511766	1.4918	2.71217	2.23707	2.17789	2.06224	1.7815	1.49177	2.45969	3.16213	2.23707	1.14423	0.904633	0.255902	0.572174	0.180946	1.66773	2.20758	1.7815	1.27926	0.652399	0.723747	0.723747	0.746009	0.255888	0.572174	0.255902	0.404593	0.723747	1.30463	1.54566	1.05499	0.572193	0.652367	0.511766	0.511766	0.180946	0.652399	1.41299	1.92281	1.92281	1.45855	0.652399	0.255888	0.572193
3.65866	4.76579	6.60618	6.78855	5.41487	3.87888	2.45944	1.88825	1.79049	0.404557																																																																																																																																																											2.11681	3.50867	3.86202	3.12022	2.66941	2.51849	2.45947	2.02206	0.809108	0.904552	1.49163	4.73829	3.68514	2.02198	0.723682	1.95625	1.30445	1.45838	1.49167	1.02341	1.0549	1.41286	0.809108	0.745942	0.572141	0.404557	1.02336	0.767555	0.652309	0.974263	2.11681	2.51849	2.56984	2.94282	3.00858	2.99226	2.9649	2.85845	2.58879	1.81772	1.2663	1.2663	0.904599	0.904552	0.767596	1.14413	1.05485	1.30445	0.723682	1.37763	1.15833	0.361855	2.6877	4.33777	4.34159	3.72043	2.56984	1.10043	0.404574	1.10043	0.809108	0.18093	1.31698	2.17763	2.45937	2.41245	1.84451	1.31698	0.904575	0.809108	1.45842	1.66767	1.30451	0.904599	0.723682	0.18093	0.18093	0.809073	0.745942	0.723682	0.572123	0.361855	0.809108	0.904599	0.652341	0.572141	0.572141	0.572141	0.904575	0.809108	0.767596	0.652341
2.11662	3.61799	3.83207	2.3782	0.745895	0.180913	0.511675	1.02327	1.5347	0.511675																																																																																																																																																									0.404521	1.71576	2.71768	2.71168	1.14403	1.31686	2.23667	2.11662	1.71582	1.71576	1.05476	1.10033	0.542726	2.94245	4.74824	5.42627	4.44108	3.02989	1.99746	1.63779	0.904495	0.542726	0.255856	0.255842	1.71576	1.63781	0.922414	0.542726	1.447	1.31682	0.572072	0.904495	1.45825	0.572072	0.57209	0.904518	0.745895	0.572072	0.904518	1.31686	2.17745	2.55683	2.16993	1.31682	0.255842	0.404538	0.404538	0.255842	0.65225	1.30433	1.08535	1.45829	2.18498	2.43255	4.72421	5.61645	3.3224	1.21345	1.61768	1.84431	0.904518	0.922414	0.922395	1.45823	1.80854	1.80854	1.94772	2.51167	1.27903	1.37751	0.904471	0.361823	1.14407	1.66752	1.55594	1.21345	1.31682	0.97414	1.54538	1.78126	1.54538	1.05481	0.404538	0.361823	0.809035	0.809035	0.511675	0.904518	1.41273	1.41273	0.767528	0.180913	0.809035	1.15829
1.02316	3.06687	2.04566	0.51162	0	0	0.51162	1.02316	1.53453	0.51162																																																																																																																																																									0.51162	2.04566	2.55647	1.53453	0	0	1.02316	1.02316	1.02316	2.04566	1.53453	0.51162	1.02316	1.02316	2.04566	2.55647	2.04566	0.51162	1.02316	1.02316	0.51162	0.51162	0	0.51162	2.04566	1.02316	1.02316	1.02316	1.02316	1.53453	0.51162	1.02316	1.02316	0	0	0	0	0	0	0.51162	1.02316	1.53453	2.04566	1.53453	0.51162	0	0	0	0.51162	1.02316	0.51162	0	0.51162	0	4.08613	4.59483	0.51162	1.53453	2.04566	1.53453	0	0.51162	1.02316	2.04566	1.53453	1.02316	1.53453	2.55647	1.02316	1.53453	1.02316	0.51162	1.02316	0	0.51162	0.51162	1.53453	1.53453	1.02316	0.51162	0.51162	0	0.51162	0.51162	0.51162	0.51162	1.02316	0.51162	0	0	0.51162	0.51162	0.51162	0
2.82895	2.91404	1.45794	0.542619	0.361752	0.180878	0.404441	0.904294	1.55555	0.652122																																																																																																																																																									1.84395	4.3328	4.46568	3.23229	2.43207	2.17707	1.61743	0.904317	0.767336	1.66713	2.28677	2.45876	2.02149	1.81721	2.35703	3.09311	3.15565	0.255792	2.18446	2.06147	1.41246	1.30414	1.66719	1.66716	2.71108	1.37724	1.45794	1.30408	1.14381	1.61736	0.808876	1.44672	1.08514	0.404458	0.255792	0.404458	0.404441	0.404458	0.404441	0.57196	0.652122	1.45796	2.3777	2.17703	1.86164	1.55563	1.15806	0.90434	0.571978	1.21316	0.723475	0.361752	0.361752	0.652154	3.72356	4.2303	0.904317	1.61736	2.75288	1.98886	0.904317	1.14381	1.62747	2.23618	2.02142	1.81721	1.62747	1.92199	1.1001	1.05455	0.904317	0.973984	0.745729	0.361752	0.723475	0.542619	1.27876	1.45794	1.1001	0.922232	0.922232	0.652154	0.180878	0.652154	1.30414	1.45801	1.10011	0.361752	0	0	0.511574	0.404441	0.571978	0.767377
2.75868	1.94723	0.404422	0.404422	0.80877	0.404405	0.180862	0.652064	1.55541																																																																																																																																																										3.71887	5.94422	4.22627	3.06649	2.45855	2.20667	1.61729	0.652096	0.255769	0.90426	2.04541	2.43186	1.92192	1.98869	1.99689	2.89696	4.85807	0.255769	4.15635	2.06129	1.54494	1.30402	1.70579	2.17681	3.97658	1.86139	2.20656	1.80798	1.1437	1.61722	0.808804	1.44659	0.808804	0.542571	0.767267	0.542571	1.1579	0.542571	1.1579	0.571909	0.180862	0.973897	2.17681	2.02128	1.86148	1.71533	1.21311	0.973897	0.571927	1.45781	0.723411	0.80877	0.36172	0.745682	2.96364	3.46991	1.1	1.61722	3.71887	1.81704	2.02122	2.1082	1.81702	2.02124	2.23598	1.98869	1.21311	0.652064	0.904236	0.255783	0.652096	0.90426	0.404422	0.80877	0.723411	0.404422	0.767267	1.21305	0.904236	0.92215	0.92215	0.745682	0.652064	0.904236	1.30402	1.41233	0.90426	0.36172	0	0	0.511528	0.180862	0.571927	0.767308
0.571866	0.404379	0.745602	0.652026	0.973757	0.571847	0.404379	0.723333	1.45765																																																																																																																																																										6.12786	5.424	1.45768	0.745602	0.973793	1.30388	2.02109	2.45828	2.55588	2.60642	2.60642	2.31472	1.53418	1.14358	0.904116	1.86119	5.00208	2.42487	4.36544	1.05434	0.973757	0.542512	0.404362	1.70552	4.12456	3.11878	3.25669	1.98847	1.27853	1.62715	0.904163	0.571847	0.542512	0.404379	1.26569	1.14362	1.6668	1.0999	1.81683	1.27855	0.571866	0.255756	1.31631	1.4577	1.31634	1.44644	1.41218	2.30058	2.75838	1.45772	0.571866	1.4577	0.808718	0.542512	1.95531	2.89103	3.3162	2.8284	3.39369	0.571847	2.66812	2.20632	1.30382	1.54472	2.11571	1.88734	0.571866	0.180842	0.511474	0.511474	0.404362	0.404379	0.542512	0.651994	0.808718	0.808718	0.745583	0.922032	0.904139	0.745583	0.571847	0.651994	0.904116	0.922032	0.973793	1.30388	1.78056	1.70561	1.41218	1.15783	0.404379	0.922051	1.05439	0.571866
0.571815	0.542464	0.651968	0.745535	0.745516	0.571796	0.542464	0.723269	1.21282	0.651936																																																																																																																																																							2.91876	5.43547	5.63391	3.29617	0.973706	0.651968	0.904082	1.30377	1.92155	2.43138	2.55565	2.60619	2.60619	2.42465	1.84346	0.511455	0.651936	1.37684	3.37417	2.63106	2.68617	1.05425	0.745516	0.404343	0.180826	0.97367	2.76394	2.8568	2.80498	1.41205	1.27842	1.21287	1.66665	0.571796	1.21282	0.745516	1.0998	1.14352	1.45755	1.26558	1.627	1.637	0.571815	0.255733	0.745535	1.31623	1.45757	1.44631	1.54464	2.51705	2.82815	2.37702	1.86103	1.31623	0.808645	0.404343	0.745516	2.04501	3.25647	2.71045	1.81667	0.571796	2.66789	1.45752	0.808611	1.31619	1.88718	2.11552	0.92195	0.404326	0.511428	0.511428	0.180826	0.542464	0.404343	0.180826	0.808645	1.08483	0.97367	0.571815	1.09978	0.97367	0.571796	0.904035	0.651936	0.571815	0.904082	1.49082	1.88723	1.66671	1.45759	1.21287	1.45752	1.71493	1.0543	0.92195
0.651909	0.767034	0.25571	0.542411	0.723198	0.542411	0.404283	0.511373	1.02267	0.511373																																																																																																																																																							5.83576	6.34341	3.25608	1.15763	0.651909	0.51141	0.651909	1.0997	0.973617	0.651909	0.51141	0.723198	0.723198	1.08472	1.80749	1.61682	1.30365	1.08472	1.66645	1.45737	1.15754	1.05414	0.404283	0.180808	0.404306	0.542411	1.05414	1.37677	2.23539	2.02073	2.06069	1.7894	2.73403	1.88706	2.53613	2.28591	2.10769	2.02073	1.54449	0.723198	1.15754	1.27825	0.542411	0.404306	0.25571	0.542411	1.09967	1.3161	1.66653	0.74544	2.19853	2.97924	1.80743	0.745465	0.745465	0.404306	0.404306	1.14336	0.808572	1.45743	1.0542	1.3161	2.91297	3.50641	4.21357	4.61054	4.28982	3.6159	2.41091	1.78024	1.61682	1.7053	1.7894	1.86094	1.92137	2.10769	2.02073	1.71483	1.45743	1.15763	1.45743	0.90397	0.404283	0.808526	0.904001	1.41193	1.5339	1.49068	1.08472	0.51141	0.808572	1.30365	2.5553	2.5553	1.45746	1.27831
0.903881	1.27814	0.255683	0.404263	0.723127	0.404263	0.180791	0.511328	1.02257	0.511328																																																																																																																																																							7.78429	5.41062	2.45758	1.31597	0.745389	0.511355	0.745389	1.26533	0.903904	0.745389	0.511355	0.723127	0.723127	0.808487	1.49053	1.61665	1.30351	0.808487	0.903858	1.21258	0.404246	1.05404	0.180791	0.404246	0.542358	0.404263	0.255683	1.37663	2.37659	2.11518	2.06048	1.78921	2.94046	1.78005	2.70985	2.28567	2.10747	2.11518	1.41178	0.723127	1.4117	0.766966	0.404263	0.542358	0.255683	0.404263	0.903881	1.1575	1.54433	1.21258	3.55653	2.16846	0.361578	0.65184	0.65184	0.542358	0.542358	1.14325	0.808487	1.31597	1.05409	1.1575	2.31406	3.44993	4.25907	4.6798	5.05226	4.16651	2.71586	1.88686	1.61665	1.66639	1.78921	1.86075	1.95485	2.10747	2.11518	1.55488	1.31597	1.21263	1.31597	0.65184	0.180791	0.361578	1.09958	1.4573	1.53374	1.30351	0.808487	0.511355	0.808487	1.30351	2.55506	2.55506	1.41178	1.05409
1.02248	1.53352	0	0	0.511282	0	0	0.511282	1.02248	0.511282																																																																																																																																																							8.12581	3.06485	0.511282	1.02248	0.511282	0	0.511282	1.02248	0	0.511282	0	0.511282	0.511282	0	0.511282	0.511282	0.511282	0	0.511282	1.02248	0	1.02248	0	0.511282	0.511282	0	0.511282	1.02248	1.53352	1.02248	1.02248	0	2.55478	0.511282	2.04431	1.02248	0.511282	1.02248	0.511282	1.02248	1.53352	0.511282	0	0.511282	0	0	0.511282	0.511282	0.511282	2.04431	4.08344	1.02248	0.511282	0	0	0.511282	0.511282	1.02248	0.511282	0.511282	0.511282	0.511282	0.511282	0.511282	1.02248	1.53352	4.08344	3.57442	2.04431	1.02248	0.511282	0	0	0.511282	0.511282	0.511282	1.02248	0	0.511282	0.511282	0.511282	0.511282	0	0	1.02248	0.511282	0	0	0	0	0.511282	0.511282	2.04431	2.04431	0	0
1.21234	1.37631	0.651723	0.404191	0.542256	0.404191	0.180757	0.404168	1.05384	0.65168																																																																																																																																																							7.38936	3.25507	0.745252	1.15729	2.31365	2.68528	2.85575	2.35554	1.37638	0.903712	0.511264	0.745252	0.973339	0.903743	0.921619	0.973339	1.14308	0.903743	0.921619	1.09936	0.404191	0.973291	0.404191	0.404168	0.511227	0.180757	0.745227	1.14303	1.45695	0.921593	1.31573	1.66609	3.09109	3.00574	1.88652	0.65168	0.404168	0.808295	0.745252	1.27792	1.63637	1.37638	0.903712	1.66601	2.20541	2.31365	1.9545	1.9545	2.20541	2.71536	3.31446	0.903681	0.255619	0.180757	0.180757	0.542256	0.542256	0.766815	0.542256	0.903712	1.09938	1.14308	1.08441	0.808295	0.808295	1.61627	3.32913	3.37286	3.06993	2.23475	1.86041	1.5546	1.0539	0.404191	0.511264	0.973339	0.404168	0.808341	1.31573	1.21241	0.651723	0.651723	1.45704	1.37638	1.5545	0.745227	0.511264	0.511264	0.511264	0.511264	0.542256	0.404168	1.80691	1.94602	0.808341	0.36151
0.9036	1.09927	1.21228	0.973237	0.903646	0.973237	0.745176	0.571539	1.14293																																																																																																																																																							4.59796	5.6965	3.4347	3.19943	2.45685	1.55444	1.21228	1.14296	0.808256	0.361474	1.7887	2.82104	3.07501	2.96179	2.70914	2.60493	2.45688	2.35529	2.3134	2.35529	1.80684	1.09927	0.921525	0.973237	0.651654	0.542203	0.511182	0.808221	0.766747	1.09927	1.45689	0.808256	0.511182	1.41137	2.85545	2.58609	1.66591	1.7887	2.43021	2.50937	2.28502	2.50937	2.40997	2.10677	2.45676	1.2778	1.41137	2.10687	2.68499	3.19438	2.66672	1.31555	0.903623	0.571539	0.361474	0.361474	0.404148	0.404148	0.180739	0.766788	1.09927	0.542203	0.511182	0.72292	1.70463	2.93972	3.0697	1.45685	1.99554	3.54648	3.72087	3.2549	3.00542	2.51584	1.44561	0.766747	0.180739	1.09927	1.37623	1.4901	1.30314	1.09927	0.745176	1.62622	1.88632	2.71507	1.88632	1.41137	0.973237	0.404131	0.404148	0.571539	0.180739	1.4113	1.14293	1.14296	1.14296
0.255587	0.404112	0.722856	0.722856	0.511163	0.722856	0.722856	0.542154	1.05365	1.05365																																																																																																																																																					1.02219	4.21132	4.36627	1.81563	2.45664	3.47211	3.86189	3.86189	3.86189	3.31891	2.05965	2.01969	2.42327	2.45666	2.18268	1.86005	1.86005	1.71401	1.37611	1.41125	1.61605	1.31547	1.37606	0.404112	0.722856	0.511163	0.404112	0.903519	0.651564	0.571488	1.37611	1.95411	2.11439	1.88615	1.84237	0.180723	1.27769	1.5543	1.95411	2.20498	2.35503	1.63609	1.41125	2.9115	2.93931	1.85997	1.81565	1.26486	1.15701	1.08421	1.02225	0.722856	0.361442	0.722856	0.722856	0.404112	0.180723	0	0	0.404095	0.542154	0.361442	0.722856	1.14286	0.808149	1.81565	2.91721	2.45666	1.45674	0.180723	1.09917	2.16765	1.66574	1.54376	2.1975	2.26323	0.921424	1.27771	1.27771	0.571488	0.651564	0.404095	1.05365	0.255573	1.55422	0.404112	2.16765	2.28482	1.95411	1.81565	1.31544	0.404095	0.404095	0.766679	1.45669	0.361442	0.361442	0.808184
0.511081	0	0.511081	0.511081	0	0.511081	0.511081	0.511081	1.02208	1.02208																																																																																																																																																					1.02208	4.08184	4.08184	1.02208	0.511081	0.511081	0.511081	0.511081	0.511081	2.04351	3.06365	2.55378	1.02208	0.511081	1.02208	0.511081	0.511081	1.02208	0.511081	0	0.511081	1.02208	1.53292	0	0.511081	0	0	1.02208	0.511081	0	1.02208	0.511081	1.02208	1.02208	2.04351	0.511081	0.511081	0.511081	0.511081	0.511081	2.04351	1.02208	0	3.57303	3.06365	1.02208	1.02208	1.53292	1.53292	1.02208	0	1.02208	0.511081	0.511081	0.511081	0	0	0	0	0.511081	0.511081	0	1.02208	0.511081	1.53292	2.04351	1.53292	1.02208	1.53292	0.511081	0	1.53292	1.02208	0.511081	2.04351	2.55378	0.511081	1.02208	0.511081	0	0.511081	0.511081	1.02208	0	1.53292	0.511081	1.02208	1.02208	0.511081	1.53292	1.53292	0.511081	0.511081	1.02208	1.53292	0	0	0
0.511063	0.361371	0.542048	0.571358	0.255537	0.404015	0.511036	0.404015	1.05344	1.15678																																																																																																																																																					0.807991	3.42418	4.6874	4.03372	3.02611	1.63575	0.571358	0.571358	0.571358	1.77896	2.97726	3.26887	3.40528	3.32806	2.45618	1.41097	0.972959	0.404015	1.15684	1.78819	1.41097	1.45643	1.8596	0.255523	0.255523	0.255537	0.180687	0.807991	0.808025	0.903389	0.921243	0.571358	0.903365	1.61573	2.93884	2.66596	1.92007	1.48967	1.084	0.744963	1.8596	1.05344	1.09896	4.05361	3.37159	1.31522	0.180687	1.94536	2.93884	2.35457	0.972959	0.972923	1.63575	2.05933	2.01934	0.903389	0.651468	0.361371	0.180687	0.651468	1.21194	1.05349	0.921243	0.255523	1.4109	1.61566	1.80628	2.19711	2.55364	1.21194	0.921243	1.99495	1.27746	0.571376	1.55392	2.40923	1.85969	1.71367	1.37584	1.41097	1.30277	1.14264	1.70415	2.17478	1.84205	1.31522	1.77903	2.28437	1.94536	2.17472	1.99495	1.45647	1.70415	1.54345	0.807991	0.808025	0.903389	0.651468
5.54848	4.70089	4.08927	4.22571	3.75425	2.45594	1.27732	0.361339	0.972837	1.31506	0.903285																																																																																																																																																					1.70391	1.88556	2.37503	3.07379	3.24861	1.81513	0.903285	0.722649	1.27732	2.17454	3.06855	3.8355	3.95625	3.60875	3.21348	2.93862	2.50843	2.05912	1.53273	1.41084	1.2645	1.6652	0.65141	1.30265	1.53273	1.55386	1.70399	1.66529	1.27734	0.180671	0.76646	1.14254	2.3544	3.60875	4.75902	4.98466	5.04906	4.91937	3.55433	1.71352	1.99477	3.26858	4.3428	3.08959	1.27737	1.55378	0.807953	2.01912	2.37499	1.85952	3.02584	4.24478	3.35693	3.24861	1.80617	1.9199	1.88562	0.903308	0.744897	0.903308	1.21183	0.766501	0.403979	0.571307	2.04326	3.50373	4.28659	3.87336	3.2536	2.01909	1.31506	1.21183	1.27737	1.71352	2.37503	2.10608	1.95356	1.70399	1.55386	1.53273	1.77888	2.26269	2.3544	1.41084	1.0839	1.02195	1.66526	1.84188	2.45594	3.55891	3.86079	3.35693	2.56618	1.48954	0.807919	0.403979	0.722649
5.09952	5.1593	4.47837	4.46389	4.3907	3.82652	2.18174	0.403937	0.651308	0.921067	1.09873																																																																																																																																																				2.01888	2.7078	2.5082	2.11359	0.744802	2.40877	2.68359	0.972735	0.571248	0.903165	0.651308	0.40396	0.510972	0.651351	1.21172	1.80601	2.04308	2.42236	3.06828	3.31769	2.85413	1.78787	0.903196	1.09873	1.37559	1.27725	1.41072	1.45621	1.09875	1.66502	0.541946	1.30245	1.70373	1.27719	1.31498	2.20415	3.07359	3.71918	4.3907	4.36096	1.14243	2.74946	3.37094	2.45561	1.80588	0.180654	2.204	1.02186	1.80594	1.21165	0.972783	3.62623	3.26826	2.19665	2.75535	0.903227	1.30253	1.9864	1.27719	0.255473	0.255491	0.180654	0.807834	0.903165	0.972735	2.16682	2.1744	2.73175	1.70384	3.95973	2.2334	1.95338	2.20415	1.80601	1.4894	1.77862	0.571248	0.541946	0.40396	0.180654	0.361304	1.09873	0.921067	0.903165	0.903165	0.744802	0.651351	0.903196	0.807834	0.80788	2.20415	2.68371	2.01896	1.45618	1.84166	1.44493	1.14243	1.45618
1.0217	2.04275	0.51089	0	2.55283	4.08032	2.55283	0.51089	0.51089	0.51089	1.0217																																																																																																																																																				2.55283	2.55283	0.51089	0.51089	0.51089	1.53234	3.0625	1.0217	0.51089	1.0217	0.51089	0	0	0	0	0	0	0.51089	0.51089	0	1.0217	0.51089	0	1.53234	0.51089	0	0	0.51089	1.0217	2.04275	0.51089	1.53234	2.04275	1.0217	1.0217	1.0217	0	0	2.04275	4.5883	1.0217	3.0625	3.0625	1.53234	1.53234	0	2.04275	0.51089	1.0217	0.51089	1.0217	3.57169	1.53234	2.55283	2.55283	0	0.51089	1.53234	1.53234	0	0	0.51089	1.0217	1.0217	1.53234	2.04275	0	1.53234	0	4.08032	1.53234	0	0.51089	0.51089	1.0217	2.04275	0.51089	0.51089	0	0	0.51089	1.0217	0.51089	1.0217	1.0217	0.51089	0	0.51089	0.51089	1.0217	1.0217	1.53234	1.53234	1.0217	1.53234	1.0217	0.51089	1.0217
9.17333	8.8956	7.33004	6.48718	7.07275	8.09575	6.76756	4.59515	2.7133	0.972559	1.02161																																																																																																																																																				2.68311	2.42178	0.541845	0.403864	0.651192	1.27696	3.19723	1.99422	1.37533	1.71303	1.77837	1.30228	0.90305	0.571162	0.18062	0.18062	0.255441	0.571144	0.541845	0.651224	1.37533	2.17397	2.31187	2.55269	2.10548	1.91935	1.55341	0.90305	0.972559	1.55334	1.277	2.53348	2.52705	1.48912	1.26414	1.27696	0.766282	0.571162	2.05845	4.36379	1.45586	2.70722	3.2526	1.70343	1.45586	0.510872	1.53221	0.722443	0.403864	1.55341	2.85354	2.93768	1.02166	2.34675	1.31472	3.60772	3.70096	3.54415	3.15126	2.20372	1.78752	2.3468	3.00344	3.47013	3.15128	2.90993	2.04268	2.19628	1.21148	3.87209	2.42189	3.32682	3.40401	2.74907	2.28351	2.97623	3.10455	2.95984	2.80762	2.68322	2.31187	1.61512	0.651224	0.972559	1.14221	1.94463	2.17397	2.35373	2.18143	1.05309	0.571144	1.21143	1.21143	1.26414	1.8146	1.63515	1.05309	0.744666
15.953	16.1404	15.4701	14.4023	13.5762	13.6372	12.7893	11.0131	8.82326	5.63558	4.45162	3.07257																																																																																																																																																	2.01839	2.10525	2.35342	1.61488	0.1806	0.361197	0.403821	0.1806	2.01833	2.55241	1.94442	1.70333	2.01839	2.10525	1.95279	1.77818	1.66463	1.80546	1.66463	1.54271	1.21135	1.21135	1.85879	2.31163	2.1812	2.45497	2.70707	2.81888	2.66468	2.10525	1.94442	1.54271	1.09843	1.88482	1.8144	1.31458	1.31455	1.2768	0.255414	0.651122	2.17362	3.70037	1.66457	2.4549	2.85312	1.31455	1.94442	2.42835	2.10525	1.61495	2.01839	2.01839	0.722366	1.55325	3.67853	1.98582	3.26726	1.77818	1.45573	1.99399	0.902907	1.264	0.651122	1.27684	1.27687	1.264	1.21135	2.23275	0.766159	1.45573	1.37513	3.58007	0.361197	1.31455	1.71285	2.35342	1.66461	2.01839	2.1812	1.41029	1.02155	1.05298	0.744605	0.403821	0.571101	0.571101	3.25239	3.71806	2.11296	0.920818	1.37518	1.71285	1.27687	1.91915	2.40813	1.63496	1.27682	1.45575	0.920818	0.1806
7.18567	8.19557	8.66897	8.36413	7.60815	7.92756	7.79204	8.09019	8.64864	5.5225	5.2502	5.25007	1.21119																																																																																																																																														1.21119	2.01815	1.54257	1.05289	0.972368	0.80753	0.510772	0.541739	0.571032	0.902873	0.403802	1.375	1.375	0.403785	0.361165	0.807564	1.14199	1.31447	1.55311	1.66449	1.45564	1.45562	1.08338	0.722302	1.14195	0.180584	1.05284	0.403785	0.651096	0.902873	1.44437	1.31447	1.66446	1.70317	2.20329	3.08291	3.2521	2.68267	2.55215	1.94418	0.510772	0.74452	2.45466	3.21177	0.57105	2.76025	2.01815	0.361165	1.41017	1.95262	2.04227	2.10507	1.94425	0.972368	2.71277	3.25212	2.55219	4.84732	3.31133	4.85069	5.24409	4.34085	2.74853	1.48883	2.53297	3.25212	4.20833	4.25423	4.07937	4.51967	3.07229	1.88465	2.01812	4.67428	2.55224	3.44593	1.78717	2.05807	0.90285	0.744538	1.63481	1.7127	1.78717	1.66449	1.88471	1.77802	1.15618	2.17343	4.16173	2.23261	3.32599	1.61481	1.08338	0.722302	1.61481	2.42141	3.15056	2.428	0.74452	0.651064	1.30196	0.722302
1.02132	2.55187	2.04198	2.55187	4.07879	5.09366	4.58659	5.59993	7.1132	2.55187	4.07879	6.10533	1.53177																																																																																																																																														1.53177	2.04198	0.510699	0	0.510699	0.510699	0	0.510699	1.02132	0	0.510699	1.02132	1.53177	0.510699	0	0	0.510699	0.510699	0.510699	0	0.510699	1.02132	1.02132	0.510699	1.02132	0.510699	1.02132	0	0	0	1.02132	0.510699	1.02132	0.510699	0	1.02132	1.53177	1.53177	2.55187	2.04198	0	0.510699	2.55187	3.06136	0.510699	2.55187	1.02132	1.02132	0.510699	0.510699	0	0.510699	0.510699	2.04198	3.06136	0.510699	0.510699	6.10533	2.55187	6.60978	3.06136	0.510699	2.04198	0.510699	2.55187	1.53177	0	0.510699	0	3.57036	3.06136	2.04198	2.04198	5.09366	0.510699	2.55187	0.510699	1.53177	0.510699	0.510699	1.53177	1.02132	0	0	1.02132	0.510699	0.510699	3.06136	4.58659	2.04198	4.58659	0.510699	1.53177	0	1.02132	1.02132	3.57036	3.06136	0.510699	0.510699	1.53177	0.510699
4.94552	5.46573	5.18434	5.15624	5.7609	6.29633	6.88675	9.06595	10.538	4.98111	3.71695	8.30538	7.83335																																																																																																																																														1.99342	1.71231	0.403706	0	0.650937	0.744374	0.510671	0.72216	0.807371	0.180549	0.403706	0.744374	1.62451	1.54227	1.05268	0.765982	0.972214	1.09812	0.570938	0.180549	0.510644	0.807371	1.08317	0.972214	0.920537	0.57092	0.972178	0.510671	0.510671	0.403723	1.15589	0.510644	0.90265	0.650937	0.361094	1.0981	1.6641	1.88429	2.4542	2.62704	3.32552	3.89995	4.45759	3.62418	1.8049	3.19086	1.81388	2.20286	3.31575	3.85819	3.69952	3.60631	3.717	3.65096	3.2514	1.94387	2.10465	6.28092	3.88313	5.62228	4.10999	1.30177	2.97506	2.81807	2.70623	1.45531	0.361094	0.361094	0.510671	2.70616	3.11367	3.11367	0.57092	4.89288	3.95766	1.88434	0.972214	2.17307	1.77767	2.01781	2.01779	1.27648	0.765982	0.570938	0.650937	0.807406	1.31421	3.14992	4.54718	2.68203	5.4949	2.26116	2.85243	2.56444	2.35275	1.31417	4.05049	3.14992	0.807406	0.72216	1.45529	0.57092
5.09609	5.37012	4.84946	5.19628	6.62809	8.25881	10.7595	13.1806	16.0579	13.1217	9.37602	9.23909	10.5668	9.14312	7.3352																																																																																																																																											3.9532	3.87041	2.8522	2.17293	2.04169	1.8581	1.37466	1.02117	0.807334	0.180533	0.180533	0.255318	0.180533	0.807334	1.4884	1.45523	1.66401	1.80478	1.88417	1.30165	1.05259	1.09802	0.972127	1.30165	1.40976	1.05259	0.920474	1.09802	1.02117	1.02117	0.972127	1.44396	1.55267	1.45523	0.920474	0.722096	0.972091	1.53147	1.53147	1.4552	2.55151	3.40238	4.19169	4.11768	2.50651	2.62673	4.47512	3.08193	2.90858	3.07151	2.66368	2.20266	2.26095	2.81782	2.56422	1.44396	1.37461	1.09802	5.31567	5.49441	3.95302	6.2419	3.26608	4.00207	3.65066	1.80478	0.361062	0.920455	1.05259	1.05259	0.722096	2.98572	4.98078	4.28331	1.37466	2.17293	3.46846	3.14974	2.53227	1.66395	0.807299	0.744326	1.2109	1.15585	0.650911	0.807334	2.68191	4.11376	2.91415	3.07135	3.14964	6.43663	1.66399	1.94369	2.01763	3.3153	1.54208	4.36169	3.00185	1.05259	1.54213	1.99326	1.61435
1.40956	3.32475	2.6016	1.66378	2.53202	3.56953	4.89876	6.83654	11.1921	11.4219	7.49777	3.71619	4.2828	5.65002	6.67078	5.75988	3.24584	1.84027	0.807228	0.403634	0.255295																																																																																																																																			2.11191	3.6235	3.3685	2.45386	2.04151	2.04151	2.04151	1.66386	0.902535	0.51058	0.36103	0.403634	0.255282	0.541536	0.722031	0.541536	0.650821	0.403651	0.97204	0.97204	1.27623	0.920392	0.902535	1.26342	0.74426	0.51058	0.51058	0.51058	0.722031	0.722031	0.51058	0.51058	0.722031	0.97204	1.55253	1.55253	0.902535	0.36103	1.30147	2.34537	1.26342	0.510553	0.36103	1.02103	1.91816	0.765804	0.541536	2.0414	5.11748	4.46025	1.31394	0.807228	1.80458	1.6142	1.66384	1.45506	1.08298	1.15575	1.99307	1.45507	4.39822	5.85658	3.71614	7.53985	3.55115	1.4551	2.1801	1.15569	0.74426	1.27623	0.920392	0.920373	1.15569	1.14156	2.80019	4.43138	4.89871	3.59201	1.66386	3.88258	4.38364	3.60558	2.26075	2.29644	2.20247	1.95189	1.45507	1.0979	3.59201	3.32488	2.55119	1.31397	1.99307	6.10886	1.27623	0.920392	0.902512	3.32475	1.53133	3.96902	3.3539	1.05244	1.26342	1.81356	1.37454
1.53117	3.56896	2.55087	1.02092	1.02092	1.02092	1.02092	4.5848	7.61257	7.11044	7.11044	4.5848	2.04118	2.55087	4.5848	5.09167	3.06016	2.04118	1.02092	0.510498	0																																																																																																																																			2.55087	3.56896	1.53117	0	0	0	0	0.510498	0.510498	0	0.510498	0.510498	0.510498	0.510498	0.510498	0.510498	0.510498	0.510498	0.510498	0.510498	1.02092	0.510498	0	1.02092	0.510498	0	0	0	0.510498	0.510498	0	0	0.510498	0	0.510498	0.510498	0.510498	0	1.53117	2.55087	0.510498	1.02092	0	1.02092	2.04118	0.510498	0.510498	1.53117	5.09167	5.09167	1.02092	1.53117	1.53117	0.510498	1.02092	1.53117	1.02092	0	1.53117	1.02092	4.0772	5.59775	4.0772	7.61257	3.56896	0.510498	2.55087	1.53117	0.510498	1.02092	0.510498	1.02092	1.53117	1.02092	0.510498	0.510498	3.06016	5.09167	1.53117	1.02092	3.06016	3.06016	0.510498	0	0.510498	0.510498	1.53117	1.02092	4.0772	2.04118	3.56896	0.510498	0.510498	5.59775	1.02092	0.510498	0.510498	3.06016	1.53117	3.56896	3.56896	1.53117	1.02092	1.53117	0.510498
1.61382	3.30945	2.7291	2.42003	2.68114	0.97185	2.42003	6.12355	7.10314	5.73625	7.18125	5.85544	3.44393	3.2502	3.40124	4.5134	3.71547	2.71122	3.07064	4.91422	5.72534																																																																																																																																			3.44393	3.19479	1.2105	0.180481	0.403572	0.51048	0.51048	0.807104	1.30128	1.53112	1.7022	1.85757	1.40936	0.650725	0.650693	0.510453	0.510453	0.403555	0.54143	0.72189	0.971814	0.570706	0.180481	0.744095	1.05229	1.27602	1.27602	1.40936	1.61389	1.54169	1.15552	1.02088	1.14134	0.807104	0.360959	0.510453	0.510453	0	1.2105	2.37249	2.20203	2.01706	1.30128	1.08276	1.66345	0.54143	0.72189	2.28169	5.95338	4.68199	0.180481	2.17224	1.98451	1.37427	1.6339	1.99268	0.920211	0.180481	1.53103	1.30122	3.71107	6.084	3.07047	7.41921	3.98054	2.3101	1.45475	2.05687	1.27598	0.920211	0.255245	1.63388	1.99268	1.0977	0.902312	0.744095	2.42662	4.38636	3.36784	1.78615	2.17219	2.93543	2.80547	2.66292	1.77694	0.72189	1.15546	1.05224	3.46263	2.16475	3.93553	1.7022	1.02082	5.24097	3.26511	0.54143	1.37427	3.14877	2.52511	2.17219	3.46737	3.11257	2.35188	1.99268	1.45481
1.45468	4.11614	5.06875	3.24995	2.35166	2.9571	5.71612	9.31679	10.2637	8.02795	7.39281	6.19052	2.10355	2.74672	4.44832	6.83938	8.84366	11.2128	12.8206	11.9989	9.77081	8.78998	8.61584	9.6025	11.1241	12.2668	12.1311	11.5707	11.0725																																																																																																																										5.06869	4.95296	2.82251	1.21045	0.971761	1.05219	1.02079	1.02079	1.15542	1.40924	1.53098	1.78599	2.20184	2.10368	1.70205	1.71156	1.48784	1.31359	1.66339	1.8574	1.30117	0.744044	0.180464	0.744044	1.02079	1.27591	1.05219	0.650667	0.570672	0.744044	1.14123	1.30117	1.15542	1.40924	1.95133	1.70205	1.31359	1.14123	1.02079	1.31359	1.88346	2.17211	2.04093	2.0568	2.20184	1.54155	0.650667	0.744044	2.9571	6.89943	3.55009	2.42636	3.26478	2.74672	1.31359	1.45459	1.05213	0.570647	1.48784	2.5313	2.37231	3.59094	6.11495	2.40632	4.89703	4.5453	5.55375	2.89062	2.20169	2.05665	0.403512	1.80405	2.37231	1.45465	0.255222	1.85729	2.5313	1.94296	1.61374	5.1163	6.04406	3.3093	1.05219	2.55056	3.00068	3.06488	0.403535	1.15542	2.45313	2.37226	0.806984	2.40624	2.45316	3.609	4.45551	6.47895	3.44364	1.15542	1.31354	2.79938	2.29579	0.806984	2.17205	3.11227	3.46716	4.07669
2.11108	3.00056	4.94255	3.4992	2.01658	3.8558	7.64794	9.90928	8.97693	7.26847	6.42136	2.71067	2.91275	4.96551	5.09683	5.24629	6.76118	9.53595	9.86704	7.63166	5.2462	3.62664	3.95133	4.51622	5.39738	5.48327	7.14905	8.06658	9.2958	9.67299	7.3987	4.89679	3.97976	2.41945																																																																																																																				4.26975	5.41219	2.41956	1.31346	0.765545	0.920031	0.650598	0.51038	0.51038	0.403493	0.180446	0	0.403476	0.403493	0.902158	1.05208	1.54139	1.80387	1.4545	1.71139	1.81287	0.806946	0.360888	0.743949	0.920031	0.650598	0.360888	0.806911	0.743968	0.902182	0.902182	0.403493	0.180446	0.403476	0.743949	1.1553	1.66319	1.4545	1.14111	1.02068	1.08255	0.806911	0	0.180446	0.920031	1.45453	1.30103	1.02068	1.1553	3.48065	7.96129	3.60408	3.56795	3.99995	1.31346	2.93481	2.72857	1.53082	1.44327	2.17181	2.70469	1.88327	3.99995	4.20106	2.41956	1.45449	2.70469	4.14304	5.3913	0.902135	2.74632	1.09749	2.51168	1.26292	0.403476	0.650598	2.50519	3.64876	2.01666	2.95684	3.06467	4.35239	5.44482	3.7494	1.55184	5.31617	2.5502	1.40901	1.99229	2.37207	1.94276	1.94276	3.20948	4.14704	2.79909	1.48769	5.34937	4.3225	2.79909	1.27575	0.650598	2.17188	2.51177	0.902182	1.08255	2.04071	2.70476
3.05902	1.5306	5.08978	4.58309	2.04042	3.56763	8.11053	11.0866	8.11053	1.5306	1.5306	0.510308	3.05902	0.510308	0.510308	1.02053	2.04042	3.56763	0	4.07568	4.58309	0.510308	0	2.54992	4.58309	0.510308	1.5306	0.510308	2.04042	5.59567	5.08978	3.05902	4.07568	3.05902																																																																																																																				5.08978	5.08978	0	1.02053	0	0.510308	0	0	0	0	0	0	0.510308	0	0.510308	0	0.510308	1.5306	1.02053	1.02053	1.5306	0.510308	0.510308	1.02053	0.510308	0	0.510308	1.02053	0.510308	0	0	0.510308	0	0.510308	1.02053	0.510308	1.02053	1.02053	0.510308	0	1.02053	1.02053	0	0	1.02053	0.510308	0.510308	0	0	3.05902	8.11053	4.07568	3.56763	4.58309	0.510308	4.07568	2.54992	0.510308	1.02053	2.04042	2.04042	0.510308	4.58309	3.05902	1.02053	0.510308	3.05902	3.05902	6.10069	0	2.54992	0.510308	2.54992	0.510308	1.02053	0	2.54992	4.07568	1.02053	4.07568	3.56763	1.02053	5.59567	5.08978	2.54992	5.59567	1.02053	2.04042	2.04042	1.5306	0.510308	1.02053	1.5306	1.02053	0	0.510308	4.07568	3.05902	2.04042	1.5306	1.02053	0.510308	1.5306	1.02053	0	0.510308	0.510308
3.14756	1.09726	4.72472	4.54372	2.70409	4.29531	7.95975	10.2238	8.14476	1.711	3.00002	5.83433	4.44706	1.66292	2.41912	4.71138	5.55509	4.41418	2.42584	4.62823	5.34835	2.81597	3.5675	3.67472	5.41115	2.56253	2.71019	1.66288	2.41899	5.09242	4.91219	5.34859	7.01027	6.79755																																																																																																																				5.31514	4.44678	0.180412	0.806755	0.650481	0.743832	0.510289	0.510289	0.510289	0.510289	0.40342	0.180412	0.510253	0	0.650438	0.40342	0.360821	1.30071	0.806755	1.15501	1.27549	1.37376	1.45427	1.94241	2.0163	1.66292	1.30079	1.08235	0.541222	0.180412	0.180412	0.570485	0.180412	0.510253	0.806755	0.806801	1.08235	0.510253	0.806801	1.0205	1.48741	1.94241	1.91717	1.66292	1.31322	0.40342	0.510253	0.180412	0.25515	2.66177	7.81087	4.84606	2.4523	3.85093	3.49875	3.64367	2.25933	0.570509	0.570485	1.66283	2.58133	1.31317	3.99917	3.19355	2.05618	1.95077	3.60798	1.45421	5.41112	2.35096	1.98375	1.80359	1.80347	1.02043	1.09729	0.971436	3.54908	3.88017	1.54104	3.85504	3.38561	1.1409	4.96427	5.14588	1.78535	5.07025	2.58144	3.08521	3.24897	2.62506	1.40883	0.180412	2.30924	4.3516	4.58293	4.611	4.87274	1.99191	1.66288	2.97282	2.53056	1.15501	1.45421	1.71107	2.05621	2.35105	2.17894
3.06373	0.806681	3.76129	5.08888	4.73461	5.88819	7.98489	8.98299	7.7837	2.80412	7.95931	8.24876	7.23345	6.48902	8.25831	8.9852	7.98532	5.46997	3.74852	5.03804	6.291	5.71135	5.97502	4.86243	5.44328	3.20857	4.35115	4.94132	5.50211	5.97482	4.61397	6.35699	8.90065	10.5014	9.3555	7.81055	6.59411																																																																																																																4.5006	5.05079	2.34378	0.743756	0.403378	0.743737	0.806716	0.650412	0.510235	0.650412	0.901925	1.15497	1.30066	0.901925	0.403378	0.743737	0.650412	1.20997	1.94221	1.30066	0.765286	0.180395	0.541169	0.765327	1.40868	2.01609	2.17126	2.29489	2.05599	1.66274	1.55148	1.45411	1.37361	1.15497	0.806716	0.743756	0.650412	0.180395	0.57045	0.901925	1.02039	1.20997	1.45411	1.66274	1.91696	1.78529	1.45411	1.45411	1.55148	1.40868	2.35074	6.76842	6.0627	1.78529	1.05178	3.57619	3.64788	1.54095	0.403378	0.510235	0.403361	1.94214	2.19351	2.45208	2.41877	1.08224	0.765327	2.45218	2.90631	1.94221	5.99901	3.32263	1.45407	2.04013	3.36623	3.10068	5.32691	6.02835	3.02122	2.17863	3.4982	2.82129	0.743756	3.39961	4.94115	3.64788	3.64332	0.403378	1.80331	1.91686	1.14079	2.23027	3.24869	4.35115	4.51501	3.95021	4.39548	4.11454	2.59997	1.85659	2.309	4.50419	3.42815	0.570432	1.66274	2.66165	3.06916	3.31289
5.238	2.45186	2.171	4.27953	4.84521	7.22148	9.08671	9.10917	6.98132	3.67395	7.54266	2.45199	3.14705	4.94088	6.44879	4.29476	3.28802	2.52367	1.8032	3.385	3.88783	3.44201	2.45199	2.05578	3.24827	1.54076	2.05581	3.44208	5.39537	6.60295	1.8032	2.16352	2.75132	5.39836	6.02782	5.87701	6.02519	5.75272	3.44197	1.20987	1.48713	2.54928	2.70375	2.80388	2.70375	2.70368	1.45394	0.510189	0.541121																																																																																																				5.07887	2.37114	0.180379	0.919687	0.74369	1.30048	0.403325	0.403325	0	0.403325	0.541121	0.806644	1.15486	1.09708	0.541121	0.570399	1.05169	1.66257	1.61297	1.83886	0.403325	0.901844	0.901844	0.74369	0.541121	0.255086	0.570399	1.05169	1.2753	1.2753	1.40856	1.61297	1.61297	1.30054	0.806644	0.541121	0.650322	0.74369	0.570399	0.180379	0	0.403325	0.541121	0.360753	0.360753	0.650354	1.05169	1.40856	1.40856	1.20987	1.94196	5.04066	5.39822	1.98338	1.81217	2.42524	1.40856	1.48709	0.180379	0.570381	1.05169	0.901821	1.31293	1.63295	2.17844	1.05169	1.20987	0.806609	2.37114	4.21867	3.76107	6.29806	2.75132	2.62456	3.2484	4.18812	6.47596	3.94983	1.81217	2.17096	3.4419	2.81527	0.743671	2.01582	2.88363	3.70913	3.94983	2.98317	2.88926	2.7454	3.32239	3.54858	3.32234	2.19335	0.403325	0.74369	1.30048	0.901798	1.2753	4.157	2.30867	3.14698	4.06267	2.91155	1.1548	1.14065	0.806644	1.83886
5.59349	3.56624	1.02013	3.56624	4.07409	7.10505	9.6014	9.6014	6.6022	4.5813	6.6022	0.510108	0.510108	2.03962	3.05782	0	2.54892	2.03962	1.53	3.05782	2.54892	2.03962	0.510108	1.53	2.54892	2.03962	0.510108	0.510108	4.07409	7.10505	1.53	2.03962	0	3.05782	3.05782	2.03962	3.05782	5.0878	3.56624	0.510108	1.02013	2.03962	0.510108	0	0.510108	2.54892	1.53	0	0.510108																																																																																																				5.0878	1.02013	0.510108	0.510108	0.510108	1.53	0.510108	0.510108	0	0.510108	0.510108	0.510108	0	1.02013	0.510108	0	0.510108	1.02013	0.510108	2.03962	1.02013	0	0	0.510108	0.510108	0	0.510108	0.510108	0	0	0	0.510108	0.510108	0.510108	0.510108	0.510108	1.02013	0.510108	0	0	0	0.510108	0.510108	0.510108	0.510108	0	0	0	0	0.510108	2.03962	4.5813	5.0878	1.53	1.53	3.56624	0	2.03962	0	1.02013	0.510108	0	0.510108	1.02013	2.03962	0	0.510108	1.53	1.02013	6.09832	0	5.59349	0	1.53	1.02013	2.03962	4.5813	0	2.54892	2.03962	3.56624	3.05782	0.510108	1.53	1.02013	1.53	1.02013	1.53	2.03962	0.510108	0.510108	1.02013	1.53	0.510108	0.510108	0.510108	1.53	1.02013	1.02013	4.07409	3.56624	2.03962	3.56624	3.56624	1.53	1.02013	0.510108	1.53
6.36999	4.44514	1.27502	3.64666	4.29371	6.89493	9.61361	9.61361	5.39418	6.36499	7.91097	4.58817	4.86105	4.91374	4.5881	3.06829	3.78172	3.26261	2.19289	3.0787	3.02027	1.54046	0.510089	1.81184	2.58036	2.45141	1.71041	2.01552	4.32379	8.0638	6.50929	4.14468	2.25858	3.41767	3.24272	4.02606	5.39729	6.52862	3.57498	0.541015	1.31267	2.34312	1.66224	2.05541	2.10995	2.9716	2.19292	1.80289	1.54051																																																																																																				5.00121	0.510062	0.721337	0.360683	0.510062	1.30022	0.743544	0.570287	0.180343	0.360683	0.743544	0.919507	0.765109	0.919488	0.255036	0.25505	0.403246	1.45363	1.15464	2.58036	1.6622	0.360683	0.360683	0.721337	0.360683	0	0.403246	0.541015	0.510089	0.510089	0.510089	0.541015	0.255036	0.570287	0.971106	1.20963	1.66224	1.61265	1.52995	1.40828	1.15464	0.650227	0.180343	0.541015	0.403246	0.180343	0.403263	0.510089	0.650227	0.570287	1.45363	4.34974	5.4091	2.79743	2.03944	3.18723	0.403263	2.10216	0.403263	1.05143	0.570287	1.05148	1.55104	1.88219	2.19289	1.15464	1.37322	1.99117	1.54051	4.96243	0.919507	4.26733	3.06829	2.66089	2.01545	1.30022	3.99775	3.46017	1.14046	2.19289	4.10927	2.98246	1.31271	1.14043	0.901621	1.15458	1.30022	1.08193	2.52961	2.10995	1.61265	1.83854	1.44245	0.360683	0.97107	0.919488	2.0553	1.275	0.919488	3.74726	3.70824	1.61258	3.20749	3.24766	2.54874	1.70082	0.255036	1.40821
9.055	9.00621	4.59828	3.10985	4.54162	8.64367	9.52445	5.7342	8.52646	12.9055	9.93632	6.11854	6.2249	6.86917	6.43712	5.75403	6.19389	6.14458	5.78736	6.02349	5.64413	3.71244	3.79853	4.35697	4.26713	4.06161	3.94871	3.99753	4.59828	7.00697	7.10853	3.88681	2.19273	3.53842	5.14377	5.8672	7.60561	9.07898	3.74693	0.650169	2.37047	3.78565	3.14618	1.85598	2.03926	2.05512	0.919425	1.3731	1.48671	1.3731	2.10207	6.28868	7.99023	8.20147	7.82385	5.98083	6.47427	9.17413	11.5953	12.9162																																																																																								4.45558	4.72254	0.650169	0.919425	0.650169	0.721273	1.09675	0.743478	0.403227	0.510044	1.05139	1.30017	1.3731	1.27493	1.05139	0.650169	0.650169	0.901587	2.05514	0.97102	1.94974	1.4535	0.97102	1.14036	0.510044	0.540967	0.650169	0.570237	0.570218	0.180327	0.180327	0.180327	0.360651	0.180327	0.180327	0.403227	0.650169	1.09677	1.20952	1.5509	1.91625	2.05522	1.85598	1.3731	1.05139	1.05139	1.05139	0.901587	0.650169	0.570237	0.360651	0.570237	3.28703	5.42056	5.22735	3.79842	3.42689	2.80308	2.54856	1.45357	1.63249	0.540967	0.510017	1.08184	1.3731	0.80638	0.650137	0.650169	1.54038	1.20952	2.37047	3.46452	2.0552	0.650137	0.540967	1.94974	0.510044	2.45129	3.54757	3.55198	1.80268	4.75316	2.58013	1.88203	0.901587	0.510017	0.40321	1.80264	0.901564	1.88203	2.51011	2.45129	2.1779	1.70075	1.94984	2.74462	2.82036	3.6018	2.58021	1.78462	3.24741	4.76347	4.64364	4.45214	2.27982	2.50354	2.50354	0.570218	0.743459
5.99615	8.8536	5.41998	1.14024	4.58	11.8388	7.95134	3.10952	8.77338	9.61865	4.70862	2.34961	1.9826	2.57991	2.79695	2.75024	4.14376	4.17485	4.42627	5.40519	5.26356	3.06769	3.38382	2.95473	2.75024	2.90491	2.88813	2.055	1.63233	3.20687	5.34525	3.89456	0.74338	1.71008	2.80278	2.40423	7.78	10.1061	3.96444	0.255	3.15086	4.04512	1.61234	2.81417	3.71191	2.05498	1.05128	0.570176	0.650068	0.509962	2.34266	6.98093	4.62559	3.0782	5.40519	4.84347	6.09946	9.11634	10.6127	12.0816	12.6002	11.4699	9.0645	7.45716																																																																																				3.9969	4.69124	0.6501	0.570158	0.403184	0.721196	0.97088	0.764918	0.180308	0.74338	0.919327	0.743399	0.721196	0.50999	0.50999	0.6501	0.970916	1.0199	1.9826	2.055	2.05498	0.570176	0.6501	0.806328	1.01984	1.09663	0.743399	0.540909	1.15435	0.743399	0.743399	0.540909	0.403167	0.180308	0.403184	0.50999	0.50999	0.721196	0.403184	0.764918	0.570176	0.901491	1.31245	1.54021	1.45342	1.20939	0.901491	0.570176	0.403167	0.180308	0.570158	0.180308	1.45335	3.31118	4.77972	3.99697	3.14582	2.50339	1.61234	1.14024	1.9412	1.40793	1.05128	2.17758	0.403184	1.14024	1.80249	0.901468	0.180308	1.29997	1.48655	2.59873	3.0992	3.24716	2.95473	1.61234	0.360612	1.01984	1.91594	5.21436	1.01984	4.70837	1.70049	1.1402	0.97088	0.180308	0	2.03904	1.15435	0.570158	0.403184	0.901491	0.570176	0.901468	2.17017	2.93272	3.20703	3.06762	1.7753	1.48655	1.83818	3.06239	4.14388	4.51285	3.55177	2.72652	2.2795	1.29997	0.721196
2.54797	7.604	5.59142	0.509917	4.5796	13.5119	6.59975	6.59975	6.09606	3.56491	2.54797	2.54797	2.03886	1.52943	1.52943	0.509917	3.05668	2.03886	1.01975	4.07257	4.5796	0.509917	1.01975	0.509917	0.509917	1.52943	2.03886	0	1.52943	3.56491	5.59142	4.07257	0	2.03886	0	2.03886	8.1044	10.0929	4.07257	0	3.56491	4.07257	0	4.07257	3.56491	0.509917	0.509917	0	0.509917	0.509917	3.05668	7.10242	3.56491	0.509917	3.05668	2.03886	4.07257	6.59975	4.07257	1.52943	2.54797	5.59142	6.09606	8.1044																																																																																				3.56491	4.5796	0.509917	0.509917	0	0.509917	1.01975	1.01975	0	1.01975	0.509917	0.509917	0.509917	0	0	0	0.509917	0	1.01975	0	0.509917	0.509917	0.509917	0	1.52943	1.01975	0.509917	0.509917	1.52943	0.509917	0.509917	0.509917	0.509917	0	0	0	0	0.509917	0	1.01975	0.509917	0	0.509917	0.509917	0.509917	0.509917	0	0.509917	0.509917	0	0.509917	0	1.01975	2.54797	4.07257	3.05668	1.52943	1.01975	0	0.509917	2.03886	2.03886	0	2.54797	0	1.01975	1.52943	1.01975	0	1.52943	1.52943	0	0.509917	0.509917	0	0.509917	0	1.01975	2.03886	5.0859	1.01975	4.5796	1.52943	1.01975	1.01975	0	0	2.03886	1.01975	0.509917	0.509917	0	0	1.01975	2.03886	0.509917	0	1.52943	0.509917	1.01975	0.509917	0	1.01975	1.52943	1.52943	1.01975	1.52943	1.52943	1.01975
2.5477	7.60319	5.59082	0.509862	4.57911	13.5105	6.59905	6.59905	6.09541	3.56453	2.5477	2.5477	2.03864	1.52926	1.52926	0.509862	3.05635	2.03864	1.01964	4.07214	4.57911	0.509862	1.01964	0.509862	0.509862	1.52926	2.03864	0	1.52926	3.56453	5.59082	4.07214	0	2.03864	0	2.03864	8.10355	10.0918	4.07214	0	3.56453	4.07214	0	4.07214	3.56453	0.509862	0.509862	0	0.509862	0.509862	3.05635	7.10167	3.56453	0.509862	3.05635	2.03864	4.07214	6.59905	4.07214	1.52926	2.5477	5.59082	6.09541	8.10355																																																																																				3.56453	4.57911	0.509862	0.509862	0	0.509862	1.01964	1.01964	0	1.01964	0.509862	0.509862	0.509862	0	0	0	0.509862	0	1.01964	0	0.509862	0.509862	0.509862	0	1.52926	1.01964	0.509862	0.509862	1.52926	0.509862	0.509862	0.509862	0.509862	0	0	0	0	0.509862	0	1.01964	0.509862	0	0.509862	0.509862	0.509862	0.509862	0	0.509862	0.509862	0	0.509862	0	1.01964	2.5477	4.07214	3.05635	1.52926	1.01964	0	0.509862	2.03864	2.03864	0	2.5477	0	1.01964	1.52926	1.01964	0	1.52926	1.52926	0	0.509862	0.509862	0	0.509862	0	1.01964	2.03864	5.08536	1.01964	4.57911	1.52926	1.01964	1.01964	0	0	2.03864	1.01964	0.509862	0.509862	0	0	1.01964	2.03864	0.509862	0	1.52926	0.509862	1.01964	0.509862	0	1.01964	1.52926	1.52926	1.01964	1.52926	1.52926	1.01964
1.09632	7.13915	7.89932	6.60365	8.04238	10.6793	4.86851	8.06585	6.52317	3.08251	2.65949	2.36954	2.70185	2.34896	2.34896	1.94907	3.60487	3.46312	2.90969	4.70713	5.58184	3.82672	3.70663	3.9472	4.21604	3.70663	2.79616	1.37256	2.29301	4.1073	5.03727	3.06139	2.30723	1.83766	0.509817	2.41692	8.30513	8.72737	3.97564	4.70729	5.11347	4.15425	1.31208	4.21582	3.34907	0.919065	0.403069	0.36051	0.36051	0.36051	2.30711	6.27083	5.14783	1.13988	3.14483	2.45023	4.19666	6.53283	3.99577	2.79608	4.83216	10.458	15.6502	19.1515																																																																																				3.31997	4.29165	1.31208	0.806098	0.509844	0.806098	1.45298	1.70959	2.05442	2.01455	1.453	1.37256	1.31208	1.01961	1.01961	1.01961	1.13991	1.01961	1.45298	1.15408	0.649915	0.569995	0.540755	0.509844	1.15402	0.919046	0.743187	0	1.48609	1.09632	0.403052	0.403052	0.540755	0.403069	0.180257	0	0	0.403052	0.254927	0.7647	0.540755	0.509844	0.540755	0.403052	0.36051	0.743187	0.764741	0.970639	1.09634	0.649915	1.01961	2.10125	2.2575	1.88124	3.22107	3.94701	2.8477	2.05439	1.78393	1.85525	1.99019	1.40753	0.36051	1.81095	2.1696	1.15408	1.55021	0.919046	1.05098	1.45296	1.15402	0.403069	1.2616	1.37256	1.15408	0.649915	0.254914	0.7647	2.05431	4.96005	1.01955	4.70704	1.7	1.31204	1.27439	0.901234	1.15408	2.22851	1.62188	1.66147	2.2575	2.05442	1.55029	1.45298	2.27885	1.48612	1.52921	1.44175	0.36051	1.01955	0.649882	0.180257	1.01955	1.40753	1.27437	0.901188	1.52913	1.09632	2.16956
2.16936	5.14753	9.50552	9.75888	7.21632	2.90374	5.63867	7.5224	4.52893	0.764673	2.1693	1.09624	1.6317	1.15392	1.55008	0.720926	2.57895	3.7582	3.86416	5.14748	6.31367	5.96995	5.64153	5.34355	5.2127	4.70687	3.31985	2.34183	3.39672	3.95074	4.14222	5.03708	4.97283	2.90383	1.94881	4.2346	7.3815	4.7611	7.48655	8.6016	7.17213	4.8417	3.49534	5.22477	3.14455	1.37244	1.13981	0.970553	1.15398	1.40748	1.26148	3.19053	6.30334	4.83813	4.18493	6.10512	5.79839	4.84149	2.84747	4.27627	5.43265	8.31995	14.5766	20.6633	24.5545	23.9179	21.8	16.5343																																																																																2.4167	3.8178	2.84756	1.61173	1.15398	1.27432	1.44162	1.15398	2.27872	2.29293	1.66132	1.31196	1.2743	1.01952	1.01952	0.806027	0.540707	0.569963	1.13981	1.20894	0.918984	0.720926	0.649857	0.901154	0.569963	0.360477	0.180241	1.09622	1.45285	1.88107	0.569963	0.569963	0.180241	0.403033	0.569963	0.509799	0.403033	0.360477	0.254905	0.254891	0.403033	0.509799	0.403033	0.180241	0.180241	0.403033	0.509799	0.569963	0.970517	0.403016	0.805992	1.48595	1.05088	0.743121	1.37239	4.6895	4.70662	1.31193	1.20894	2.27872	2.90943	2.45011	1.9489	2.59776	3.09804	2.52817	1.83749	2.6776	3.49539	2.6776	0.901154	0.569944	1.70938	1.31196	1.20894	1.05083	1.26148	0.901154	1.94048	4.84147	0.403033	4.53945	2.81312	2.72547	1.9489	0.901154	1.45285	1.62174	0.764632	0.901108	0.901131	0.720926	0.901154	1.83749	3.06645	2.84756	2.93163	3.24595	3.43946	3.54587	2.75506	1.05088	0.970517	1.45281	1.29955	2.34187	2.57895	2.42351	2.79591
1.44148	1.88088	3.06627	4.32092	1.66105	3.08198	3.61761	2.34154	0.743026	1.81061	1.66109	0.509754	0.970464	1.69978	2.54709	2.36909	0.254882	1.37224	1.27417	2.57863	2.9035	2.16922	2.05405	1.40736	1.01943	1.15388	1.88088	2.44973	3.14935	3.24554	3.86381	4.07919	3.60422	4.39105	3.20533	5.54896	4.53897	2.96971	4.74727	3.99526	3.06097	2.05405	3.10805	6.22353	2.99668	0.720856	0.901043	1.15388	1.40736	1.15388	1.20883	0.918897	6.22094	7.88754	3.07677	4.74731	4.07919	1.27417	1.91516	5.03327	9.15992	8.63869	6.9226	2.81875	10.7587	16.2706	19.3537	18.5684	14.7923																																																																					0	0	0	0	0	0	0	0	0		1.13966	2.36909	2.57863	1.4858	0.743051	0.56991	1.66105	0.540654	1.78348	0.402997	0.805908	0.901012	0.649756	0	0	0.805908	0.649798	0.918872	0.180223	0.509717	0.649756	0.569886	0.254882	0.540654	0.540654	0.254882	0.918872	1.31179	0.970416	2.05391	0.540654	0.743051	0.918872	0.254864	0.402997	0.509754	0.540654	0.402974	0	0	0	0	0	0	0.180223	0.254882	0.254882	0.540654	1.13966	0.720856	1.08121	1.80164	1.31184	0.569886	0.918872	4.46743	4.74698	1.81061	1.31179	2.05391	2.36909	2.30682	2.16922	1.66114	1.26136	2.65898	1.27421	2.44986	2.50223	2.34852	1.70921	0.901012	1.66105	0.901012	0.509717	2.19875	1.66109	0.970464	1.63154	4.75039	1.69967	3.70574	4.74698	3.95032	1.45271	1.01935	2.03806	0	1.20883	2.3485	1.55001	1.55001	1.09611	1.69967	2.98046	1.98982	1.45274	2.5787	3.24566	3.75785	3.79623	1.81061	0.743026	1.85481	1.63156	2.40311	2.44986	1.8017	0.805954
0	2.54675	1.01926	4.07062	3.5632	2.54675	2.03788	1.52869	0	1.52869	1.01926	0	0	0	1.52869	2.54675	0.509672	1.01926	0.509672	2.03788	2.03788	0	0	0.509672	0	0	2.03788	2.54675	2.54675	1.52869	0.509672	0.509672	3.5632	5.08347	3.5632	6.09315	3.05521	3.5632	1.52869	1.01926	1.52869	0.509672	2.54675	6.59661	3.05521	0.509672	0.509672	0.509672	0	0	0.509672	0	6.09315	8.59949	2.54675	0	1.01926	1.01926	1.01926	3.05521	8.59949	9.09712	7.60039	2.03788	0.509672	2.03788	8.59949	14.4655	16.36																																																																					0	0	0	0	0	0	0	0	0		0.509672	1.52869	2.54675	1.52869	0.509672	0.509672	2.03788	0.509672	2.03788	0	1.01926	1.01926	0.509672	0	0	1.01926	0	1.01926	0	0.509672	0.509672	0.509672	0	0.509672	0.509672	0	1.01926	1.01926	1.01926	2.03788	0.509672	0.509672	1.01926	0.509672	0	0	0.509672	0.509672	0	0	0	0	0	0	0	0	0	0.509672	1.01926	0.509672	0.509672	1.01926	1.01926	1.01926	1.01926	4.07062	4.07062	1.52869	1.52869	2.54675	2.54675	0.509672	0.509672	0.509672	1.01926	2.54675	0.509672	1.52869	0.509672	2.03788	2.03788	1.01926	1.52869	1.01926	0.509672	2.54675	1.52869	0.509672	1.01926	4.57741	2.54675	3.05521	5.58875	4.57741	1.52869	1.52869	2.54675	0.509672	1.01926	2.03788	0	0	1.52869	2.03788	3.05521	1.52869	0.509672	2.03788	1.01926	2.03788	3.5632	2.03788	0.509672	2.03788	1.52869	1.52869	1.01926	0	0.509672
1.5392	3.31886	3.79564	4.67797	3.84619	2.57816	2.10808	1.88053	1.01923	1.83697	2.27808	1.5392	0.569801	0.254818	1.31159	3.41487	4.10204	3.45722	2.16879	1.66078	1.66076	0.805797	1.29918	1.69945	1.78326	1.78326	2.72473	3.61698	3.96195	3.14376	2.81247	3.20492	4.90616	5.87066	4.10971	5.94649	3.63924	5.21418	3.6215	3.14378	3.245	2.90305	3.94554	7.1029	2.99615	0.900875	3.46188	5.13985	5.21123	4.95847	4.19915	2.74253	5.24779	8.24866	3.4383	2.22773	3.4944	3.86306	3.54487	1.8013	7.06253	10.2055	9.05835	3.64358	0.569801	2.34806	7.75871	13.9942	19.2055																																																																					1.40708	1.40708	1.15365	1.01923	1.01923	1.15365	2.0138	2.54666	2.10046		1.05059	1.372	2.05355	1.63124	0.764456	1.05054	2.17615	1.05059	2.34808	2.42282	2.41612	1.45246	0.254832	0.402919	0.402919	1.15359	0	1.15359	0.402919	0.742891	0.569782	0.569801	0.649672	0.360375	0.509627	0	0.900852	0.918703	0.918703	1.66076	0.360375	0.402901	0.764415	0.569782	0.180189	0.180189	0.569782	0.402901	0	0	0	0	0	0	0	0	0	0.402901	0.970241	0.720721	0.360375	0.720721	1.48553	1.20854	0.970277	4.15265	4.90938	2.44929	1.93993	2.74242	2.9085	1.5392	2.03781	2.74843	2.79512	3.31878	1.01923	1.61121	1.26112	2.34116	2.88623	2.40265	2.34116	1.81027	0.402919	2.95264	2.05357	1.37205	1.63126	4.74954	3.24486	2.41602	5.47233	5.04507	4.18374	2.99629	3.41476	0.360375	1.08101	1.61121	0	0.360375	1.93993	2.10808	2.70078	1.80126	1.08101	1.45239	0.918703	1.40701	3.21987	2.52103	2.10046	1.9813	1.7089	2.22767	1.66082	1.15365	1.2086
1.45228	1.4523	3.06535	4.58371	3.99398	2.96883	2.54634	1.80111	0.56974	0.56974	1.66067	3.1486	3.21966	2.27783	2.05333	4.34575	6.22978	5.67897	4.59429	3.3088	1.85436	1.29904	1.91458	1.91458	1.13937	0.402858	1.13937	2.84645	4.60825	5.72951	6.21951	6.22978	7.45152	7.31162	2.9796	5.4631	7.25091	7.13598	5.08907	4.6638	4.34575	3.42391	6.3488	6.6387	2.19082	5.32032	7.14262	6.75093	6.11325	5.61085	4.90579	4.37525	2.67643	6.6651	6.1391	3.84991	2.50793	4.58378	6.07388	5.01267	1.63106	9.76759	11.4449	8.40902	3.78236	0.764374	5.67891	12.6161	21.2929	24.2732	20.8844	15.7281																																																													0.509599	0.509599	0.649602	1.45228	2.22749	2.44915	2.55907	2.55907	2.42257	2.05343	1.80116	2.54634	2.29203	2.57796	2.67655	2.34788	1.20847	1.01906	1.09581	1.31145	1.88033	2.05335	1.05047	0.18017	1.53903	1.40693	1.05047	1.29904	1.54955	2.01358	2.27783	1.3719	1.45226	1.27382	1.53903	0.540496	0.970173	1.20847	1.01912	1.29904	1.66067	1.4523	0.509599	0.402858	1.09581	1.29904	0.649602	0.56974	0.918624	0.74283	0.56974	0.360336	0.254805	0.509599	0.402876	0.18017	0.18017	0.402876	0.509599	0.509599	0.402876	0.18017	0.254791	0.64957	0.764374	1.54955	1.3719	1.20842	0.918605	1.20847	3.31843	5.50973	4.50923	2.80049	3.64319	5.04453	5.14866	5.08275	3.94531	3.75673	4.52716	3.30877	2.57794	3.46146	3.78244	3.81637	2.8803	2.34783	2.70653	1.27378	3.43793	2.34777	0.918624	1.54947	4.19848	3.64317	1.31141	4.32326	2.65822	1.80111	1.66067	3.97373	3.81217	2.05343	1.70877	1.54955	1.2738	2.25631	1.70871	2.40234	2.81778	1.15347	0.764374	1.80116	1.85436	2.10785	0.970138	1.31145	1.31145	2.19078	3.10715	1.85436	1.2738	0.56974
0.569671	1.40681	2.25611	2.74777	2.27756	1.80992	1.62096	0.40284	0.918523	1.05038	1.69904	1.88022	3.10693	2.70631	4.78571	4.68726	2.16837	2.88566	2.6213	2.57773	2.0134	2.10005	3.30361	3.64302	3.1891	2.22729	1.31133	0.254782	1.27371	2.93022	3.43781	3.14832	9.321	9.64268	0.509554	2.90249	4.33055	2.93022	1.69912	2.16083	2.44884	4.58314	8.38368	4.10103	2.93017	5.57007	4.49819	1.69912	1.26088	1.09569	2.09995	2.74188	0.72058	3.75629	7.09038	6.1981	3.3808	2.10767	2.67631	5.70639	3.64287	5.2376	8.76573	8.93447	6.35837	2.90235	2.16832	3.84977	9.12583	14.8202	16.7484	16.3889	12.7858	7.58997																																																						0.402823	0.540448	0.509554	0.509554	0.509554	0.509554	0.509554	0.742764	1.66046	1.83657	1.13927	1.15343	1.40681	1.45217	1.27368	0.649545	1.40673	0.254782	0.40284	1.29892	1.80095	0.900699	0.569671	0.180154	0.540448	1.80992	2.19063	2.10005	2.01338	1.63092	0.970087	0.540448	1.27368	1.91441	2.6213	2.19804	1.98906	1.27368	1.77378	1.801	2.25611	0.970051	0.72058	0.80564	1.29892	1.69912	1.54941	1.27368	0.742764	0.80564	1.13927	1.0808	0.509554	0.72058	0.72058	0.40284	0.254769	0.540448	0.509554	0.540448	0.402823	0.402823	0.540448	0.509554	0.509554	0.540448	0.402823	0.402823	0.569671	1.05033	1.63094	2.05323	1.15343	0.402823	0.254782	2.16825	4.24391	5.2376	4.14015	4.85572	6.10458	4.37487	3.4142	1.80095	1.66046	2.70629	3.06498	2.01338	3.70875	2.52696	3.54858	2.80024	0.900675	2.25611	2.19793	3.31808	2.59638	0.72058	2.74188	3.62064	2.42222	1.80994	4.77565	3.4236	3.01719	2.19059	1.52834	3.84552	3.1891	2.17581	1.70862	1.63094	2.57765	2.01338	2.52694	3.86214	1.45213	1.45215	1.27371	1.77378	2.22729	1.40681	1.26088	1.05033	2.34756	2.74777	0.40284	1.66043	0.742764
1.52812	0	3.05407	3.05407	2.03712	1.52812	1.01888	0.509482	1.01888	0.509482	2.5458	2.03712	2.03712	2.03712	5.58667	5.58667	0	2.03712	1.01888	1.01888	1.01888	1.01888	1.52812	1.01888	2.03712	1.52812	1.01888	0.509482	1.01888	0.509482	0	1.01888	10.5776	10.5776	1.52812	2.5458	0.509482	1.01888	0.509482	1.52812	2.5458	5.58667	8.59633	2.5458	3.05407	4.06911	2.5458	1.01888	1.01888	1.01888	2.03712	2.03712	1.52812	2.03712	6.59417	6.09089	4.06911	3.05407	0.509482	5.08158	4.5757	3.56187	7.09642	8.09757	6.59417	4.06911	2.5458	1.52812	4.06911	7.59758	9.09377	12.0471	12.5336	9.09377																																																						0.509482	0.509482	0	0	0	0	0	0.509482	1.52812	1.52812	0.509482	0	0	0.509482	1.01888	0	1.01888	0	0.509482	0.509482	1.52812	1.01888	0.509482	0	0	1.01888	1.01888	0.509482	1.52812	1.52812	0.509482	1.01888	1.52812	0	1.52812	0	2.03712	0.509482	1.01888	0	3.05407	1.01888	0.509482	0.509482	0.509482	0.509482	0.509482	1.01888	0.509482	0.509482	0.509482	1.01888	0	0.509482	0.509482	0	0.509482	0.509482	0	0.509482	0.509482	0.509482	0.509482	0	0	0.509482	0.509482	0.509482	0.509482	1.52812	1.52812	1.01888	0.509482	1.01888	0.509482	2.03712	3.56187	5.08158	4.5757	5.58667	6.59417	3.05407	2.5458	2.03712	1.01888	1.52812	2.5458	1.01888	3.56187	2.03712	4.06911	3.05407	0.509482	2.03712	2.5458	3.05407	2.5458	0.509482	3.05407	3.05407	1.52812	1.52812	4.5757	2.5458	1.52812	3.05407	1.52812	2.03712	2.03712	1.01888	1.01888	1.01888	2.03712	1.01888	2.03712	4.06911	1.01888	1.01888	0	1.01888	1.01888	0.509482	1.01888	1.52812	2.5458	2.5458	0	2.03712	0.509482
8.92078	6.73956	2.09964	2.52004	3.70812	3.53434	2.97888	3.46053	4.90766	4.7037	4.70361	4.18211	4.34452	3.07498	5.46139	5.72761	1.54911	2.69979	2.27719	2.34029	2.95164	4.83842	6.01927	6.38744	7.06909	6.98082	6.03255	5.24602	4.8218	3.62008	2.44846	2.10733	9.4856	9.6035	2.17539	1.85375	0.569559	0.900499	0.649386	2.3402	4.90425	8.10079	6.40961	2.95164	6.57922	6.40231	4.77489	4.04106	4.28859	4.34824	4.37401	3.60212	2.36773	1.2986	5.78876	6.59352	4.88781	3.63782	4.45069	4.85159	3.06432	2.42175	6.13213	9.03754	7.69015	6.18679	7.55532	8.23632	5.63489	5.49647	8.82653	11.1624	13.3199	12.872																																																						0.918363	0.742619	0.509454	0.509454	0.509454	0.509454	0.509454	0.720439	1.45182	1.40646	0.509427	0	0.180119	0.569559	0.649386	0.805482	1.26063	0.764157	0.742619	0.540342	1.37146	1.27342	0.569578	0.402761	0.649418	1.09548	1.13901	0.540342	1.05012	1.62064	1.45189	1.63062	1.98867	0.969897	1.48495	1.29867	1.83622	0.180119	0.900499	0.360234	2.67565	1.05012	0.402744	0.402744	0.569559	0.540342	0.360234	0.7426	0.969897	0.805482	0.742619	1.37146	0.7426	0.969897	0.742619	0.509454	0.540342	0.254719	0.402761	0.720439	0.720439	0.360234	0.402744	0.254732	0.402761	0.360234	0.360234	0.180119	0.540342	0.805448	1.83622	0.540342	1.66017	1.91393	0.969897	2.16041	3.97257	5.91998	5.86838	5.63462	6.41704	3.97257	3.05912	1.6306	1.37146	2.57715	2.54558	1.45185	3.38014	2.19016	4.04087	2.99498	1.08059	1.2986	2.16041	2.72363	1.66011	1.31108	2.50065	2.69972	1.85375	1.27339	4.70345	2.67565	1.45182	2.81698	1.98052	1.83622	1.52796	1.08059	1.45187	1.63062	2.34714	2.05282	2.69979	4.31841	4.13954	3.70817	2.81137	2.90747	2.34721	1.70823	1.20807	0.720439	2.9296	4.13945	2.17539	1.53854	0.360234
15.6899	12.7539	6.52738	1.77328	3.41323	4.18174	5.33949	7.0527	8.56755	8.85818	9.81052	9.2852	8.10034	7.23069	6.65328	4.75748	1.31096	2.22666	2.99486	3.82346	4.88757	5.33944	3.37998	2.95138	6.27852	9.99779	11.8947	12.896	13.1515	11.6368	10.4715	10.7345	11.8506	9.4586	5.4729	6.59807	7.91085	8.6535	8.34972	8.0022	9.73697	9.32539	2.36752	9.4586	10.5173	9.45883	7.77166	7.24823	7.27446	7.20648	7.58809	7.09978	5.28506	2.50054	3.57023	6.02907	4.68593	1.85367	3.47417	2.90166	0.25471	1.08049	2.7529	8.06884	9.94612	10.1935	10.4893	10.5775	8.64796	1.91386	7.29374	8.90031	11.2029	14.7237	11.2892	4.49335																																																			1.27332	1.37139	1.1531	1.1531	1.54897	1.91386	2.03683	1.91386	1.54897	1.26052	0.900419	0.569527	0.764089	0.64936	0.360202	0.402725	0.918281	0.720375	0.25471	0	0.509409	0.569509	0.918281	1.27335	1.29855	1.6105	2.44822	2.25557	1.20802	0.180103	0.742553	0.64936	0.969775	1.44052	1.77328	2.347	2.99486	2.74712	2.30526	2.59577	2.69962	2.34696	0.900442	0.509382	0.64936	1.20802	1.40641	1.40641	0.900465	0.180103	0.402725	0.764089	1.8094	1.83605	0.805411	0.900465	1.01874	1.1531	1.27335	1.01874	0.742553	0.720375	0.360202	0.25471	0.509409	0.569527	0.360202	0.180103	0.402708	0.402708	0.742553	1.83605	2.34689	1.69855	3.21833	1.40641	2.09946	3.70779	6.40161	7.52911	5.40193	6.01587	4.32918	2.05264	0.402708	1.85359	3.05348	0.918281	2.36756	2.22661	1.91376	4.13897	2.65723	1.1389	0.180103	1.40641	1.05008	0.64936	1.31096	0.900419	2.16022	3.06413	2.17519	5.14341	2.44814	1.78231	1.37134	2.55811	3.70347	3.39429	2.67555	2.09946	2.57698	3.31727	3.37998	3.24344	1.27332	1.45176	1.93907	1.37139	2.51982	1.85367	3.34622	1.29849	1.05003	1.40641	3.60182	3.78103	3.18316	2.01283
9.12241	13.3647	10.5113	1.65979	1.15292	0.900385	2.84512	4.50723	5.03262	4.24255	6.10254	5.90286	4.13881	4.53581	4.19291	1.53832	0.742458	0	0.900385	1.77312	2.22645	0.540241	2.96744	3.92704	5.4954	4.02028	6.0895	7.94603	9.12088	8.98223	8.09573	8.93154	10.5823	9.48593	7.48023	7.11269	7.85798	8.62541	8.26738	6.86009	7.35165	3.63708	8.47947	11.2126	5.28457	4.04034	3.43653	3.34609	3.30724	3.14199	4.67185	6.01795	5.10852	3.05855	3.10568	5.94303	4.5035	1.153	2.4012	0.742483	1.52766	1.09527	1.04999	2.4012	5.18348	5.17113	3.47385	3.07963	6.97234	4.26121	4.85383	6.63555	6.59702	10.7846	11.1602	6.10222	1.87944	0.540241	0.402666																																													0.402666	0.540241	0.720305	1.13879	0.720305	0.509364	0.742483	1.2732	1.45163	1.52777	1.45163	1.04999	0.569474	0.254669	0.569474	0.764021	0.569474	0.254669	0.56945	0.254669	0.402689	0.509364	0.742483	0.969722	0.805337	0.509328	0.805337	0.900385	1.2604	2.5451	1.6599	1.7079	0.402689	0.509364	1.08039	1.0953	0.254687	0.764021	1.54883	1.77312	1.69848	2.16756	2.67531	2.42145	1.69848	0.900385	1.15292	0.918169	0.900385	1.01865	1.153	1.37127	1.2732	0.742458	0.402666	1.09527	1.98015	1.69848	1.52777	1.52777	1.52777	1.29844	0.900354	0.180085	0.509328	0.509328	0.402666	0.254687	0.180085	0.509328	0.180085	0.254669	0.918169	0.540241	1.52766	2.10685	2.70526	2.90681	0.509364	0.509364	1.31079	5.85902	7.7296	4.38771	5.38646	3.82286	0.402689	1.65982	2.27668	3.243	2.50676	3.18789	2.34679	3.14183	4.70254	2.16741	0.805292	0.742458	0.402666	1.09527	0.569474	0.254669	0.569474	1.20791	2.51957	2.09927	5.07062	1.2732	2.95091	0.540241	2.01257	2.96744	3.39398	3.45526	3.18288	4.05619	5.01034	5.14628	4.88714	4.18136	3.2827	2.22645	1.54883	2.81644	1.13879	3.82286	1.15292	1.04992	1.04999	0.969675	1.52777	2.59554	2.72316
7.09367	14.4549	11.5546	1.52753	1.01848	1.01848	2.03633	3.05288	3.56048	1.52753	1.52753	3.56048	1.01848	1.52753	0	1.01848	0.509282	0.509282	0.509282	1.01848	1.01848	1.01848	3.05288	2.5448	7.59464	4.06752	1.01848	2.03633	3.56048	4.57392	0.509282	1.52753	5.5845	4.06752	0	0.509282	2.5448	2.03633	1.52753	0.509282	4.57392	1.01848	10.0806	11.0649	3.05288	0.509282	0	0.509282	1.52753	1.01848	3.05288	5.07961	4.57392	2.5448	2.5448	5.5845	4.06752	0	2.03633	1.01848	1.52753	1.52753	0	0	1.52753	3.05288	2.03633	2.03633	6.59161	5.07961	4.06752	7.09367	6.59161	9.58616	10.5735	6.59161	2.03633	0.509282	0.509282																																													0.509282	0.509282	0.509282	1.01848	0.509282	0	0.509282	1.01848	0.509282	0	0.509282	0.509282	0	0	0.509282	0	0.509282	0.509282	0.509282	0	0	0	0.509282	0.509282	0.509282	1.01848	0.509282	0	1.01848	2.5448	0.509282	2.03633	0	0	1.01848	0.509282	0.509282	0.509282	0.509282	0.509282	0.509282	0.509282	0	0.509282	0	0.509282	1.52753	1.01848	0	0	0	0.509282	1.01848	1.01848	0.509282	0.509282	1.01848	0.509282	0	0	0	0.509282	1.01848	0	0.509282	0.509282	0.509282	0	0	0.509282	0	0	1.01848	0	1.52753	1.01848	2.03633	2.03633	0	0	1.01848	6.08853	7.59464	4.06752	5.5845	4.06752	0.509282	1.52753	2.03633	2.5448	1.52753	1.52753	0	3.56048	5.07961	2.03633	0.509282	0.509282	0	1.01848	0	0	0.509282	0	1.52753	0.509282	4.57392	0	3.56048	1.01848	2.5448	2.03633	1.01848	0.509282	0	2.5448	3.05288	1.52753	0.509282	2.03633	2.5448	1.01848	0	3.05288	1.01848	3.56048	1.01848	0.509282	0	0	1.01848	0.509282	2.03633
9.02898	15.0886	11.1084	2.69871	1.7819	2.34634	1.80889	3.24239	3.64078	1.8791	1.83557	4.14949	1.97978	1.31055	0.254624	1.04973	0.54014	0.805147	1.31055	2.34629	2.67477	2.90084	4.3168	1.98795	6.21771	4.85309	3.70676	3.6008	1.54845	4.54901	5.60718	5.94224	7.34386	4.34655	1.45131	1.04978	3.07905	3.75427	3.37902	3.06333	5.60993	6.46694	12.892	13.2561	7.68755	6.72764	6.10926	4.99019	4.27193	3.86012	4.67443	6.18431	5.18237	4.10674	5.96366	7.34169	5.41237	3.43586	3.84334	3.07383	2.10654	0.742323	0.805181	0.805181	1.69807	2.57616	2.61981	3.75427	7.92224	6.13501	3.74122	7.16432	7.46991	10.5741	10.4206	5.63536	1.77271	1.09509	0.91802																																													0.742323	0.900186	0.91802	1.09507	0.72017	0.509264	0.54014	0.763831	0.569365	0.900209	0.805181	0.180051	0.402611	0.649175	1.04978	1.27298	1.20767	0.969535	0.569365	0.254624	0.402611	0.360099	0.360099	0.742341	0.91802	0.918001	0.402593	0	0.900163	2.25483	1.13862	1.77271	0.180051	0	1.01839	0.649143	0.649143	0.805147	0.72017	0.72017	0.72017	0.54014	0.180051	0.509237	0	0.402593	1.31055	1.48443	1.40601	1.15277	1.15277	0.900209	0.509237	1.13858	0.742341	0.402611	0.72017	1.13862	1.01845	1.01845	1.01845	1.13862	1.48443	1.79997	2.09886	2.09886	1.93852	1.20767	0.649175	0.72017	0.969535	1.54853	1.70765	1.15277	1.83553	1.48443	2.0122	1.27292	1.371	2.19679	2.57627	5.7003	6.9779	4.19573	5.45934	4.07507	0.900163	1.29812	1.69807	2.50619	0.918001	1.54845	0.569347	3.37888	5.14195	2.90075	1.44011	1.26016	2.01226	2.81605	2.92856	2.81032	1.91332	1.04973	2.40076	1.65955	4.59107	1.04978	2.55725	1.98795	3.10511	2.34627	1.27296	0.969535	1.01845	2.57616	2.69871	1.40593	0.649143	1.91322	2.10647	2.01223	1.7819	3.41693	2.16714	1.94676	2.59504	2.67479	2.16714	1.79997	0.509264	1.44011	2.18934
12.7951	16.2954	11.703	8.22655	3.63612	1.27281	2.90046	4.13361	2.79262	1.94656	0.900129	4.28634	1.94656	1.65935	1.79981	2.33921	3.21726	3.94644	3.54184	2.92823	1.37088	0.742272	2.88375	2.90058	2.09854	4.54509	5.45911	6.33684	6.06938	3.70209	1.77252	2.6744	5.06919	0.900129	4.5449	5.4001	7.09727	8.65032	8.59562	8.21916	9.63695	11.6484	14.6538	11.8938	5.78636	4.70154	4.50249	4.49172	4.34251	4.4196	5.20971	6.91551	5.20968	5.3853	7.19271	6.0164	3.28176	1.91315	3.10487	3.25708	1.54829	3.35953	4.93152	5.35548	5.61806	6.06938	7.0928	7.74227	11.2467	9.84463	5.67468	7.0857	9.33667	12.5955	9.44159	3.21708	1.26004	1.48429	1.54839	1.91315	1.94668	1.53788						3.88053	6.09822	7.9438	9.27501	9.45702	8.92904	7.88991	6.73409	5.21894																												0.900098	0.742247	0.569288	0.509183	0.569288	0.180034	0.180034	0.540087	0.649117	0.969446	0.900129	0.742272	0.540087	0.402551	0.360064	0.649117	0.649117	0.402574	0.180034	0.402551	0.402574	0.540087	0.254615	0.402574	0.540087	0.254596	0.402574	0.402574	0.805063	1.48425	1.20756	0.917908	0.254596	0	0.900068	0.742247	1.09496	1.09496	0.360064	0.402551	0.540087	0.649117	0.805108	0.742272	0.509219	0.254615	0.540087	0.969446	1.04969	1.04969	1.20756	1.20756	0.742272	0.763749	0.402574	0.569288	0.7201	1.29807	1.40588	1.15267	0.900129	0.917933	1.04969	1.20756	0.969446	1.04969	1.6594	1.62985	1.04962	1.01836	1.65935	1.20749	0.969446	0.805108	1.62983	1.37088	0	2.65635	3.94644	3.45428	2.84435	4.6046	5.6063	4.83257	5.67438	4.26	2.15939	0.763803	0.900068	1.80871	1.27284	1.40578	0.900068	2.67437	3.99081	2.75184	2.34606	2.18917	2.72239	3.30634	4.34995	4.19173	3.07875	2.74592	2.19645	1.83535	3.31585	0.969399	1.65943	3.97891	4.05504	2.09867	0.805108	1.37088	2.03607	2.34604	2.17426	1.3708	0.254596	2.01196	0.402574	2.34606	1.79981	2.36666	2.16688	0.763749	1.29807	1.37088	0.900098	1.3708	2.34606	2.05187	1.98773
12.6088	14.9522	9.93184	9.99429	5.81048	4.68378	5.99432	3.06267	0.649048	2.09835	0.649048	4.93076	2.0516	3.06258	1.85278	2.49935	4.3457	4.1372	2.69833	0.742196	1.61972	2.19636	1.27269	1.62969	1.70726	0.91784	2.05166	3.34479	5.72187	7.68607	7.34035	5.78566	6.4358	2.65607	7.08502	5.38758	4.8357	5.33694	5.47029	5.20625	5.21855	5.63168	7.91875	5.21827	1.69782	2.03586	2.18895	1.87873	0.899987	1.60966	3.95805	6.22418	3.05731	2.75158	2.84393	1.04953	1.70731	1.54823	0.90001	2.80963	4.74163	4.85215	4.43728	4.57989	5.21852	5.10363	4.8324	4.67016	9.70008	9.38606	5.8762	6.27538	9.49352	12.5278	7.0061	1.04953	0.569235	0.742178	0.805024	1.20744	1.37073	1.62967	1.09486	0.509165	0.742196	0.969346	2.18892	4.83552	5.92211	6.35877	6.10019	4.38629	3.92553	3.99059	4.31224	6.26254																									0	0.402515	0.96931	0.360029	0.360029	0.72003	0.649048	0.91784	0.742196	0.509165	0.540035	0.180016	0.509138	0.180016	0.569254	0.91784	0.91784	0.91784	0.742196	0.509165	0.509165	0.402532	0.180016	0.805024	0.649048	0.254574	0.254587	0.402532	0.509165	0.509165	0.540035	0.899987	0.649016	0.180016	0.180016	0.180016	0	0.649016	0.569254	1.27269	0.540035	0.360029	0.649048	0.900033	1.01825	0.900033	0.649048	0.509165	0.540035	0.254587	0.540035	0.402532	0.180016	0.509138	0.360029	0.90001	0.569254	0.254587	0.649016	1.01819	0.360029	0.540035	0.402515	0.402515	0.569235	0.254587	0.649048	1.15254	1.04958	0.540035	1.15248	2.44694	1.83521	2.90019	2.44697	0.742196	0.402532	0.763681	0.763681	2.44697	3.59561	2.59453	1.48414	0.402532	3.56852	4.70079	5.72157	6.31574	4.34189	2.16665	1.8527	0.569235	0.402515	1.60966	1.20739	0.402532	3.07313	3.14065	1.54815	1.27269	1.25991	1.79953	1.53767	1.65923	2.18892	3.59552	2.94981	1.87879	2.92794	1.9794	1.53767	2.79236	2.87785	2.16667	1.37068	0.254587	1.94638	1.01825	1.09486	1.94638	1.53767	0.899987	2.4137	1.60966	1.91284	0.763681	1.37068	1.8527	1.20739	1.29793	1.53772	1.98756	3.42097	2.75164	0.91784	1.78145
12.0382	13.4909	7.59184	9.08694	3.55916	5.07772	8.09147	1.52696	1.0181	2.03557	0	5.07772	1.52696	4.06601	1.0181	0.509092	3.55916	0.509092	1.52696	0.509092	2.03557	0.509092	2.54386	0.509092	2.54386	0	0.509092	0.509092	1.0181	2.54386	5.07772	4.06601	6.08627	0.509092	7.09105	4.06601	1.52696	0	0.509092	0	0.509092	2.03557	5.58243	3.55916	0	0	1.0181	1.0181	0.509092	1.52696	4.06601	6.08627	2.54386	2.54386	2.03557	0	0.509092	0.509092	0	3.05175	5.58243	4.06601	2.03557	0	1.52696	0.509092	0	2.03557	8.09147	7.09105	1.0181	3.55916	8.58986	12.0382	6.08627	0.509092	0.509092	0.509092	0.509092	0.509092	0.509092	1.52696	1.0181	0	0.509092	0.509092	2.03557	5.07772	5.07772	3.05175	1.52696	0	2.03557	2.54386	3.05175	6.58917																									0	0.509092	1.0181	0	0	0.509092	0	0.509092	0.509092	0	0.509092	0	0.509092	0	0	0.509092	0.509092	0.509092	0.509092	0	0	0	0.509092	0.509092	0.509092	0.509092	0	0	0	0	0.509092	1.0181	0.509092	0	0	0	0	0.509092	0	1.0181	0	0.509092	0	0	0	0	0	0	0.509092	0	0.509092	0	0	0.509092	0	0.509092	0	0	0.509092	1.0181	0.509092	0.509092	0.509092	0.509092	0.509092	0	0.509092	0	0.509092	0	1.0181	3.05175	1.52696	2.54386	2.54386	0.509092	0	0.509092	1.0181	3.05175	3.05175	0	1.52696	0	3.55916	4.57222	6.08627	6.58917	4.06601	1.52696	2.54386	0.509092	0	1.52696	1.0181	0.509092	3.05175	2.54386	1.0181	0.509092	0.509092	1.52696	2.03557	1.0181	2.03557	4.06601	2.54386	0	1.52696	0.509092	1.52696	3.05175	2.03557	1.0181	2.03557	0	2.54386	0	0.509092	2.03557	1.52696	1.52696	2.54386	2.03557	2.03557	1.0181	1.52696	1.52696	0.509092	0	0.509092	1.52696	3.05175	1.0181	1.52696	2.03557
12.2093	12.9851	7.76001	8.9225	6.29456	8.22417	9.58507	6.31483	5.58214	4.93976	4.579	6.09887	3.3777	4.92988	2.90515	2.27545	3.95331	1.29768	2.44647	3.10395	4.66234	3.81245	4.43641	4.579	3.30531	1.7812	1.6589	0.359959	2.25405	6.68934	8.83794	8.70918	6.92059	2.92737	6.4246	5.41021	3.42033	1.25967	0.402436	0.254524	0.539929	1.8082	5.58769	5.98536	4.34864	3.68791	3.70098	3.85861	3.98988	4.34121	5.5619	6.13271	3.7784	4.17893	5.27852	3.73995	3.43452	4.31897	4.82481	4.49039	5.16795	4.10105	2.44649	1.69749	2.73936	3.31508	3.82089	4.60344	9.04811	8.44513	5.9211	6.64883	9.51642	11.2856	5.32662	0.402436	0.402453	0.969156	0.648921	0.402436	0.402436	1.45072	1.13814	0.509065	0.539929	0.569124	1.91247	4.71352	4.92981	3.37756	1.93769	0.969156	3.1039	3.59938	3.43441	5.77606																									0.402453	0.539929	0.899811	0.179981	0.254538	0.569124	0.254538	0.254524	0.539929	0.509065	0.742051	0.763573	0.742051	0.402453	0.179981	0.402436	0.539929	0.719889	0.719889	0.648921	0.648921	0.359959	0.402436	0.539929	0.359959	0.359959	0.509065	0.509065	0.402453	0.179981	0.509038	0.899811	0.539929	0.402453	0.179981	0.179981	0.402453	0.719889	0.402436	0.917642	0.569142	0.402436	0	0	0	0.179981	0.402453	0.402453	0.254524	0.254538	0.569124	0.402453	0.509065	0.742051	0.899857	0.969156	0.648921	0.402453	0.569124	0.917642	0.969156	0.804867	0.359959	0.359959	0.742051	0.569124	1.09464	1.01805	1.13817	0.804867	0.969121	2.79756	1.31004	2.57516	2.49874	0.539929	0.742033	1.6589	1.87842	3.07253	2.5939	0.899834	2.16622	1.13817	3.94097	5.2783	6.42457	5.77606	3.21616	2.67372	2.52454	0.804867	0.509065	1.77201	1.7812	2.84349	2.88288	1.946	1.04932	0.648889	0.402453	1.6194	2.54363	1.83485	2.54363	4.34104	2.61871	0.804832	2.27537	1.60942	1.79923	2.74513	1.78111	0.899834	1.60935	1.07976	2.96565	1.79927	1.79927	1.65887	1.40538	1.40538	2.44647	2.09794	1.79918	1.15226	1.27242	1.65884	0.509038	0.359959	1.07976	2.01141	3.14004	1.25967	1.62937	2.88288
13.2089	14.0084	11.0423	11.1314	11.2825	12.0996	12.5042	11.4366	8.94136	7.49426	7.34487	3.9449	0.917579	3.4714	5.21683	3.31461	1.65869	1.04923	4.03743	6.18914	7.30368	6.60993	5.57303	4.2586	1.98698	0.402417	1.70677	2.15857	7.16331	12.6693	12.4665	8.87979	3.25583	4.26976	2.6552	4.26987	6.82062	6.58819	4.95234	4.32602	3.84575	4.07334	6.1816	8.39977	8.08447	6.809	5.21707	5.21705	6.11938	7.37068	8.14076	7.03604	6.08795	6.809	8.96938	9.41698	9.59433	10.1032	10.6976	10.3341	7.94271	4.88381	2.36575	0.917579	0.741985	1.20709	2.61855	4.03763	8.77835	11.1535	12.077	12.0124	11.6661	8.9534	2.84313	0.569092	0.569092	0.569092	0.569074	0.179965	0.359927	0.899731	1.07967	0.804795	0.254515	0.804761	2.33821	4.03743	3.82035	3.3049	2.54341	2.75086	5.5614	5.74248	4.90349	4.16688	2.67337	1.45065	1.45065	1.04928																	2.8147	3.45293	3.63921	2.74502	1.78104	1.40533	1.13807	0.804795	0.763505	0.917579	0.763505	0.539881	0.254515	0.50902	0.648864	0.763505	0.648864	0.569092	0.569092	0.648864	1.01796	1.54779	1.85226	1.52674	1.13807	0.899754	0.648864	0.804795	0.569092	0.179965	0.179965	0.402417	0.569092	0.648864	0.741985	0.254501	0.648864	0.719825	0.508993	0.402417	0.569074	0.402417	1.07967	0.569092	0.569074	0.50902	1.04928	1.27237	1.04928	0.648864	0.179965	0.359927	0.254501	0.179965	0.508993	0.254501	0	0.179965	0.359927	0.359927	0.402417	0.569092	0.741985	1.04928	1.40533	1.29756	0.741985	0.254501	0.402417	1.2975	1.40526	0.254515	0.569074	0.569074	0.508993	2.10546	2.0511	2.34516	1.15216	1.40533	1.62923	0.917561	0.539881	2.36571	3.01404	3.3774	2.17353	2.16598	4.97793	6.17359	5.13323	4.03746	3.53133	3.70501	3.06187	1.53729	0.569092	1.79902	3.10362	3.9449	2.92716	0.741985	0.969035	0.917579	0.917561	0.763505	2.57501	3.241	3.58117	3.35814	1.13804	2.69749	3.59906	2.59379	1.94593	1.77186	1.52666	0.254501	0.804795	2.5179	2.72131	1.87825	1.9124	1.01796	0.804761	0.648832	1.97884	2.70348	1.987	1.80804	1.87825	2.5179	1.70683	0.899777	0.804761	1.9123	2.94897	1.98698	3.3917	5.10842
11.2959	12.6678	9.92809	6.68821	6.864	8.32148	6.57059	6.66668	6.40354	2.9269	3.45721	3.95651	2.44615	1.97864	4.59886	4.01712	3.13956	1.54765	4.34757	7.90365	5.50293	3.77344	2.57469	3.59412	3.75198	2.19554	2.72109	2.51765	9.72838	11.7938	5.48858	2.73873	8.09888	6.27555	3.29985	2.30314	3.88703	6.08738	5.13304	4.34787	3.61668	2.69732	2.4196	3.66528	4.03723	4.13553	1.87808	2.61821	3.25547	4.3106	4.67174	3.81168	4.14714	3.95258	4.09659	5.74205	6.24266	5.88219	6.06649	6.46329	5.67205	3.24071	0.917493	0.968982	2.01111	2.33809	2.96508	0.804677	3.05622	5.23192	6.41631	6.49517	6.31355	3.59424	0.179948	0.741916	0.179948	0.539828	0.741891	0.254492	0.539828	0.359891	0.359891	0.804677	0.402358	1.27217	3.14455	3.7776	2.65492	2.41943	1.93731	3.01364	5.62929	3.9688	2.67324	2.01108	0.804677	0.899697	1.37022	1.27223	0.741916	0.508975	0.508975	0.539828	0.402358	0									1.98678	2.10534	2.57477	2.90473	3.21572	3.07728	1.53714	1.01787	0.899697	0.648806	0.508975	0.719755	0.508975	0.968934	0.402358	0	0	0	0	0.179948	0.402381	0.508975	0.741916	1.04918	1.37022	1.09446	0.968934	0.741891	0.508975	0.539828	0.569015	0.402381	0.539828	0.402358	0.179948	0.569039	0.648806	0.648763	0.254492	0.899636	0.899636	0.569039	1.09444	0.648763	0.741916	1.01787	0.804722	0.741916	1.27223	1.27226	1.27223	0.569039	1.04912	0.648806	1.0178	0.539828	0.569015	0.402381	0.508975	0.508975	0.648806	0.741916	0.359891	0.179948	0.402381	0.508975	0.508975	0.719755	0.968934	0.569015	0.254492	1.27217	1.37015	0.763437	0.917493	0.569039	0.402381	1.25943	1.45052	0.899697	1.2722	1.78088	0.899697	1.09446	2.05092	2.81445	3.24071	2.55594	1.53707	4.10025	5.37646	5.32559	2.57466	3.41969	3.06148	1.27226	1.80784	1.77167	0.763383	1.69708	4.57085	2.27494	2.27494	0.804677	0.648763	0.648806	1.65855	1.20692	0.648806	1.65863	1.87808	0.648763	1.93741	2.88237	2.79129	1.13797	0.899667	0.763383	1.78076	0.899667	1.48358	1.83447	1.40511	1.40511	0.179948	0.899636	0.402381	0.569015	1.04918	1.98681	1.62907	1.70667	1.87808	2.33803	1.98681	1.09444	0.508975	2.27494	3.39118	3.20044	3.45713	3.43381
9.08345	11.0566	8.58655	2.03477	5.58026	7.08831	2.54286	5.58026	6.58662	1.01771	3.05055	6.08391	0.508893	0.508893	3.55777	2.54286	2.03477	0.508893	4.06442	8.58655	5.58026	3.05055	3.05055	4.57044	3.55777	0.508893	1.52636	1.52636	10.5656	11.546	2.03477	5.07575	9.08345	4.06442	2.03477	4.57044	0.508893	3.05055	1.01771	1.01771	1.52636	0	0	1.52636	1.52636	3.55777	1.52636	2.54286	3.05055	3.55777	3.05055	2.03477	3.05055	3.05055	0.508893	0	0.508893	0.508893	1.52636	0	2.03477	2.03477	1.52636	1.01771	1.01771	1.01771	3.05055	1.52636	0.508893	0	1.01771	2.03477	3.05055	1.01771	1.01771	0.508893	0.508893	0.508893	0.508893	0	0.508893	0	0	1.01771	0.508893	1.52636	3.55777	3.55777	2.03477	2.03477	1.52636	3.05055	5.58026	3.05055	1.01771	0.508893	0	0.508893	0.508893	1.01771	0.508893	0	0	0.508893	0.508893	0									2.03477	1.01771	1.52636	1.52636	1.01771	2.54286	1.01771	0	0	0	0	0.508893	0	1.01771	0.508893	0	0	0	0	0	0	0	0.508893	0.508893	0.508893	1.01771	1.01771	0.508893	0	0.508893	0.508893	0	0.508893	0.508893	0	0.508893	0	1.01771	0	1.01771	1.01771	0.508893	1.01771	1.01771	0	0	0	0.508893	1.01771	0	1.01771	0.508893	1.52636	0	1.52636	0.508893	0.508893	0	0	0	0	0.508893	0.508893	0	0	0	0	0.508893	1.01771	0.508893	0	1.01771	1.01771	0	0.508893	0	0	0.508893	0.508893	0.508893	2.03477	0	1.01771	1.52636	0.508893	0.508893	0.508893	0.508893	2.54286	4.57044	5.07575	4.57044	1.01771	2.03477	3.05055	0	1.52636	2.03477	1.01771	1.52636	5.07575	2.54286	2.54286	1.01771	0.508893	0.508893	1.52636	1.52636	0.508893	0.508893	0.508893	0.508893	1.52636	1.52636	2.03477	0.508893	1.01771	0.508893	2.03477	1.01771	1.01771	1.01771	1.01771	1.52636	0	1.01771	0.508893	1.01771	1.01771	1.01771	1.01771	0.508893	1.01771	1.52636	1.52636	1.52636	0.508893	2.03477	3.55777	4.06442	3.55777	2.03477
9.06384	9.49312	7.44518	3.31372	5.88075	6.17958	3.84033	6.49118	5.74064	1.83417	4.20784	6.41474	1.30959	0.968795	3.34272	3.14399	1.3699	2.57428	5.55983	6.06501	5.0374	5.05337	3.45655	3.78968	3.55745	0.804532	1.45017	2.67264	11.4771	11.0918	1.4502	5.88075	9.20582	3.85701	2.01066	4.66734	1.93704	2.73824	0.968759	1.04893	1.04893	1.36995	1.36995	1.77135	1.4833	3.96807	3.47054	3.81096	3.59804	3.07138	2.80803	2.16537	2.92617	3.05028	1.13771	1.77142	2.19512	1.29719	0.741756	1.27201	1.70629	2.05041	1.54727	1.04898	3.56668	4.63304	4.22705	2.67273	2.19512	2.28878	1.85173	1.04893	2.79078	2.15795	0.71962	0.402286	0.568912	0.568912	0.568912	0.179914	0.508848	0	0.179914	0.899476	0.508875	2.01066	2.84229	2.90407	2.92628	3.48903	3.47054	3.95592	4.81614	2.30273	1.45022	1.30959	0.899522	0.402303	0.648647	0.568912	0.968795	1.01767	1.45024	1.85173	1.77142	1.40493									1.93696	1.48326	1.69677	1.45017	0.648647	2.10486	1.93704	2.0347	2.0347	2.0347	2.0347	1.7986	1.29719	1.43901	1.13775	0.899522	0.648679	0.508875	0.402303	0.179914	0	0	0.508848	0.402286	0.568912	0.763247	0.968759	0.741756	0.179914	0.402286	0.568912	0.254429	0.741756	0.359824	0.179914	0.568912	0.254443	0.763247	0.402303	0.968759	0.899476	0.508848	0.804532	1.09423	0.56893	0.179914	0	0.402286	0.9173	0.763288	0.9173	0.741756	1.29713	0.359824	1.29713	0.402286	0.539728	0.402303	0.254443	0.402303	0.402303	0.648647	0.508848	0	0.179914	0.254443	0.254443	0.402286	0.71962	1.29719	1.40493	0.917319	0.568912	0.763288	0.402303	0	0.179914	0.539728	0.71962	0.741774	2.01066	1.40493	1.45022	1.65825	0.741774	0.71962	0.71962	0.804532	3.39058	5.30058	4.57708	3.05558	2.99173	3.81091	3.54386	0.359824	1.09423	2.5743	3.53947	1.7986	4.20784	3.14399	1.77135	1.83417	1.15189	0.9173	1.15183	1.53679	0.968759	0.968759	0.917319	1.04893	1.85165	1.2067	1.69677	1.27194	1.54735	2.34455	3.06093	2.67273	2.25321	1.20675	1.13771	1.45017	0.254443	0.917319	1.65831	2.10493	2.05049	1.53685	0.71962	0.508848	1.15183	1.27194	1.30955	1.80751	1.54735	2.88181	4.44186	4.44186	2.90407	1.45017
10.9614	9.6811	6.98123	6.62889	7.51442	4.84893	3.97571	5.83107	4.54502	3.06073	6.17893	6.66214	0.568878	0.917207	2.89819	3.31332	1.13764	5.80653	5.78185	1.93686	2.55521	3.23979	0.74168	2.926	5.1032	2.44533	2.1726	6.22014	11.6021	6.83627	4.83253	9.10436	8.96043	3.2347	1.93686	4.57667	2.90391	2.8983	3.0129	4.10324	4.34664	3.84005	2.27439	4.84895	4.18854	0.648621	3.05018	5.1065	4.66709	3.30378	2.70243	2.44533	2.49755	2.44529	2.09694	1.5471	0.179896	1.53664	1.87754	2.28858	2.17272	3.06061	2.74982	2.90376	3.4092	3.09216	2.41221	1.36983	1.15179	1.2719	1.15179	0.804494	1.27181	2.09694	0.402244	0.179896	0.402244	0.568878	1.2719	1.91169	2.19492	2.28858	2.09707	1.83399	1.20664	1.87747	1.27181	1.87754	3.05544	3.8693	4.01614	2.90391	1.91155	2.65433	3.48876	3.30378	2.0503	0.968706	1.40481	2.03452	1.70618	1.01758	1.27187	1.20664	1.48316	1.29708	1.54721	1.9452	1.85156						1.45002	1.69659	1.79832	1.29699	0.359789	1.60867	2.55521	2.67252	2.41891	2.28858	2.41891	2.41891	2.17272	2.10474	2.30264	2.44546	2.09707	1.45011	0.917232	0.539675	0.25442	0.402267	1.15179	2.03452	1.65816	0.804494	0.74168	0.648579	0.254402	0.254402	0.648579	0.74168	0.74168	0.179896	0.254402	0.402244	0.25442	0.179896	0.568878	0.917207	1.09412	0.917232	1.04889	1.48316	1.25908	0.568853	0	0.179896	0.539675	0.648621	0.917232	0.71955	0.568853	0.917232	0.74168	0.179896	0.402267	0.568878	0.50883	0.741705	0.804494	1.07925	0.968706	1.01758	1.04889	0.899442	0.648621	0.402267	0.254402	0.402267	0.539675	0.402244	0.648621	0.76322	0.741705	0.508794	1.53671	3.21481	3.37614	1.61864	1.29699	0.804448	1.29699	1.01751	0.50883	0.402267	0.804448	2.54243	6.71219	8.74637	7.41286	4.48837	1.77117	3.77238	5.56215	2.88155	1.15179	3.0129	4.43439	4.74211	4.01608	3.35684	1.30947	1.61864	0.968706	1.25908	0.741705	0.89938	1.30942	1.48311	0.917232	1.87747	2.27429	1.09415	1.30942	2.41208	1.83399	2.25301	2.52335	2.16523	1.79844	1.60867	1.45008	1.45005	0.899442	1.29708	1.6967	2.10474	2.79059	2.30264	1.25908	0.648579	1.15171	0.71955	1.54721	2.65433	3.73823	4.37237	5.03691	4.14597	1.48316	0.402244
7.193	7.54524	7.33481	8.76168	7.1245	5.39544	4.61474	2.01024	3.06031	1.98605	6.21179	6.64725	1.87735	1.9449	2.55481	2.34398	2.34402	5.72003	3.23929	1.77101	1.70595	1.62845	3.78901	3.3132	6.17843	4.41559	3.70305	8.39545	8.37105	2.73781	6.34892	8.23483	5.63009	1.30933	0.648553	3.6373	1.44991	2.18725	3.61072	4.36821	4.68036	5.92571	3.34224	7.47142	5.79237	5.2511	2.41853	3.40889	2.2239	1.85137	1.98605	2.05004	1.85129	1.20646	2.7377	1.97789	2.17249	2.36462	1.7982	1.01747	1.48301	3.31308	2.54223	4.26772	5.22967	1.70601	1.27176	1.20651	1.01747	1.01747	0.648553	0.568819	1.65796	1.83377	0.741611	0.254393	0.179879	0.359754	1.43873	1.79825	2.16506	2.28833	2.33718	2.33713	0.74163	1.29688	0.71948	0.508776	0.71948	1.3093	1.53649	0.804375	1.69652	2.28833	2.34409	2.88125	2.5737	0.568819	1.98605	1.85137	2.01024	0	0.539622	0.648553	0.741611	0.179879	0.71948	1.40466	1.87735	1.61848	0.74163	0.539622	0.402207	0.8993	1.44989	1.69644	1.6579	1.40458	0.96857	0.74163	0.763139	0.74163	0.539622	0.254393	0.539622	0.648553	1.27172	1.09404	1.29694	1.6085	1.65796	1.44991	0.96857	0.568801	0.254393	0.539622	1.80716	1.94499	1.97789	0.763139	0.91714	0.568819	0.179879	0.402207	0.96857	0.741611	0.254379	0.179879	0.179879	0.179879	0	0.402207	0.179879	0.8993	1.36963	0.91714	0.763139	1.09402	1.44989	0.8993	0	0	0.402207	0.402207	0.804375	0.179879	0.568819	0.568819	0.179879	0	0	0.179879	0.254393	0.568801	0.402225	0.899323	0.899346	1.01747	0.899346	0.74163	0.539622	0.254393	0.568819	0.899346	1.13753	1.09404	0.402225	0	0.359754	1.52593	2.96396	4.3424	4.40117	4.20324	1.8773	2.33713	2.79023	1.09404	1.20651	1.09404	1.48297	4.20324	8.09588	8.70407	6.08505	6.00862	6.18619	1.20646	5.10272	4.83182	0.568819	2.55481	1.04878	2.84188	3.85642	2.67221	1.36963	1.44989	0.359754	0.539622	0.763139	0.568819	0.568801	1.44993	1.6085	1.80716	1.85129	0.917121	1.62843	2.17241	1.2717	0.8993	0.96857	1.70595	0.741611	0.539622	0.899323	1.13749	0.74163	0.568819	0.254379	1.2717	2.25267	1.25895	2.19458	0.8993	0.763098	0.568819	0.968606	1.40466	2.72004	2.27416	3.21434	2.69613	0.402207	0.359754
6.58418	5.07387	4.06291	6.08166	3.04942	2.03401	1.52579	0.508704	2.03401	2.03401	5.5782	6.08166	1.52579	2.54192	2.54192	1.52579	2.03401	5.07387	3.04942	1.52579	1.52579	1.52579	3.55644	0	6.08166	5.07387	4.56875	9.08012	6.58418	1.52579	3.55644	5.5782	3.04942	0	0	3.55644	1.01733	2.03401	3.55644	3.04942	1.52579	4.56875	0	7.58611	2.54192	6.08166	3.55644	3.55644	1.01733	0.508704	1.01733	1.52579	1.52579	0.508704	2.54192	1.01733	1.01733	1.01733	1.01733	0	1.01733	3.04942	1.52579	3.55644	5.07387	1.01733	0	0.508704	0	0	0.508704	1.01733	1.01733	1.01733	0.508704	0	0	0.508704	1.52579	0.508704	0	0	1.01733	2.03401	1.01733	1.01733	0.508704	0	0.508704	1.01733	1.52579	1.52579	1.01733	0	0.508704	2.54192	3.04942	0	2.03401	1.01733	2.54192	0	0	0	0.508704	0	1.01733	0.508704	1.01733	1.52579	0.508704	0.508704	0.508704	1.01733	1.52579	1.52579	1.52579	1.52579	1.01733	0.508704	0	0.508704	0.508704	0	0.508704	0	1.01733	0.508704	0.508704	0.508704	1.01733	1.52579	1.01733	0.508704	0	0.508704	2.03401	0.508704	2.03401	0	0.508704	0	0	0.508704	1.01733	0.508704	0	0	0	0	0	0.508704	0	1.01733	1.52579	0.508704	0	1.01733	1.52579	1.01733	0	0	0.508704	0.508704	1.01733	0.508704	0.508704	0	0	0	0	0	0	0.508704	0	0.508704	0	0	0	0.508704	0.508704	0	0	0	0.508704	0.508704	0.508704	0	0	2.03401	3.55644	3.55644	3.04942	5.07387	2.03401	2.03401	3.04942	0.508704	0.508704	1.01733	1.52579	4.56875	8.08537	8.08537	3.55644	3.04942	6.58418	3.55644	4.06291	5.5782	0	2.54192	1.01733	0.508704	1.01733	0	2.03401	1.52579	0	0	0	0	0	0.508704	0.508704	1.01733	1.52579	1.01733	1.52579	1.52579	1.01733	1.01733	0.508704	1.52579	1.01733	0	0.508704	1.01733	0.508704	0	0	1.52579	2.54192	1.01733	2.54192	1.01733	0.508704	0.508704	0.508704	0.508704	2.03401	0.508704	2.54192	2.54192	0.508704	0.508704
11.3224	11.6913	11.6913	11.9535	10.5802	8.58653	5.89497	3.6851	3.61006	3.40833	6.68889	6.73855	3.85567	4.83104	4.87392	3.41772	2.52259	4.83086	2.84119	1.44961	1.43845	3.05446	4.3415	1.83345	5.98861	5.02579	5.45308	8.58615	6.02046	1.07894	2.89736	5.53453	4.34142	0.899147	0.916942	3.05965	1.36942	2.16457	2.67157	2.97422	1.98566	5.22866	1.62813	7.83507	3.05965	5.07963	3.48767	5.91115	5.13626	3.46919	2.44463	2.73717	2.00991	1.20628	3.07018	1.65764	1.6576	1.52563	1.30904	1.20628	2.18686	2.96339	1.30904	3.80935	5.07963	0.899124	0.179844	0.568708	0.568708	0.56869	1.44965	1.83345	1.48272	1.07894	0.359684	0	0.179844	1.09381	2.36412	1.69619	1.09383	0.56869	0.916942	1.36937	1.70568	1.70568	1.04857	0.648426	0.539517	0.899124	1.20623	1.61817	1.80682	0.968417	0.539517	2.16452	2.67159	2.04972	2.70166	1.98566	2.84121	1.04857	0.568708	0.254343	0.568708	0.568708	0.648394	0.719339	0.402129	1.62813	1.85101	1.85101	1.65764	1.07894	1.44961	1.27145	1.44961	1.53619	1.25871	1.20628	1.40438	1.44967	0.648426	0.179844	0.179844	0.648426	0.916942	0.179844	0.539517	0.56869	0.968381	1.44963	1.70568	1.85101	1.65766	1.44967	2.04964	0.741485	1.83341	1.94461	2.19426	1.69619	1.15144	0.968417	1.09381	0.719339	0.402146	0.25433	0.402146	0.402146	0.25433	0.402129	0	0.899124	1.27147	1.36942	1.15144	1.25871	1.36937	0.762949	0.254343	0.179844	0.402129	0.402129	0.804218	0.539517	0.56869	0.254343	0.25433	0.402146	0.648426	0.76299	0.568708	0.56869	0.402146	0.539517	0.179844	0.179844	0.568708	1.80682	2.90304	2.74317	1.44965	0.179844	0.402129	0.539517	0.359684	0.179844	0.91696	2.22341	2.94699	2.84121	3.27824	4.38188	1.60812	2.18682	2.57319	0.179844	0.899147	1.36942	2.8807	4.88038	7.4423	7.22002	3.63661	1.85092	6.21059	3.87633	4.31551	4.2062	1.60819	3.43179	2.33672	1.52571	0.899147	0.179844	1.53619	2.04969	2.16464	1.7979	1.52571	1.94461	2.16464	1.20628	0.254343	0.741466	1.29662	1.29662	1.52563	1.29662	1.13727	1.20623	1.04852	1.70562	1.44963	1.29669	1.15144	0.741466	0.648394	0.741485	1.15144	2.34356	2.22341	2.25223	3.27824	1.93628	1.15144	0.899147	0.899124	1.62811	2.52259	1.29669	3.07018	3.13767	1.85101	2.33672
16.7218	18.1277	17.6107	16.7973	17.0343	16.3584	14.5619	11.8963	9.95163	9.10979	11.0411	10.5278	6.09385	4.71988	4.84711	4.89644	3.61425	3.06991	1.98548	2.25213	0.899045	4.96131	5.93749	5.33133	7.34131	7.89477	9.14023	8.67266	4.73669	4.01459	7.63683	9.42471	7.93068	4.44353	3.4127	2.87484	3.38912	3.78804	1.79774	1.61802	3.31226	4.5433	2.7428	6.1223	6.00955	2.39784	2.9632	5.22839	5.73813	4.96142	5.035	4.65826	1.80664	1.36924	3.92132	2.25213	2.71923	2.39778	1.80666	1.62797	1.60798	1.83325	1.70552	4.01442	4.73666	1.13717	1.01718	0.916879	0.179828	1.40419	1.44948	0.402093	1.04848	1.27136	0.402093	0.359652	0.402093	1.15128	2.16433	0.359652	1.60798	1.62797	1.20617	0.359652	1.29657	1.94444	1.5466	1.20617	0.762922	0.402093	0.741419	1.44955	2.27351	2.49673	2.55421	2.22326	0.648336	1.65749	1.27138	1.65743	2.00967	1.3693	1.30896	1.15134	1.5466	1.77057	1.15134	0.568657	0.539469	0.804181	1.1372	1.1372	1.61802	1.20617	1.27136	0.804147	0.968295	1.44952	1.70552	1.44955	1.29657	1.01718	1.20612	0.254307	0.254307	0.254307	0.648336	0.359652	0.40211	0.539469	0.402093	1.04848	1.91094	2.55421	2.80683	2.54156	2.04951	1.44955	2.30175	3.61425	3.55594	3.07002	2.00976	1.40426	1.30896	0.804181	0.539469	0.648336	0.179828	0.359652	0.402093	0.179828	0.254321	0.719275	1.04848	1.27138	0.741419	0.7414	0.648336	1.15134	1.91094	1.70552	0.968331	0.508631	0.254307	0.179828	0.402093	0.568657	0.741419	0.254321	0.402093	0.40211	0.719275	0.741419	0.804181	0.508631	0.359652	0.539469	0.719275	2.00967	3.31214	3.81764	4.83061	2.74876	0.899068	0.40211	0.40211	0.719275	1.98546	1.79769	1.29651	2.17188	2.89719	2.49662	0.968295	1.27134	1.09371	1.2714	1.80666	2.49673	2.74876	3.54217	5.1387	6.63358	7.53693	5.77146	6.6836	3.10131	5.07918	2.96312	1.62797	3.19834	2.04946	2.67147	2.49673	1.2586	0.741419	1.20617	1.29657	1.30896	1.60805	3.18333	3.14263	2.78944	0.762881	0.539469	1.53606	2.04943	1.36924	1.04843	0.899045	0.968295	1.70547	1.65745	1.65745	0.91686	0.179828	0.254321	0.899068	1.40419	1.27138	2.18662	0.568639	3.63627	2.81244	0.40211	0.7414	1.07884	2.0097	2.54147	1.4495	0.568657	3.29749	3.30238	2.44451	4.20219
7.09523	8.61412	10.2648	6.9871	8.33622	9.72148	10.0237	9.5078	7.8881	6.12722	8.56832	10.1905	5.69549	3.9535	2.30138	2.36367	1.77953	0.17981	2.2733	2.59158	3.37434	6.35121	5.2975	3.74927	5.83404	7.69362	11.9661	10.1767	3.3886	5.48426	10.6652	11.1193	7.96776	4.71943	3.92092	2.34315	2.70116	2.34321	2.52212	1.40404	2.04932	0.89898	2.98983	2.55399	5.3934	4.01406	3.44976	1.54636	2.92446	2.73664	4.26608	5.22775	4.13236	3.48687	3.98587	0.916793	2.6529	1.98527	2.17168	2.88017	2.61631	2.73678	2.44426	3.30204	3.9535	1.69578	1.30884	1.79752	0.968195	1.69578	1.4824	1.87664	2.28748	2.74843	1.40404	0.804062	0.50855	0.719205	2.15671	1.94427	1.97713	1.4824	0.74135	1.27123	1.54636	0.539416	0.719205	0.719205	0.539416	0.25428	0.254298	0.254298	0.74135	1.52544	2.19387	2.04935	1.62783	1.5359	1.1371	2.16417	0.89898	0.359617	0.89898	0.968242	1.1371	1.30884	1.36917	1.04838	0.254298	0.568605	0.916793	0.916793	0.568581	0.539416	0.741325	0.568581	0.25428	0.568605	1.0936	0.804062	0.17981	0.539416	1.29637	0.17981	0.17981	0.64831	1.20599	0.402074	0.762854	0.64831	0.359617	0.402051	0.539416	0.804108	1.15124	1.20606	0.804108	1.07874	1.48245	2.15671	1.44942	2.22298	1.4824	0.508586	0.719205	0.359617	0.50855	0.648268	0.568605	0.64831	0.17981	0.254298	0.254298	0.402074	0.359617	1.29637	0.719205	0.719205	0.64831	1.61787	1.69589	2.16417	1.07874	0.539416	0.254298	0.254298	0.402074	1.07874	0.64831	0.648268	0.719205	0.539416	0.25428	0.402074	0.402074	0.402051	0.17981	0.568581	0.25428	1.70529	4.28103	2.67108	4.13239	4.48599	1.60781	0	0.17981	0.968195	2.09593	0.402051	0.64831	0.804108	1.20599	0.898949	1.44936	1.62783	1.54647	1.44938	1.93584	1.80646	0.402051	2.78916	3.59599	4.81361	6.1763	5.7265	7.50877	4.59568	8.51479	3.61372	2.84079	4.57448	4.09714	2.22298	2.70113	2.17156	0.25428	0.89898	0.899011	0.89898	1.52533	2.81214	1.87657	3.81704	0.804062	1.4824	2.44412	2.84063	0.916768	1.3691	0.89898	0	1.43818	2.00955	2.34315	2.04932	1.36917	0.64831	0.804108	2.41092	1.65725	1.04832	0.968242	2.92446	2.50282	1.44942	1.83312	1.53597	2.39754	1.3691	0.762854	1.27123	3.198	3.44976	2.25179	2.92453
0.508505	5.07189	9.07663	3.04823	4.56697	5.07189	4.56697	6.0793	4.56697	1.01693	6.0793	10.0655	7.08295	4.56697	1.52519	1.01693	0.508505	1.01693	2.03322	1.01693	4.06133	7.08295	5.57603	1.01693	2.54092	6.0793	12.5103	11.0484	3.04823	6.58164	10.0655	5.07189	2.03322	4.56697	3.55506	1.52519	2.03322	0.508505	2.54092	2.54092	1.52519	1.01693	2.54092	2.54092	2.03322	5.07189	3.55506	1.52519	2.54092	2.03322	3.04823	3.55506	4.06133	4.56697	4.06133	0.508505	2.54092	1.01693	0.508505	2.03322	1.01693	1.01693	1.52519	2.54092	3.55506	2.03322	1.01693	1.52519	1.52519	1.52519	1.01693	1.52519	0	3.04823	2.03322	1.01693	0.508505	0	1.01693	0.508505	1.01693	1.01693	0.508505	1.01693	2.03322	0.508505	0.508505	0.508505	0.508505	0.508505	0	0	0	0.508505	0.508505	0	1.52519	1.52519	1.01693	1.52519	0	0	0.508505	0.508505	0.508505	0.508505	0.508505	0.508505	0.508505	0.508505	0.508505	0.508505	0	0.508505	0.508505	0.508505	0	0	1.01693	1.01693	0	0.508505	1.01693	0	0.508505	0	1.52519	0.508505	0	0	0.508505	0.508505	0.508505	0.508505	0	0.508505	0	1.01693	1.01693	1.52519	0.508505	2.03322	1.52519	0	0.508505	0.508505	0.508505	0.508505	0.508505	0	0.508505	0	0	0	0.508505	1.52519	0.508505	0.508505	0	1.52519	0.508505	2.03322	1.01693	0.508505	0	0	0	1.01693	0.508505	1.01693	0.508505	0.508505	0	0	0	0.508505	0	0.508505	0	1.01693	4.56697	4.06133	2.54092	5.07189	2.03322	0	0	1.01693	2.03322	0	0.508505	0.508505	1.01693	0.508505	1.52519	1.01693	0.508505	1.52519	2.03322	1.52519	1.52519	2.03322	1.52519	0.508505	3.04823	2.54092	5.57603	1.52519	10.0655	4.56697	1.01693	4.06133	5.07189	3.04823	2.54092	2.54092	0.508505	1.01693	0	0.508505	2.03322	3.04823	2.03322	4.06133	0.508505	1.52519	3.04823	3.04823	0.508505	1.52519	0.508505	0.508505	0.508505	1.01693	1.52519	1.01693	1.01693	0	0	2.54092	2.03322	0.508505	0.508505	2.03322	2.03322	0.508505	1.01693	0.508505	2.03322	0.508505	0.508505	1.52519	3.04823	3.55506	3.04823	2.54092
0.401979	4.8456	8.08547	4.57374	6.26964	7.05794	8.09936	9.46819	8.30634	5.6947	7.68595	10.2628	7.68595	5.93576	3.83749	2.57232	1.77007	1.87623	2.9893	1.83277	4.58409	6.41734	5.95446	3.77421	5.45125	6.83661	10.9411	8.69734	7.4865	8.02125	8.46155	4.95984	1.61757	4.67758	5.42482	4.59823	2.97323	1.27104	2.34271	3.92032	4.04925	2.04895	1.54609	2.81164	1.93549	4.49585	3.95289	3.4679	3.07436	2.16377	3.37373	2.84013	3.23748	5.22062	4.87857	2.19344	3.05858	1.53568	0.648184	1.36886	1.77007	2.69474	4.03341	4.201	3.60868	2.36324	1.27102	1.62752	2.44379	1.93556	0.179777	1.87623	0.898835	3.05325	2.33576	0.74119	0.50846	0.179777	0.898812	1.09342	0.74119	0.719071	1.65705	2.67069	3.07436	2.04895	1.61757	0.803918	0.401979	0.539316	0.648184	0.898835	0.898835	0.916619	0.916619	0.762705	1.36886	1.15095	0.803918	1.29614	0.35955	0.179777	0.401979	0.401979	0.568496	0.741208	0.539316	0.568478	0.254235	0.568496	0.916619	0.916619	0.898835	0.968056	0.568496	0.401979	0	0.35955	1.13684	0.803918	0	0.401979	0.898812	1.15101	1.44913	1.52514	1.61757	0.741208	0.401996	0.179777	0.401979	0.568496	1.04818	1.44913	1.40386	1.04818	0.762705	1.27102	1.65702	2.18604	1.79723	1.83273	1.15095	0.254248	0.401979	0.35955	0.719071	0.74119	0.568478	0.254248	0.762665	0.254248	0.254235	0.401996	0.719071	1.29614	0.401979	0.254235	0.741208	1.83273	0.648184	2.04885	0.96802	0.719071	0.803953	1.15101	1.15101	1.61757	1.36891	1.61757	1.30859	1.04818	0.568496	0.401996	0.401996	0.539316	0.648184	0.741208	0.401996	0.568478	4.33981	4.41309	1.85023	4.33981	2.92399	0.898812	0.35955	1.13684	1.52506	0.508487	0.179777	0.254235	1.36886	0.401996	1.79714	0.803918	0.648184	1.44909	2.41716	2.6706	3.1976	4.26544	3.86671	3.44932	3.77414	3.41643	5.62691	4.09659	8.07572	4.03324	2.09566	2.94589	4.3693	4.33994	3.18243	1.87623	0.803918	1.48213	1.01689	0.401996	3.46777	4.4995	3.77414	5.05252	1.40379	1.87623	2.41716	3.08993	0.719071	1.44909	1.271	0.401996	0.803953	0.96802	1.15095	1.20578	1.27097	0.254248	0.401996	2.44369	1.9103	0.648152	0.539316	1.93549	2.16377	2.00919	2.61581	2.59108	2.18604	0.648184	0.568496	2.3971	3.0108	2.67057	3.14159	2.84013
2.83998	4.53799	6.45392	7.27816	8.13161	9.10984	10.726	12.3253	11.7835	8.50725	9.30098	9.95996	8.21987	7.58206	6.32965	4.13122	2.04874	3.14126	4.34303	1.6953	4.56608	3.98491	8.69874	10.8005	11.4239	10.5754	8.56411	2.16349	6.51528	9.94797	10.4045	7.51732	5.45087	7.15323	9.87284	11.126	9.68695	6.96707	5.23565	5.05228	5.24771	3.0583	3.41609	7.19941	6.9466	7.41576	6.7239	6.90311	6.48603	4.44188	2.87933	1.27084	1.80595	4.66331	4.74843	3.19732	3.13628	2.89616	3.43032	2.33564	0.648084	1.70488	3.29641	3.98501	3.06887	1.98473	0.401937	0.916532	0	0.648126	1.40364	1.93529	0.803834	2.30073	2.18583	2.67048	1.91023	1.09329	0.401937	1.65682	1.91023	2.6945	3.77387	4.09622	3.37357	1.93538	2.3424	1.01673	0.179759	0.359515	0.359515	0.719001	0.898755	1.20572	1.36878	1.04809	0.741114	0.568419	0	1.40374	2.4436	2.17106	1.36878	0.898755	0.568443	0.508406	0.539263	0.539263	0.179759	0.179759	0.539263	0.80388	1.20572	1.29609	1.27093	1.60744	1.91023	2.09547	2.78847	2.84002	2.67048	2.6945	2.41707	1.65687	0.508406	1.36878	1.29609	0.508442	0.40196	0.648126	1.0168	1.27093	1.27093	1.40374	1.449	1.15091	1.0168	1.29609	1.94372	2.6523	2.55326	1.85015	0.80388	0.179759	0.401937	0.741139	1.09332	1.09329	0.898725	0.762638	1.30842	0.648126	0.916532	1.65687	2.41037	1.29609	0.568443	0.80388	0.96792	1.36871	0.508442	1.30842	1.62737	1.20572	2.57208	3.0584	2.50223	1.09332	0.539263	1.6569	3.86636	3.63509	2.39693	1.29609	1.13678	0.741139	0.568443	0.40196	0.508442	0.762638	3.1769	3.94019	0.967967	2.41024	3.23224	3.13631	2.94578	2.04877	0.179759	1.15091	1.13678	1.04809	1.80595	0.916507	2.03282	0.359515	1.27087	1.09332	3.43008	5.55782	5.69418	6.12549	5.17114	4.3137	3.53645	3.23224	4.49565	6.34987	3.77378	2.36305	3.17713	2.17106	1.2709	4.25377	3.69645	0.916532	1.65678	1.87604	0.741139	0.741114	4.13107	3.63489	3.48594	4.92372	2.74173	2.10314	2.27266	2.3424	0.898694	0.568419	1.09329	1.48203	0.916532	1.60735	1.48203	1.43778	2.04867	1.69541	1.91023	2.18578	1.76982	0.916507	0.648126	1.76991	3.44902	4.2349	4.01309	3.44902	2.79429	2.30089	2.6945	4.14286	2.61557	0.401937	3.6127	4.06844
4.18861	3.63455	2.97265	4.30942	3.94807	3.37321	4.48795	6.56299	8.94232	7.87682	8.7459	8.07416	5.69337	5.10194	5.5314	4.52693	1.40351	3.93575	4.44117	3.13586	3.85332	2.96171	5.6908	7.38948	7.18111	6.28625	4.66306	3.06855	6.60147	7.60189	8.15968	6.37417	4.37962	4.18491	5.45029	6.99585	7.68471	6.85621	3.91956	3.01021	3.38733	4.32044	7.98602	7.50593	6.1611	6.98437	4.6938	4.36489	4.0604	3.96431	0.803796	0.718931	1.79679	3.88237	2.44321	1.27077	1.3083	2.57176	2.83972	3.95212	2.54025	1.61725	2.65191	0.648026	0.718931	0.4019	2.10285	2.27242	2.44331	1.20559	1.79679	1.65664	1.76966	1.53532	1.25799	2.30064	2.36282	2.17075	1.27075	3.09977	2.3423	2.25105	2.52118	1.70471	0.762557	2.04845	2.74149	0.803761	0	0.4019	0.401918	0.967831	0.254185	0.401918	0.718931	0.803761	0.179742	0.4019	0.803761	1.80578	2.16341	2.71797	1.8058	1.0167	1.13666	1.3083	0.762516	0.179742	0.179742	0.401918	0.401918	0.254185	0.568367	0.53921	0.803796	1.8058	1.94351	1.79688	2.87905	2.65202	2.69421	2.89585	3.08948	3.25179	2.36278	1.54579	0.4019	0.4019	0.254185	0.568385	0.967867	0.803796	0.35948	0	0.508361	0.179742	0.254199	0.254199	0.568385	0.91644	0.91644	0.762557	0.741064	0.53921	0.762516	0.967831	0.967831	1.04793	0.967831	0.508388	1.3083	0.967867	0.803796	2.27235	2.18562	2.73562	1.20554	0.91644	1.27077	1.70471	1.44883	0.741045	1.87586	0.648058	3.23685	1.91003	2.67008	0.803761	0.89866	2.34219	3.78612	3.25179	2.96171	0.89866	1.09319	0.803761	0.179742	0.254199	0.648026	1.13666	2.61523	2.69408	0.401918	1.20554	1.09319	2.30064	2.67019	1.98453	1.90993	0.741064	1.09321	1.13666	1.09319	1.40351	1.79679	0.508388	0.898614	0.762516	4.31301	7.78831	4.04837	2.16341	1.52484	0.967867	0.568385	1.77874	2.50188	2.44334	2.36278	0.568367	1.15079	1.65672	2.33531	0.741064	3.14098	2.1633	2.67005	1.65664	1.20554	0.254185	3.23689	4.82833	5.16128	3.59014	2.59045	1.43764	1.91003	1.27077	1.76966	1.20559	0.898614	1.65672	2.34224	3.17662	1.8058	1.44885	2.27235	1.8058	1.54586	1.25799	1.60721	0.741045	0.254199	1.25799	2.27242	2.30064	1.60727	0.89866	1.04798	1.65672	2.3354	3.07372	0.967867	1.54579	4.20382	5.87515
4.56527	3.0471	0	3.55374	2.53998	1.01655	3.0471	5.07001	9.07331	8.57694	8.57694	7.58039	5.07001	4.56527	5.57397	5.07001	1.52463	4.05982	4.05982	3.55374	3.0471	4.56527	3.55374	1.52463	2.53998	2.53998	0.508316	1.52463	7.58039	10.0619	5.57397	0.508316	1.52463	1.52463	1.01655	1.01655	4.05982	5.07001	3.0471	3.55374	3.0471	5.07001	9.5683	6.07705	1.01655	5.57397	3.55374	3.0471	0	3.55374	1.52463	0.508316	2.53998	3.55374	1.52463	1.01655	1.01655	3.0471	1.01655	3.55374	2.53998	1.01655	3.0471	1.01655	0.508316	0	2.53998	1.52463	1.52463	1.01655	1.52463	1.52463	2.03246	1.01655	2.03246	0.508316	2.03246	2.53998	1.52463	3.0471	0.508316	0.508316	1.52463	0.508316	0.508316	2.53998	2.53998	0.508316	0	0.508316	0	1.01655	0.508316	0	0.508316	1.01655	0	0.508316	1.01655	2.03246	0.508316	2.03246	1.52463	0	0.508316	1.52463	1.01655	0	0	0	0	0.508316	0.508316	0.508316	0.508316	1.52463	0.508316	0	2.53998	1.01655	0.508316	1.01655	0.508316	2.53998	2.53998	2.03246	0.508316	0.508316	0.508316	0.508316	0.508316	0.508316	0.508316	0	0.508316	0	0	0	0.508316	0.508316	0.508316	0	0.508316	0.508316	1.01655	1.01655	1.01655	1.01655	1.01655	0	1.01655	0.508316	0	2.53998	1.52463	3.55374	1.52463	0.508316	0.508316	0.508316	1.52463	1.52463	2.03246	0	3.55374	0	3.0471	1.52463	0	3.55374	3.55374	2.53998	3.0471	0	1.01655	1.01655	0	0	1.01655	1.01655	2.03246	2.03246	0	1.01655	0	0.508316	0.508316	2.03246	2.53998	0.508316	0.508316	0.508316	0.508316	1.52463	1.52463	0	0.508316	1.01655	4.56527	8.57694	3.55374	0	0.508316	0.508316	0	1.52463	3.55374	0.508316	3.0471	1.01655	0.508316	0	3.0471	1.01655	3.55374	2.53998	3.0471	1.52463	1.52463	1.01655	1.01655	1.01655	1.52463	1.01655	2.03246	2.03246	0	0	2.03246	0.508316	2.03246	0.508316	2.53998	4.05982	1.52463	0	2.03246	1.52463	0.508316	0.508316	1.52463	0.508316	0	1.52463	1.52463	0	0	0	0	0.508316	1.01655	2.03246	1.01655	2.03246	4.56527	6.5792
4.1724	3.69956	1.25775	2.66956	3.85274	4.7337	4.87016	5.55623	9.08787	8.8067	9.94464	8.99109	5.09463	4.3196	5.57338	5.32753	2.10244	3.05732	3.48494	3.60727	2.57123	4.45472	4.18772	2.22171	3.13528	3.62946	3.53539	4.26378	9.25794	10.6821	5.19707	0.359409	1.09297	1.98413	1.09299	1.40324	4.48339	4.87663	2.41621	3.09917	4.18787	6.59787	9.94464	6.77103	3.93516	4.76385	2.9228	2.8048	0	4.23341	2.16292	1.79644	3.57593	3.69956	1.43735	0.401822	1.62687	3.30016	1.98415	3.91868	3.40563	1.60689	2.58994	1.48155	1.01644	0.508288	2.69355	1.90955	1.53502	1.54556	3.09923	2.17041	2.36232	2.19259	3.2758	1.48159	2.74095	2.17033	1.77839	3.05732	0.916242	0.401839	1.07812	1.6949	2.17041	2.87849	2.10244	0.254136	0.740919	1.20536	0.967678	0.803605	1.1364	1.76938	2.44286	2.51428	1.01644	1.20536	1.61693	2.40955	1.01644	2.00832	2.04805	0.740919	0.967678	1.36832	0.898439	0	0	0.179706	0.401839	0.359409	0.401822	0.539105	0.803639	1.79648	1.53508	0.916261	2.44274	1.07812	1.30808	1.62689	0.898485	2.30008	2.41621	1.84951	0.740919	0.359409	0.508261	0.401822	0.568274	0.916261	0.740919	1.30808	2.33494	2.00841	0.898462	0	0.401822	0.568256	1.80543	2.59007	2.3002	0.898485	1.04772	1.04772	1.1505	1.01644	0.898439	0.179706	0.898439	0.254136	0.401839	2.33485	1.97599	3.21126	1.4485	0.568256	0.568256	0.539105	1.44853	2.00838	2.3349	1.27055	3.45252	2.55249	2.57126	1.1505	1.27052	4.31223	2.83905	3.33887	3.13525	1.0165	1.25775	0.179706	1.76938	2.41634	2.09484	1.48159	1.76931	1.25775	2.16299	1.6949	0.740919	0.568274	1.80545	2.69362	2.22171	0.539105	0.568256	0.401839	1.6564	2.92291	3.13535	2.44286	1.80543	1.27048	4.69274	7.64589	3.95137	3.23635	1.53508	0.179706	0.359409	1.52446	3.19619	0.898462	2.19248	1.65637	1.60696	2.40965	4.66207	3.08888	4.36396	3.60731	4.12611	3.52627	3.48501	1.20536	0.762367	0.967642	0.740919	2.00838	2.73508	2.09474	0.401822	0.568274	1.40324	0.740919	0.967642	2.16299	2.6996	2.9228	1.9348	2.94489	3.91879	3.62952	1.27052	0.740901	0.803605	1.20536	1.04777	1.65634	1.79648	1.6564	2.04816	2.16299	1.53508	0.967642	1.1505	1.65631	1.48155	1.60689	4.09088	6.00534
3.00936	3.91834	2.81029	1.15046	4.03146	5.30624	6.12288	5.55575	8.37744	7.9046	11.5853	11.685	5.09418	3.81454	5.57289	5.82996	2.81029	1.04763	2.00823	2.61456	1.4484	4.20263	5.44846	2.90047	3.35303	4.26327	4.31935	4.36736	11.8869	11.9023	4.43992	0.359377	0.740853	1.98395	0.898405	2.16268	5.23335	4.37817	1.1504	1.84943	3.6115	7.46154	9.71004	6.15142	4.26338	2.69936	1.65617	2.29987	0	5.48348	2.36211	4.31922	4.73309	3.07285	1.01641	0.898359	2.04789	3.29987	2.34157	3.69923	4.33406	2.58971	1.60675	1.93456	2.03207	0.508243	2.94448	2.6693	1.30793	1.98397	3.41482	2.17022	2.16273	2.33474	3.13507	3.53494	3.98326	1.27039	2.28582	3.05704	1.3682	0.740835	1.07802	1.65625	2.39601	2.36215	1.0929	0.254113	1.30793	1.15046	1.4484	0.359377	2.09456	2.52045	2.41613	3.74666	3.0465	1.15046	1.80527	2.8949	2.03207	1.76915	3.05704	1.30793	0.898405	0.916161	0.647842	0	0	0.401786	0.539057	0.359377	0.179691	0.401803	0.803567	1.48146	1.65623	1.70417	2.19228	0.803567	1.44842	1.62674	1.0929	1.79628	2.16268	1.3682	0.647874	0.359377	0.508216	0.179691	0.568224	0.91618	0.647874	2.22151	2.7172	2.69338	2.00814	0	0.179691	0.568205	3.37212	2.96094	2.89498	1.65619	1.04763	1.04763	1.40312	1.01635	0.647842	0.401786	0.647842	0.254113	0.539057	1.65619	1.80529	2.27171	1.2052	0.568205	0.568205	0.401803	0.967592	1.69475	1.87539	1.27043	2.39601	2.65127	1.44844	0.401786	2.50117	4.76343	1.36825	4.84329	2.90047	1.01641	1.0929	1.65617	2.52045	2.44264	2.09466	1.29558	1.09288	1.65619	2.19239	1.87539	1.30793	0.568224	2.78732	2.52047	1.30796	0.401803	0.568205	1.44837	2.16275	3.07289	3.27551	2.66941	3.37212	1.77823	4.94456	5.66367	3.05193	3.69932	3.23593	0.647842	0.803533	1.52433	2.44252	1.09288	0.539057	1.53494	1.60682	3.23101	5.03118	3.08861	4.36358	3.30969	3.95102	3.80624	3.95102	3.37212	0.254113	0.740835	2.00814	2.16275	3.69485	2.09456	1.1504	0.916161	0.179691	0.647874	1.44837	2.57109	2.04797	0.647842	1.93463	3.1351	3.80206	4.49735	3.45217	0.967556	0.803533	1.15046	1.27041	1.4484	1.48146	1.69475	2.17022	2.19239	2.36211	1.69467	1.40312	0.898359	1.93456	0.718727	3.08845	4.36721
2.87795	3.74627	3.53458	2.29979	4.93137	6.38662	7.52196	6.27362	8.12741	6.84417	11.9814	12.996	5.04958	2.98756	5.09364	6.0569	3.29952	1.27032	1.36813	0.647816	0.967503	5.43918	7.58243	5.6238	5.69141	4.33746	1.09279	6.73475	13.6582	11.7295	3.74627	0.401767	1.04758	2.57088	3.23577	3.80588	5.7219	4.19842	1.93446	2.94437	4.89235	7.22867	6.73208	4.5394	4.36324	3.17561	2.81016	3.53476	4.1872	5.51779	0.508162	5.31752	3.73335	3.29483	5.07198	4.87601	3.37195	2.74633	1.27023	3.45181	4.58142	2.58944	0.718657	2.16254	3.40977	2.53939	3.07254	2.34128	0.762218	1.65599	2.92223	1.36813	2.71689	1.13618	1.20508	4.92137	4.1291	0.254086	2.16245	2.8946	1.83167	1.79615	2.33446	1.65611	1.79615	1.25751	0.568171	0.539005	1.43709	1.40306	1.27026	0.179673	2.19205	2.50091	0.916093	3.93421	4.0586	0.539005	2.39571	3.00905	1.65599	1.36806	2.94417	1.83167	0.718657	0.401744	0.568171	0.568171	0.254104	0.401744	0.359342	0.539005	0.254104	0.179673	0.359342	0.539005	0.647773	1.87514	2.34134	1.90932	2.10213	2.10213	2.27157	1.83172	1.76897	1.04752	0.568171	0.916093	0.568171	0.179673	0.508162	0.647773	0.740784	2.40908	1.29538	2.57074	2.04765	0.254104	0.254104	1.09277	5.62076	4.92159	5.19932	3.57525	0.508162	1.13618	1.01624	1.07791	1.30784	1.36813	2.04779	3.17561	3.00917	2.22136	2.27157	2.53928	1.44825	0.401767	0.401744	0.254086	0.568171	0.762272	0.898294	0.401767	0.401744	0.803449	0.718657	0.647773	3.13976	3.68139	0.647816	4.52517	3.27513	1.65611	1.90932	2.87795	1.60658	0.898325	0.254104	1.70407	1.54529	2.94417	0.508162	1.29538	1.43709	1.93446	2.78703	1.20508	0	0.718657	1.13623	1.60658	1.79609	2.29963	2.44226	1.94266	4.0586	1.90918	4.34096	5.1249	1.27026	1.87514	3.29463	2.25021	2.40922	2.57077	2.25008	1.13618	0.740759	0.740759	0.898294	3.33823	3.83929	1.80509	3.05147	0.916068	2.50091	1.77804	3.29463	4.23259	0.401767	0.898294	2.98756	1.44825	4.1716	2.61422	1.83167	1.48132	1.44831	0.967503	3.04618	2.90016	1.76906	1.43709	1.60658	1.60658	1.15028	3.83929	4.33729	1.93446	2.36192	1.90932	2.33452	2.34137	1.27029	0.568171	0.647773	0.539005	2.55186	2.49445	1.83167	0.508198	1.53473	1.6946	2.71689	2.97138
3.07225	3.30897	3.06698	3.60625	4.45369	6.38598	6.97197	5.7326	7.68084	6.17082	11.5023	12.756	4.57053	1.76881	4.08972	5.8097	3.29922	1.27019	1.36799	1.53459	2.33419	6.80873	8.45968	5.93184	5.69084	3.42832	5.26881	9.16921	12.188	9.01468	2.51357	1.44809	1.62641	2.44217	3.29449	3.52527	5.046	3.74593	2.18457	3.62849	5.65432	5.42118	2.00775	3.27487	4.36281	3.23543	2.7403	3.3091	4.20204	3.48403	2.53899	4.58101	1.09266	3.46556	5.49427	4.87549	3.23543	1.70389	0.254064	3.93795	4.3369	1.60644	0.718586	1.65593	3.23536	2.53912	2.22114	0.915982	0.254064	0.898184	3.68106	1.98356	3.80119	0.508144	0.538952	5.41512	3.13948	0.254064	1.40284	2.40887	1.8315	2.18453	2.51996	1.69442	1.48117	1.09268	0.915982	0.401725	1.01621	1.44816	0.762191	0.401708	1.44809	2.04749	1.70384	3.68106	4.05824	1.20497	3.29922	2.36165	0.179655	0.915982	1.69434	1.8315	1.60644	0.179655	0.568113	0.915982	0.254077	0.179655	0.359307	0.401725	0.254077	0.401708	0.359307	0.401725	0.179655	1.25739	1.98358	1.94258	2.00784	2.00784	2.27133	1.52411	1.09266	1.04742	0.915982	0.916001	0.568113	0.401708	0.508117	0.898184	1.30767	1.93418	0.359307	2.33419	1.04742	0.254077	0.254077	1.76881	7.75222	5.91031	6.73395	5.68785	0.508117	1.13608	0	0.803411	1.44813	1.36799	2.69883	3.23543	4.14044	2.36169	2.27133	3.40467	1.65587	0.74069	0.179655	0.762151	0.915982	0.762191	1.09266	0.538952	0.179655	0.359307	0.718586	1.90901	3.13948	1.90901	0.898207	2.33419	3.48395	1.69442	2.00784	2.36169	0.718586	1.09268	2.04747	2.74608	2.34111	3.69846	0.508117	0.803376	1.01621	2.18457	1.80493	0.538952	0	1.60644	1.13611	0.718586	1.29527	2.804	3.19529	2.69279	4.05824	1.65584	2.83822	6.12162	3.13948	0.89823	1.65587	2.16238	2.29954	3.69849	2.49423	1.13608	0.967368	0.967368	1.09266	3.83895	3.33793	2.44207	1.87497	0.915982	2.04749	0.254064	3.53878	3.4839	0.538952	1.09266	2.74017	0.967403	3.93389	3.06698	1.8315	1.29533	1.40291	1.44812	4.05824	4.09365	1.87502	2.27126	1.60644	1.60644	0.401708	3.33793	3.61064	1.79602	2.22114	1.94258	2.24998	3.09829	1.62641	0.568113	0.179655	0.401725	2.55164	3.23527	1.8315	1.13608	0.647747	2.00781	2.16233	2.50069
2.73993	4.82545	6.52791	7.88068	6.20134	7.63509	9.25486	7.90466	7.85459	5.91785	10.5986	11.4226	3.88017	1.60629	4.8254	6.6766	3.05627	1.04733	0.17964	4.08941	6.2725	6.50103	5.37326	5.37339	5.04566	4.93043	9.83921	10.0895	8.86891	5.37326	1.20486	1.77773	2.83797	2.87744	3.3713	3.46526	3.48364	2.16207	1.93401	3.42783	3.93352	1.79577	0.718523	1.07771	2.51973	2.44193	1.29521	0.401672	1.04738	1.36786	2.66854	3.9822	2.00763	1.8748	3.5746	0.898127	1.27005	1.65578	1.83137	4.33283	4.40974	1.84891	2.50055	1.54499	2.0076	1.40279	0.64769	0.17964	0.401689	0.718523	3.78391	2.83799	2.92172	1.13598	1.61633	5.04868	2.04729	0.740625	0.967282	1.44796	1.8748	1.69419	2.03149	0.508072	0.508072	0.359276	0.803305	0.538904	0.740643	0.740643	1.04733	1.44799	0.967317	0.91592	2.83808	3.59257	2.94365	1.70369	3.33763	1.40272	0.740625	0.967317	1.44799	1.76865	2.19166	0.401672	0.740625	0.568044	0.568062	0.254041	0.401672	0.17964	0.401689	0.538904	0.254041	0.254041	0.64769	0.967317	0.915901	0.568044	0.568062	0.740643	0.401672	1.15013	1.44803	1.27005	0.915901	0.401672	0.508072	0.508072	0.401672	1.04733	1.6557	1.20486	1.09257	1.79577	0.647658	0.401672	0.64769	1.27001	7.07034	7.32516	7.16818	4.80882	1.94241	5.09922	6.26251	6.3306	4.94342	2.9438	2.36144	0.740625	3.38542	2.15467	1.65576	3.41383	4.03035	4.19781	2.18438	0.647658	1.04733	0.254055	0.898104	0.508072	0.17964	0.740643	1.83137	3.07198	1.84882	1.36786	2.10165	0.740643	3.29893	1.27003	0.647658	1.13601	1.97526	0.401689	2.80375	2.49401	2.50046	3.83861	0.915901	0.967317	0.967317	1.36781	0.401672	0	0	1.90884	0.538904	0.803339	1.60629	2.33399	3.87204	3.46526	2.41531	2.36144	1.15007	6.30263	4.33283	1.30759	0.898127	0.17964	0.568062	2.94365	3.00859	3.45129	2.16952	1.15007	0.718523	3.44652	2.50046	2.04731	0.647658	1.15007	1.30755	1.30759	3.1392	2.44183	1.29521	2.00766	3.4279	1.79586	3.69816	2.8095	1.29515	0.538904	1.70374	1.70374	3.44652	4.53501	2.89975	3.05627	1.44801	1.01606	0.803339	3.21007	2.73993	0.17964	0.740625	1.15013	1.15013	2.28517	1.61633	1.53451	1.30755	0.718523	2.73407	2.80375	1.44801	1.98341	1.27003	1.54491	0.898127	2.16212
2.98671	7.82349	8.2365	8.01437	6.35244	8.56493	9.99617	7.50323	6.59489	5.04512	9.16731	9.21306	3.38506	2.5887	7.04266	7.59683	2.28505	3.05585	1.40257	6.87679	7.95121	4.17058	0.803254	5.02926	5.20702	5.59658	10.2572	9.45997	6.42177	2.89377	1.44781	1.26987	4.33973	4.26161	3.46489	3.37095	2.00744	0.40163	2.4084	4.18572	3.68035	1.29501	0.718446	0.803254	1.76853	2.57008	2.18411	0.898009	1.04727	1.36772	0.17962	2.78631	4.73125	0.898054	3.80045	1.30742	1.26991	1.69409	1.83118	4.33237	4.64944	1.84871	2.50029	2.34066	1.44785	1.44788	1.53429	0.40163	0.538847	0.718446	3.0506	2.83769	0.647589	2.09374	3.60994	3.63211	1.04722	0.967179	0.740546	0.401647	2.10143	0.967179	2.03127	0.508018	0.508018	0.359237	0.359237	1.20473	0.647621	0.647621	2.04707	2.57	1.25715	1.70351	2.55127	2.57011	0.740546	1.70351	2.83766	1.14995	0.401647	0.898054	1.65554	2.00736	2.44157	1.14995	0.967179	0.567984	0.915804	0.762002	0.17962	0.40163	0.538847	0.401647	0.254014	0.762002	0.898031	0.898054	0.568002	0.567984	0.568002	0.647621	0.898009	1.30745	1.40264	1.04727	0.568002	0.17962	0.508018	0.508018	0.17962	1.04722	1.90864	0.538847	0.898031	1.29501	0.898009	1.14995	0.740564	0.254014	3.62778	6.4121	5.51641	1.60619	3.69779	6.61879	6.4121	6.36991	5.4932	3.62778	1.53434	0.401647	1.93381	2.15444	1.53434	2.34072	3.94958	5.02926	4.19722	0.17962	1.04722	0.254028	0.647589	0.508018	0.40163	1.30742	2.53854	2.87711	0.915804	1.36772	3.78351	1.09245	3.29858	2.16929	0.17962	1.13589	1.80458	1.69401	2.29898	1.30742	2.0471	3.33728	1.36767	0.898054	0.898054	0.915804	0.17962	0	0	1.65552	0.401647	1.0776	2.5887	0.967215	3.45098	3.69789	0.898009	3.00818	0.647589	5.56215	4.33237	1.15001	1.09245	0.647589	0.915804	0.740546	2.80932	4.92005	4.12793	1.40257	0.718446	2.19143	1.26991	1.04727	0.17962	0.40163	0.740564	1.44785	2.16929	1.20473	1.29508	1.90874	3.62773	1.93388	3.46477	2.10143	0.80322	1.20473	2.74554	1.70356	1.20473	3.65855	3.00827	2.50029	1.20478	0	1.0776	3.20973	2.00736	0.40163	0.401647	1.30745	1.30745	0.762002	1.20478	1.65558	2.49374	1.60612	2.73378	1.29501	1.20478	1.70356	2.16929	1.54474	0.647621	1.65558
3.04505	9.06729	7.57534	4.56221	2.03109	6.57481	7.07562	0	2.53827	2.53827	8.07391	8.07391	3.04505	3.04505	8.07391	7.57534	1.01587	4.0571	2.03109	8.07391	7.57534	0.507973	3.04505	3.04505	3.55135	4.0571	9.06729	7.57534	4.0571	1.5236	1.5236	1.01587	5.06662	4.56221	1.5236	1.01587	0.507973	0.507973	2.53827	4.56221	3.55135	1.01587	0.507973	0	0	1.5236	2.53827	1.5236	0.507973	0.507973	1.5236	0.507973	6.07299	1.01587	3.55135	2.03109	1.5236	0.507973	1.01587	4.0571	4.56221	1.01587	1.01587	2.53827	0.507973	0.507973	2.03109	0.507973	0.507973	0.507973	2.53827	2.53827	0.507973	2.53827	4.56221	2.53827	0.507973	1.01587	0.507973	0.507973	2.03109	0.507973	2.03109	0.507973	0.507973	0.507973	0	1.5236	0	0	2.53827	3.04505	1.5236	2.53827	1.01587	0	0.507973	1.5236	2.53827	1.01587	0.507973	0	1.5236	2.03109	2.53827	1.5236	1.01587	1.01587	1.01587	1.01587	0	0.507973	0.507973	0	0.507973	1.01587	1.01587	0	0	0.507973	0.507973	0	1.5236	1.01587	0	0	0	0	0.507973	0.507973	0	1.01587	2.03109	0	0.507973	1.01587	1.01587	1.5236	0.507973	1.01587	0	0.507973	1.01587	1.5236	4.56221	6.07299	2.03109	1.01587	3.55135	3.04505	0	0.507973	1.01587	1.5236	0.507973	0.507973	1.01587	4.0571	5.06662	0.507973	1.01587	0	0.507973	0.507973	0.507973	1.5236	2.53827	2.03109	2.03109	1.01587	4.56221	1.5236	3.04505	2.53827	0.507973	1.01587	1.01587	2.53827	2.03109	0.507973	1.5236	3.04505	1.5236	0	0	0.507973	0	0	0	1.5236	0	1.01587	3.04505	0.507973	2.53827	3.55135	2.53827	3.04505	1.5236	5.06662	4.0571	0.507973	1.01587	1.01587	1.01587	0.507973	2.03109	5.06662	5.06662	1.5236	1.01587	1.5236	0	0.507973	0.507973	0	0	1.01587	1.5236	0.507973	0.507973	0.507973	3.04505	1.01587	3.04505	1.5236	0.507973	1.5236	3.04505	1.5236	0	2.53827	1.5236	0.507973	1.01587	0.507973	1.01587	3.04505	1.5236	0.507973	0.507973	1.01587	1.01587	0	0	1.01587	3.04505	2.03109	2.53827	0.507973	1.01587	0.507973	2.53827	1.5236	0.507973	0.507973
10.4082	11.5488	8.90875	5.91622	4.64882	8.27304	9.19131	7.62687	9.55672	8.60192	10.6567	11.0197	7.98947	8.08328	9.61321	6.42064	1.7032	3.298	2.87662	6.19927	6.73146	6.69395	7.92032	7.98947	8.47537	7.69056	8.1353	6.79455	3.80396	1.54447	1.30718	1.7953	5.76358	5.60685	3.2342	2.80882	2.92104	4.20048	4.82424	4.33536	3.05006	1.87427	2.03102	1.93354	0.740433	1.54447	2.69179	1.76815	1.62582	2.41476	3.53308	2.33341	4.42659	3.33686	5.01884	2.56965	0.567883	0.91566	1.44758	3.30769	4.09213	1.36748	1.6258	2.83719	1.26967	0.538752	1.80426	2.79161	2.83728	1.40239	2.40797	1.69371	1.26967	2.16146	4.27581	2.69185	2.33341	2.74511	3.29326	3.13332	1.98284	1.14981	2.51904	1.44762	0.803077	0.401558	0.253983	1.14975	0.507955	0.507955	1.79526	2.8766	2.49984	2.22026	0.803077	0.179589	0.401558	1.40232	2.66778	0.803077	0.897895	1.40239	2.33337	1.6258	1.94176	1.87427	0.567883	0.967008	0.647474	0.967008	0.401576	0.253969	0.567883	0.253983	0.401558	0.897849	0.897872	1.01583	0.897895	0.740433	0.718319	0.507955	1.14975	0.897872	1.01583	1.01583	1.01583	1.01583	0.803112	0.359174	0	1.60584	2.44116	1.14981	1.09228	1.26967	1.26969	1.44758	0.718319	1.09228	1.40239	1.76822	1.70326	1.80424	4.0882	4.97719	3.30782	2.89339	4.53729	3.41286	1.25692	0.803112	2.09347	1.60591	0.718319	1.53402	2.22026	4.30575	6.42064	2.53809	0.803077	0.507955	0.538752	0.401558	1.30718	2.8766	2.87102	1.13565	2.24904	1.26967	3.83341	4.27602	4.30953	2.51904	0.647506	0.897849	0.897849	2.83716	1.54447	0.567901	1.20452	2.92089	1.26969	2.19115	1.93354	1.13565	0	0	0	1.52346	0	1.14975	2.83716	0.401576	2.41463	2.64965	3.13323	2.09337	1.69371	3.69711	5.09462	5.01895	3.94472	2.03091	0.359174	1.43641	2.36077	6.19927	6.24014	3.2342	2.03102	0.967008	0.179589	0.967043	1.94186	1.60591	1.44762	3.0972	3.13332	1.69379	1.40239	2.53818	3.40817	1.70326	3.298	2.00703	1.20452	2.83719	3.09714	2.04673	0.567883	2.00703	1.83085	0.647506	1.40232	1.25692	1.62582	2.8087	1.01578	1.07741	1.09228	1.54447	1.14981	2.29869	2.80311	2.73929	2.22026	1.60584	2.56957	1.70326	0.401576	1.01583	2.10106	1.04703	1.09228	1.29485
5.78248	3.23373	5.37427	6.03531	3.29777	7.69964	9.25101	6.26247	5.88604	5.71054	10.1834	11.4078	9.67997	13.0737	12.9465	6.10603	3.83712	2.34001	2.16129	4.51214	6.87516	8.62099	8.60826	8.80045	10.2998	10.8291	10.8404	8.06686	2.73311	1.07729	1.94165	3.09687	6.78224	6.93904	4.49089	3.81218	2.69164	2.3944	2.56936	2.51237	2.10084	3.13287	2.00688	2.8084	1.48042	2.2488	3.05499	1.26951	1.9081	2.36052	3.30752	4.51214	2.36056	0.761827	3.93199	0.8978	1.54431	0.915563	0.802992	2.10084	3.40781	3.2978	2.34006	3.13798	1.4474	0.8978	1.94165	3.04987	3.78255	1.98261	1.43626	2.66764	3.48236	0.8978	3.27331	5.23011	5.52636	3.08653	1.44744	2.09325	3.48241	4.42633	5.73002	5.55793	3.05508	1.44747	3.06562	5.62066	7.72452	8.07667	5.36548	1.01567	1.77713	1.25679	0.718243	0.761786	1.09216	1.97449	2.66753	0.253942	1.83066	2.5881	2.6128	1.14968	0.538694	2.16127	1.09216	0.507874	0.179569	0.647406	0.401516	0.179569	0.567823	0.179569	0.253955	0.567823	0.401533	0.761827	0.8978	1.04697	1.13557	0.8978	0.538694	0.401533	0.8978	1.01572	1.01572	1.01572	1.01572	1.01572	0.8978	2.00679	2.33995	0.647437	1.20439	1.01567	1.13557	2.66762	2.837	2.92073	3.05515	2.98601	2.4145	2.22007	3.46379	2.6675	1.94165	3.69254	4.30531	1.09216	3.00733	3.17877	3.2978	2.69157	2.29833	2.56928	2.53782	2.33312	3.57321	5.65163	4.31655	3.42668	2.6128	1.09214	1.9081	2.9425	1.29465	1.43626	2.8763	1.53391	2.441	4.31655	3.80376	1.79516	0.897754	0.966905	0.718243	3.76972	0.761827	1.80407	1.9082	1.40217	2.40782	2.4145	2.56928	1.5233	0	0	0.538694	1.87407	1.14968	1.80407	2.4409	0.96694	2.64937	0.803026	3.76972	2.89304	5.04374	1.53385	3.73142	4.88951	6.49852	4.51208	2.64949	2.83698	1.48046	6.75646	6.07452	4.37545	2.79132	1.53391	0.915563	1.53385	0.803026	1.26955	2.36056	3.9443	2.837	2.96981	3.45	3.5868	3.7995	2.79132	4.09563	2.80266	2.893	3.35077	1.14963	1.04692	1.65511	0.567841	0	1.09216	2.53782	2.71537	2.56938	2.15383	0.179569	1.13553	0.897777	2.10084	1.26955	1.07729	1.29465	0.8978	0.359135	1.04692	1.60567	1.36728	1.60567	1.70308	1.13557	0.179569	1.26953	2.10091
4.89233	8.27361	10.0591	10.1949	8.77291	11.0467	11.1913	5.51416	4.36404	4.30491	8.98356	9.43663	6.83965	10.279	6.08203	8.9261	6.93833	3.40285	3.87851	4.0284	2.96955	2.69729	2.10065	1.30697	2.49936	4.53648	7.8689	6.07683	4.568	0.915463	1.26947	2.39413	6.29964	6.54641	1.97431	1.30697	2.04631	2.19072	3.22855	2.10065	1.77688	3.55937	0.40148	4.27498	2.36031	3.53678	3.4262	0.64738	2.56907	3.69204	1.01558	2.7852	3.0496	4.08762	6.5247	2.5376	2.53755	0.507829	0.740289	1.80389	1.79495	2.09306	2.18329	4.08741	0.74027	0.915463	0.915463	1.14952	2.44066	3.67898	1.93316	2.29824	3.04954	2.96943	2.33981	3.2975	4.12651	3.1377	2.04641	2.80816	2.51855	3.83274	3.81184	6.00034	4.30857	1.70293	4.86603	6.41954	7.44139	7.61095	8.42536	5.05577	0.718179	0.802921	0.802921	1.6549	1.70287	2.33979	1.98244	1.54417	2.2486	1.44731	0.64738	0.647348	0.761719	1.36716	1.53372	0.401497	0.253919	0.567772	0.567772	0.179554	0.507829	0.40148	0.538647	0.401497	0.567772	0.253933	0.253919	0.538647	0.718179	0.538647	0.253933	0.567772	0.40148	0	0	0	0.359104	0.802955	0.966855	1.14952	2.2486	0.56779	1.84794	1.26942	2.28408	2.74452	2.33985	2.04641	1.65499	1.29459	0.966855	1.26942	3.04947	2.56907	1.8739	2.4075	1.13543	2.16108	4.21852	2.69731	1.36721	3.69637	2.80241	1.79491	2.6914	4.73308	3.09654	3.29262	4.80674	3.94811	4.33452	2.4075	1.60553	2.95861	2.18333	2.5376	2.18329	0.64738	1.04683	0.647348	1.01558	1.40205	1.84794	1.36716	0.401497	4.37484	1.60553	3.29247	1.70293	1.2694	1.98244	1.54417	3.53678	1.13543	0	0	1.20428	2.10065	1.20433	1.70293	2.33291	1.29459	3.23344	1.2694	4.95371	6.90183	5.38271	6.39707	0.718179	1.29453	4.8231	4.51168	2.83675	1.54425	1.14952	4.37484	5.16522	7.20011	5.68763	2.69729	1.09204	0.802921	1.20433	0.56779	2.33974	2.55019	0.40148	1.20433	2.10072	1.01563	2.26998	1.48033	5.32302	4.88887	3.42627	0.74027	1.65499	1.48029	1.14958	2.1611	1.60559	1.8305	2.56907	2.39413	1.30697	0.740289	0.897674	0.802921	0.359104	1.30693	2.16115	3.20867	3.58639	1.795	0.966855	1.54417	1.65493	1.83046	2.33287	0.915463	0.40148	0.179554	1.40205	2.49281
4.05552	2.53728	2.0303	4.56044	6.07064	11.0329	11.5213	4.05552	1.52301	4.56044	9.55831	9.55831	8.0708	11.0329	1.01547	11.0329	8.0708	2.0303	0.507775	2.0303	1.52301	1.52301	1.52301	0	0.507775	3.54997	6.57227	1.01547	6.07064	1.52301	0	2.0303	6.07064	6.57227	1.52301	1.01547	3.04386	0.507775	3.04386	2.53728	2.0303	3.54997	0	4.56044	2.0303	4.05552	3.54997	0.507775	2.0303	4.05552	1.52301	1.52301	1.52301	1.01547	6.07064	3.54997	2.53728	0.507775	1.01547	1.52301	1.01547	1.01547	3.04386	4.56044	0	1.01547	0.507775	1.01547	2.0303	4.56044	1.52301	0	2.0303	4.05552	3.04386	0	3.04386	5.06465	1.01547	4.56044	2.53728	2.53728	0.507775	5.56808	4.56044	1.01547	5.06465	4.56044	2.53728	1.01547	8.56796	6.07064	0.507775	1.01547	1.01547	2.0303	2.0303	2.0303	1.01547	2.0303	2.53728	1.01547	0.507775	0.507775	1.01547	1.01547	1.52301	0	0.507775	0.507775	0.507775	0	0.507775	0.507775	0.507775	0	0.507775	0	0.507775	0.507775	0.507775	0.507775	0	0.507775	0.507775	0	0	0	0.507775	0.507775	0.507775	0.507775	2.0303	0.507775	2.0303	1.01547	3.04386	3.04386	0.507775	0.507775	0	0	0.507775	1.01547	3.04386	2.53728	2.53728	3.04386	0	2.53728	3.54997	1.52301	1.01547	4.05552	2.53728	1.01547	2.0303	1.52301	5.56808	1.01547	2.0303	0.507775	4.56044	3.04386	1.01547	2.0303	1.52301	2.0303	1.52301	0.507775	1.01547	0.507775	1.01547	1.52301	2.0303	1.52301	0	4.56044	2.0303	4.05552	1.01547	2.53728	1.52301	2.53728	3.54997	0.507775	0	0	1.52301	2.0303	0.507775	0.507775	1.52301	0	3.54997	1.52301	5.56808	8.0708	4.05552	7.57242	0.507775	1.01547	3.54997	3.04386	0	0.507775	2.0303	2.53728	1.52301	0.507775	5.06465	3.04386	1.01547	0	0.507775	1.01547	2.53728	2.0303	0.507775	1.52301	0.507775	0.507775	2.53728	1.01547	6.07064	5.56808	2.53728	1.01547	0.507775	2.53728	0.507775	1.52301	0.507775	1.01547	2.0303	2.0303	0.507775	0	1.01547	0.507775	0	0.507775	1.01547	1.01547	3.04386	0.507775	1.01547	2.0303	1.52301	1.52301	2.0303	0.507775	0.507775	0	1.52301	3.04386
4.74212	4.09462	6.72667	8.73374	10.3535	13.6733	11.0571	3.41154	2.39366	5.38451	8.84182	7.77877	7.85735	13.0584	10.6312	10.7174	7.52385	2.33933	1.26919	2.24816	1.43585	2.51166	1.83014	1.76746	3.63018	5.59335	7.35226	0.647254	5.12991	3.00657	2.44031	2.95804	6.94836	7.47551	2.56863	2.16066	4.06305	2.04599	3.9146	2.87548	3.44902	5.82739	5.36993	4.12181	0.897499	4.17954	2.09255	2.40714	3.22792	4.33368	3.44898	1.04668	2.00622	1.7946	5.55622	5.38166	2.56865	0.401419	0.718039	1.65461	0.25387	1.09183	3.30641	3.87757	2.24826	2.80773	2.03023	0.507757	1.79456	3.46281	3.53626	4.18358	3.76881	4.74212	4.67089	3.67846	4.99451	5.51302	1.29434	3.84856	1.76746	2.89222	3.30658	5.21317	3.04359	1.48004	3.69565	5.12991	2.98502	1.70254	7.70565	5.76132	0.56768	0.76157	0.966631	1.94101	2.19019	1.20405	2.16073	2.95811	2.00625	0.647222	0.359034	0.401402	1.04663	0.897499	1.40177	0.253883	0.567662	0.567662	0.538542	0.647254	0.915303	0.56768	0.401402	0.538542	1.04668	1.14936	1.2041	1.36694	1.04668	0.56768	0.179519	0.50773	0.401402	0.401419	0.401419	0.25387	0.401402	0.359034	0.359034	0.401402	1.62517	1.9411	1.61524	0.761611	3.34983	2.73223	0.718039	0.740126	0.401402	0.647254	0.740144	1.09183	3.04888	2.61199	2.95804	3.23284	0.966666	2.69074	2.96885	2.56865	3.04901	4.56711	3.76872	3.23297	3.40219	2.26961	5.45209	2.61206	1.7946	0.897522	4.47872	2.66675	0.647222	1.93271	1.7946	2.18287	1.48	0.740144	0.915284	0.253883	1.62517	2.16066	2.71457	2.44028	2.29779	2.80187	2.89218	3.20791	1.76746	3.00648	0.359034	3.40208	2.73223	0.802798	1.40185	0.966666	1.44699	2.33929	1.26919	1.25643	0.897499	1.04668	3.29183	1.1493	4.52134	7.45448	4.00766	5.26482	2.96897	1.26922	2.56855	3.62573	3.44438	2.56863	2.64862	2.33929	1.04663	1.80354	4.48943	1.8301	2.56863	1.26917	0.401402	0.897499	2.33929	2.24816	0.897499	2.83608	1.54395	2.49878	3.91471	3.58579	4.64681	5.22837	2.80761	1.62517	1.36694	2.74399	2.04602	2.39372	1.61524	1.29428	1.90756	1.94101	0.740144	0.647254	0.359034	1.79465	2.94182	2.54983	1.98205	0.25387	2.69081	3.08565	3.29198	3.83199	3.27238	2.83617	3.69582	3.97966	2.94182	1.44703	0.966666	3.62573
9.84001	13.7031	23.1033	25.2338	23.8309	22.1017	14.1727	6.11153	3.95902	8.00901	10.5661	6.49621	1.44688	6.12176	8.06397	10.1738	7.14739	3.23269	2.35968	2.78441	1.77647	2.69654	1.69298	3.52219	3.27204	4.52094	6.8631	3.44857	5.55017	5.77482	3.05392	3.94679	7.36016	7.82039	1.7944	2.58701	5.4428	2.10005	3.58983	5.5731	8.76346	9.57658	7.39671	2.04573	4.27398	1.70244	5.60435	7.19809	6.41774	5.61571	6.21958	4.70124	3.78114	3.1318	2.44	2.83583	2.3323	2.83595	4.37383	3.55855	2.18999	0.802727	3.67794	2.80162	1.04653	0.647165	1.09173	2.33225	1.20399	2.6485	5.97765	6.57146	5.45477	4.68759	5.0921	3.48112	6.76343	6.80304	3.30629	2.51784	0.179503	1.69298	2.16054	2.24796	1.6545	1.07689	2.33919	6.65033	7.58184	8.16447	7.00232	3.93056	1.40165	0.359002	0.538494	1.44686	2.16042	0.401383	0.74006	0.647165	0.915203	0.567629	0.359002	0.253847	0.89742	0.966545	1.20394	0.179503	0.401366	0.538494	0.761543	1.04658	0.96658	0.761543	1.13515	2.18271	2.69064	3.42541	4.05502	4.12543	3.55855	2.94156	2.16795	1.29423	1.04658	1.04658	1.04658	1.13515	0.761543	0.401383	0.740079	0.647196	0.401383	0.915203	1.26908	2.95785	3.76841	2.53692	1.14926	1.09173	0.915203	0.647196	0.802727	0	2.53688	3.05394	2.16047	2.16042	0.717975	1.80338	4.19847	6.19666	5.69449	4.5668	3.76839	2.53697	2.49222	1.29423	3.65615	4.17937	3.69552	2.58714	3.86069	1.94083	0.253861	1.44688	1.76738	1.47991	0.647165	0.359002	0.567629	1.20394	2.35964	2.33225	2.39345	1.36682	1.47987	1.76738	3.44867	1.62504	2.53683	2.18999	2.86965	3.95902	0.802727	1.82994	1.30659	1.20394	1.04653	2.58701	1.13511	1.20394	0.647196	1.30659	2.24796	0.761503	2.39345	5.4166	4.97827	1.44693	1.82998	2.18268	0.647196	2.40692	2.89201	3.60319	3.93462	2.28343	1.04658	2.71433	2.58701	1.30659	2.5684	3.30624	3.29657	2.5496	1.65446	2.73785	3.05392	5.20358	3.41124	5.76081	3.44408	3.62989	1.43573	4.32954	3.60319	2.04581	0.761543	1.62503	1.65452	0.401383	2.10005	1.30656	1.94083	2.00604	0.647196	0.567629	1.6151	3.27209	3.62989	3.23262	2.73785	1.13511	2.33919	4.31495	5.22818	5.60435	4.91693	3.60773	3.383	3.20776	2.95785	2.89193	1.60507	1.13515
8.07269	15.3823	22.7733	18.7576	16.281	13.731	10.2211	8.69956	3.76792	9.33535	11.542	6.63306	6.34764	6.24439	4.35857	6.24415	3.29134	1.87323	2.09983	2.64811	0.915125	1.04642	0.647096	2.56815	5.52374	4.6564	4.9743	7.6221	3.69512	6.40699	4.95179	5.52351	5.51195	6.74155	3.48063	2.56805	5.19065	2.33196	0.507658	5.37171	5.94501	5.90201	9.45275	7.62215	4.42422	5.83964	8.64016	5.28818	5.85873	2.95754	3.94242	4.47796	4.21697	4.25851	3.97889	2.83565	0.567551	3.40618	4.19418	4.13649	4.70055	0.647096	3.67755	3.0849	1.90729	2.83565	2.89724	2.87494	1.87317	4.57665	3.09539	2.49196	2.35943	1.62485	3.93011	1.29403	4.82123	6.05066	2.26916	0.802642	1.13499	0.647128	1.30646	1.94072	1.80321	3.0849	2.51757	4.09383	6.57558	7.28443	5.08861	2.40667	1.53312	0.253834	0.25382	0.761422	1.84722	0.761422	1.8473	2.69035	2.33201	0.739982	0.507631	0.401324	0.647096	1.29403	1.13499	0.538437	0.179484	0.179484	0.538437	0.401341	0.179484	0.358964	1.44673	2.35939	1.87323	2.49838	2.94125	3.06416	2.58686	2.56815	2.51757	1.29409	1.20386	1.40157	1.40157	1.04647	0.74	0.647128	1.25619	1.07678	0.897347	2.35939	2.87494	2.3389	2.43974	1.43557	0.897347	1.04642	0.74	1.29409	1.44677	1.53312	0.897347	2.4983	0.179484	1.82978	1.44677	1.70221	3.83125	3.81036	3.30589	1.47975	2.02973	0.647128	0.74	1.47972	0.507631	1.7943	2.78419	1.90729	2.33196	1.54357	0.179484	0.647096	0.401341	0.507631	0.647128	1.20381	0	1.90719	2.43971	1.29403	1.44671	0.966478	2.95746	2.87492	1.26895	0.253834	2.49184	1.93241	3.60281	1.82975	1.29403	1.79421	1.29403	1.6049	0.897347	2.4983	1.70226	1.36668	0.567569	0.647096	1.29403	1.14908	0.739982	1.47972	2.00589	3.05362	1.36668	2.28319	1.04642	0.897347	0.74	2.91918	4.81791	3.0849	1.79425	1.13499	1.47972	0.401324	0.25382	2.04562	3.44371	3.42497	1.44677	3.53088	4.4779	4.25838	4.87061	7.19695	0.761422	1.77619	0.966442	3.04828	3.0059	0.802642	1.13499	0.507658	0.739982	2.71404	2.53665	0.89737	2.33883	2.4983	1.26897	1.14913	1.87317	3.04828	0.74	3.67755	3.48058	1.36662	1.94063	2.18244	2.09225	3.74235	3.69496	1.87317	1.4015	1.65428	1.20381	2.49184	2.35939	1.90729
5.56602	15.8279	19.9626	1.52244	1.01509	3.54865	9.0605	10.0477	3.54865	10.0477	12.0036	2.02955	1.52244	2.02955	6.56984	7.56964	0	1.52244	2.02955	2.53634	0.507586	0.507586	1.01509	1.01509	1.01509	0	3.54865	9.0605	0	7.56964	6.0684	5.56602	4.05402	5.56602	3.54865	2.02955	4.55875	2.02955	1.52244	5.56602	2.53634	5.56602	11.5171	8.56482	0.507586	9.0605	9.0605	3.04273	5.56602	1.52244	2.53634	3.04273	2.02955	1.52244	0.507586	0.507586	2.02955	3.54865	2.02955	4.55875	5.56602	1.01509	3.54865	3.54865	1.01509	0.507586	1.01509	1.52244	2.53634	5.56602	2.02955	1.01509	1.52244	0.507586	3.54865	1.52244	3.54865	5.06278	2.02955	0	1.01509	0	1.01509	0	2.02955	4.05402	2.02955	0	1.01509	0.507586	1.01509	0.507586	1.01509	0	0.507586	0.507586	1.52244	1.52244	1.52244	0.507586	2.53634	1.01509	0.507586	0.507586	0.507586	1.52244	1.01509	0.507586	0	0	0.507586	0	0	0.507586	1.52244	2.02955	1.01509	1.52244	0.507586	1.52244	0.507586	1.01509	2.02955	0.507586	0.507586	0	0	0	0.507586	0	1.01509	1.01509	0.507586	2.53634	2.02955	1.01509	2.02955	1.01509	1.01509	1.01509	0	0.507586	0.507586	2.02955	0	2.53634	1.01509	0.507586	1.01509	3.04273	3.04273	0	2.53634	0	1.52244	0	0.507586	1.52244	0.507586	1.01509	1.52244	0.507586	1.52244	1.52244	0	0.507586	0	1.01509	0	1.52244	0	2.02955	2.53634	1.01509	1.01509	0.507586	3.04273	2.02955	0	0	2.02955	0	2.53634	0.507586	1.52244	1.52244	1.52244	1.52244	0.507586	2.02955	0.507586	0	0	0.507586	1.01509	1.52244	0.507586	1.01509	0.507586	2.02955	1.52244	2.02955	1.01509	1.01509	0	2.53634	5.06278	3.54865	1.52244	0	1.01509	0.507586	0.507586	1.01509	0.507586	3.04273	0	3.54865	4.55875	3.04273	5.56602	7.07028	1.01509	2.02955	1.01509	2.53634	2.53634	1.01509	1.52244	0.507586	1.01509	3.04273	1.01509	0.507586	2.53634	2.53634	0	0	1.52244	3.04273	0	4.05402	3.54865	1.01509	2.02955	2.53634	0.507586	3.54865	3.54865	2.02955	2.02955	1.52244	0.507586	2.02955	1.52244	0
9.83724	17.1804	16.8816	2.00544	1.43531	2.18948	8.78366	6.61236	6.10189	11.368	9.93843	2.49151	6.56955	8.5791	11.9319	10.6156	6.72427	5.91988	5.16531	4.53389	3.04262	1.6925	0.567442	0.966257	0.64697	1.09144	3.69425	7.22181	3.38204	7.06292	5.11858	5.11858	4.8368	5.70365	2.58623	2.71353	3.7799	1.60459	1.8294	5.20194	3.42434	5.82498	10.8851	7.81807	0.89718	7.74338	8.63124	3.40091	3.38183	3.97818	5.26604	4.83696	3.42434	2.91876	2.04525	1.65397	1.90682	2.89657	2.89107	4.02589	4.95083	1.61463	3.44754	3.4799	0.802453	0.401246	1.53283	1.30617	3.3341	5.55687	2.43927	1.84697	2.83511	2.68987	2.9569	0.802453	3.38183	5.36758	3.30519	2.00556	1.09141	4.82057	6.54305	5.37089	4.18193	5.01497	4.25771	3.08451	2.5107	1.13477	1.14885	0.739841	1.09141	1.04629	1.87289	2.09187	1.65402	1.20358	1.29378	0.89718	2.64759	1.44646	0.358897	1.97318	1.65405	2.09174	0.802453	0.538336	0.253789	0.253789	1.26869	1.84697	1.94038	1.29386	2.00548	2.56759	1.82945	2.1524	1.76687	2.33157	1.47948	1.5329	2.83511	3.4431	3.30535	3.04262	2.26875	1.14885	1.36643	0.966304	1.09141	1.09141	0.358897	2.09174	2.18203	1.82945	2.51708	2.00553	1.13482	0.802453	0.358897	0.802498	0.802498	1.52228	0.401269	2.28275	1.40123	0.897211	1.62457	3.62862	3.29541	0.253789	2.24729	0.802498	1.14885	0.253771	0.567442	1.44643	0.717765	1.30617	1.61463	1.60468	1.61463	1.20358	0.17945	1.44646	1.79398	2.26875	1.6925	2.24729	0	1.90682	2.5487	1.04622	0.914933	1.80288	3.65508	2.1524	0.89715	1.87289	1.82945	0.966257	2.49782	0.567467	1.44643	1.53283	1.04622	1.30617	0.802498	1.65394	1.36636	2.66586	3.42444	2.69576	1.44643	1.13477	1.30622	2.15986	1.52239	0.802453	2.18208	2.1524	0.89718	0.914933	0.761327	2.64759	4.64502	4.13566	2.64759	1.44648	1.93206	0.802498	0.64697	0.89715	1.30617	3.23173	4.81731	4.77732	4.25757	2.18934	5.58824	6.32359	1.47948	1.8294	2.53613	4.17818	5.73438	2.91862	1.62457	0.89718	1.30617	2.68969	0.802453	0.17945	2.80652	1.79386	0.802498	0.802498	1.47944	2.87439	3.05315	4.15499	3.29544	1.26869	1.69239	2.29678	0.17945	3.67684	3.94561	2.00544	1.79386	1.65394	0.739841	1.40123	1.62457	2.04525
0.538284	12.8431	9.54004	6.44229	2.74273	8.92734	11.8963	7.32338	6.31823	11.3563	10.2439	11.7615	15.1418	17.1005	17.0628	13.8203	12.065	11.5578	9.78731	7.18645	4.49103	3.06848	1.30609	0.40121	0.358862	1.4793	2.53584	4.30204	6.71176	6.8997	4.30204	4.49086	6.31805	5.44072	0.40121	2.26845	1.53269	2.49125	3.53457	6.55201	8.79564	7.42794	7.74273	5.91903	3.72859	3.5344	6.31823	7.47024	5.11839	2.5674	3.08403	3.47959	2.61082	3.79662	2.80639	3.38153	2.89631	1.98112	1.20347	3.23129	2.94026	2.35876	2.95662	3.13559	1.25583	1.40118	2.51684	1.60451	5.18919	6.16317	3.22638	2.68959	3.13061	2.18925	0	3.91284	5.77258	5.57077	2.49759	3.47964	5.92454	7.4215	6.54237	6.58806	5.71452	6.7329	6.96354	5.59937	5.06197	3.58846	0.966204	0.56739	0.179433	1.98112	2.61082	2.96755	3.58407	2.58613	0.56739	1.76669	2.26845	1.70173	1.44632	2.3313	1.26859	2.09155	0.646944	1.76669	1.69232	1.14881	2.35872	2.74273	3.42408	4.58603	5.2017	4.16624	2.73691	2.21839	1.53274	2.21839	2.98374	3.54815	4.18158	4.81018	5.31974	5.69229	5.54793	3.97756	0.966204	1.09133	1.44636	1.29372	0.646912	1.4463	1.26854	1.04613	1.4793	1.8727	1.53274	0.567408	0.914847	1.04617	1.26861	0.73979	0.401227	1.8467	1.52214	0.507514	1.44632	3.87572	3.44256	0.253762	2.29658	1.62441	1.82926	1.25583	0.80238	0.897093	1.20352	1.09131	0.739772	0.80238	0.538284	1.09133	1.36629	2.33821	1.01495	0.966168	1.01495	3.34823	1.07647	1.4463	2.56732	1.60445	0.80238	2.41254	3.13559	0.253762	2.8908	2.71331	1.53269	2.78332	1.79375	0.646912	2.00529	1.44634	0.914865	1.09133	0.73979	1.76662	4.00567	4.39029	2.91846	3.80908	1.4011	0.538284	0.739772	2.40588	1.44636	1.4793	0.80238	1.13467	1.09133	1.44636	1.20352	2.56732	3.52082	4.69927	4.33154	1.94008	0.646944	2.51046	2.96755	3.13574	3.86759	4.27232	4.83662	4.12383	1.82926	2.40599	5.26542	3.55698	2.16711	1.04617	3.19133	1.79375	6.93371	5.70314	1.04617	1.07647	0.80238	1.87264	1.47933	1.30605	2.26845	2.54861	3.05283	2.83484	3.23143	4.33544	5.51068	5.2017	3.7414	1.94017	0.358862	2.96755	3.29041	3.17626	3.80067	1.8467	1.7937	1.4463	1.13471	1.53274	1.90675	2.33828
10.67	13.9077	8.98406	9.58634	4.15429	12.1722	10.0712	8.25412	9.96045	13.6694	12.7531	9.86675	11.8504	9.1575	6.89004	5.20124	5.47546	7.50094	8.29732	5.88088	3.60586	2.40567	1.65367	0.567358	0.966083	0.646855	1.80254	2.53576	4.29794	3.60151	2.91821	4.60282	6.7109	4.00527	0.966083	1.53255	1.60437	1.94	2.43893	4.80309	6.15005	4.48709	2.98333	3.86716	3.05256	2.04483	2.00515	4.4478	6.15518	6.66862	5.04267	3.13031	0.966083	1.62425	2.49092	4.43318	4.72927	2.89616	2.35852	2.83445	0.761138	1.70157	1.84653	2.66524	2.00509	1.2685	2.04478	0.966118	6.72262	7.33524	2.43883	1.09123	1.69209	1.6043	2.53567	5.85657	4.99182	3.17607	1.26846	6.72508	5.54457	3.79616	0.761138	3.69356	2.18167	3.30466	4.31276	3.60147	4.00532	4.2568	1.70157	0.646887	1.13457	2.58577	1.09121	2.16683	2.71307	3.42366	3.29482	1.04608	1.04603	1.90648	0.897014	2.49746	2.66538	1.1346	1.20337	1.98093	1.80254	0.966118	2.24689	2.09137	2.152	3.74107	4.00544	2.5859	1.14871	0.538236	0.35883	0.35883	1.69217	2.1595	1.65373	1.44623	2.26832	2.68935	6.63033	6.11355	0.401191	0	0.802343	0.897014	1.65364	1.87248	1.62427	1.62427	0.966118	0	1.44617	0.25374	1.04603	0.56734	0.567358	0.739725	1.0148	1.6043	0.646855	1.65371	2.56717	3.17598	2.94	0	3.77923	2.69525	2.51661	1.65367	1.36612	0.56734	0.646887	0	1.07638	1.79359	1.52209	1.4792	1.44621	1.30593	1.47917	1.76653	2.00509	2.73068	2.40567	0.802309	2.24689	2.54825	1.70157	3.29485	3.29485	2.33803	3.06818	0.717632	3.28997	2.96717	0.25374	1.76646	2.95636	1.79363	1.43504	0.802309	0.896991	2.83445	5.36073	1.98093	4.42237	4.4224	0.567358	0.646855	0.802343	3.04715	0.401174	1.82906	1.60437	1.82906	1.79354	0.966118	1.20337	2.15939	2.18895	4.81612	4.44756	1.98095	2.43893	3.58367	3.00487	3.04729	3.27053	1.36617	0.253726	0.253726	1.76646	4.73944	3.09424	0.253726	1.70157	0.761138	2.66526	3.06302	7.03255	5.58725	0.35883	0.646855	0.538236	1.4792	1.82906	1.47917	1.94	2.83459	2.33807	2.04486	2.41245	2.41245	2.78315	2.49103	2.16692	1.44621	2.98333	2.64724	3.5206	1.76653	2.4388	2.21813	2.58577	0.717632	1.40105	1.62427	0.646887	0.35883
7.06756	11.9991	5.56386	9.55116	3.04155	12.4837	9.55116	1.0147	1.52185	6.56731	8.06474	4.05244	9.55116	2.02876	0	1.52185	0	5.56386	8.06474	6.06605	4.05244	2.02876	1.52185	0.507388	1.0147	0	0.507388	0.507388	3.04155	2.02876	1.52185	4.05244	6.06605	3.04155	1.0147	1.0147	1.0147	0.507388	1.0147	3.04155	1.0147	3.04155	1.0147	2.53535	0	2.53535	3.04155	0.507388	1.52185	3.04155	0.507388	0.507388	2.02876	1.0147	3.04155	4.55698	5.56386	1.52185	3.54727	3.04155	0	1.52185	1.52185	2.53535	2.53535	0	1.52185	0.507388	7.06756	8.06474	2.02876	0.507388	2.02876	2.02876	2.53535	6.06605	2.53535	0	3.04155	6.56731	3.04155	2.02876	0.507388	3.04155	0.507388	1.52185	3.54727	3.04155	3.04155	4.05244	2.53535	0.507388	1.52185	3.04155	0.507388	2.53535	2.53535	3.54727	4.55698	0	0.507388	2.02876	0	0	0.507388	0.507388	1.52185	2.02876	1.52185	0.507388	2.02876	2.02876	2.53535	2.53535	1.0147	1.52185	0.507388	0	0	1.0147	1.0147	0	0.507388	0.507388	1.52185	0.507388	7.06756	6.56731	0	0.507388	0.507388	1.0147	2.02876	2.02876	1.0147	1.0147	0	0.507388	1.52185	0	1.0147	0.507388	0.507388	0.507388	1.52185	1.52185	0	1.52185	1.52185	2.02876	2.53535	0	4.55698	2.02876	2.53535	1.52185	1.52185	1.0147	0	0.507388	1.0147	1.52185	0	1.0147	1.0147	0.507388	2.02876	0.507388	3.04155	2.02876	3.04155	0.507388	2.02876	3.04155	2.02876	3.04155	3.04155	2.02876	2.02876	0.507388	3.54727	2.53535	0.507388	2.02876	3.04155	0	1.52185	1.0147	1.0147	3.54727	5.56386	0.507388	5.56386	3.54727	0.507388	1.0147	0	3.04155	1.0147	1.0147	0.507388	2.02876	2.53535	0.507388	1.52185	2.02876	2.02876	5.06081	4.05244	0.507388	0.507388	2.53535	1.52185	1.0147	1.52185	0.507388	0	0.507388	2.53535	5.06081	0.507388	1.0147	2.02876	1.0147	1.52185	0.507388	5.56386	4.55698	0.507388	0.507388	1.0147	0.507388	2.02876	1.0147	0.507388	0.507388	1.0147	0	0	0	1.52185	0.507388	0.507388	1.52185	4.05244	1.52185	2.02876	0.507388	1.52185	2.02876	3.04155	0	0.507388	1.52185	0	0
5.64566	12.709	9.42306	10.5591	10.1733	15.9034	10.8249	6.11268	6.78714	9.7893	12.4309	11.4018	10.652	3.67567	1.26823	0.914587	2.33073	6.16149	8.05046	5.61172	3.17028	2.15158	2.80559	2.8956	0.802187	0.802187	1.52179	2.73026	3.94019	2.00476	0.538131	4.00454	6.54997	5.43061	4.83526	2.64672	2.64661	2.78841	2.83404	2.56662	1.07617	3.06232	1.82875	2.95579	1.07617	1.93124	3.24526	2.68883	2.49697	3.17536	1.65341	2.09106	2.33068	1.61401	3.38057	4.37068	4.92323	3.8458	3.60081	1.52171	1.93962	3.2699	3.5696	2.21776	1.43476	2.79989	3.68869	3.77868	5.06353	7.61783	3.23038	0.896816	1.93953	2.53513	2.29593	4.35611	6.44062	6.44062	4.52867	6.56678	3.12963	2.56662	1.44595	3.83312	2.33755	3.17545	3.09358	2.15897	2.91758	4.56365	3.77857	1.79324	0.896816	2.96659	1.26823	2.35806	3.34737	4.47901	3.9644	0.76099	0.914606	2.43833	0.179382	0.25369	0.646729	0.965895	1.53225	1.65332	1.40071	0.646729	2.04435	2.68869	3.56949	3.23043	1.93131	2.15158	1.47892	1.29336	1.93962	2.49697	2.66483	2.93958	3.55616	3.55616	3.12972	1.79328	7.58266	6.56673	0.179382	0.567247	0.914606	1.62393	3.09358	2.87332	1.93131	1.47892	1.01466	1.29336	1.79324	1.01466	1.44593	1.30572	1.09102	0.401113	1.40071	1.54269	0.25369	1.40071	1.52171	1.60399	2.51614	3.33303	5.21537	2.3919	2.89549	1.79324	2.15904	2.09871	2.15908	2.18863	2.26788	2.35809	2.04446	2.73614	2.43845	0.896839	2.4052	1.07617	3.42293	1.65335	3.60516	0.179382	1.87211	3.06758	3.34737	2.33757	2.00472	2.35809	0.896816	2.00476	3.34728	2.09096	0.401096	1.76612	3.1296	0.914587	1.26823	1.98056	1.65335	3.58288	4.69789	2.33762	5.43045	3.1296	0.802187	0.35876	1.13438	2.09096	1.20313	0.76099	0.914606	2.51612	1.29329	3.06762	3.92808	2.73026	2.53518	4.51791	3.23036	2.29605	4.65377	5.12314	2.53526	0.538131	1.3659	2.64672	2.54789	2.1665	2.2177	4.08351	1.69184	1.3659	2.09864	1.43476	1.30568	0.25369	4.9361	4.00449	2.18863	2.04446	0.896862	1.13435	2.26781	1.43476	1.20313	0.914587	1.44589	0.179382	0.567229	1.7013	2.56667	1.13435	2.8956	4.08762	4.31192	2.71254	3.06762	2.4053	1.65338	1.54269	2.8339	0.567229	1.20318	2.53521	2.15908	2.54789
8.70689	14.0642	12.2335	10.5716	17.0467	19.9214	14.9759	11.9279	11.0677	11.8602	13.5474	12.4349	8.25181	4.94872	3.40392	1.20301	2.43811	5.21473	6.31558	4.81801	2.56636	2.18844	2.49032	2.78225	1.62377	1.65326	1.82857	2.00449	2.00452	4.25572	7.19263	8.52571	9.41241	7.05991	4.57387	4.48912	4.58402	0.507325	1.61386	2.98263	2.79964	1.65318	1.53209	2.09074	1.65315	0.965795	2.00449	0.802069	0.538079	2.91722	0.896751	1.20307	1.07606	1.29316	2.96628	4.12218	6.25049	8.19665	6.74921	3.40861	0.965795	1.36571	2.64633	0.91452	1.53209	3.05157	5.26062	6.58811	3.19031	5.09126	6.02831	2.8336	3.47847	6.86971	6.96096	7.33357	9.18719	9.69802	9.11071	8.56035	5.06332	3.56927	2.28182	4.9838	4.58402	2.53492	1.65323	0.646661	1.70114	4.29669	4.91305	2.95549	0.896782	2.49017	1.13423	0.538079	2.15889	3.77825	2.15883	2.02836	0.896782	2.87304	3.05169	2.58517	1.26814	1.04572	1.26805	0.965795	0.401054	1.77512	3.24499	4.15301	3.86602	1.53209	0.760963	0.25365	2.54766	4.42133	5.15985	5.11649	4.66707	4.22563	3.92775	3.67534	3.19031	2.71228	8.1039	6.62836	1.79312	1.14838	1.65326	3.44603	4.30041	2.83376	1.79312	1.44582	1.69169	2.43824	2.18844	1.40065	1.69169	2.24635	2.40509	2.0046	1.26811	1.29316	0	1.40056	2.00449	0.538079	1.76603	3.20532	1.82852	2.09087	3.23013	1.70114	1.25535	0.401054	2.33046	4.72476	5.61433	4.31167	3.62713	4.86767	5.47392	5.21502	5.85512	8.67993	9.38118	6.86971	6.09892	2.71223	0.802115	2.66459	3.44609	2.66459	0.739487	0.401054	0.358725	2.09074	2.24622	1.0145	0.401077	0.802069	2.56636	2.53492	0.739487	1.30555	2.04424	2.95549	2.33046	4.09115	3.23011	2.04414	0	2.00452	2.33052	0.739487	1.80199	0.401077	2.49017	1.80199	1.53209	4.73805	3.20532	2.04424	1.04572	3.60042	4.19143	3.55584	2.51588	1.82852	2.58517	2.83376	2.02836	2.00457	1.93945	2.40509	1.69169	1.62377	3.87447	4.8084	5.19976	4.80173	2.93932	1.70107	3.69245	2.86744	3.05169	3.04117	2.89533	2.71223	2.15137	3.17016	5.48545	5.50864	5.5973	5.43897	5.22422	3.97629	1.65326	4.56313	6.43986	6.22258	5.75671	4.64307	4.3042	3.68836	3.17016	2.33741	2.3916	1.44577	2.33732	2.53497	2.49032	3.60499
5.5683	12.7348	10.9841	3.69229	11.5889	10.296	6.94215	6.50043	4.81778	5.03742	4.60104	1.70097	1.90574	2.58477	3.69215	2.80493	2.26737	4.96092	5.25986	5.65296	3.06172	0.739437	2.04396	3.29357	0.567119	2.5662	3.39894	3.82834	3.92734	7.17202	7.22461	6.60653	8.08006	5.43813	2.93886	5.75585	4.05918	2.74142	4.88341	4.31122	3.85749	2.24612	2.33019	1.43448	1.44563	1.44561	2.56612	3.06702	2.7356	4.25512	1.43448	0.896687	0.896687	1.44563	1.04563	2.33716	4.0238	4.55594	5.19913	6.47338	1.70097	3.36582	5.54242	3.60446	2.33023	5.61345	3.5688	3.06183	4.98335	0.896664	6.95089	5.44978	6.11126	6.47123	7.868	4.91276	2.91712	3.65306	5.44711	5.28118	3.38008	1.79293	0.965742	4.09057	6.62777	3.29357	0.739418	0.35869	0.646603	2.33705	5.19898	2.79919	1.13416	2.91701	1.70097	1.26798	1.26796	2.68817	0.179347	2.28145	0.646603	1.79293	3.16983	3.17484	2.1586	0.179347	1.53195	0.717352	1.29304	2.51565	3.44569	3.42233	1.69143	1.54247	2.64621	2.74137	3.29357	3.51923	3.36582	2.79934	2.1882	1.268	0.739418	0.179347	0.253641	2.1881	7.27857	6.15254	2.15862	0.896664	1.65302	3.3033	2.56612	0.538027	0	0.401018	1.30543	1.44565	1.09081	0.538027	0.567137	1.04567	1.53201	1.82839	1.14826	0.914409	0.253641	1.77483	2.73548	0.965742	2.54726	0.567119	3.0513	4.42084	3.62675	2.83349	2.54739	2.04406	4.33315	5.0908	3.55547	2.91707	1.82839	3.2298	3.13424	4.40277	6.53927	10.4534	9.08584	8.38606	6.66582	4.56272	1.40043	0.717352	0.965707	2.00431	1.82839	1.79293	0.965707	2.21727	2.72962	0.717352	0.507271	0.401035	1.04563	2.4964	1.80183	0.896687	1.25523	1.13416	2.18078	1.60375	0.401035	2.33019	0.802031	3.4595	1.14826	2.91697	1.70091	1.2029	3.16966	0.914409	3.04597	3.80727	0.896664	2.16599	2.04404	3.45963	3.5689	2.39138	3.12909	5.02164	3.04069	3.42233	4.24384	1.44563	0.646635	0.253641	0.914409	1.36558	3.42233	3.58237	4.32598	4.35534	3.22484	3.20485	3.08256	1.07596	0.965742	1.04567	2.04404	3.62222	2.58489	4.81776	6.11143	4.9483	5.12526	5.5683	4.97397	3.06702	2.83335	6.62777	6.07743	2.40484	3.0037	2.33716	3.00361	1.47863	1.79293	2.02829	2.18082	1.44565	1.93915	1.52142	1.29304	2.33019
0.5072	13.9214	11.0207	3.54596	10.5312	7.56394	0	3.54596	2.53441	4.55529	4.05094	1.52128	2.53441	1.52128	3.54596	3.04042	1.52128	4.55529	4.05094	5.56181	3.54596	0.5072	3.04042	3.04042	2.028	1.52128	1.52128	2.028	0.5072	5.56181	3.04042	3.54596	8.06178	6.56489	3.54596	5.56181	3.04042	2.53441	3.54596	0.5072	2.028	1.52128	2.53441	0.5072	0.5072	2.028	2.53441	2.53441	1.01432	4.55529	1.01432	0	0	1.01432	0	0.5072	1.52128	0	4.05094	7.06495	0.5072	2.53441	4.55529	5.56181	1.01432	7.06495	4.05094	1.01432	5.56181	1.01432	7.06495	6.56489	7.56394	0.5072	5.05894	0	1.01432	1.01432	3.04042	0.5072	1.52128	0.5072	0.5072	3.04042	6.56489	3.54596	1.01432	0.5072	1.01432	2.028	5.56181	2.53441	1.01432	2.53441	0.5072	1.01432	1.01432	3.04042	0	2.028	1.01432	1.52128	0	2.028	2.53441	0.5072	1.52128	0.5072	2.028	2.53441	2.028	2.028	0.5072	1.01432	1.01432	3.54596	4.55529	2.028	1.01432	0	0	0.5072	1.01432	0	0	2.028	6.56489	5.56181	2.028	1.01432	2.028	3.04042	1.52128	0	0	0.5072	1.52128	1.01432	1.01432	0.5072	0.5072	0	0.5072	1.01432	0.5072	0.5072	0	2.028	3.04042	0.5072	3.04042	0	3.54596	2.028	0	0.5072	0	0.5072	5.56181	6.06381	0	2.53441	1.01432	3.04042	0.5072	0.5072	2.53441	6.56489	0.5072	8.55839	6.56489	5.05894	2.028	0.5072	1.01432	1.52128	0.5072	0.5072	2.028	1.52128	3.04042	0.5072	0	0	0.5072	2.028	1.01432	0.5072	2.028	0.5072	3.04042	0.5072	1.01432	2.53441	0.5072	3.54596	0.5072	3.54596	1.52128	1.52128	3.04042	0.5072	3.04042	3.04042	0.5072	2.028	2.028	1.01432	2.028	3.54596	4.05094	4.55529	5.56181	3.04042	4.55529	1.01432	0.5072	0.5072	1.01432	2.028	3.54596	1.01432	1.52128	3.04042	3.04042	3.54596	3.04042	0.5072	0.5072	0.5072	0.5072	3.04042	0	3.54596	3.04042	0	1.01432	0.5072	1.52128	3.54596	4.05094	6.56489	5.56181	1.01432	1.52128	0	3.04042	0.5072	0	0	1.01432	0.5072	1.52128	1.52128	1.52128	2.53441
6.31169	14.0062	12.1394	9.08246	11.9457	9.11122	5.43744	6.45033	4.88242	5.06157	3.42174	5.47238	6.41106	4.29917	4.33231	2.78717	1.44533	4.36898	4.17475	5.75474	3.7259	0.537927	2.64558	3.04547	3.30278	2.6091	2.53426	3.00304	1.09061	5.65182	2.43738	2.73495	8.00639	7.42055	3.58149	5.25879	3.29294	2.16557	3.2929	0.179314	1.79256	2.66383	3.86505	3.72615	2.68783	2.71146	2.87223	3.96304	4.42008	4.47729	0.64652	0.965568	0.965568	0.646478	0.739278	1.52123	2.53426	1.9055	4.25431	6.64075	1.43421	2.91654	3.34599	4.40174	2.18782	6.22041	3.53204	1.82806	4.86597	1.29279	6.74686	6.78418	8.4344	1.8015	6.04488	0.739278	0.537927	0.914261	2.18767	0.739278	1.04549	2.33675	2.04359	3.33156	5.9391	3.47726	1.26775	1.26772	1.20273	3.95491	5.54989	2.35715	1.26772	2.64558	0.914261	1.44536	1.43421	2.58427	0.537927	2.83283	2.21692	1.13396	0.358624	1.52112	2.40427	1.52123	2.3572	1.26778	3.00304	4.13258	3.34612	2.88893	1.9389	1.97168	1.60337	2.88881	4.58625	3.06641	1.79256	1.29288	1.9389	2.18782	1.44541	0.64652	0.965568	2.39092	6.39346	5.61237	1.40016	1.52123	3.24407	3.42169	2.15822	1.52123	1.65279	1.69121	1.97168	1.97981	2.24572	2.58444	1.9055	1.04549	0.914261	1.30518	0.717219	0.537927	0.179314	1.7925	2.88881	0.507182	2.48947	1.14806	2.66368	1.97979	1.9055	2.00403	1.30523	0.896497	6.79582	6.8306	2.21692	3.2929	1.26772	3.04538	0.965568	0.400963	2.79865	5.36352	4.94733	10.2371	6.27377	4.08586	1.90537	0.253578	0.965521	1.60337	1.01421	1.43421	1.82801	1.90537	2.9164	0.507146	0	0	2.00395	4.2992	3.30284	1.44538	1.6134	2.09028	3.12842	1.36539	1.62331	2.04356	0.253596	3.17414	2.33675	2.83283	1.30518	1.79256	1.65268	2.33675	3.40767	1.84546	0.965521	1.43421	2.87223	3.34612	6.16703	7.95378	7.66666	7.68291	7.73775	2.43751	3.29294	2.89451	3.16927	3.94289	2.9166	2.33666	2.68765	1.52123	2.95475	3.06641	2.96545	2.9164	2.609	2.09028	2.53432	3.53226	3.53226	4.32874	2.15828	3.22914	1.70059	4.08999	5.85347	5.86161	3.69167	1.36532	4.91167	7.67241	5.75474	1.36532	1.54209	0.567035	2.41092	0.717219	0.507182	0.801888	0.717219	0.801842	2.95465	3.47742	3.45901	3.42174
13.163	16.5643	15.2796	10.0879	9.95363	9.26921	6.96739	8.65851	8.54419	7.31338	7.32	9.46322	10.5442	9.43183	7.521	4.86574	4.72632	6.09669	6.25047	7.1015	5.36318	3.08184	3.12821	3.36487	2.04348	0.400904	1.76527	2.7984	2.18017	5.03908	0.801804	1.82787	6.10947	8.2842	4.35404	5.23418	4.84273	3.04524	3.26828	1.84538	2.79855	4.05824	4.96935	4.30254	2.74059	1.9796	3.05051	5.05823	6.29099	4.97257	3.42137	1.40004	1.26758	1.20261	2.15799	1.07565	1.76527	1.13384	3.92605	5.65137	3.69123	1.43407	0.400904	3.22897	5.81756	7.17001	5.0361	3.85641	5.0107	4.30254	3.30232	6.83928	10.9253	4.66517	6.09651	1.87122	1.52107	1.9053	2.43726	2.15055	1.65253	1.14788	4.25392	4.00263	4.1205	2.78121	2.43729	3.12811	4.08162	4.85915	4.12059	1.47821	1.2676	2.43719	1.47821	0.253555	1.47821	2.53397	1.20261	2.83255	1.29268	1.53152	2.43726	2.48936	1.61324	2.74059	5.20689	6.56878	8.66577	7.97663	5.18554	3.28791	2.28093	2.68748	2.71121	0.965433	3.26828	4.11672	3.04517	1.14793	1.25488	1.36525	1.30509	0.739209	0.896387	2.64534	6.04434	5.08306	0.760667	3.24375	4.25405	3.90987	3.12823	3.18907	3.83149	4.05824	3.93028	3.36487	2.79855	2.64546	2.15055	0.965433	0.507101	1.14788	0.537874	0.253569	0.739209	1.53152	2.15794	0.896387	1.61324	1.53157	0.566958	2.09006	2.68755	3.18907	3.5679	2.43729	7.9763	5.60906	3.47695	4.75302	3.29279	5.59514	6.06296	5.25859	5.37504	5.65155	9.49736	9.77199	4.72294	1.97962	1.30506	0.965468	0.566958	1.29268	1.53152	1.65256	1.79243	3.05044	2.21664	0.400904	0	0.717149	3.29264	3.44461	0.717149	2.43717	0.89641	1.76534	2.00376	0.739227	1.62316	1.44522	1.07565	2.2167	2.68755	1.76534	1.29268	2.74059	4.64128	6.70906	6.53743	6.3585	6.83026	6.9402	6.86708	4.96935	7.36475	6.99434	5.9893	7.56274	9.7799	6.62619	3.94247	2.24548	1.76527	1.47821	2.98147	3.20408	1.53157	1.26758	1.54196	1.65253	2.00374	2.60883	3.76415	3.22895	1.40011	0.80177	1.60323	3.58117	1.43407	3.47712	6.58557	8.69094	8.19921	7.87586	7.24211	4.08549	4.25394	8.8469	5.82004	3.44466	2.15794	1.01412	1.26758	0.717149	1.13384	2.09771	2.15805	2.95445	6.08364	7.22692	8.10131	7.48983
8.11012	12.9596	12.1184	3.79328	6.21931	8.55965	1.97944	5.3774	7.22171	5.89537	5.33307	4.24245	6.89377	8.7239	7.82698	4.75276	4.40114	5.54037	6.19903	6.77142	4.84226	3.26805	2.35676	2.04322	2.16518	2.24528	3.26805	2.00362	3.69076	3.33097	2.43698	2.18739	3.4443	7.02946	4.08126	4.00228	4.17789	2.15786	2.87167	1.76519	1.82771	1.69088	1.97944	4.42982	3.60312	0.400886	1.44509	1.97944	2.35676	2.09753	4.56103	2.49547	2.09745	1.79222	2.50833	2.40394	3.26805	3.04497	4.66472	5.00708	4.69544	5.01024	1.79227	2.88835	4.1319	6.29032	5.77323	5.65105	5.29419	4.91087	2.66324	3.95417	10.7591	6.95755	4.15108	1.84513	1.6131	2.80401	3.09189	3.12783	2.00358	3.40233	5.16029	3.09183	2.24518	1.07556	1.44513	5.19706	5.75372	2.64511	1.77418	0.400869	1.01403	1.44507	1.36508	2.09745	2.29475	3.24343	1.07556	1.93015	2.00362	2.71097	2.87167	2.43707	1.93853	5.30898	5.81953	5.77323	7.65494	4.83253	3.40702	0.896354	0.537827	1.84513	2.21645	1.30498	0.760559	2.96492	3.28747	0.896308	1.26751	1.44509	0.801699	1.29256	1.07556	3.58086	5.93806	4.05767	1.25476	3.20366	2.66324	1.97942	1.62303	2.00362	2.32941	2.43707	2.48914	1.65247	0.896331	1.26747	2.43695	1.53138	0.914088	0.914069	0.17928	0.400869	1.36508	1.65241	1.87105	1.30494	0.717086	1.29256	1.20245	0.7606	0.914088	1.36513	2.69321	1.84521	6.9483	3.85592	5.20629	4.52598	3.24346	4.43005	5.19733	5.12025	6.07271	4.36843	6.623	4.32787	0.739143	0.739143	0.507083	1.25476	0.646395	0.801699	0.896331	2.00365	2.88843	2.66333	1.04529	0.17928	0	1.60308	2.41049	2.56522	2.7983	1.47804	1.60308	0.965348	0.914069	0.646395	0.507056	1.09038	0.914069	0.400886	0.400886	0.400886	2.68717	5.76755	5.61157	4.48723	4.08531	6.33298	7.17391	5.9703	5.72903	2.35676	5.83307	4.56103	3.17357	2.0432	6.04386	4.94639	5.19733	4.86536	4.70557	3.75949	1.77418	1.5419	1.26751	1.70033	2.74041	2.69319	1.87111	2.41062	2.74041	3.28747	2.21645	3.22869	4.2537	4.13186	3.97432	5.21256	6.27024	4.86531	2.48914	2.16527	6.47099	7.61356	2.98106	8.19236	4.1893	5.27899	3.42099	1.84513	0.896308	0.507056	1.60308	1.80115	1.65247	3.22365	6.1038	6.623	5.42755	4.83253
4.04937	11.0165	12.4745	5.55965	6.06147	9.54403	1.52069	4.55353	6.06147	3.54458	2.53342	1.01392	5.55965	7.56103	6.56235	2.02722	1.52069	4.04937	5.55965	6.06147	3.54458	2.53342	1.52069	2.53342	3.03924	1.01392	2.02722	0	4.55353	2.53342	3.03924	0.507002	2.02722	6.06147	3.54458	3.03924	3.54458	0	2.02722	0.507002	1.01392	0.507002	1.52069	5.55965	3.54458	1.01392	1.52069	1.52069	1.52069	1.01392	4.55353	2.53342	2.02722	1.52069	1.52069	0.507002	2.02722	1.01392	3.54458	3.03924	2.02722	4.55353	1.01392	3.03924	3.03924	4.04937	2.53342	3.03924	3.03924	3.03924	5.05698	1.01392	9.05025	5.55965	1.52069	1.52069	2.02722	1.52069	2.53342	3.54458	1.01392	3.03924	4.04937	2.02722	1.52069	0	0.507002	6.06147	6.06147	2.02722	1.52069	0.507002	1.01392	1.01392	1.52069	3.03924	0	3.03924	1.52069	1.01392	1.01392	2.02722	2.53342	0.507002	1.01392	6.56235	6.56235	3.54458	4.04937	1.01392	3.54458	0.507002	0.507002	1.52069	1.52069	1.01392	0	2.53342	3.54458	1.52069	0.507002	1.52069	0.507002	1.52069	0.507002	4.04937	6.06147	3.54458	1.01392	3.03924	2.53342	1.52069	1.01392	1.52069	1.01392	0.507002	0.507002	0.507002	1.01392	1.52069	2.53342	1.52069	0.507002	0.507002	0	0.507002	1.52069	1.52069	1.52069	1.01392	0.507002	1.52069	1.52069	0	0.507002	1.01392	1.52069	1.01392	6.06147	2.53342	4.55353	3.54458	3.03924	1.01392	0.507002	2.02722	4.55353	0.507002	4.55353	3.03924	1.01392	1.01392	0.507002	1.01392	0	0.507002	0	0	1.01392	0.507002	0.507002	0	0	2.02722	1.52069	0	1.01392	0	1.52069	1.01392	0.507002	0	0	1.01392	0.507002	0	0	0	3.54458	6.56235	3.54458	1.01392	1.52069	4.04937	1.01392	1.52069	4.55353	3.03924	5.05698	4.04937	3.03924	0.507002	4.55353	2.02722	0	1.52069	3.03924	3.54458	3.54458	0	1.01392	0	1.52069	2.53342	0.507002	0.507002	2.02722	4.04937	3.03924	1.52069	1.52069	2.02722	3.03924	3.03924	2.53342	1.01392	0	0.507002	6.06147	8.05868	2.53342	7.56103	3.03924	6.06147	4.04937	2.02722	1.01392	0.507002	2.02722	1.52069	0.507002	2.53342	5.55965	6.56235	3.03924	1.01392
6.40862	12.1896	14.5872	10.4638	9.03087	8.96851	1.39971	4.42896	5.50468	3.5847	4.6809	3.7247	6.45023	7.79137	8.58547	5.1962	2.87112	4.61567	5.81016	5.44672	3.52621	3.05999	1.79187	2.88782	4.32716	3.51724	3.04956	1.77392	3.77563	2.08937	2.02704	1.65215	3.44364	7.0281	3.90866	2.83177	2.78614	0.760451	1.69047	0.801543	0.96516	0.91391	1.80082	3.87168	4.29755	2.15744	0.96516	2.0428	1.53109	1.13348	4.26767	3.2279	1.90466	1.65206	1.52055	0.400791	1.77383	0.913892	2.91532	2.80334	2.4365	4.5706	1.76477	2.91532	3.83022	4.08434	1.93805	2.54582	2.83177	3.51715	5.89677	1.04508	8.75781	7.05501	1.26729	1.5416	4.44356	5.84035	3.60258	3.39691	0.537722	2.91532	3.92491	2.28016	1.84477	0.896179	2.3563	7.32839	6.27892	2.53329	0.896156	1.53114	3.56689	4.24163	4.40029	4.00158	2.66283	4.35658	5.7529	5.06309	2.16485	1.84477	2.35626	2.18697	3.002	8.21945	7.79137	3.26741	2.68665	1.87074	2.88774	0.506957	0.400808	1.7	2.71048	2.17959	1.29237	1.65206	3.22793	2.50784	0.896179	1.14755	0.179245	1.26724	1.36486	3.62452	5.44672	3.68572	0.716946	3.16787	3.28683	2.32891	1.7	1.26724	0.896134	0.801543	0.716946	0.716946	1.20222	1.54152	2.24475	1.82732	1.13348	1.13348	1.60284	2.08947	2.00323	1.97904	1.6227	0.739	0.400791	1.36481	1.65209	1.01389	1.20227	1.69995	1.26729	3.43915	4.69439	1.6227	4.9195	3.7374	2.40337	0.801543	0.537722	1.90466	3.68572	2.79776	4.70458	2.4365	0.760411	0.646237	0.716946	0.506957	0.400808	0.253497	0.896179	1.01389	1.07535	0.358487	0.801543	1.13352	1.79192	3.22302	2.26615	1.07535	0.739	1.20227	1.43367	0.400791	0.896156	0.506957	0.646269	0.739	0.646269	2.00326	2.79776	3.16804	5.54215	9.20274	8.24624	7.06644	4.80518	4.15028	3.09129	4.02153	6.46502	6.07413	1.84477	5.81858	7.10634	4.76191	3.69009	1.65206	0.253484	0.96516	2.88779	4.42542	3.95337	3.43915	4.08452	4.30879	4.02153	2.73987	0.646269	0.965195	3.94124	5.19617	4.47562	3.29183	3.17304	3.44374	3.04956	2.48854	2.18686	1.30472	2.08947	3.52635	5.71952	5.40283	4.73502	6.72569	3.12723	5.71945	4.05689	1.65213	2.98063	3.67288	4.52524	4.00163	3.7247	4.03732	5.8184	6.46729	2.72808	1.13348
6.56148	10.8031	14.4122	14.7387	14.5013	10.3374	5.7412	4.64277	5.18651	6.10753	6.63086	4.26749	6.08139	8.75737	12.1103	9.76835	5.78522	6.54437	6.75315	6.28841	4.84085	3.94088	4.05674	5.11262	5.46676	4.55986	4.95788	5.55897	4.39989	2.49484	3.3302	4.86399	7.18681	8.68543	3.20271	1.54136	1.76468	3.43885	2.6626	0.358452	1.77377	3.3012	3.28669	2.32875	1.90446	1.44469	2.32875	3.76266	2.24464	1.80064	3.59769	5.11873	5.12192	3.3302	2.66244	0.400749	1.65189	0.253457	1.90446	2.43622	2.29394	3.39656	3.61988	3.76266	5.71894	3.77533	0.738949	1.54136	2.16454	2.89299	6.30836	3.72412	6.37075	9.1595	3.53035	2.5076	5.25955	7.46396	7.36865	3.97327	1.62254	2.91501	3.54389	2.33548	2.54555	1.61263	4.83099	8.03396	3.9731	0.738925	1.80062	5.37301	6.39822	5.94468	5.69979	4.30841	2.33563	2.04272	2.78604	3.3011	3.43861	0.400749	1.93798	3.30127	6.06322	10.6818	7.67928	3.17275	0.179228	0.400772	1.80062	1.65197	1.531	2.48843	3.56656	3.44341	2.00299	0.8961	2.86526	3.04926	1.82718	1.13342	1.13342	2.18677	3.68556	4.17677	4.18806	2.33548	2.96419	5.55023	6.09439	4.32685	3.03886	2.2941	1.84469	2.17938	1.93798	1.65197	1.61263	1.97074	2.43625	2.27992	2.21579	2.14973	1.82718	1.44472	1.3046	2.35603	2.21587	1.652	1.20216	1.47765	2.16465	2.6626	2.48843	3.05967	3.04393	3.68987	2.28008	3.04402	5.00562	2.15716	1.13342	2.18677	2.73381	2.8316	0.400749	3.00173	1.61263	1.6027	2.00304	0.56674	0.716876	0.400749	0.506903	1.26712	1.29226	1.14751	0.801504	0.646169	2.33555	2.32875	1.652	2.83148	0.646211	2.24451	1.5205	1.76468	0.801504	0.913799	1.26714	1.53093	0.400749	0.738949	2.53305	3.73716	4.11917	4.30841	5.89634	10.316	8.54101	6.74413	5.76606	2.66256	3.39656	3.44348	6.10228	8.82804	7.18718	4.05674	0.738949	4.88029	3.04411	0.801504	1.84469	2.02696	2.78024	4.73446	4.41798	6.58314	7.02784	7.37932	7.56011	6.56636	6.08157	7.18721	8.2739	7.21991	5.37607	4.02117	4.41795	4.25249	2.88761	1.80064	1.01373	1.44472	3.65066	6.23554	3.77547	3.62434	7.01884	5.60995	3.76266	4.72093	3.68965	1.44467	2.15725	2.98036	4.03695	3.53057	3.22777	2.8316	4.72093	5.21991	1.4776	1.65197
2.7334	5.96768	6.86356	5.83922	7.25613	5.83922	7.67428	4.25192	3.34418	3.68952	2.54546	2.8312	1.6224	3.79618	9.54472	9.60928	4.90887	6.37756	5.93588	6.79207	5.51516	2.32846	2.96388	2.96388	5.05871	1.9294	2.68626	3.79618	3.32985	2.83134	4.14953	3.16742	9.79872	9.57052	2.8028	1.43339	2.15698	2.89283	2.88726	3.03838	2.56423	2.38961	2.33534	2.93678	3.08037	1.43339	3.30079	3.2422	1.60253	1.65177	1.80047	3.67216	5.11208	4.03654	4.3262	0.760263	2.15691	0.506886	1.79148	3.08021	2.32842	0.738856	2.60759	3.61952	5.48056	1.79153	0.801387	1.01364	2.5828	2.00278	4.08355	6.88187	2.18643	10.306	5.69613	2.0424	4.93141	2.51374	4.85684	3.58401	2.7334	3.29104	3.16725	1.60246	3.37735	2.79707	5.36347	5.89563	0.913732	1.69022	3.30079	6.4953	3.44307	1.84449	1.97054	1.82696	2.18643	1.93777	2.9149	5.21041	4.17627	1.76443	0.913714	1.61247	6.10144	8.5964	3.00133	3.41966	0.801387	2.17913	2.09671	2.15696	1.43339	1.44453	1.62238	2.96376	3.67197	1.43339	2.24431	2.54533	1.08996	1.20203	1.30447	2.15696	3.04898	3.12672	3.22735	0.566706	4.21048	5.89577	5.18601	2.54546	1.69967	1.5413	1.65183	2.14952	1.39944	1.87033	1.07514	1.61247	3.32968	3.92823	2.70991	1.43339	0.506859	0.646143	0.913714	2.66218	1.87033	1.3646	1.26702	0.913732	1.14739	1.69022	1.97865	3.82947	4.19145	3.03838	2.66218	5.30395	2.56417	0.964972	1.92947	1.93777	2.73934	2.43613	3.04365	1.39937	2.51372	2.66232	3.12664	1.69014	0.506859	0.646111	0.964972	1.60246	0.40073	0.400713	0	1.69014	3.29107	1.14739	0.895959	2.4945	1.6518	3.00133	1.14739	0.506886	1.29206	1.20198	0.738856	1.76443	0.913732	1.62238	2.77988	2.56417	1.6224	1.14739	3.30074	9.81603	6.99082	0.964972	3.80438	0.895959	3.44297	2.9799	1.13326	3.95264	7.36789	9.35999	8.37046	1.77348	4.9088	1.65177	1.79157	1.65183	2.00278	3.43831	2.33534	3.7961	3.13186	3.51656	3.67216	4.36673	5.4692	6.46875	5.42545	3.5662	1.69022	1.25428	2.60751	1.44455	0.760303	0.913732	0.40073	1.29206	3.68501	5.44279	3.87093	7.17521	2.88731	2.51374	2.70991	3.20242	2.91475	1.84441	0.913732	1.267	2.48806	0.964972	0.566706	1.08998	4.17239	4.48175	1.79157	2.00287
3.03811	5.5576	5.05511	0.506814	2.02646	3.54327	8.05573	3.54327	1.01355	0.506814	1.01355	3.54327	0.506814	1.01355	9.04694	9.54055	4.04787	5.5576	4.04787	6.55994	6.05923	1.01355	1.52012	1.52012	6.05923	1.01355	1.52012	0	1.01355	0.506814	3.03811	0.506814	10.5234	9.54055	2.53248	1.01355	2.02646	1.52012	2.53248	4.55184	2.02646	0.506814	2.02646	1.01355	0	2.53248	4.04787	1.52012	1.01355	1.52012	0.506814	1.52012	0.506814	3.54327	5.05511	1.01355	2.53248	0	2.02646	3.54327	2.02646	0.506814	0.506814	2.02646	4.55184	0.506814	1.01355	1.01355	3.03811	1.52012	2.53248	7.55825	1.01355	11.0125	6.05923	1.52012	5.05511	3.54327	3.03811	4.04787	3.03811	3.54327	3.03811	1.01355	3.54327	3.54327	5.5576	5.05511	0.506814	0.506814	3.03811	6.55994	1.52012	0	1.52012	2.02646	3.03811	1.01355	0.506814	4.04787	2.53248	2.53248	1.01355	1.52012	6.55994	7.55825	1.52012	3.54327	0.506814	2.53248	1.01355	2.02646	1.01355	1.01355	1.01355	3.03811	4.55184	1.01355	2.53248	2.53248	0.506814	0.506814	0.506814	2.02646	2.53248	1.52012	2.02646	1.52012	5.05511	4.55184	3.03811	1.01355	1.01355	0.506814	0	1.52012	0	2.02646	0.506814	1.01355	4.04787	4.55184	2.02646	0.506814	0	0	1.01355	3.03811	2.02646	0.506814	1.01355	0.506814	0.506814	0.506814	2.02646	4.04787	4.04787	3.54327	3.03811	6.05923	1.52012	2.02646	1.01355	0.506814	2.02646	0	4.04787	1.01355	3.03811	0	3.54327	2.02646	0.506814	0.506814	1.01355	1.52012	0	0.506814	0	2.02646	3.54327	0.506814	1.52012	2.02646	1.01355	2.53248	0	0.506814	1.52012	1.01355	0.506814	1.52012	0.506814	1.52012	2.53248	2.02646	1.01355	0	2.53248	9.54055	7.05963	0.506814	3.54327	1.52012	3.03811	3.54327	0.506814	0.506814	0.506814	2.02646	9.54055	4.04787	6.05923	2.02646	0	0.506814	2.53248	3.03811	2.53248	2.53248	0.506814	2.02646	0.506814	0.506814	1.52012	2.02646	1.52012	1.01355	0.506814	1.01355	2.53248	0.506814	0	0.506814	0.506814	1.52012	4.04787	5.5576	5.5576	8.05573	0	1.52012	2.02646	2.53248	2.53248	1.52012	0.506814	1.01355	2.53248	1.01355	0	0.506814	4.04787	4.04787	0	0.506814
3.58331	5.12016	4.69252	0.964784	2.00245	3.30015	6.46477	4.11783	3.72326	4.22116	3.86207	4.48445	0.646017	1.2018	8.19337	7.90595	5.08287	6.32909	4.69257	6.85992	6.23352	2.72712	2.77942	2.73881	6.20814	3.44245	2.48769	1.29187	1.90402	3.92357	4.77002	2.87002	11.2553	9.04943	2.04203	1.97827	1.04463	1.97827	1.68981	3.85368	3.30023	2.72712	2.8867	3.07977	3.54308	4.3512	4.83945	2.16401	1.69929	2.042	0.253398	2.16392	0.645986	3.52935	4.05531	1.9373	2.15656	2.54496	2.51325	3.36248	2.66168	2.1566	2.2794	2.83067	4.51274	1.08975	0.760115	1.1471	3.72307	3.93971	4.59677	4.75983	3.64958	10.1598	6.85992	3.64958	4.2511	2.16392	4.85584	5.89463	4.55852	4.29588	3.41907	2.04208	3.45621	2.79652	5.25481	5.20931	1.04468	0.913536	2.16392	6.32909	3.5655	2.91434	3.22678	4.00003	4.66205	2.79667	1.29187	3.80364	2.29329	2.43553	1.20175	2.2652	6.88054	7.0254	1.1471	2.93606	1.39917	3.09003	2.24397	3.34353	3.44245	3.13125	2.69164	3.4423	3.95985	2.89227	1.97016	1.9373	1.2018	0.646017	0.801265	2.56367	3.32903	1.3991	2.02636	5.64777	6.63832	5.18499	3.40503	2.0963	2.40254	2.58243	2.6618	2.66177	1.47722	2.29329	0.964784	1.97827	4.58277	4.81302	2.15654	0.801265	0.400652	0.179176	1.1471	2.91418	1.90392	0.253385	0.964784	0.716667	0.716667	0.179176	3.17172	3.95985	3.18677	3.0588	2.60701	4.66191	3.20193	3.73606	3.52498	3.37685	2.43563	1.14716	4.4702	0.895808	2.5823	1.25403	3.45621	2.09623	0.96482	1.2018	1.26677	1.04463	0.400652	0.716667	0.646017	1.84405	3.419	0.646017	2.00245	1.97016	1.36428	2.33482	0.760156	1.08976	1.13304	1.76409	3.12613	4.71978	3.76163	3.86207	4.90802	4.58293	4.79666	5.05485	3.37685	7.12983	7.61546	3.77435	1.3991	2.97947	3.26614	1.68981	2.80237	1.92909	1.44423	2.32801	9.9391	4.25107	7.90204	5.25502	4.80993	4.26622	4.48452	3.73595	2.43555	1.90392	1.01344	2.72702	1.76416	2.1566	2.95247	2.70942	2.15656	1.30421	0.895808	1.47718	2.24387	0.566577	0.913555	1.69934	1.62208	2.27928	4.11774	4.22095	6.23352	7.51586	1.44429	2.69164	2.87002	2.1787	1.90392	1.62207	1.26677	1.36428	2.16392	1.84414	2.54496	2.733	4.76991	4.70276	2.91434	2.40921
1.77298	3.92712	4.81257	3.20151	3.72293	2.79642	2.89191	4.55816	6.49375	7.32523	7.18434	6.44478	3.44215	3.52904	5.71673	5.78293	6.43253	6.989	6.75077	9.08828	9.37048	7.01614	4.55819	3.58301	5.20888	2.64345	2.17855	0.895728	2.86975	4.70242	2.83054	3.97153	10.9451	8.43479	3.60086	3.75697	1.90375	2.56352	1.62192	3.18665	5.69759	5.42393	4.01959	3.93948	4.17524	3.56519	2.09605	1.47708	2.14892	2.72678	1.93722	3.79503	2.89202	2.32776	2.56342	3.36218	0.358316	0.566545	1.47705	2.43531	3.04803	1.44412	1.36416	3.18649	3.32874	2.00224	0.400617	1.84389	6.00041	6.62103	3.32891	2.86977	9.09517	9.95711	7.20826	4.48416	3.05864	1.04453	5.83735	5.63871	2.16382	2.73262	3.12573	2.0419	4.1751	4.52657	4.83902	3.86984	0.400617	0.964699	1.13294	4.30651	2.04185	1.26668	2.54474	4.70242	5.40631	4.69235	4.8128	3.47444	0.645928	3.08976	3.08982	5.01643	7.99391	5.88868	1.29176	2.14892	3.20165	5.08252	5.60791	6.98921	6.18491	4.07868	3.93939	4.52657	6.57822	8.14909	5.374	1.68975	0.64596	1.26664	2.86418	4.08647	6.11023	5.50235	8.10481	10.4311	9.41019	7.18445	5.36221	4.6137	4.3655	3.8035	3.55177	3.04819	2.88641	3.07934	2.00222	3.08976	4.86191	4.35436	1.08967	0.4006	0.17916	0.506742	1.47705	2.58207	1.39897	0.400617	0.645928	0.4006	0.566527	1.147	3.86984	3.04279	1.79097	1.69919	2.66154	1.4441	2.18592	3.73573	3.85348	3.52467	2.09612	1.29169	4.96537	0.738647	1.65128	2.56342	2.49379	1.84389	0.895751	1.29176	0.760088	0.253376	0.964734	0.964734	1.3041	1.96999	3.04279	2.15635	2.91408	2.91408	2.70915	2.40223	0.4006	0.738647	0.895751	3.29981	4.86191	4.32148	5.03548	6.37597	6.09994	4.87841	4.91732	4.19048	3.51557	3.60071	4.86186	2.83042	1.90375	2.60685	2.93595	1.96999	1.65128	1.79102	3.04812	1.26668	8.88585	4.59626	7.65982	2.79628	0.895751	2.09612	4.86191	4.12905	2.83051	1.53041	3.08976	5.36208	4.6137	4.69235	5.19383	5.05753	4.3655	3.41888	3.22652	3.45602	3.00057	2.33473	2.49388	1.84397	2.33462	3.47431	3.43734	2.15635	5.27546	5.9341	1.93713	2.35514	1.47705	0.537465	1.93722	3.43752	4.17141	4.18664	4.08258	4.69235	4.30674	3.12583	4.29916	4.1136	3.55177	3.32891
2.66129	4.17468	5.99976	6.21451	2.53184	2.72649	0.506697	1.51977	3.93494	3.16625	6.62738	5.20228	3.41848	5.67447	4.4694	4.25029	5.84755	4.35392	4.209	6.778	7.65723	6.07066	2.70893	4.18982	4.86135	0.801122	2.48709	0.895641	4.04665	2.91362	2.38864	4.08589	8.00859	7.83493	3.22614	3.68793	4.69161	1.20158	4.46933	3.34281	2.96278	4.64056	2.56319	1.08956	0.738596	0.40058	2.33452	3.62261	2.27899	2.1635	3.12544	3.99936	3.05836	0	2.24344	3.1305	1.90368	2.08829	2.00204	2.1635	3.28492	1.79085	2.88612	3.34281	1.44395	2.08816	0.537413	2.73234	7.60771	5.43193	2.97875	6.99046	8.9634	6.10965	3.59597	3.18615	0.895641	2.72649	6.49274	4.75892	2.17834	3.59597	4.66102	1.01324	5.15316	5.78235	4.41584	2.38872	0.645903	0.400558	2.38864	4.20887	2.70893	1.76384	1.68949	3.07902	3.86943	2.00212	3.47418	2.89175	1.90355	3.45554	3.41843	5.11616	6.88613	3.68796	1.20158	1.30398	2.70888	4.38311	4.17478	4.07832	3.77358	2.49354	2.32752	2.73251	5.42343	6.10453	6.78949	2.16362	1.77292	1.65118	3.52416	2.40879	4.98424	5.56203	6.97262	6.60133	4.11721	3.43721	2.97894	2.80187	2.53184	1.29164	0.895672	0.738596	3.07902	3.8029	2.79598	3.07902	4.18982	3.28977	0.566493	1.2538	1.13283	0.738572	1.30393	2.18558	0.759967	0.40058	0.716534	0.40058	0.566469	1.26648	3.62242	3.28492	1.6511	1.04443	1.61186	1.44403	1.86961	2.53172	1.29156	1.51967	2.29284	3.45554	4.81211	2.26477	1.44395	2.78452	1.68949	1.93692	0.759967	0.400558	0.801076	0.716534	0.716534	0.40058	1.36402	1.65113	2.40198	2.88606	1.47695	1.60193	3.36183	3.04771	1.30393	1.29164	1.39892	4.75892	5.71613	0.964599	1.29164	3.97121	1.97792	0.913363	1.90355	1.44398	1.54062	4.25029	5.37041	2.91376	2.04161	2.48709	0.801076	2.5064	3.24098	1.60184	2.73251	3.61816	6.07827	4.36483	4.64738	5.03183	4.25047	2.293	3.47395	2.32752	1.53027	1.26657	4.41563	5.81505	2.97894	2.54451	3.06353	3.05836	2.66133	2.33452	2.54451	2.56329	2.26487	2.08829	1.60193	0.801076	3.37604	3.47395	2.18558	1.07473	2.88606	5.74931	3.92671	1.5302	1.44403	1.65122	1.92875	2.48725	3.1307	3.86137	3.28512	2.97894	2.69111	3.28977	3.32839	1.90355	0.645903	1.08956
1.01315	3.54189	6.55741	7.55535	1.51953	3.54189	0.506617	0.506617	3.54189	0.506617	6.55741	4.0463	2.5315	5.55545	3.54189	4.0463	6.05689	3.03693	1.51953	4.0463	5.55545	5.55545	2.5315	5.05316	5.05316	0	2.5315	0.506617	4.55008	2.5315	3.03693	3.03693	6.05689	7.05692	3.03693	3.54189	5.55545	1.01315	5.55545	4.0463	1.01315	4.55008	2.5315	0.506617	0.506617	1.01315	1.51953	1.51953	1.01315	1.51953	4.0463	0.506617	3.03693	1.01315	2.5315	2.5315	0.506617	1.01315	2.02567	2.02567	3.03693	1.01315	2.5315	2.5315	0.506617	2.02567	0.506617	3.03693	8.05263	4.55008	4.55008	7.05692	8.5487	3.03693	1.01315	3.03693	1.01315	2.5315	6.55741	4.55008	2.02567	3.03693	5.55545	1.01315	6.05689	6.05689	1.01315	0	0	0	3.03693	3.54189	1.51953	1.01315	2.5315	3.03693	4.0463	1.51953	0	2.5315	3.03693	3.54189	3.03693	4.55008	6.05689	2.5315	0.506617	0.506617	2.5315	4.0463	3.03693	0.506617	3.54189	3.03693	1.51953	0.506617	3.54189	3.54189	7.05692	1.01315	0	0.506617	3.54189	1.01315	1.51953	0	4.0463	4.55008	0.506617	0	0.506617	1.01315	2.02567	0.506617	0	0.506617	3.03693	4.0463	3.03693	3.03693	4.0463	3.03693	0.506617	1.01315	1.51953	1.01315	1.01315	2.02567	0.506617	0	0.506617	0	0.506617	1.01315	3.03693	3.54189	2.02567	1.51953	1.51953	0.506617	2.02567	3.03693	1.01315	1.51953	2.5315	4.0463	4.0463	2.5315	1.51953	2.5315	1.51953	2.02567	1.01315	0.506617	1.01315	0.506617	0.506617	0	1.51953	1.51953	2.02567	3.03693	1.01315	0.506617	3.54189	3.54189	1.51953	0	0	5.05316	5.55545	0.506617	1.51953	3.03693	0.506617	0.506617	1.51953	1.51953	0.506617	5.05316	4.0463	0.506617	1.01315	2.5315	1.51953	1.01315	2.02567	3.54189	0.506617	3.03693	4.55008	4.55008	2.02567	2.02567	2.5315	1.01315	2.5315	1.51953	0.506617	0	4.55008	5.55545	0.506617	0	2.02567	1.51953	0.506617	0.506617	0	0.506617	1.01315	0.506617	0	1.51953	3.54189	3.03693	1.51953	1.01315	1.51953	5.55545	4.55008	1.01315	0	0	1.01315	1.01315	0.506617	2.02567	1.01315	0.506617	3.03693	4.0463	3.03693	1.51953	0	0.506617
2.33402	3.17054	4.7212	7.66398	6.94207	5.04351	3.07863	3.68309	4.30543	2.17793	6.7393	4.32743	2.43463	5.15225	4.36405	4.3053	4.86049	3.61743	2.69062	4.61217	5.56066	5.10895	3.04193	4.66019	4.91578	2.24314	2.86337	3.03682	4.52522	1.86927	3.57744	3.52353	5.64546	6.55683	2.97822	3.36123	5.15539	3.68741	3.37544	3.93422	4.01848	4.14713	2.3271	1.14674	1.68927	0.964461	0.895475	2.21439	1.39865	1.90321	3.6699	0.358215	3.05767	1.86927	2.54389	2.54389	0.566367	0.895452	1.60155	2.14831	3.59535	3.77295	2.99973	0.895452	2.97836	5.05611	5.82784	5.37249	6.85971	3.3278	3.47333	6.06682	8.98249	5.03385	2.56272	2.88559	0.716401	2.08779	5.76754	5.73736	2.80133	3.39434	5.51206	2.35447	6.0772	5.27398	2.80133	2.33407	1.90331	2.43475	3.40377	3.45493	1.82593	1.52992	2.9131	2.66067	3.62177	2.04127	0.566385	2.68461	4.15858	4.55674	3.22552	4.17004	5.68179	2.43463	0	1.01312	2.77831	4.08124	2.88555	0.716401	3.20061	3.26488	2.8912	2.29256	2.43463	2.54389	6.10322	4.90627	4.11642	3.32797	4.65005	2.88568	2.99973	2.91326	4.52522	4.91578	2.24314	2.04135	1.39865	1.47663	1.92831	1.20135	0.964461	1.44369	3.95839	4.29794	2.99964	2.88555	4.07733	3.07848	0.800967	1.60162	2.35451	1.86932	1.82597	1.82593	0.358215	0.895475	2.04133	1.84345	1.30373	2.14831	3.12488	3.12995	1.54035	2.38821	2.33402	1.7635	2.56272	3.36123	1.44371	2.21433	3.64816	4.24952	2.97822	2.73185	2.21433	2.86337	2.86895	2.82962	1.44369	0.506572	0.895452	0.566367	0.566367	0.253304	1.44369	1.52992	2.16312	3.12995	1.25357	1.65087	3.95839	3.12485	1.14674	3.4735	3.12497	3.97041	5.25287	0.645777	2.08779	4.01832	3.62192	3.55076	1.68927	1.52998	2.66081	4.52167	3.57744	0.506599	1.47667	2.86895	3.44117	2.33407	1.84345	5.56084	3.40379	2.68461	3.39434	5.59197	0.400486	3.34229	4.11631	2.334	1.77248	1.61156	1.92838	2.88568	4.70102	4.51107	1.04424	1.52998	3.042	2.56278	2.18531	2.24314	1.90331	2.00173	1.7635	0.895498	0.400503	1.77248	3.41773	2.40155	2.40165	3.3756	2.0256	3.85225	5.7125	4.86074	5.3102	5.19239	4.46877	4.01848	3.82751	4.29807	3.62192	1.84345	3.6699	4.21939	3.28434	1.82593	0.895498	1.08936
2.18497	2.15546	2.00152	6.15177	7.96758	5.04297	2.43449	4.14675	3.92171	3.5816	6.55619	5.67291	3.73417	4.41435	5.60546	4.32697	3.12462	5.67309	6.55644	7.84879	7.2185	5.18252	5.40422	5.89186	5.81082	5.45102	5.89199	5.68149	2.97805	0.537256	4.15814	4.24905	4.63577	4.61169	3.58162	4.12749	4.64614	3.59493	1.44356	5.07751	6.69204	4.42537	2.38801	1.86912	1.20123	0.759752	0.738378	1.20117	1.86907	2.35422	2.04103	1.86912	2.2141	1.77229	2.02528	2.32685	0.537256	0.400444	1.54026	3.32762	4.41456	4.86022	3.59946	2.04106	1.90301	1.47651	2.43449	1.14662	3.58162	6.13894	5.46555	3.7935	7.67932	7.57047	4.12741	1.86912	0.738378	1.36363	3.44071	5.43046	2.38796	2.79519	4.32697	4.18864	5.54583	2.88524	2.33382	3.54139	6.15177	7.3438	5.43065	3.08862	2.50567	2.68439	3.85185	2.51206	3.9338	3.57716	2.00152	1.9281	4.08081	4.46812	2.91284	4.18864	5.71452	2.66041	0.759793	0.17909	2.33371	3.82691	2.40129	0.400461	2.00146	3.12462	4.17363	4.58075	1.60145	1.04413	3.04168	4.67696	6.71084	7.57086	7.41391	6.32637	6.84782	6.57568	5.30958	5.36886	3.22527	2.88537	2.04111	2.40794	2.04106	1.29125	2.1777	3.57716	4.55626	4.20767	3.22024	3.04692	4.08473	3.12452	1.4436	2.18507	2.6605	2.2429	1.76332	0.913118	0.17909	1.84317	2.17766	1.82577	1.93647	3.58162	3.6171	1.79926	1.4436	3.58162	2.77809	2.68446	4.01803	5.43055	4.81094	5.30958	4.55635	2.53106	1.08924	2.73745	2.99932	2.93481	4.52482	4.55626	2.60576	0.566325	0.645677	0.506518	0.400444	0.253277	1.1325	1.43243	2.33377	3.79356	4.0771	4.3235	4.30497	0.913118	4.50008	4.11598	4.12745	1.9281	4.46807	2.33371	3.59493	4.63923	3.41744	2.33377	1.47651	2.60584	3.86853	3.86023	2.56245	0.716325	0.358177	0.964359	2.15558	3.29858	5.91047	6.98652	9.80992	4.21915	2.04106	4.64606	3.9338	2.2429	2.2922	2.66041	0.9131	2.91295	3.0783	3.64785	4.65983	4.11589	3.29866	3.78939	4.07705	3.20041	3.2987	4.30507	4.69053	3.79363	2.0953	0.895357	0.400461	1.77229	2.56245	3.80203	5.44231	6.18252	6.09758	2.68446	2.43437	1.79037	1.79037	1.62131	0.759793	0.400444	1.26615	1.04413	2.2429	3.59497	5.49994	4.57708	3.37508	1.86907	1.14662	1.6507
2.8684	3.56338	1.30344	1.07432	3.868	4.5488	0.645652	4.05303	0.964238	3.22483	4.71693	5.64442	5.60216	4.29706	5.80465	3.62107	2.09512	3.22499	4.74732	8.40869	8.45113	3.93345	4.48203	5.60507	3.93749	3.22499	3.82677	3.2643	2.79495	2.17747	3.2837	4.43911	3.68653	2.1627	2.69012	3.4404	4.46768	4.56625	3.56338	3.9977	2.79509	3.06233	1.30348	0.716262	1.60124	1.44343	0.253242	2.73721	3.40311	1.69838	0.179074	1.90294	2.5623	0.895324	1.04404	1.79908	2.2426	0.253242	2.4926	1.77223	1.69838	1.44345	2.88499	2.43418	2.96163	4.12717	3.41725	4.29724	5.10822	5.55988	5.03309	4.23759	7.32146	8.05429	3.32715	0.400408	0.64562	1.26601	1.54005	4.82676	4.63536	2.88503	3.9212	6.30553	4.48192	1.47634	0.400425	2.82907	5.89132	4.94081	4.46779	1.14651	2.40108	2.17747	4.01754	2.16278	3.4404	3.6211	1.52968	0.537209	2.82916	5.78028	5.72245	6.08902	6.82385	3.16993	1.69833	1.61125	3.06233	4.24867	2.53083	1.65051	0.400408	1.07432	2.14789	3.47271	3.12425	1.01287	1.44343	2.40772	3.2643	4.32681	4.08452	3.62125	4.17326	4.24881	2.2427	3.9212	1.04409	1.26603	2.18477	3.96964	3.08829	2.43428	3.2643	3.04141	2.88499	3.80149	2.80067	2.38774	3.44036	2.73132	1.08913	0.895301	1.1324	0.716262	0.179074	0.253255	0.179074	2.15527	1.84301	0.566257	0.913038	2.89053	2.60553	1.30344	2.89053	2.15532	1.30344	1.13244	2.29211	4.30459	3.86819	4.12717	1.77223	0.645652	1.60131	1.44343	3.04658	1.65051	3.39368	4.96301	3.04134	0.566275	0.566257	0.566257	0.179074	0	0.64562	0.738294	1.13244	2.40118	3.16502	2.82919	1.97717	2.43415	5.66956	1.08913	3.80149	0.895278	4.05303	4.81029	3.29829	2.97764	2.2139	2.50545	0.537209	2.5622	1.79908	1.62117	1.25332	1.01292	1.51918	1.47638	1.14651	2.82905	8.42338	5.15439	8.3586	7.13034	3.82657	2.09505	2.93455	5.05828	3.12949	1.44341	3.57675	1.928	1.47638	2.29199	3.868	3.61672	3.08834	2.69012	1.96905	1.08915	1.61125	2.32674	2.82919	2.51183	2.79495	1.92793	0.800812	1.01287	1.51918	3.39378	3.18513	2.93455	4.65942	4.69007	3.72116	3.03623	3.57693	4.08064	3.66938	3.80169	4.97599	4.16943	2.89053	2.96151	7.09491	4.92768	3.16485	1.90284	0.358145	1.1324
1.51894	4.04473	1.01276	1.01276	4.04473	5.0512	0	4.54832	1.01276	3.03575	3.54052	5.0512	6.55488	4.54832	5.55331	3.03575	1.51894	0	1.51894	7.55244	8.54543	2.53052	2.53052	5.0512	3.03575	0	0.50642	3.03575	4.04473	2.02489	2.53052	4.54832	3.54052	1.01276	1.51894	3.03575	5.55331	5.0512	3.03575	4.04473	0.50642	3.03575	0.50642	0	2.02489	1.01276	1.01276	3.03575	2.53052	0	1.01276	1.01276	0.50642	1.01276	0.50642	1.01276	3.03575	0.50642	3.03575	0	1.01276	1.01276	3.03575	1.51894	0	2.02489	0	2.53052	1.51894	0.50642	2.02489	1.01276	6.05456	7.0542	2.53052	0.50642	0.50642	1.51894	1.51894	5.0512	5.0512	2.02489	3.54052	6.55488	3.54052	1.01276	0	4.04473	5.55331	0	4.54832	0.50642	2.53052	1.51894	3.54052	0.50642	3.03575	3.54052	0.50642	1.51894	0.50642	3.03575	5.55331	7.0542	7.55244	3.03575	2.53052	2.02489	2.53052	4.04473	2.02489	2.02489	0	0.50642	2.02489	3.03575	3.54052	1.51894	1.51894	3.54052	3.54052	0.50642	1.01276	1.01276	0.50642	3.03575	0	3.54052	0	1.01276	2.53052	4.54832	3.03575	0.50642	2.02489	1.51894	2.02489	4.04473	3.03575	2.02489	3.03575	2.53052	1.01276	0.50642	1.01276	0.50642	0.50642	0	0	2.02489	1.51894	0	1.01276	2.53052	2.53052	2.02489	3.54052	1.01276	1.01276	1.01276	0.50642	2.53052	0.50642	1.51894	1.51894	1.01276	0.50642	0.50642	3.03575	2.02489	3.03575	5.0512	3.03575	0.50642	0.50642	0.50642	0	0	0.50642	0.50642	0	0	0	0	0.50642	3.54052	5.55331	2.02489	3.54052	1.01276	4.04473	5.55331	2.53052	2.02489	1.01276	1.51894	1.51894	2.53052	1.51894	1.01276	0.50642	0.50642	0	1.01276	0	2.02489	8.54543	7.0542	5.55331	8.54543	5.55331	0.50642	2.02489	0.50642	2.53052	0.50642	4.54832	1.01276	1.51894	2.02489	4.54832	3.54052	1.51894	1.51894	1.01276	0.50642	1.51894	1.51894	0.50642	2.53052	3.54052	2.02489	0.50642	0.50642	1.01276	2.02489	0	0.50642	2.53052	2.02489	0	0	1.01276	1.01276	0	0.50642	2.53052	2.02489	4.54832	2.53052	7.55244	5.0512	3.03575	2.02489	0.50642	1.01276
0.800622	3.7882	1.39811	0.400347	3.92449	3.93664	2.24227	3.95685	0.253206	2.80013	3.03548	4.85861	6.23892	4.85866	5.93021	4.47049	2.18446	0.895104	1.86854	7.07137	7.72593	3.08769	3.16931	5.39666	3.66847	0.800656	0.645526	2.65964	4.80604	3.29765	3.93269	4.93967	3.68586	2.00093	2.15492	3.39302	5.75431	4.96205	2.29155	3.29765	2.79455	2.17705	0.800622	1.13222	2.51135	2.38734	1.52938	2.02471	2.51133	1.93592	1.13222	0.645495	1.04388	2.38734	1.53983	0.738151	2.68357	0.253206	2.32624	3.72044	4.56558	4.21797	3.79249	1.8686	1.14629	2.38728	0.91286	2.65964	1.51881	0.400347	2.24227	4.80956	8.5467	8.03543	2.4858	0.895127	2.49221	2.99856	2.95023	4.64475	4.57579	4.18369	6.06461	5.98328	3.95685	3.26367	2.97721	4.95246	5.74604	0.566147	3.51312	3.92063	3.68598	2.68957	3.41648	2.6051	3.59829	3.08774	4.32597	4.17238	3.29777	5.57859	5.55863	6.33175	7.17933	3.5492	2.3331	3.04608	2.86782	3.52668	1.65017	1.92756	0.800656	1.61093	3.43521	3.8509	1.51881	2.56173	1.698	3.92449	2.5429	1.14629	1.86854	1.26576	0.400347	2.88443	0.964051	3.43969	0.566147	1.20084	2.43368	4.42389	2.58034	1.08894	2.78294	2.21347	3.23908	5.28701	4.82596	4.2964	3.79249	2.3331	0.912842	0.253192	0.895127	1.13222	0.645526	0.179039	0	1.68853	1.65019	0.800656	1.13218	2.1549	3.43979	2.65975	3.52217	1.78982	1.47609	1.07411	0.358075	2.53029	0.358075	1.76275	1.62083	1.76282	2.18446	2.24227	3.68586	2.70733	3.05648	4.43825	2.64156	1.44319	1.76282	2.00096	2.02482	2.15497	2.18446	1.65025	0.91286	0.40033	0.506402	0.506402	0	3.43503	4.23659	3.08774	1.68853	2.88451	5.22673	6.10086	3.58061	2.53038	1.13222	1.60093	0.738151	2.73667	2.33311	2.24227	2.40072	1.78982	1.47606	2.58047	2.6837	3.04608	7.94341	6.43055	3.99687	8.3681	8.22728	3.5628	2.68364	1.84273	3.22423	0.506402	4.9396	2.51133	3.12376	3.51321	5.67132	5.71306	5.11341	4.96228	3.41659	1.25308	1.52938	2.73673	1.90257	2.09464	3.28791	1.84265	1.08894	1.07411	1.13218	2.24217	1.3633	2.65975	4.12637	4.68916	3.92063	3.66867	3.68167	4.64492	5.57586	5.9411	5.03212	4.14552	5.21449	2.53029	7.18807	4.48105	3.93269	3.58061	2.65978	3.80096
1.96849	1.96849	2.79988	3.40217	4.12597	1.82506	1.60079	2.04027	1.52919	1.53961	2.68333	4.79901	4.50892	4.34745	5.5439	5.25357	3.7329	2.88422	2.58011	6.05871	5.70138	4.72919	4.87458	6.52726	5.21403	1.60086	1.2657	1.65002	5.71242	3.68549	2.4919	3.93234	4.76588	3.52637	4.12601	5.07867	5.1128	3.57574	1.7897	4.80587	5.96181	3.92433	2.64145	2.68936	0	2.09453	2.54281	1.39798	0.738104	1.61079	1.36312	2.73068	4.31821	4.3219	3.68565	2.91187	3.41622	3.35977	4.17208	3.54907	1.14619	1.30311	3.07716	3.93649	2.88426	3.04572	1.76266	3.51281	2.48547	2.14728	6.05633	9.81426	11.9043	9.42772	6.69659	5.50967	4.97459	3.75838	2.21328	3.04581	5.54394	8.03459	5.9615	1.65002	4.23621	3.93629	2.43347	5.64278	4.4235	1.86843	2.15471	6.62333	6.23866	4.82223	3.12346	3.43943	3.73279	4.08337	5.32555	6.85446	9.46214	10.3747	7.51201	5.88968	6.30127	3.92415	1.65011	3.3407	3.05632	1.65005	1.77173	3.77115	3.6202	2.53016	3.0615	2.15473	1.52919	3.06146	2.88982	4.17193	1.79859	1.04379	1.39791	1.62071	1.01263	1.62071	3.6465	3.04581	1.65005	1.65002	2.15466	3.62005	2.51112	2.21333	3.99652	3.28762	4.35107	5.54099	4.67508	3.82146	2.33295	1.08882	3.8671	5.30768	4.55471	2.50474	0.537057	0.358044	0.253183	0.800551	1.44304	1.44304	1.26568	1.7897	3.62022	3.57592	3.22399	1.78966	0.506357	0.400295	1.08884	3.29736	1.7897	2.4919	0.506357	1.77173	1.93575	1.8251	3.45328	2.73643	2.26328	3.04572	2.17686	1.30311	1.07402	3.21904	6.46206	9.36859	10.2722	9.58379	8.05241	6.06421	3.68565	1.43189	0.400295	2.65943	3.3407	1.93575	2.33289	5.01264	7.12624	8.37121	7.64418	5.54405	2.38713	1.6979	1.92746	0.895025	1.8251	1.62071	2.4004	2.50474	3.64642	4.31821	5.71271	5.82505	7.92513	5.84382	3.52653	7.14385	9.88745	4.67508	3.22401	3.54907	5.54114	4.71917	4.07544	2.79416	1.92746	4.29603	6.79206	7.30237	6.0668	5.05685	3.99664	3.86691	2.35339	3.26338	1.79859	1.04379	3.94853	3.78799	3.68134	3.75844	3.1286	3.77108	3.85056	4.9136	5.92993	8.04273	9.03892	9.16995	8.55893	8.42698	7.83617	6.59717	4.07949	5.5123	5.44875	2.5615	5.44002	3.59364	5.03168	6.85446	7.43657	7.83617
3.78746	0.800466	5.5745	4.91292	2.43331	1.39783	2.1545	2.52985	1.2006	0.738026	3.43437	5.6028	2.73026	2.79386	3.37348	3.19875	2.88941	2.91146	4.15616	5.6028	3.1687	3.61532	5.59999	7.92415	6.34793	0.8005	1.44285	0.75939	5.24983	3.82098	3.82528	5.54347	8.19529	7.58756	3.8583	3.75373	2.17663	1.92718	2.52989	3.94811	3.56211	3.75796	2.78255	4.11393	2.86727	0.645369	1.30297	1.96828	1.26556	1.69767	3.61969	3.43912	3.51253	2.15455	2.35314	2.54254	3.79176	3.90354	2.57997	2.40679	4.46963	5.6704	6.09992	5.69269	5.77795	5.14926	1.08872	3.78746	4.21694	3.83757	7.21072	7.55048	7.17809	4.17157	4.5924	5.8892	7.25003	7.47761	4.52267	4.05167	5.77805	10.9359	7.82106	3.5397	5.88361	5.7642	4.76538	6.03464	1.69767	1.39783	6.43911	5.53467	4.7286	4.9515	2.3326	3.54851	2.00048	3.05589	1.132	3.45304	7.37641	5.75346	4.15633	3.77068	4.97389	2.88387	0.89493	1.08871	1.08872	0.75939	2.70681	2.91156	4.14472	0.963899	1.82487	3.26298	1.30293	1.13196	1.93555	2.3531	1.79838	2.15455	1.43174	1.29064	2.24173	2.68907	3.12313	1.29064	1.76241	2.3326	2.04006	2.32574	1.96828	2.04008	3.75789	5.05293	5.17688	4.42303	3.71953	2.4852	1.07391	4.466	5.25302	5.32499	5.73403	4.36152	0.358006	0.179005	0.253157	0.179005	0.358006	1.44285	1.04363	1.44285	0.8005	1.61062	1.64987	0.506276	1.07391	0.963899	2.00051	3.73239	2.08667	3.562	1.84229	0.179005	0.800466	1.52903	2.82795	2.15443	1.29057	2.24173	1.84229	1.53945	1.08872	5.18911	7.89464	7.8293	8.18036	8.20317	7.87505	6.8284	5.71195	3.39236	0.400253	1.69772	2.1545	3.9681	3.47136	4.31758	6.37768	7.54211	5.75336	5.98213	3.43902	1.26556	2.32583	2.00054	0.253157	3.04016	5.45986	3.07684	3.05589	4.31758	3.03506	3.52162	6.70739	4.85123	2.18403	4.50845	10.1458	4.30279	3.07668	2.50448	3.68527	4.63716	1.68828	2.3531	3.5976	3.37348	5.35735	5.78879	2.32574	1.04363	3.16362	5.42779	2.82795	2.68305	2.57984	3.26298	3.51253	3.61538	2.99798	3.16879	2.54254	3.40179	3.04549	3.04547	2.7362	3.82528	5.21375	5.57479	5.0751	4.18303	2.29122	2.73026	3.52599	5.64219	3.71953	1.96828	3.0349	1.61062	2.04016	3.91987	4.80536	4.07516
4.04323	1.51838	6.55247	5.04934	0.506232	0	1.01238	2.52958	0.506232	0	4.04323	6.05233	2.02414	2.52958	3.03463	3.03463	2.52958	2.02414	4.54664	5.55126	2.02414	3.03463	6.05233	8.5423	6.55247	0	1.51838	0.506232	4.54664	2.52958	0.506232	0.506232	8.5423	9.52979	4.04323	2.52958	0.506232	1.01238	2.02414	3.03463	2.02414	3.03463	0.506232	3.03463	3.03463	1.51838	1.01238	1.51838	1.01238	1.51838	4.04323	2.52958	1.51838	0.506232	1.01238	0.506232	2.52958	2.02414	1.51838	4.04323	4.54664	2.52958	1.01238	2.02414	6.05233	6.05233	1.51838	3.53921	5.04934	4.54664	7.54967	6.55247	5.04934	2.02414	1.51838	0	2.52958	6.55247	3.03463	1.01238	3.53921	10.5116	7.05161	0	5.55126	5.55126	4.54664	5.04934	0	0.506232	8.0466	6.05233	4.54664	5.04934	3.03463	3.53921	1.01238	2.52958	0.506232	3.53921	5.04934	0.506232	2.02414	2.02414	4.04323	2.02414	1.01238	0.506232	0.506232	1.51838	3.03463	0.506232	4.04323	0.506232	0.506232	2.52958	0	0	0	1.01238	2.02414	0.506232	2.52958	1.01238	3.53921	3.03463	1.01238	0.506232	1.51838	2.52958	2.02414	1.51838	1.51838	2.02414	3.03463	5.55126	5.55126	4.04323	3.53921	2.52958	1.01238	5.04934	4.04323	0.506232	6.05233	5.55126	0	0	0	0	0	1.51838	1.01238	1.51838	0.506232	1.01238	1.01238	0	1.01238	0.506232	2.02414	3.53921	0.506232	3.53921	2.52958	0	1.01238	1.51838	2.52958	2.02414	1.01238	2.02414	2.02414	2.02414	0.506232	6.55247	9.03672	4.04323	0.506232	2.52958	4.04323	4.04323	5.55126	4.04323	1.01238	0	2.02414	5.55126	2.52958	4.04323	6.55247	7.54967	4.04323	6.55247	4.04323	1.51838	0.506232	2.02414	0.506232	4.04323	5.55126	0.506232	2.02414	5.04934	0.506232	1.01238	6.05233	3.53921	1.01238	5.04934	10.5116	4.04323	3.53921	2.52958	0.506232	2.52958	2.52958	1.01238	4.54664	4.04323	5.04934	5.55126	2.02414	1.51838	3.03463	5.55126	3.03463	3.03463	3.03463	3.53921	1.51838	2.52958	1.51838	1.51838	0	2.52958	2.02414	2.02414	2.02414	1.51838	1.01238	0.506232	1.01238	1.01238	1.01238	3.53921	4.04323	5.04934	2.52958	1.01238	2.02414	1.01238	1.01238	1.01238	0	0
5.71092	4.55342	6.61167	4.80754	2.03977	2.82759	3.43856	4.11318	1.9352	0.737892	3.79089	5.9385	2.29066	2.65861	3.32522	4.082	4.291	3.05545	3.07609	5.35632	3.22295	3.99533	6.21881	7.72297	5.6411	2.02407	1.64961	1.04349	4.71755	3.4337	0.71585	1.2526	8.49213	9.44582	4.56361	3.29639	1.9352	1.36279	2.09383	3.68439	1.62024	3.95533	1.20044	2.94912	5.00165	3.06057	1.47554	1.61032	0.565929	2.65864	3.03958	2.33229	5.00183	5.04916	3.79955	2.9761	3.76999	3.99556	5.11151	5.22484	4.90234	3.22305	1.14587	3.12752	5.54213	4.7544	2.77627	3.29639	5.14827	5.26991	7.65794	6.63058	4.50758	1.64953	2.09383	2.00021	2.86117	6.13454	3.83683	2.91105	5.89604	9.91248	6.18065	0.400198	4.92482	4.87633	4.63615	3.96734	0.400198	0.400198	7.17657	5.34746	4.63615	4.56361	2.65861	4.05067	2.86673	4.07438	3.93538	5.20349	5.86634	2.33229	1.62024	2.27666	3.22295	2.5104	2.33223	0.565953	1.0885	1.78914	3.26236	2.54209	3.85757	1.8679	2.93289	4.55336	3.43394	4.01544	5.6021	4.93803	3.22313	2.0398	3.28667	1.2653	3.92298	2.64054	0.5369	1.30274	1.4426	1.78908	2.26261	2.1835	2.3253	2.00013	2.8274	5.55637	5.82304	4.56361	2.72973	2.00013	2.43287	4.55317	2.72973	3.22316	5.84211	4.36068	0.506214	2.35271	4.1133	3.92322	2.03977	1.20037	1.60031	1.8679	2.16156	1.04349	1.14579	0.178971	0.894757	0.357939	2.08617	2.79332	1.82457	3.39171	1.39749	1.68798	1.14587	1.39749	2.0001	2.56085	2.93289	0.737892	2.17627	3.23789	3.84946	8.29768	8.81532	3.85757	1.20037	5.89599	5.66933	3.0449	4.23495	4.93793	4.85699	2.14666	1.78908	4.87305	3.40119	4.97934	7.45292	7.47598	3.57923	7.7231	5.88529	4.8078	4.18613	2.00021	0.894787	5.41807	6.61167	3.91918	4.41165	5.77687	3.83706	5.34775	6.24175	2.0397	1.97601	5.50781	9.3124	3.76985	2.97591	2.65861	1.04349	3.12247	2.99732	2.68858	5.32379	4.55324	5.03943	4.17061	2.56085	3.68461	3.57926	4.65659	2.57934	2.72973	2.91084	3.41508	0.912492	2.68855	2.03977	1.96792	1.29041	2.08617	1.78908	1.92681	2.15408	2.38644	2.32536	0.400176	1.30274	0.800357	1.29032	3.16301	4.42218	4.42218	2.38644	3.91914	4.34997	4.07833	3.78691	2.7357	2.48487	3.03452
7.64124	8.13985	5.69938	2.2624	2.03948	2.56051	3.53871	5.90359	6.57311	6.03319	4.8565	5.20293	2.72365	2.6403	4.16644	5.76258	5.02644	2.65851	0.963626	4.16644	4.95969	5.29937	5.43792	5.20293	6.22606	5.44691	2.8887	0.963626	4.46469	4.36029	0.253085	3.29608	9.38603	9.29337	5.0264	2.43255	0.357904	1.86771	4.14361	5.71035	4.05053	5.88739	3.07597	3.28165	5.89542	4.99801	3.43358	2.16133	1.99994	4.12433	0.645218	3.57889	4.75421	5.93828	5.35608	3.99514	4.12441	4.80401	5.11409	2.88319	2.54169	2.4845	1.0884	4.87262	3.76951	2.65849	5.32349	5.59868	5.5332	4.87589	6.07198	6.29884	4.49673	6.18806	8.42375	7.56518	5.82283	5.203	3.99497	3.59221	6.6016	9.12379	7.13007	4.67342	2.86089	2.68831	3.93488	2.91063	2.43262	4.08179	5.49586	2.65837	2.29046	3.47038	3.84907	6.36112	5.14782	1.62008	1.20031	4.36029	5.18768	2.16133	1.3026	2.2624	2.70604	2.32509	2.29046	0.963591	0.737798	1.0736	1.2652	3.99514	4.64272	3.91874	5.13879	4.63246	2.88314	3.76958	6.054	6.85182	5.18792	2.99713	4.32369	1.04334	3.71848	2.15387	1.78901	1.76198	0.894723	0.759215	2.73543	3.96706	3.83649	1.29021	2.33194	5.93797	6.70544	5.11386	1.44246	0.800274	1.3026	2.15387	4.18569	5.3472	3.85731	1.78892	0.800274	3.91858	3.79069	4.24597	3.9951	2.40623	1.97582	1.14575	2	2.54182	3.28165	2.72962	0.737817	0.645218	1.99994	2.51015	0.894723	2.14645	2.09371	0.645218	1.04334	1.30257	1.52865	2.95965	3.32509	3.06031	1.39744	0.894677	6.47643	10.6199	9.09336	7.20895	6.9653	10.311	6.13942	3.90244	2.2412	8.18378	11.4565	10.431	4.5074	2.79879	1.84177	4.32003	8.08567	6.70551	5.21228	6.80562	4.41826	2	2.332	1.62006	2.40611	6.03289	5.24835	0.178954	4.07386	8.00249	7.26531	6.69637	2.91074	4.4648	7.89268	8.4458	7.22831	2.82718	2.43252	3.29603	1.44246	2.95953	2.82718	2.94875	4.32003	3.18283	4.05031	2.56048	1.76198	2.21247	1.78896	2.09364	3.59674	3.52063	2.52914	2.93243	0.178954	1.64938	0.645218	1.25248	0.536848	1.30257	1.79787	2.03956	2.79891	3.05513	3.39615	2.52917	1.64947	2.94882	4.18185	3.85731	4.91154	2.43252	3.29615	5.86601	5.99382	4.68698	4.30171	3.51154	4.51792	5.0549
3.0757	4.521	2.3318	1.25237	3.23725	4.15463	2.0393	2.54159	4.60802	5.50994	4.29404	3.76925	2.60356	1.99974	4.82311	6.09737	3.5472	0.64513	0.5368	2.93218	4.71334	6.17956	5.02907	3.33911	4.64231	5.01022	3.52018	1.39724	4.21538	3.4331	1.26507	5.49531	9.8453	7.95078	3.52018	0.645161	2.4324	3.61404	5.8842	5.39966	2.79297	4.85593	2.68212	1.30245	4.07345	3.56068	2.18322	3.52469	4.63185	2.52891	2.79283	2.91033	2.54146	0.963541	2.77567	2.32488	1.47522	1.43121	0.178938	1.96755	2.72351	3.93047	1.78885	4.96244	2.0393	2.33178	3.03917	3.76936	3.43785	2.0393	4.37815	6.50253	4.63206	6.87406	7.64058	5.90576	3.92246	2.73518	2.15364	4.71334	5.80027	8.63041	7.65053	4.41083	2.86622	0.800169	1.52846	2.95927	3.75657	4.17003	3.59193	1.86754	2.03941	3.51123	3.68393	7.33737	7.9606	2.33184	3.16762	4.14319	3.52469	1.2901	0.894598	1.26509	2.95927	4.41062	3.04434	0.894644	1.43121	2.08589	2.09346	3.7565	2.4908	2.38599	3.51114	1.0883	3.59627	4.55236	5.68753	1.9998	3.04436	3.96664	5.3524	1.43121	3.1219	2.56034	1.44238	0.565845	0.759108	1.36247	1.36253	3.85687	5.20247	2.15368	2.2622	6.70485	7.67289	4.80334	0.800169	1.44231	1.26509	3.22252	3.53839	1.99983	0.400104	0.715718	0.800169	4.07345	3.19756	1.39724	2.33178	2.16114	0.759148	0.565845	0.400104	1.82423	3.03393	3.57413	2.57889	1.08832	1.86754	2.32493	3.22238	3.03393	3.73101	1.82419	1.52852	1.26507	0.759148	1.44231	0.5368	2.3318	3.16262	2.77574	9.41143	9.37035	5.84105	6.59388	9.92785	15.9002	3.19756	5.11341	5.49531	6.88074	6.96488	11.1432	7.14043	2.60363	2.52895	3.45164	6.92611	3.99467	2.88293	2.18311	3.26177	2.88293	2.65825	1.25237	2.57889	6.08443	4.55241	3.82387	8.04825	9.39832	3.59642	1.39732	4.39259	8.70751	7.54782	5.83041	4.47864	2.56034	3.43775	4.16988	0.64513	2.72925	1.9014	1.84161	3.78606	3.41455	4.46435	3.19756	0.800203	1.82423	1.6493	1.93483	2.91048	2.68219	1.52852	2.33173	0.5368	2.91038	2.56036	2.29037	1.64932	1.44235	1.64926	1.04329	1.36253	2.16106	2.16106	2.21228	2.79297	4.30134	4.07361	3.28136	3.85687	0.565845	4.1123	4.01449	2.21228	1.69704	3.16245	1.07351	3.33902	2.16114
0.506035	3.03345	3.03345	2.02335	2.5286	4.54488	3.03345	1.51779	0	1.51779	1.01199	2.02335	2.02335	1.51779	5.04738	6.04999	3.03345	0.506035	0	2.5286	4.04167	6.04999	4.54488	0.506035	1.51779	5.04738	4.04167	2.02335	4.04167	2.5286	1.51779	6.54994	10.0176	7.04889	2.5286	1.01199	1.51779	2.5286	5.04738	2.5286	1.01199	4.04167	2.5286	0.506035	3.53783	2.5286	0.506035	4.54488	5.54911	1.01199	3.53783	2.02335	3.03345	1.01199	2.5286	2.5286	1.01199	1.01199	1.01199	2.02335	0.506035	3.03345	0.506035	4.54488	1.51779	2.5286	1.51779	1.01199	1.01199	0.506035	2.5286	5.04738	1.01199	4.54488	2.5286	3.03345	1.51779	0.506035	1.01199	5.04738	6.04999	9.52615	8.04351	1.51779	3.53783	1.51779	1.01199	3.53783	3.53783	2.5286	1.51779	0.506035	0.506035	1.51779	0	6.54994	8.04351	0.506035	2.02335	2.5286	2.5286	1.51779	0.506035	0	3.53783	5.54911	2.02335	1.01199	2.02335	0.506035	3.03345	4.54488	1.01199	1.01199	3.03345	2.02335	4.04167	4.54488	6.54994	0	2.5286	5.04738	5.54911	1.01199	2.02335	1.51779	1.01199	0	1.01199	1.51779	0	3.03345	5.04738	2.02335	2.02335	7.04889	8.04351	4.54488	1.01199	1.51779	1.51779	2.5286	0.506035	0.506035	1.01199	0.506035	1.01199	3.53783	3.03345	0.506035	1.01199	1.01199	1.01199	0	1.01199	2.02335	0.506035	3.53783	3.53783	1.01199	0.506035	2.02335	5.04738	0.506035	5.04738	2.5286	0	1.01199	0	1.01199	0	0.506035	0.506035	2.5286	10.996	9.52615	5.04738	6.04999	9.52615	17.6386	4.04167	5.54911	7.04889	7.04889	0	9.03327	7.54677	1.01199	1.51779	2.5286	6.04999	2.02335	1.51779	0.506035	2.02335	1.01199	0.506035	0	2.02335	5.54911	3.03345	1.01199	10.0176	10.996	0.506035	1.51779	5.54911	9.03327	5.04738	1.01199	2.02335	1.01199	4.04167	4.54488	0	2.5286	1.51779	1.01199	3.03345	2.5286	4.04167	4.04167	0.506035	1.01199	1.01199	1.01199	0.506035	1.01199	0	2.02335	1.01199	3.03345	1.01199	0	0.506035	1.01199	1.51779	0	0.506035	2.5286	1.51779	0.506035	0.506035	3.03345	2.02335	0.506035	2.5286	0.506035	4.54488	4.04167	1.01199	2.5286	3.03345	0	3.03345	1.01199
0.50599	3.03318	3.03318	2.02317	2.52837	4.54448	3.03318	1.51766	0	1.51766	1.0119	2.02317	2.02317	1.51766	5.04694	6.04946	3.03318	0.50599	0	2.52837	4.04131	6.04946	4.54448	0.50599	1.51766	5.04694	4.04131	2.02317	4.04131	2.52837	1.51766	6.54937	10.0168	7.04828	2.52837	1.0119	1.51766	2.52837	5.04694	2.52837	1.0119	4.04131	2.52837	0.50599	3.53752	2.52837	0.50599	4.54448	5.54863	1.0119	3.53752	2.02317	3.03318	1.0119	2.52837	2.52837	1.0119	1.0119	1.0119	2.02317	0.50599	3.03318	0.50599	4.54448	1.51766	2.52837	1.51766	1.0119	1.0119	0.50599	2.52837	5.04694	1.0119	4.54448	2.52837	3.03318	1.51766	0.50599	1.0119	5.04694	6.04946	9.52533	8.04281	1.51766	3.53752	1.51766	1.0119	3.53752	3.53752	2.52837	1.51766	0.50599	0.50599	1.51766	0	6.54937	8.04281	0.50599	2.02317	2.52837	2.52837	1.51766	0.50599	0	3.53752	5.54863	2.02317	1.0119	2.02317	0.50599	3.03318	4.54448	1.0119	1.0119	3.03318	2.02317	4.04131	4.54448	6.54937	0	2.52837	5.04694	5.54863	1.0119	2.02317	1.51766	1.0119	0	1.0119	1.51766	0	3.03318	5.04694	2.02317	2.02317	7.04828	8.04281	4.54448	1.0119	1.51766	1.51766	2.52837	0.50599	0.50599	1.0119	0.50599	1.0119	3.53752	3.03318	0.50599	1.0119	1.0119	1.0119	0	1.0119	2.02317	0.50599	3.53752	3.53752	1.0119	0.50599	2.02317	5.04694	0.50599	5.04694	2.52837	0	1.0119	0	1.0119	0	0.50599	0.50599	2.52837	10.9951	9.52533	5.04694	6.04946	9.52533	17.6371	4.04131	5.54863	7.04828	7.04828	0	9.03248	7.54611	1.0119	1.51766	2.52837	6.04946	2.02317	1.51766	0.50599	2.02317	1.0119	0.50599	0	2.02317	5.54863	3.03318	1.0119	10.0168	10.9951	0.50599	1.51766	5.54863	9.03248	5.04694	1.0119	2.02317	1.0119	4.04131	4.54448	0	2.52837	1.51766	1.0119	3.03318	2.52837	4.04131	4.04131	0.50599	1.0119	1.0119	1.0119	0.50599	1.0119	0	2.02317	1.0119	3.03318	1.0119	0	0.50599	1.0119	1.51766	0	0.50599	2.52837	1.51766	0.50599	0.50599	3.03318	2.02317	0.50599	2.52837	0.50599	4.54448	4.04131	1.0119	2.52837	3.03318	0	3.03318	1.0119
2.79218	1.4308	3.46922	6.57069	6.5395	6.45218	5.4564	4.4739	3.91731	3.90098	2.9096	2.15305	1.44188	1.25201	5.63843	6.67467	3.12603	1.26476	1.77039	2.73432	3.76806	4.96096	4.74217	2.33118	2.70506	5.74937	3.99343	2.60279	4.35861	2.68125	1.90083	6.30387	8.76875	6.97841	7.02125	7.0658	6.71969	7.66088	8.70347	6.6939	5.34522	5.8825	4.76222	0.96322	2.95839	2.82606	2.86539	5.74949	3.68267	2.18261	4.10734	2.6873	1.99914	1.28979	1.82365	2.18246	1.36207	1.52801	1.90096	3.39954	0.912082	2.82606	1.043	4.11107	1.14524	2.43158	1.14524	1.28979	2.48369	2.82624	3.81854	6.05945	5.57117	7.54566	6.06221	6.1448	5.66393	5.45941	5.6388	5.89324	5.53099	9.74341	8.61887	2.77494	4.37686	2.77485	2.08517	4.1801	4.0723	2.35154	0.565659	1.44197	1.44194	1.36207	1.44194	6.8489	7.54741	1.53852	3.2216	4.31846	3.43672	1.64874	0.799931	0.505972	3.71704	4.67137	2.21164	3.28527	3.16671	1.25201	3.37122	3.66531	1.30211	1.99926	3.81854	2.72861	2.16041	3.78494	4.87074	3.16173	2.35159	4.04874	5.20093	3.03831	3.29492	3.12108	2.03883	0.96322	1.13126	2.48369	3.68289	5.39811	6.77532	4.80549	4.40955	6.98056	7.7456	4.11107	0.565683	1.61944	2.15299	2.02296	1.96698	2.33118	2.32431	2.28973	2.88211	4.12276	2.73432	1.043	1.69661	1.99923	2.18261	3.32386	3.76829	3.73006	3.07483	4.64428	4.93544	2.39868	3.03831	2.16053	4.04874	1.26473	4.55098	2.33103	0.758934	1.08798	1.64882	2.9315	2.88211	1.13126	0.644936	2.43158	9.28316	10.2416	8.61202	9.1848	9.78308	14.0119	5.63874	7.67907	6.87874	5.78494	1.2647	7.77592	10.2777	7.05248	5.53986	4.80549	4.74217	1.25201	3.29498	5.74972	7.00558	5.99157	3.39954	1.44191	2.32425	4.96096	4.01327	3.76829	10.5711	9.4545	0.89436	1.64877	5.84733	8.92984	5.43582	1.14524	1.30207	1.99926	3.61728	3.54614	1.68718	2.70501	1.2647	1.14524	3.03286	2.79199	3.1816	3.75548	3.61748	2.03883	0.565683	3.08511	3.92135	4.15362	2.60288	0.89433	1.26473	2.5407	1.26467	0.400007	0.715509	1.13121	1.52801	1.043	1.53852	3.22145	2.18246	0.565659	0.75888	3.32364	2.82609	2.49009	3.22154	1.8237	4.65438	4.07615	1.61947	2.48997	2.15299	1.14532	2.48354	1.59955
0.178869	3.81809	7.33473	9.1554	9.53695	8.41979	6.85086	5.88476	5.57058	5.69668	5.90348	6.42235	5.80378	4.68476	6.39511	7.31953	3.29451	2.09271	2.15291	3.39454	4.65406	3.05882	3.79714	0.963132	1.92572	6.09502	3.18132	2.18227	4.31798	3.61693	4.07969	5.43247	4.94776	6.15445	7.56161	8.04169	9.0654	10.9282	9.8996	5.98836	4.51917	4.34732	6.29835	3.29446	1.53828	3.9651	5.14851	4.49454	1.47465	5.97773	4.82149	1.39677	0.894251	0.963167	1.76114	2.72819	1.3967	1.90066	2.17497	3.81816	3.93301	1.04284	1.84098	3.1663	0	2.24003	0.178869	1.79703	2.54061	3.18148	3.91687	5.45585	4.57168	6.42217	6.19779	7.48052	8.17993	8.73298	9.49968	8.24249	4.47697	8.16618	9.0119	1.25189	4.82138	5.282	4.11071	4.04839	2.82581	2.18238	3.99324	4.79513	5.20068	4.57168	4.57511	5.9246	5.29686	2.08499	1.04289	5.3207	4.80479	1.78811	0.565607	0.252964	3.12067	4.14158	2.72832	3.78888	3.04325	4.5436	4.37645	1.97488	0.399949	0	2.39843	4.57168	3.4688	2.38501	3.7169	6.30365	5.84711	3.12079	2.15285	3.59502	1.64868	2.24003	1.39677	2.60255	1.36194	3.22127	5.34467	8.53151	9.66838	8.17993	7.93631	8.32499	7.15302	1.64862	4.4946	5.88476	6.06146	2.9093	3.92895	3.04325	3.03799	4.63026	6.55325	6.53882	5.04935	5.20981	6.42481	7.69474	8.55164	8.17423	6.20547	3.54601	1.53836	3.37092	4.31431	3.7679	5.50781	4.64051	2.14543	0.737447	3.16122	2.21142	3.04325	2.93119	3.43652	3.6171	4.17986	3.57721	1.82352	2.09264	4.58882	8.98296	10.6381	10.6109	8.26318	5.42369	6.31861	7.70278	5.3209	3.1663	2.88168	4.50526	10.1914	11.1284	10.1387	8.66881	6.09533	3.59502	2.55929	3.76772	3.2212	4.71489	5.7406	3.57719	4.07203	6.58896	7.12013	6.65313	8.70243	4.99869	2.15291	3.05368	5.99073	7.56122	5.63793	1.82348	1.28966	1.59947	0.911971	3.68247	3.9169	1.93408	0	0.894251	2.63905	3.12069	3.05882	2.38506	2.63916	3.05882	2.79174	4.16834	3.95322	4.12245	4.28855	1.99896	1.82352	1.78811	0.894251	1.01176	1.04289	1.08788	1.36194	0.737447	0.252964	3.43177	2.40496	0.758854	1.9749	4.12233	3.81809	3.43652	3.3899	3.04318	4.68457	4.46623	3.45042	1.69643	0.894296	2.33094	2.38506	2.52793
2.72808	6.26528	6.14346	3.05341	3.29435	3.19618	2.21122	1.97473	1.86665	2.88147	3.29435	5.18498	5.4235	5.63772	5.72926	5.99021	2.48953	1.30183	0.536545	3.52301	4.90878	2.63893	4.20211	3.12049	3.33752	5.99021	3.12042	1.44165	3.18104	4.93448	6.56912	3.72924	0.799788	1.78795	0.799822	1.13104	4.41577	5.83829	2.23993	4.57104	5.69598	3.78849	5.59809	3.96475	1.47452	5.42322	5.32023	1.69623	4.68415	5.97442	3.05855	3.22085	2.39812	3.61226	3.26027	4.80106	1.08778	1.84073	2.97397	0.894217	4.46223	1.92555	1.47452	1.92555	1.14504	2.03833	0.758746	1.64845	0.894172	0.39993	1.131	2.7915	2.26113	5.58116	5.17251	2.03841	2.79733	3.72935	4.46235	3.9206	2.86484	4.9569	9.3594	5.26648	2.43117	5.99018	5.19998	4.07934	2.82567	3.61678	3.95287	3.43164	4.01275	4.04824	3.28464	2.55904	3.22088	3.85504	1.90059	6.767	5.5953	1.39665	0.758746	0.758787	2.03841	3.96482	2.39812	3.53653	0.799788	7.71798	4.01259	1.1451	1.61916	1.90059	4.01256	2.35115	5.17265	3.93266	2.88151	3.45012	4.2436	3.5591	2.4831	2.0848	2.6569	3.43616	1.52774	2.55904	3.32305	2.82556	3.68201	7.26741	6.29789	3.83449	4.17949	5.35296	4.11044	2.40475	7.20467	4.95713	8.10242	3.39424	3.22088	0.799822	1.47452	4.46223	4.07949	3.66486	3.59471	4.47658	5.04891	6.09479	6.43403	5.11122	4.14122	2.03833	2.33067	4.16797	2.21117	3.68201	2.90905	3.78849	1.84082	0.7374	1.93381	1.44169	2.39822	2.28928	2.15266	1.30183	1.82332	3.55899	2.15268	1.78795	0.357702	2.77434	5.69598	4.16797	1.69628	0.565557	2.3848	2.48953	1.30183	1.19958	3.28449	2.27518	1.86665	4.16429	4.85382	4.35805	4.16429	4.64011	5.62922	6.76713	5.19409	6.80181	6.70176	2.73383	4.34693	7.25669	6.05834	3.22092	4.92162	2.52771	3.05341	3.91653	5.2485	5.29342	4.7111	2.21117	0.7374	1.44163	2.85928	3.16111	2.73388	2.03833	0.911909	0.252942	1.69623	2.50873	3.84676	2.0848	1.01167	2.90894	4.04803	4.4193	1.78791	1.78791	3.22085	4.11035	2.33062	1.04279	0.644822	1.52779	1.53822	1.30187	1.79686	1.52779	1.788	3.72924	1.131	1.43053	2.14524	3.91637	3.03759	2.57766	1.52774	2.63881	3.59456	3.05855	2.86484	1.59926	1.47452	1.44167	1.64851	1.82332
1.01151	5.54648	5.04499	1.51707	0.505794	0.505794	0.505794	1.51707	1.01151	2.02239	1.51707	2.02239	0	1.01151	2.52739	4.54272	2.02239	1.01151	0.505794	4.03975	5.04499	0.505794	3.53615	2.02239	1.51707	5.04499	2.52739	0.505794	2.52739	5.54648	7.54322	2.52739	0.505794	1.51707	0.505794	1.01151	4.54272	5.04499	0.505794	6.04713	5.54648	2.52739	4.54272	3.53615	1.51707	6.04713	5.04499	0.505794	4.54272	5.54648	3.53615	4.54272	3.53615	4.54272	3.03201	6.04713	0.505794	1.51707	3.03201	1.51707	4.03975	3.03201	1.51707	1.51707	1.51707	2.02239	1.01151	1.51707	1.01151	0	1.01151	3.03201	3.03201	5.54648	6.54685	0.505794	0.505794	2.02239	2.52739	1.51707	3.53615	3.03201	8.53502	7.04557	1.51707	6.04713	5.04499	3.53615	0.505794	1.01151	1.51707	0.505794	0.505794	0.505794	0.505794	1.01151	2.02239	3.53615	0	6.54685	5.04499	0.505794	1.51707	0	0	3.53615	3.53615	4.03975	1.01151	8.53502	3.53615	0.505794	1.51707	0	5.04499	3.03201	3.53615	3.53615	2.02239	2.02239	1.51707	2.52739	4.03975	2.52739	3.53615	3.03201	2.52739	2.02239	4.03975	3.03201	4.03975	7.54322	5.04499	1.01151	2.02239	3.53615	2.02239	4.03975	8.03972	1.51707	8.03972	3.03201	2.52739	0.505794	1.51707	5.04499	2.02239	0.505794	1.51707	2.02239	1.51707	1.51707	0	2.52739	4.54272	3.03201	2.52739	3.53615	0.505794	4.54272	1.51707	3.03201	1.01151	1.01151	1.51707	1.01151	1.01151	0.505794	1.01151	1.01151	1.01151	3.03201	1.51707	1.01151	0.505794	1.51707	5.04499	3.53615	1.51707	1.51707	2.02239	2.02239	1.01151	1.01151	3.03201	2.52739	0.505794	0	1.01151	1.01151	1.01151	1.51707	3.03201	5.04499	2.52739	5.04499	5.04499	1.51707	5.04499	7.04557	3.53615	1.01151	4.03975	1.51707	2.02239	1.51707	3.53615	4.03975	4.03975	2.02239	0	2.02239	3.03201	0	2.52739	3.03201	0.505794	0.505794	1.01151	1.01151	4.54272	3.03201	0.505794	2.52739	4.03975	4.54272	1.51707	1.51707	2.52739	4.54272	3.03201	0	1.51707	1.01151	0.505794	0.505794	1.51707	0.505794	0.505794	3.03201	0	1.51707	1.51707	3.53615	2.52739	2.52739	1.51707	2.52739	3.03201	2.02239	2.52739	2.52739	1.51707	1.01151	1.01151	1.01151
1.96623	5.97587	5.26848	2.33023	2.32341	2.57728	2.02232	1.96623	1.93353	3.67713	6.25421	7.86897	8.16433	8.56739	7.64577	5.83729	4.58764	5.02593	5.79671	7.63544	7.89063	5.184	3.61162	3.05796	3.25964	5.0226	3.25959	3.38894	5.45432	6.42037	6.21358	1.6959	1.26427	1.76057	0.799666	1.43025	4.50377	4.16709	2.35069	5.98905	5.0477	2.15219	3.83359	3.96405	3.08394	6.45445	5.73902	1.52749	5.18376	5.26546	3.59386	4.10964	5.55186	4.46497	3.46775	6.22118	2.39775	2.88095	3.41227	1.61885	3.6813	3.57618	3.11988	2.99486	2.82512	2.33023	1.60895	2.40428	1.26422	1.86623	4.58764	6.43515	5.86158	7.39636	9.89675	8.17195	6.7961	6.96026	8.42116	8.97544	7.78931	6.6465	9.58064	8.01586	3.43098	5.3518	5.49164	3.91561	1.01147	1.39631	0.96286	2.08449	3.22038	3.76684	4.54256	4.7104	4.12125	4.37522	1.60895	5.26546	5.80195	3.0319	2.26076	1.28929	0.737257	3.12487	3.4123	4.81673	2.73335	7.75891	5.94697	3.52249	2.50823	0.962895	3.59386	4.12125	3.92785	3.5583	2.55854	1.92518	1.99842	2.15961	3.4308	1.93344	3.78769	2.35069	4.86915	5.97612	5.45432	3.94401	3.72852	6.30155	5.44254	1.78756	1.51693	3.05271	2.88092	3.36997	7.22276	2.35069	6.43245	3.11981	2.88092	2.28884	3.72863	5.10696	2.32337	1.64822	2.88095	2.70403	0.911732	1.26424	1.53793	1.53785	3.89937	4.31689	4.46143	4.37522	2.33028	3.43545	1.53793	3.2203	0.644728	1.2642	1.9984	1.52749	2.15969	1.90022	1.78761	1.43025	1.07279	1.9984	2.63842	2.40441	1.44139	2.7333	5.36362	2.55854	1.26422	1.99842	2.68026	2.48262	1.60895	1.44139	2.43068	2.2394	1.1994	1.04259	0.252879	1.53793	2.93036	4.16349	5.63658	7.63544	8.52197	9.90922	7.31134	4.10975	4.46137	5.80185	3.64225	3.29371	5.70604	3.76677	2.50187	2.14482	3.51782	3.71567	3.91559	2.43068	0.758639	1.2642	2.77381	1.90022	2.03796	2.43068	1.13078	0.505776	0.715238	0.799633	4.16329	3.25959	2.63842	4.15202	6.75434	8.76415	8.95299	7.04532	4.62896	4.2013	2.18165	0.962895	1.26422	0.565447	0.399853	0.399836	1.25153	1.14488	0.911732	2.82504	1.30161	1.01142	1.78756	4.07073	2.88641	2.15961	1.84038	2.55854	3.19542	2.32332	2.93021	2.18165	1.76057	1.28923	0.737238	1.26422
2.77353	5.66092	4.35654	2.15938	1.96604	0.893964	1.52728	1.99827	1.52735	0.737164	5.89829	7.47548	7.42748	7.55884	7.41906	6.76541	5.98874	5.26821	4.95894	5.90383	6.77212	5.5968	4.60454	3.22	1.64799	2.77362	5.75793	5.87972	4.57319	3.75372	6.76538	8.78465	7.6328	5.21989	2.33007	2.21059	3.12455	2.82487	5.07556	4.65229	3.04191	1.97413	3.08357	3.61556	2.67997	4.89759	5.74677	4.7502	4.84572	3.03142	1.76942	3.86233	5.63606	2.15212	2.32309	5.04414	4.7502	5.0349	4.40746	2.90828	3.58919	3.9917	3.84581	4.25736	4.35682	4.01162	3.72828	4.63856	1.53769	4.21212	5.58238	4.81956	5.0724	8.03874	12.5138	12.4598	11.3873	11.3713	12.6945	12.57	9.43762	8.75793	10.7779	11.0515	8.21103	2.90821	5.68314	3.93137	0.565389	1.13067	2.88625	5.80428	6.62237	6.20318	5.56853	5.80428	5.70551	5.19863	4.81956	0.715168	5.80152	5.44231	4.56999	4.68303	4.38945	4.31648	3.79594	3.72828	3.04203	5.57122	7.53391	6.77688	5.13444	4.85245	2.90828	0.893934	2.50801	2.82475	2.68006	3.22006	2.48891	0.536388	2.50801	1.90005	3.16	2.15938	5.19872	8.1807	8.46822	8.4333	8.65306	7.81254	5.87972	3.22	1.01138	1.47408	2.85845	2.14461	4.71307	3.35562	3.72814	1.43011	3.22	3.55808	4.12091	3.21505	0.737164	1.30145	3.94359	3.43529	2.52702	0.737188	1.2641	1.64807	3.11959	4.31288	6.26366	7.08226	4.47522	1.92507	5.10978	3.79594	2.26055	3.22	3.43523	2.43058	2.2393	1.76048	1.96604	1.92507	1.93336	1.44128	0.799594	0.911622	1.6958	8.52643	8.04834	3.29325	3.61576	4.72335	5.38947	4.80301	3.83341	2.90828	1.13072	1.47413	2.28864	1.99827	1.51677	3.23481	5.66125	7.41906	9.08256	11.6047	13.9018	14.1373	11.4761	9.53347	6.29634	1.44119	3.95174	5.19876	7.37667	7.42732	4.89791	4.70998	4.41462	3.39793	3.43509	3.27867	1.0425	1.08746	2.88625	3.53572	3.46757	2.1595	1.13067	0.399817	1.86612	3.71552	6.60809	8.97466	10.6056	11.2331	11.8444	13.0084	14.4317	14.5903	12.9624	10.3044	7.17902	4.68296	2.55841	1.52735	0.893904	0.252871	0.565413	0.911647	0.715168	1.79633	2.14461	1.0425	2.99447	5.30085	3.042	0.536388	1.99822	2.21052	2.82471	2.15197	3.16	1.59879	1.99819	1.89992	0.715168	1.08746
3.28322	4.54842	3.59316	3.1948	1.47395	2.15184	3.7491	3.19494	3.36948	4.0112	8.70007	8.13182	0.911555	1.264	0.893825	2.17398	1.86593	1.14459	0.962708	3.25895	6.53543	1.19912	2.90786	0.715099	1.92487	5.53375	7.25631	9.57899	8.06288	7.04841	8.30064	8.07268	8.01056	6.77604	2.32976	1.64783	0.644572	3.0574	2.99428	1.26398	1.44109	1.96585	2.97282	4.74946	4.24182	2.60131	2.32292	3.43493	1.44113	1.59871	1.60863	3.9189	0.911555	2.55804	1.42997	1.47395	2.43033	2.77334	2.21037	1.86593	2.3502	2.79613	1.25129	1.53763	1.8401	2.4303	3.41161	5.66042	2.72106	4.2975	5.92971	3.23446	5.29138	5.198	4.72288	4.85189	4.80274	4.68254	4.78621	4.41417	4.51349	5.42115	6.3551	7.11678	8.26843	2.95671	5.19797	4.40685	1.26402	0.962673	3.99123	5.02168	3.68072	2.72116	1.01128	2.88031	4.65176	2.70347	4.80256	4.16249	1.82265	3.21473	2.72116	3.41172	4.20058	4.316	1.30136	0.399758	1.51664	1.30136	3.43483	5.24343	3.38829	3.93123	4.63145	3.39762	1.86587	2.43021	1.04239	2.55812	1.30136	1.44107	1.51672	2.14441	1.14459	4.07385	5.42112	4.68234	4.41417	5.92196	7.30993	7.47699	5.53666	2.72702	1.82261	0.715099	0.799477	0.799511	1.93306	1.61854	2.3502	1.30132	2.72689	2.32287	1.44107	0.715099	1.28904	2.72106	4.7992	1.44111	2.82449	1.6862	2.88039	1.93316	1.69557	0.737114	2.60138	5.35972	7.7473	5.75167	3.52181	2.70347	1.5272	3.96329	2.4303	1.42997	1.14459	1.04234	0.893825	0.799511	1.19917	2.15928	3.28339	2.90797	5.18273	11.4982	5.29463	9.68098	3.92709	5.10598	8.67859	6.77597	2.63791	2.03762	1.52714	1.08736	1.19917	2.23897	2.77897	4.40682	4.54849	3.52181	4.07015	5.183	5.90068	5.35101	5.19822	5.59621	6.05859	3.71495	1.69563	2.68573	3.39762	6.00895	3.0418	3.46716	2.72116	2.15184	2.55804	3.57096	0.799477	2.97282	1.36135	1.7603	2.48225	2.48225	1.1306	1.44109	3.03648	4.31605	5.31845	7.08387	8.34542	7.44351	6.22022	5.06886	5.80103	7.74769	8.9737	8.09962	7.33132	6.77151	3.81635	2.65587	1.78721	0.536336	0.737095	0.737095	0.565337	0.644572	1.44107	1.04239	4.01103	5.10593	1.44109	1.44107	1.7603	2.38393	2.73277	2.03756	2.53927	1.39603	2.02182	2.40382	1.64783	1.5272
3.53478	4.03818	3.03083	3.53478	1.01112	2.0216	3.03083	1.01112	0.505597	0.505597	8.53175	9.02558	0.505597	1.01112	2.0216	2.0216	0	0.505597	0	2.0216	7.04286	2.52641	2.52641	0.505597	2.0216	4.54096	0.505597	7.04286	5.04304	0.505597	1.01112	1.51648	6.54433	7.04286	2.52641	1.51648	0.505597	3.03083	0.505597	0	0.505597	1.51648	3.53478	5.54434	4.03818	1.01112	0	1.01112	1.51648	0.505597	2.52641	4.54096	0.505597	3.03083	0.505597	0	0	1.01112	1.01112	1.01112	2.0216	3.03083	0.505597	0	0.505597	1.51648	3.03083	5.54434	3.03083	3.53478	5.54434	2.0216	6.54433	6.54433	2.52641	2.0216	1.01112	0.505597	1.51648	3.03083	5.04304	4.54096	4.03818	4.54096	8.53175	4.54096	4.54096	4.03818	0.505597	2.0216	4.03818	4.03818	1.51648	2.0216	0.505597	2.52641	4.54096	1.51648	4.03818	5.54434	0	2.52641	1.51648	0.505597	2.52641	4.03818	1.51648	0	1.01112	0	2.52641	4.54096	1.01112	0	2.52641	3.53478	2.0216	2.52641	1.51648	1.51648	1.51648	2.0216	0.505597	2.0216	0	4.03818	6.54433	5.04304	3.03083	3.53478	4.03818	2.0216	0.505597	0.505597	2.0216	0.505597	0	0	1.01112	1.01112	2.0216	2.0216	3.03083	2.0216	1.01112	0	0.505597	3.03083	5.54434	1.01112	2.52641	0	2.0216	1.01112	2.0216	0	0	4.03818	10.0091	6.54433	0	3.03083	0	3.53478	0.505597	1.51648	1.51648	1.01112	0.505597	0	0.505597	1.51648	0.505597	1.01112	7.54032	12.441	1.51648	12.441	3.53478	5.04304	10.0091	7.54032	0.505597	1.51648	2.0216	1.51648	0.505597	2.52641	3.03083	5.04304	4.54096	1.01112	1.01112	1.01112	1.51648	1.01112	1.01112	0.505597	6.0448	5.54434	0.505597	2.0216	1.51648	5.04304	0	2.0216	0.505597	1.01112	2.0216	3.53478	1.01112	3.53478	0.505597	1.01112	1.01112	1.01112	1.51648	2.0216	2.52641	3.53478	1.51648	1.51648	2.52641	1.51648	3.03083	0.505597	0.505597	0	2.52641	1.51648	3.53478	5.54434	3.03083	3.53478	2.0216	0.505597	0.505597	0.505597	0.505597	0.505597	1.01112	0.505597	4.03818	4.54096	0.505597	2.0216	0	1.01112	2.0216	1.51648	2.0216	1.51648	2.0216	2.52641	2.0216	0.505597
3.35449	3.81963	2.53878	3.04112	4.28951	5.66235	5.58095	4.74878	4.31529	3.1187	8.90932	9.14891	2.09131	0.962521	1.61822	3.81983	5.95272	7.96046	9.90555	10.3103	11.9233	10.6742	7.80435	4.50225	2.7728	4.70839	1.68587	6.92115	5.52405	4.93187	3.42965	2.50725	6.05731	7.25251	5.69288	4.45982	3.1187	3.81554	1.9245	1.51642	1.5269	1.97358	4.81803	6.92793	3.29231	0.644478	2.03725	2.48817	2.70298	1.79583	1.76892	4.15024	1.93278	2.82394	0.399697	0.357494	0.50558	0.962486	1.19889	1.13038	2.55757	3.28261	1.26375	0.893651	2.72063	5.29957	6.21903	4.82797	1.26373	5.19706	5.83491	3.05681	5.53533	6.06507	1.64749	2.09124	1.44083	1.44085	1.60832	3.03583	4.70839	4.82797	5.71216	6.44719	9.14896	5.90206	4.31516	3.52097	1.79581	3.21411	3.72707	3.57027	1.28873	1.93269	0.252781	2.42973	4.25589	2.03717	3.67987	5.69269	2.42986	4.82797	5.92089	8.28782	7.88774	4.80179	1.36108	1.08715	1.79583	1.14437	2.72053	4.21093	1.36103	0.644447	2.15142	4.58576	2.99361	2.42976	2.32251	3.50752	3.44811	2.94545	1.51642	2.17352	2.39682	4.86713	5.04575	4.31143	4.02608	4.31509	4.41674	1.26373	2.65544	2.28795	0.644447	1.36108	1.68579	3.35462	3.54364	2.03725	2.38346	3.43422	3.5748	2.85762	1.5984	0.736971	0.644478	3.03583	4.54754	1.75996	2.17352	0.644478	1.99769	3.89797	5.24257	4.45982	3.21914	3.89786	8.53465	6.45197	2.09131	2.42973	0.252795	3.15911	0.799356	1.47366	1.01103	1.28873	0.644447	0.399681	1.25105	1.6182	0.399697	1.01103	6.62007	12.8992	0.565227	12.9234	2.82392	5.81592	8.97156	6.94597	1.25105	1.59833	2.39672	1.13034	1.13034	2.39672	3.52097	6.13218	5.31722	2.6374	2.48817	1.83975	0.565227	1.36108	2.38346	2.32938	4.74855	4.63724	2.79002	3.21411	1.64755	3.16418	5.65957	6.86462	5.79448	4.1657	2.09131	2.90725	1.47366	2.78987	0.71496	1.13034	1.07237	0.71496	1.51634	2.42973	3.44799	3.38752	0.644447	1.6182	2.73229	5.1452	6.98895	6.17083	5.29061	3.96265	2.38346	1.04214	2.82394	5.66217	4.81486	4.64075	4.1042	1.13034	1.51642	1.93278	1.83975	1.99771	2.09131	1.60832	4.29667	3.86099	1.68587	2.32931	1.53733	1.6953	1.86551	1.28873	1.89938	1.89938	1.93269	2.15136	1.99763	1.04219
2.52597	3.54314	1.64737	3.36853	7.32927	8.76009	7.49995	6.33869	6.29138	5.52651	10.0213	9.24885	5.81568	6.2008	6.86632	9.59739	10.6776	10.1569	9.18897	9.68512	12.0029	12.3547	10.2049	8.04527	5.92037	5.04233	2.67912	6.11888	6.41751	8.31702	8.04527	6.04657	6.41002	7.1674	6.76279	5.68411	4.47348	3.76487	1.08707	1.0421	1.08705	1.13025	7.05939	7.64179	0.644421	2.25968	1.39571	1.52676	2.60058	1.99745	1.30096	2.65509	1.08707	2.3832	1.13025	1.26362	0.911298	0.399645	1.44066	0.252759	2.08341	3.03556	2.02125	2.732	4.29638	4.80136	3.91394	0.644421	4.46287	8.00833	7.49985	6.76279	6.3088	4.72146	1.44072	2.52605	2.67912	2.48795	1.19878	2.87955	2.52597	2.86292	4.34041	6.21824	8.34272	5.29888	2.32911	3.61421	4.46285	4.93137	4.45937	3.76498	1.83958	2.15123	1.89932	3.1939	3.67952	1.8221	3.03563	5.63373	2.39651	5.4196	4.72146	5.50366	4.99516	3.1184	1.26362	1.68564	1.86535	2.94511	2.55735	3.46606	1.14427	3.08241	4.1078	6.59351	5.24195	1.9653	2.72625	4.06895	4.07677	3.86084	3.11842	2.956	5.31688	6.73484	4.40577	2.34954	3.41057	4.50163	4.78467	1.30099	1.04205	1.25094	0.536185	1.30099	3.9901	2.85736	1.83958	2.15128	4.01007	5.50078	4.38776	2.99344	1.59826	1.30096	0.714897	3.51615	3.1183	0.736887	1.26364	0.962436	1.53719	4.49115	5.37297	4.41293	2.85736	2.72029	5.02333	6.5864	5.35825	1.30099	1.25094	3.5923	5.04242	4.16533	2.65523	1.99751	0.962436	1.39564	1.99747	1.47357	1.04205	1.64737	4.04533	13.9107	1.36091	13.8959	2.03707	7.63168	6.14959	4.9536	3.2776	4.68117	4.73832	2.72625	2.15122	2.42954	4.79125	6.76248	3.54314	1.68572	2.87963	3.03046	2.5261	2.02135	4.65058	5.78035	3.86084	1.26364	3.41075	4.63701	4.91859	3.16399	4.85033	3.64059	4.81785	6.23115	5.78035	3.36853	2.32226	2.52605	1.89932	1.61806	0.962436	1.28868	3.74805	5.39351	4.51583	1.07228	3.25809	5.54935	7.67273	9.47305	9.31063	8.16811	8.12993	7.59095	6.56269	5.54366	2.97212	2.34954	5.24509	6.56506	8.89328	8.22299	4.16526	1.26364	0.799252	1.36091	1.26364	2.907	4.55759	1.52671	2.5261	2.82378	2.48155	2.28775	2.20974	1.8654	1.79565	2.23833	1.39564	1.47353	2.17333	1.0421
2.65485	3.86024	0.893508	3.28198	5.85802	3.8522	2.63693	1.86523	2.87926	3.41031	9.96032	7.39189	4.14967	5.3461	5.89582	6.8427	4.79768	2.23823	0.911213	0.893508	3.19357	4.78417	4.51176	4.65008	3.56982	2.48133	1.26352	3.44733	2.48133	3.89727	6.06408	5.74405	5.18995	4.47295	2.38296	2.65485	6.0431	4.46939	0.962349	0.911188	1.2635	1.6179	7.85022	5.95127	3.21847	1.52663	1.08694	0.893539	3.27711	1.69492	2.2381	2.52577	1.82192	2.5257	2.15094	1.83931	1.53695	0.565144	1.69492	1.042	1.6472	2.6787	3.91739	2.77221	3.29162	2.55706	2.67879	3.23328	5.63316	6.86989	5.00401	5.04185	4.70774	3.35403	1.59812	1.60802	1.53706	2.79505	4.78417	2.99316	1.75964	2.17311	4.17613	6.05354	7.78447	5.50284	2.20946	4.95625	4.8007	3.25771	3.03533	2.90683	2.03689	2.15847	1.99735	4.70746	3.8189	0.252732	1.69492	5.91944	5.18077	6.4313	7.30692	3.50689	3.21853	2.87926	1.13013	1.13018	3.21352	2.50679	1.44051	3.02998	0.644364	4.8007	2.90683	6.13101	6.86526	1.04194	1.83931	1.83931	2.2381	1.47343	2.3493	1.53706	5.07295	4.4907	2.92871	2.97186	3.04056	3.04046	3.91335	2.92851	2.88488	3.15872	1.83931	3.76457	2.50681	1.19872	1.78664	1.39549	3.46576	2.90683	1.7687	0.644364	1.01083	1.51605	0.644322	4.43021	2.99304	2.38296	1.04194	0.56512	0.399604	4.21012	4.31792	3.71351	3.11798	2.79505	2.17311	3.94171	6.52573	1.2635	2.88474	3.72651	4.29614	3.67935	2.79521	1.89915	0.911213	2.27341	2.03675	0.56512	2.15094	2.32198	2.15836	14.9544	1.92406	14.3589	2.94482	7.07863	2.8234	2.48118	2.28755	4.99457	3.61404	3.21845	2.34935	3.25771	6.47741	6.23018	2.94492	4.57124	5.04824	4.81743	3.43359	0.911213	5.98557	4.16487	4.10344	2.63677	0.893508	2.02117	3.56982	5.393	7.71225	5.34886	3.19357	2.25948	4.17632	3.55639	2.90683	2.60041	1.96511	1.83931	0.399604	1.47338	5.57974	5.52303	2.28755	2.39626	5.10403	5.19015	5.53462	5.2446	3.75191	2.03689	3.1637	3.94987	4.54698	5.31649	5.70281	2.32204	1.44054	3.19375	5.59131	9.04051	7.48234	3.46586	2.38303	2.55709	1.25081	4.71084	4.14945	1.14415	0.962349	1.42943	1.08697	0.758211	1.6179	1.64725	1.47343	1.59803	0.799168	0.893508	1.99724	1.01083
2.52548	4.03669	0.50541	3.53348	6.04258	2.02085	1.51592	1.01074	2.02085	2.52548	10.0055	6.54192	2.52548	0.50541	2.02085	4.03669	0.50541	2.52548	1.51592	0.50541	2.52548	4.53929	3.53348	3.02971	0.50541	0.50541	1.01074	2.52548	1.01074	2.52548	4.53929	5.04118	5.04118	4.53929	2.02085	2.52548	7.04028	4.53929	1.01074	1.01074	1.01074	1.51592	7.53756	4.53929	2.52548	2.02085	1.51592	0.50541	3.53348	1.01074	3.02971	2.02085	2.02085	3.02971	2.52548	2.02085	2.02085	0.50541	1.51592	0	1.01074	2.52548	4.53929	2.02085	2.52548	2.02085	2.52548	2.02085	5.04118	6.54192	4.03669	3.53348	1.51592	0	1.01074	1.01074	0.50541	3.53348	6.04258	1.01074	0	2.02085	4.03669	5.5423	7.53756	5.5423	2.52548	6.04258	4.53929	2.52548	2.52548	1.51592	0.50541	0.50541	1.01074	5.5423	4.03669	0.50541	1.51592	6.54192	6.04258	5.04118	7.04028	1.51592	1.01074	1.51592	0.50541	0.50541	2.52548	1.01074	1.01074	3.02971	0.50541	5.04118	1.51592	6.04258	7.53756	1.01074	2.02085	1.51592	2.52548	1.01074	2.02085	0	5.04118	3.53348	0.50541	0.50541	1.51592	2.02085	3.02971	4.53929	2.52548	1.01074	3.53348	4.03669	0	1.01074	1.01074	2.52548	3.53348	1.51592	0.50541	0.50541	1.01074	1.51592	0.50541	5.04118	3.02971	2.52548	1.51592	0.50541	0	4.03669	4.53929	4.03669	3.02971	3.02971	1.01074	2.52548	7.04028	1.51592	3.53348	3.02971	0.50541	2.02085	1.01074	0.50541	1.01074	2.52548	2.02085	0.50541	2.52548	2.52548	1.51592	15.2942	1.51592	14.3495	3.53348	6.54192	1.51592	1.51592	1.01074	4.03669	0	3.02971	1.01074	3.02971	7.04028	5.5423	0.50541	2.52548	0	1.01074	3.53348	1.01074	7.04028	3.02971	4.03669	3.53348	1.01074	1.01074	1.01074	3.02971	6.04258	5.04118	4.53929	2.52548	1.51592	2.52548	1.51592	1.51592	2.02085	2.02085	0.50541	2.02085	6.04258	4.03669	2.02085	3.53348	5.04118	3.53348	1.01074	2.02085	2.02085	0	1.01074	1.51592	0.50541	0.50541	5.04118	3.02971	0	2.02085	0	6.54192	7.04028	2.52548	1.51592	2.52548	1.01074	5.04118	3.53348	2.02085	0.50541	1.01074	0.50541	0	1.51592	1.01074	0.50541	1.01074	0.50541	0.50541	2.02085	1.51592
3.03997	4.54588	2.72548	3.46509	5.45281	2.15052	1.30057	1.4731	2.52521	3.35319	8.78881	5.58992	3.98903	3.17818	3.33434	3.38622	0.893305	2.53779	1.83895	1.39532	2.8787	4.16008	3.02939	2.49995	3.40979	3.92902	4.16033	4.75693	3.85975	3.63955	5.18895	5.75381	5.65715	4.62519	2.5999	4.06779	8.14253	5.94233	3.12265	2.70196	1.92369	1.93194	6.08861	4.89455	5.82212	5.01888	3.05561	1.12996	3.25708	3.32006	4.3136	2.77177	2.73119	3.11741	3.05561	1.97281	1.97281	2.53797	2.63642	1.53676	1.61759	3.03987	4.04412	2.90613	3.55556	2.32845	2.88418	2.32153	5.20406	6.22898	4.0754	4.00872	2.57516	1.82161	2.55667	1.96473	0.399549	3.54208	4.79974	2.97128	2.92814	3.21785	4.58401	6.02377	8.80114	6.83192	3.21783	6.95458	5.16752	2.57516	3.03465	2.5063	2.08291	1.99697	2.03646	5.65995	4.79977	0.714689	2.77167	6.91851	5.19497	4.70655	6.53167	2.86211	1.36058	0.644197	1.28832	0.893365	1.93194	1.44029	1.60771	3.11738	1.0418	3.61311	3.32006	5.83269	6.19863	1.44032	3.03474	2.73127	3.21783	1.59781	2.25894	1.01071	4.70655	3.54208	0.399526	0.505392	1.79513	2.3825	3.05561	5.18895	3.72565	0.893335	3.03987	3.91663	0.911011	0.962162	2.52533	3.92484	3.76384	1.26328	0.893305	0.178681	0.962115	1.89865	0.536029	4.46853	3.67849	1.36051	1.61759	1.30062	0.799059	3.33422	5.17994	4.51454	1.86479	2.92794	1.19842	2.72531	6.29171	1.69459	4.54581	5.0188	3.76398	3.75121	2.34885	1.75921	2.55667	2.85653	1.82156	0.357358	3.72565	4.45802	5.40954	14.4722	1.26331	13.9923	2.67818	6.66004	3.31984	2.90627	2.55659	4.04412	0.911036	3.78061	3.29115	5.35671	5.96869	3.67412	3.92902	6.25949	6.04236	5.10319	4.86518	1.04174	5.98177	3.60879	3.78061	3.83062	1.61761	0.736694	1.44032	4.28406	5.26442	4.28762	3.94893	3.75118	0.644239	2.55667	4.00894	4.57035	4.16406	3.84324	4.53913	5.10326	4.23938	3.05561	3.89652	4.28406	4.63546	3.67412	2.14318	2.85653	2.32159	1.14401	1.4731	1.52626	0.911036	1.0418	4.54588	4.97147	4.5461	4.546	2.38257	5.54741	7.35655	3.40955	1.99689	1.99685	0.73667	4.41503	3.11738	2.15059	0.799059	0.962115	0.56501	0.178681	1.28823	1.51576	1.25057	1.44029	1.47314	2.09053	3.03999	2.20911
5.53297	7.55712	7.49707	6.61963	6.61952	5.748	5.7013	5.35918	4.84851	4.66562	5.68164	5.10268	4.55604	3.78462	3.31971	1.82143	1.36038	2.48047	2.53757	1.82139	2.3282	2.82257	2.03625	4.74653	5.79174	5.79174	6.44678	7.39013	6.31143	4.04397	5.24307	8.11139	9.48868	5.96814	2.40233	3.44648	7.66746	6.93385	4.29485	4.10612	3.60845	2.86183	5.10268	7.16479	7.88403	8.35096	7.16465	3.36723	2.82269	3.42802	3.89612	2.40233	3.05532	3.51946	4.79951	2.78869	1.86468	2.55641	2.40233	2.23757	2.49971	3.91224	3.75075	4.67917	3.54177	1.0106	2.73094	2.15774	5.87777	6.91789	5.00257	4.46113	3.63911	2.52504	2.32822	2.68394	1.64673	3.03438	3.50586	4.78965	5.09656	5.65967	6.73225	7.8443	11.7596	9.98527	2.1504	7.17314	6.04662	3.51479	5.41761	4.67936	3.334	1.86468	1.99676	5.52419	5.83208	3.51479	6.40753	6.25122	1.26313	4.47175	3.66079	2.85626	2.03628	1.44014	0.39949	0.798942	0.798942	1.08665	1.83879	3.17768	1.19837	3.29087	6.68561	6.0521	2.25874	1.64679	0.893226	2.32827	4.17509	4.81599	5.65967	4.70637	5.88596	5.94186	3.78039	1.08665	1.4401	1.93177	1.07186	4.79933	4.70616	2.25881	4.28367	4.63513	4.06738	4.17892	4.07519	4.63855	2.82269	1.08663	1.01055	0.357324	0.736601	2.32816	0.178664	2.95474	3.5731	2.78869	2.08269	0.535977	1.26317	2.55641	3.55534	3.36723	2.78869	4.06738	4.23912	4.51401	5.40883	4.00852	8.34528	8.97282	7.15384	6.25128	5.03084	4.38588	3.29082	2.32141	0.962063	2.65409	6.31867	6.61952	7.5941	9.66674	4.58358	12.0167	2.28674	7.4967	6.58137	3.67826	4.67922	4.22773	2.1504	3.61281	3.38591	4.51047	1.07186	5.42943	6.83167	6.64557	5.54721	7.31988	7.16447	1.97264	2.97083	4.07519	5.07166	4.46115	1.78611	1.68499	4.10225	4.48947	2.90592	2.82257	2.68396	4.10612	3.58639	1.01055	2.39568	4.30955	5.97099	7.05704	7.16479	5.81344	2.71934	1.473	3.11719	3.21752	3.28105	3.76341	2.77141	2.68394	2.17252	1.68507	2.17248	1.60756	0.757984	0.252674	2.03625	4.40409	5.20387	5.76711	4.81586	3.27619	7.55265	5.45233	2.49971	0.798975	1.12984	3.03438	1.75905	1.25045	1.30049	2.25881	1.76817	1.08665	1.12981	2.23747	1.82139	1.82143	2.90597	3.78039	3.11722	1.14389
3.42772	4.7826	5.10228	4.64847	5.74197	6.11608	5.09612	6.07475	6.68239	5.92525	3.29045	3.03418	1.19826	0.736555	0.736536	0	0.961943	2.32111	3.36677	2.42836	1.53638	1.83862	2.32802	3.76319	2.55621	1.93169	2.40212	3.50555	3.39505	2.03602	1.76801	5.14231	11.6645	7.53754	0.644083	1.68484	4.91601	4.62437	1.97245	3.2759	3.21719	2.63591	3.61265	3.21732	2.48037	5.01789	6.90377	3.98821	1.30034	0.644083	1.51549	0.505267	1.9316	2.32802	2.82244	2.7307	1.19821	1.43997	0.399455	0.893169	2.15755	3.59045	4.15934	5.56346	2.77117	3.16249	2.88377	2.15021	6.86047	8.95974	6.58329	5.13004	2.7191	1.01046	0.736536	2.17958	2.08241	1.99652	1.89841	1.89841	2.17968	3.2173	4.81543	5.76652	11.2096	11.3919	3.79267	5.97022	5.92789	4.84804	6.68239	2.94379	4.00798	1.04155	0.178648	5.29632	7.05606	6.05131	7.1965	2.17233	4.51008	4.06702	1.99658	1.14373	0.798905	1.78591	1.64662	0.644114	0.399455	0.564908	2.72483	4.309	2.3212	3.081	4.82526	2.88377	2.17958	0.798871	2.85601	4.7826	5.98102	6.37029	6.60244	5.97047	6.14429	6.14429	5.7419	3.42754	2.328	2.32116	1.30037	4.20856	4.41425	3.21719	5.37037	5.24261	4.62795	3.28091	1.76801	3.21717	0.178648	1.9316	0.178648	0.399472	0.505267	1.9316	0.910846	2.036	1.36026	2.32806	3.0395	3.1624	1.36026	1.83862	1.69429	1.19821	2.50586	3.96042	4.84823	6.21535	4.75592	3.17756	8.6936	6.81479	5.01789	5.89332	7.55199	5.83965	1.52598	0.178648	0.399455	4.4995	6.92406	4.73591	5.02095	3.61247	8.02575	8.64356	4.16314	9.44221	6.3774	1.12974	4.84804	4.15934	1.86446	1.89831	3.51448	4.06691	4.64837	4.90334	3.11694	1.68484	0.910846	6.17723	7.39337	2.17229	0.357292	1.86451	3.46453	2.55619	1.36026	3.91594	4.07467	1.7589	0.798871	2.08241	1.288	2.08241	3.55492	3.21723	2.70142	0.399455	2.28666	3.53267	2.88377	1.61729	3.1774	2.23727	1.69429	2.15755	2.82232	3.91187	2.65383	2.036	1.64656	0.714556	2.08241	1.12971	1.01046	0.798905	1.07177	0.505267	0.893169	3.76308	4.46774	1.7948	7.30415	6.80776	1.7589	1.14373	1.7589	1.92334	1.12971	0.714556	2.17958	2.32116	1.82127	1.47283	1.47283	1.9965	1.64656	1.68484	2.88366	2.52482	0.893169	1.69429
1.01035	1.01035	2.02007	1.01035	3.53211	4.03513	1.01035	5.54017	7.03757	6.04025	2.02007	2.5245	1.01035	0.505214	1.01035	0	0.505214	2.02007	3.53211	2.5245	1.51533	1.51533	2.5245	2.5245	1.51533	0.505214	0.505214	1.51533	3.02854	2.5245	1.51533	1.51533	12.4318	8.52538	0.505214	2.02007	4.03513	4.03513	2.02007	3.02854	2.5245	0	0.505214	0	0.505214	3.02854	6.04025	4.53753	1.51533	0.505214	1.51533	0.505214	1.51533	2.5245	1.01035	3.02854	1.51533	1.01035	1.01035	0.505214	2.02007	3.02854	4.53753	5.54017	1.51533	2.02007	0.505214	1.01035	7.03757	9.51098	5.03924	1.51533	0.505214	0	0	2.02007	2.02007	1.01035	0	0	0	1.01035	3.53211	4.53753	10.0017	10.4909	1.01035	4.53753	5.54017	5.54017	7.03757	1.01035	5.03924	1.01035	0.505214	5.54017	7.53467	6.53941	7.03757	0.505214	6.04025	1.51533	0.505214	0.505214	0	1.01035	1.01035	0.505214	0.505214	0.505214	3.02854	4.53753	1.01035	2.02007	4.03513	2.02007	3.53211	1.51533	3.53211	2.5245	0.505214	1.01035	2.02007	2.5245	3.53211	3.53211	6.04025	5.03924	2.02007	1.51533	1.01035	4.03513	4.03513	4.03513	5.03924	3.02854	2.02007	0.505214	1.01035	3.02854	0.505214	2.02007	0.505214	0.505214	0.505214	1.51533	1.01035	2.02007	0.505214	1.51533	0.505214	4.03513	2.02007	2.5245	2.02007	2.02007	3.02854	0	2.5245	6.04025	4.03513	1.01035	8.03063	5.03924	4.53753	6.04025	8.52538	6.04025	1.01035	0	0.505214	5.03924	7.03757	4.03513	4.53753	1.51533	8.03063	6.53941	5.54017	10.0017	5.03924	0	4.53753	4.03513	1.51533	1.01035	3.02854	3.02854	4.03513	2.02007	2.5245	0.505214	1.01035	5.54017	7.03757	2.02007	0.505214	2.02007	2.02007	0.505214	2.02007	4.53753	3.53211	1.01035	0.505214	2.02007	1.51533	1.51533	2.5245	2.5245	2.5245	1.51533	1.51533	0	2.02007	2.02007	3.02854	2.02007	1.51533	2.02007	3.02854	4.03513	2.5245	2.02007	2.02007	0.505214	2.02007	1.01035	1.51533	0.505214	1.01035	1.01035	0.505214	3.53211	4.03513	1.01035	7.03757	7.03757	1.51533	1.51533	2.02007	1.51533	1.01035	0.505214	3.02854	2.02007	1.51533	1.51533	1.51533	1.51533	1.51533	2.02007	3.02854	2.02007	1.51533	2.02007
3.28994	2.49901	2.2581	1.6071	3.43152	3.40829	0.961756	4.59946	6.63879	6.95216	5.73272	5.91636	4.40283	2.42802	1.8641	0.399377	0.714418	1.78551	3.06997	2.65334	1.99614	1.79447	3.43157	3.21661	2.52433	0.643958	1.64633	1.6463	3.1213	3.6118	3.42705	5.1013	11.202	8.23046	1.53616	1.43974	2.87762	5.34581	4.1165	3.38496	2.87766	2.57433	2.08211	2.57433	1.9962	3.21654	5.43634	4.79801	3.28025	2.9052	2.42799	2.14984	2.94322	3.21168	2.59891	3.93947	2.86102	0.893019	0.79875	1.92304	3.0336	3.78343	4.23778	4.66431	1.6071	2.52433	1.28782	0.357223	6.41294	9.71471	5.65506	2.08966	0.535826	0.910669	1.617	1.79447	1.19798	1.69401	1.64633	1.64633	1.76767	1.97206	3.92729	4.66431	8.61497	9.65459	6.85947	5.96925	7.04152	6.81348	7.08132	1.64633	5.31314	1.1435	0.505196	5.34274	7.16242	6.08638	6.52207	1.79447	4.51275	5.53142	5.41628	4.23793	1.96398	1.28775	0.961756	0.910669	0.25259	1.0414	3.71142	4.06608	1.47258	2.49901	4.33752	2.59891	3.19177	1.43972	3.67709	2.86101	2.17926	2.14978	2.23684	1.68451	3.46379	4.45627	6.6576	5.20215	1.8641	1.99614	0.178613	3.54077	3.43152	3.58975	4.53714	3.40829	1.53609	1.43974	0.79875	2.67719	2.14979	3.58542	2.8777	1.68459	1.08633	2.65343	2.70093	0.961756	1.0414	0.564799	1.26279	2.77633	2.32755	1.19798	2.17191	2.70093	2.99135	1.28782	2.9051	5.98224	4.8145	3.03891	5.54537	5.59082	6.0034	4.90223	7.43612	6.20651	2.17187	0.399394	0.910669	4.67785	6.67403	4.5441	4.04262	2.82192	8.64376	4.06998	6.68111	8.79793	3.91518	2.40166	3.84162	2.65334	3.84998	3.17695	0.961756	4.00739	5.69963	1.76767	2.96999	1.51527	2.47989	4.54413	5.33686	4.7084	5.09513	4.84073	3.50478	1.68459	4.29355	5.88427	6.05288	4.99183	3.9275	2.94322	3.0545	3.33306	2.70093	2.4862	2.3275	1.26275	1.26278	1.39478	0.961756	1.97208	3.76242	3.21661	2.32071	2.52433	3.76235	4.04262	2.08966	2.50536	2.67726	2.08211	2.14237	0.535826	1.30009	1.12952	0.714418	0.893019	2.15722	4.02304	3.35195	2.32066	7.16244	6.51242	1.28775	1.51519	2.14973	1.39471	1.14356	2.79359	2.85545	1.28775	1.1435	1.43976	3.28989	2.71857	2.17191	2.17187	3.19177	2.77063	2.48628	4.00739
0.64389	2.1495	1.8207	2.14959	2.65307	2.03539	0.252581	2.94295	7.19471	10.1958	10.0447	8.74284	7.19471	5.46209	4.31155	2.677	1.68434	1.78539	1.39456	2.50511	2.68294	2.23674	3.08004	1.92277	2.53659	2.28586	1.3	1.14346	3.12097	4.40218	3.58508	6.08605	8.38652	6.9513	1.47239	1.39456	2.95376	5.83011	6.94029	5.62121	4.74478	4.79776	4.56477	3.7916	3.55387	3.17645	3.57174	5.96611	6.47354	6.78779	6.28918	4.92772	4.34088	2.08192	1.01015	2.65304	2.65304	1.61682	1.92287	2.42777	3.0333	2.59857	2.03542	4.67762	5.94772	5.28615	3.71127	2.52413	5.06327	9.38711	5.23786	3.03321	2.71819	3.42675	5.62971	6.6644	6.12218	4.28582	1.7943	0.736343	1.35993	2.70068	4.92747	5.52781	6.98736	8.74284	9.01935	5.23821	7.96905	6.05228	4.07347	1.12937	4.54362	1.7943	1.52553	5.87551	6.41227	4.31504	5.03839	5.01643	0.757649	2.53676	3.9593	5.96879	6.60044	3.60708	1.07145	1.43954	1.59696	0.798678	4.91454	2.90475	0.798678	1.79427	3.11593	1.78545	2.59857	1.35993	3.46344	2.86075	1.24998	3.03321	0.892879	2.87738	3.63782	4.40943	6.51174	4.78755	1.26268	2.34773	2.01968	1.89775	2.71833	2.65319	2.48594	4.79753	2.25796	2.55545	1.9719	2.17165	3.23106	3.2163	2.47967	3.27512	4.1161	1.14338	3.35178	3.33275	1.19785	1.39456	2.14216	2.1717	2.32048	2.23674	2.90495	3.84141	4.06586	2.77623	3.28958	5.89711	6.42724	4.54391	0.736343	4.64716	7.16213	5.43611	3.98698	5.06649	4.98806	1.97187	0.892879	3.44503	6.24886	7.56041	7.81169	8.72696	8.94364	3.21638	8.06384	6.61441	1.61682	2.01982	0.64389	3.4636	4.73472	3.04905	3.02795	4.11615	3.61163	4.29297	4.36979	2.27205	2.14965	2.34773	2.03549	4.28589	4.79776	6.0601	6.53854	10.1958	12.4999	12.1188	11.1377	9.26729	8.55514	7.68321	7.62416	6.47354	4.54394	3.21638	1.26268	1.0413	2.82167	4.95008	6.16565	6.42492	4.49845	1.26265	1.97187	2.55538	4.38419	4.17334	2.32734	2.34773	2.20806	2.72419	1.76752	1.28762	1.78545	2.23674	1.68444	1.43957	1.51503	3.76196	0.892879	6.00267	7.56024	5.01637	0.89291	1.35986	2.14956	2.92675	5.12859	4.95329	3.03864	1.83819	2.65322	5.35722	7.2337	7.30248	7.77983	8.16769	7.93615	7.87713	8.80287	10.9121
3.40781	1.75828	0.505071	1.59681	1.39444	1.19774	1.39444	2.32712	3.78283	5.49605	6.79147	5.7969	4.13489	4.5433	3.74904	4.28526	3.91036	1.42834	0.535722	1.35974	1.86374	1.07135	1.2875	1.64598	2.38114	2.14931	1.12927	0.357154	3.02769	4.06529	4.20693	4.81346	5.28535	5.17683	1.26253	2.82126	2.48571	2.38114	4.96849	4.63633	2.77017	2.3203	2.57383	2.17145	4.79373	2.78722	1.1978	3.11574	3.51778	4.00662	4.3112	3.43096	2.99077	2.28566	2.28577	3.25528	3.7827	2.34755	1.1293	1.19774	1.76724	1.26255	2.7239	4.29282	4.84641	3.71088	2.90459	3.28918	5.10011	9.32712	3.61107	3.78263	4.20693	3.92665	7.07581	8.06355	6.59747	5.75057	2.78722	1.1293	1.59681	0.961605	4.19569	5.4844	5.03792	3.58473	6.70787	0.798561	7.66578	2.77579	2.03529	2.2365	2.28566	1.47229	2.88255	7.5367	5.77511	2.28566	2.55512	4.8657	3.57142	2.92644	3.16117	2.03529	6.93952	5.91503	1.43946	2.08925	1.83791	1.04115	5.58955	2.2364	0.505098	1.52539	2.55512	0.714279	2.28566	0.535722	2.32705	2.53636	3.27949	4.19569	2.15672	5.3565	5.35667	5.01605	5.23745	3.7107	0.178578	2.03521	3.65906	0.178578	1.9717	1.97168	1.26255	5.0691	2.32712	1.61666	2.15672	1.43944	2.17873	1.99572	0.535722	1.69368	4.81357	5.0691	2.03523	4.13489	3.44472	2.17873	2.32705	2.68266	3.81199	2.52392	1.14334	2.7701	2.86047	1.9717	1.43946	2.8771	4.84621	3.04863	2.55512	4.28521	3.46312	3.15627	1.89768	1.42834	5.29433	4.00643	0.736269	2.17149	4.23709	6.47281	7.48517	5.91524	3.92665	4.40182	9.38139	6.4434	0	0.736251	2.70037	2.8771	1.1293	2.67667	4.42687	3.36547	1.39451	6.95069	4.40182	1.69363	0.564689	0.8928	1.01006	0.357154	1.19774	3.1207	4.54344	10.4563	9.43411	8.17061	6.44613	4.45559	4.78075	5.17709	5.26166	3.67221	2.77017	1.93094	1.59681	1.42834	2.8549	4.63635	6.12664	7.95298	7.32301	4.1003	0.96157	2.40107	3.31797	3.6111	2.79293	2.28566	0	1.08611	1.53579	2.72377	1.1978	1.43946	1.29987	2.03529	3.03823	4.70728	1.61668	7.77867	5.6289	2.59833	0.399317	0.910492	1.53587	3.27961	4.48734	2.4858	2.03523	1.9717	3.16126	5.1678	5.1922	4.89181	6.37519	7.00925	6.70819	6.69177	7.09342	7.25022
0.505027	0.505027	0	1.51477	1.00998	1.00998	2.01932	2.52357	1.00998	1.51477	6.53701	5.53813	3.02742	4.03364	2.52357	4.53586	5.03738	1.00998	1.00998	1.00998	1.51477	1.00998	0.505027	0.505027	1.51477	1.51477	1.00998	0	3.02742	3.5308	4.53586	5.53813	5.03738	4.53586	0.505027	2.52357	2.01932	1.51477	3.5308	3.5308	2.01932	0.505027	0.505027	3.02742	5.03738	2.52357	1.51477	0.505027	1.00998	1.51477	1.51477	3.02742	3.02742	3.5308	1.00998	1.51477	3.02742	1.00998	0	1.00998	1.51477	0	1.51477	1.00998	1.00998	1.51477	2.01932	3.02742	5.03738	9.01557	2.52357	4.03364	4.53586	4.53586	4.03364	1.51477	5.03738	7.03499	3.5308	0.505027	2.01932	0.505027	3.02742	4.53586	4.03364	2.52357	7.53191	1.00998	8.02769	2.01932	0	0	1.00998	0.505027	3.02742	8.52227	5.53813	1.51477	2.01932	4.03364	2.01932	0.505027	4.03364	3.02742	6.03803	6.53701	1.00998	2.01932	1.51477	1.51477	5.53813	2.01932	0	1.51477	2.52357	1.00998	2.52357	0.505027	2.01932	3.02742	4.03364	3.5308	3.5308	6.53701	2.52357	1.51477	3.5308	3.02742	0	2.01932	4.03364	0.505027	2.01932	2.52357	2.01932	4.53586	2.01932	1.00998	2.01932	1.00998	1.51477	1.51477	1.00998	2.01932	3.02742	6.03803	3.5308	3.5308	4.03364	2.01932	2.52357	3.02742	2.52357	1.00998	0.505027	3.02742	2.01932	2.01932	0.505027	1.00998	5.03738	3.02742	2.52357	5.03738	4.03364	0	1.51477	0.505027	5.03738	5.03738	0	0.505027	1.00998	1.51477	3.02742	1.00998	1.51477	4.03364	9.50752	7.03499	0	1.00998	3.02742	1.51477	0.505027	3.02742	4.03364	2.52357	0	7.03499	4.03364	2.52357	0.505027	1.00998	1.00998	0	1.00998	2.01932	4.03364	8.02769	3.02742	2.01932	1.00998	1.00998	1.00998	0.505027	1.51477	2.01932	1.51477	0	2.52357	1.51477	2.52357	4.03364	3.5308	1.51477	4.53586	5.03738	0.505027	2.52357	2.52357	3.02742	3.5308	2.52357	0.505027	1.00998	2.01932	3.02742	0.505027	1.00998	0.505027	0.505027	2.52357	5.03738	1.51477	8.02769	4.53586	1.51477	0	0.505027	0.505027	2.01932	2.52357	2.01932	2.01932	2.01932	2.01932	4.03364	3.5308	1.51477	3.02742	2.01932	1.00998	3.02742	3.5308	1.51477
2.78683	1.51469	1.4392	2.14896	1.82021	1.47201	1.92223	3.03235	3.03766	4.31404	8.3342	8.33422	6.57721	7.93382	8.81599	8.36201	6.25454	2.67622	0.178544	0.178544	2.0813	2.94208	1.28732	0	1.5965	2.08885	2.32666	2.03492	3.16056	4.56668	5.01494	5.01805	5.52902	5.09913	2.23607	3.61052	4.86495	4.40115	4.45817	3.2546	1.43914	0.56458	1.5251	4.40817	5.69729	3.21539	2.5979	2.57334	2.23607	2.42705	3.28862	3.74409	2.55465	2.57321	1.78487	2.28521	2.92573	0.56458	1.19756	2.65243	4.70324	4.64577	2.14901	0.910316	0.961419	2.14154	2.65231	3.2153	4.17591	8.1687	4.58063	5.6946	6.35403	5.28433	3.44405	1.86343	3.79027	6.53637	5.01504	3.90981	4.06466	2.67629	4.66251	4.77963	2.78668	2.5547	7.70495	6.4425	8.20482	2.0813	1.29958	2.63438	3.12024	2.67629	3.23013	7.28711	5.25743	2.5547	3.03764	4.40097	2.69985	1.43918	4.00565	3.274	5.2873	6.57931	1.35947	1.61637	1.69335	2.1489	4.4545	2.72911	1.26226	2.50439	2.17103	1.07114	2.52335	1.07114	1.82017	3.58836	3.6104	4.16087	5.21242	6.522	4.10336	3.77787	2.85435	2.0812	1.08592	2.4006	4.20612	1.04099	2.42698	1.19751	2.95288	3.60604	1.0859	1.69335	2.42698	1.5965	1.28732	3.27415	3.61052	3.39306	2.65231	6.19397	3.7609	3.44405	4.19488	2.90403	3.40705	4.48641	3.95805	2.99028	2.03489	2.47881	1.78482	1.93048	1.61635	3.25465	5.44589	3.40705	3.78197	5.91392	5.03695	3.42573	3.94606	2.88209	4.62169	4.67605	0.178544	1.0859	1.78487	2.31981	3.16056	2.40073	4.35055	4.86165	8.40802	6.42267	1.59657	2.31985	3.8484	2.38074	1.89731	1.6456	3.8484	3.78197	1.4392	6.16349	3.46245	3.58404	2.14896	1.76689	1.2623	0.89265	0.736108	1.9954	6.14063	7.68871	1.6933	1.96322	3.02726	4.15712	3.28867	2.78683	3.85677	5.12708	5.33502	5.41419	5.09933	2.52343	1.12905	4.40817	4.36854	2.68216	3.31732	4.23616	3.56637	3.46252	1.61635	2.32665	4.46877	3.93798	3.06893	2.72337	3.03242	3.63668	1.79377	0.252492	0.961419	1.07114	2.39398	4.63195	1.75794	6.57931	5.26044	2.31977	0.178544	0.39924	1.97132	3.57073	4.11495	4.00582	4.63212	5.96435	7.8094	9.01672	8.26527	7.58302	7.94359	7.70518	6.9204	5.49499	4.99927	3.67581
8.9611	5.91359	2.90382	2.2571	2.72893	3.5882	4.79589	5.79271	6.00056	6.61466	10.1183	13.4172	14.1695	14.7045	14.3176	13.2087	8.688	6.43937	3.21015	2.8541	5.02723	5.79271	3.21508	1.26215	2.20716	3.25431	3.57042	3.65822	4.96722	6.41005	5.6941	4.45776	6.0499	4.77921	0.910254	1.92213	4.29161	5.42534	5.02723	3.43004	1.35941	0.643652	4.33907	5.73808	4.54202	2.32644	2.40052	3.76075	3.78176	3.61023	4.0643	3.50321	1.53543	0.892549	1.64548	2.94175	3.39278	3.02699	2.96872	3.7226	4.79591	5.9665	5.29302	2.31961	1.35941	1.64552	2.42674	2.42676	3.98555	5.52854	1.93031	3.50312	7.19173	7.14817	2.8762	0.178528	2.28501	4.17179	4.46848	5.06166	4.7028	3.81092	7.70414	4.29139	1.39411	3.15538	6.00056	7.03845	5.52022	2.65208	2.8762	2.32644	1.26222	0.357053	1.64548	5.96625	5.41346	1.69315	2.31956	3.84806	3.57042	2.67598	3.8398	3.67537	4.14514	6.4416	1.59636	0.357053	2.31961	5.17553	4.02122	4.103	5.19074	4.96089	4.25086	4.06435	4.3063	4.29148	0.643652	3.93764	5.67764	7.21153	6.31412	6.05001	5.87081	3.85643	1.75779	1.64548	3.56596	4.86122	4.103	1.07105	2.40039	1.78471	2.96872	2.27117	0.961299	1.26218	2.71728	4.33921	3.63636	1.97115	3.57042	3.74799	4.1605	7.10882	4.103	3.39276	3.9376	2.65217	3.9376	4.19451	2.17084	2.08102	2.17812	2.08873	3.70984	5.35517	5.6554	5.6275	4.48608	3.03215	5.61896	7.13954	5.0146	2.14882	2.38047	2.14877	3.27857	3.21501	2.39387	3.7226	4.73291	5.58542	4.93859	3.36468	2.77516	1.92213	6.04207	5.23598	6.13257	8.15127	9.4021	7.22879	5.56004	5.42534	5.58542	5.41362	3.03746	5.16331	7.41621	9.27868	8.79421	8.32436	7.79484	8.02076	8.03044	8.15127	7.10899	2.72301	3.67118	5.28711	6.85623	6.93784	6.11982	6.19375	7.433	7.73072	7.15939	6.78979	6.04238	4.81224	2.67592	4.40789	6.47098	6.51926	4.42585	1.12899	0.910254	0.643652	1.2995	2.82058	5.29302	6.59806	6.04238	4.35017	3.98562	4.46841	3.76068	1.97115	0.643683	0.798336	1.59636	3.38335	1.60634	3.55255	6.22391	6.0786	5.23619	3.61021	2.94175	3.90926	5.272	6.57908	10.1198	13.2527	15.0564	15.6149	15.2374	14.6458	13.6272	12.0334	10.5321	8.1968	5.88964	4.5526
7.35631	6.86445	2.14114	0.735969	2.63376	3.40641	4.66181	4.86077	3.92112	3.60537	3.78143	7.07098	8.45469	7.53226	11.4811	12.6773	6.63973	6.47015	4.89941	4.11409	4.51016	5.74837	4.49603	2.27081	2.72272	3.18992	2.79185	2.31938	3.92112	4.79525	4.00492	2.94145	5.1351	3.28786	1.39399	2.7286	2.03442	1.29938	1.79344	1.43895	2.55413	0.9612	6.40924	3.98509	1.9301	2.31932	1.3939	1.99499	1.6454	1.79344	1.92186	1.19728	0.892455	0.735969	0.9612	1.47174	3.21485	2.82033	1.76667	1.75754	2.01872	1.29938	3.92514	5.77289	3.40641	2.92536	1.97096	0.564496	4.92514	5.71831	3.74774	2.48488	4.91221	8.22574	4.70209	1.59629	3.02651	2.39352	0.357018	1.29938	1.24938	3.06819	8.79814	3.98509	2.14857	1.04081	1.68354	1.0857	1.14284	3.76018	2.65177	1.81983	1.92195	2.65193	2.96846	6.51832	6.90967	2.55416	1.60618	1.78448	2.7169	2.8759	3.21468	2.95219	3.67497	6.31316	1.61605	1.5353	5.21137	5.69355	4.15639	5.70461	5.35164	3.11458	3.21485	3.36438	3.22958	4.96021	3.51627	1.93023	4.064	3.98531	2.25689	4.06763	5.10123	1.43886	1.43886	3.44339	5.56214	4.68548	2.17803	2.53538	2.82017	2.08845	0.892455	0.892455	1.4278	2.39352	2.14854	3.58788	6.63973	4.00492	2.72272	1.78448	4.84436	6.25337	2.34666	2.55413	3.53872	1.26202	3.42489	2.0808	2.08854	3.03186	3.60537	2.53555	3.51648	5.44502	4.46456	2.65193	0.910144	2.27081	6.47005	6.13171	1.64532	2.59734	2.87602	1.00974	2.14848	1.61605	2.69939	3.57007	4.10263	4.48565	3.15511	1.64532	1.69305	2.14863	5.57051	3.63599	7.27943	6.28617	8.0758	6.75433	3.70951	5.6549	7.46578	6.91916	5.13841	3.98531	6.55453	6.5091	7.23029	8.18091	8.79875	8.57823	7.67959	6.5785	3.07866	3.74765	4.54175	4.00514	4.11425	2.90357	3.0476	3.77719	3.82721	2.96846	2.34666	1.39399	1.35928	5.38078	5.41286	1.51442	3.72225	4.6754	4.23554	3.55233	2.82033	2.77491	2.23567	1.78454	1.93023	3.42973	3.50288	2.90343	2.42652	2.98962	3.38301	2.52288	1.51442	1.00974	0.798253	2.78614	2.0808	1.24938	3.39245	4.86086	5.42191	5.16281	4.10263	6.30576	7.53382	5.27147	6.68929	9.13725	9.26271	8.42523	8.01228	7.45746	6.29119	4.66194	4.11425	4.27632	1.7846	1.4278
5.03544	7.03229	2.52259	0.504831	3.02625	3.52944	3.52944	2.52259	2.01854	3.02625	1.51418	1.00958	1.51418	2.52259	11.9403	12.4227	5.53599	6.0357	5.03544	4.03208	4.03208	6.0357	5.03544	2.52259	3.02625	3.02625	2.52259	2.52259	3.02625	3.52944	3.52944	2.52259	4.53411	2.52259	0.504831	2.52259	3.02625	1.00958	1.00958	0.504831	3.02625	1.00958	7.03229	3.02625	1.00958	2.52259	2.01854	2.01854	0	1.51418	1.51418	1.00958	1.00958	1.00958	0.504831	0.504831	1.00958	1.00958	0.504831	1.00958	2.01854	0.504831	2.52259	7.52903	4.03208	1.00958	0.504831	1.51418	5.03544	4.53411	1.00958	0	3.52944	8.51901	6.0357	1.00958	4.03208	2.01854	1.00958	0.504831	0.504831	3.02625	8.51901	3.52944	1.51418	1.00958	1.51418	1.00958	2.01854	3.52944	2.01854	1.00958	1.00958	1.51418	0.504831	7.03229	8.02462	2.52259	0.504831	1.00958	2.52259	3.02625	3.02625	2.52259	3.52944	6.0357	1.00958	1.00958	5.03544	4.03208	1.00958	4.03208	3.02625	0.504831	2.01854	1.00958	2.52259	4.53411	4.53411	2.01854	1.00958	2.01854	2.01854	4.03208	5.03544	2.52259	1.00958	4.53411	5.03544	2.52259	1.00958	3.52944	2.52259	1.51418	0.504831	0.504831	0.504831	3.02625	3.02625	0.504831	6.5345	4.53411	2.52259	1.00958	5.53599	5.03544	0.504831	2.52259	4.03208	1.51418	3.52944	1.00958	0.504831	2.01854	3.02625	0.504831	1.51418	3.52944	0.504831	0	0	2.52259	7.03229	6.0357	0.504831	3.52944	1.51418	1.00958	2.01854	0.504831	2.01854	2.52259	3.02625	3.02625	0.504831	3.02625	1.51418	0	5.53599	2.52259	7.52903	2.52259	5.03544	6.0357	0.504831	3.52944	2.52259	1.00958	4.03208	0.504831	4.53411	1.00958	2.01854	1.51418	1.00958	0.504831	1.00958	1.51418	5.03544	4.53411	1.00958	1.00958	1.51418	0.504831	1.00958	2.01854	1.00958	0	1.00958	0	0.504831	5.53599	6.0357	1.00958	1.00958	2.01854	2.01854	2.01854	0.504831	0	0	1.00958	0.504831	0.504831	2.52259	3.02625	2.01854	2.52259	3.02625	2.01854	0	0.504831	0.504831	3.02625	2.01854	0.504831	1.00958	0.504831	2.52259	4.53411	2.52259	6.5345	9.01213	6.0357	4.53411	5.53599	5.53599	4.53411	2.52259	0.504831	0.504831	1.00958	2.01854	3.52944	0.504831	1.00958
5.91173	8.08554	4.68457	3.28745	4.09796	5.01308	5.16182	4.54081	4.11346	3.4058	0.909993	2.03406	2.85884	3.56493	11.4827	12.2198	5.8716	5.17383	4.17056	4.15921	3.90813	5.49267	5.85023	3.60902	3.78044	3.42887	2.6513	2.71637	3.03119	2.77418	3.21409	3.25336	4.57878	4.23472	4.94999	5.57253	5.56117	3.98454	4.06321	4.79129	3.67444	2.65126	6.7528	2.14806	1.52458	3.03652	3.55164	4.02007	2.55377	0.71387	1.00948	1.28684	2.59693	2.65141	2.03406	1.35902	2.81975	3.27776	3.46129	3.51127	3.60474	3.03661	3.25343	6.19159	3.5515	2.39319	2.17761	3.42901	5.65358	5.48126	4.33798	5.17419	5.69531	7.06924	4.17056	5.42086	7.93078	6.40842	5.17416	4.88906	5.09129	4.62355	7.70189	2.65126	1.52451	1.39363	1.68321	1.08551	1.69265	2.55364	2.87546	2.71651	2.08053	0.535415	2.32579	8.35873	8.95643	4.57892	4.10196	4.39952	4.28296	3.3918	2.48428	1.7572	3.83866	5.6256	1.47141	1.96248	5.97765	5.58645	4.38151	5.5271	3.25343	0.798143	1.59589	0.71387	1.99457	4.88875	4.92409	2.28433	1.12862	2.0804	1.81953	5.09723	4.84343	2.85327	3.17455	5.18918	3.42887	2.32576	1.535	3.0364	2.65126	1.19705	1.04061	1.04061	1.26183	2.79131	1.99457	2.48439	5.49551	4.15912	1.52458	3.92453	5.56107	5.18909	2.31899	3.63529	4.30485	2.14072	2.72219	0.909993	1.43867	3.2289	4.11335	2.39984	2.52244	3.89192	1.99468	2.14821	2.53506	3.56938	5.91955	4.94648	3.02614	4.63029	3.04701	2.52244	2.59683	1.19712	1.86266	2.28433	2.47786	3.03127	2.5225	1.43858	2.15558	2.08814	3.85509	3.72153	5.25541	2.55374	3.27759	5.01302	4.06321	2.87546	1.68321	1.645	2.96769	1.83696	2.53489	3.67447	5.58384	4.31245	3.21423	3.7088	6.1232	7.24617	7.27826	4.64393	1.28684	1.12862	2.08805	1.76633	2.81978	3.33053	1.92985	1.535	2.55374	2.39984	1.9946	5.05989	5.29128	3.51127	2.87552	3.22895	3.75959	3.84705	3.17455	2.7858	3.36373	5.29159	6.5534	6.03549	4.4637	2.14072	1.78413	2.9028	2.9028	1.68321	0.564387	0.643459	0.356949	2.59683	2.94098	3.5158	4.06709	3.92453	2.98916	2.67512	3.60918	7.63114	11.2127	9.56261	6.16112	5.49551	5.37975	5.34158	4.29023	3.1545	2.34621	1.68321	2.03402	3.53804	1.43861	1.86273
3.92403	8.22172	6.0477	2.72208	3.25305	5.62515	5.70292	5.30878	5.25816	4.312	2.9026	4.56452	5.06274	5.57197	10.5189	11.2854	5.58584	3.04659	4.70101	4.45262	0.798027	3.72105	4.91083	4.28973	5.48068	4.2824	2.14052	2.03384	2.47764	2.14792	2.85854	3.40543	3.95617	4.00394	3.02582	3.60439	5.2371	5.52668	6.30425	6.19136	4.10144	5.58584	4.81025	2.27029	3.65681	4.22309	4.23429	4.10144	3.03622	1.99447	2.14799	2.14799	1.79292	1.6925	3.40536	1.14252	1.78397	2.71613	3.15915	3.90793	4.50547	4.40984	3.15416	3.42393	2.42583	1.0405	1.75711	5.69191	7.13688	6.41984	4.57846	2.9027	1.42738	3.77595	4.28995	7.48849	8.1347	5.09076	4.30819	1.78402	2.14799	2.95148	3.78847	3.75929	3.40554	2.85854	2.42583	1.81931	3.11365	2.17738	1.26169	0.892203	0.535363	2.31871	5.51515	9.94498	9.02422	4.73108	4.00394	4.22309	4.06666	2.87522	1.47131	0.909901	4.75092	5.35293	3.07775	3.46088	6.4075	5.45772	2.87518	3.11356	0.564329	1.59574	2.01826	2.67502	1.75711	4.56102	5.04072	3.42393	2.85856	3.77607	4.59573	6.06843	3.05186	1.60572	2.48414	3.75919	0.252385	2.14799	2.79118	2.85854	3.15906	1.0405	0.356914	0.178459	0.960961	2.95148	5.4464	8.16522	7.22602	3.33019	2.17	2.39294	3.05183	3.52876	1.60572	3.11861	3.53772	0.643402	2.08793	2.9027	2.81948	3.2286	3.60869	1.89641	3.07775	3.40543	3.07775	5.4924	7.63059	8.26705	4.85942	1.68314	5.23417	5.29098	3.4241	3.39145	3.0777	1.78406	1.81934	2.2063	1.52437	0.713801	1.53484	1.59574	4.30825	7.29689	5.62538	1.07063	1.64491	5.33842	4.70101	2.14794	0.909883	1.52443	2.08793	2.52215	0.643402	1.19699	0.757075	3.5823	5.56062	6.1609	7.386	8.87295	10.0325	9.5171	7.77388	4.91109	3.0467	1.2867	1.64482	0.909901	0.564329	1.08539	0.892248	1.68306	3.0362	2.42592	3.90777	4.67383	2.69857	3.75929	4.312	4.56467	4.71434	4.62308	4.84318	5.30885	6.60262	9.18177	10.9718	11.7072	10.2419	6.35123	1.39357	3.53772	2.81935	1.35883	2.14052	3.94419	4.92392	5.67545	6.78258	9.04498	9.82615	9.38061	7.83955	4.79406	1.75711	2.49685	9.3999	13.7754	8.95726	4.56102	4.77737	6.12232	4.7008	1.2867	3.28698	3.91998	3.67404	4.11296	3.58234	4.03152
0.79799	5.62461	6.1905	1.75688	2.71589	6.1905	5.16073	3.36292	2.59637	1.64476	5.23346	6.71447	4.28203	3.75886	8.65522	9.68825	4.28935	1.75695	3.46057	3.63463	4.23376	4.23389	4.30782	4.22253	6.46767	4.15459	0.399014	1.26157	2.32534	2.14773	2.57176	2.28393	1.47114	2.01797	2.50299	2.15517	1.14242	1.64476	2.48392	2.55321	6.17021	6.46767	2.23471	2.69837	2.28404	2.16984	2.87484	3.67358	1.64468	1.39345	2.1478	1.6447	0.892169	2.50298	3.03065	1.52429	3.42837	4.73051	2.96717	0.960842	1.79274	1.39345	2.32529	2.03367	2.8191	1.26162	2.32529	6.65132	5.4022	3.42831	0.757009	2.72763	4.00359	4.75061	2.52201	4.85878	3.03586	2.81912	5.51742	3.5376	3.92368	1.47118	2.39938	3.77997	3.42837	3.07743	3.15878	4.6599	2.85831	3.03602	3.03602	2.72184	2.47753	3.03593	6.04704	8.26595	6.60886	1.68291	0.398998	1.78382	0.892124	0.252363	0.252363	2.14768	5.1332	4.70038	2.68063	2.32534	4.80983	4.24864	2.34577	3.07748	2.17719	2.16981	2.14033	2.23481	2.27009	3.60837	4.15839	4.9104	4.00343	3.03078	3.27713	3.05156	0.643345	1.24891	2.08767	2.31846	1.47114	1.08529	1.43837	2.50298	3.11328	1.43839	1.35876	1.14248	2.20616	3.82574	5.29052	6.83236	5.42277	3.7799	0.892124	1.99427	2.32534	2.68065	3.31562	3.15887	2.81912	1.99427	2.52201	2.1478	1.79276	1.0093	3.34877	1.35871	2.32529	1.53463	3.7079	5.86529	5.62484	5.64996	4.98697	4.67342	2.42568	1.81918	0.892147	3.03586	2.32529	0.735711	1.08529	2.08767	1.78386	1.64476	1.26159	2.39925	7.2852	6.12967	8.18332	5.34962	4.27841	3.55097	3.89133	4.039	4.70394	3.65648	2.52193	2.23471	0.909821	0.643377	1.28653	3.6736	5.58535	3.05156	4.40945	5.69424	4.6837	2.47753	1.5347	1.79276	2.52193	1.47114	1.00935	2.52201	3.28682	3.56436	2.87497	3.82557	2.90229	0.504689	4.28935	5.41087	0.892147	0.735693	1.6924	2.3185	2.25595	2.87484	2.50298	2.53457	4.46626	6.17031	4.86222	5.78464	6.93448	8.25291	2.90234	3.67358	2.92408	1.86232	3.84624	5.16087	4.7407	4.54001	4.54001	6.65858	6.01609	5.58563	5.68322	5.86544	5.2577	4.07018	5.88927	14.4488	9.58167	4.28203	4.53987	6.17031	6.22097	4.40945	4.66005	4.45211	3.3299	3.38648	3.25277	2.76807
4.36572	2.67436	6.55121	5.13592	2.65063	6.32752	6.11599	3.1884	2.01776	0.398972	5.78373	7.29511	3.91105	3.34841	7.67344	8.63291	5.16338	3.03046	1.29871	6.12114	8.03904	5.91017	6.46727	5.79211	5.23295	2.96686	1.53454	1.26144	1.89594	2.23447	2.96686	1.92918	0.643277	2.79052	2.81882	1.14236	0.892075	0.252336	1.0403	3.50108	6.5056	5.4103	1.64459	2.87462	1.81899	1.86213	3.60797	3.50108	3.31527	3.60814	3.0357	3.74581	2.08752	2.52166	2.7156	1.07043	3.38613	5.40163	3.32945	1.3933	2.42545	2.90214	4.1122	2.88017	2.6325	0.252323	2.8188	6.59398	5.93387	4.1122	2.57162	3.7416	3.67333	4.71344	4.22227	4.30736	1.29871	4.0657	5.56787	0.797906	4.56014	1.96191	2.32509	1.26148	4.45158	4.99595	6.48413	9.19825	7.30185	6.90678	6.78588	6.41874	6.71411	6.40653	6.23037	6.45975	5.19668	2.14752	2.03355	3.03039	2.20593	2.03355	2.53431	3.74583	5.51684	4.53935	2.55294	1.78367	3.42326	3.42326	1.12829	1.43821	2.32515	1.99409	1.43817	1.79257	4.61881	5.97618	5.13592	4.84205	3.65591	0.398972	1.00919	1.12833	3.22801	2.57162	3.046	2.52161	1.08518	1.35856	0.252336	1.994	2.28368	0.504662	1.28646	1.28646	2.25571	3.28635	3.7416	3.9433	1.35856	3.60797	1.26144	0.56422	2.37909	1.61527	0.756969	0.252336	1.6054	3.18853	4.98658	5.53983	4.17334	2.3183	3.34841	2.16958	2.87458	2.39248	5.82433	7.69971	2.76771	1.19671	4.38003	6.59409	5.77043	5.44535	4.80957	3.50117	1.4382	0.398972	1.61527	2.90204	3.05127	3.31527	4.7001	7.02324	11.3369	7.92848	9.0225	6.34982	3.15845	1.4382	1.4271	3.11303	4.39819	4.59485	5.79211	5.57089	3.7459	2.77355	2.81894	3.56833	5.77015	3.11801	2.42545	4.06195	4.56379	4.28175	4.31117	3.27681	1.0852	1.86213	1.64453	1.00919	0.504662	0.89203	1.39323	3.854	3.25242	2.32515	4.11212	4.65941	1.89604	2.25579	1.47102	2.34548	2.68037	2.72729	2.03345	0.398955	3.70751	5.30756	2.67436	1.6054	4.13133	8.73427	5.87011	2.68037	2.53418	3.31511	6.25039	6.92466	5.67436	6.55383	7.15527	7.61883	6.26064	6.79968	7.29541	6.2304	4.16952	4.63235	2.26973	12.9468	10.358	6.48413	6.16979	6.93369	6.51543	6.53711	6.91579	4.61881	4.88754	7.96367	8.65472	7.67381
5.52498	2.17666	4.33264	5.87762	2.90184	5.83188	7.09963	2.25552	1.0091	0.535212	5.28332	6.79873	3.4276	3.58565	6.70155	7.02238	5.16293	3.92292	1.75654	8.50415	9.5591	6.25001	6.57227	5.23271	2.55279	0.891974	1.53441	2.15467	2.65028	2.47694	2.72119	1.68259	0.178409	2.08727	2.81858	1.19666	0.96069	1.04016	1.61513	3.50078	5.28035	4.15758	2.31805	2.59594	2.52144	2.08727	3.60765	2.03335	3.31498	3.53691	3.11788	4.13097	2.50251	2.52144	3.66857	1.92077	3.95501	4.96379	2.31805	1.524	2.55279	2.92366	3.67301	2.72131	0.909645	0.756862	2.32484	4.2812	5.53917	5.0112	2.57139	3.9229	4.11184	4.33632	4.3978	2.87991	0.891974	5.76965	5.09529	1.92077	5.55606	2.55271	2.72705	1.26137	6.04588	6.08473	7.4509	9.91613	7.22401	6.91521	6.82201	6.40842	6.85169	6.28757	4.56339	4.06924	3.45978	1.99389	2.15475	3.21294	2.34531	2.15475	2.63238	3.7455	4.62166	4.06924	2.76747	1.4709	2.17666	3.17316	1.1282	1.19666	2.32495	2.20574	0.398937	4.61821	6.046	5.80518	4.49372	2.87437	1.89577	0.73555	1.0091	1.81879	3.93497	2.57139	4.46178	3.52776	0.891974	1.83617	1.04016	1.75654	1.78347	1.1282	1.28634	1.4709	2.25552	4.62846	3.9229	2.3249	1.83617	2.63227	2.15467	1.35844	2.37888	2.0333	0.756902	1.04016	1.29863	3.18825	5.5704	5.53935	4.56339	3.40447	3.58565	1.78352	2.49615	2.2836	8.01507	9.90511	1.79241	0.535212	1.96173	4.72976	5.82409	5.47942	4.80915	3.11788	1.0851	0.73555	2.0333	3.55017	3.56801	3.6078	4.79272	7.89838	11.1478	7.40912	10.708	8.39994	2.72705	0.96069	1.00916	4.71293	4.62179	4.53916	5.49086	6.25998	4.48309	2.7733	2.81869	3.05101	4.06534	1.26133	2.55279	3.66873	4.4655	4.28138	4.31079	3.84559	2.31801	1.24867	2.31801	2.01758	0.504618	1.64436	1.1422	2.39217	2.67419	2.32495	3.45983	1.89577	2.34531	2.01769	1.28634	2.98793	3.03535	1.69207	1.04016	1.1422	3.95493	4.8089	2.92351	2.65031	3.07689	7.44664	6.59351	2.68013	1.53433	5.8049	8.71756	7.46964	5.80518	6.40842	7.09338	7.24119	6.30993	6.79908	8.07122	7.89825	3.98301	6.03554	2.26953	10.1984	10.149	6.78515	6.03568	7.10201	6.1285	6.7622	6.68554	4.79269	6.63133	10.066	8.50274	7.54239
5.03253	4.53149	1.009	4.53149	3.02449	5.5328	7.5247	1.5133	0.504538	0.504538	5.03253	6.53073	3.02449	3.52739	6.03222	5.5328	3.52739	3.52739	3.02449	9.49848	9.49848	3.52739	3.02449	0	1.009	0.504538	0.504538	2.52113	3.02449	2.52113	2.52113	1.5133	0.504538	1.5133	2.52113	0.504538	0.504538	1.5133	2.01737	3.02449	4.53149	3.52739	2.52113	1.009	2.52113	2.01737	3.52739	0	1.009	0	1.009	3.52739	2.01737	2.01737	4.02975	3.02449	3.52739	4.02975	1.009	1.009	1.5133	0.504538	1.5133	1.5133	0.504538	1.009	2.01737	2.52113	4.02975	4.53149	0.504538	3.02449	3.02449	1.5133	2.01737	0	1.5133	6.53073	4.53149	2.52113	6.03222	2.52113	2.52113	0	6.53073	5.5328	6.03222	8.02002	2.01737	0.504538	1.009	0	2.01737	1.009	0.504538	2.52113	2.52113	1.009	1.009	2.52113	1.5133	1.009	1.009	2.52113	3.52739	3.52739	2.52113	0.504538	1.5133	3.02449	1.009	1.009	1.009	2.01737	0.504538	6.03222	5.5328	1.5133	0	0.504538	1.009	1.009	1.009	2.52113	3.52739	1.009	5.03253	4.02975	0.504538	2.01737	1.5133	1.5133	1.5133	1.5133	0.504538	1.009	2.01737	5.03253	3.02449	0.504538	2.01737	2.01737	2.52113	2.01737	2.01737	2.01737	0	1.5133	1.5133	2.01737	3.52739	0.504538	3.02449	3.52739	3.52739	1.009	1.5133	0	9.00698	10.9643	0.504538	0	0	0.504538	1.5133	1.009	1.009	2.01737	1.5133	1.009	2.01737	3.52739	3.02449	2.01737	2.01737	5.5328	8.51414	3.02449	10.4772	9.00698	2.01737	0	0.504538	5.03253	2.52113	0	1.5133	4.53149	3.52739	0	0.504538	1.5133	3.02449	0	1.5133	0.504538	1.5133	0	0.504538	3.02449	3.52739	0.504538	2.52113	2.52113	0	2.01737	1.009	1.5133	1.5133	0.504538	2.52113	0.504538	2.01737	0.504538	0	3.02449	2.52113	0	0.504538	1.5133	4.02975	4.53149	3.02449	3.02449	1.009	5.5328	5.5328	3.52739	1.009	7.02825	9.49848	6.03222	2.01737	0.504538	1.5133	3.02449	1.5133	1.009	5.5328	7.5247	1.009	6.03222	4.53149	8.02002	8.51414	4.53149	3.02449	5.03253	2.52113	2.52113	0	3.52739	6.53073	9.00698	1.009	0