0.519741	0	0.519741	0.519741	0	0.519741	0.519741	0	0	0	0	0	0	0	0.519741	0.519741	0	0.519741	0.519741	0.519741	0.519741	0	0.519741	1.55888	1.55888	0.519741	1.0394	1.0394	0.519741	1.55888	1.0394	0.519741	1.55888	1.0394	0.519741	1.0394	1.55888	1.0394	0.519741	0.519741	0.519741	0.519741	0	0	0	0.519741	0.519741	0	0	1.0394	1.55888	0.519741	1.0394	1.0394	1.0394	2.07811	2.07811	1.0394	1.55888	3.11546	1.55888	1.55888	1.55888	1.55888	3.11546	1.55888	1.55888	3.63341	3.63341	1.55888	2.07811	2.07811	1.55888	3.63341	2.07811	1.55888	1.55888	3.63341	3.63341	2.07811	2.07811	1.55888	3.11546	1.55888	2.07811	2.07811	1.55888	3.11546	2.597	1.0394	1.55888	3.11546	1.55888	1.0394	1.0394	1.0394	2.597	1.55888	1.0394	2.07811	2.07811	1.0394	1.0394	1.0394	1.0394	2.07811	1.0394	1.0394	2.07811	2.07811	1.0394	1.0394	1.0394	1.0394	2.07811	1.0394	0.519741	1.55888	2.07811	1.0394	1.0394	1.0394	1.0394	2.07811	1.0394	1.0394	2.07811	1.0394	1.55888	2.597	1.0394	1.55888	2.597	1.0394	1.55888	3.11546	1.55888	1.55888	1.55888	1.0394	2.597	3.11546	1.55888	1.55888	2.597	1.0394	1.55888	1.55888	1.0394	2.07811	2.597	1.55888	1.0394	2.597	1.55888	1.0394	1.0394	1.55888	2.597	1.0394	1.55888	3.11546	2.597	1.0394	1.55888	1.55888	1.0394	2.07811	1.0394	1.0394	1.0394	1.55888	1.55888	1.55888	1.55888	1.0394	2.597	1.55888	1.55888	1.55888	1.55888	2.597	2.597	1.55888	1.55888	2.597	1.0394	1.55888	1.55888	1.0394	2.07811	1.0394	1.0394	2.07811	2.07811	1.0394	0.519741	0.519741	1.0394	2.07811	1.0394	1.0394	2.07811	2.07811	1.0394	1.0394	1.0394	1.0394	2.597	1.55888	1.0394	2.07811	1.0394	1.55888	2.597	1.0394	1.55888	2.597	1.0394	1.55888	2.597	1.0394	1.55888	1.55888	1.0394	2.597	2.597	1.0394	1.0394	2.07811	1.0394	1.55888	1.55888	1.0394	2.07811	2.07811	1.0394	1.0394	2.597	1.55888	1.0394	1.0394	1.0394	2.07811	2.597	1.55888	1.0394	2.07811	1.0394	1.0394	1.0394	1.0394	2.597	1.55888	1.0394	2.07811
9.7922	9.90588	10.286	10.6666	10.7853	10.7972	10.929	11.1616	11.4115	11.661	11.7849	11.7849	11.7849	11.7849	11.7957	11.7957	11.7849	11.6665	11.4172	11.2973	11.2973	11.2859	11.2973	11.2475	10.9993	10.7972	10.6968	10.4466	10.2955	10.253	9.94509	9.7922	9.75398	9.44228	9.42157	9.72062	9.61134	9.05265	8.78139	8.78139	8.78139	8.78139	8.76647	8.76647	8.76647	8.78139	8.78139	8.64046	8.38631	8.32149	8.39998	8.27401	8.32149	8.32149	8.32149	8.50859	8.50859	8.32149	8.39998	8.81108	8.39998	8.39998	8.39998	8.39998	8.81108	8.39998	8.39998	9.0688	9.2346	8.54895	8.60244	8.85001	8.89976	9.46804	9.00198	8.89976	8.89976	9.46804	9.46804	9.00198	9.00198	8.89976	9.28742	8.89976	9.0976	9.34518	9.39906	9.76558	9.53145	8.96745	9.0038	9.60622	9.39906	9.32949	9.32949	9.21876	9.37475	9.25406	9.32949	9.49555	9.40078	8.96745	8.82597	8.82597	8.82597	9.00198	8.82597	8.82597	9.00198	9.00198	8.82597	8.71591	8.46417	8.32149	8.50859	8.32149	8.15605	8.05056	8.01575	7.81619	7.81619	7.81619	7.81619	8.01575	7.81619	7.70795	7.68222	7.31025	7.40006	7.60456	6.95078	6.90057	7.12935	6.44593	6.40199	6.9388	6.40199	6.40199	6.40199	6.19361	6.42525	6.48437	5.90489	5.90489	6.19356	5.43774	5.49874	5.74771	5.68945	5.68062	5.56201	5.25037	5.18639	5.56201	5.25037	5.18639	4.93549	5.00275	5.56201	4.93549	4.91851	5.60378	5.33547	4.7806	4.91851	4.91851	4.7806	5.10521	4.7806	4.7806	4.7806	4.83969	4.59861	4.5104	4.75603	4.68516	5.11173	4.75603	4.91851	4.91851	5.00275	5.56201	5.56201	5.25037	5.49874	6.08525	5.79102	5.99718	6.24704	6.19361	6.30263	6.15053	6.29738	6.54555	6.54555	6.29738	6.118	5.86247	5.79102	6.06062	5.79102	5.79102	6.06062	6.06062	5.79102	5.79102	5.79102	5.79102	6.32103	6.24704	6.19361	6.2257	5.79102	5.90489	6.25498	5.79102	5.90489	6.25498	5.79102	5.90489	6.25498	5.79102	5.90489	5.90489	5.79102	6.25498	6.25498	5.79102	5.79102	5.98604	5.43774	5.49874	5.74771	5.68945	5.74768	5.57999	5.28524	5.18639	5.56201	5.25037	5.18639	4.93549	4.7806	5.04265	5.11173	4.75603	4.7806	5.04265	4.43553	4.27788	4.27788	4.27788	4.8912	4.43174	4.27788	4.63846
9.79133	9.91155	10.2851	10.6596	10.7843	10.7962	10.9457	11.1664	11.4161	11.6655	11.7839	11.7839	11.7839	11.7839	11.7947	11.7947	11.7839	11.66	11.4105	11.2963	11.2963	11.2849	11.2963	11.218	10.9691	10.7962	10.6777	10.4271	10.2945	10.2205	9.92463	9.79133	9.71975	9.42073	9.44144	9.75311	9.5562	9.02294	8.7806	8.7806	8.7806	8.7806	8.76569	8.76569	8.76569	8.7806	8.7806	8.64726	8.39338	8.32074	8.39923	8.27327	8.32074	8.32074	8.32074	8.50783	8.50783	8.32074	8.39923	8.8103	8.39923	8.39923	8.39923	8.39923	8.8103	8.39923	8.39923	8.97388	9.23377	8.60167	8.54819	8.79734	8.89896	9.46719	9.00117	8.89896	8.89896	9.46719	9.46719	9.00117	9.00117	8.89896	9.2866	8.89896	9.04642	9.2954	9.39823	9.76471	9.60537	9.003	8.96665	9.5306	9.39823	9.32866	9.32866	9.25323	9.37391	9.21794	9.32866	9.4947	9.46207	9.003	8.82519	8.82519	8.82519	9.00117	8.82519	8.82519	9.00117	9.00117	8.82519	8.7526	8.50206	8.32074	8.50783	8.32074	8.17945	8.1068	8.01503	7.81549	7.81549	7.81549	7.81549	8.01503	7.81549	7.74988	7.75835	7.3096	7.39939	7.69865	6.99761	6.89995	7.23	6.49664	6.40142	6.93818	6.40142	6.40142	6.40142	6.24648	6.53731	6.48379	5.90436	5.90436	6.30992	5.49824	5.43725	5.68894	5.74719	5.90994	5.56151	5.18592	5.2499	5.56151	5.18592	5.2499	5.0023	4.93504	5.56151	5.0023	4.91807	5.60328	5.33499	4.78017	4.91807	4.91807	4.78017	5.10475	4.78017	4.78017	4.78017	4.93502	4.69897	4.43513	4.68473	4.7556	5.11127	4.68473	4.91807	4.91807	4.93504	5.56151	5.56151	5.18592	5.43725	5.98551	5.7905	5.9409	6.19306	6.24648	6.30206	6.11745	6.29681	6.54496	6.54496	6.29681	6.14997	5.89591	5.7905	6.06007	5.7905	5.7905	6.06007	6.06007	5.7905	5.7905	5.7905	5.7905	6.22514	6.19306	6.24648	6.32047	5.7905	5.90436	6.25441	5.7905	5.90436	6.25441	5.7905	5.90436	6.25441	5.7905	5.90436	5.90436	5.7905	6.25441	6.25441	5.7905	5.7905	6.0847	5.49824	5.43725	5.68894	5.74719	5.85052	5.57948	5.28477	5.2499	5.56151	5.18592	5.2499	5.0023	4.78017	5.16005	5.11127	4.68473	4.78017	5.16005	4.51	4.27749	4.27749	4.27749	4.89075	4.43134	4.27749	4.63804
0.5196	0.5196	0.5196	0	0	0.5196	1.03911	0.5196	0.5196	0.5196	0	0	0	0	0.5196	0.5196	0	0	0	0.5196	0.5196	0	0.5196	1.03911	1.03911	0.5196	0.5196	0.5196	0.5196	1.03911	0.5196	0.5196	1.03911	0.5196	1.03911	1.55846	0.5196	0	0.5196	0.5196	0.5196	0.5196	0	0	0	0.5196	0.5196	0.5196	0.5196	1.03911	1.55846	0.5196	1.03911	1.03911	1.03911	2.07755	2.07755	1.03911	1.55846	3.11461	1.55846	1.55846	1.55846	1.55846	3.11461	1.55846	1.55846	3.11461	3.63242	2.07755	1.55846	1.55846	1.55846	3.63242	2.07755	1.55846	1.55846	3.63242	3.63242	2.07755	2.07755	1.55846	3.11461	1.55846	1.55846	1.55846	1.55846	3.11461	3.11461	1.55846	1.03911	2.59629	1.55846	1.03911	1.03911	1.55846	2.59629	1.03911	1.03911	2.07755	2.59629	1.55846	1.03911	1.03911	1.03911	2.07755	1.03911	1.03911	2.07755	2.07755	1.03911	1.55846	1.55846	1.03911	2.07755	1.03911	1.03911	2.07755	2.07755	1.03911	1.03911	1.03911	1.03911	2.07755	1.03911	1.55846	2.59629	1.03911	1.55846	3.11461	1.55846	1.55846	3.11461	1.55846	1.55846	3.11461	1.55846	1.55846	1.55846	1.55846	3.11461	3.11461	1.55846	1.55846	3.11461	1.55846	1.03911	1.03911	1.55846	3.11461	2.59629	1.03911	1.55846	2.59629	1.03911	1.55846	1.55846	1.03911	2.59629	1.55846	1.55846	3.11461	2.59629	1.03911	1.55846	1.55846	1.03911	2.07755	1.03911	1.03911	1.03911	2.07755	2.07755	1.03911	1.03911	1.55846	2.59629	1.03911	1.55846	1.55846	1.03911	2.59629	2.59629	1.03911	1.03911	2.07755	1.03911	1.03911	1.03911	1.55846	2.07755	0.5196	1.03911	2.07755	2.07755	1.03911	1.03911	1.03911	1.03911	2.07755	1.03911	1.03911	2.07755	2.07755	1.03911	1.03911	1.03911	1.03911	2.07755	1.03911	1.55846	2.59629	1.03911	1.55846	2.59629	1.03911	1.55846	2.59629	1.03911	1.55846	2.59629	1.03911	1.55846	1.55846	1.03911	2.59629	2.59629	1.03911	1.03911	2.59629	1.55846	1.03911	1.03911	1.55846	2.59629	2.07755	1.03911	1.55846	2.59629	1.03911	1.55846	1.55846	1.03911	2.59629	2.59629	1.03911	1.03911	2.59629	1.55846	1.03911	1.03911	1.03911	2.59629	1.55846	1.03911	2.07755
0.519543	0.519543	0.519543	0	0	0.519543	1.039	0.519543	0.519543	0.519543	0	0	0	0	0.519543	0.519543	0	0	0	0.519543	0.519543	0	0.519543	1.039	1.039	0.519543	0.519543	0.519543	0.519543	1.039	0.519543	0.519543	1.039	0.519543	1.039	1.55829	0.519543	0	0.519543	0.519543	0.519543	0.519543	0	0	0	0.519543	0.519543	0.519543	0.519543	1.039	1.55829	0.519543	1.039	1.039	1.039	2.07732	2.07732	1.039	1.55829	3.11428	1.55829	1.55829	1.55829	1.55829	3.11428	1.55829	1.55829	3.11428	3.63203	2.07732	1.55829	1.55829	1.55829	3.63203	2.07732	1.55829	1.55829	3.63203	3.63203	2.07732	2.07732	1.55829	3.11428	1.55829	1.55829	1.55829	1.55829	3.11428	3.11428	1.55829	1.039	2.59601	1.55829	1.039	1.039	1.55829	2.59601	1.039	1.039	2.07732	2.59601	1.55829	1.039	1.039	1.039	2.07732	1.039	1.039	2.07732	2.07732	1.039	1.55829	1.55829	1.039	2.07732	1.039	1.039	2.07732	2.07732	1.039	1.039	1.039	1.039	2.07732	1.039	1.55829	2.59601	1.039	1.55829	3.11428	1.55829	1.55829	3.11428	1.55829	1.55829	3.11428	1.55829	1.55829	1.55829	1.55829	3.11428	3.11428	1.55829	1.55829	3.11428	1.55829	1.039	1.039	1.55829	3.11428	2.59601	1.039	1.55829	2.59601	1.039	1.55829	1.55829	1.039	2.59601	1.55829	1.55829	3.11428	2.59601	1.039	1.55829	1.55829	1.039	2.07732	1.039	1.039	1.039	2.07732	2.07732	1.039	1.039	1.55829	2.59601	1.039	1.55829	1.55829	1.039	2.59601	2.59601	1.039	1.039	2.07732	1.039	1.039	1.039	1.55829	2.07732	0.519543	1.039	2.07732	2.07732	1.039	1.039	1.039	1.039	2.07732	1.039	1.039	2.07732	2.07732	1.039	1.039	1.039	1.039	2.07732	1.039	1.55829	2.59601	1.039	1.55829	2.59601	1.039	1.55829	2.59601	1.039	1.55829	2.59601	1.039	1.55829	1.55829	1.039	2.59601	2.59601	1.039	1.039	2.59601	1.55829	1.039	1.039	1.55829	2.59601	2.07732	1.039	1.55829	2.59601	1.039	1.55829	1.55829	1.039	2.59601	2.59601	1.039	1.039	2.59601	1.55829	1.039	1.039	1.039	2.59601	1.55829	1.039	2.07732
0.519496	0.519496	0.519496	0	0	0.519496	1.03891	0.519496	0.519496	0.519496	0	0	0	0	0.519496	0.519496	0	0	0	0.519496	0.519496	0	0.519496	1.03891	1.03891	0.519496	0.519496	0.519496	0.519496	1.03891	0.519496	0.519496	1.03891	0.519496	1.03891	1.55815	0.519496	0	0.519496	0.519496	0.519496	0.519496	0	0	0	0.519496	0.519496	0.519496	0.519496	1.03891	1.55815	0.519496	1.03891	1.03891	1.03891	2.07713	2.07713	1.03891	1.55815	3.11399	1.55815	1.55815	1.55815	1.55815	3.11399	1.55815	1.55815	3.11399	3.6317	2.07713	1.55815	1.55815	1.55815	3.6317	2.07713	1.55815	1.55815	3.6317	3.6317	2.07713	2.07713	1.55815	3.11399	1.55815	1.55815	1.55815	1.55815	3.11399	3.11399	1.55815	1.03891	2.59578	1.55815	1.03891	1.03891	1.55815	2.59578	1.03891	1.03891	2.07713	2.59578	1.55815	1.03891	1.03891	1.03891	2.07713	1.03891	1.03891	2.07713	2.07713	1.03891	1.55815	1.55815	1.03891	2.07713	1.03891	1.03891	2.07713	2.07713	1.03891	1.03891	1.03891	1.03891	2.07713	1.03891	1.55815	2.59578	1.03891	1.55815	3.11399	1.55815	1.55815	3.11399	1.55815	1.55815	3.11399	1.55815	1.55815	1.55815	1.55815	3.11399	3.11399	1.55815	1.55815	3.11399	1.55815	1.03891	1.03891	1.55815	3.11399	2.59578	1.03891	1.55815	2.59578	1.03891	1.55815	1.55815	1.03891	2.59578	1.55815	1.55815	3.11399	2.59578	1.03891	1.55815	1.55815	1.03891	2.07713	1.03891	1.03891	1.03891	2.07713	2.07713	1.03891	1.03891	1.55815	2.59578	1.03891	1.55815	1.55815	1.03891	2.59578	2.59578	1.03891	1.03891	2.07713	1.03891	1.03891	1.03891	1.55815	2.07713	0.519496	1.03891	2.07713	2.07713	1.03891	1.03891	1.03891	1.03891	2.07713	1.03891	1.03891	2.07713	2.07713	1.03891	1.03891	1.03891	1.03891	2.07713	1.03891	1.55815	2.59578	1.03891	1.55815	2.59578	1.03891	1.55815	2.59578	1.03891	1.55815	2.59578	1.03891	1.55815	1.55815	1.03891	2.59578	2.59578	1.03891	1.03891	2.59578	1.55815	1.03891	1.03891	1.55815	2.59578	2.07713	1.03891	1.55815	2.59578	1.03891	1.55815	1.55815	1.03891	2.59578	2.59578	1.03891	1.03891	2.59578	1.55815	1.03891	1.03891	1.03891	2.59578	1.55815	1.03891	2.07713
11.1623	11.2921	11.2921	11.4063	11.6557	11.9206	12.2051	12.2867	12.2867	12.2867	12.2764	12.401	12.6485	12.7715	12.6535	12.4061	12.2764	12.2764	12.2764	12.2867	12.2867	12.2764	12.1582	11.8038	11.4399	11.2921	11.1623	10.9122	10.7922	10.6919	10.4108	10.2907	10.3283	10.2907	10.0555	9.60689	9.28318	9.26913	9.28318	9.28318	9.1506	8.76613	8.38242	8.25428	8.25428	8.27017	8.27017	8.15226	7.8984	7.92334	8.1462	7.8984	7.92334	8.17638	8.31762	8.41361	8.16832	7.81255	7.99766	8.64397	8.39608	8.39608	8.39608	8.39608	8.807	8.39608	8.39608	8.807	8.99775	8.50463	8.39608	8.39608	8.39608	8.99775	8.50463	8.39608	8.39608	8.99775	8.99775	8.59844	8.84591	8.89563	9.28312	8.89563	8.79404	8.54498	8.49887	9.122	9.28312	8.89563	8.71187	8.88458	8.74932	8.71187	8.46024	8.49887	8.88458	8.46024	8.31762	8.50463	8.64209	8.39608	8.31762	8.31762	8.31762	8.50463	8.31762	8.20843	8.16832	8.01202	7.81255	7.99766	8.24831	8.31762	8.41361	7.95646	7.81255	8.01202	8.01202	7.81255	7.70436	7.45215	7.30684	7.4344	6.94754	6.99498	7.4366	6.94754	6.89735	7.39655	6.89735	6.89735	7.39655	6.89735	6.89735	7.33608	6.55515	6.399	6.399	6.399	6.93556	6.88048	6.06054	5.90213	6.48134	5.90213	5.68679	5.43519	5.40752	6.03575	5.78826	5.28276	5.40752	5.73337	4.93317	4.9162	4.9162	4.77836	5.33297	4.9162	5.00041	5.85965	5.78826	5.28276	5.49616	5.74502	5.68679	5.74499	5.28276	5.28276	5.28276	5.50825	5.27325	4.77836	4.77836	4.9162	5.33297	4.77836	5.00041	5.24791	5.28276	5.84831	6.0824	5.78831	5.78831	6.05778	5.78831	5.78831	5.78831	5.99437	6.29968	5.85973	5.78831	6.05778	6.05778	5.78831	5.78831	5.78831	5.78831	6.05778	5.78831	5.78831	6.05778	6.05778	5.78831	5.78831	5.78831	5.78831	5.98324	5.43519	5.49616	6.01923	5.43519	5.49616	6.01923	5.43519	5.49616	6.01923	5.43519	5.49616	6.01923	5.43519	5.49616	5.74502	5.68679	5.96095	5.78826	5.28276	5.18396	5.5594	5.24791	5.18396	4.93317	4.9162	5.33297	5.04028	4.43345	4.50829	5.10933	4.43345	4.50829	4.7538	4.68296	5.10933	5.10933	4.43345	4.27587	4.8889	4.42966	4.27587	4.27587	4.18483	4.67217	4.26409	4.18483	4.35726
11.1555	11.2911	11.2911	11.4109	11.6601	11.9355	12.23	12.2857	12.2857	12.2857	12.2753	12.405	12.6524	12.7704	12.6474	12.3999	12.2753	12.2753	12.2753	12.2857	12.2857	12.2753	12.1519	11.7812	11.4221	11.2911	11.1555	10.9053	10.7913	10.6728	10.4037	10.2898	10.3274	10.2898	10.0288	9.55177	9.28235	9.26831	9.28235	9.28235	9.14266	8.76535	8.38948	8.25355	8.25355	8.26943	8.26943	8.17565	7.92263	7.89769	8.14547	7.92263	7.89769	8.15153	8.31688	8.48266	8.23958	7.81185	7.95575	8.5595	8.39533	8.39533	8.39533	8.39533	8.80621	8.39533	8.39533	8.80621	8.99695	8.50387	8.39533	8.39533	8.39533	8.99695	8.50387	8.39533	8.39533	8.99695	8.99695	8.54422	8.79325	8.89484	9.28229	8.89484	8.84512	8.59768	8.45948	9.0422	9.28229	8.89484	8.74854	8.88379	8.71109	8.74854	8.49811	8.45948	8.88379	8.49811	8.31688	8.50387	8.64131	8.39533	8.31688	8.31688	8.31688	8.50387	8.31688	8.24757	8.23958	8.0113	7.81185	7.95575	8.2077	8.31688	8.48266	7.99695	7.81185	8.0113	8.0113	7.81185	7.74627	7.49559	7.30619	7.51313	6.99435	6.94692	7.43594	6.99435	6.89673	7.39589	6.89673	6.89673	7.39589	6.89673	6.89673	7.4514	6.62496	6.39842	6.39842	6.39842	6.93494	7.00372	6.13625	5.9016	6.48076	5.9016	5.7445	5.49567	5.40703	6.03521	5.78774	5.28229	5.40703	5.85912	4.99995	4.91576	4.91576	4.77792	5.33249	4.91576	4.93273	5.73285	5.78774	5.28229	5.4347	5.68627	5.7445	5.84778	5.28229	5.28229	5.28229	5.61553	5.38537	4.77792	4.77792	4.91576	5.33249	4.77792	4.93273	5.18349	5.28229	5.74447	5.9827	5.78779	5.78779	6.05724	5.78779	5.78779	5.78779	5.93812	6.29911	5.89315	5.78779	6.05724	6.05724	5.78779	5.78779	5.78779	5.78779	6.05724	5.78779	5.78779	6.05724	6.05724	5.78779	5.78779	5.78779	5.78779	6.08186	5.49567	5.4347	6.01869	5.49567	5.4347	6.01869	5.49567	5.4347	6.01869	5.49567	5.4347	6.01869	5.49567	5.4347	5.68627	5.7445	6.08183	5.78774	5.28229	5.24744	5.5589	5.18349	5.24744	4.99995	4.91576	5.33249	5.15763	4.50788	4.43305	5.10887	4.50788	4.43305	4.68253	4.75337	5.10887	5.10887	4.50788	4.27548	4.88846	4.42926	4.27548	4.27548	4.26371	4.67175	4.18445	4.26371	4.49296
0	0.519346	0.519346	0.519346	0.519346	1.03861	1.5577	0.519346	0.519346	0.519346	0	0.519346	0.519346	0	0	0	0	0	0	0.519346	0.519346	0	0	0	0.519346	0.519346	0	0	0.519346	0.519346	0	0.519346	1.03861	0.519346	0	0.519346	0.519346	0	0.519346	0.519346	0	0.519346	0.519346	0	0	0.519346	0.519346	1.03861	1.03861	0.519346	1.5577	1.03861	0.519346	0.519346	1.03861	2.59502	2.59502	1.03861	1.03861	2.59502	1.5577	1.5577	1.5577	1.5577	3.11309	1.5577	1.5577	3.11309	3.63065	2.07653	1.5577	1.5577	1.5577	3.63065	2.07653	1.5577	1.5577	3.63065	3.63065	1.5577	1.5577	1.5577	3.11309	1.5577	2.07653	2.07653	1.03861	2.59502	3.11309	1.5577	1.5577	2.59502	1.03861	1.5577	1.5577	1.03861	2.59502	1.5577	1.03861	2.07653	2.59502	1.5577	1.03861	1.03861	1.03861	2.07653	1.03861	1.5577	2.59502	2.07653	1.03861	1.03861	1.03861	1.03861	2.59502	1.5577	1.03861	2.07653	2.07653	1.03861	1.5577	1.5577	1.03861	2.59502	1.5577	1.03861	2.59502	1.5577	1.5577	3.11309	1.5577	1.5577	3.11309	1.5577	1.5577	3.63065	2.07653	1.5577	1.5577	1.5577	3.11309	3.63065	2.07653	1.5577	3.11309	1.5577	1.5577	1.5577	1.5577	3.11309	2.59502	1.03861	1.5577	3.11309	1.5577	1.5577	1.5577	1.03861	2.59502	1.5577	1.03861	2.59502	2.59502	1.03861	1.03861	1.03861	1.5577	2.59502	1.03861	1.03861	1.03861	2.59502	2.59502	1.03861	1.03861	1.5577	2.59502	1.03861	1.03861	1.03861	1.03861	2.07653	2.07653	1.03861	1.03861	2.07653	1.03861	1.03861	1.03861	1.03861	2.07653	1.03861	1.03861	2.07653	2.07653	1.03861	1.03861	1.03861	1.03861	2.07653	1.03861	1.03861	2.07653	2.07653	1.03861	1.03861	1.03861	1.03861	2.59502	1.5577	1.03861	2.59502	1.5577	1.03861	2.59502	1.5577	1.03861	2.59502	1.5577	1.03861	2.59502	1.5577	1.03861	1.03861	1.5577	3.11309	2.59502	1.03861	1.5577	2.59502	1.03861	1.5577	1.5577	1.5577	2.59502	2.59502	1.5577	1.03861	2.59502	1.5577	1.03861	1.03861	1.5577	2.59502	2.59502	1.5577	1.03861	2.59502	1.5577	1.03861	1.03861	1.5577	2.59502	1.03861	1.5577	2.59502
0	0.519299	0.519299	0.519299	0.519299	1.03851	1.55755	0.519299	0.519299	0.519299	0	0.519299	0.519299	0	0	0	0	0	0	0.519299	0.519299	0	0	0	0.519299	0.519299	0	0	0.519299	0.519299	0	0.519299	1.03851	0.519299	0	0.519299	0.519299	0	0.519299	0.519299	0	0.519299	0.519299	0	0	0.519299	0.519299	1.03851	1.03851	0.519299	1.55755	1.03851	0.519299	0.519299	1.03851	2.59479	2.59479	1.03851	1.03851	2.59479	1.55755	1.55755	1.55755	1.55755	3.11281	1.55755	1.55755	3.11281	3.63032	2.07634	1.55755	1.55755	1.55755	3.63032	2.07634	1.55755	1.55755	3.63032	3.63032	1.55755	1.55755	1.55755	3.11281	1.55755	2.07634	2.07634	1.03851	2.59479	3.11281	1.55755	1.55755	2.59479	1.03851	1.55755	1.55755	1.03851	2.59479	1.55755	1.03851	2.07634	2.59479	1.55755	1.03851	1.03851	1.03851	2.07634	1.03851	1.55755	2.59479	2.07634	1.03851	1.03851	1.03851	1.03851	2.59479	1.55755	1.03851	2.07634	2.07634	1.03851	1.55755	1.55755	1.03851	2.59479	1.55755	1.03851	2.59479	1.55755	1.55755	3.11281	1.55755	1.55755	3.11281	1.55755	1.55755	3.63032	2.07634	1.55755	1.55755	1.55755	3.11281	3.63032	2.07634	1.55755	3.11281	1.55755	1.55755	1.55755	1.55755	3.11281	2.59479	1.03851	1.55755	3.11281	1.55755	1.55755	1.55755	1.03851	2.59479	1.55755	1.03851	2.59479	2.59479	1.03851	1.03851	1.03851	1.55755	2.59479	1.03851	1.03851	1.03851	2.59479	2.59479	1.03851	1.03851	1.55755	2.59479	1.03851	1.03851	1.03851	1.03851	2.07634	2.07634	1.03851	1.03851	2.07634	1.03851	1.03851	1.03851	1.03851	2.07634	1.03851	1.03851	2.07634	2.07634	1.03851	1.03851	1.03851	1.03851	2.07634	1.03851	1.03851	2.07634	2.07634	1.03851	1.03851	1.03851	1.03851	2.59479	1.55755	1.03851	2.59479	1.55755	1.03851	2.59479	1.55755	1.03851	2.59479	1.55755	1.03851	2.59479	1.55755	1.03851	1.03851	1.55755	3.11281	2.59479	1.03851	1.55755	2.59479	1.03851	1.55755	1.55755	1.55755	2.59479	2.59479	1.55755	1.03851	2.59479	1.55755	1.03851	1.03851	1.55755	2.59479	2.59479	1.55755	1.03851	2.59479	1.55755	1.03851	1.03851	1.55755	2.59479	1.03851	1.55755	2.59479
12.6439	12.7767	12.9055	13.1516	13.2692	13.1659	13.1002	13.1516	13.2692	13.2692	13.2597	13.2692	13.2692	13.2597	13.2597	13.1373	12.8908	12.7668	12.7668	12.6488	12.2745	11.9002	11.7751	11.7751	11.6568	11.4077	11.2766	11.2766	11.1581	10.9081	10.7763	10.6577	10.3026	9.90415	9.77076	9.65219	9.39986	9.26566	9.14718	8.89415	8.75912	8.77402	8.77402	8.63321	8.37927	8.1492	7.89543	7.92036	8.17331	8.26706	8.39293	8.3145	8.1492	7.89543	7.80961	8.23723	8.3968	7.95347	7.80961	8.15519	7.89334	7.89334	7.89334	7.99466	8.64073	8.39293	8.39293	8.8037	8.99438	8.50144	8.39293	8.39293	8.39293	8.99438	8.50144	8.39293	8.39293	9.0612	9.2954	8.79074	8.54178	8.39293	8.8037	8.39293	8.59522	8.84259	8.7086	8.79814	8.8037	8.39293	8.39293	8.63885	8.3145	8.39293	8.39293	8.20535	8.3968	8.24521	8.20535	8.16525	8.23723	8.24521	8.20535	7.95347	7.80961	8.00901	7.80961	7.89334	8.15519	8.00901	7.80961	7.70146	7.44934	7.30409	7.75252	7.74406	7.70146	7.67576	7.51757	7.30409	7.39382	7.39382	7.30409	7.6736	7.39382	7.19715	7.36027	6.89475	6.89475	7.39377	6.89475	6.89475	7.33331	6.55268	6.39658	7.1764	6.54002	6.39658	6.39658	6.30521	6.65293	6.78101	6.37841	6.30521	6.65293	5.8999	5.8999	5.8999	5.8999	6.43011	5.9587	5.28077	5.40547	6.03347	5.40547	5.40547	5.40547	5.18199	5.5573	5.24593	5.28077	5.78607	5.78607	5.28077	5.28077	5.28077	5.49408	6.01696	5.43314	5.28077	5.28077	5.8461	6.0801	5.78612	5.78612	5.8999	6.24969	5.78612	5.78612	5.78612	5.78612	6.05549	6.13449	6.14533	6.29206	6.54002	6.29206	6.29206	6.29206	6.18838	6.22044	5.78612	5.78612	6.05549	6.05549	5.78612	5.78612	5.78612	5.78612	6.05549	5.78612	5.78612	6.05549	5.98098	5.43314	5.28077	5.28077	5.28077	5.78607	5.40547	5.28077	5.78607	5.40547	5.28077	5.78607	5.40547	5.18199	5.5573	5.24593	5.18199	5.5573	5.24593	5.18199	4.9313	4.91434	5.63755	5.5573	4.9313	4.91434	5.28386	4.43177	4.42798	4.42798	4.50658	5.1074	5.06476	4.42798	4.27425	4.88705	4.42798	4.18324	3.9358	4.01998	4.6704	4.6704	4.26248	4.18324	4.63809	3.94853	3.77503	3.77503	3.94853	4.45804	3.77503	3.94853	4.45804
12.6475	12.7753	12.9187	13.1645	13.2678	13.1502	13.0988	13.1645	13.2678	13.2678	13.2583	13.2678	13.2678	13.2583	13.2583	13.1407	12.8943	12.7654	12.7654	12.6425	12.2732	11.9042	11.7739	11.7739	11.6501	11.4009	11.2754	11.2754	11.1512	10.9011	10.7751	10.6506	10.2764	9.89655	9.76971	9.64444	9.39194	9.26467	9.13908	8.88585	8.75818	8.77308	8.77308	8.63985	8.38619	8.17243	7.91951	7.89458	8.14832	8.26617	8.39203	8.31361	8.17243	7.91951	7.80877	8.16438	8.3959	7.9938	7.80877	8.15432	7.89249	7.89249	7.89249	7.95262	8.55614	8.39203	8.39203	8.80275	8.99342	8.50053	8.39203	8.39203	8.39203	8.99342	8.50053	8.39203	8.39203	8.9662	9.20293	8.84165	8.5943	8.39203	8.80275	8.39203	8.54086	8.7898	8.7451	8.87845	8.80275	8.39203	8.39203	8.63792	8.31361	8.39203	8.39203	8.24433	8.3959	8.20447	8.24433	8.23634	8.16438	8.20447	8.24433	7.9938	7.80877	8.00815	7.80877	7.89249	8.15432	8.00815	7.80877	7.74322	7.49264	7.30331	7.67493	7.70063	7.74322	7.75169	7.51676	7.30331	7.39303	7.39303	7.30331	7.67278	7.39303	7.24207	7.45733	6.89401	6.89401	7.39297	6.89401	6.89401	7.44846	6.62234	6.39589	7.17563	6.53931	6.39589	6.39589	6.37772	6.78028	6.65221	6.30453	6.37772	6.78028	5.89926	5.89926	5.89926	5.89926	6.562	6.07942	5.28019	5.40488	6.03282	5.40488	5.40488	5.40488	5.24536	5.5567	5.18143	5.28019	5.78545	5.78545	5.28019	5.28019	5.28019	5.43255	6.01631	5.49349	5.28019	5.28019	5.7422	5.98034	5.7855	5.7855	5.89926	6.24902	5.7855	5.7855	5.7855	5.7855	6.05484	6.05759	6.11217	6.29138	6.53931	6.29138	6.29138	6.29138	6.24109	6.31501	5.7855	5.7855	6.05484	6.05484	5.7855	5.7855	5.7855	5.7855	6.05484	5.7855	5.7855	6.05484	6.07945	5.49349	5.28019	5.28019	5.28019	5.78545	5.40488	5.28019	5.78545	5.40488	5.28019	5.78545	5.40488	5.24536	5.5567	5.18143	5.24536	5.5567	5.18143	5.24536	4.99797	4.91381	5.50554	5.5567	4.99797	4.91381	5.4202	4.50609	4.4275	4.4275	4.43129	5.10684	5.20702	4.4275	4.27378	4.88652	4.4275	4.26201	4.01955	3.93537	4.6699	4.6699	4.18279	4.26201	4.79339	3.9481	3.77462	3.77462	3.9481	4.45755	3.77462	3.9481	4.45755
0.519148	0.519148	1.03821	1.03821	0.519148	0.519148	1.5571	1.03821	0.519148	0.519148	0	0.519148	0.519148	0	0	0.519148	0.519148	0	0	0	0.519148	0.519148	0	0	0	0	0	0	0	0	0	0	0	0	0	0	0	0	0	0	0	0.519148	0.519148	0.519148	0.519148	1.03821	1.03821	0.519148	0.519148	0.519148	1.5571	1.03821	1.03821	1.03821	1.03821	2.07574	2.59404	1.5571	1.03821	2.59404	1.5571	1.5571	1.5571	1.03821	2.59404	1.5571	1.5571	3.11191	3.62927	2.07574	1.5571	1.5571	1.5571	3.62927	2.07574	1.5571	1.5571	3.11191	3.11191	2.07574	2.07574	1.5571	3.11191	1.5571	1.5571	1.5571	1.5571	3.11191	3.11191	1.5571	1.5571	2.59404	1.03821	1.5571	1.5571	1.5571	2.59404	1.03821	1.5571	2.59404	2.07574	1.03821	1.5571	1.5571	1.03821	2.07574	1.03821	1.5571	2.59404	2.07574	1.03821	1.5571	1.5571	1.03821	2.07574	1.03821	1.5571	2.59404	2.07574	1.03821	1.5571	1.5571	1.03821	2.59404	1.5571	1.5571	3.11191	1.5571	1.5571	3.11191	1.5571	1.5571	3.62927	2.07574	1.5571	3.62927	2.07574	1.5571	1.5571	2.07574	3.62927	3.11191	1.5571	2.07574	3.62927	1.5571	1.5571	1.5571	1.5571	3.62927	3.11191	1.03821	1.5571	3.11191	1.5571	1.5571	1.5571	1.5571	2.59404	1.03821	1.03821	2.59404	2.59404	1.03821	1.03821	1.03821	1.03821	2.59404	1.5571	1.03821	1.03821	2.07574	2.07574	1.03821	1.03821	1.5571	2.59404	1.03821	1.03821	1.03821	1.03821	2.07574	1.5571	0.519148	1.03821	2.07574	1.03821	1.03821	1.03821	1.5571	2.59404	1.03821	1.03821	2.07574	2.07574	1.03821	1.03821	1.03821	1.03821	2.07574	1.03821	1.03821	2.07574	2.59404	1.5571	1.03821	1.03821	1.03821	2.59404	1.5571	1.03821	2.59404	1.5571	1.03821	2.59404	1.5571	1.5571	2.59404	1.03821	1.5571	2.59404	1.03821	1.5571	1.5571	1.5571	2.59404	2.59404	1.5571	1.5571	3.11191	1.5571	1.5571	1.5571	1.03821	2.59404	3.11191	1.5571	1.03821	2.59404	1.5571	1.5571	1.5571	1.03821	2.59404	2.59404	1.03821	1.5571	3.11191	1.5571	1.03821	1.03821	1.5571	2.59404	1.03821	1.5571	2.59404
0.519101	0.519101	1.03812	1.03812	0.519101	0.519101	1.55696	1.03812	0.519101	0.519101	0	0.519101	0.519101	0	0	0.519101	0.519101	0	0	0	0.519101	0.519101	0	0	0	0	0	0	0	0	0	0	0	0	0	0	0	0	0	0	0	0.519101	0.519101	0.519101	0.519101	1.03812	1.03812	0.519101	0.519101	0.519101	1.55696	1.03812	1.03812	1.03812	1.03812	2.07555	2.5938	1.55696	1.03812	2.5938	1.55696	1.55696	1.55696	1.03812	2.5938	1.55696	1.55696	3.11163	3.62895	2.07555	1.55696	1.55696	1.55696	3.62895	2.07555	1.55696	1.55696	3.11163	3.11163	2.07555	2.07555	1.55696	3.11163	1.55696	1.55696	1.55696	1.55696	3.11163	3.11163	1.55696	1.55696	2.5938	1.03812	1.55696	1.55696	1.55696	2.5938	1.03812	1.55696	2.5938	2.07555	1.03812	1.55696	1.55696	1.03812	2.07555	1.03812	1.55696	2.5938	2.07555	1.03812	1.55696	1.55696	1.03812	2.07555	1.03812	1.55696	2.5938	2.07555	1.03812	1.55696	1.55696	1.03812	2.5938	1.55696	1.55696	3.11163	1.55696	1.55696	3.11163	1.55696	1.55696	3.62895	2.07555	1.55696	3.62895	2.07555	1.55696	1.55696	2.07555	3.62895	3.11163	1.55696	2.07555	3.62895	1.55696	1.55696	1.55696	1.55696	3.62895	3.11163	1.03812	1.55696	3.11163	1.55696	1.55696	1.55696	1.55696	2.5938	1.03812	1.03812	2.5938	2.5938	1.03812	1.03812	1.03812	1.03812	2.5938	1.55696	1.03812	1.03812	2.07555	2.07555	1.03812	1.03812	1.55696	2.5938	1.03812	1.03812	1.03812	1.03812	2.07555	1.55696	0.519101	1.03812	2.07555	1.03812	1.03812	1.03812	1.55696	2.5938	1.03812	1.03812	2.07555	2.07555	1.03812	1.03812	1.03812	1.03812	2.07555	1.03812	1.03812	2.07555	2.5938	1.55696	1.03812	1.03812	1.03812	2.5938	1.55696	1.03812	2.5938	1.55696	1.03812	2.5938	1.55696	1.55696	2.5938	1.03812	1.55696	2.5938	1.03812	1.55696	1.55696	1.55696	2.5938	2.5938	1.55696	1.55696	3.11163	1.55696	1.55696	1.55696	1.03812	2.5938	3.11163	1.55696	1.03812	2.5938	1.55696	1.55696	1.55696	1.03812	2.5938	2.5938	1.03812	1.55696	3.11163	1.55696	1.03812	1.03812	1.55696	2.5938	1.03812	1.55696	2.5938
0.519054	0.519054	1.03802	1.03802	0.519054	0.519054	1.55682	1.03802	0.519054	0.519054	0	0.519054	0.519054	0	0	0.519054	0.519054	0	0	0	0.519054	0.519054	0	0	0	0	0	0	0	0	0	0	0	0	0	0	0	0	0	0	0	0.519054	0.519054	0.519054	0.519054	1.03802	1.03802	0.519054	0.519054	0.519054	1.55682	1.03802	1.03802	1.03802	1.03802	2.07536	2.59357	1.55682	1.03802	2.59357	1.55682	1.55682	1.55682	1.03802	2.59357	1.55682	1.55682	3.11135	3.62862	2.07536	1.55682	1.55682	1.55682	3.62862	2.07536	1.55682	1.55682	3.11135	3.11135	2.07536	2.07536	1.55682	3.11135	1.55682	1.55682	1.55682	1.55682	3.11135	3.11135	1.55682	1.55682	2.59357	1.03802	1.55682	1.55682	1.55682	2.59357	1.03802	1.55682	2.59357	2.07536	1.03802	1.55682	1.55682	1.03802	2.07536	1.03802	1.55682	2.59357	2.07536	1.03802	1.55682	1.55682	1.03802	2.07536	1.03802	1.55682	2.59357	2.07536	1.03802	1.55682	1.55682	1.03802	2.59357	1.55682	1.55682	3.11135	1.55682	1.55682	3.11135	1.55682	1.55682	3.62862	2.07536	1.55682	3.62862	2.07536	1.55682	1.55682	2.07536	3.62862	3.11135	1.55682	2.07536	3.62862	1.55682	1.55682	1.55682	1.55682	3.62862	3.11135	1.03802	1.55682	3.11135	1.55682	1.55682	1.55682	1.55682	2.59357	1.03802	1.03802	2.59357	2.59357	1.03802	1.03802	1.03802	1.03802	2.59357	1.55682	1.03802	1.03802	2.07536	2.07536	1.03802	1.03802	1.55682	2.59357	1.03802	1.03802	1.03802	1.03802	2.07536	1.55682	0.519054	1.03802	2.07536	1.03802	1.03802	1.03802	1.55682	2.59357	1.03802	1.03802	2.07536	2.07536	1.03802	1.03802	1.03802	1.03802	2.07536	1.03802	1.03802	2.07536	2.59357	1.55682	1.03802	1.03802	1.03802	2.59357	1.55682	1.03802	2.59357	1.55682	1.03802	2.59357	1.55682	1.55682	2.59357	1.03802	1.55682	2.59357	1.03802	1.55682	1.55682	1.55682	2.59357	2.59357	1.55682	1.55682	3.11135	1.55682	1.55682	1.55682	1.03802	2.59357	3.11135	1.55682	1.03802	2.59357	1.55682	1.55682	1.55682	1.03802	2.59357	2.59357	1.03802	1.55682	3.11135	1.55682	1.03802	1.03802	1.55682	2.59357	1.03802	1.55682	2.59357
0.518998	0.518998	1.03791	1.03791	0.518998	0.518998	1.55665	1.03791	0.518998	0.518998	0	0.518998	0.518998	0	0	0.518998	0.518998	0	0	0	0.518998	0.518998	0	0	0	0	0	0	0	0	0	0	0	0	0	0	0	0	0	0	0	0.518998	0.518998	0.518998	0.518998	1.03791	1.03791	0.518998	0.518998	0.518998	1.55665	1.03791	1.03791	1.03791	1.03791	2.07514	2.59329	1.55665	1.03791	2.59329	1.55665	1.55665	1.55665	1.03791	2.59329	1.55665	1.55665	3.11101	3.62822	2.07514	1.55665	1.55665	1.55665	3.62822	2.07514	1.55665	1.55665	3.11101	3.11101	2.07514	2.07514	1.55665	3.11101	1.55665	1.55665	1.55665	1.55665	3.11101	3.11101	1.55665	1.55665	2.59329	1.03791	1.55665	1.55665	1.55665	2.59329	1.03791	1.55665	2.59329	2.07514	1.03791	1.55665	1.55665	1.03791	2.07514	1.03791	1.55665	2.59329	2.07514	1.03791	1.55665	1.55665	1.03791	2.07514	1.03791	1.55665	2.59329	2.07514	1.03791	1.55665	1.55665	1.03791	2.59329	1.55665	1.55665	3.11101	1.55665	1.55665	3.11101	1.55665	1.55665	3.62822	2.07514	1.55665	3.62822	2.07514	1.55665	1.55665	2.07514	3.62822	3.11101	1.55665	2.07514	3.62822	1.55665	1.55665	1.55665	1.55665	3.62822	3.11101	1.03791	1.55665	3.11101	1.55665	1.55665	1.55665	1.55665	2.59329	1.03791	1.03791	2.59329	2.59329	1.03791	1.03791	1.03791	1.03791	2.59329	1.55665	1.03791	1.03791	2.07514	2.07514	1.03791	1.03791	1.55665	2.59329	1.03791	1.03791	1.03791	1.03791	2.07514	1.55665	0.518998	1.03791	2.07514	1.03791	1.03791	1.03791	1.55665	2.59329	1.03791	1.03791	2.07514	2.07514	1.03791	1.03791	1.03791	1.03791	2.07514	1.03791	1.03791	2.07514	2.59329	1.55665	1.03791	1.03791	1.03791	2.59329	1.55665	1.03791	2.59329	1.55665	1.03791	2.59329	1.55665	1.55665	2.59329	1.03791	1.55665	2.59329	1.03791	1.55665	1.55665	1.55665	2.59329	2.59329	1.55665	1.55665	3.11101	1.55665	1.55665	1.55665	1.03791	2.59329	3.11101	1.55665	1.03791	2.59329	1.55665	1.55665	1.55665	1.03791	2.59329	2.59329	1.03791	1.55665	3.11101	1.55665	1.03791	1.03791	1.55665	2.59329	1.03791	1.55665	2.59329
14.2404	14.2404	14.1366	13.8929	13.7521	13.8794	14.0673	13.8929	13.6257	13.3805	13.3758	13.5072	13.3805	13.2523	13.1299	12.8982	12.7695	12.6368	12.3895	12.1417	11.9095	11.7793	11.6448	11.3956	11.1461	10.8961	10.6457	10.3948	10.2685	10.2685	10.2685	10.2685	10.1436	9.89199	9.7652	9.7652	9.63998	9.38759	9.26039	9.26039	9.13484	8.90373	8.76901	8.76901	8.76901	8.70363	8.45223	8.26234	8.26234	8.14453	8.03919	7.80514	7.80514	7.80514	7.80514	8.00442	8.23252	8.2405	8.20066	8.392	8.2405	8.38813	8.38813	8.20066	8.392	8.2405	8.38813	8.79867	8.98925	8.49659	8.38813	8.38813	8.38813	9.05604	8.83755	8.78573	8.5369	8.79867	8.79867	8.49659	8.49659	8.38813	8.79867	8.38813	8.38813	8.38813	8.38813	8.79867	8.79867	8.38813	8.38813	8.55217	7.94892	7.88882	7.88882	7.99008	8.392	7.94892	7.99008	8.392	8.07376	7.44507	7.48915	7.73962	7.69705	7.67136	7.2999	7.38958	7.6692	7.51326	7.2999	7.38958	7.38958	7.2999	7.42734	6.94093	6.98833	7.50667	7.42734	6.94093	6.89079	6.89079	6.79425	7.19069	6.89079	6.89079	7.38953	6.89079	6.89079	7.32911	6.54892	6.39291	7.17228	6.53626	6.30158	6.95272	6.37474	6.30158	6.05476	6.05201	6.73553	6.42641	5.56311	5.64613	6.52098	5.56311	5.40235	5.40235	5.40235	6.34342	6.25137	5.43001	5.40235	5.98858	5.07504	4.99563	5.2429	5.40235	5.7279	4.92846	4.77379	5.38072	5.61068	5.27772	5.27772	5.27772	5.27772	5.84273	5.73954	5.68136	5.43001	5.57205	5.57205	5.27772	5.27772	5.49092	6.07661	5.78279	5.78279	5.78279	5.78279	6.05201	5.80856	5.34354	5.27772	5.57205	5.27772	5.27772	5.27772	5.49092	6.07661	5.78279	5.78279	6.05201	6.05201	5.78279	5.68136	5.43001	5.27772	5.50299	4.92846	4.77379	5.09795	5.38072	5.2429	5.27772	5.27772	5.17901	5.5541	5.2429	5.17901	5.5541	5.2429	5.17901	5.50296	4.91151	4.99563	5.5541	4.92846	4.91151	5.28081	4.42921	4.42543	4.42543	4.42543	4.88423	4.88423	4.42543	4.42543	5.1757	4.42543	4.42543	4.42543	4.27178	4.88423	5.1757	4.42543	4.18082	4.63541	3.94625	4.01766	4.26001	4.18082	4.63541	4.45546	3.77285	3.94625	4.77369	3.94625	3.77285	3.77285	3.94625	4.45546	3.77285	3.94625	4.45546
14.2392	14.2392	14.1222	13.8782	13.7509	13.8916	14.0661	13.8782	13.6199	13.3746	13.3793	13.506	13.3746	13.2512	13.1336	12.9117	12.7684	12.6406	12.3935	12.1458	11.9244	11.7783	11.6492	11.4002	11.1508	10.901	10.6508	10.4001	10.2676	10.2676	10.2676	10.2676	10.1491	9.89764	9.76433	9.76433	9.64584	9.39367	9.25956	9.25956	9.14115	8.92487	8.76823	8.76823	8.76823	8.74027	8.49007	8.2616	8.2616	8.16791	8.09535	7.80444	7.80444	7.80444	7.80444	8.00371	8.15985	8.19992	8.23976	8.39125	8.19992	8.38738	8.38738	8.23976	8.39125	8.19992	8.38738	8.79789	8.98845	8.49583	8.38738	8.38738	8.38738	8.96124	8.78494	8.83676	8.58955	8.79789	8.79789	8.49583	8.49583	8.38738	8.79789	8.38738	8.38738	8.38738	8.38738	8.79789	8.79789	8.38738	8.38738	8.63502	7.98937	7.88811	7.88811	7.94821	8.39125	7.98937	7.94821	8.39125	8.23376	7.48848	7.44441	7.69636	7.73893	7.74739	7.29925	7.38892	7.66852	7.51258	7.29925	7.38892	7.38892	7.29925	7.506	6.9877	6.94031	7.42668	7.506	6.9877	6.89018	6.89018	6.79364	7.19005	6.89018	6.89018	7.38887	6.89018	6.89018	7.44433	6.61865	6.39233	7.17164	6.53567	6.37417	6.9521	6.30102	6.37417	6.13041	6.05146	6.73493	6.55835	5.64563	5.56261	6.5204	5.64563	5.40187	5.40187	5.40187	6.20558	6.25081	5.49042	5.40187	6.13033	5.16564	4.92801	5.17854	5.40187	5.85354	4.99518	4.77336	5.26774	5.50249	5.27725	5.27725	5.27725	5.27725	5.739	5.68085	5.73902	5.49042	5.57155	5.57155	5.27725	5.27725	5.42952	5.977	5.78227	5.78227	5.78227	5.78227	6.05146	5.88751	5.38029	5.27725	5.57155	5.27725	5.27725	5.27725	5.42952	5.977	5.78227	5.78227	6.05146	6.05146	5.78227	5.73902	5.49042	5.27725	5.61017	4.99518	4.77336	5.09749	5.26774	5.17854	5.27725	5.27725	5.24243	5.5536	5.17854	5.24243	5.5536	5.17854	5.24243	5.63379	4.91106	4.92801	5.5536	4.99518	4.91106	5.41718	4.50357	4.42503	4.42503	4.42503	4.88379	4.88379	4.42503	4.42503	5.17524	4.42503	4.42503	4.42503	4.27139	4.88379	5.17524	4.42503	4.25963	4.79071	3.94589	3.93317	4.18044	4.25963	4.79071	4.45506	3.77251	3.94589	4.77326	3.94589	3.77251	3.77251	3.94589	4.45506	3.77251	3.94589	4.45506
0.518857	0.518857	0.518857	0.518857	0.518857	1.03763	1.55623	0.518857	0	0	0.518857	0.518857	0	0	0.518857	1.03763	0.518857	0.518857	0.518857	0.518857	1.03763	0.518857	0.518857	0.518857	0.518857	0.518857	0.518857	0.518857	0	0	0	0	0.518857	0.518857	0	0	0.518857	0.518857	0	0	0.518857	1.03763	0.518857	0.518857	0.518857	1.55623	1.55623	0.518857	0.518857	1.03763	2.07458	1.03763	1.03763	1.03763	1.03763	2.07458	2.07458	1.03763	1.55623	2.59258	1.03763	1.55623	1.55623	1.55623	2.59258	1.03763	1.55623	3.11017	3.62724	2.07458	1.55623	1.55623	1.55623	3.11017	1.55623	2.07458	2.07458	3.11017	3.11017	2.07458	2.07458	1.55623	3.11017	1.55623	1.55623	1.55623	1.55623	3.11017	3.11017	1.55623	1.55623	3.11017	1.55623	1.55623	1.55623	1.03763	2.59258	1.55623	1.03763	2.59258	3.11017	1.55623	1.03763	1.03763	1.55623	2.59258	1.03763	1.55623	2.59258	2.07458	1.03763	1.55623	1.55623	1.03763	2.59258	1.55623	1.03763	2.07458	2.59258	1.55623	1.55623	1.55623	1.03763	2.59258	1.55623	1.55623	3.11017	1.55623	1.55623	3.62724	2.07458	1.55623	3.62724	2.07458	2.07458	3.62724	1.55623	2.07458	2.07458	2.07458	3.62724	3.62724	2.07458	1.55623	3.62724	2.07458	1.55623	1.55623	1.55623	3.11017	3.11017	1.55623	1.55623	3.62724	2.07458	1.03763	1.03763	1.55623	3.11017	1.55623	1.03763	2.07458	2.07458	1.03763	1.03763	1.03763	1.03763	2.07458	1.03763	1.55623	1.55623	2.07458	2.07458	1.03763	1.03763	1.03763	2.07458	1.03763	1.03763	1.03763	1.03763	2.07458	2.07458	1.03763	1.03763	2.07458	1.03763	1.03763	1.03763	1.03763	2.07458	1.03763	1.03763	2.07458	2.07458	1.03763	1.55623	1.55623	1.03763	2.59258	1.55623	1.03763	2.07458	2.07458	1.03763	1.03763	1.03763	1.55623	2.59258	1.03763	1.55623	2.59258	1.03763	1.55623	3.11017	1.55623	1.03763	2.59258	1.55623	1.55623	3.11017	1.55623	1.55623	1.55623	1.55623	2.59258	2.59258	1.55623	1.55623	3.11017	1.55623	1.55623	1.55623	1.03763	2.59258	3.11017	1.55623	1.55623	3.11017	1.55623	1.03763	1.03763	1.55623	3.11017	2.59258	1.03763	1.55623	3.11017	1.55623	1.03763	1.03763	1.55623	2.59258	1.03763	1.55623	2.59258
0.5188	0.5188	0.5188	0.5188	0.5188	1.03752	1.55606	0.5188	0	0	0.5188	0.5188	0	0	0.5188	1.03752	0.5188	0.5188	0.5188	0.5188	1.03752	0.5188	0.5188	0.5188	0.5188	0.5188	0.5188	0.5188	0	0	0	0	0.5188	0.5188	0	0	0.5188	0.5188	0	0	0.5188	1.03752	0.5188	0.5188	0.5188	1.55606	1.55606	0.5188	0.5188	1.03752	2.07435	1.03752	1.03752	1.03752	1.03752	2.07435	2.07435	1.03752	1.55606	2.5923	1.03752	1.55606	1.55606	1.55606	2.5923	1.03752	1.55606	3.10983	3.62685	2.07435	1.55606	1.55606	1.55606	3.10983	1.55606	2.07435	2.07435	3.10983	3.10983	2.07435	2.07435	1.55606	3.10983	1.55606	1.55606	1.55606	1.55606	3.10983	3.10983	1.55606	1.55606	3.10983	1.55606	1.55606	1.55606	1.03752	2.5923	1.55606	1.03752	2.5923	3.10983	1.55606	1.03752	1.03752	1.55606	2.5923	1.03752	1.55606	2.5923	2.07435	1.03752	1.55606	1.55606	1.03752	2.5923	1.55606	1.03752	2.07435	2.5923	1.55606	1.55606	1.55606	1.03752	2.5923	1.55606	1.55606	3.10983	1.55606	1.55606	3.62685	2.07435	1.55606	3.62685	2.07435	2.07435	3.62685	1.55606	2.07435	2.07435	2.07435	3.62685	3.62685	2.07435	1.55606	3.62685	2.07435	1.55606	1.55606	1.55606	3.10983	3.10983	1.55606	1.55606	3.62685	2.07435	1.03752	1.03752	1.55606	3.10983	1.55606	1.03752	2.07435	2.07435	1.03752	1.03752	1.03752	1.03752	2.07435	1.03752	1.55606	1.55606	2.07435	2.07435	1.03752	1.03752	1.03752	2.07435	1.03752	1.03752	1.03752	1.03752	2.07435	2.07435	1.03752	1.03752	2.07435	1.03752	1.03752	1.03752	1.03752	2.07435	1.03752	1.03752	2.07435	2.07435	1.03752	1.55606	1.55606	1.03752	2.5923	1.55606	1.03752	2.07435	2.07435	1.03752	1.03752	1.03752	1.55606	2.5923	1.03752	1.55606	2.5923	1.03752	1.55606	3.10983	1.55606	1.03752	2.5923	1.55606	1.55606	3.10983	1.55606	1.55606	1.55606	1.55606	2.5923	2.5923	1.55606	1.55606	3.10983	1.55606	1.55606	1.55606	1.03752	2.5923	3.10983	1.55606	1.55606	3.10983	1.55606	1.03752	1.03752	1.55606	3.10983	2.5923	1.03752	1.55606	3.10983	1.55606	1.03752	1.03752	1.55606	2.5923	1.03752	1.55606	2.5923
0.518753	0.518753	0.518753	0.518753	0.518753	1.03742	1.55592	0.518753	0	0	0.518753	0.518753	0	0	0.518753	1.03742	0.518753	0.518753	0.518753	0.518753	1.03742	0.518753	0.518753	0.518753	0.518753	0.518753	0.518753	0.518753	0	0	0	0	0.518753	0.518753	0	0	0.518753	0.518753	0	0	0.518753	1.03742	0.518753	0.518753	0.518753	1.55592	1.55592	0.518753	0.518753	1.03742	2.07416	1.03742	1.03742	1.03742	1.03742	2.07416	2.07416	1.03742	1.55592	2.59207	1.03742	1.55592	1.55592	1.55592	2.59207	1.03742	1.55592	3.10955	3.62652	2.07416	1.55592	1.55592	1.55592	3.10955	1.55592	2.07416	2.07416	3.10955	3.10955	2.07416	2.07416	1.55592	3.10955	1.55592	1.55592	1.55592	1.55592	3.10955	3.10955	1.55592	1.55592	3.10955	1.55592	1.55592	1.55592	1.03742	2.59207	1.55592	1.03742	2.59207	3.10955	1.55592	1.03742	1.03742	1.55592	2.59207	1.03742	1.55592	2.59207	2.07416	1.03742	1.55592	1.55592	1.03742	2.59207	1.55592	1.03742	2.07416	2.59207	1.55592	1.55592	1.55592	1.03742	2.59207	1.55592	1.55592	3.10955	1.55592	1.55592	3.62652	2.07416	1.55592	3.62652	2.07416	2.07416	3.62652	1.55592	2.07416	2.07416	2.07416	3.62652	3.62652	2.07416	1.55592	3.62652	2.07416	1.55592	1.55592	1.55592	3.10955	3.10955	1.55592	1.55592	3.62652	2.07416	1.03742	1.03742	1.55592	3.10955	1.55592	1.03742	2.07416	2.07416	1.03742	1.03742	1.03742	1.03742	2.07416	1.03742	1.55592	1.55592	2.07416	2.07416	1.03742	1.03742	1.03742	2.07416	1.03742	1.03742	1.03742	1.03742	2.07416	2.07416	1.03742	1.03742	2.07416	1.03742	1.03742	1.03742	1.03742	2.07416	1.03742	1.03742	2.07416	2.07416	1.03742	1.55592	1.55592	1.03742	2.59207	1.55592	1.03742	2.07416	2.07416	1.03742	1.03742	1.03742	1.55592	2.59207	1.03742	1.55592	2.59207	1.03742	1.55592	3.10955	1.55592	1.03742	2.59207	1.55592	1.55592	3.10955	1.55592	1.55592	1.55592	1.55592	2.59207	2.59207	1.55592	1.55592	3.10955	1.55592	1.55592	1.55592	1.03742	2.59207	3.10955	1.55592	1.55592	3.10955	1.55592	1.03742	1.03742	1.55592	3.10955	2.59207	1.03742	1.55592	3.10955	1.55592	1.03742	1.03742	1.55592	2.59207	1.03742	1.55592	2.59207
14.8376	14.595	14.3519	14.234	14.234	14.0013	13.4164	12.8826	12.7538	12.7538	12.636	12.262	11.888	11.6394	11.4072	11.3103	11.2764	11.2764	11.2764	11.1582	10.9497	10.7771	10.7771	10.6589	10.4086	10.2763	10.2763	10.2763	10.2638	10.1389	9.88742	9.63552	9.40398	9.27013	9.2561	9.13062	8.8996	8.76495	8.75006	8.75006	8.76495	8.6996	8.39399	8.2585	8.2585	8.38424	8.38424	8.14075	7.88724	7.91215	8.33927	8.30589	8.30589	8.30589	8.30589	8.40175	8.15679	7.80151	7.98637	8.38811	7.94522	7.98637	8.23667	8.38424	8.5482	7.94522	7.98637	8.55773	8.75371	8.33927	8.38424	8.38424	8.38424	8.79459	8.38424	8.49265	8.49265	8.79459	8.79459	8.49265	8.49265	8.38424	8.79459	8.38424	8.38424	8.38424	8.28419	8.48684	8.32157	7.88515	7.88515	8.32157	7.88515	7.98637	8.23667	8.19685	8.30781	7.88515	7.69347	7.90589	8.15677	7.88515	7.69347	7.44161	7.48566	7.90589	7.44161	7.38614	7.66564	7.42388	6.9377	6.98507	7.23533	7.18967	7.42608	7.23533	7.18967	7.18048	7.18734	6.88758	6.88758	6.88758	6.68572	6.88035	6.38992	6.38992	6.92574	6.38992	6.29864	6.94948	6.37176	6.29864	6.90901	6.04918	6.04918	6.69549	5.5605	5.56944	5.56944	5.56944	6.30643	6.30643	5.56944	5.39983	6.30643	5.56944	5.39983	5.39983	5.39983	6.02718	6.02718	5.39983	5.31605	6.0982	5.40289	5.17658	4.92615	4.90921	5.63166	5.24045	5.27525	5.56944	5.56944	5.27525	5.27525	5.27525	5.27525	5.56944	5.27525	5.39983	5.39983	5.50041	5.26575	4.9766	5.48533	5.88531	6.37176	6.2855	6.2855	6.2855	6.2855	6.53321	6.53321	6.2855	6.2855	6.53321	6.2855	6.18193	5.93022	5.78009	6.04918	5.78009	5.6787	5.73683	5.56944	5.27525	5.48835	5.73685	5.6787	6.01068	5.73685	5.78009	5.97475	5.73683	5.27525	5.17658	4.92615	4.90921	5.32539	4.77155	4.90921	5.32539	4.77155	4.90921	5.59319	4.90921	4.67629	5.05947	4.42335	4.42335	5.17328	4.42335	4.42335	4.42335	4.42335	4.88194	4.88194	4.42335	4.42335	5.17328	4.42335	4.42335	4.42335	4.17886	4.63324	4.77145	3.9444	3.9444	4.78889	4.25802	4.17886	3.93168	3.9444	4.77145	4.45337	3.77108	3.9444	4.77145	3.9444	3.77108	3.77108	3.9444	4.42706	3.44171	3.53761	4.24618
14.8321	14.5895	14.3464	14.2327	14.2327	13.9823	13.3732	12.8766	12.7527	12.7527	12.6299	12.2609	11.8923	11.6439	11.423	11.3093	11.2754	11.2754	11.2754	11.1743	10.978	10.7762	10.7762	10.676	10.4262	10.2754	10.2754	10.2754	10.2628	10.1444	9.89308	9.64139	9.42381	9.2693	9.25528	9.13692	8.92073	8.76417	8.74928	8.74928	8.76417	8.73621	8.41656	8.25776	8.25776	8.38348	8.38348	8.16411	7.91144	7.88654	8.28344	8.30514	8.30514	8.30514	8.30514	8.47069	8.22795	7.80081	7.94451	8.38735	7.98565	7.94451	8.19611	8.38348	8.631	7.98565	7.94451	8.55695	8.7529	8.28344	8.38348	8.38348	8.38348	8.79379	8.38348	8.49188	8.49188	8.79379	8.79379	8.49188	8.49188	8.38348	8.79379	8.38348	8.38348	8.38348	8.33852	8.58549	8.3208	7.88444	7.88444	8.3208	7.88444	7.94451	8.19611	8.23593	8.39317	7.88444	7.73532	7.90517	8.06723	7.88444	7.73532	7.48499	7.44094	7.90517	7.48499	7.38548	7.66494	7.50249	6.98444	6.93707	7.18903	7.23467	7.4254	7.18903	7.23467	7.26189	7.18668	6.88696	6.88696	6.88696	6.73432	6.98437	6.38934	6.38934	6.92509	6.38934	6.37118	6.94883	6.29807	6.37118	7.05006	6.04862	6.04862	6.84115	5.64297	5.56893	5.56893	5.56893	6.30583	6.30583	5.56893	5.39933	6.30583	5.56893	5.39933	5.39933	5.39933	6.02661	6.02661	5.39933	5.40239	6.09762	5.31556	5.23997	4.99283	4.90875	5.49987	5.17611	5.27477	5.56893	5.56893	5.27477	5.27477	5.27477	5.27477	5.56893	5.27477	5.39933	5.39933	5.60753	5.3777	4.92234	5.43617	5.85088	6.29807	6.28494	6.28494	6.28494	6.28494	6.53261	6.53261	6.28494	6.28494	6.53261	6.28494	6.23469	5.98531	5.77956	6.04862	5.77956	5.73633	5.83946	5.56893	5.27477	5.42697	5.67819	5.73633	6.01012	5.67819	5.77956	6.0732	5.83946	5.27477	5.23997	4.99283	4.90875	5.32488	4.77112	4.90875	5.32488	4.77112	4.90875	5.59266	4.90875	4.7466	5.20165	4.42294	4.42294	5.17278	4.42294	4.42294	4.42294	4.42294	4.88148	4.88148	4.42294	4.42294	5.17278	4.42294	4.42294	4.42294	4.25762	4.78843	4.77099	3.94403	3.94403	4.63279	4.17848	4.25762	4.0154	3.94403	4.77099	4.45294	3.77073	3.94403	4.77099	3.94403	3.77073	3.77073	3.94403	4.58939	3.53728	3.44139	4.24577
0	0	0	0.518603	0.518603	0	0	0	0	0	0	0.518603	0.518603	0.518603	1.03712	1.03712	0.518603	0.518603	0.518603	1.03712	1.55547	0.518603	0.518603	1.03712	1.03712	0.518603	0.518603	0.518603	0	0.518603	0.518603	0.518603	1.03712	0.518603	0	0.518603	1.03712	0.518603	0	0	0.518603	1.55547	1.03712	0.518603	0.518603	1.55547	1.55547	1.03712	1.03712	0.518603	1.55547	1.03712	1.03712	1.03712	1.03712	2.59132	2.59132	1.03712	1.03712	2.59132	1.55547	1.03712	1.03712	1.55547	3.10865	1.55547	1.03712	3.10865	3.62547	1.55547	1.55547	1.55547	1.55547	3.10865	1.55547	2.07356	2.07356	3.10865	3.10865	2.07356	2.07356	1.55547	3.10865	1.55547	1.55547	1.55547	2.07356	3.62547	3.10865	1.55547	1.55547	3.10865	1.55547	1.03712	1.03712	1.55547	3.10865	1.55547	1.55547	2.59132	2.59132	1.55547	1.55547	1.55547	1.03712	2.59132	1.55547	1.55547	2.59132	2.59132	1.55547	1.03712	1.03712	1.55547	2.59132	1.03712	1.55547	2.59132	2.59132	1.55547	1.55547	1.55547	1.55547	3.10865	1.55547	1.55547	3.10865	1.55547	2.07356	3.62547	1.55547	2.07356	4.14171	2.07356	2.07356	4.14171	2.07356	2.07356	2.07356	2.07356	3.62547	3.62547	2.07356	1.55547	3.62547	2.07356	1.55547	1.55547	1.55547	3.10865	3.10865	1.55547	2.07356	3.62547	1.55547	1.55547	1.55547	1.55547	2.59132	1.03712	1.03712	2.07356	2.07356	1.03712	1.03712	1.03712	1.03712	2.07356	1.03712	1.55547	1.55547	2.59132	2.59132	0	0	0.518603	1.55547	1.03712	1.03712	1.03712	1.03712	2.07356	2.07356	1.03712	1.03712	2.07356	1.03712	1.55547	1.55547	1.03712	2.07356	1.03712	1.55547	2.59132	2.07356	1.03712	1.03712	1.03712	1.55547	2.59132	1.03712	1.03712	2.59132	2.59132	1.03712	1.55547	1.55547	1.55547	2.59132	1.03712	1.55547	2.59132	1.03712	1.55547	3.10865	1.55547	1.55547	3.10865	1.55547	1.55547	3.10865	1.55547	1.55547	1.55547	1.55547	2.59132	2.59132	1.55547	1.55547	3.10865	1.55547	1.55547	1.55547	1.55547	3.10865	3.10865	1.55547	1.55547	2.59132	1.03712	1.55547	1.55547	1.55547	3.10865	2.59132	1.03712	1.55547	3.10865	1.55547	1.03712	1.03712	1.55547	3.10865	1.55547	1.03712	2.59132
0	0	0	0.518556	0.518556	0	0	0	0	0	0	0.518556	0.518556	0.518556	1.03703	1.03703	0.518556	0.518556	0.518556	1.03703	1.55533	0.518556	0.518556	1.03703	1.03703	0.518556	0.518556	0.518556	0	0.518556	0.518556	0.518556	1.03703	0.518556	0	0.518556	1.03703	0.518556	0	0	0.518556	1.55533	1.03703	0.518556	0.518556	1.55533	1.55533	1.03703	1.03703	0.518556	1.55533	1.03703	1.03703	1.03703	1.03703	2.59108	2.59108	1.03703	1.03703	2.59108	1.55533	1.03703	1.03703	1.55533	3.10837	1.55533	1.03703	3.10837	3.62515	1.55533	1.55533	1.55533	1.55533	3.10837	1.55533	2.07338	2.07338	3.10837	3.10837	2.07338	2.07338	1.55533	3.10837	1.55533	1.55533	1.55533	2.07338	3.62515	3.10837	1.55533	1.55533	3.10837	1.55533	1.03703	1.03703	1.55533	3.10837	1.55533	1.55533	2.59108	2.59108	1.55533	1.55533	1.55533	1.03703	2.59108	1.55533	1.55533	2.59108	2.59108	1.55533	1.03703	1.03703	1.55533	2.59108	1.03703	1.55533	2.59108	2.59108	1.55533	1.55533	1.55533	1.55533	3.10837	1.55533	1.55533	3.10837	1.55533	2.07338	3.62515	1.55533	2.07338	4.14133	2.07338	2.07338	4.14133	2.07338	2.07338	2.07338	2.07338	3.62515	3.62515	2.07338	1.55533	3.62515	2.07338	1.55533	1.55533	1.55533	3.10837	3.10837	1.55533	2.07338	3.62515	1.55533	1.55533	1.55533	1.55533	2.59108	1.03703	1.03703	2.07338	2.07338	1.03703	1.03703	1.03703	1.03703	2.07338	1.03703	1.55533	1.55533	2.59108	2.59108	0	0	0.518556	1.55533	1.03703	1.03703	1.03703	1.03703	2.07338	2.07338	1.03703	1.03703	2.07338	1.03703	1.55533	1.55533	1.03703	2.07338	1.03703	1.55533	2.59108	2.07338	1.03703	1.03703	1.03703	1.55533	2.59108	1.03703	1.03703	2.59108	2.59108	1.03703	1.55533	1.55533	1.55533	2.59108	1.03703	1.55533	2.59108	1.03703	1.55533	3.10837	1.55533	1.55533	3.10837	1.55533	1.55533	3.10837	1.55533	1.55533	1.55533	1.55533	2.59108	2.59108	1.55533	1.55533	3.10837	1.55533	1.55533	1.55533	1.55533	3.10837	3.10837	1.55533	1.55533	2.59108	1.03703	1.55533	1.55533	1.55533	3.10837	2.59108	1.03703	1.55533	3.10837	1.55533	1.03703	1.03703	1.55533	3.10837	1.55533	1.03703	2.59108
15.3115	15.07	14.7084	14.2223	13.8591	13.61	13.3648	13.2414	13.1191	12.873	12.6264	12.3945	12.2652	12.2652	12.1837	11.8261	11.403	11.2722	11.2722	11.3061	11.2566	10.9047	10.7731	10.697	10.4479	10.2725	10.1542	9.90332	9.63193	9.40047	9.26666	9.26666	9.30858	9.26666	9.1272	8.89627	8.80616	8.76167	8.49718	7.98954	7.74796	7.98337	8.16178	8.1377	7.88428	7.88219	7.88219	7.79858	7.79858	7.74796	7.88219	7.79858	7.79858	7.79858	7.79858	8.22561	8.38497	7.94224	7.79858	8.22561	8.23358	8.19377	7.94224	7.98337	8.62856	8.3811	8.19377	8.55452	8.81533	8.3811	8.3811	8.3811	8.3811	8.71874	8.03244	8.08928	8.33614	8.71874	8.48366	8.08928	8.33614	8.3811	8.71874	8.03244	7.88219	7.88219	8.08928	8.81533	8.7913	8.3811	8.28108	8.48366	7.88219	7.69058	7.43881	7.48285	8.15371	7.88219	7.88219	8.06494	7.82582	7.38337	7.38337	7.38337	7.18697	7.34986	6.88499	6.98244	7.42329	7.34986	6.88499	6.6832	6.43136	6.48253	6.94692	6.43136	6.38751	6.64352	6.41072	5.89152	5.89152	5.89152	5.89152	6.42099	5.5584	5.39779	5.98352	5.07074	5.16173	6.0959	5.07074	5.09363	6.21949	5.09363	5.09363	6.21949	5.09363	5.09363	5.09363	5.09363	5.89142	5.89142	5.09363	4.8287	5.69104	4.92426	4.9914	5.23847	5.39779	6.0249	6.0249	5.39779	5.64136	6.5534	5.89152	5.9836	6.23291	6.48253	6.94692	6.43136	6.28313	6.53075	6.45185	5.92798	5.7779	5.7779	5.67656	5.73466	5.27326	5.48627	5.73469	6.24082	6.24082	5.55843	5.30155	5.08387	5.15207	5.12297	5.37622	5.62961	5.88309	6.36936	6.45185	5.92798	5.7779	6.0469	5.7779	5.89152	5.89152	5.7779	5.97249	5.42541	5.48627	6.00842	5.73466	5.27326	5.17462	4.92429	4.9914	5.5494	4.92429	4.76975	5.32337	5.32337	4.76975	4.90735	4.90735	4.9914	5.5494	4.92429	4.90735	5.27634	4.42546	4.50016	5.41308	4.90735	4.90735	5.59108	4.90735	4.90735	5.59108	4.90735	4.90735	4.90735	4.90735	5.27634	5.02124	4.11284	3.9429	4.76965	3.9429	3.9429	3.9429	3.9429	4.76965	4.76965	3.9429	3.9429	4.42538	3.4404	3.47425	3.47425	3.53627	4.5881	4.42538	3.4404	3.47425	4.39512	3.77406	3.68445	3.4404	3.47425	4.39132	3.47425	3.27601	4.0432
15.3139	15.0725	14.7236	14.2208	13.8532	13.6131	13.3681	13.2401	13.1225	12.8765	12.63	12.4085	12.2639	12.2639	12.2083	11.889	11.4185	11.271	11.271	11.3049	11.295	10.9211	10.772	10.7258	10.4775	10.2714	10.1722	9.9218	9.63762	9.42013	9.26567	9.26567	9.30759	9.26567	9.13334	8.91724	8.80522	8.76073	8.52693	8.02139	7.74713	7.94139	8.13683	8.16091	7.90833	7.88134	7.88134	7.79774	7.79774	7.74713	7.88134	7.79774	7.79774	7.79774	7.79774	8.15286	8.38407	7.98252	7.79774	8.15286	8.1929	8.2327	7.98252	7.94139	8.54409	8.3802	8.2327	8.55361	8.71781	8.3802	8.3802	8.3802	8.3802	8.81439	8.08841	8.03157	8.2802	8.81439	8.58214	8.03157	8.2802	8.3802	8.81439	8.08841	7.88134	7.88134	8.03157	8.71781	8.79036	8.3802	8.33525	8.58214	7.88134	7.73229	7.48204	7.43801	8.06408	7.88134	7.88134	8.15284	7.91656	7.38257	7.38257	7.38257	7.23183	7.44679	6.88425	6.93434	7.4225	7.44679	6.88425	6.73167	6.48183	6.43066	6.94617	6.48183	6.38682	6.75119	6.52242	5.89089	5.89089	5.89089	5.89089	6.5527	5.64075	5.3972	6.12505	5.16117	5.07019	6.09525	5.16117	5.09308	6.21882	5.09308	5.09308	6.21882	5.09308	5.09308	5.09308	5.09308	5.89079	5.89079	5.09308	4.92373	5.69043	4.82818	4.92375	5.17407	5.3972	6.02425	6.02425	5.3972	5.5578	6.4203	5.89089	5.92734	6.17893	6.43066	6.94617	6.48183	6.28246	6.53004	6.54266	5.98295	5.77728	5.77728	5.73407	5.83717	5.27269	5.42483	5.67595	6.24015	6.24015	5.56976	5.3135	5.12241	5.15152	5.08332	5.33844	5.59353	5.84856	6.29559	6.54266	5.98295	5.77728	6.04625	5.77728	5.89089	5.89089	5.77728	6.07082	5.48568	5.42483	6.00777	5.83717	5.27269	5.2379	4.99086	4.92375	5.5488	4.99086	4.76923	5.3228	5.3228	4.76923	4.90682	4.90682	4.92375	5.5488	4.99086	4.90682	5.4125	4.49967	4.42498	5.27577	4.90682	4.90682	5.59048	4.90682	4.90682	5.59048	4.90682	4.90682	4.90682	4.90682	5.4125	5.32899	4.22445	3.94247	4.76913	3.94247	3.94247	3.94247	3.94247	4.76913	4.76913	3.94247	3.94247	4.5876	3.53589	3.47387	3.47387	3.44003	4.42491	4.5876	3.53589	3.47387	4.2244	3.68405	3.77365	3.53589	3.47387	4.39084	3.47387	3.27566	4.04276
0.518406	0.518406	1.03673	0.518406	0	0.518406	0.518406	0	0.518406	0.518406	0.518406	1.03673	0.518406	0.518406	1.55488	2.07278	1.03673	0.518406	0.518406	1.03673	2.07278	1.03673	0.518406	1.55488	1.55488	0.518406	1.03673	1.03673	0.518406	1.03673	0.518406	0.518406	1.03673	0.518406	0.518406	1.03673	1.03673	0.518406	1.03673	1.03673	0.518406	1.03673	0.518406	1.03673	1.03673	1.55488	1.55488	1.03673	1.03673	0.518406	1.55488	1.03673	1.03673	1.03673	1.03673	2.07278	2.59033	1.55488	1.03673	2.07278	1.03673	1.55488	1.55488	1.03673	2.59033	1.55488	1.55488	3.10747	3.10747	1.55488	1.55488	1.55488	1.55488	3.6241	2.07278	1.55488	1.55488	3.6241	3.6241	1.55488	1.55488	1.55488	3.6241	2.07278	1.55488	1.55488	1.55488	3.10747	3.10747	1.55488	2.07278	3.6241	1.55488	1.55488	1.55488	1.03673	2.59033	1.55488	1.55488	3.10747	3.10747	1.55488	1.55488	1.55488	1.55488	3.10747	1.55488	1.03673	2.59033	3.10747	1.55488	1.55488	1.55488	1.03673	2.59033	1.55488	1.55488	3.10747	3.10747	1.55488	1.55488	1.55488	1.55488	3.6241	2.07278	1.55488	3.6241	2.07278	1.55488	3.6241	2.07278	2.07278	4.14014	2.07278	2.07278	4.14014	2.07278	2.07278	2.07278	2.07278	3.6241	3.6241	2.07278	2.07278	3.6241	1.55488	1.03673	1.03673	1.55488	3.10747	3.10747	1.55488	1.55488	3.10747	1.55488	1.03673	1.03673	1.03673	2.59033	1.55488	1.03673	2.07278	2.59033	1.55488	1.03673	1.03673	1.55488	2.59033	1.03673	1.03673	1.03673	2.59033	2.59033	0.518406	0.518406	1.03673	1.55488	0.518406	0.518406	0.518406	0.518406	1.55488	2.59033	1.55488	1.03673	2.07278	1.03673	1.55488	1.55488	1.03673	2.59033	1.55488	1.03673	2.59033	2.59033	1.03673	1.55488	1.55488	1.03673	2.59033	1.55488	1.03673	2.59033	2.59033	1.03673	1.55488	1.55488	1.03673	2.59033	1.55488	1.55488	3.10747	1.55488	1.03673	2.59033	1.55488	1.55488	3.10747	1.55488	1.55488	3.10747	1.55488	1.55488	1.55488	1.55488	3.10747	3.6241	2.07278	1.55488	3.10747	1.55488	1.55488	1.55488	1.55488	3.10747	3.10747	1.55488	1.55488	3.10747	1.55488	1.55488	1.55488	1.03673	2.59033	3.10747	1.55488	1.55488	2.59033	1.03673	1.55488	1.55488	1.55488	3.10747	1.55488	1.03673	2.59033
0.518359	0.518359	1.03663	0.518359	0	0.518359	0.518359	0	0.518359	0.518359	0.518359	1.03663	0.518359	0.518359	1.55474	2.07259	1.03663	0.518359	0.518359	1.03663	2.07259	1.03663	0.518359	1.55474	1.55474	0.518359	1.03663	1.03663	0.518359	1.03663	0.518359	0.518359	1.03663	0.518359	0.518359	1.03663	1.03663	0.518359	1.03663	1.03663	0.518359	1.03663	0.518359	1.03663	1.03663	1.55474	1.55474	1.03663	1.03663	0.518359	1.55474	1.03663	1.03663	1.03663	1.03663	2.07259	2.5901	1.55474	1.03663	2.07259	1.03663	1.55474	1.55474	1.03663	2.5901	1.55474	1.55474	3.10719	3.10719	1.55474	1.55474	1.55474	1.55474	3.62377	2.07259	1.55474	1.55474	3.62377	3.62377	1.55474	1.55474	1.55474	3.62377	2.07259	1.55474	1.55474	1.55474	3.10719	3.10719	1.55474	2.07259	3.62377	1.55474	1.55474	1.55474	1.03663	2.5901	1.55474	1.55474	3.10719	3.10719	1.55474	1.55474	1.55474	1.55474	3.10719	1.55474	1.03663	2.5901	3.10719	1.55474	1.55474	1.55474	1.03663	2.5901	1.55474	1.55474	3.10719	3.10719	1.55474	1.55474	1.55474	1.55474	3.62377	2.07259	1.55474	3.62377	2.07259	1.55474	3.62377	2.07259	2.07259	4.13977	2.07259	2.07259	4.13977	2.07259	2.07259	2.07259	2.07259	3.62377	3.62377	2.07259	2.07259	3.62377	1.55474	1.03663	1.03663	1.55474	3.10719	3.10719	1.55474	1.55474	3.10719	1.55474	1.03663	1.03663	1.03663	2.5901	1.55474	1.03663	2.07259	2.5901	1.55474	1.03663	1.03663	1.55474	2.5901	1.03663	1.03663	1.03663	2.5901	2.5901	0.518359	0.518359	1.03663	1.55474	0.518359	0.518359	0.518359	0.518359	1.55474	2.5901	1.55474	1.03663	2.07259	1.03663	1.55474	1.55474	1.03663	2.5901	1.55474	1.03663	2.5901	2.5901	1.03663	1.55474	1.55474	1.03663	2.5901	1.55474	1.03663	2.5901	2.5901	1.03663	1.55474	1.55474	1.03663	2.5901	1.55474	1.55474	3.10719	1.55474	1.03663	2.5901	1.55474	1.55474	3.10719	1.55474	1.55474	3.10719	1.55474	1.55474	1.55474	1.55474	3.10719	3.62377	2.07259	1.55474	3.10719	1.55474	1.55474	1.55474	1.55474	3.10719	3.10719	1.55474	1.55474	3.10719	1.55474	1.55474	1.55474	1.03663	2.5901	3.10719	1.55474	1.55474	2.5901	1.03663	1.55474	1.55474	1.55474	3.10719	1.55474	1.03663	2.5901
0.518312	0.518312	1.03654	0.518312	0	0.518312	0.518312	0	0.518312	0.518312	0.518312	1.03654	0.518312	0.518312	1.5546	2.0724	1.03654	0.518312	0.518312	1.03654	2.0724	1.03654	0.518312	1.5546	1.5546	0.518312	1.03654	1.03654	0.518312	1.03654	0.518312	0.518312	1.03654	0.518312	0.518312	1.03654	1.03654	0.518312	1.03654	1.03654	0.518312	1.03654	0.518312	1.03654	1.03654	1.5546	1.5546	1.03654	1.03654	0.518312	1.5546	1.03654	1.03654	1.03654	1.03654	2.0724	2.58987	1.5546	1.03654	2.0724	1.03654	1.5546	1.5546	1.03654	2.58987	1.5546	1.5546	3.10691	3.10691	1.5546	1.5546	1.5546	1.5546	3.62345	2.0724	1.5546	1.5546	3.62345	3.62345	1.5546	1.5546	1.5546	3.62345	2.0724	1.5546	1.5546	1.5546	3.10691	3.10691	1.5546	2.0724	3.62345	1.5546	1.5546	1.5546	1.03654	2.58987	1.5546	1.5546	3.10691	3.10691	1.5546	1.5546	1.5546	1.5546	3.10691	1.5546	1.03654	2.58987	3.10691	1.5546	1.5546	1.5546	1.03654	2.58987	1.5546	1.5546	3.10691	3.10691	1.5546	1.5546	1.5546	1.5546	3.62345	2.0724	1.5546	3.62345	2.0724	1.5546	3.62345	2.0724	2.0724	4.13939	2.0724	2.0724	4.13939	2.0724	2.0724	2.0724	2.0724	3.62345	3.62345	2.0724	2.0724	3.62345	1.5546	1.03654	1.03654	1.5546	3.10691	3.10691	1.5546	1.5546	3.10691	1.5546	1.03654	1.03654	1.03654	2.58987	1.5546	1.03654	2.0724	2.58987	1.5546	1.03654	1.03654	1.5546	2.58987	1.03654	1.03654	1.03654	2.58987	2.58987	0.518312	0.518312	1.03654	1.5546	0.518312	0.518312	0.518312	0.518312	1.5546	2.58987	1.5546	1.03654	2.0724	1.03654	1.5546	1.5546	1.03654	2.58987	1.5546	1.03654	2.58987	2.58987	1.03654	1.5546	1.5546	1.03654	2.58987	1.5546	1.03654	2.58987	2.58987	1.03654	1.5546	1.5546	1.03654	2.58987	1.5546	1.5546	3.10691	1.5546	1.03654	2.58987	1.5546	1.5546	3.10691	1.5546	1.5546	3.10691	1.5546	1.5546	1.5546	1.5546	3.10691	3.62345	2.0724	1.5546	3.10691	1.5546	1.5546	1.5546	1.5546	3.10691	3.10691	1.5546	1.5546	3.10691	1.5546	1.5546	1.5546	1.03654	2.58987	3.10691	1.5546	1.5546	2.58987	1.03654	1.5546	1.5546	1.5546	3.10691	1.5546	1.03654	2.58987
14.2221	14.1053	13.8928	13.6173	13.3585	13.2446	13.1273	12.8669	12.6353	12.3887	12.2594	12.1779	11.894	11.646	11.4976	11.4352	11.3007	11.1487	10.8995	10.8036	10.9448	10.8036	10.6498	10.5103	10.2629	9.89858	9.80521	9.80521	9.64744	9.44408	9.26222	9.14414	8.94303	8.75746	8.63955	8.44108	8.18983	7.88048	7.90536	8.15785	8.13378	7.83254	7.37313	7.39981	7.65268	7.87839	7.87839	7.79482	7.79482	7.62693	7.5317	7.29024	7.39981	7.65268	7.79482	7.99385	8.22165	8.22961	8.18983	8.14981	7.79482	7.97952	8.22961	8.18983	8.3007	7.87839	7.87839	8.38675	8.55041	8.02856	7.87839	7.87839	7.87839	8.57893	8.33213	8.27709	8.02856	8.57893	8.81109	8.27709	8.02856	7.87839	8.51601	7.99385	7.87839	7.87839	7.87839	8.24542	8.0122	7.3798	7.59242	8.34773	7.87839	7.87839	7.87839	7.68687	7.82204	7.3798	7.3798	7.84502	7.84502	7.3798	7.3798	7.3798	7.3798	7.84502	7.3798	7.18349	7.34631	7.37975	6.88166	6.88166	6.88166	6.67997	6.87443	6.38442	6.38442	6.91978	6.86482	6.04672	5.88866	5.88866	5.80084	6.47929	5.56464	5.31146	6.09295	5.39822	5.31146	6.06846	5.09116	5.09116	6.21648	5.09116	5.09116	6.21648	5.09116	5.09116	5.09116	5.09116	5.86884	5.68828	4.92187	5.09116	5.88857	4.90496	4.76743	4.76743	4.90496	5.58837	5.6268	5.23592	5.39516	6.02198	5.39516	5.2707	5.2707	5.2707	5.83497	5.73191	5.7751	5.96959	6.0055	5.73191	5.67381	5.42278	5.39516	5.77505	5.2707	5.2707	5.2707	5.89987	6.37404	6.21662	6.21662	6.38702	6.72914	6.7267	6.7267	6.7267	6.61049	6.54022	6.70702	6.38442	6.28009	6.44872	5.9251	5.88866	5.88866	5.7751	6.2378	5.88866	5.67381	6.0055	6.0055	5.42278	5.39516	5.39516	5.2707	5.77505	5.39516	5.17211	5.54671	5.54671	4.92189	4.90496	4.90496	4.67224	5.09765	4.74293	4.90496	5.58837	4.90496	4.67224	5.0551	4.41953	4.41953	5.16881	4.41953	4.41953	5.16881	4.41953	4.41953	4.41953	4.41953	5.14626	5.30197	4.4533	4.41953	5.14626	4.11084	3.94098	3.94098	3.94098	4.76733	4.76733	3.94098	3.94098	4.76733	3.94098	3.94098	3.94098	3.68266	4.22281	4.38918	3.47255	3.47255	4.02882	2.95778	3.06879	3.29983	3.47255	4.38918	3.47255	3.27442	4.04123
14.2209	14.1172	13.9139	13.6298	13.362	13.2435	13.1404	12.8707	12.6491	12.4028	12.2583	12.2028	11.9089	11.6613	11.5353	11.4342	11.2997	11.1649	10.9161	10.8027	10.9439	10.8027	10.6669	10.5521	10.3057	9.91723	9.80434	9.80434	9.66666	9.47745	9.26139	9.16459	8.97849	8.75668	8.66137	8.47887	8.22888	7.90466	7.87978	8.13305	8.15712	7.9315	7.39915	7.37248	7.62624	7.87768	7.87768	7.79412	7.79412	7.65199	7.59175	7.28958	7.37248	7.62624	7.79412	7.99313	8.14908	8.1891	8.22888	8.22091	7.79412	7.9377	8.1891	8.22888	8.386	7.87768	7.87768	8.29996	8.54965	8.08466	7.87768	7.87768	7.87768	8.47882	8.27636	8.33138	8.08466	8.47882	8.71377	8.33138	8.08466	7.87768	8.51525	7.99313	7.87768	7.87768	7.87768	8.34698	8.11688	7.37914	7.53102	8.24469	7.87768	7.87768	7.87768	7.72869	7.91288	7.37914	7.37914	7.84432	7.84432	7.37914	7.37914	7.37914	7.37914	7.84432	7.37914	7.22846	7.44332	7.37909	6.88104	6.88104	6.88104	6.72853	6.97839	6.38384	6.38384	6.91916	6.98779	6.12226	5.88813	5.88813	5.87968	6.6297	5.56414	5.39774	6.0924	5.31098	5.39774	6.22921	5.0907	5.0907	6.21592	5.0907	5.0907	6.21592	5.0907	5.0907	5.0907	5.0907	6.0351	5.68777	4.82592	5.0907	5.88804	4.90452	4.767	4.767	4.90452	5.58787	5.49515	5.17164	5.39468	6.02144	5.39468	5.27022	5.27022	5.27022	5.73136	5.6733	5.77458	6.06799	6.00496	5.6733	5.73139	5.48312	5.39468	5.77453	5.27022	5.27022	5.27022	5.71691	6.2054	6.21606	6.21606	6.35535	6.67937	6.7261	6.7261	6.7261	6.63976	6.60987	6.70642	6.38384	6.27952	6.53961	5.98016	5.88813	5.88813	5.77458	6.23724	5.88813	5.73139	6.00496	6.00496	5.48312	5.39468	5.39468	5.27022	5.77453	5.39468	5.23545	5.54621	5.54621	4.98853	4.90452	4.90452	4.7425	5.09719	4.67182	4.90452	5.58787	4.90452	4.7425	5.19719	4.41913	4.41913	5.16835	4.41913	4.41913	5.16835	4.41913	4.41913	4.41913	4.41913	5.31089	5.3015	4.34692	4.41913	5.31089	4.22247	3.94063	3.94063	3.94063	4.7669	4.7669	3.94063	3.94063	4.7669	3.94063	3.94063	3.94063	3.77188	4.39259	4.38878	3.47224	3.47224	4.20659	3.06851	2.95751	3.19662	3.47224	4.38878	3.47224	3.27412	4.04087
0.518162	1.03624	1.55415	1.03624	0.518162	0.518162	1.03624	0.518162	1.03624	1.03624	0.518162	1.55415	1.03624	1.03624	2.0718	2.0718	1.03624	1.03624	1.03624	1.03624	2.0718	1.03624	1.03624	2.0718	2.0718	1.03624	1.03624	1.03624	1.03624	1.55415	0.518162	1.03624	1.55415	0.518162	1.03624	1.55415	1.55415	1.03624	0.518162	0.518162	1.03624	2.0718	1.03624	0.518162	0.518162	1.55415	1.55415	1.03624	1.03624	1.03624	2.0718	1.03624	0.518162	0.518162	1.03624	2.0718	2.0718	1.03624	1.55415	2.58912	1.03624	1.03624	1.03624	1.55415	3.10601	1.55415	1.55415	2.58912	3.10601	2.0718	1.55415	1.55415	1.55415	3.10601	1.55415	2.0718	2.0718	3.10601	3.10601	2.0718	2.0718	1.55415	3.6224	2.0718	1.55415	1.55415	1.55415	3.6224	3.6224	1.55415	1.55415	3.10601	1.55415	1.55415	1.55415	1.55415	3.10601	1.55415	1.55415	3.10601	3.10601	1.55415	1.55415	1.55415	1.55415	3.10601	1.55415	1.55415	3.10601	3.10601	1.55415	1.55415	1.55415	1.55415	3.10601	1.55415	1.55415	3.10601	3.6224	2.0718	1.55415	1.55415	2.0718	4.1382	2.0718	2.0718	3.6224	1.55415	2.0718	4.1382	2.0718	2.0718	4.1382	2.0718	2.0718	4.1382	2.0718	2.0718	2.0718	2.0718	4.1382	3.6224	1.55415	2.0718	3.6224	1.55415	1.03624	1.03624	1.55415	3.10601	2.58912	1.03624	1.55415	3.10601	1.55415	1.03624	1.03624	1.03624	2.0718	1.03624	1.03624	2.58912	2.58912	1.03624	1.55415	1.55415	1.55415	2.58912	1.03624	1.03624	1.03624	1.55415	1.55415	0.518162	0.518162	0.518162	1.03624	0.518162	0.518162	0.518162	1.03624	2.0718	2.58912	1.55415	1.03624	2.58912	1.55415	1.55415	1.55415	1.03624	2.58912	1.55415	1.55415	2.58912	2.58912	1.55415	1.55415	1.55415	1.03624	2.58912	1.55415	1.55415	2.58912	2.58912	1.55415	1.55415	1.55415	1.55415	2.58912	1.03624	1.55415	3.10601	1.55415	1.55415	3.10601	1.55415	1.55415	3.10601	1.55415	1.55415	3.10601	1.55415	1.55415	1.55415	1.55415	3.6224	3.6224	1.55415	1.55415	3.6224	2.0718	1.55415	1.55415	1.55415	3.10601	3.10601	1.55415	1.55415	3.10601	1.55415	1.55415	1.55415	1.55415	3.10601	3.10601	1.55415	1.55415	3.10601	1.55415	1.03624	1.03624	1.55415	3.10601	1.55415	1.03624	2.58912
0.518106	1.03613	1.55398	1.03613	0.518106	0.518106	1.03613	0.518106	1.03613	1.03613	0.518106	1.55398	1.03613	1.03613	2.07158	2.07158	1.03613	1.03613	1.03613	1.03613	2.07158	1.03613	1.03613	2.07158	2.07158	1.03613	1.03613	1.03613	1.03613	1.55398	0.518106	1.03613	1.55398	0.518106	1.03613	1.55398	1.55398	1.03613	0.518106	0.518106	1.03613	2.07158	1.03613	0.518106	0.518106	1.55398	1.55398	1.03613	1.03613	1.03613	2.07158	1.03613	0.518106	0.518106	1.03613	2.07158	2.07158	1.03613	1.55398	2.58884	1.03613	1.03613	1.03613	1.55398	3.10567	1.55398	1.55398	2.58884	3.10567	2.07158	1.55398	1.55398	1.55398	3.10567	1.55398	2.07158	2.07158	3.10567	3.10567	2.07158	2.07158	1.55398	3.62201	2.07158	1.55398	1.55398	1.55398	3.62201	3.62201	1.55398	1.55398	3.10567	1.55398	1.55398	1.55398	1.55398	3.10567	1.55398	1.55398	3.10567	3.10567	1.55398	1.55398	1.55398	1.55398	3.10567	1.55398	1.55398	3.10567	3.10567	1.55398	1.55398	1.55398	1.55398	3.10567	1.55398	1.55398	3.10567	3.62201	2.07158	1.55398	1.55398	2.07158	4.13775	2.07158	2.07158	3.62201	1.55398	2.07158	4.13775	2.07158	2.07158	4.13775	2.07158	2.07158	4.13775	2.07158	2.07158	2.07158	2.07158	4.13775	3.62201	1.55398	2.07158	3.62201	1.55398	1.03613	1.03613	1.55398	3.10567	2.58884	1.03613	1.55398	3.10567	1.55398	1.03613	1.03613	1.03613	2.07158	1.03613	1.03613	2.58884	2.58884	1.03613	1.55398	1.55398	1.55398	2.58884	1.03613	1.03613	1.03613	1.55398	1.55398	0.518106	0.518106	0.518106	1.03613	0.518106	0.518106	0.518106	1.03613	2.07158	2.58884	1.55398	1.03613	2.58884	1.55398	1.55398	1.55398	1.03613	2.58884	1.55398	1.55398	2.58884	2.58884	1.55398	1.55398	1.55398	1.03613	2.58884	1.55398	1.55398	2.58884	2.58884	1.55398	1.55398	1.55398	1.55398	2.58884	1.03613	1.55398	3.10567	1.55398	1.55398	3.10567	1.55398	1.55398	3.10567	1.55398	1.55398	3.10567	1.55398	1.55398	1.55398	1.55398	3.62201	3.62201	1.55398	1.55398	3.62201	2.07158	1.55398	1.55398	1.55398	3.10567	3.10567	1.55398	1.55398	3.10567	1.55398	1.55398	1.55398	1.55398	3.10567	3.10567	1.55398	1.55398	3.10567	1.55398	1.03613	1.03613	1.55398	3.10567	1.55398	1.03613	2.58884
13.3676	13.2681	13.2079	12.9108	12.7483	12.6307	12.3088	11.8896	11.9056	12.1527	12.1371	11.985	11.7919	11.6798	11.576	11.431	11.2965	11.1846	10.9364	10.6879	10.5976	10.3013	10.1899	10.1074	9.86223	9.44056	9.30065	9.30065	9.30065	9.26749	8.88868	8.79864	8.77087	8.38367	8.29567	8.27399	8.02555	7.79189	7.62406	7.37037	7.39703	7.83586	7.79189	7.62406	7.37037	7.37703	7.37703	7.2875	7.2875	7.2875	7.5005	7.2875	7.11644	6.86232	6.78269	7.09792	7.34357	7.2875	7.37703	7.65618	7.2875	7.2875	7.2875	7.37703	7.91062	7.72648	7.87543	8.05803	8.07625	7.83586	7.87543	7.87543	7.87543	8.24233	7.52887	7.58957	7.83586	8.24233	8.0092	7.58957	7.83586	7.77716	8.28378	7.83586	7.77716	7.52887	7.37703	8.11457	8.28378	7.52887	7.37703	7.84208	7.37703	7.37703	7.37703	7.37703	7.77711	7.03278	6.87907	7.37697	7.37697	6.87907	6.87907	6.87907	6.87907	7.31665	6.53776	6.38201	6.91718	6.91718	6.38201	6.38201	6.38201	6.38201	6.86224	6.04444	5.88644	6.46414	6.72407	6.04169	5.79865	5.55361	5.56254	6.60537	5.56254	5.56254	6.26972	5.06636	5.08923	6.21413	5.08923	5.08923	6.21413	5.08923	5.02686	6.02514	4.92001	5.08923	5.08923	5.08923	6.22742	6.09065	5.06636	5.15728	6.12043	5.39313	5.17016	4.92003	4.90311	5.62468	5.54461	4.92003	4.98709	5.84407	5.39313	5.2687	5.2687	5.2687	5.56254	5.2687	5.2687	5.77287	5.77287	5.2687	5.39313	5.39313	5.48154	6.06624	5.77292	5.87802	6.13132	6.38201	6.38201	6.33271	6.58802	6.72417	6.78269	6.72417	6.49476	5.98675	5.77292	6.04169	6.23545	5.88644	5.67166	5.94511	5.39313	5.39313	5.39313	5.17016	5.54461	5.23394	5.39313	5.71812	5.49357	4.90311	4.98709	5.23394	5.17016	5.49357	4.90311	4.90311	5.27179	5.09573	4.74113	4.90311	4.90311	4.90311	5.27179	4.42163	4.41785	5.16686	4.41785	4.41785	5.16686	4.41785	4.41785	5.16686	4.41785	4.41785	5.16686	4.41785	4.41785	4.41785	4.34567	5.29997	5.30936	4.41785	4.34567	5.29997	4.45161	4.41785	4.41785	4.34567	4.94687	4.76553	3.93949	3.93949	4.76553	3.93949	3.87548	3.6448	3.47124	4.38752	4.38752	3.47124	3.47124	4.38752	3.47124	3.1957	2.95665	3.01819	4.02728	3.29858	3.1957	3.84084
13.3804	13.2669	13.2398	12.9339	12.7472	12.6445	12.369	11.9045	11.8886	12.136	12.1516	12.0209	11.7909	11.7059	11.6243	11.43	11.2955	11.212	10.9646	10.7169	10.6509	10.3003	10.2205	10.1637	9.92001	9.47392	9.29982	9.29982	9.29982	9.31546	8.90978	8.79785	8.82182	8.40621	8.29493	8.32826	8.08163	7.7912	7.64912	7.39637	7.36971	7.77647	7.7912	7.64912	7.39637	7.37637	7.37637	7.28684	7.28684	7.28684	7.49983	7.28684	7.14346	6.89041	6.78208	7.03215	7.28007	7.28684	7.37637	7.6555	7.28684	7.28684	7.28684	7.37637	7.81841	7.6833	7.87473	8.146	8.07553	7.77647	7.87473	7.87473	7.87473	8.34386	7.5889	7.5282	7.77647	8.34386	8.11384	7.5282	7.77647	7.83516	8.28304	7.77647	7.83516	7.5889	7.37637	8.00848	8.28304	7.5889	7.37637	7.84138	7.37637	7.37637	7.37637	7.37637	7.88504	7.09728	6.87845	7.37632	7.37632	6.87845	6.87845	6.87845	6.87845	7.43168	6.60738	6.38144	6.91656	6.91656	6.38144	6.38144	6.38144	6.38144	6.98516	6.11995	5.88591	6.46356	6.72347	6.04115	5.87747	5.63599	5.56204	6.60478	5.56204	5.56204	6.42512	5.15681	5.08878	6.21358	5.08878	5.08878	6.21358	5.08878	5.1439	6.02459	4.8241	5.08878	5.08878	5.08878	6.06563	6.09011	5.15681	5.06591	5.97783	5.39264	5.23347	4.98664	4.90267	5.49307	5.54412	4.98664	4.91959	5.71761	5.39264	5.26823	5.26823	5.26823	5.56204	5.26823	5.26823	5.77235	5.77235	5.26823	5.39264	5.39264	5.42025	5.96681	5.7724	5.84363	6.09835	6.38144	6.38144	6.32171	6.57742	6.72357	6.78208	6.72357	6.5749	6.07391	5.7724	6.04115	6.23489	5.88591	5.72923	6.06568	5.39264	5.39264	5.39264	5.23347	5.54412	5.16969	5.39264	5.84355	5.62418	4.90267	4.91959	5.16969	5.23347	5.62418	4.90267	4.90267	5.40793	5.09527	4.67006	4.90267	4.90267	4.90267	5.40793	4.49586	4.41746	5.16639	4.41746	4.41746	5.16639	4.41746	4.41746	5.16639	4.41746	4.41746	5.16639	4.41746	4.41746	4.41746	4.45121	5.2995	5.14385	4.41746	4.45121	5.2995	4.34528	4.41746	4.41746	4.45121	5.11796	4.7651	3.93913	3.93913	4.7651	3.93913	3.99374	3.77043	3.47092	4.38712	4.38712	3.47092	3.47092	4.38712	3.47092	3.29828	3.06735	3.01791	3.84049	3.19541	3.29828	4.02692
1.03585	1.03585	2.07102	1.55356	0.517965	1.03585	2.07102	1.03585	0.517965	0.517965	1.03585	2.07102	1.03585	1.55356	2.58814	2.07102	1.03585	1.55356	1.55356	1.55356	2.58814	1.03585	1.55356	2.58814	2.58814	1.55356	1.03585	1.03585	1.03585	2.07102	1.03585	1.03585	2.07102	1.03585	1.03585	2.07102	2.07102	1.03585	1.03585	1.03585	0.517965	1.55356	1.03585	1.03585	1.03585	1.55356	1.55356	1.03585	1.03585	1.03585	2.07102	1.03585	1.03585	1.03585	1.03585	1.55356	1.55356	1.03585	1.55356	2.58814	1.03585	1.03585	1.03585	1.55356	2.58814	1.03585	1.55356	3.10483	3.10483	1.55356	1.55356	1.55356	1.55356	3.62103	2.07102	1.55356	1.55356	3.62103	3.62103	1.55356	1.55356	2.07102	3.62103	1.55356	2.07102	2.07102	1.55356	3.10483	3.62103	2.07102	1.55356	3.10483	1.55356	1.55356	1.55356	1.55356	3.62103	2.07102	1.55356	3.10483	3.10483	1.55356	1.55356	1.55356	1.55356	3.62103	2.07102	1.55356	3.10483	3.10483	1.55356	1.55356	1.55356	1.55356	3.62103	2.07102	1.55356	3.10483	3.62103	2.07102	2.07102	2.07102	2.07102	4.13663	2.07102	2.07102	4.13663	2.07102	2.07102	4.13663	2.07102	2.07102	4.13663	2.07102	2.58814	4.13663	1.55356	2.07102	2.07102	2.07102	3.62103	3.62103	2.07102	1.55356	3.10483	1.55356	1.55356	1.55356	1.55356	2.58814	2.58814	1.55356	1.03585	2.58814	1.55356	1.03585	1.03585	1.03585	2.07102	1.03585	1.03585	2.58814	2.58814	1.03585	1.55356	1.55356	1.03585	2.07102	1.03585	0.517965	0.517965	1.55356	1.55356	0	0	0.517965	1.03585	0.517965	1.55356	1.55356	1.03585	2.07102	2.58814	1.55356	1.55356	3.10483	1.55356	1.55356	1.55356	1.55356	2.58814	1.03585	1.55356	3.10483	3.10483	1.55356	1.03585	1.03585	1.55356	3.10483	1.55356	1.55356	3.10483	2.58814	1.03585	1.55356	1.55356	1.55356	3.10483	1.55356	1.55356	3.10483	1.55356	1.55356	3.10483	1.55356	1.55356	3.10483	1.55356	1.55356	3.10483	1.55356	1.55356	1.55356	2.07102	3.62103	3.10483	1.55356	2.07102	3.62103	1.55356	1.55356	1.55356	2.07102	3.62103	3.10483	1.55356	1.55356	3.10483	1.55356	2.07102	2.07102	1.55356	3.10483	3.10483	1.55356	1.55356	3.10483	1.55356	1.55356	1.55356	1.55356	2.58814	1.03585	1.55356	3.10483
1.03573	1.03573	2.07079	1.55339	0.517909	1.03573	2.07079	1.03573	0.517909	0.517909	1.03573	2.07079	1.03573	1.55339	2.58786	2.07079	1.03573	1.55339	1.55339	1.55339	2.58786	1.03573	1.55339	2.58786	2.58786	1.55339	1.03573	1.03573	1.03573	2.07079	1.03573	1.03573	2.07079	1.03573	1.03573	2.07079	2.07079	1.03573	1.03573	1.03573	0.517909	1.55339	1.03573	1.03573	1.03573	1.55339	1.55339	1.03573	1.03573	1.03573	2.07079	1.03573	1.03573	1.03573	1.03573	1.55339	1.55339	1.03573	1.55339	2.58786	1.03573	1.03573	1.03573	1.55339	2.58786	1.03573	1.55339	3.1045	3.1045	1.55339	1.55339	1.55339	1.55339	3.62064	2.07079	1.55339	1.55339	3.62064	3.62064	1.55339	1.55339	2.07079	3.62064	1.55339	2.07079	2.07079	1.55339	3.1045	3.62064	2.07079	1.55339	3.1045	1.55339	1.55339	1.55339	1.55339	3.62064	2.07079	1.55339	3.1045	3.1045	1.55339	1.55339	1.55339	1.55339	3.62064	2.07079	1.55339	3.1045	3.1045	1.55339	1.55339	1.55339	1.55339	3.62064	2.07079	1.55339	3.1045	3.62064	2.07079	2.07079	2.07079	2.07079	4.13619	2.07079	2.07079	4.13619	2.07079	2.07079	4.13619	2.07079	2.07079	4.13619	2.07079	2.58786	4.13619	1.55339	2.07079	2.07079	2.07079	3.62064	3.62064	2.07079	1.55339	3.1045	1.55339	1.55339	1.55339	1.55339	2.58786	2.58786	1.55339	1.03573	2.58786	1.55339	1.03573	1.03573	1.03573	2.07079	1.03573	1.03573	2.58786	2.58786	1.03573	1.55339	1.55339	1.03573	2.07079	1.03573	0.517909	0.517909	1.55339	1.55339	0	0	0.517909	1.03573	0.517909	1.55339	1.55339	1.03573	2.07079	2.58786	1.55339	1.55339	3.1045	1.55339	1.55339	1.55339	1.55339	2.58786	1.03573	1.55339	3.1045	3.1045	1.55339	1.03573	1.03573	1.55339	3.1045	1.55339	1.55339	3.1045	2.58786	1.03573	1.55339	1.55339	1.55339	3.1045	1.55339	1.55339	3.1045	1.55339	1.55339	3.1045	1.55339	1.55339	3.1045	1.55339	1.55339	3.1045	1.55339	1.55339	1.55339	2.07079	3.62064	3.1045	1.55339	2.07079	3.62064	1.55339	1.55339	1.55339	2.07079	3.62064	3.1045	1.55339	1.55339	3.1045	1.55339	2.07079	2.07079	1.55339	3.1045	3.1045	1.55339	1.55339	3.1045	1.55339	1.55339	1.55339	1.55339	2.58786	1.03573	1.55339	3.1045
1.03564	1.03564	2.0706	1.55325	0.517862	1.03564	2.0706	1.03564	0.517862	0.517862	1.03564	2.0706	1.03564	1.55325	2.58762	2.0706	1.03564	1.55325	1.55325	1.55325	2.58762	1.03564	1.55325	2.58762	2.58762	1.55325	1.03564	1.03564	1.03564	2.0706	1.03564	1.03564	2.0706	1.03564	1.03564	2.0706	2.0706	1.03564	1.03564	1.03564	0.517862	1.55325	1.03564	1.03564	1.03564	1.55325	1.55325	1.03564	1.03564	1.03564	2.0706	1.03564	1.03564	1.03564	1.03564	1.55325	1.55325	1.03564	1.55325	2.58762	1.03564	1.03564	1.03564	1.55325	2.58762	1.03564	1.55325	3.10422	3.10422	1.55325	1.55325	1.55325	1.55325	3.62031	2.0706	1.55325	1.55325	3.62031	3.62031	1.55325	1.55325	2.0706	3.62031	1.55325	2.0706	2.0706	1.55325	3.10422	3.62031	2.0706	1.55325	3.10422	1.55325	1.55325	1.55325	1.55325	3.62031	2.0706	1.55325	3.10422	3.10422	1.55325	1.55325	1.55325	1.55325	3.62031	2.0706	1.55325	3.10422	3.10422	1.55325	1.55325	1.55325	1.55325	3.62031	2.0706	1.55325	3.10422	3.62031	2.0706	2.0706	2.0706	2.0706	4.13581	2.0706	2.0706	4.13581	2.0706	2.0706	4.13581	2.0706	2.0706	4.13581	2.0706	2.58762	4.13581	1.55325	2.0706	2.0706	2.0706	3.62031	3.62031	2.0706	1.55325	3.10422	1.55325	1.55325	1.55325	1.55325	2.58762	2.58762	1.55325	1.03564	2.58762	1.55325	1.03564	1.03564	1.03564	2.0706	1.03564	1.03564	2.58762	2.58762	1.03564	1.55325	1.55325	1.03564	2.0706	1.03564	0.517862	0.517862	1.55325	1.55325	0	0	0.517862	1.03564	0.517862	1.55325	1.55325	1.03564	2.0706	2.58762	1.55325	1.55325	3.10422	1.55325	1.55325	1.55325	1.55325	2.58762	1.03564	1.55325	3.10422	3.10422	1.55325	1.03564	1.03564	1.55325	3.10422	1.55325	1.55325	3.10422	2.58762	1.03564	1.55325	1.55325	1.55325	3.10422	1.55325	1.55325	3.10422	1.55325	1.55325	3.10422	1.55325	1.55325	3.10422	1.55325	1.55325	3.10422	1.55325	1.55325	1.55325	2.0706	3.62031	3.10422	1.55325	2.0706	3.62031	1.55325	1.55325	1.55325	2.0706	3.62031	3.10422	1.55325	1.55325	3.10422	1.55325	2.0706	2.0706	1.55325	3.10422	3.10422	1.55325	1.55325	3.10422	1.55325	1.55325	1.55325	1.55325	2.58762	1.03564	1.55325	3.10422
12.2801	12.2801	12.4026	12.2248	11.8842	11.7865	11.9147	11.7865	11.5199	11.023	10.7947	10.9358	10.7947	10.8537	10.9489	10.497	9.93581	9.8626	9.8626	9.8626	9.98103	9.4362	9.36569	9.49761	9.34145	9.22118	9.186	8.93555	8.68488	8.63229	8.29182	8.29182	8.38752	7.93175	7.78828	7.98714	7.98714	7.78828	7.78828	7.78828	7.50577	7.1843	6.77953	6.77953	6.77953	6.87587	6.87587	6.77953	6.77953	6.77953	7.00843	6.77953	6.77953	6.77953	6.77953	6.78194	6.53472	6.2748	6.47393	7.01076	6.77953	6.77953	6.77953	6.87587	7.17513	6.77953	6.87587	7.37355	7.37355	6.87587	6.87587	6.87587	6.87587	7.65473	7.34016	7.27734	7.02951	7.60108	7.60108	6.87587	6.87587	7.00843	7.60108	6.87587	7.09462	7.34016	7.27734	7.54271	7.65473	7.34016	7.27734	7.54271	6.87587	6.87587	6.87587	6.87587	7.65473	7.34016	7.27734	7.54271	7.37355	6.87587	6.78194	6.53472	6.37904	7.20476	6.8495	6.87587	7.31325	7.0853	6.37904	6.37904	6.37904	6.28791	6.93767	6.36091	6.28791	6.58736	6.47383	5.55994	5.55994	5.55994	5.55994	6.6023	5.55994	5.55994	6.6023	5.55994	5.55994	6.5848	5.25675	5.08685	6.21124	5.08685	5.36902	6.4047	5.06399	5.15486	5.39367	5.55994	6.26679	6.08781	5.39367	5.39061	6.0169	5.39061	5.39061	5.39061	5.47898	6.00044	5.94234	5.39061	5.16774	5.54202	5.2315	5.26624	5.26624	5.26624	5.55994	5.26624	5.26624	5.77018	5.77018	5.26624	5.47898	5.72707	5.66902	5.79878	5.62213	5.70103	5.70103	5.97565	6.22463	6.06347	5.80737	5.70103	5.66902	5.33192	5.39061	5.39061	5.16774	5.25675	5.31629	4.90082	4.90082	5.58365	4.90082	4.90082	4.90082	4.90082	5.26932	4.41956	4.41579	5.16444	5.19326	4.73892	4.66829	4.41956	4.41579	5.16444	4.41579	4.41579	5.16444	4.8736	4.26247	4.41579	4.41579	4.41579	5.16444	4.41579	4.41579	5.16444	4.41579	4.41579	5.16444	4.41579	4.41579	5.14191	4.10736	3.93764	4.7633	3.93764	3.93764	3.93764	4.21928	5.30688	5.14191	4.10736	4.21928	5.30688	4.41579	4.34363	4.10736	4.21928	5.30688	5.14191	4.10736	3.93764	4.7633	3.93764	4.16768	4.16768	3.93764	4.7633	4.7633	3.93764	3.87366	4.56744	3.46961	3.46961	3.46961	3.46961	4.02541	2.95527	3.06619	4.20341
12.279	12.279	12.4015	12.2598	11.8991	11.7855	11.9137	11.7855	11.5629	11.0682	10.7937	10.9348	10.7937	10.8527	11.0118	10.6174	9.96727	9.86172	9.86172	9.86172	10.0508	9.46954	9.36485	9.57127	9.34061	9.18518	9.22036	8.97098	8.72144	8.69903	8.29108	8.29108	8.45635	7.97212	7.78758	7.98642	7.98642	7.78758	7.78758	7.78758	7.57458	7.3283	6.77892	6.77892	6.77892	6.87524	6.87524	6.77892	6.77892	6.77892	7.00779	6.77892	6.77892	6.77892	6.77892	6.84888	6.6043	6.27423	6.42225	6.92524	6.77892	6.77892	6.77892	6.87524	7.17447	6.77892	6.87524	7.37286	7.37286	6.87524	6.87524	6.87524	6.87524	7.54201	7.27668	7.33949	7.09397	7.60037	7.60037	6.87524	6.87524	7.00779	7.60037	6.87524	7.02887	7.27668	7.33949	7.65402	7.54201	7.27668	7.33949	7.65402	6.87524	6.87524	6.87524	6.87524	7.54201	7.27668	7.33949	7.65402	7.37286	6.87524	6.84888	6.6043	6.37846	7.08464	6.78133	6.87524	7.4282	7.20409	6.37846	6.37846	6.37846	6.36033	6.93701	6.28734	6.36033	6.86075	6.62407	5.55943	5.55943	5.55943	5.55943	6.60166	5.55943	5.55943	6.60166	5.55943	5.55943	6.75197	5.36851	5.08638	6.21063	5.08638	5.25627	6.40408	5.15439	5.06353	5.30649	5.55943	6.42208	6.08723	5.30649	5.39011	6.01634	5.39011	5.39011	5.39011	5.41771	5.99988	6.06282	5.39011	5.23102	5.54151	5.16727	5.26577	5.26577	5.26577	5.55943	5.26577	5.26577	5.76964	5.76964	5.26577	5.41771	5.6685	5.72655	5.79825	5.5862	5.70052	5.70052	5.91957	6.17084	6.0738	5.81822	5.70052	5.72655	5.36858	5.39011	5.39011	5.23102	5.36851	5.31579	4.90037	4.90037	5.58312	4.90037	4.90037	4.90037	4.90037	5.40537	4.49375	4.41538	5.16395	5.05035	4.66787	4.73848	4.49375	4.41538	5.16395	4.41538	4.41538	5.16395	4.87313	4.26208	4.41538	4.41538	4.41538	5.16395	4.41538	4.41538	5.16395	4.41538	4.41538	5.16395	4.41538	4.41538	5.30636	4.21888	3.93728	4.76283	3.93728	3.93728	3.93728	4.10697	5.14141	5.30636	4.21888	4.10697	5.14141	4.41538	4.44911	4.21888	4.10697	5.14141	5.30636	4.21888	3.93728	4.76283	3.93728	4.16729	4.16729	3.93728	4.76283	4.76283	3.93728	3.99185	4.75232	3.46928	3.46928	3.46928	3.46928	4.20299	3.0659	2.95499	4.02502
1.03534	1.03534	2.07001	2.07001	1.03534	1.03534	2.07001	1.03534	1.5528	1.5528	1.03534	2.07001	1.03534	1.5528	3.10332	3.10332	1.5528	1.5528	1.5528	1.5528	3.10332	1.5528	1.5528	3.10332	2.58687	1.03534	1.5528	1.5528	1.5528	2.58687	1.03534	1.03534	2.58687	1.5528	1.03534	2.07001	2.07001	1.03534	1.03534	1.03534	1.5528	2.58687	1.03534	1.03534	1.03534	1.5528	1.5528	1.03534	1.03534	1.03534	2.07001	1.03534	1.03534	1.03534	1.03534	2.07001	2.07001	1.03534	1.03534	2.07001	1.03534	1.03534	1.03534	1.5528	2.58687	1.03534	1.5528	3.10332	3.10332	1.5528	1.5528	1.5528	1.5528	3.10332	1.5528	2.07001	2.07001	3.61927	3.61927	1.5528	1.5528	2.07001	3.61927	1.5528	1.5528	1.5528	2.07001	3.61927	3.10332	1.5528	2.07001	3.61927	1.5528	1.5528	1.5528	1.5528	3.10332	1.5528	2.07001	3.61927	3.10332	1.5528	2.07001	2.07001	1.5528	3.10332	1.5528	1.5528	3.61927	3.61927	1.5528	1.5528	1.5528	2.07001	3.61927	1.5528	2.07001	4.13462	4.13462	2.07001	2.07001	2.07001	2.07001	4.13462	2.07001	2.07001	4.13462	2.07001	2.07001	4.64931	2.58687	2.07001	4.13462	2.07001	2.07001	4.13462	2.07001	1.5528	1.5528	2.07001	4.13462	3.61927	1.5528	1.5528	3.10332	1.5528	1.5528	1.5528	1.03534	2.58687	3.10332	1.5528	1.5528	2.58687	1.03534	1.03534	1.03534	1.03534	2.07001	1.03534	1.03534	2.58687	2.58687	1.03534	1.03534	1.03534	1.5528	2.07001	0.517713	0.517713	0.517713	1.03534	1.03534	0.517713	0.517713	0.517713	1.5528	1.03534	1.5528	1.5528	1.5528	2.58687	2.58687	1.5528	1.5528	3.10332	1.5528	1.5528	1.5528	1.5528	3.10332	1.5528	1.5528	3.10332	2.58687	1.03534	1.5528	1.5528	1.5528	3.10332	1.5528	1.5528	3.10332	2.58687	1.03534	1.5528	1.5528	1.5528	3.10332	1.5528	1.5528	3.10332	1.5528	1.5528	3.10332	1.5528	1.5528	3.61927	2.07001	1.5528	3.10332	1.5528	1.5528	1.5528	1.5528	3.10332	3.61927	2.07001	1.5528	3.10332	1.5528	2.07001	2.07001	1.5528	3.10332	3.61927	2.07001	1.5528	3.10332	1.5528	2.07001	2.07001	1.5528	3.10332	3.10332	1.5528	2.07001	3.61927	1.5528	1.5528	1.5528	1.5528	3.10332	1.5528	1.03534	2.58687
1.03525	1.03525	2.06982	2.06982	1.03525	1.03525	2.06982	1.03525	1.55266	1.55266	1.03525	2.06982	1.03525	1.55266	3.10304	3.10304	1.55266	1.55266	1.55266	1.55266	3.10304	1.55266	1.55266	3.10304	2.58664	1.03525	1.55266	1.55266	1.55266	2.58664	1.03525	1.03525	2.58664	1.55266	1.03525	2.06982	2.06982	1.03525	1.03525	1.03525	1.55266	2.58664	1.03525	1.03525	1.03525	1.55266	1.55266	1.03525	1.03525	1.03525	2.06982	1.03525	1.03525	1.03525	1.03525	2.06982	2.06982	1.03525	1.03525	2.06982	1.03525	1.03525	1.03525	1.55266	2.58664	1.03525	1.55266	3.10304	3.10304	1.55266	1.55266	1.55266	1.55266	3.10304	1.55266	2.06982	2.06982	3.61894	3.61894	1.55266	1.55266	2.06982	3.61894	1.55266	1.55266	1.55266	2.06982	3.61894	3.10304	1.55266	2.06982	3.61894	1.55266	1.55266	1.55266	1.55266	3.10304	1.55266	2.06982	3.61894	3.10304	1.55266	2.06982	2.06982	1.55266	3.10304	1.55266	1.55266	3.61894	3.61894	1.55266	1.55266	1.55266	2.06982	3.61894	1.55266	2.06982	4.13425	4.13425	2.06982	2.06982	2.06982	2.06982	4.13425	2.06982	2.06982	4.13425	2.06982	2.06982	4.64889	2.58664	2.06982	4.13425	2.06982	2.06982	4.13425	2.06982	1.55266	1.55266	2.06982	4.13425	3.61894	1.55266	1.55266	3.10304	1.55266	1.55266	1.55266	1.03525	2.58664	3.10304	1.55266	1.55266	2.58664	1.03525	1.03525	1.03525	1.03525	2.06982	1.03525	1.03525	2.58664	2.58664	1.03525	1.03525	1.03525	1.55266	2.06982	0.517666	0.517666	0.517666	1.03525	1.03525	0.517666	0.517666	0.517666	1.55266	1.03525	1.55266	1.55266	1.55266	2.58664	2.58664	1.55266	1.55266	3.10304	1.55266	1.55266	1.55266	1.55266	3.10304	1.55266	1.55266	3.10304	2.58664	1.03525	1.55266	1.55266	1.55266	3.10304	1.55266	1.55266	3.10304	2.58664	1.03525	1.55266	1.55266	1.55266	3.10304	1.55266	1.55266	3.10304	1.55266	1.55266	3.10304	1.55266	1.55266	3.61894	2.06982	1.55266	3.10304	1.55266	1.55266	1.55266	1.55266	3.10304	3.61894	2.06982	1.55266	3.10304	1.55266	2.06982	2.06982	1.55266	3.10304	3.61894	2.06982	1.55266	3.10304	1.55266	2.06982	2.06982	1.55266	3.10304	3.10304	1.55266	2.06982	3.61894	1.55266	1.55266	1.55266	1.55266	3.10304	1.55266	1.03525	2.58664
1.03515	1.03515	2.06963	2.06963	1.03515	1.03515	2.06963	1.03515	1.55252	1.55252	1.03515	2.06963	1.03515	1.55252	3.10276	3.10276	1.55252	1.55252	1.55252	1.55252	3.10276	1.55252	1.55252	3.10276	2.58641	1.03515	1.55252	1.55252	1.55252	2.58641	1.03515	1.03515	2.58641	1.55252	1.03515	2.06963	2.06963	1.03515	1.03515	1.03515	1.55252	2.58641	1.03515	1.03515	1.03515	1.55252	1.55252	1.03515	1.03515	1.03515	2.06963	1.03515	1.03515	1.03515	1.03515	2.06963	2.06963	1.03515	1.03515	2.06963	1.03515	1.03515	1.03515	1.55252	2.58641	1.03515	1.55252	3.10276	3.10276	1.55252	1.55252	1.55252	1.55252	3.10276	1.55252	2.06963	2.06963	3.61861	3.61861	1.55252	1.55252	2.06963	3.61861	1.55252	1.55252	1.55252	2.06963	3.61861	3.10276	1.55252	2.06963	3.61861	1.55252	1.55252	1.55252	1.55252	3.10276	1.55252	2.06963	3.61861	3.10276	1.55252	2.06963	2.06963	1.55252	3.10276	1.55252	1.55252	3.61861	3.61861	1.55252	1.55252	1.55252	2.06963	3.61861	1.55252	2.06963	4.13388	4.13388	2.06963	2.06963	2.06963	2.06963	4.13388	2.06963	2.06963	4.13388	2.06963	2.06963	4.64847	2.58641	2.06963	4.13388	2.06963	2.06963	4.13388	2.06963	1.55252	1.55252	2.06963	4.13388	3.61861	1.55252	1.55252	3.10276	1.55252	1.55252	1.55252	1.03515	2.58641	3.10276	1.55252	1.55252	2.58641	1.03515	1.03515	1.03515	1.03515	2.06963	1.03515	1.03515	2.58641	2.58641	1.03515	1.03515	1.03515	1.55252	2.06963	0.517619	0.517619	0.517619	1.03515	1.03515	0.517619	0.517619	0.517619	1.55252	1.03515	1.55252	1.55252	1.55252	2.58641	2.58641	1.55252	1.55252	3.10276	1.55252	1.55252	1.55252	1.55252	3.10276	1.55252	1.55252	3.10276	2.58641	1.03515	1.55252	1.55252	1.55252	3.10276	1.55252	1.55252	3.10276	2.58641	1.03515	1.55252	1.55252	1.55252	3.10276	1.55252	1.55252	3.10276	1.55252	1.55252	3.10276	1.55252	1.55252	3.61861	2.06963	1.55252	3.10276	1.55252	1.55252	1.55252	1.55252	3.10276	3.61861	2.06963	1.55252	3.10276	1.55252	2.06963	2.06963	1.55252	3.10276	3.61861	2.06963	1.55252	3.10276	1.55252	2.06963	2.06963	1.55252	3.10276	3.10276	1.55252	2.06963	3.61861	1.55252	1.55252	1.55252	1.55252	3.10276	1.55252	1.03515	2.58641
1.03504	1.03504	2.06941	2.06941	1.03504	1.03504	2.06941	1.03504	1.55235	1.55235	1.03504	2.06941	1.03504	1.55235	3.10243	3.10243	1.55235	1.55235	1.55235	1.55235	3.10243	1.55235	1.55235	3.10243	2.58613	1.03504	1.55235	1.55235	1.55235	2.58613	1.03504	1.03504	2.58613	1.55235	1.03504	2.06941	2.06941	1.03504	1.03504	1.03504	1.55235	2.58613	1.03504	1.03504	1.03504	1.55235	1.55235	1.03504	1.03504	1.03504	2.06941	1.03504	1.03504	1.03504	1.03504	2.06941	2.06941	1.03504	1.03504	2.06941	1.03504	1.03504	1.03504	1.55235	2.58613	1.03504	1.55235	3.10243	3.10243	1.55235	1.55235	1.55235	1.55235	3.10243	1.55235	2.06941	2.06941	3.61822	3.61822	1.55235	1.55235	2.06941	3.61822	1.55235	1.55235	1.55235	2.06941	3.61822	3.10243	1.55235	2.06941	3.61822	1.55235	1.55235	1.55235	1.55235	3.10243	1.55235	2.06941	3.61822	3.10243	1.55235	2.06941	2.06941	1.55235	3.10243	1.55235	1.55235	3.61822	3.61822	1.55235	1.55235	1.55235	2.06941	3.61822	1.55235	2.06941	4.13343	4.13343	2.06941	2.06941	2.06941	2.06941	4.13343	2.06941	2.06941	4.13343	2.06941	2.06941	4.64797	2.58613	2.06941	4.13343	2.06941	2.06941	4.13343	2.06941	1.55235	1.55235	2.06941	4.13343	3.61822	1.55235	1.55235	3.10243	1.55235	1.55235	1.55235	1.03504	2.58613	3.10243	1.55235	1.55235	2.58613	1.03504	1.03504	1.03504	1.03504	2.06941	1.03504	1.03504	2.58613	2.58613	1.03504	1.03504	1.03504	1.55235	2.06941	0.517563	0.517563	0.517563	1.03504	1.03504	0.517563	0.517563	0.517563	1.55235	1.03504	1.55235	1.55235	1.55235	2.58613	2.58613	1.55235	1.55235	3.10243	1.55235	1.55235	1.55235	1.55235	3.10243	1.55235	1.55235	3.10243	2.58613	1.03504	1.55235	1.55235	1.55235	3.10243	1.55235	1.55235	3.10243	2.58613	1.03504	1.55235	1.55235	1.55235	3.10243	1.55235	1.55235	3.10243	1.55235	1.55235	3.10243	1.55235	1.55235	3.61822	2.06941	1.55235	3.10243	1.55235	1.55235	1.55235	1.55235	3.10243	3.61822	2.06941	1.55235	3.10243	1.55235	2.06941	2.06941	1.55235	3.10243	3.61822	2.06941	1.55235	3.10243	1.55235	2.06941	2.06941	1.55235	3.10243	3.10243	1.55235	2.06941	3.61822	1.55235	1.55235	1.55235	1.55235	3.10243	1.55235	1.03504	2.58613
1.03495	1.03495	2.06922	2.06922	1.03495	1.03495	2.06922	1.03495	1.55221	1.55221	1.03495	2.06922	1.03495	1.55221	3.10215	3.10215	1.55221	1.55221	1.55221	1.55221	3.10215	1.55221	1.55221	3.10215	2.58589	1.03495	1.55221	1.55221	1.55221	2.58589	1.03495	1.03495	2.58589	1.55221	1.03495	2.06922	2.06922	1.03495	1.03495	1.03495	1.55221	2.58589	1.03495	1.03495	1.03495	1.55221	1.55221	1.03495	1.03495	1.03495	2.06922	1.03495	1.03495	1.03495	1.03495	2.06922	2.06922	1.03495	1.03495	2.06922	1.03495	1.03495	1.03495	1.55221	2.58589	1.03495	1.55221	3.10215	3.10215	1.55221	1.55221	1.55221	1.55221	3.10215	1.55221	2.06922	2.06922	3.6179	3.6179	1.55221	1.55221	2.06922	3.6179	1.55221	1.55221	1.55221	2.06922	3.6179	3.10215	1.55221	2.06922	3.6179	1.55221	1.55221	1.55221	1.55221	3.10215	1.55221	2.06922	3.6179	3.10215	1.55221	2.06922	2.06922	1.55221	3.10215	1.55221	1.55221	3.6179	3.6179	1.55221	1.55221	1.55221	2.06922	3.6179	1.55221	2.06922	4.13306	4.13306	2.06922	2.06922	2.06922	2.06922	4.13306	2.06922	2.06922	4.13306	2.06922	2.06922	4.64755	2.58589	2.06922	4.13306	2.06922	2.06922	4.13306	2.06922	1.55221	1.55221	2.06922	4.13306	3.6179	1.55221	1.55221	3.10215	1.55221	1.55221	1.55221	1.03495	2.58589	3.10215	1.55221	1.55221	2.58589	1.03495	1.03495	1.03495	1.03495	2.06922	1.03495	1.03495	2.58589	2.58589	1.03495	1.03495	1.03495	1.55221	2.06922	0.517516	0.517516	0.517516	1.03495	1.03495	0.517516	0.517516	0.517516	1.55221	1.03495	1.55221	1.55221	1.55221	2.58589	2.58589	1.55221	1.55221	3.10215	1.55221	1.55221	1.55221	1.55221	3.10215	1.55221	1.55221	3.10215	2.58589	1.03495	1.55221	1.55221	1.55221	3.10215	1.55221	1.55221	3.10215	2.58589	1.03495	1.55221	1.55221	1.55221	3.10215	1.55221	1.55221	3.10215	1.55221	1.55221	3.10215	1.55221	1.55221	3.6179	2.06922	1.55221	3.10215	1.55221	1.55221	1.55221	1.55221	3.10215	3.6179	2.06922	1.55221	3.10215	1.55221	2.06922	2.06922	1.55221	3.10215	3.6179	2.06922	1.55221	3.10215	1.55221	2.06922	2.06922	1.55221	3.10215	3.10215	1.55221	2.06922	3.6179	1.55221	1.55221	1.55221	1.55221	3.10215	1.55221	1.03495	2.58589
1.03485	1.03485	2.06903	2.06903	1.03485	1.03485	2.06903	1.03485	1.55207	1.55207	1.03485	2.06903	1.03485	1.55207	3.10187	3.10187	1.55207	1.55207	1.55207	1.55207	3.10187	1.55207	1.55207	3.10187	2.58566	1.03485	1.55207	1.55207	1.55207	2.58566	1.03485	1.03485	2.58566	1.55207	1.03485	2.06903	2.06903	1.03485	1.03485	1.03485	1.55207	2.58566	1.03485	1.03485	1.03485	1.55207	1.55207	1.03485	1.03485	1.03485	2.06903	1.03485	1.03485	1.03485	1.03485	2.06903	2.06903	1.03485	1.03485	2.06903	1.03485	1.03485	1.03485	1.55207	2.58566	1.03485	1.55207	3.10187	3.10187	1.55207	1.55207	1.55207	1.55207	3.10187	1.55207	2.06903	2.06903	3.61757	3.61757	1.55207	1.55207	2.06903	3.61757	1.55207	1.55207	1.55207	2.06903	3.61757	3.10187	1.55207	2.06903	3.61757	1.55207	1.55207	1.55207	1.55207	3.10187	1.55207	2.06903	3.61757	3.10187	1.55207	2.06903	2.06903	1.55207	3.10187	1.55207	1.55207	3.61757	3.61757	1.55207	1.55207	1.55207	2.06903	3.61757	1.55207	2.06903	4.13269	4.13269	2.06903	2.06903	2.06903	2.06903	4.13269	2.06903	2.06903	4.13269	2.06903	2.06903	4.64713	2.58566	2.06903	4.13269	2.06903	2.06903	4.13269	2.06903	1.55207	1.55207	2.06903	4.13269	3.61757	1.55207	1.55207	3.10187	1.55207	1.55207	1.55207	1.03485	2.58566	3.10187	1.55207	1.55207	2.58566	1.03485	1.03485	1.03485	1.03485	2.06903	1.03485	1.03485	2.58566	2.58566	1.03485	1.03485	1.03485	1.55207	2.06903	0.517469	0.517469	0.517469	1.03485	1.03485	0.517469	0.517469	0.517469	1.55207	1.03485	1.55207	1.55207	1.55207	2.58566	2.58566	1.55207	1.55207	3.10187	1.55207	1.55207	1.55207	1.55207	3.10187	1.55207	1.55207	3.10187	2.58566	1.03485	1.55207	1.55207	1.55207	3.10187	1.55207	1.55207	3.10187	2.58566	1.03485	1.55207	1.55207	1.55207	3.10187	1.55207	1.55207	3.10187	1.55207	1.55207	3.10187	1.55207	1.55207	3.61757	2.06903	1.55207	3.10187	1.55207	1.55207	1.55207	1.55207	3.10187	3.61757	2.06903	1.55207	3.10187	1.55207	2.06903	2.06903	1.55207	3.10187	3.61757	2.06903	1.55207	3.10187	1.55207	2.06903	2.06903	1.55207	3.10187	3.10187	1.55207	2.06903	3.61757	1.55207	1.55207	1.55207	1.55207	3.10187	1.55207	1.03485	2.58566
1.03474	1.03474	2.06881	2.06881	1.03474	1.03474	2.06881	1.03474	1.5519	1.5519	1.03474	2.06881	1.03474	1.5519	3.10153	3.10153	1.5519	1.5519	1.5519	1.5519	3.10153	1.5519	1.5519	3.10153	2.58538	1.03474	1.5519	1.5519	1.5519	2.58538	1.03474	1.03474	2.58538	1.5519	1.03474	2.06881	2.06881	1.03474	1.03474	1.03474	1.5519	2.58538	1.03474	1.03474	1.03474	1.5519	1.5519	1.03474	1.03474	1.03474	2.06881	1.03474	1.03474	1.03474	1.03474	2.06881	2.06881	1.03474	1.03474	2.06881	1.03474	1.03474	1.03474	1.5519	2.58538	1.03474	1.5519	3.10153	3.10153	1.5519	1.5519	1.5519	1.5519	3.10153	1.5519	2.06881	2.06881	3.61718	3.61718	1.5519	1.5519	2.06881	3.61718	1.5519	1.5519	1.5519	2.06881	3.61718	3.10153	1.5519	2.06881	3.61718	1.5519	1.5519	1.5519	1.5519	3.10153	1.5519	2.06881	3.61718	3.10153	1.5519	2.06881	2.06881	1.5519	3.10153	1.5519	1.5519	3.61718	3.61718	1.5519	1.5519	1.5519	2.06881	3.61718	1.5519	2.06881	4.13224	4.13224	2.06881	2.06881	2.06881	2.06881	4.13224	2.06881	2.06881	4.13224	2.06881	2.06881	4.64663	2.58538	2.06881	4.13224	2.06881	2.06881	4.13224	2.06881	1.5519	1.5519	2.06881	4.13224	3.61718	1.5519	1.5519	3.10153	1.5519	1.5519	1.5519	1.03474	2.58538	3.10153	1.5519	1.5519	2.58538	1.03474	1.03474	1.03474	1.03474	2.06881	1.03474	1.03474	2.58538	2.58538	1.03474	1.03474	1.03474	1.5519	2.06881	0.517413	0.517413	0.517413	1.03474	1.03474	0.517413	0.517413	0.517413	1.5519	1.03474	1.5519	1.5519	1.5519	2.58538	2.58538	1.5519	1.5519	3.10153	1.5519	1.5519	1.5519	1.5519	3.10153	1.5519	1.5519	3.10153	2.58538	1.03474	1.5519	1.5519	1.5519	3.10153	1.5519	1.5519	3.10153	2.58538	1.03474	1.5519	1.5519	1.5519	3.10153	1.5519	1.5519	3.10153	1.5519	1.5519	3.10153	1.5519	1.5519	3.61718	2.06881	1.5519	3.10153	1.5519	1.5519	1.5519	1.5519	3.10153	3.61718	2.06881	1.5519	3.10153	1.5519	2.06881	2.06881	1.5519	3.10153	3.61718	2.06881	1.5519	3.10153	1.5519	2.06881	2.06881	1.5519	3.10153	3.10153	1.5519	2.06881	3.61718	1.5519	1.5519	1.5519	1.5519	3.10153	1.5519	1.03474	2.58538
1.03465	1.03465	2.06862	2.06862	1.03465	1.03465	2.06862	1.03465	1.55176	1.55176	1.03465	2.06862	1.03465	1.55176	3.10125	3.10125	1.55176	1.55176	1.55176	1.55176	3.10125	1.55176	1.55176	3.10125	2.58515	1.03465	1.55176	1.55176	1.55176	2.58515	1.03465	1.03465	2.58515	1.55176	1.03465	2.06862	2.06862	1.03465	1.03465	1.03465	1.55176	2.58515	1.03465	1.03465	1.03465	1.55176	1.55176	1.03465	1.03465	1.03465	2.06862	1.03465	1.03465	1.03465	1.03465	2.06862	2.06862	1.03465	1.03465	2.06862	1.03465	1.03465	1.03465	1.55176	2.58515	1.03465	1.55176	3.10125	3.10125	1.55176	1.55176	1.55176	1.55176	3.10125	1.55176	2.06862	2.06862	3.61685	3.61685	1.55176	1.55176	2.06862	3.61685	1.55176	1.55176	1.55176	2.06862	3.61685	3.10125	1.55176	2.06862	3.61685	1.55176	1.55176	1.55176	1.55176	3.10125	1.55176	2.06862	3.61685	3.10125	1.55176	2.06862	2.06862	1.55176	3.10125	1.55176	1.55176	3.61685	3.61685	1.55176	1.55176	1.55176	2.06862	3.61685	1.55176	2.06862	4.13187	4.13187	2.06862	2.06862	2.06862	2.06862	4.13187	2.06862	2.06862	4.13187	2.06862	2.06862	4.64622	2.58515	2.06862	4.13187	2.06862	2.06862	4.13187	2.06862	1.55176	1.55176	2.06862	4.13187	3.61685	1.55176	1.55176	3.10125	1.55176	1.55176	1.55176	1.03465	2.58515	3.10125	1.55176	1.55176	2.58515	1.03465	1.03465	1.03465	1.03465	2.06862	1.03465	1.03465	2.58515	2.58515	1.03465	1.03465	1.03465	1.55176	2.06862	0.517367	0.517367	0.517367	1.03465	1.03465	0.517367	0.517367	0.517367	1.55176	1.03465	1.55176	1.55176	1.55176	2.58515	2.58515	1.55176	1.55176	3.10125	1.55176	1.55176	1.55176	1.55176	3.10125	1.55176	1.55176	3.10125	2.58515	1.03465	1.55176	1.55176	1.55176	3.10125	1.55176	1.55176	3.10125	2.58515	1.03465	1.55176	1.55176	1.55176	3.10125	1.55176	1.55176	3.10125	1.55176	1.55176	3.10125	1.55176	1.55176	3.61685	2.06862	1.55176	3.10125	1.55176	1.55176	1.55176	1.55176	3.10125	3.61685	2.06862	1.55176	3.10125	1.55176	2.06862	2.06862	1.55176	3.10125	3.61685	2.06862	1.55176	3.10125	1.55176	2.06862	2.06862	1.55176	3.10125	3.10125	1.55176	2.06862	3.61685	1.55176	1.55176	1.55176	1.55176	3.10125	1.55176	1.03465	2.58515
1.03456	1.03456	2.06844	2.06844	1.03456	1.03456	2.06844	1.03456	1.55162	1.55162	1.03456	2.06844	1.03456	1.55162	3.10097	3.10097	1.55162	1.55162	1.55162	1.55162	3.10097	1.55162	1.55162	3.10097	2.58491	1.03456	1.55162	1.55162	1.55162	2.58491	1.03456	1.03456	2.58491	1.55162	1.03456	2.06844	2.06844	1.03456	1.03456	1.03456	1.55162	2.58491	1.03456	1.03456	1.03456	1.55162	1.55162	1.03456	1.03456	1.03456	2.06844	1.03456	1.03456	1.03456	1.03456	2.06844	2.06844	1.03456	1.03456	2.06844	1.03456	1.03456	1.03456	1.55162	2.58491	1.03456	1.55162	3.10097	3.10097	1.55162	1.55162	1.55162	1.55162	3.10097	1.55162	2.06844	2.06844	3.61653	3.61653	1.55162	1.55162	2.06844	3.61653	1.55162	1.55162	1.55162	2.06844	3.61653	3.10097	1.55162	2.06844	3.61653	1.55162	1.55162	1.55162	1.55162	3.10097	1.55162	2.06844	3.61653	3.10097	1.55162	2.06844	2.06844	1.55162	3.10097	1.55162	1.55162	3.61653	3.61653	1.55162	1.55162	1.55162	2.06844	3.61653	1.55162	2.06844	4.1315	4.1315	2.06844	2.06844	2.06844	2.06844	4.1315	2.06844	2.06844	4.1315	2.06844	2.06844	4.6458	2.58491	2.06844	4.1315	2.06844	2.06844	4.1315	2.06844	1.55162	1.55162	2.06844	4.1315	3.61653	1.55162	1.55162	3.10097	1.55162	1.55162	1.55162	1.03456	2.58491	3.10097	1.55162	1.55162	2.58491	1.03456	1.03456	1.03456	1.03456	2.06844	1.03456	1.03456	2.58491	2.58491	1.03456	1.03456	1.03456	1.55162	2.06844	0.51732	0.51732	0.51732	1.03456	1.03456	0.51732	0.51732	0.51732	1.55162	1.03456	1.55162	1.55162	1.55162	2.58491	2.58491	1.55162	1.55162	3.10097	1.55162	1.55162	1.55162	1.55162	3.10097	1.55162	1.55162	3.10097	2.58491	1.03456	1.55162	1.55162	1.55162	3.10097	1.55162	1.55162	3.10097	2.58491	1.03456	1.55162	1.55162	1.55162	3.10097	1.55162	1.55162	3.10097	1.55162	1.55162	3.10097	1.55162	1.55162	3.61653	2.06844	1.55162	3.10097	1.55162	1.55162	1.55162	1.55162	3.10097	3.61653	2.06844	1.55162	3.10097	1.55162	2.06844	2.06844	1.55162	3.10097	3.61653	2.06844	1.55162	3.10097	1.55162	2.06844	2.06844	1.55162	3.10097	3.10097	1.55162	2.06844	3.61653	1.55162	1.55162	1.55162	1.55162	3.10097	1.55162	1.03456	2.58491
11.2798	11.168	11.0708	10.8264	10.4236	10.286	10.3372	9.92561	9.95792	10.2062	10.1747	9.99814	9.42649	9.35605	9.72096	9.72096	9.35605	9.35605	9.35605	9.25367	9.40589	8.85896	8.85896	9.2449	9.00574	8.42531	8.3614	8.3614	8.3614	8.52493	7.92355	7.67247	7.88432	7.71491	7.67247	7.64686	7.4036	6.91872	6.77249	6.77249	6.96596	7.4058	6.91872	6.77249	6.77249	6.7749	6.52793	6.26828	6.26828	6.26828	6.51531	6.26828	6.26828	6.26828	6.26828	6.51531	6.51531	6.26828	6.26828	6.51531	6.26828	6.26828	6.26828	6.46721	6.93052	6.41615	6.37241	6.96591	7.19732	6.86873	6.86873	6.86873	6.7749	7.07796	6.37241	6.59804	6.84239	7.59321	7.59321	6.7749	6.52793	6.59804	7.37032	6.52793	6.37241	6.37241	6.59804	7.37032	7.07796	6.37241	6.59804	7.4212	6.86873	6.7749	6.52793	6.37241	6.90679	6.37241	6.59804	7.4212	7.30568	6.52793	6.59804	6.84239	6.86873	7.30568	6.52793	6.37241	7.14934	7.14934	6.37241	6.28138	6.03534	6.11129	6.93047	6.03534	6.03259	7.00106	7.00106	6.03259	6.03259	6.03259	6.03259	7.00106	6.03259	6.03259	7.00106	6.03259	6.03259	7.31231	6.22606	6.03259	7.00106	6.03259	6.03259	7.00106	6.03259	5.78991	5.54524	5.628	6.82308	6.71396	5.87758	5.78991	6.23133	5.72111	5.87758	5.87758	5.76423	6.22606	6.45442	5.87758	5.87758	6.16493	5.41256	5.26076	5.26076	5.26076	5.55415	5.26076	5.26076	5.76417	5.76417	5.26076	5.26076	5.26076	5.47328	5.79275	5.32637	4.96292	4.45611	4.16736	3.92085	3.76512	4.02131	4.27748	4.73397	4.75843	4.97956	5.22605	5.38499	5.70951	5.48529	4.89571	4.89571	5.57784	4.89571	4.89571	4.89571	4.89571	5.57784	4.89571	4.89571	5.57784	5.26384	4.41495	4.41118	4.41118	4.41118	5.15906	4.41118	4.41118	5.15906	4.83093	3.92085	3.93353	3.93353	3.93353	4.75833	3.93353	3.93353	4.75833	3.93353	3.93353	4.75833	3.93353	3.93353	5.1107	4.44489	4.3391	4.9394	3.93353	3.93353	3.93353	3.93353	4.75833	5.1107	4.44489	4.3391	4.9394	3.93353	4.21487	4.44489	4.3391	4.9394	5.1107	4.44489	4.41118	5.13656	4.10307	4.21487	4.44489	4.41118	5.15906	5.15906	4.41118	4.61694	5.47316	4.10307	3.93353	3.93353	3.93353	4.75833	3.93353	3.67569	4.21483
11.2787	11.1953	11.1212	10.8781	10.4531	10.2849	10.3917	9.95687	9.92456	10.1737	10.2051	10.1247	9.45964	9.35505	9.71992	9.71992	9.35505	9.35505	9.35505	9.30141	9.49361	8.85801	8.85801	9.24392	9.08346	8.46288	8.36051	8.36051	8.36051	8.60738	7.96374	7.71408	7.88348	7.67164	7.71408	7.72251	7.48188	6.96521	6.77177	6.77177	6.91797	7.405	6.96521	6.77177	6.77177	6.84166	6.59733	6.2676	6.2676	6.2676	6.51462	6.2676	6.2676	6.2676	6.2676	6.51462	6.51462	6.2676	6.2676	6.51462	6.2676	6.2676	6.2676	6.41546	6.92978	6.46651	6.37173	6.86079	7.09572	6.868	6.868	6.868	6.84166	7.19652	6.37173	6.52723	6.77418	7.5924	7.5924	6.84166	6.59733	6.52723	7.36953	6.59733	6.37173	6.37173	6.52723	7.36953	7.19652	6.37173	6.52723	7.30489	6.868	6.84166	6.59733	6.37173	6.90605	6.37173	6.52723	7.30489	7.42041	6.59733	6.52723	6.77418	6.868	7.42041	6.59733	6.37173	7.14857	7.14857	6.37173	6.35362	6.11063	6.03469	6.92973	6.11063	6.03194	7.00031	7.00031	6.03194	6.03194	6.03194	6.03194	7.00031	6.03194	6.03194	7.00031	6.03194	6.03194	7.31153	6.2254	6.03194	7.00031	6.03194	6.03194	7.00031	6.03194	5.86851	5.62739	5.54464	6.67644	6.71324	5.87694	5.86851	6.23066	5.66251	5.87694	5.87694	5.7636	6.2254	6.45373	5.87694	5.87694	6.28065	5.47269	5.26019	5.26019	5.26019	5.55355	5.26019	5.26019	5.76355	5.76355	5.26019	5.26019	5.26019	5.41198	5.79213	5.3629	5.06799	4.57317	4.24584	4.00429	3.74701	4.00431	4.26147	4.66292	4.75792	4.91208	5.1618	5.38441	5.83464	5.6156	4.89518	4.89518	5.57724	4.89518	4.89518	4.89518	4.89518	5.57724	4.89518	4.89518	5.57724	5.39967	4.48899	4.4107	4.4107	4.4107	5.15851	4.4107	4.4107	5.15851	4.97895	4.00429	3.93311	3.93311	3.93311	4.75782	3.93311	3.93311	4.75782	3.93311	3.93311	4.75782	3.93311	3.93311	4.93887	4.33863	4.44441	5.11015	3.93311	3.93311	3.93311	3.93311	4.75782	4.93887	4.33863	4.44441	5.11015	3.93311	4.10263	4.33863	4.44441	5.11015	4.93887	4.33863	4.4107	5.30078	4.21442	4.10263	4.33863	4.4107	5.15851	5.15851	4.4107	4.61644	5.6507	4.21442	3.93311	3.93311	3.93311	4.75782	3.93311	3.76469	4.38421
1.03426	1.55117	2.58417	2.58417	1.55117	1.03426	2.58417	1.55117	1.03426	1.03426	1.55117	3.10008	1.55117	1.55117	3.10008	3.10008	1.55117	1.55117	1.55117	2.06784	3.61549	1.55117	1.55117	3.10008	3.10008	1.55117	1.55117	1.55117	1.55117	3.10008	1.55117	1.55117	2.58417	1.03426	1.55117	2.58417	2.58417	1.55117	1.03426	1.03426	1.03426	2.58417	1.55117	1.03426	1.03426	2.06784	2.06784	1.03426	1.03426	1.03426	2.06784	1.03426	1.03426	1.03426	1.03426	2.06784	2.06784	1.03426	1.03426	2.06784	1.03426	1.03426	1.03426	1.03426	2.58417	1.55117	1.55117	2.58417	2.58417	1.55117	1.55117	1.55117	2.06784	3.61549	1.55117	1.55117	1.55117	3.61549	3.61549	2.06784	2.06784	1.55117	3.61549	2.06784	1.55117	1.55117	1.55117	3.61549	3.61549	1.55117	1.55117	3.10008	1.55117	2.06784	2.06784	1.55117	3.10008	1.55117	1.55117	3.10008	3.61549	2.06784	1.55117	1.55117	1.55117	3.61549	2.06784	1.55117	3.61549	3.61549	1.55117	2.06784	2.06784	1.55117	3.61549	2.06784	2.06784	4.13031	4.13031	2.06784	2.06784	2.06784	2.06784	4.13031	2.06784	2.06784	4.13031	2.06784	2.06784	4.64446	2.58417	2.06784	4.13031	2.06784	2.06784	4.13031	2.06784	2.06784	2.06784	1.55117	3.61549	3.61549	1.55117	2.06784	3.10008	1.03426	1.55117	1.55117	1.03426	2.58417	3.10008	1.55117	1.55117	3.10008	1.55117	1.03426	1.03426	1.03426	2.06784	1.03426	1.03426	2.58417	2.58417	1.03426	1.03426	1.03426	1.03426	2.06784	1.03426	1.55117	1.55117	1.55117	1.55117	0	0	0	1.03426	1.03426	1.03426	1.03426	1.55117	3.10008	3.10008	1.55117	1.55117	3.10008	1.55117	1.55117	1.55117	1.55117	3.10008	1.55117	1.55117	3.10008	3.10008	1.55117	1.55117	1.55117	1.55117	3.10008	1.55117	1.55117	3.10008	3.10008	1.55117	1.55117	1.55117	1.55117	3.10008	1.55117	1.55117	3.10008	1.55117	1.55117	3.10008	1.55117	1.55117	3.10008	1.55117	2.06784	3.61549	1.55117	1.55117	1.55117	1.55117	3.10008	3.10008	1.55117	2.06784	3.61549	1.55117	1.55117	1.55117	2.06784	3.61549	3.10008	1.55117	1.55117	3.61549	2.06784	1.55117	1.55117	1.55117	3.10008	3.10008	1.55117	2.06784	4.13031	2.06784	1.55117	1.55117	1.55117	3.10008	1.55117	1.55117	3.10008
1.03416	1.55103	2.58394	2.58394	1.55103	1.03416	2.58394	1.55103	1.03416	1.03416	1.55103	3.0998	1.55103	1.55103	3.0998	3.0998	1.55103	1.55103	1.55103	2.06765	3.61516	1.55103	1.55103	3.0998	3.0998	1.55103	1.55103	1.55103	1.55103	3.0998	1.55103	1.55103	2.58394	1.03416	1.55103	2.58394	2.58394	1.55103	1.03416	1.03416	1.03416	2.58394	1.55103	1.03416	1.03416	2.06765	2.06765	1.03416	1.03416	1.03416	2.06765	1.03416	1.03416	1.03416	1.03416	2.06765	2.06765	1.03416	1.03416	2.06765	1.03416	1.03416	1.03416	1.03416	2.58394	1.55103	1.55103	2.58394	2.58394	1.55103	1.55103	1.55103	2.06765	3.61516	1.55103	1.55103	1.55103	3.61516	3.61516	2.06765	2.06765	1.55103	3.61516	2.06765	1.55103	1.55103	1.55103	3.61516	3.61516	1.55103	1.55103	3.0998	1.55103	2.06765	2.06765	1.55103	3.0998	1.55103	1.55103	3.0998	3.61516	2.06765	1.55103	1.55103	1.55103	3.61516	2.06765	1.55103	3.61516	3.61516	1.55103	2.06765	2.06765	1.55103	3.61516	2.06765	2.06765	4.12994	4.12994	2.06765	2.06765	2.06765	2.06765	4.12994	2.06765	2.06765	4.12994	2.06765	2.06765	4.64404	2.58394	2.06765	4.12994	2.06765	2.06765	4.12994	2.06765	2.06765	2.06765	1.55103	3.61516	3.61516	1.55103	2.06765	3.0998	1.03416	1.55103	1.55103	1.03416	2.58394	3.0998	1.55103	1.55103	3.0998	1.55103	1.03416	1.03416	1.03416	2.06765	1.03416	1.03416	2.58394	2.58394	1.03416	1.03416	1.03416	1.03416	2.06765	1.03416	1.55103	1.55103	1.55103	1.55103	0	0	0	1.03416	1.03416	1.03416	1.03416	1.55103	3.0998	3.0998	1.55103	1.55103	3.0998	1.55103	1.55103	1.55103	1.55103	3.0998	1.55103	1.55103	3.0998	3.0998	1.55103	1.55103	1.55103	1.55103	3.0998	1.55103	1.55103	3.0998	3.0998	1.55103	1.55103	1.55103	1.55103	3.0998	1.55103	1.55103	3.0998	1.55103	1.55103	3.0998	1.55103	1.55103	3.0998	1.55103	2.06765	3.61516	1.55103	1.55103	1.55103	1.55103	3.0998	3.0998	1.55103	2.06765	3.61516	1.55103	1.55103	1.55103	2.06765	3.61516	3.0998	1.55103	1.55103	3.61516	2.06765	1.55103	1.55103	1.55103	3.0998	3.0998	1.55103	2.06765	4.12994	2.06765	1.55103	1.55103	1.55103	3.0998	1.55103	1.55103	3.0998
11.5478	11.3318	11.3262	10.8444	10.3442	10.171	10.122	9.49792	9.17312	8.92301	8.85565	9.24144	8.85565	8.75449	8.93019	8.76738	8.35827	8.25852	8.01053	8.06723	8.72661	8.01053	7.86069	8.29577	8.2269	7.51476	7.36319	7.36319	7.36319	7.82738	7.36319	7.36319	7.64183	7.27383	7.36319	7.56669	7.32976	6.86615	6.76995	6.76995	6.66491	6.9279	6.71397	6.66491	6.41374	6.51285	6.51285	6.16266	5.91172	5.76205	6.03031	5.76205	5.76205	5.76205	5.76205	6.03031	6.03031	5.76205	5.76205	6.03031	5.76205	5.76205	5.76205	5.76205	6.2237	5.87536	5.87536	6.2237	6.2237	5.87536	5.87536	5.87536	6.03031	6.71141	5.87536	5.87536	5.87536	6.71141	6.71141	6.03031	6.03031	5.87536	6.75285	6.3519	6.27901	6.03306	5.87536	6.75285	6.97264	6.37001	6.27901	6.62528	5.87536	6.10898	6.3519	6.37001	6.90417	6.37001	6.37001	6.90417	7.19457	6.83982	6.77235	6.52547	6.37001	7.19457	6.83982	6.77235	7.36753	7.36753	6.52547	6.59555	6.83982	6.77235	7.32077	6.51285	6.59555	7.66945	7.84395	6.99852	6.99852	6.99852	6.99852	7.84395	6.99852	6.99852	7.84395	6.99852	6.99852	8.15534	7.47987	7.48643	8.28002	7.48643	7.48643	8.32895	7.82118	7.97589	7.97589	7.86069	8.49689	8.49689	7.86069	8.06723	8.53123	7.92058	7.7626	7.51476	7.16732	7.26026	7.07527	6.37001	6.37001	6.90417	6.37001	6.26592	6.26592	6.16266	6.19458	5.76205	5.66098	5.9339	5.76198	5.25877	5.25877	5.25877	5.25877	5.55205	5.25877	5.38296	5.38296	5.29944	5.0568	4.51726	4.26032	4.12979	4.25641	4.25641	4.16578	3.91936	3.93203	4.7565	4.7565	3.93203	3.93203	4.7565	3.93203	3.93203	3.93203	3.93203	4.7565	3.93203	3.93203	4.7565	4.7565	3.93203	3.93203	3.93203	3.93203	4.7565	3.93203	3.93203	4.7565	4.7565	3.93203	3.93203	3.93203	3.93203	4.7565	3.93203	3.93203	4.7565	3.93203	3.93203	4.74603	3.63789	3.46466	4.3792	3.46466	3.76363	4.92405	3.93203	3.86814	3.63789	3.46466	4.3792	4.3792	3.46466	3.72367	4.75645	3.46466	3.46466	3.46466	3.72367	4.75645	4.3792	3.46466	3.46466	4.75645	3.72367	3.46466	3.46466	3.46466	4.3792	4.38297	3.18961	3.33248	4.97748	3.72367	3.41144	3.18961	3.01246	4.03199	3.01246	3.01246	4.03199
11.6122	11.3306	11.4585	10.9833	10.3431	10.2013	10.2717	9.54426	9.20727	8.95824	8.85471	9.24048	8.85471	8.8052	9.02292	8.76647	8.35738	8.31255	8.06637	8.00968	8.72571	8.06637	7.85985	8.29491	8.32812	7.57455	7.36241	7.36241	7.36241	7.82656	7.36241	7.36241	7.64103	7.27305	7.36241	7.66021	7.42645	6.86542	6.76922	6.76922	6.71325	6.92717	6.6642	6.71325	6.46408	6.51217	6.51217	6.21516	5.96655	5.76144	6.02967	5.76144	5.76144	5.76144	5.76144	6.02967	6.02967	5.76144	5.76144	6.02967	5.76144	5.76144	5.76144	5.76144	6.22305	5.87473	5.87473	6.22305	6.22305	5.87473	5.87473	5.87473	6.02967	6.71072	5.87473	5.87473	5.87473	6.71072	6.71072	6.02967	6.02967	5.87473	6.6246	6.27834	6.35123	6.10833	5.87473	6.6246	6.84862	6.36933	6.35123	6.75215	5.87473	6.03242	6.27834	6.36933	6.90345	6.36933	6.36933	6.90345	7.07454	6.77163	6.83909	6.59485	6.36933	7.07454	6.77163	6.83909	7.36677	7.36677	6.59485	6.52478	6.77163	6.83909	7.45275	6.51217	6.52478	7.53991	7.84315	6.99778	6.99778	6.99778	6.99778	7.84315	6.99778	6.99778	7.84315	6.99778	6.99778	8.01771	7.40003	7.48564	8.27918	7.48564	7.48564	8.2102	7.76177	7.97505	7.97505	7.85985	8.49601	8.49601	7.85985	8.00968	8.53034	7.96076	7.82035	7.57455	7.21207	7.47249	7.19382	6.36933	6.36933	6.90345	6.36933	6.26525	6.26525	6.21516	6.28878	5.76144	5.71834	6.05416	5.76138	5.25821	5.25821	5.25821	5.25821	5.55146	5.25821	5.38239	5.38239	5.38544	5.147	4.53142	4.27541	4.12934	4.25595	4.25595	4.24423	4.00277	3.93162	4.75602	4.75602	3.93162	3.93162	4.75602	3.93162	3.93162	3.93162	3.93162	4.75602	3.93162	3.93162	4.75602	4.75602	3.93162	3.93162	3.93162	3.93162	4.75602	3.93162	3.93162	4.75602	4.75602	3.93162	3.93162	3.93162	3.93162	4.75602	3.93162	3.93162	4.75602	3.93162	3.93162	4.92357	3.76324	3.4643	4.37876	3.4643	3.63752	4.74556	3.93162	3.98612	3.76324	3.4643	4.37876	4.37876	3.4643	3.72328	4.75599	3.4643	3.4643	3.4643	3.72328	4.75599	4.37876	3.4643	3.4643	4.75599	3.72328	3.4643	3.4643	3.4643	4.37876	4.57495	3.33214	3.18928	4.77335	3.72328	3.54493	3.33214	3.01215	4.0316	3.01215	3.01215	4.0316
2.06706	1.55059	3.61412	3.61412	1.55059	1.55059	3.61412	2.06706	1.55059	1.55059	1.55059	3.09891	1.55059	2.06706	3.61412	3.09891	1.55059	2.06706	2.06706	1.55059	3.61412	2.06706	1.55059	3.09891	3.61412	2.06706	1.55059	1.55059	1.55059	3.09891	1.55059	1.55059	2.58319	1.03386	1.55059	3.09891	3.09891	1.55059	1.03386	1.03386	1.55059	2.58319	1.03386	1.55059	1.55059	2.06706	2.06706	1.55059	1.55059	1.03386	2.06706	1.03386	1.03386	1.03386	1.03386	2.06706	2.06706	1.03386	1.03386	2.06706	1.03386	1.03386	1.03386	1.03386	2.58319	1.55059	1.55059	2.58319	2.58319	1.55059	1.55059	1.55059	2.06706	3.61412	1.55059	1.55059	1.55059	3.61412	3.61412	2.06706	2.06706	1.55059	3.09891	1.55059	2.06706	2.06706	1.55059	3.09891	3.09891	1.55059	2.06706	3.61412	1.55059	1.55059	1.55059	1.55059	3.09891	1.55059	1.55059	3.09891	3.09891	1.55059	2.06706	2.06706	1.55059	3.09891	1.55059	2.06706	3.61412	3.61412	2.06706	1.55059	1.55059	2.06706	4.12875	2.06706	1.55059	3.61412	4.12875	2.06706	2.06706	2.06706	2.06706	4.12875	2.06706	2.06706	4.12875	2.06706	2.06706	4.12875	2.06706	2.06706	4.12875	2.06706	2.06706	3.61412	1.55059	2.06706	2.06706	1.55059	3.61412	3.61412	1.55059	1.55059	3.09891	1.55059	2.06706	2.06706	1.55059	3.61412	3.61412	1.55059	1.55059	3.09891	1.55059	1.03386	1.03386	1.55059	2.58319	1.03386	1.55059	3.09891	2.58319	1.03386	1.03386	1.03386	1.03386	2.06706	1.03386	1.55059	1.55059	2.06706	2.06706	0.516975	0.516975	0	1.03386	1.03386	1.55059	1.55059	1.55059	3.09891	3.09891	1.55059	1.55059	3.09891	1.55059	1.55059	1.55059	1.55059	3.09891	1.55059	1.55059	3.09891	3.09891	1.55059	1.55059	1.55059	1.55059	3.09891	1.55059	1.55059	3.09891	3.09891	1.55059	1.55059	1.55059	1.55059	3.09891	1.55059	1.55059	3.09891	1.55059	1.55059	3.61412	2.06706	1.55059	3.09891	1.55059	1.55059	3.09891	1.55059	2.06706	2.06706	1.55059	3.09891	3.09891	1.55059	2.06706	3.61412	1.55059	1.55059	1.55059	2.06706	3.61412	3.09891	1.55059	1.55059	3.61412	2.06706	1.55059	1.55059	1.55059	3.09891	3.61412	2.06706	1.55059	3.61412	2.06706	2.06706	2.06706	1.55059	3.09891	1.55059	1.55059	3.09891
2.06687	1.55045	3.61379	3.61379	1.55045	1.55045	3.61379	2.06687	1.55045	1.55045	1.55045	3.09863	1.55045	2.06687	3.61379	3.09863	1.55045	2.06687	2.06687	1.55045	3.61379	2.06687	1.55045	3.09863	3.61379	2.06687	1.55045	1.55045	1.55045	3.09863	1.55045	1.55045	2.58296	1.03377	1.55045	3.09863	3.09863	1.55045	1.03377	1.03377	1.55045	2.58296	1.03377	1.55045	1.55045	2.06687	2.06687	1.55045	1.55045	1.03377	2.06687	1.03377	1.03377	1.03377	1.03377	2.06687	2.06687	1.03377	1.03377	2.06687	1.03377	1.03377	1.03377	1.03377	2.58296	1.55045	1.55045	2.58296	2.58296	1.55045	1.55045	1.55045	2.06687	3.61379	1.55045	1.55045	1.55045	3.61379	3.61379	2.06687	2.06687	1.55045	3.09863	1.55045	2.06687	2.06687	1.55045	3.09863	3.09863	1.55045	2.06687	3.61379	1.55045	1.55045	1.55045	1.55045	3.09863	1.55045	1.55045	3.09863	3.09863	1.55045	2.06687	2.06687	1.55045	3.09863	1.55045	2.06687	3.61379	3.61379	2.06687	1.55045	1.55045	2.06687	4.12838	2.06687	1.55045	3.61379	4.12838	2.06687	2.06687	2.06687	2.06687	4.12838	2.06687	2.06687	4.12838	2.06687	2.06687	4.12838	2.06687	2.06687	4.12838	2.06687	2.06687	3.61379	1.55045	2.06687	2.06687	1.55045	3.61379	3.61379	1.55045	1.55045	3.09863	1.55045	2.06687	2.06687	1.55045	3.61379	3.61379	1.55045	1.55045	3.09863	1.55045	1.03377	1.03377	1.55045	2.58296	1.03377	1.55045	3.09863	2.58296	1.03377	1.03377	1.03377	1.03377	2.06687	1.03377	1.55045	1.55045	2.06687	2.06687	0.516928	0.516928	0	1.03377	1.03377	1.55045	1.55045	1.55045	3.09863	3.09863	1.55045	1.55045	3.09863	1.55045	1.55045	1.55045	1.55045	3.09863	1.55045	1.55045	3.09863	3.09863	1.55045	1.55045	1.55045	1.55045	3.09863	1.55045	1.55045	3.09863	3.09863	1.55045	1.55045	1.55045	1.55045	3.09863	1.55045	1.55045	3.09863	1.55045	1.55045	3.61379	2.06687	1.55045	3.09863	1.55045	1.55045	3.09863	1.55045	2.06687	2.06687	1.55045	3.09863	3.09863	1.55045	2.06687	3.61379	1.55045	1.55045	1.55045	2.06687	3.61379	3.09863	1.55045	1.55045	3.61379	2.06687	1.55045	1.55045	1.55045	3.09863	3.61379	2.06687	1.55045	3.61379	2.06687	2.06687	2.06687	1.55045	3.09863	1.55045	1.55045	3.09863
2.06665	1.55028	3.6134	3.6134	1.55028	1.55028	3.6134	2.06665	1.55028	1.55028	1.55028	3.09829	1.55028	2.06665	3.6134	3.09829	1.55028	2.06665	2.06665	1.55028	3.6134	2.06665	1.55028	3.09829	3.6134	2.06665	1.55028	1.55028	1.55028	3.09829	1.55028	1.55028	2.58268	1.03366	1.55028	3.09829	3.09829	1.55028	1.03366	1.03366	1.55028	2.58268	1.03366	1.55028	1.55028	2.06665	2.06665	1.55028	1.55028	1.03366	2.06665	1.03366	1.03366	1.03366	1.03366	2.06665	2.06665	1.03366	1.03366	2.06665	1.03366	1.03366	1.03366	1.03366	2.58268	1.55028	1.55028	2.58268	2.58268	1.55028	1.55028	1.55028	2.06665	3.6134	1.55028	1.55028	1.55028	3.6134	3.6134	2.06665	2.06665	1.55028	3.09829	1.55028	2.06665	2.06665	1.55028	3.09829	3.09829	1.55028	2.06665	3.6134	1.55028	1.55028	1.55028	1.55028	3.09829	1.55028	1.55028	3.09829	3.09829	1.55028	2.06665	2.06665	1.55028	3.09829	1.55028	2.06665	3.6134	3.6134	2.06665	1.55028	1.55028	2.06665	4.12793	2.06665	1.55028	3.6134	4.12793	2.06665	2.06665	2.06665	2.06665	4.12793	2.06665	2.06665	4.12793	2.06665	2.06665	4.12793	2.06665	2.06665	4.12793	2.06665	2.06665	3.6134	1.55028	2.06665	2.06665	1.55028	3.6134	3.6134	1.55028	1.55028	3.09829	1.55028	2.06665	2.06665	1.55028	3.6134	3.6134	1.55028	1.55028	3.09829	1.55028	1.03366	1.03366	1.55028	2.58268	1.03366	1.55028	3.09829	2.58268	1.03366	1.03366	1.03366	1.03366	2.06665	1.03366	1.55028	1.55028	2.06665	2.06665	0.516872	0.516872	0	1.03366	1.03366	1.55028	1.55028	1.55028	3.09829	3.09829	1.55028	1.55028	3.09829	1.55028	1.55028	1.55028	1.55028	3.09829	1.55028	1.55028	3.09829	3.09829	1.55028	1.55028	1.55028	1.55028	3.09829	1.55028	1.55028	3.09829	3.09829	1.55028	1.55028	1.55028	1.55028	3.09829	1.55028	1.55028	3.09829	1.55028	1.55028	3.6134	2.06665	1.55028	3.09829	1.55028	1.55028	3.09829	1.55028	2.06665	2.06665	1.55028	3.09829	3.09829	1.55028	2.06665	3.6134	1.55028	1.55028	1.55028	2.06665	3.6134	3.09829	1.55028	1.55028	3.6134	2.06665	1.55028	1.55028	1.55028	3.09829	3.6134	2.06665	1.55028	3.6134	2.06665	2.06665	2.06665	1.55028	3.09829	1.55028	1.55028	3.09829
12.036	11.7122	11.8421	11.3738	10.482	10.133	10.2085	9.44407	9.2458	8.9981	8.7503	8.85501	8.00669	7.97206	8.49284	8.22297	7.51114	7.57171	7.81742	7.75887	8.26433	7.81742	7.75887	7.99037	8.0955	7.81742	7.75887	7.51114	7.35965	7.82363	7.35965	7.35965	7.63817	7.27033	7.35965	7.82363	7.82363	7.35965	7.16387	6.91278	6.95999	7.39945	6.91278	6.86284	6.86284	6.91276	6.6715	6.46166	6.71073	6.66169	6.6715	6.26289	6.26289	6.26289	6.26289	6.50972	6.43107	5.90886	5.75927	6.02741	5.75927	5.65824	5.4079	5.25623	5.75921	5.38036	5.46856	5.98905	5.93105	5.38036	5.38036	5.38036	5.62316	6.4945	5.54046	5.38036	5.38036	6.28374	6.28374	5.62316	5.86409	5.87252	6.40031	5.54046	5.62316	5.86409	5.87252	6.44888	6.44888	5.87252	6.02741	6.7082	5.87252	5.87252	5.87252	5.87252	6.44888	5.87252	5.87252	6.44888	6.44888	5.87252	6.10604	6.34884	6.36694	6.90086	6.36694	6.50972	7.14321	7.19113	6.83652	6.76909	6.52233	6.59238	7.6658	6.99516	6.76909	7.31727	7.41261	6.50972	6.50972	6.50972	6.50972	7.41261	6.50972	6.50972	7.41261	6.50972	6.50972	7.41261	6.50972	6.50972	7.44996	6.83652	6.99516	7.53709	6.52233	6.59238	6.83652	6.76909	7.36401	7.36401	6.52233	6.36694	6.90086	6.36694	6.59238	6.83652	6.86284	7.64026	7.81111	7.0162	6.86284	7.42367	7.20937	7.37961	7.6318	7.95778	8.35812	7.91678	7.75887	7.8672	6.95993	5.90886	5.86412	6.11683	6.26289	6.50972	6.26289	6.27598	6.03015	5.81897	5.13218	4.15979	4.15979	4.00129	3.91746	3.75744	3.93014	3.93014	3.93014	4.74377	4.55874	3.46299	3.46299	4.37711	3.46299	3.40979	3.18808	3.01101	4.03007	3.01101	3.01101	4.03007	4.03007	3.01101	3.06033	3.29074	3.46299	4.37711	3.46299	3.46299	4.37711	4.37711	3.46299	3.46299	3.46299	3.46299	4.37711	3.46299	3.46299	4.37711	3.46299	3.46299	4.75419	3.72188	3.46299	4.37711	3.46299	3.46299	4.38088	3.18808	3.33088	3.54359	3.46299	4.37711	4.37711	3.46299	3.72188	4.75419	3.46299	3.46299	3.46299	3.76182	4.92171	4.74377	3.63614	3.46299	4.74375	3.98462	3.86628	3.63614	3.46299	4.37711	4.75419	3.72188	3.46299	4.75419	3.72188	3.76182	3.98462	3.93014	4.75423	3.93014	3.86628	4.55874
12.0819	11.7488	12.0101	11.5495	10.5236	10.2326	10.406	9.44323	9.29366	9.04741	8.80114	9.05626	8.06264	7.97135	8.49209	8.32427	7.57103	7.51047	7.75818	7.81673	8.26359	7.75818	7.81673	8.09478	7.98966	7.75818	7.81673	7.57103	7.35899	7.82294	7.35899	7.35899	7.63749	7.26968	7.35899	7.82294	7.82294	7.35899	7.20872	6.95936	6.91217	7.39879	6.95936	6.86223	6.86223	6.99686	6.75877	6.41007	6.6611	6.71013	6.75877	6.26233	6.26233	6.26233	6.26233	6.50914	6.52172	5.96377	5.75875	6.02687	5.75875	5.71568	5.46807	5.25576	5.7587	5.37988	5.40741	5.98851	6.05134	5.37988	5.37988	5.37988	5.53997	6.49392	5.62265	5.37988	5.37988	6.28318	6.28318	5.53997	5.78442	5.872	6.53172	5.62265	5.53997	5.78442	5.872	6.4483	6.4483	5.872	6.02687	6.7076	5.872	5.872	5.872	5.872	6.4483	5.872	5.872	6.4483	6.4483	5.872	6.02961	6.27542	6.36637	6.90025	6.36637	6.50914	7.14257	7.07126	6.76849	6.83591	6.59179	6.52174	7.53642	6.99453	6.83591	7.4493	7.41195	6.50914	6.50914	6.50914	6.50914	7.41195	6.50914	6.50914	7.41195	6.50914	6.50914	7.41195	6.50914	6.50914	7.31662	6.76849	6.99453	7.66512	6.59179	6.52174	6.76849	6.83591	7.36335	7.36335	6.59179	6.36637	6.90025	6.36637	6.52174	6.76849	6.86223	7.52778	7.81041	7.08055	6.86223	7.32559	7.16323	7.35235	7.60544	7.91607	8.35738	7.95707	7.81673	8.23009	7.31662	5.96377	5.82981	6.08394	6.26233	6.50914	6.26233	6.34828	6.10549	6.18037	5.53989	4.15942	4.15942	4.01747	4.0009	3.7571	3.92978	3.92978	3.92978	4.92127	4.74332	3.46268	3.46268	4.37672	3.46268	3.54327	3.33058	3.01074	4.02971	3.01074	3.01074	4.02971	4.02971	3.01074	2.94936	3.18782	3.46268	4.37672	3.46268	3.46268	4.37672	4.37672	3.46268	3.46268	3.46268	3.46268	4.37672	3.46268	3.46268	4.37672	3.46268	3.46268	4.75376	3.72154	3.46268	4.37672	3.46268	3.46268	4.57281	3.33058	3.18779	3.40949	3.46268	4.37672	4.37672	3.46268	3.72154	4.75376	3.46268	3.46268	3.46268	3.63581	4.74334	4.92127	3.76148	3.46268	4.55833	3.86593	3.98426	3.76148	3.46268	4.37672	4.75376	3.72154	3.46268	4.75376	3.72154	3.63581	3.86593	3.92978	4.7538	3.92978	3.98426	4.74332
2.58194	2.06605	4.64046	4.64046	2.06605	2.58194	4.64046	2.06605	2.06605	2.06605	2.06605	4.12674	2.06605	2.06605	3.61236	3.61236	2.06605	1.54983	1.54983	2.06605	3.61236	1.54983	2.06605	3.61236	3.0974	1.54983	2.06605	2.06605	1.54983	3.0974	1.54983	1.54983	2.58194	1.03336	1.54983	3.0974	3.0974	1.54983	1.54983	1.54983	1.03336	2.58194	1.54983	1.54983	1.54983	2.58194	2.58194	1.03336	1.03336	1.54983	2.58194	1.03336	1.03336	1.03336	1.03336	2.06605	2.58194	1.54983	1.03336	2.06605	1.03336	1.54983	1.54983	1.03336	2.58194	1.54983	1.03336	2.58194	3.0974	1.54983	1.54983	1.54983	1.54983	3.61236	2.06605	1.54983	1.54983	3.61236	3.61236	1.54983	1.54983	1.54983	3.61236	2.06605	1.54983	1.54983	1.54983	3.0974	3.0974	1.54983	2.06605	3.61236	1.54983	1.54983	1.54983	1.54983	3.0974	1.54983	1.54983	3.0974	3.0974	1.54983	1.54983	1.54983	1.54983	3.0974	1.54983	2.06605	3.61236	3.0974	1.54983	2.06605	2.06605	1.54983	3.61236	2.06605	2.06605	4.12674	4.12674	2.06605	2.06605	2.06605	2.06605	4.12674	2.06605	2.06605	4.12674	2.06605	2.06605	4.12674	2.06605	2.06605	3.61236	1.54983	2.06605	4.12674	2.06605	1.54983	1.54983	2.06605	3.61236	3.61236	2.06605	1.54983	3.0974	1.54983	1.54983	1.54983	1.54983	3.0974	3.61236	2.06605	1.54983	2.58194	1.03336	0.516723	0.516723	1.03336	2.58194	1.54983	2.06605	4.64046	4.12674	1.54983	0.516723	0.516723	1.03336	2.06605	1.03336	2.06605	2.06605	3.61236	3.61236	0.516723	0.516723	0.516723	1.54983	1.03336	1.54983	1.54983	1.54983	3.61236	3.61236	1.54983	1.54983	3.0974	1.54983	2.06605	2.06605	1.54983	3.0974	1.54983	1.54983	3.0974	3.0974	1.54983	1.03336	1.03336	1.54983	3.0974	1.54983	1.54983	3.0974	3.0974	1.54983	1.54983	1.54983	1.54983	3.0974	1.54983	1.54983	3.0974	1.54983	1.54983	3.61236	2.06605	1.54983	3.0974	1.54983	1.54983	3.61236	2.06605	1.54983	1.54983	1.54983	3.0974	3.0974	1.54983	2.06605	3.61236	1.54983	1.54983	1.54983	1.54983	3.0974	3.61236	2.06605	1.54983	3.0974	1.54983	2.06605	2.06605	1.54983	3.0974	3.61236	2.06605	1.54983	3.61236	2.06605	1.54983	1.54983	1.54983	3.0974	1.54983	2.06605	3.61236
2.5817	2.06587	4.64004	4.64004	2.06587	2.5817	4.64004	2.06587	2.06587	2.06587	2.06587	4.12637	2.06587	2.06587	3.61204	3.61204	2.06587	1.54969	1.54969	2.06587	3.61204	1.54969	2.06587	3.61204	3.09712	1.54969	2.06587	2.06587	1.54969	3.09712	1.54969	1.54969	2.5817	1.03327	1.54969	3.09712	3.09712	1.54969	1.54969	1.54969	1.03327	2.5817	1.54969	1.54969	1.54969	2.5817	2.5817	1.03327	1.03327	1.54969	2.5817	1.03327	1.03327	1.03327	1.03327	2.06587	2.5817	1.54969	1.03327	2.06587	1.03327	1.54969	1.54969	1.03327	2.5817	1.54969	1.03327	2.5817	3.09712	1.54969	1.54969	1.54969	1.54969	3.61204	2.06587	1.54969	1.54969	3.61204	3.61204	1.54969	1.54969	1.54969	3.61204	2.06587	1.54969	1.54969	1.54969	3.09712	3.09712	1.54969	2.06587	3.61204	1.54969	1.54969	1.54969	1.54969	3.09712	1.54969	1.54969	3.09712	3.09712	1.54969	1.54969	1.54969	1.54969	3.09712	1.54969	2.06587	3.61204	3.09712	1.54969	2.06587	2.06587	1.54969	3.61204	2.06587	2.06587	4.12637	4.12637	2.06587	2.06587	2.06587	2.06587	4.12637	2.06587	2.06587	4.12637	2.06587	2.06587	4.12637	2.06587	2.06587	3.61204	1.54969	2.06587	4.12637	2.06587	1.54969	1.54969	2.06587	3.61204	3.61204	2.06587	1.54969	3.09712	1.54969	1.54969	1.54969	1.54969	3.09712	3.61204	2.06587	1.54969	2.5817	1.03327	0.516676	0.516676	1.03327	2.5817	1.54969	2.06587	4.64004	4.12637	1.54969	0.516676	0.516676	1.03327	2.06587	1.03327	2.06587	2.06587	3.61204	3.61204	0.516676	0.516676	0.516676	1.54969	1.03327	1.54969	1.54969	1.54969	3.61204	3.61204	1.54969	1.54969	3.09712	1.54969	2.06587	2.06587	1.54969	3.09712	1.54969	1.54969	3.09712	3.09712	1.54969	1.03327	1.03327	1.54969	3.09712	1.54969	1.54969	3.09712	3.09712	1.54969	1.54969	1.54969	1.54969	3.09712	1.54969	1.54969	3.09712	1.54969	1.54969	3.61204	2.06587	1.54969	3.09712	1.54969	1.54969	3.61204	2.06587	1.54969	1.54969	1.54969	3.09712	3.09712	1.54969	2.06587	3.61204	1.54969	1.54969	1.54969	1.54969	3.09712	3.61204	2.06587	1.54969	3.09712	1.54969	2.06587	2.06587	1.54969	3.09712	3.61204	2.06587	1.54969	3.61204	2.06587	1.54969	1.54969	1.54969	3.09712	1.54969	2.06587	3.61204
2.58147	2.06568	4.63963	4.63963	2.06568	2.58147	4.63963	2.06568	2.06568	2.06568	2.06568	4.126	2.06568	2.06568	3.61171	3.61171	2.06568	1.54955	1.54955	2.06568	3.61171	1.54955	2.06568	3.61171	3.09684	1.54955	2.06568	2.06568	1.54955	3.09684	1.54955	1.54955	2.58147	1.03318	1.54955	3.09684	3.09684	1.54955	1.54955	1.54955	1.03318	2.58147	1.54955	1.54955	1.54955	2.58147	2.58147	1.03318	1.03318	1.54955	2.58147	1.03318	1.03318	1.03318	1.03318	2.06568	2.58147	1.54955	1.03318	2.06568	1.03318	1.54955	1.54955	1.03318	2.58147	1.54955	1.03318	2.58147	3.09684	1.54955	1.54955	1.54955	1.54955	3.61171	2.06568	1.54955	1.54955	3.61171	3.61171	1.54955	1.54955	1.54955	3.61171	2.06568	1.54955	1.54955	1.54955	3.09684	3.09684	1.54955	2.06568	3.61171	1.54955	1.54955	1.54955	1.54955	3.09684	1.54955	1.54955	3.09684	3.09684	1.54955	1.54955	1.54955	1.54955	3.09684	1.54955	2.06568	3.61171	3.09684	1.54955	2.06568	2.06568	1.54955	3.61171	2.06568	2.06568	4.126	4.126	2.06568	2.06568	2.06568	2.06568	4.126	2.06568	2.06568	4.126	2.06568	2.06568	4.126	2.06568	2.06568	3.61171	1.54955	2.06568	4.126	2.06568	1.54955	1.54955	2.06568	3.61171	3.61171	2.06568	1.54955	3.09684	1.54955	1.54955	1.54955	1.54955	3.09684	3.61171	2.06568	1.54955	2.58147	1.03318	0.51663	0.51663	1.03318	2.58147	1.54955	2.06568	4.63963	4.126	1.54955	0.51663	0.51663	1.03318	2.06568	1.03318	2.06568	2.06568	3.61171	3.61171	0.51663	0.51663	0.51663	1.54955	1.03318	1.54955	1.54955	1.54955	3.61171	3.61171	1.54955	1.54955	3.09684	1.54955	2.06568	2.06568	1.54955	3.09684	1.54955	1.54955	3.09684	3.09684	1.54955	1.03318	1.03318	1.54955	3.09684	1.54955	1.54955	3.09684	3.09684	1.54955	1.54955	1.54955	1.54955	3.09684	1.54955	1.54955	3.09684	1.54955	1.54955	3.61171	2.06568	1.54955	3.09684	1.54955	1.54955	3.61171	2.06568	1.54955	1.54955	1.54955	3.09684	3.09684	1.54955	2.06568	3.61171	1.54955	1.54955	1.54955	1.54955	3.09684	3.61171	2.06568	1.54955	3.09684	1.54955	2.06568	2.06568	1.54955	3.09684	3.61171	2.06568	1.54955	3.61171	2.06568	1.54955	1.54955	1.54955	3.09684	1.54955	2.06568	3.61171
11.4987	11.2031	11.5151	11.0663	9.74126	9.56155	10.1786	8.76656	8.36784	8.12385	7.96837	8.66442	7.63677	7.47937	8.03332	8.03332	7.47937	7.35624	7.35624	7.47937	8.03332	7.35624	7.5682	8.32116	8.28798	7.85327	8.05963	8.30561	8.3504	8.75915	8.3504	8.3504	8.51372	7.91311	7.85327	8.28798	8.28798	7.85327	7.85327	7.85327	7.66235	7.7971	7.35624	7.35624	7.35624	7.55956	7.32285	6.76354	6.76354	6.85965	7.15823	6.76354	6.6586	6.40766	6.25998	6.42808	6.45099	6.20993	6.15682	6.18872	5.75658	5.86979	5.86979	5.75658	6.21782	5.86979	5.65561	5.92829	6.00269	5.37785	5.37785	5.37785	5.37785	6.31471	5.86136	5.78224	5.53788	6.28082	6.28082	5.37785	5.37785	5.37785	6.28082	5.54679	5.37785	5.37785	5.37785	6.00269	6.00269	5.37785	5.62054	6.52927	5.86979	5.86979	5.86979	5.86979	6.44588	5.86979	5.86979	6.44588	6.44588	5.86979	5.86979	5.86979	5.78224	6.17804	5.37785	5.62054	6.52927	6.44588	5.86979	6.0246	6.0246	5.86979	6.70508	6.0246	6.0246	7.02216	7.23306	6.50669	6.50669	6.50669	6.50669	7.40917	6.50669	6.58931	7.66225	6.99191	6.99191	7.83659	6.99191	6.99191	7.53359	6.51929	6.50669	7.40917	6.50669	6.36398	6.36398	6.50669	7.1399	7.1399	6.50669	6.36398	6.89766	6.36398	6.27306	6.02734	5.86979	6.44588	6.79245	6.67578	6.85965	7.15823	6.76354	6.58934	6.33557	6.25998	6.68556	6.36398	6.50669	7.72992	7.62174	6.51929	6.08165	5.82761	5.75658	5.88096	5.06181	5.07481	5.07481	5.86969	5.86969	4.45019	3.94517	3.54198	3.58386	2.94824	3.0096	3.0096	3.0096	4.40895	4.58913	3.18659	3.0096	4.0487	2.76187	2.92556	3.12338	2.97068	3.89854	2.58133	2.58133	3.72006	3.72006	2.58133	2.25811	2.04124	2.19832	3.54186	2.58133	2.58133	3.72006	3.72006	2.58133	2.58133	2.58133	2.58133	3.72006	2.58133	2.58133	3.72006	2.58133	2.58133	4.11363	3.12338	3.0096	4.0487	2.76187	2.58133	4.11363	3.12338	3.0096	3.0096	3.0096	4.02819	4.0487	2.76187	2.92556	4.25611	3.0096	3.0096	3.0096	3.0096	4.02819	4.43514	3.30428	3.0096	4.02819	3.0096	3.30428	3.30428	3.0096	4.0487	4.29097	3.12338	3.0096	4.43514	3.30428	3.0096	3.0096	3.0096	4.02819	3.0096	3.30428	4.43514
11.4974	11.3144	11.7311	11.2919	9.87104	9.56054	10.4256	8.91182	8.43638	8.19459	7.96752	8.78947	7.71233	7.47857	8.03246	8.03246	7.47857	7.35545	7.35545	7.47857	8.03246	7.35545	7.50686	8.21829	8.28709	7.85244	8.00213	8.24986	8.34951	8.75822	8.34951	8.34951	8.59606	7.95325	7.85244	8.28709	8.28709	7.85244	7.85244	7.85244	7.70391	7.88752	7.35545	7.35545	7.35545	7.65297	7.41944	6.76282	6.76282	6.85892	7.15746	6.76282	6.70689	6.45796	6.25931	6.51857	6.4503	6.15616	6.20927	6.28282	5.75597	5.86916	5.86916	5.75597	6.21715	5.86916	5.71291	6.04841	6.00204	5.37727	5.37727	5.37727	5.37727	6.17738	5.78162	5.86073	5.61993	6.28015	6.28015	5.37727	5.37727	5.37727	6.28015	5.54619	5.37727	5.37727	5.37727	6.00204	6.00204	5.37727	5.53729	6.39665	5.86916	5.86916	5.86916	5.86916	6.44519	5.86916	5.86916	6.44519	6.44519	5.86916	5.86916	5.86916	5.86073	6.31403	5.37727	5.53729	6.39665	6.44519	5.86916	6.02395	6.02395	5.86916	6.70436	6.02395	6.02395	6.88026	7.09551	6.506	6.506	6.506	6.506	7.40838	6.506	6.51859	7.53279	6.99116	6.99116	7.83575	6.99116	6.99116	7.66143	6.58861	6.506	7.40838	6.506	6.36329	6.36329	6.506	7.13913	7.13913	6.506	6.36329	6.89692	6.36329	6.34521	6.10254	5.86916	6.44519	6.55616	6.55621	6.85892	7.15746	6.76282	6.6184	6.36589	6.25931	6.68485	6.36329	6.506	7.5845	7.62093	6.58861	6.11332	5.86076	5.75597	6.09981	5.21538	5.07426	5.07426	5.86906	5.86906	4.5671	4.07692	3.59737	3.8683	3.05857	3.00928	3.00928	3.00928	4.20873	4.58864	3.32896	3.00928	4.25565	2.92524	2.76157	2.97036	3.12304	4.11319	2.58105	2.58105	3.71966	3.71966	2.58105	2.40073	2.19809	2.04102	3.3289	2.58105	2.58105	3.71966	3.71966	2.58105	2.58105	2.58105	2.58105	3.71966	2.58105	2.58105	3.71966	2.58105	2.58105	3.89812	2.97036	3.00928	4.25565	2.92524	2.58105	3.89812	2.97036	3.00928	3.00928	3.00928	4.02776	4.25565	2.92524	2.76157	4.04826	3.00928	3.00928	3.00928	3.00928	4.02776	4.43466	3.30392	3.00928	4.02776	3.00928	3.30392	3.30392	3.00928	4.25565	4.29051	2.97036	3.00928	4.43466	3.30392	3.00928	3.00928	3.00928	4.02776	3.00928	3.30392	4.43466
2.58073	3.09595	5.66293	5.66293	3.09595	2.58073	5.66293	3.09595	2.58073	2.58073	2.06508	4.63829	2.58073	2.06508	3.61067	3.61067	2.06508	1.54911	1.54911	2.06508	3.61067	1.54911	1.54911	3.09595	3.09595	1.54911	1.54911	1.54911	1.54911	3.09595	1.54911	1.54911	3.09595	1.54911	1.54911	3.09595	3.09595	1.54911	1.54911	1.54911	1.54911	3.09595	1.54911	1.54911	1.54911	3.09595	3.09595	1.03288	1.03288	1.54911	2.58073	1.03288	1.54911	1.54911	1.03288	2.58073	2.58073	1.03288	1.54911	2.58073	1.03288	1.54911	1.54911	1.03288	2.58073	1.54911	1.54911	3.09595	3.09595	1.54911	1.54911	1.54911	1.54911	3.09595	1.54911	2.06508	2.06508	3.61067	3.61067	1.54911	1.54911	1.54911	3.61067	2.06508	1.54911	1.54911	1.54911	3.09595	3.09595	1.54911	1.54911	3.09595	1.54911	1.54911	1.54911	1.54911	3.09595	1.54911	1.54911	3.09595	3.09595	1.54911	1.54911	1.54911	2.06508	3.61067	1.54911	1.54911	3.09595	3.09595	1.54911	2.06508	2.06508	1.54911	3.61067	2.06508	2.06508	3.61067	3.61067	2.06508	2.06508	2.06508	2.06508	4.12482	2.06508	1.54911	3.61067	2.06508	2.06508	4.12482	2.06508	2.06508	4.12482	2.06508	2.06508	4.12482	2.06508	1.54911	1.54911	2.06508	3.61067	3.61067	2.06508	1.54911	3.09595	1.54911	2.06508	2.06508	1.54911	3.09595	2.58073	1.03288	1.54911	2.58073	1.03288	1.03288	1.03288	1.03288	2.58073	1.54911	2.06508	4.12482	4.12482	2.06508	1.03288	1.03288	1.03288	3.09595	2.06508	2.06508	2.06508	3.61067	3.61067	1.54911	1.54911	1.03288	2.58073	1.54911	1.54911	1.54911	1.54911	3.09595	3.61067	2.06508	1.54911	3.61067	2.06508	1.54911	1.54911	2.06508	3.61067	1.54911	1.54911	3.09595	3.09595	1.54911	1.54911	1.54911	1.03288	2.58073	1.54911	1.54911	3.09595	3.09595	1.54911	1.54911	1.54911	1.54911	3.09595	1.54911	1.54911	3.09595	1.54911	1.54911	3.09595	1.54911	1.54911	3.61067	2.06508	1.54911	3.09595	1.54911	1.54911	1.54911	1.54911	3.09595	3.61067	2.06508	1.54911	3.09595	1.54911	1.54911	1.54911	1.54911	3.09595	3.61067	2.06508	1.54911	3.09595	1.54911	2.06508	2.06508	1.54911	3.61067	3.61067	1.54911	1.54911	3.61067	2.06508	1.54911	1.54911	1.54911	3.09595	1.54911	2.06508	3.61067
2.58049	3.09567	5.66242	5.66242	3.09567	2.58049	5.66242	3.09567	2.58049	2.58049	2.0649	4.63788	2.58049	2.0649	3.61035	3.61035	2.0649	1.54897	1.54897	2.0649	3.61035	1.54897	1.54897	3.09567	3.09567	1.54897	1.54897	1.54897	1.54897	3.09567	1.54897	1.54897	3.09567	1.54897	1.54897	3.09567	3.09567	1.54897	1.54897	1.54897	1.54897	3.09567	1.54897	1.54897	1.54897	3.09567	3.09567	1.03278	1.03278	1.54897	2.58049	1.03278	1.54897	1.54897	1.03278	2.58049	2.58049	1.03278	1.54897	2.58049	1.03278	1.54897	1.54897	1.03278	2.58049	1.54897	1.54897	3.09567	3.09567	1.54897	1.54897	1.54897	1.54897	3.09567	1.54897	2.0649	2.0649	3.61035	3.61035	1.54897	1.54897	1.54897	3.61035	2.0649	1.54897	1.54897	1.54897	3.09567	3.09567	1.54897	1.54897	3.09567	1.54897	1.54897	1.54897	1.54897	3.09567	1.54897	1.54897	3.09567	3.09567	1.54897	1.54897	1.54897	2.0649	3.61035	1.54897	1.54897	3.09567	3.09567	1.54897	2.0649	2.0649	1.54897	3.61035	2.0649	2.0649	3.61035	3.61035	2.0649	2.0649	2.0649	2.0649	4.12445	2.0649	1.54897	3.61035	2.0649	2.0649	4.12445	2.0649	2.0649	4.12445	2.0649	2.0649	4.12445	2.0649	1.54897	1.54897	2.0649	3.61035	3.61035	2.0649	1.54897	3.09567	1.54897	2.0649	2.0649	1.54897	3.09567	2.58049	1.03278	1.54897	2.58049	1.03278	1.03278	1.03278	1.03278	2.58049	1.54897	2.0649	4.12445	4.12445	2.0649	1.03278	1.03278	1.03278	3.09567	2.0649	2.0649	2.0649	3.61035	3.61035	1.54897	1.54897	1.03278	2.58049	1.54897	1.54897	1.54897	1.54897	3.09567	3.61035	2.0649	1.54897	3.61035	2.0649	1.54897	1.54897	2.0649	3.61035	1.54897	1.54897	3.09567	3.09567	1.54897	1.54897	1.54897	1.03278	2.58049	1.54897	1.54897	3.09567	3.09567	1.54897	1.54897	1.54897	1.54897	3.09567	1.54897	1.54897	3.09567	1.54897	1.54897	3.09567	1.54897	1.54897	3.61035	2.0649	1.54897	3.09567	1.54897	1.54897	1.54897	1.54897	3.09567	3.61035	2.0649	1.54897	3.09567	1.54897	1.54897	1.54897	1.54897	3.09567	3.61035	2.0649	1.54897	3.09567	1.54897	2.0649	2.0649	1.54897	3.61035	3.61035	1.54897	1.54897	3.61035	2.0649	1.54897	1.54897	1.54897	3.09567	1.54897	2.0649	3.61035
2.58022	3.09534	5.66181	5.66181	3.09534	2.58022	5.66181	3.09534	2.58022	2.58022	2.06467	4.63738	2.58022	2.06467	3.60996	3.60996	2.06467	1.5488	1.5488	2.06467	3.60996	1.5488	1.5488	3.09534	3.09534	1.5488	1.5488	1.5488	1.5488	3.09534	1.5488	1.5488	3.09534	1.5488	1.5488	3.09534	3.09534	1.5488	1.5488	1.5488	1.5488	3.09534	1.5488	1.5488	1.5488	3.09534	3.09534	1.03267	1.03267	1.5488	2.58022	1.03267	1.5488	1.5488	1.03267	2.58022	2.58022	1.03267	1.5488	2.58022	1.03267	1.5488	1.5488	1.03267	2.58022	1.5488	1.5488	3.09534	3.09534	1.5488	1.5488	1.5488	1.5488	3.09534	1.5488	2.06467	2.06467	3.60996	3.60996	1.5488	1.5488	1.5488	3.60996	2.06467	1.5488	1.5488	1.5488	3.09534	3.09534	1.5488	1.5488	3.09534	1.5488	1.5488	1.5488	1.5488	3.09534	1.5488	1.5488	3.09534	3.09534	1.5488	1.5488	1.5488	2.06467	3.60996	1.5488	1.5488	3.09534	3.09534	1.5488	2.06467	2.06467	1.5488	3.60996	2.06467	2.06467	3.60996	3.60996	2.06467	2.06467	2.06467	2.06467	4.124	2.06467	1.5488	3.60996	2.06467	2.06467	4.124	2.06467	2.06467	4.124	2.06467	2.06467	4.124	2.06467	1.5488	1.5488	2.06467	3.60996	3.60996	2.06467	1.5488	3.09534	1.5488	2.06467	2.06467	1.5488	3.09534	2.58022	1.03267	1.5488	2.58022	1.03267	1.03267	1.03267	1.03267	2.58022	1.5488	2.06467	4.124	4.124	2.06467	1.03267	1.03267	1.03267	3.09534	2.06467	2.06467	2.06467	3.60996	3.60996	1.5488	1.5488	1.03267	2.58022	1.5488	1.5488	1.5488	1.5488	3.09534	3.60996	2.06467	1.5488	3.60996	2.06467	1.5488	1.5488	2.06467	3.60996	1.5488	1.5488	3.09534	3.09534	1.5488	1.5488	1.5488	1.03267	2.58022	1.5488	1.5488	3.09534	3.09534	1.5488	1.5488	1.5488	1.5488	3.09534	1.5488	1.5488	3.09534	1.5488	1.5488	3.09534	1.5488	1.5488	3.60996	2.06467	1.5488	3.09534	1.5488	1.5488	1.5488	1.5488	3.09534	3.60996	2.06467	1.5488	3.09534	1.5488	1.5488	1.5488	1.5488	3.09534	3.60996	2.06467	1.5488	3.09534	1.5488	2.06467	2.06467	1.5488	3.60996	3.60996	1.5488	1.5488	3.60996	2.06467	1.5488	1.5488	1.5488	3.09534	1.5488	2.06467	3.60996
9.86738	9.70359	10.7243	10.4796	8.91754	8.50964	9.69189	8.284	8.03152	7.79335	7.39027	8.28587	7.15478	6.98854	7.52997	7.35705	6.83006	6.85635	6.85635	7.07449	7.85978	7.3527	7.45177	8.11992	8.35605	8.19947	8.34639	8.34639	8.34639	8.83026	8.69761	8.84308	9.15303	8.49444	8.34639	8.75496	8.75496	8.34639	8.34639	8.34639	8.24678	8.44854	7.8495	7.8495	7.8495	8.21522	7.98283	7.1571	6.90624	6.85635	7.15478	6.76028	6.85635	6.85635	6.65539	6.84915	6.61587	5.90326	5.95865	6.44788	5.90326	5.95865	6.20693	6.15384	6.38401	5.86695	5.86695	6.44277	6.44277	5.86695	5.77945	5.5352	5.37525	5.99979	5.37525	5.5441	5.5441	6.27779	6.27779	5.37525	5.37525	5.29185	6.07049	5.3783	5.29185	5.04956	4.88684	5.56775	5.56775	4.88684	4.88684	5.56775	4.88684	4.88684	4.88684	4.88684	5.56775	4.88684	4.88684	5.56775	5.56775	4.88684	4.88684	4.88684	5.07235	5.86685	4.88684	4.88684	5.56775	5.56775	4.88684	5.07235	5.07235	4.88684	5.89202	5.3783	5.5441	6.27779	6.27779	5.5441	5.61782	5.85853	6.02169	6.98845	6.02169	5.86695	6.70185	6.02169	6.02169	6.98845	6.02169	6.02169	6.98845	6.02169	6.02169	7.01878	6.34283	6.27003	6.02443	6.02169	6.70185	6.70185	6.02169	5.86695	6.39425	5.5352	5.5441	5.5441	5.37525	5.99979	5.69918	4.90371	4.97054	5.52624	4.90371	4.65497	4.40695	4.1598	4.61212	3.92639	4.15578	5.47226	5.46324	4.43683	4.1598	3.91373	3.59139	4.37672	3.54021	3.75823	3.98082	5.10143	4.93042	3.45969	3.45969	3.11658	3.6644	2.58007	2.58007	2.58007	2.58007	3.71825	4.15566	2.91844	2.56067	4.03441	2.73633	2.56067	2.37193	2.56065	3.98071	2.58007	2.56067	3.63256	3.45958	2.18966	2.18966	2.18966	1.86113	3.00806	2.18966	2.18966	3.45958	3.45958	2.18966	2.18966	2.18966	2.18966	3.45958	2.18966	2.18966	3.52133	2.04021	1.86109	3.26214	1.86109	1.86109	3.66886	2.39979	2.18966	3.45958	2.18966	2.19723	2.04021	1.83408	3.28749	3.86246	2.73633	2.58007	3.71825	2.58007	2.58007	2.58007	2.56067	3.63256	3.86246	2.73633	2.58007	3.75814	2.37193	2.56065	2.73633	2.58007	4.15566	4.15566	2.58007	2.58007	4.15566	2.91844	2.58007	2.58007	2.58007	3.75814	2.37193	2.56065	4.03441
10.021	9.70274	10.8588	10.7663	9.01028	8.5921	9.84198	8.28326	8.1192	7.88387	7.46855	8.43236	7.15414	6.98792	7.65788	7.3564	6.76208	6.85574	6.85574	7.00893	7.7508	7.35204	7.40726	8.0308	8.26957	8.1591	8.34565	8.34565	8.34565	8.74866	8.6596	8.8423	9.24321	8.54684	8.34565	8.75418	8.75418	8.34565	8.34565	8.34565	8.30088	8.54679	7.8488	7.8488	7.8488	8.31643	8.08715	7.20191	6.95278	6.85574	7.15414	6.75968	6.85574	6.85574	6.70378	6.95273	6.72322	5.95812	5.90273	6.4473	5.95812	5.90273	6.15329	6.20638	6.49538	5.86643	5.86643	6.44219	6.44219	5.86643	5.858	5.61732	5.37477	5.99925	5.37477	5.54361	5.54361	6.27723	6.27723	5.37477	5.37477	5.37782	6.06995	5.29138	5.37782	5.13971	4.8864	5.56725	5.56725	4.8864	4.8864	5.56725	4.8864	4.8864	4.8864	4.8864	5.56725	4.8864	4.8864	5.56725	5.56725	4.8864	4.8864	4.8864	5.0719	5.86633	4.8864	4.8864	5.56725	5.56725	4.8864	5.0719	5.0719	4.8864	5.74462	5.29138	5.54361	6.27723	6.27723	5.54361	5.53471	5.77893	6.02115	6.98782	6.02115	5.86643	6.70125	6.02115	6.02115	6.98782	6.02115	6.02115	6.98782	6.02115	6.02115	6.87707	6.26947	6.34226	6.0997	6.02115	6.70125	6.70125	6.02115	5.86643	6.52554	5.61732	5.54361	5.54361	5.37477	5.99925	5.8242	4.9701	4.90327	5.52574	4.9701	4.72497	4.48093	4.23821	4.76664	3.92604	4.15541	5.47177	5.2788	4.33084	4.23821	3.99709	3.80608	4.56846	3.40624	3.63235	3.86225	5.29124	5.12674	3.45938	3.45938	3.36212	4.07489	2.57984	2.57984	2.57984	2.57984	3.71792	4.15529	2.91818	2.73608	4.03404	2.56043	2.73608	2.56041	2.37172	3.7578	2.57984	2.73608	3.86212	3.45927	2.18946	2.18946	2.18946	1.86096	3.00779	2.18946	2.18946	3.45927	3.45927	2.18946	2.18946	2.18946	2.18946	3.45927	2.18946	2.18946	3.75778	2.25675	1.86092	3.26185	1.86092	1.86092	3.42554	2.19704	2.18946	3.45927	2.18946	2.39957	2.25675	1.64245	3.05705	3.63224	2.56043	2.57984	3.71792	2.57984	2.57984	2.57984	2.73608	3.86212	3.63224	2.56043	2.57984	3.98035	2.56041	2.37172	2.56043	2.57984	4.15529	4.15529	2.57984	2.57984	4.15529	2.91818	2.57984	2.57984	2.57984	3.98035	2.56041	2.37172	4.03404
3.60892	3.09445	6.17095	6.68072	3.60892	3.09445	6.17095	3.09445	3.09445	3.09445	2.57947	5.14853	2.57947	2.06408	4.12282	3.60892	1.54835	1.54835	1.54835	1.54835	3.09445	1.54835	1.03237	2.57947	2.57947	1.03237	1.54835	1.54835	1.54835	2.57947	1.03237	1.54835	3.60892	2.06408	1.54835	3.09445	3.09445	1.54835	1.54835	1.54835	2.06408	3.60892	1.54835	1.54835	1.54835	3.60892	3.60892	1.54835	1.54835	1.54835	2.57947	1.03237	1.54835	1.54835	1.54835	3.09445	3.09445	1.54835	1.03237	2.57947	1.54835	1.03237	1.03237	1.54835	3.09445	1.54835	1.54835	3.09445	3.09445	1.54835	2.06408	2.06408	1.54835	3.09445	1.54835	2.06408	2.06408	3.60892	3.60892	1.54835	1.54835	2.06408	3.60892	1.54835	2.06408	2.06408	1.54835	3.09445	3.09445	1.54835	1.54835	3.09445	1.54835	1.54835	1.54835	1.54835	3.09445	1.54835	1.54835	3.09445	3.09445	1.54835	1.54835	1.54835	2.06408	3.60892	1.54835	1.54835	3.09445	3.09445	1.54835	2.06408	2.06408	1.54835	3.09445	1.54835	2.06408	3.60892	3.60892	2.06408	1.54835	1.54835	2.06408	4.12282	2.06408	1.54835	3.60892	2.06408	2.06408	4.12282	2.06408	2.06408	4.12282	2.06408	2.06408	3.60892	1.54835	2.06408	2.06408	2.06408	3.60892	3.60892	2.06408	1.54835	3.60892	2.06408	2.06408	2.06408	1.54835	3.09445	3.09445	1.54835	1.03237	2.57947	1.54835	1.54835	1.54835	1.54835	3.09445	1.54835	2.06408	4.12282	3.60892	1.54835	1.54835	1.54835	2.06408	3.60892	1.54835	1.54835	1.54835	4.12282	4.12282	1.54835	1.54835	2.06408	3.60892	1.54835	1.54835	1.54835	1.54835	3.09445	3.60892	2.06408	2.06408	3.60892	1.54835	2.06408	2.06408	1.54835	3.09445	1.54835	2.06408	3.60892	3.09445	1.54835	1.54835	1.54835	1.03237	2.57947	1.54835	1.54835	3.09445	3.09445	1.54835	1.54835	1.54835	1.54835	3.09445	1.54835	1.54835	3.60892	2.06408	1.54835	3.09445	1.54835	1.54835	3.09445	1.54835	1.54835	3.09445	1.54835	2.06408	2.06408	1.03237	2.57947	3.09445	1.54835	1.54835	3.09445	1.54835	1.54835	1.54835	2.06408	3.60892	3.09445	1.54835	1.54835	3.60892	2.06408	1.54835	1.54835	1.54835	3.60892	3.60892	1.54835	1.54835	3.60892	2.06408	1.54835	1.54835	1.54835	3.60892	2.06408	1.54835	3.60892
3.6086	3.09417	6.1704	6.68012	3.6086	3.09417	6.1704	3.09417	3.09417	3.09417	2.57924	5.14807	2.57924	2.06389	4.12245	3.6086	1.54821	1.54821	1.54821	1.54821	3.09417	1.54821	1.03228	2.57924	2.57924	1.03228	1.54821	1.54821	1.54821	2.57924	1.03228	1.54821	3.6086	2.06389	1.54821	3.09417	3.09417	1.54821	1.54821	1.54821	2.06389	3.6086	1.54821	1.54821	1.54821	3.6086	3.6086	1.54821	1.54821	1.54821	2.57924	1.03228	1.54821	1.54821	1.54821	3.09417	3.09417	1.54821	1.03228	2.57924	1.54821	1.03228	1.03228	1.54821	3.09417	1.54821	1.54821	3.09417	3.09417	1.54821	2.06389	2.06389	1.54821	3.09417	1.54821	2.06389	2.06389	3.6086	3.6086	1.54821	1.54821	2.06389	3.6086	1.54821	2.06389	2.06389	1.54821	3.09417	3.09417	1.54821	1.54821	3.09417	1.54821	1.54821	1.54821	1.54821	3.09417	1.54821	1.54821	3.09417	3.09417	1.54821	1.54821	1.54821	2.06389	3.6086	1.54821	1.54821	3.09417	3.09417	1.54821	2.06389	2.06389	1.54821	3.09417	1.54821	2.06389	3.6086	3.6086	2.06389	1.54821	1.54821	2.06389	4.12245	2.06389	1.54821	3.6086	2.06389	2.06389	4.12245	2.06389	2.06389	4.12245	2.06389	2.06389	3.6086	1.54821	2.06389	2.06389	2.06389	3.6086	3.6086	2.06389	1.54821	3.6086	2.06389	2.06389	2.06389	1.54821	3.09417	3.09417	1.54821	1.03228	2.57924	1.54821	1.54821	1.54821	1.54821	3.09417	1.54821	2.06389	4.12245	3.6086	1.54821	1.54821	1.54821	2.06389	3.6086	1.54821	1.54821	1.54821	4.12245	4.12245	1.54821	1.54821	2.06389	3.6086	1.54821	1.54821	1.54821	1.54821	3.09417	3.6086	2.06389	2.06389	3.6086	1.54821	2.06389	2.06389	1.54821	3.09417	1.54821	2.06389	3.6086	3.09417	1.54821	1.54821	1.54821	1.03228	2.57924	1.54821	1.54821	3.09417	3.09417	1.54821	1.54821	1.54821	1.54821	3.09417	1.54821	1.54821	3.6086	2.06389	1.54821	3.09417	1.54821	1.54821	3.09417	1.54821	1.54821	3.09417	1.54821	2.06389	2.06389	1.03228	2.57924	3.09417	1.54821	1.54821	3.09417	1.54821	1.54821	1.54821	2.06389	3.6086	3.09417	1.54821	1.54821	3.6086	2.06389	1.54821	1.54821	1.54821	3.6086	3.6086	1.54821	1.54821	3.6086	2.06389	1.54821	1.54821	1.54821	3.6086	2.06389	1.54821	3.6086
3.60827	3.09389	6.16984	6.67953	3.60827	3.09389	6.16984	3.09389	3.09389	3.09389	2.57901	5.14761	2.57901	2.06371	4.12208	3.60827	1.54807	1.54807	1.54807	1.54807	3.09389	1.54807	1.03219	2.57901	2.57901	1.03219	1.54807	1.54807	1.54807	2.57901	1.03219	1.54807	3.60827	2.06371	1.54807	3.09389	3.09389	1.54807	1.54807	1.54807	2.06371	3.60827	1.54807	1.54807	1.54807	3.60827	3.60827	1.54807	1.54807	1.54807	2.57901	1.03219	1.54807	1.54807	1.54807	3.09389	3.09389	1.54807	1.03219	2.57901	1.54807	1.03219	1.03219	1.54807	3.09389	1.54807	1.54807	3.09389	3.09389	1.54807	2.06371	2.06371	1.54807	3.09389	1.54807	2.06371	2.06371	3.60827	3.60827	1.54807	1.54807	2.06371	3.60827	1.54807	2.06371	2.06371	1.54807	3.09389	3.09389	1.54807	1.54807	3.09389	1.54807	1.54807	1.54807	1.54807	3.09389	1.54807	1.54807	3.09389	3.09389	1.54807	1.54807	1.54807	2.06371	3.60827	1.54807	1.54807	3.09389	3.09389	1.54807	2.06371	2.06371	1.54807	3.09389	1.54807	2.06371	3.60827	3.60827	2.06371	1.54807	1.54807	2.06371	4.12208	2.06371	1.54807	3.60827	2.06371	2.06371	4.12208	2.06371	2.06371	4.12208	2.06371	2.06371	3.60827	1.54807	2.06371	2.06371	2.06371	3.60827	3.60827	2.06371	1.54807	3.60827	2.06371	2.06371	2.06371	1.54807	3.09389	3.09389	1.54807	1.03219	2.57901	1.54807	1.54807	1.54807	1.54807	3.09389	1.54807	2.06371	4.12208	3.60827	1.54807	1.54807	1.54807	2.06371	3.60827	1.54807	1.54807	1.54807	4.12208	4.12208	1.54807	1.54807	2.06371	3.60827	1.54807	1.54807	1.54807	1.54807	3.09389	3.60827	2.06371	2.06371	3.60827	1.54807	2.06371	2.06371	1.54807	3.09389	1.54807	2.06371	3.60827	3.09389	1.54807	1.54807	1.54807	1.03219	2.57901	1.54807	1.54807	3.09389	3.09389	1.54807	1.54807	1.54807	1.54807	3.09389	1.54807	1.54807	3.60827	2.06371	1.54807	3.09389	1.54807	1.54807	3.09389	1.54807	1.54807	3.09389	1.54807	2.06371	2.06371	1.03219	2.57901	3.09389	1.54807	1.54807	3.09389	1.54807	1.54807	1.54807	2.06371	3.60827	3.09389	1.54807	1.54807	3.60827	2.06371	1.54807	1.54807	1.54807	3.60827	3.60827	1.54807	1.54807	3.60827	2.06371	1.54807	1.54807	1.54807	3.60827	2.06371	1.54807	3.60827
8.9405	8.67868	9.97554	9.93696	7.74788	7.28914	8.87155	6.61277	6.43978	6.43978	6.21193	7.62728	6.21193	6.01889	6.9852	6.69874	5.86422	5.95588	6.20405	6.45254	7.24656	7.19921	7.36922	8.02984	8.42933	8.26457	8.44469	8.6936	8.94236	9.31086	8.90625	8.83901	9.47329	9.28149	9.33502	9.62115	9.31084	8.49052	8.34254	8.34254	8.45042	8.87716	7.99544	7.74796	7.50057	8.02574	8.02574	7.34929	7.34929	7.34929	7.55242	6.90304	6.85317	6.85317	6.85317	7.34924	7.34924	6.85317	6.6523	6.84597	6.35795	6.15098	5.90051	5.86422	6.43978	5.86422	5.77676	6.17219	5.997	5.37275	5.61521	5.8558	5.77676	6.17219	5.37275	5.54152	5.54152	6.27487	6.27487	5.28939	5.0472	5.13778	6.06767	5.0472	5.13778	5.37579	5.28939	5.74246	5.53255	4.56685	4.40113	5.14732	4.40113	4.40113	4.40113	4.40113	5.14732	4.40113	4.40113	5.14732	5.14732	4.40113	4.32921	4.09371	4.20526	5.28929	4.40113	4.40113	5.14732	5.14732	4.40113	4.60642	4.60642	4.40113	5.14732	4.40113	4.60642	5.46975	5.48477	4.90139	4.80628	4.56685	4.66694	6.0106	5.06999	4.88456	5.86412	5.06999	5.06999	6.20393	5.37579	5.54152	6.58048	5.54152	5.54152	6.27487	5.37275	5.54152	5.54152	5.54152	6.27487	6.27487	5.54152	5.28939	6.04328	5.06999	5.06999	5.06999	4.88456	5.53255	5.30484	4.09371	3.66731	4.1934	3.18355	3.00673	3.00673	2.96785	3.89482	2.57887	2.91708	4.60627	4.20513	2.37082	2.18864	2.18864	2.57883	3.92441	2.18864	2.18864	2.18864	4.32905	4.43461	2.55947	2.37082	2.55945	3.97885	2.57887	2.57887	2.57887	2.55947	3.63087	3.92441	2.57883	2.57883	3.99542	2.03925	2.2559	2.39866	2.18864	3.51968	2.03925	2.2559	3.75636	3.45796	2.18864	2.18864	2.18864	1.83324	3.01765	1.79655	1.63163	3.13621	3.13621	1.63163	1.63163	1.63163	1.63163	3.13621	1.63163	1.72091	3.61712	1.97294	1.63163	3.13621	1.63163	1.63163	3.13621	1.63163	1.72091	3.22482	1.54793	1.93895	1.97294	1.1539	2.62978	3.03408	1.68184	1.86022	3.26062	1.86022	1.86022	1.86022	2.2559	3.75636	3.45796	2.18864	2.18864	3.92441	2.57883	2.18864	2.18864	2.18864	3.92441	3.92441	2.18864	2.18864	3.92441	2.57883	2.18864	2.18864	2.19621	3.83052	2.39866	2.19621	3.83052
8.93955	8.77391	10.3019	10.2895	7.87179	7.40362	9.24033	6.73938	6.43909	6.43909	6.21126	7.62647	6.21126	6.01824	6.98446	6.69802	5.86359	5.89988	6.15032	6.40091	7.06352	7.15302	7.34187	7.89863	8.35907	8.26369	8.40541	8.65545	8.9053	9.30988	8.94141	8.83807	9.38375	9.23189	9.33403	9.70635	9.50102	8.54274	8.34165	8.34165	8.44952	8.98447	8.05117	7.8056	7.56025	8.02489	8.02489	7.34851	7.34851	7.34851	7.64575	6.94943	6.85243	6.85243	6.85243	7.34845	7.34845	6.85243	6.70055	6.94938	6.35727	6.20338	5.95524	5.86359	6.43909	5.86359	5.85518	6.30805	5.99635	5.37217	5.53203	5.77614	5.85518	6.30805	5.37217	5.54093	5.54093	6.2742	6.2742	5.37522	5.13722	5.04666	6.06702	5.13722	5.04666	5.28882	5.37522	5.88864	5.68433	4.66644	4.40065	5.14677	4.40065	4.40065	4.40065	4.40065	5.14677	4.40065	4.40065	5.14677	5.14677	4.40065	4.43428	4.20481	4.09327	5.12432	4.40065	4.40065	5.14677	5.14677	4.40065	4.60593	4.60593	4.40065	5.14677	4.40065	4.60593	5.46916	5.32595	4.80576	4.90087	4.66644	4.56636	5.84386	5.06944	4.88404	5.8635	5.06944	5.06944	6.04264	5.28882	5.54093	6.57978	5.54093	5.54093	6.2742	5.37217	5.54093	5.54093	5.54093	6.2742	6.2742	5.54093	5.37522	6.20326	5.06944	5.06944	5.06944	4.88404	5.68433	5.64078	4.20481	3.7561	4.5554	3.32579	3.00641	3.00641	3.12007	4.10927	2.57859	2.91677	4.60578	4.43413	2.55917	2.1884	2.1884	2.57855	3.92399	2.1884	2.1884	2.1884	4.09313	4.20468	2.73475	2.55917	2.37057	3.75598	2.57859	2.57859	2.57859	2.73475	3.86025	3.92399	2.57855	2.57855	4.23598	2.25565	2.03903	2.19597	2.1884	3.75595	2.25565	2.03903	3.5193	3.45759	2.1884	2.1884	2.1884	2.00619	3.50514	2.03901	1.63145	3.13587	3.13587	1.63145	1.63145	1.63145	1.63145	3.13587	1.63145	1.97273	3.61673	1.72072	1.63145	3.13587	1.63145	1.63145	3.13587	1.63145	1.97273	3.48142	1.54777	1.68163	1.72072	1.15377	2.6295	2.7828	1.47067	1.86001	3.26027	1.86001	1.86001	1.86001	2.03903	3.5193	3.45759	2.1884	2.1884	3.92399	2.57855	2.1884	2.1884	2.1884	3.92399	3.92399	2.1884	2.1884	3.92399	2.57855	2.1884	2.1884	2.39841	3.83011	2.19597	2.39841	3.83011
3.60724	3.60724	7.1861	7.69345	4.12089	3.60724	7.1861	3.60724	3.093	3.093	2.57827	5.14613	2.57827	2.06311	4.12089	3.60724	1.54763	1.03189	1.03189	1.03189	2.06311	1.03189	0.515988	1.54763	2.06311	1.03189	1.03189	1.03189	1.03189	2.57827	1.54763	1.54763	3.093	1.54763	1.54763	3.60724	4.12089	2.06311	1.54763	1.54763	2.06311	4.12089	2.06311	2.06311	2.06311	3.60724	3.60724	1.54763	1.54763	1.54763	3.093	1.54763	1.54763	1.54763	1.54763	3.093	3.093	1.54763	1.54763	3.093	1.54763	1.54763	1.54763	1.54763	3.093	1.54763	2.06311	3.60724	3.093	1.54763	1.54763	1.54763	2.06311	3.60724	1.54763	2.06311	2.06311	3.60724	3.60724	2.06311	2.06311	1.54763	3.60724	2.06311	1.54763	1.54763	2.06311	3.60724	3.60724	2.06311	1.54763	3.093	1.54763	1.54763	1.54763	1.54763	3.093	1.54763	1.54763	3.093	3.093	1.54763	2.06311	2.06311	1.54763	3.093	1.54763	1.54763	3.093	3.093	1.54763	2.06311	2.06311	1.54763	3.093	1.54763	2.06311	3.60724	3.093	1.54763	2.06311	2.06311	1.54763	3.60724	2.06311	1.54763	3.60724	2.06311	2.06311	3.60724	1.54763	2.06311	4.12089	2.06311	2.06311	3.60724	1.54763	2.06311	2.06311	2.06311	3.60724	3.60724	2.06311	2.06311	4.12089	2.06311	2.06311	2.06311	1.54763	3.60724	4.12089	2.06311	1.54763	3.60724	2.06311	1.54763	1.54763	2.06311	3.60724	1.54763	2.06311	4.12089	4.12089	2.06311	1.54763	1.54763	2.06311	3.60724	1.54763	1.54763	1.54763	3.60724	3.60724	2.06311	2.06311	1.54763	3.093	1.54763	1.54763	1.54763	2.06311	3.60724	3.60724	2.06311	2.06311	4.12089	2.06311	1.54763	1.54763	1.54763	3.60724	2.06311	1.54763	3.093	3.093	1.54763	1.54763	1.54763	1.54763	3.60724	2.06311	1.54763	3.093	3.093	1.54763	1.54763	1.54763	1.54763	3.093	1.54763	2.06311	3.60724	1.54763	1.54763	3.093	1.54763	1.54763	3.093	1.54763	2.06311	3.60724	1.54763	1.54763	1.54763	1.03189	2.57827	2.57827	1.03189	1.54763	3.093	1.54763	1.54763	1.54763	1.54763	3.093	3.093	1.54763	1.54763	3.60724	2.06311	1.54763	1.54763	1.54763	3.60724	3.60724	1.54763	1.54763	3.60724	2.06311	1.54763	1.54763	2.06311	3.60724	1.54763	2.06311	3.60724
3.60691	3.60691	7.18546	7.69276	4.12052	3.60691	7.18546	3.60691	3.09272	3.09272	2.57803	5.14567	2.57803	2.06293	4.12052	3.60691	1.54749	1.0318	1.0318	1.0318	2.06293	1.0318	0.515941	1.54749	2.06293	1.0318	1.0318	1.0318	1.0318	2.57803	1.54749	1.54749	3.09272	1.54749	1.54749	3.60691	4.12052	2.06293	1.54749	1.54749	2.06293	4.12052	2.06293	2.06293	2.06293	3.60691	3.60691	1.54749	1.54749	1.54749	3.09272	1.54749	1.54749	1.54749	1.54749	3.09272	3.09272	1.54749	1.54749	3.09272	1.54749	1.54749	1.54749	1.54749	3.09272	1.54749	2.06293	3.60691	3.09272	1.54749	1.54749	1.54749	2.06293	3.60691	1.54749	2.06293	2.06293	3.60691	3.60691	2.06293	2.06293	1.54749	3.60691	2.06293	1.54749	1.54749	2.06293	3.60691	3.60691	2.06293	1.54749	3.09272	1.54749	1.54749	1.54749	1.54749	3.09272	1.54749	1.54749	3.09272	3.09272	1.54749	2.06293	2.06293	1.54749	3.09272	1.54749	1.54749	3.09272	3.09272	1.54749	2.06293	2.06293	1.54749	3.09272	1.54749	2.06293	3.60691	3.09272	1.54749	2.06293	2.06293	1.54749	3.60691	2.06293	1.54749	3.60691	2.06293	2.06293	3.60691	1.54749	2.06293	4.12052	2.06293	2.06293	3.60691	1.54749	2.06293	2.06293	2.06293	3.60691	3.60691	2.06293	2.06293	4.12052	2.06293	2.06293	2.06293	1.54749	3.60691	4.12052	2.06293	1.54749	3.60691	2.06293	1.54749	1.54749	2.06293	3.60691	1.54749	2.06293	4.12052	4.12052	2.06293	1.54749	1.54749	2.06293	3.60691	1.54749	1.54749	1.54749	3.60691	3.60691	2.06293	2.06293	1.54749	3.09272	1.54749	1.54749	1.54749	2.06293	3.60691	3.60691	2.06293	2.06293	4.12052	2.06293	1.54749	1.54749	1.54749	3.60691	2.06293	1.54749	3.09272	3.09272	1.54749	1.54749	1.54749	1.54749	3.60691	2.06293	1.54749	3.09272	3.09272	1.54749	1.54749	1.54749	1.54749	3.09272	1.54749	2.06293	3.60691	1.54749	1.54749	3.09272	1.54749	1.54749	3.09272	1.54749	2.06293	3.60691	1.54749	1.54749	1.54749	1.0318	2.57803	2.57803	1.0318	1.54749	3.09272	1.54749	1.54749	1.54749	1.54749	3.09272	3.09272	1.54749	1.54749	3.60691	2.06293	1.54749	1.54749	1.54749	3.60691	3.60691	1.54749	1.54749	3.60691	2.06293	1.54749	1.54749	2.06293	3.60691	1.54749	2.06293	3.60691
7.74485	7.52354	9.63712	9.56869	6.5779	6.2724	8.83708	6.04091	5.56297	5.56297	5.29659	6.90723	5.29659	5.06799	6.20149	6.09494	5.37063	5.24672	5.24672	5.34917	5.93421	6.10579	6.18841	6.54813	7.2505	7.61808	7.7596	7.7596	7.7596	8.18455	8.19248	8.4414	8.98375	8.48721	8.33928	8.93701	9.15049	8.44712	8.23975	7.99231	7.95775	8.6529	7.62658	7.46938	7.46938	7.96786	7.74485	6.75689	6.51056	6.35545	6.88843	6.35545	6.26466	6.01926	5.86191	6.43725	6.43725	5.86191	5.86191	6.43725	5.86191	5.86191	5.86191	5.86191	6.38877	5.53045	5.613	6.52053	6.38877	5.53045	5.37063	5.37063	5.53934	6.2724	5.37063	5.53934	5.53934	6.24362	6.04091	5.13575	5.37368	5.2873	6.04091	5.06799	4.80438	4.56505	4.6651	5.66243	5.6479	4.6046	4.39939	5.12285	4.0921	3.92301	3.92301	3.92301	4.74562	3.92301	3.92301	4.73518	4.55048	3.45671	3.75499	3.97739	3.92301	4.74562	3.92301	3.92301	4.74562	4.74562	3.92301	4.2036	4.43301	4.39939	5.12285	4.0921	4.1522	5.09382	4.74562	3.92301	4.2036	4.43301	4.39939	5.4676	4.6046	4.39939	5.4676	4.6046	4.6651	5.66243	4.56505	4.6046	5.81683	4.6046	4.6046	5.45856	4.0921	4.1522	4.1522	4.2036	5.27786	5.27473	4.1522	4.1522	5.46756	4.1522	4.1522	4.1522	3.85927	4.92618	5.14522	3.71513	3.40361	4.60807	3.29982	2.96668	2.75814	2.92162	4.2852	2.75814	2.91593	4.55041	4.67908	3.29982	2.96668	2.75814	2.91593	4.20347	2.36989	2.18777	2.18777	3.92286	3.92286	2.55843	2.73397	2.55845	3.62943	2.18777	2.18777	2.18777	2.57781	3.92286	3.92286	2.57781	2.57781	4.39921	2.57781	2.18777	2.18777	2.18777	3.92286	2.57781	2.18777	3.51829	3.42289	1.85948	1.90361	1.79584	1.63099	3.64305	2.12614	1.72023	3.22354	3.09239	1.54732	1.68114	1.72023	1.63099	3.13497	1.63099	1.97216	3.48042	1.54732	1.54732	3.22354	1.72023	1.63099	3.13497	1.63099	1.97216	3.48042	1.54732	1.54732	1.54732	1.03169	2.45242	2.5906	1.16776	1.54732	2.96657	1.47022	1.63099	1.63099	1.63099	3.13497	3.13497	1.63099	1.63099	3.53703	2.13395	1.85948	1.85948	1.90361	3.68818	3.59275	1.85948	1.90361	3.68818	2.13395	1.90361	1.79584	2.03842	3.68818	1.79584	2.03842	3.68818
7.86885	7.65134	10.2344	9.98663	6.57731	6.27184	9.04515	6.20094	5.56247	5.56247	5.29611	6.90661	5.29611	5.06754	6.04037	5.95293	5.37015	5.24625	5.24625	5.31168	5.7995	6.07295	6.18785	6.46716	7.11379	7.59177	7.75891	7.75891	7.75891	8.1123	8.15214	8.40228	8.98295	8.53956	8.33854	8.93622	9.14968	8.44637	8.29381	8.04817	7.95704	8.77794	7.70218	7.46871	7.46871	8.08824	7.86885	6.8236	6.5799	6.35488	6.88782	6.35488	6.33682	6.09447	5.86139	6.43667	6.43667	5.86139	5.86139	6.43667	5.86139	5.86139	5.86139	5.86139	6.51994	5.61249	5.52995	6.3882	6.51994	5.61249	5.37015	5.37015	5.53885	6.27184	5.37015	5.53885	5.53885	6.39839	6.20094	5.04476	5.28683	5.3732	6.20094	5.06754	4.89902	4.66468	4.56464	5.66192	5.81913	4.60419	4.39899	5.28674	4.20323	3.92266	3.92266	3.92266	4.7452	3.92266	3.92266	4.91236	4.73474	3.4564	3.62922	3.85892	3.92266	4.7452	3.92266	3.92266	4.7452	4.7452	3.92266	4.09173	4.32711	4.39899	5.28674	4.20323	4.15183	5.09336	4.7452	3.92266	4.09173	4.32711	4.39899	5.46711	4.60419	4.39899	5.46711	4.60419	4.56464	5.66192	4.66468	4.60419	5.81631	4.60419	4.60419	5.63573	4.20323	4.15183	4.15183	4.09173	5.27739	5.45805	4.15183	4.15183	5.46707	4.15183	4.15183	4.15183	3.97704	5.12233	5.14476	3.71479	3.53684	4.8175	3.29953	3.11889	2.92135	2.7579	4.28481	2.92135	2.91566	4.32697	4.46217	3.29953	3.11889	2.92135	2.91566	4.43246	2.5582	2.18757	2.18757	3.92251	3.92251	2.36967	2.55822	2.73372	3.85879	2.18757	2.18757	2.18757	2.57757	3.92251	3.92251	2.57757	2.57757	4.39882	2.57757	2.18757	2.18757	2.18757	3.92251	2.57757	2.18757	3.75454	3.66537	1.85931	2.13375	2.03824	1.63084	3.64272	2.12595	1.97198	3.48011	3.09211	1.54718	1.938	1.97198	1.63084	3.13468	1.63084	1.72007	3.22325	1.54718	1.54718	3.48011	1.97198	1.63084	3.13468	1.63084	1.72007	3.22325	1.54718	1.54718	1.54718	1.03159	2.19509	2.59036	1.42415	1.54718	2.70928	1.22327	1.63084	1.63084	1.63084	3.13468	3.13468	1.63084	1.63084	3.28433	1.90344	1.85931	1.85931	2.13375	3.68785	3.34429	1.85931	2.13375	3.68785	1.90344	2.13375	2.03824	1.79567	3.68785	2.03824	1.79567	3.68785
4.11934	4.11934	8.7012	8.7012	4.11934	3.60588	7.69058	4.11934	3.09183	3.09183	2.57729	5.1442	2.57729	2.06233	3.60588	3.09183	1.54704	1.0315	1.0315	0.515793	1.0315	0.515793	0.515793	0.515793	0.515793	0.515793	1.0315	1.0315	1.0315	2.06233	1.0315	1.0315	3.09183	2.06233	1.54704	3.60588	4.11934	2.06233	2.06233	2.06233	2.06233	4.63214	2.57729	2.06233	2.06233	4.11934	4.11934	2.06233	2.06233	1.54704	3.09183	1.54704	2.06233	2.06233	1.54704	3.09183	3.09183	1.54704	1.54704	3.09183	1.54704	1.54704	1.54704	1.54704	3.60588	2.06233	1.54704	3.09183	3.60588	2.06233	1.54704	1.54704	2.06233	3.60588	1.54704	2.06233	2.06233	4.11934	4.11934	1.54704	1.54704	2.06233	4.11934	2.06233	2.06233	2.06233	1.54704	3.60588	4.11934	2.06233	1.54704	3.60588	2.06233	1.54704	1.54704	1.54704	3.09183	1.54704	1.54704	3.60588	3.60588	1.54704	1.54704	1.54704	1.54704	3.09183	1.54704	1.54704	3.09183	3.09183	1.54704	1.54704	1.54704	1.54704	3.60588	2.06233	2.06233	3.60588	3.09183	1.54704	1.54704	1.54704	1.54704	3.60588	2.06233	1.54704	3.60588	2.06233	1.54704	3.60588	2.06233	2.06233	4.11934	2.06233	2.06233	4.11934	2.06233	2.06233	2.06233	1.54704	3.60588	4.11934	2.06233	2.06233	4.11934	2.06233	2.06233	2.06233	2.06233	4.11934	4.11934	2.06233	2.06233	4.11934	2.06233	2.06233	2.06233	1.54704	3.60588	2.06233	2.06233	3.60588	3.60588	2.06233	2.06233	2.06233	2.06233	4.11934	2.06233	1.54704	1.54704	3.60588	3.60588	1.54704	1.54704	2.06233	3.60588	1.54704	1.54704	1.54704	2.06233	3.60588	3.60588	2.06233	2.06233	4.11934	2.06233	1.54704	1.54704	1.54704	3.60588	2.06233	1.54704	3.60588	3.60588	1.54704	2.06233	2.06233	1.54704	3.60588	2.06233	2.06233	3.60588	3.09183	1.54704	2.06233	2.06233	1.54704	3.09183	1.54704	1.54704	3.09183	1.54704	1.54704	3.60588	2.06233	1.54704	3.09183	1.54704	1.54704	3.09183	1.54704	1.54704	1.54704	1.0315	2.06233	2.57729	1.54704	1.54704	2.57729	1.0315	1.54704	1.54704	1.54704	3.09183	3.09183	1.54704	1.54704	3.09183	1.54704	1.54704	1.54704	2.06233	3.60588	3.09183	1.54704	2.06233	3.60588	1.54704	2.06233	2.06233	1.54704	3.60588	2.06233	1.54704	3.60588
4.1189	4.1189	8.70027	8.70027	4.1189	3.60549	7.68975	4.1189	3.0915	3.0915	2.57701	5.14364	2.57701	2.06211	3.60549	3.0915	1.54688	1.03139	1.03139	0.515737	1.03139	0.515737	0.515737	0.515737	0.515737	0.515737	1.03139	1.03139	1.03139	2.06211	1.03139	1.03139	3.0915	2.06211	1.54688	3.60549	4.1189	2.06211	2.06211	2.06211	2.06211	4.63164	2.57701	2.06211	2.06211	4.1189	4.1189	2.06211	2.06211	1.54688	3.0915	1.54688	2.06211	2.06211	1.54688	3.0915	3.0915	1.54688	1.54688	3.0915	1.54688	1.54688	1.54688	1.54688	3.60549	2.06211	1.54688	3.0915	3.60549	2.06211	1.54688	1.54688	2.06211	3.60549	1.54688	2.06211	2.06211	4.1189	4.1189	1.54688	1.54688	2.06211	4.1189	2.06211	2.06211	2.06211	1.54688	3.60549	4.1189	2.06211	1.54688	3.60549	2.06211	1.54688	1.54688	1.54688	3.0915	1.54688	1.54688	3.60549	3.60549	1.54688	1.54688	1.54688	1.54688	3.0915	1.54688	1.54688	3.0915	3.0915	1.54688	1.54688	1.54688	1.54688	3.60549	2.06211	2.06211	3.60549	3.0915	1.54688	1.54688	1.54688	1.54688	3.60549	2.06211	1.54688	3.60549	2.06211	1.54688	3.60549	2.06211	2.06211	4.1189	2.06211	2.06211	4.1189	2.06211	2.06211	2.06211	1.54688	3.60549	4.1189	2.06211	2.06211	4.1189	2.06211	2.06211	2.06211	2.06211	4.1189	4.1189	2.06211	2.06211	4.1189	2.06211	2.06211	2.06211	1.54688	3.60549	2.06211	2.06211	3.60549	3.60549	2.06211	2.06211	2.06211	2.06211	4.1189	2.06211	1.54688	1.54688	3.60549	3.60549	1.54688	1.54688	2.06211	3.60549	1.54688	1.54688	1.54688	2.06211	3.60549	3.60549	2.06211	2.06211	4.1189	2.06211	1.54688	1.54688	1.54688	3.60549	2.06211	1.54688	3.60549	3.60549	1.54688	2.06211	2.06211	1.54688	3.60549	2.06211	2.06211	3.60549	3.0915	1.54688	2.06211	2.06211	1.54688	3.0915	1.54688	1.54688	3.0915	1.54688	1.54688	3.60549	2.06211	1.54688	3.0915	1.54688	1.54688	3.0915	1.54688	1.54688	1.54688	1.03139	2.06211	2.57701	1.54688	1.54688	2.57701	1.03139	1.54688	1.54688	1.54688	3.0915	3.0915	1.54688	1.54688	3.0915	1.54688	1.54688	1.54688	2.06211	3.60549	3.0915	1.54688	2.06211	3.60549	1.54688	2.06211	2.06211	1.54688	3.60549	2.06211	1.54688	3.60549
4.11853	4.11853	8.6995	8.6995	4.11853	3.60516	7.68907	4.11853	3.09122	3.09122	2.57678	5.14318	2.57678	2.06193	3.60516	3.09122	1.54674	1.0313	1.0313	0.51569	1.0313	0.51569	0.51569	0.51569	0.51569	0.51569	1.0313	1.0313	1.0313	2.06193	1.0313	1.0313	3.09122	2.06193	1.54674	3.60516	4.11853	2.06193	2.06193	2.06193	2.06193	4.63123	2.57678	2.06193	2.06193	4.11853	4.11853	2.06193	2.06193	1.54674	3.09122	1.54674	2.06193	2.06193	1.54674	3.09122	3.09122	1.54674	1.54674	3.09122	1.54674	1.54674	1.54674	1.54674	3.60516	2.06193	1.54674	3.09122	3.60516	2.06193	1.54674	1.54674	2.06193	3.60516	1.54674	2.06193	2.06193	4.11853	4.11853	1.54674	1.54674	2.06193	4.11853	2.06193	2.06193	2.06193	1.54674	3.60516	4.11853	2.06193	1.54674	3.60516	2.06193	1.54674	1.54674	1.54674	3.09122	1.54674	1.54674	3.60516	3.60516	1.54674	1.54674	1.54674	1.54674	3.09122	1.54674	1.54674	3.09122	3.09122	1.54674	1.54674	1.54674	1.54674	3.60516	2.06193	2.06193	3.60516	3.09122	1.54674	1.54674	1.54674	1.54674	3.60516	2.06193	1.54674	3.60516	2.06193	1.54674	3.60516	2.06193	2.06193	4.11853	2.06193	2.06193	4.11853	2.06193	2.06193	2.06193	1.54674	3.60516	4.11853	2.06193	2.06193	4.11853	2.06193	2.06193	2.06193	2.06193	4.11853	4.11853	2.06193	2.06193	4.11853	2.06193	2.06193	2.06193	1.54674	3.60516	2.06193	2.06193	3.60516	3.60516	2.06193	2.06193	2.06193	2.06193	4.11853	2.06193	1.54674	1.54674	3.60516	3.60516	1.54674	1.54674	2.06193	3.60516	1.54674	1.54674	1.54674	2.06193	3.60516	3.60516	2.06193	2.06193	4.11853	2.06193	1.54674	1.54674	1.54674	3.60516	2.06193	1.54674	3.60516	3.60516	1.54674	2.06193	2.06193	1.54674	3.60516	2.06193	2.06193	3.60516	3.09122	1.54674	2.06193	2.06193	1.54674	3.09122	1.54674	1.54674	3.09122	1.54674	1.54674	3.60516	2.06193	1.54674	3.09122	1.54674	1.54674	3.09122	1.54674	1.54674	1.54674	1.0313	2.06193	2.57678	1.54674	1.54674	2.57678	1.0313	1.54674	1.54674	1.54674	3.09122	3.09122	1.54674	1.54674	3.09122	1.54674	1.54674	1.54674	2.06193	3.60516	3.09122	1.54674	2.06193	3.60516	1.54674	2.06193	2.06193	1.54674	3.60516	2.06193	1.54674	3.60516
7.57168	7.33403	10.4521	9.99088	6.18539	5.83947	8.86933	5.81412	5.12046	4.92392	4.46058	6.39591	4.85325	4.60246	5.48006	5.38335	4.88036	4.74351	4.74351	4.65943	4.74351	4.65943	4.65943	4.44213	3.93802	3.64153	3.84032	4.09021	4.24466	4.66293	4.59175	4.74351	5.64242	5.6888	5.85919	6.73433	7.25827	6.82104	6.97933	6.97933	6.97933	8.13308	7.45938	7.46592	7.46592	8.21226	7.99662	6.89711	6.65639	6.26175	6.60711	5.85919	6.01373	6.01373	5.85919	6.43426	6.43426	5.85919	5.7718	6.1669	5.36813	5.36813	5.36813	5.36813	6.30332	5.85078	5.7718	6.1669	6.26949	5.53676	5.28484	5.04286	5.13336	6.06247	5.04286	5.06563	5.06563	6.18539	6.18539	4.80214	4.56292	4.60246	5.81412	4.60246	4.60246	4.60246	4.32548	5.27228	5.46501	4.15026	3.92118	5.09145	4.15026	3.92118	3.92118	3.85747	4.54836	3.45509	3.40202	4.58082	4.55197	3.75327	3.92118	3.92118	3.92118	4.74341	3.92118	3.92118	4.74341	4.74341	3.92118	3.92118	3.92118	3.92118	5.09145	4.15026	4.20164	5.28475	5.12046	4.09019	3.92118	3.92118	3.92118	5.09145	4.15026	3.92118	5.09145	4.15026	3.92118	5.09145	4.15026	4.15026	5.46501	4.15026	4.15026	5.46501	4.15026	4.15026	4.15026	3.85747	4.94056	5.02964	3.29828	3.29828	4.85314	3.29828	3.29828	3.29828	3.28319	4.77446	4.60231	2.91456	2.91456	4.60231	2.91456	2.91456	2.91456	2.57664	4.15015	2.91456	2.91456	4.20151	4.09004	2.5766	2.5766	2.5766	2.55724	4.43079	2.91456	2.55726	2.36878	3.92103	3.92103	2.18675	2.18675	2.5766	3.92103	2.18675	2.19431	2.03749	2.30487	3.7487	3.7487	2.30487	2.30487	4.24446	2.30487	1.90272	1.795	1.63022	3.64135	2.12514	1.71942	3.614	3.614	1.68036	2.06174	2.06174	1.68036	3.614	1.93727	2.06174	3.73544	3.24252	1.63022	2.12514	2.12514	1.63022	3.2831	1.90272	1.85861	3.25781	1.85861	1.85861	3.7487	2.30487	1.85861	3.42129	2.19431	2.00467	3.1807	1.85861	1.85861	1.85861	1.64041	2.60856	3.00406	2.18675	2.18675	3.00406	1.85865	2.18675	2.18675	2.18675	3.28312	3.1807	1.85861	1.85861	3.25781	1.85861	1.68038	1.55731	1.97124	3.4788	3.09095	1.5466	2.06174	3.60484	1.5466	1.93727	1.97124	1.71942	3.614	1.97124	1.71942	3.614
7.71535	7.64563	11.1039	10.2109	6.18484	6.00491	9.09057	5.8136	5.28428	5.09423	4.32507	6.198	4.85282	4.60205	5.32147	5.24688	4.87992	4.74308	4.74308	4.65901	4.74308	4.65901	4.65901	4.55891	4.06961	3.64121	3.78801	4.04113	4.24428	4.56251	4.54807	4.74308	5.40421	5.54814	5.85867	6.60652	7.00195	6.75316	6.9787	6.9787	6.9787	7.99591	7.37988	7.46526	7.46526	8.34426	8.13236	6.98102	6.74346	6.33388	6.73373	5.85867	6.01319	6.01319	5.85867	6.43368	6.43368	5.85867	5.85026	6.30276	5.36765	5.36765	5.36765	5.36765	6.16635	5.77128	5.85026	6.30276	6.26893	5.53627	5.3707	5.1329	5.04241	6.06193	5.1329	5.06518	5.06518	6.18484	6.18484	4.89674	4.66251	4.60205	5.8136	4.60205	4.60205	4.60205	4.43054	5.45551	5.46452	4.14989	3.92083	5.09099	4.14989	3.92083	3.92083	3.97518	4.73253	3.45478	3.53519	4.58041	4.18941	3.66382	3.92083	3.92083	3.92083	4.74299	3.92083	3.92083	4.74299	4.74299	3.92083	3.92083	3.92083	3.92083	5.09099	4.14989	4.08982	5.12	5.28428	4.20127	3.92083	3.92083	3.92083	5.09099	4.14989	3.92083	5.09099	4.14989	3.92083	5.09099	4.14989	4.14989	5.46452	4.14989	4.14989	5.46452	4.14989	4.14989	4.14989	3.97518	5.34909	5.24675	3.29799	3.29799	4.85271	3.29799	3.29799	3.29799	3.45951	5.00293	4.6019	2.9143	2.9143	4.6019	2.9143	2.9143	2.9143	2.57641	4.14978	2.9143	2.9143	4.4304	4.32493	2.57637	2.57637	2.57637	2.36856	4.20114	2.9143	2.73244	2.55701	3.92068	3.92068	2.18655	2.18655	2.57637	3.92068	2.18655	2.39638	2.25375	2.30467	3.74837	3.74837	2.30467	2.30467	4.24408	2.30467	2.13276	2.03729	1.63008	3.64102	2.12495	1.97106	3.61368	3.61368	1.9371	2.06156	2.06156	1.9371	3.61368	1.68021	2.06156	3.9916	3.49745	1.63008	2.12495	2.12495	1.63008	3.53507	2.13276	1.85844	3.25752	1.85844	1.85844	3.74837	2.30467	1.85844	3.66366	2.39638	1.83149	2.94252	1.85844	1.85844	1.85844	1.83147	2.82774	3.00379	2.18655	2.18655	3.00379	1.85848	2.18655	2.18655	2.18655	3.05298	2.94252	1.85844	1.85844	3.25752	1.85844	1.46943	1.32692	1.71927	3.22175	3.09067	1.54646	2.06156	3.60452	1.54646	1.68021	1.71927	1.97106	3.61368	1.71927	1.97106	3.61368
4.6299	5.14171	10.2019	9.20011	4.11734	4.11734	8.1926	4.11734	3.60413	3.60413	2.06133	4.6299	2.57604	2.06133	3.09033	2.57604	1.54629	1.031	1.031	0.515542	1.031	0.515542	0.515542	1.54629	1.54629	0.515542	0.515542	0.515542	1.031	1.54629	0.515542	1.031	2.06133	1.031	1.54629	3.09033	3.09033	1.54629	2.06133	2.06133	2.06133	4.11734	2.06133	2.06133	2.06133	4.6299	4.6299	2.57604	2.57604	2.06133	3.60413	1.54629	2.06133	2.06133	1.54629	3.09033	3.09033	1.54629	2.06133	3.60413	1.54629	1.54629	1.54629	1.54629	3.09033	1.54629	2.06133	3.60413	3.60413	2.06133	2.06133	2.06133	1.54629	3.60413	2.06133	2.06133	2.06133	4.11734	4.11734	2.06133	2.06133	2.06133	4.11734	2.06133	2.06133	2.06133	2.06133	4.11734	4.11734	2.06133	1.54629	3.60413	2.06133	1.54629	1.54629	2.06133	3.60413	1.54629	2.06133	3.60413	2.57604	1.031	1.54629	1.54629	1.54629	3.09033	1.54629	1.54629	3.09033	3.09033	1.54629	1.54629	1.54629	1.54629	3.60413	2.06133	1.54629	3.09033	3.60413	2.06133	1.54629	1.54629	1.54629	3.60413	2.06133	1.54629	3.60413	2.06133	1.54629	3.60413	2.06133	2.06133	4.11734	2.06133	2.06133	4.11734	2.06133	2.06133	2.06133	2.06133	4.6299	4.6299	2.06133	2.06133	4.11734	2.06133	2.06133	2.06133	2.57604	4.6299	4.11734	2.06133	2.06133	4.11734	2.06133	2.06133	2.06133	1.54629	3.60413	2.06133	2.06133	4.11734	4.11734	2.06133	2.06133	2.06133	1.54629	3.60413	2.06133	2.06133	2.06133	3.60413	3.60413	1.54629	1.54629	2.06133	3.60413	1.54629	2.06133	2.06133	2.06133	3.60413	3.60413	2.06133	2.06133	4.11734	2.06133	2.06133	2.06133	1.54629	3.60413	2.06133	2.06133	3.60413	3.60413	2.06133	2.06133	2.06133	2.06133	3.60413	1.54629	2.06133	4.11734	3.60413	1.54629	2.06133	2.06133	1.54629	3.60413	2.06133	1.54629	3.09033	1.54629	1.54629	3.60413	2.06133	1.54629	3.60413	2.06133	1.031	2.57604	1.54629	1.54629	1.54629	1.54629	2.57604	2.57604	1.54629	1.54629	2.57604	1.031	1.54629	1.54629	1.54629	2.57604	2.57604	1.54629	1.54629	3.09033	1.54629	1.031	1.031	1.54629	3.09033	3.09033	1.54629	2.06133	3.60413	1.54629	1.54629	1.54629	2.06133	3.60413	1.54629	2.06133	3.60413
4.62948	5.14125	10.201	9.1993	4.11698	4.11698	8.19187	4.11698	3.60381	3.60381	2.06115	4.62948	2.57581	2.06115	3.09006	2.57581	1.54615	1.03091	1.03091	0.515496	1.03091	0.515496	0.515496	1.54615	1.54615	0.515496	0.515496	0.515496	1.03091	1.54615	0.515496	1.03091	2.06115	1.03091	1.54615	3.09006	3.09006	1.54615	2.06115	2.06115	2.06115	4.11698	2.06115	2.06115	2.06115	4.62948	4.62948	2.57581	2.57581	2.06115	3.60381	1.54615	2.06115	2.06115	1.54615	3.09006	3.09006	1.54615	2.06115	3.60381	1.54615	1.54615	1.54615	1.54615	3.09006	1.54615	2.06115	3.60381	3.60381	2.06115	2.06115	2.06115	1.54615	3.60381	2.06115	2.06115	2.06115	4.11698	4.11698	2.06115	2.06115	2.06115	4.11698	2.06115	2.06115	2.06115	2.06115	4.11698	4.11698	2.06115	1.54615	3.60381	2.06115	1.54615	1.54615	2.06115	3.60381	1.54615	2.06115	3.60381	2.57581	1.03091	1.54615	1.54615	1.54615	3.09006	1.54615	1.54615	3.09006	3.09006	1.54615	1.54615	1.54615	1.54615	3.60381	2.06115	1.54615	3.09006	3.60381	2.06115	1.54615	1.54615	1.54615	3.60381	2.06115	1.54615	3.60381	2.06115	1.54615	3.60381	2.06115	2.06115	4.11698	2.06115	2.06115	4.11698	2.06115	2.06115	2.06115	2.06115	4.62948	4.62948	2.06115	2.06115	4.11698	2.06115	2.06115	2.06115	2.57581	4.62948	4.11698	2.06115	2.06115	4.11698	2.06115	2.06115	2.06115	1.54615	3.60381	2.06115	2.06115	4.11698	4.11698	2.06115	2.06115	2.06115	1.54615	3.60381	2.06115	2.06115	2.06115	3.60381	3.60381	1.54615	1.54615	2.06115	3.60381	1.54615	2.06115	2.06115	2.06115	3.60381	3.60381	2.06115	2.06115	4.11698	2.06115	2.06115	2.06115	1.54615	3.60381	2.06115	2.06115	3.60381	3.60381	2.06115	2.06115	2.06115	2.06115	3.60381	1.54615	2.06115	4.11698	3.60381	1.54615	2.06115	2.06115	1.54615	3.60381	2.06115	1.54615	3.09006	1.54615	1.54615	3.60381	2.06115	1.54615	3.60381	2.06115	1.03091	2.57581	1.54615	1.54615	1.54615	1.54615	2.57581	2.57581	1.54615	1.54615	2.57581	1.03091	1.54615	1.54615	1.54615	2.57581	2.57581	1.54615	1.54615	3.09006	1.54615	1.03091	1.03091	1.54615	3.09006	3.09006	1.54615	2.06115	3.60381	1.54615	1.54615	1.54615	2.06115	3.60381	1.54615	2.06115	3.60381
4.62907	5.14079	10.2001	9.19848	4.11661	4.11661	8.19114	4.11661	3.60348	3.60348	2.06096	4.62907	2.57558	2.06096	3.08978	2.57558	1.54601	1.03081	1.03081	0.515449	1.03081	0.515449	0.515449	1.54601	1.54601	0.515449	0.515449	0.515449	1.03081	1.54601	0.515449	1.03081	2.06096	1.03081	1.54601	3.08978	3.08978	1.54601	2.06096	2.06096	2.06096	4.11661	2.06096	2.06096	2.06096	4.62907	4.62907	2.57558	2.57558	2.06096	3.60348	1.54601	2.06096	2.06096	1.54601	3.08978	3.08978	1.54601	2.06096	3.60348	1.54601	1.54601	1.54601	1.54601	3.08978	1.54601	2.06096	3.60348	3.60348	2.06096	2.06096	2.06096	1.54601	3.60348	2.06096	2.06096	2.06096	4.11661	4.11661	2.06096	2.06096	2.06096	4.11661	2.06096	2.06096	2.06096	2.06096	4.11661	4.11661	2.06096	1.54601	3.60348	2.06096	1.54601	1.54601	2.06096	3.60348	1.54601	2.06096	3.60348	2.57558	1.03081	1.54601	1.54601	1.54601	3.08978	1.54601	1.54601	3.08978	3.08978	1.54601	1.54601	1.54601	1.54601	3.60348	2.06096	1.54601	3.08978	3.60348	2.06096	1.54601	1.54601	1.54601	3.60348	2.06096	1.54601	3.60348	2.06096	1.54601	3.60348	2.06096	2.06096	4.11661	2.06096	2.06096	4.11661	2.06096	2.06096	2.06096	2.06096	4.62907	4.62907	2.06096	2.06096	4.11661	2.06096	2.06096	2.06096	2.57558	4.62907	4.11661	2.06096	2.06096	4.11661	2.06096	2.06096	2.06096	1.54601	3.60348	2.06096	2.06096	4.11661	4.11661	2.06096	2.06096	2.06096	1.54601	3.60348	2.06096	2.06096	2.06096	3.60348	3.60348	1.54601	1.54601	2.06096	3.60348	1.54601	2.06096	2.06096	2.06096	3.60348	3.60348	2.06096	2.06096	4.11661	2.06096	2.06096	2.06096	1.54601	3.60348	2.06096	2.06096	3.60348	3.60348	2.06096	2.06096	2.06096	2.06096	3.60348	1.54601	2.06096	4.11661	3.60348	1.54601	2.06096	2.06096	1.54601	3.60348	2.06096	1.54601	3.08978	1.54601	1.54601	3.60348	2.06096	1.54601	3.60348	2.06096	1.03081	2.57558	1.54601	1.54601	1.54601	1.54601	2.57558	2.57558	1.54601	1.54601	2.57558	1.03081	1.54601	1.54601	1.54601	2.57558	2.57558	1.54601	1.54601	3.08978	1.54601	1.03081	1.03081	1.54601	3.08978	3.08978	1.54601	2.06096	3.60348	1.54601	1.54601	1.54601	2.06096	3.60348	1.54601	2.06096	3.60348
4.62857	5.14024	10.199	9.19751	4.11616	4.11616	8.19027	4.11616	3.60309	3.60309	2.06074	4.62857	2.5753	2.06074	3.08945	2.5753	1.54585	1.0307	1.0307	0.515394	1.0307	0.515394	0.515394	1.54585	1.54585	0.515394	0.515394	0.515394	1.0307	1.54585	0.515394	1.0307	2.06074	1.0307	1.54585	3.08945	3.08945	1.54585	2.06074	2.06074	2.06074	4.11616	2.06074	2.06074	2.06074	4.62857	4.62857	2.5753	2.5753	2.06074	3.60309	1.54585	2.06074	2.06074	1.54585	3.08945	3.08945	1.54585	2.06074	3.60309	1.54585	1.54585	1.54585	1.54585	3.08945	1.54585	2.06074	3.60309	3.60309	2.06074	2.06074	2.06074	1.54585	3.60309	2.06074	2.06074	2.06074	4.11616	4.11616	2.06074	2.06074	2.06074	4.11616	2.06074	2.06074	2.06074	2.06074	4.11616	4.11616	2.06074	1.54585	3.60309	2.06074	1.54585	1.54585	2.06074	3.60309	1.54585	2.06074	3.60309	2.5753	1.0307	1.54585	1.54585	1.54585	3.08945	1.54585	1.54585	3.08945	3.08945	1.54585	1.54585	1.54585	1.54585	3.60309	2.06074	1.54585	3.08945	3.60309	2.06074	1.54585	1.54585	1.54585	3.60309	2.06074	1.54585	3.60309	2.06074	1.54585	3.60309	2.06074	2.06074	4.11616	2.06074	2.06074	4.11616	2.06074	2.06074	2.06074	2.06074	4.62857	4.62857	2.06074	2.06074	4.11616	2.06074	2.06074	2.06074	2.5753	4.62857	4.11616	2.06074	2.06074	4.11616	2.06074	2.06074	2.06074	1.54585	3.60309	2.06074	2.06074	4.11616	4.11616	2.06074	2.06074	2.06074	1.54585	3.60309	2.06074	2.06074	2.06074	3.60309	3.60309	1.54585	1.54585	2.06074	3.60309	1.54585	2.06074	2.06074	2.06074	3.60309	3.60309	2.06074	2.06074	4.11616	2.06074	2.06074	2.06074	1.54585	3.60309	2.06074	2.06074	3.60309	3.60309	2.06074	2.06074	2.06074	2.06074	3.60309	1.54585	2.06074	4.11616	3.60309	1.54585	2.06074	2.06074	1.54585	3.60309	2.06074	1.54585	3.08945	1.54585	1.54585	3.60309	2.06074	1.54585	3.60309	2.06074	1.0307	2.5753	1.54585	1.54585	1.54585	1.54585	2.5753	2.5753	1.54585	1.54585	2.5753	1.0307	1.54585	1.54585	1.54585	2.5753	2.5753	1.54585	1.54585	3.08945	1.54585	1.0307	1.0307	1.54585	3.08945	3.08945	1.54585	2.06074	3.60309	1.54585	1.54585	1.54585	2.06074	3.60309	1.54585	2.06074	3.60309
5.23165	5.60695	10.6624	9.59379	4.24589	4.24589	8.32446	4.14772	3.49575	3.4768	2.06056	4.50196	2.47675	2.0363	3.01331	2.78509	2.39526	2.30362	2.30362	2.03638	2.03636	1.62935	1.55647	2.03632	1.85754	1.15228	1.15228	1.15228	1.46873	2.00352	1.62935	1.85758	2.55577	2.1318	2.6512	4.00628	4.57826	4.23054	4.72686	5.20353	5.60718	6.79791	6.01029	6.01029	6.01029	7.28537	7.28537	6.26858	6.5038	6.41283	6.829	5.52471	5.5336	5.5336	5.28182	5.73425	5.5572	4.87756	5.06273	5.85574	4.87756	4.87756	4.87756	4.79939	5.3189	4.39482	4.59982	5.46193	5.46193	4.59982	4.59982	4.59982	4.323	5.26926	4.14788	4.14788	4.14788	5.46189	5.46189	4.14788	4.14788	4.14788	5.46189	4.14788	4.10392	3.88931	3.71126	5.11747	5.28168	4.14788	3.85525	4.92106	3.71126	3.40006	3.17898	3.32137	4.5782	3.17898	3.32137	4.56019	4.00628	2.9412	3.00241	3.00241	3.00241	4.01858	3.00241	3.00241	4.01858	4.01858	3.00241	3.00241	3.00241	3.00241	4.39844	3.53348	3.45311	4.3684	4.5782	3.53348	3.45311	3.45311	3.45311	4.74065	3.71126	3.45311	4.74065	3.71126	3.45311	4.74065	3.71126	3.71126	5.13988	3.71126	3.71126	5.13988	3.71126	3.67998	3.47691	3.29639	5.29094	5.29094	3.29639	3.2813	4.77173	2.91289	2.91289	2.91289	3.28128	5.11743	4.89422	3.0946	2.91289	4.59967	2.91289	2.91289	2.91289	2.55579	4.0877	2.57512	2.57512	4.39464	4.39464	2.57512	2.57512	2.57512	2.19305	3.82503	2.39522	2.57512	2.57512	3.91878	3.91878	2.19305	2.03632	2.30355	3.83794	1.79396	2.0363	2.13172	2.30355	3.83794	3.78598	2.12392	2.12392	4.14772	2.12392	2.12392	2.12392	1.62928	3.63925	2.12392	2.12392	3.75094	3.7333	2.06056	2.06056	2.06056	2.06056	3.60277	1.54571	2.06056	4.11579	3.7333	1.71843	2.12392	2.12392	1.62928	3.63925	2.12392	1.79396	3.34111	1.85754	2.03632	3.82503	2.25265	2.03632	3.82503	2.25265	1.63947	3.0515	2.18549	2.00352	1.83058	1.85754	2.94109	2.87856	1.83058	1.85754	2.94109	1.8306	2.00352	1.83058	1.85754	2.94109	2.87856	1.83058	1.85754	3.25594	1.85754	1.45739	1.45739	1.85754	3.25594	3.09453	1.55641	2.12392	3.63925	1.62928	1.62928	1.62928	2.12392	3.63925	1.62928	1.9701	3.61193
5.46432	5.84667	11.4001	10.3412	4.50156	4.50156	8.57556	4.14734	3.24037	3.2199	2.06037	4.24551	2.22282	1.7938	2.536	2.37418	2.25251	2.30342	2.30342	2.1316	2.19287	1.62921	1.6793	2.25245	1.85737	1.15217	1.15217	1.15217	1.32619	1.83044	1.62921	1.85741	2.3672	2.0362	2.44299	3.53316	4.28046	4.15152	4.5563	5.04931	5.52422	6.65193	6.00975	6.00975	6.00975	7.28473	7.28473	6.17347	6.41226	6.50322	7.12687	5.60667	5.5331	5.5331	5.36762	5.88033	5.5567	4.87713	5.06228	5.85522	4.87713	4.87713	4.87713	4.89394	5.47644	4.39442	4.59941	5.46144	5.46144	4.59941	4.59941	4.59941	4.428	5.45239	4.14751	4.14751	4.14751	5.4614	5.4614	4.14751	4.14751	4.14751	5.4614	4.14751	4.24566	4.03874	3.71093	4.92062	5.09129	4.14751	3.9729	5.11701	3.71093	3.53316	3.32107	3.17869	4.57779	3.32107	3.17869	4.36801	4.18306	3.05132	3.00214	3.00214	3.00214	4.01822	3.00214	3.00214	4.01822	4.01822	3.00214	3.00214	3.00214	3.00214	4.19877	3.39976	3.4528	4.55979	4.57779	3.39976	3.4528	3.4528	3.4528	4.74023	3.71093	3.4528	4.74023	3.71093	3.4528	4.74023	3.71093	3.71093	5.13942	3.71093	3.71093	5.13942	3.71093	3.8377	3.64357	3.29609	5.29047	5.29047	3.29609	3.45752	5.00006	2.91263	2.91263	2.91263	3.09432	4.89378	5.11697	3.28099	2.91263	4.59926	2.91263	2.91263	2.91263	2.73087	4.32245	2.57489	2.57489	4.39424	4.39424	2.57489	2.57489	2.57489	2.395	3.82468	2.19285	2.57489	2.57489	3.91843	3.91843	2.395	2.25245	2.30334	4.0873	2.03611	1.7938	1.90146	2.30334	4.0873	4.03861	2.12373	2.12373	4.14734	2.12373	2.12373	2.12373	1.62914	3.63893	2.12373	2.12373	4.00581	3.98931	2.06037	2.06037	2.06037	2.06037	3.60245	1.54557	2.06037	4.11543	3.98931	1.96993	2.12373	2.12373	1.62914	3.63893	2.12373	2.03611	3.58869	1.85737	2.25245	3.82468	2.03614	2.25245	3.82468	2.03614	1.83042	3.28094	2.18529	1.83044	1.63932	1.85737	3.17859	2.8783	1.63932	1.85737	3.17859	2.00334	1.83044	1.63932	1.85737	3.17859	2.8783	1.63932	1.85737	3.25565	1.85737	1.45726	1.45726	1.85737	3.25565	2.84941	1.32615	2.12373	3.63893	1.62914	1.62914	1.62914	2.12373	3.63893	1.62914	1.71828	3.6116
5.13877	5.64947	11.6862	10.6945	4.62725	4.62725	8.6921	4.11498	3.08856	3.08856	2.06015	4.11498	2.06015	1.5454	2.06015	1.5454	1.03041	1.03041	1.03041	1.03041	1.5454	0.515245	1.03041	2.06015	1.5454	0.515245	0.515245	0.515245	0.515245	1.03041	0.515245	1.03041	1.5454	0.515245	0.515245	1.5454	2.06015	1.03041	1.03041	1.03041	1.5454	3.60206	2.06015	2.06015	2.06015	4.62725	4.62725	2.06015	2.06015	2.57456	4.62725	2.06015	2.06015	2.06015	2.06015	3.60206	3.08856	1.5454	2.06015	3.60206	1.5454	1.5454	1.5454	2.06015	3.60206	1.5454	2.06015	3.60206	3.60206	2.06015	2.06015	2.06015	2.06015	4.11498	2.06015	2.06015	2.06015	4.11498	4.11498	2.06015	2.06015	2.06015	4.11498	2.06015	2.57456	2.57456	2.06015	3.60206	3.60206	2.06015	2.06015	4.11498	2.06015	2.06015	2.06015	1.5454	3.60206	2.06015	1.5454	3.08856	3.08856	1.5454	1.5454	1.5454	1.5454	3.08856	1.5454	1.5454	3.08856	3.08856	1.5454	1.5454	1.5454	1.5454	3.08856	1.5454	1.5454	3.60206	3.60206	1.5454	1.5454	1.5454	1.5454	3.60206	2.06015	1.5454	3.60206	2.06015	1.5454	3.60206	2.06015	2.06015	4.11498	2.06015	2.06015	4.11498	2.06015	2.57456	2.57456	2.06015	4.62725	4.62725	2.06015	2.57456	4.62725	2.06015	2.06015	2.06015	2.06015	4.11498	4.62725	2.57456	2.06015	4.11498	2.06015	2.06015	2.06015	2.06015	4.11498	2.06015	2.06015	4.11498	4.11498	2.06015	2.06015	2.06015	2.06015	3.60206	1.5454	2.06015	2.06015	3.60206	3.60206	2.06015	2.06015	2.06015	4.11498	2.06015	1.5454	1.5454	2.06015	4.11498	4.11498	2.06015	2.06015	4.11498	2.06015	2.06015	2.06015	1.5454	3.60206	2.06015	2.06015	4.11498	4.11498	2.06015	2.06015	2.06015	2.06015	3.60206	1.5454	2.06015	4.11498	4.11498	2.06015	2.06015	2.06015	1.5454	3.60206	2.06015	2.06015	3.60206	1.5454	2.06015	3.60206	1.5454	2.06015	3.60206	1.5454	1.5454	3.08856	1.5454	1.03041	1.03041	1.5454	3.08856	2.57456	1.03041	1.5454	3.08856	1.5454	1.03041	1.03041	1.5454	3.08856	2.57456	1.03041	1.5454	3.08856	1.5454	1.03041	1.03041	1.5454	3.08856	2.57456	1.03041	2.06015	3.60206	1.5454	1.5454	1.5454	2.06015	3.60206	1.5454	1.5454	3.60206
5.13831	5.64897	11.6851	10.6935	4.62683	4.62683	8.69133	4.11461	3.08828	3.08828	2.05996	4.11461	2.05996	1.54526	2.05996	1.54526	1.03031	1.03031	1.03031	1.03031	1.54526	0.515199	1.03031	2.05996	1.54526	0.515199	0.515199	0.515199	0.515199	1.03031	0.515199	1.03031	1.54526	0.515199	0.515199	1.54526	2.05996	1.03031	1.03031	1.03031	1.54526	3.60174	2.05996	2.05996	2.05996	4.62683	4.62683	2.05996	2.05996	2.57433	4.62683	2.05996	2.05996	2.05996	2.05996	3.60174	3.08828	1.54526	2.05996	3.60174	1.54526	1.54526	1.54526	2.05996	3.60174	1.54526	2.05996	3.60174	3.60174	2.05996	2.05996	2.05996	2.05996	4.11461	2.05996	2.05996	2.05996	4.11461	4.11461	2.05996	2.05996	2.05996	4.11461	2.05996	2.57433	2.57433	2.05996	3.60174	3.60174	2.05996	2.05996	4.11461	2.05996	2.05996	2.05996	1.54526	3.60174	2.05996	1.54526	3.08828	3.08828	1.54526	1.54526	1.54526	1.54526	3.08828	1.54526	1.54526	3.08828	3.08828	1.54526	1.54526	1.54526	1.54526	3.08828	1.54526	1.54526	3.60174	3.60174	1.54526	1.54526	1.54526	1.54526	3.60174	2.05996	1.54526	3.60174	2.05996	1.54526	3.60174	2.05996	2.05996	4.11461	2.05996	2.05996	4.11461	2.05996	2.57433	2.57433	2.05996	4.62683	4.62683	2.05996	2.57433	4.62683	2.05996	2.05996	2.05996	2.05996	4.11461	4.62683	2.57433	2.05996	4.11461	2.05996	2.05996	2.05996	2.05996	4.11461	2.05996	2.05996	4.11461	4.11461	2.05996	2.05996	2.05996	2.05996	3.60174	1.54526	2.05996	2.05996	3.60174	3.60174	2.05996	2.05996	2.05996	4.11461	2.05996	1.54526	1.54526	2.05996	4.11461	4.11461	2.05996	2.05996	4.11461	2.05996	2.05996	2.05996	1.54526	3.60174	2.05996	2.05996	4.11461	4.11461	2.05996	2.05996	2.05996	2.05996	3.60174	1.54526	2.05996	4.11461	4.11461	2.05996	2.05996	2.05996	1.54526	3.60174	2.05996	2.05996	3.60174	1.54526	2.05996	3.60174	1.54526	2.05996	3.60174	1.54526	1.54526	3.08828	1.54526	1.03031	1.03031	1.54526	3.08828	2.57433	1.03031	1.54526	3.08828	1.54526	1.03031	1.03031	1.54526	3.08828	2.57433	1.03031	1.54526	3.08828	1.54526	1.03031	1.03031	1.54526	3.08828	2.57433	1.03031	2.05996	3.60174	1.54526	1.54526	1.54526	2.05996	3.60174	1.54526	1.54526	3.60174
5.13785	5.64846	11.6841	10.6926	4.62642	4.62642	8.69056	4.11425	3.08801	3.08801	2.05978	4.11425	2.05978	1.54512	2.05978	1.54512	1.03022	1.03022	1.03022	1.03022	1.54512	0.515153	1.03022	2.05978	1.54512	0.515153	0.515153	0.515153	0.515153	1.03022	0.515153	1.03022	1.54512	0.515153	0.515153	1.54512	2.05978	1.03022	1.03022	1.03022	1.54512	3.60141	2.05978	2.05978	2.05978	4.62642	4.62642	2.05978	2.05978	2.5741	4.62642	2.05978	2.05978	2.05978	2.05978	3.60141	3.08801	1.54512	2.05978	3.60141	1.54512	1.54512	1.54512	2.05978	3.60141	1.54512	2.05978	3.60141	3.60141	2.05978	2.05978	2.05978	2.05978	4.11425	2.05978	2.05978	2.05978	4.11425	4.11425	2.05978	2.05978	2.05978	4.11425	2.05978	2.5741	2.5741	2.05978	3.60141	3.60141	2.05978	2.05978	4.11425	2.05978	2.05978	2.05978	1.54512	3.60141	2.05978	1.54512	3.08801	3.08801	1.54512	1.54512	1.54512	1.54512	3.08801	1.54512	1.54512	3.08801	3.08801	1.54512	1.54512	1.54512	1.54512	3.08801	1.54512	1.54512	3.60141	3.60141	1.54512	1.54512	1.54512	1.54512	3.60141	2.05978	1.54512	3.60141	2.05978	1.54512	3.60141	2.05978	2.05978	4.11425	2.05978	2.05978	4.11425	2.05978	2.5741	2.5741	2.05978	4.62642	4.62642	2.05978	2.5741	4.62642	2.05978	2.05978	2.05978	2.05978	4.11425	4.62642	2.5741	2.05978	4.11425	2.05978	2.05978	2.05978	2.05978	4.11425	2.05978	2.05978	4.11425	4.11425	2.05978	2.05978	2.05978	2.05978	3.60141	1.54512	2.05978	2.05978	3.60141	3.60141	2.05978	2.05978	2.05978	4.11425	2.05978	1.54512	1.54512	2.05978	4.11425	4.11425	2.05978	2.05978	4.11425	2.05978	2.05978	2.05978	1.54512	3.60141	2.05978	2.05978	4.11425	4.11425	2.05978	2.05978	2.05978	2.05978	3.60141	1.54512	2.05978	4.11425	4.11425	2.05978	2.05978	2.05978	1.54512	3.60141	2.05978	2.05978	3.60141	1.54512	2.05978	3.60141	1.54512	2.05978	3.60141	1.54512	1.54512	3.08801	1.54512	1.03022	1.03022	1.54512	3.08801	2.5741	1.03022	1.54512	3.08801	1.54512	1.03022	1.03022	1.54512	3.08801	2.5741	1.03022	1.54512	3.08801	1.54512	1.03022	1.03022	1.54512	3.08801	2.5741	1.03022	2.05978	3.60141	1.54512	1.54512	1.54512	2.05978	3.60141	1.54512	1.54512	3.60141
5.68257	6.17081	12.0432	11.2834	5.90847	5.85288	9.54925	5.81085	5.13753	5.13753	4.42632	5.26986	3.74932	3.27981	3.3198	2.82511	2.36635	2.13079	1.90079	1.8567	2.18445	1.62859	1.8567	2.39407	2.01081	1.55574	1.46807	1.22159	0.980706	1.10768	0.728464	0.814413	1.22152	0.980706	1.22159	2.0354	2.96219	3.09322	3.3397	3.5875	3.98798	5.29475	4.89208	5.06036	5.06036	6.53064	6.71757	5.46245	5.22938	5.34107	6.71028	5.22938	4.99833	4.76964	4.59766	5.45032	4.90873	3.62406	3.70951	4.7384	3.45149	3.39846	3.17748	3.3198	4.55802	3.45149	3.70951	4.7384	4.7384	3.70951	3.74932	3.97139	4.14593	5.45929	4.14593	4.14593	4.14593	5.47427	5.31629	3.70951	3.70951	3.70951	5.16608	3.47527	3.64216	3.83623	3.70951	4.7557	4.60109	3.29483	3.29483	4.81063	3.53181	3.70951	3.70951	3.39846	4.57602	3.53181	3.39846	4.19715	4.01667	3.001	3.001	3.001	3.001	4.01667	3.001	3.001	4.01667	4.01667	3.001	3.001	3.001	3.001	4.01667	3.001	3.001	4.39635	4.57602	3.17748	3.001	3.001	3.001	4.42246	3.29483	3.001	4.42246	3.29483	3.001	4.42246	3.29483	3.29483	4.84804	3.29483	3.29483	4.89188	3.09313	3.27972	3.45619	3.27974	5.16921	5.16921	3.09313	3.27972	5.16921	3.09313	2.9115	2.9115	2.9115	4.65785	4.96183	3.11439	2.9115	4.65785	2.75391	2.57389	2.57389	2.60581	4.39625	2.30244	2.30244	4.23997	4.23997	2.30244	2.30244	2.30244	2.30244	3.74474	1.85665	2.30244	2.30244	3.74474	3.74474	2.36623	2.28075	2.12289	4.14571	2.12289	1.6285	1.6285	2.12289	4.14571	4.14571	2.12289	2.12289	4.14571	2.12289	2.12289	2.12289	1.7176	3.73149	2.05956	2.05956	3.98773	4.00423	2.12289	2.22194	2.19194	2.05956	3.73149	1.7176	2.12289	4.14571	4.14571	2.12289	2.12289	2.12289	1.7931	3.83608	2.30244	2.1307	3.68256	1.90071	2.30244	3.90424	2.192	2.39407	3.66012	1.85665	2.03535	3.51294	2.18445	2.0354	2.25165	2.39412	3.39834	3.17738	2.25165	2.57394	3.53171	2.19203	2.0354	2.25165	2.39412	3.39834	3.0009	1.8567	2.18445	3.27966	1.82971	1.63868	1.82973	2.18445	3.27966	2.87718	1.82973	2.39407	3.66012	1.85665	1.85665	1.85665	2.30244	3.74474	1.85665	1.85665	3.58727
6.16759	6.40891	12.2834	11.7621	6.33473	5.85232	9.7796	5.99855	5.13701	5.13701	4.32053	4.90825	3.62369	3.17718	3.17715	2.70526	2.28065	2.03521	1.793	1.85651	2.18423	1.62842	1.85651	2.19179	2.01061	1.67849	1.42205	1.16593	0.910486	0.910462	0.728392	0.364211	0.546307	0.910486	1.16593	1.71753	2.60564	3.02813	3.27949	3.5315	3.90405	4.98792	4.79664	5.05983	5.05983	6.35796	6.54995	5.56878	5.34051	5.22884	6.70962	5.34051	5.11465	4.89155	4.59719	5.62718	5.26935	3.74894	3.70913	4.73794	3.45113	3.53145	3.31946	3.17715	4.3659	3.45113	3.70913	4.73794	4.73794	3.70913	3.62369	3.85304	4.1455	5.45876	4.1455	4.1455	4.1455	5.67349	5.52139	3.70913	3.70913	3.70913	5.37707	3.6418	3.47492	3.67787	3.70913	4.95812	4.81018	3.2945	3.2945	4.60065	3.39811	3.70913	3.70913	3.53145	4.57557	3.39811	3.53145	4.39592	4.01628	3.00069	3.00069	3.00069	3.00069	4.01628	3.00069	3.00069	4.01628	4.01628	3.00069	3.00069	3.00069	3.00069	4.01628	3.00069	3.00069	4.19674	4.57557	3.31946	3.00069	3.00069	3.00069	4.42203	3.2945	3.00069	4.42203	3.2945	3.00069	4.42203	3.2945	3.2945	4.84758	3.2945	3.2945	5.1145	3.2794	3.09282	3.27942	3.45585	5.16873	5.16873	3.2794	3.09282	5.16873	3.2794	2.91122	2.91122	2.91122	4.89139	4.96137	2.91688	2.91122	4.89139	2.96183	2.57364	2.57364	2.82474	4.64325	2.30222	2.30222	4.23959	4.23959	2.30222	2.30222	2.30222	2.30222	3.7444	1.85647	2.30222	2.30222	3.7444	3.7444	2.60553	2.52822	2.1227	4.14534	2.1227	1.62835	1.62835	2.1227	4.14534	4.14534	2.1227	2.1227	4.14534	2.1227	2.1227	2.1227	1.96897	3.98738	2.05937	2.05937	3.73115	3.74879	2.1227	2.47533	2.44845	2.05937	3.98738	1.96897	2.1227	4.14534	4.14534	2.1227	2.1227	2.1227	2.03513	4.08533	2.30222	1.90053	3.68223	2.1305	2.30222	4.14932	2.39384	2.19179	3.41736	1.85647	2.25136	3.74882	2.18423	2.19181	2.39388	2.25142	3.17708	3.39802	2.39388	2.57368	3.31941	2.03519	2.19181	2.39388	2.25142	3.17708	3.00061	1.85651	2.18423	3.04975	1.63852	1.82953	2.00237	2.18423	3.04975	2.87691	2.00237	2.19179	3.41736	1.85647	1.85647	1.85647	2.30222	3.7444	1.85647	1.85647	3.33919
6.15642	6.15642	12.1739	11.6809	5.64685	4.62509	9.19068	4.62509	3.08712	3.08712	1.54468	3.08712	1.54468	1.02993	1.54468	1.02993	0.515004	0.515004	0.515004	1.02993	1.54468	0.515004	1.02993	1.54468	1.54468	1.02993	0	0	0	0.515004	0.515004	0	0	0	0	0	0.515004	0.515004	0.515004	0.515004	1.02993	2.57336	1.54468	2.05919	2.05919	4.11307	4.11307	2.57336	2.57336	2.05919	4.62509	2.57336	2.57336	2.57336	2.05919	4.11307	4.11307	2.05919	2.05919	3.60038	1.54468	2.05919	2.05919	1.54468	3.08712	1.54468	2.05919	3.60038	3.60038	2.05919	1.54468	1.54468	2.05919	4.11307	2.05919	2.05919	2.05919	4.62509	4.62509	2.05919	2.05919	2.05919	4.62509	2.57336	2.05919	2.05919	2.05919	4.11307	4.11307	2.05919	2.05919	3.60038	1.54468	2.05919	2.05919	2.05919	3.60038	1.54468	2.05919	3.60038	3.08712	1.54468	1.54468	1.54468	1.54468	3.08712	1.54468	1.54468	3.08712	3.08712	1.54468	1.54468	1.54468	1.54468	3.08712	1.54468	1.54468	3.08712	3.60038	2.05919	1.54468	1.54468	1.54468	3.60038	2.05919	1.54468	3.60038	2.05919	1.54468	3.60038	2.05919	2.05919	4.11307	2.05919	2.05919	4.62509	2.57336	2.05919	2.05919	2.57336	4.62509	4.62509	2.57336	2.05919	4.62509	2.57336	2.05919	2.05919	2.05919	4.62509	4.62509	2.05919	2.05919	4.62509	2.57336	2.05919	2.05919	2.57336	4.62509	2.05919	2.05919	4.11307	4.11307	2.05919	2.05919	2.05919	2.05919	3.60038	1.54468	2.05919	2.05919	3.60038	3.60038	2.57336	2.57336	2.05919	4.11307	2.05919	1.54468	1.54468	2.05919	4.11307	4.11307	2.05919	2.05919	4.11307	2.05919	2.05919	2.05919	2.05919	4.11307	2.05919	2.05919	3.60038	3.60038	2.05919	2.57336	2.57336	2.05919	4.11307	2.05919	2.05919	4.11307	4.11307	2.05919	2.05919	2.05919	2.05919	4.11307	2.05919	1.54468	3.60038	2.05919	2.05919	4.11307	2.05919	1.54468	3.08712	1.54468	2.05919	3.60038	1.54468	1.54468	1.54468	1.02993	2.57336	3.08712	1.54468	1.54468	2.57336	1.02993	1.54468	1.54468	1.02993	2.57336	2.57336	1.02993	1.54468	2.57336	1.02993	1.54468	1.54468	1.54468	2.57336	2.57336	1.54468	1.54468	3.08712	1.54468	1.54468	1.54468	2.05919	3.60038	1.54468	1.54468	3.08712
6.15587	6.15587	12.1728	11.6798	5.64634	4.62468	9.18987	4.62468	3.08684	3.08684	1.54454	3.08684	1.54454	1.02983	1.54454	1.02983	0.514958	0.514958	0.514958	1.02983	1.54454	0.514958	1.02983	1.54454	1.54454	1.02983	0	0	0	0.514958	0.514958	0	0	0	0	0	0.514958	0.514958	0.514958	0.514958	1.02983	2.57313	1.54454	2.059	2.059	4.1127	4.1127	2.57313	2.57313	2.059	4.62468	2.57313	2.57313	2.57313	2.059	4.1127	4.1127	2.059	2.059	3.60006	1.54454	2.059	2.059	1.54454	3.08684	1.54454	2.059	3.60006	3.60006	2.059	1.54454	1.54454	2.059	4.1127	2.059	2.059	2.059	4.62468	4.62468	2.059	2.059	2.059	4.62468	2.57313	2.059	2.059	2.059	4.1127	4.1127	2.059	2.059	3.60006	1.54454	2.059	2.059	2.059	3.60006	1.54454	2.059	3.60006	3.08684	1.54454	1.54454	1.54454	1.54454	3.08684	1.54454	1.54454	3.08684	3.08684	1.54454	1.54454	1.54454	1.54454	3.08684	1.54454	1.54454	3.08684	3.60006	2.059	1.54454	1.54454	1.54454	3.60006	2.059	1.54454	3.60006	2.059	1.54454	3.60006	2.059	2.059	4.1127	2.059	2.059	4.62468	2.57313	2.059	2.059	2.57313	4.62468	4.62468	2.57313	2.059	4.62468	2.57313	2.059	2.059	2.059	4.62468	4.62468	2.059	2.059	4.62468	2.57313	2.059	2.059	2.57313	4.62468	2.059	2.059	4.1127	4.1127	2.059	2.059	2.059	2.059	3.60006	1.54454	2.059	2.059	3.60006	3.60006	2.57313	2.57313	2.059	4.1127	2.059	1.54454	1.54454	2.059	4.1127	4.1127	2.059	2.059	4.1127	2.059	2.059	2.059	2.059	4.1127	2.059	2.059	3.60006	3.60006	2.059	2.57313	2.57313	2.059	4.1127	2.059	2.059	4.1127	4.1127	2.059	2.059	2.059	2.059	4.1127	2.059	1.54454	3.60006	2.059	2.059	4.1127	2.059	1.54454	3.08684	1.54454	2.059	3.60006	1.54454	1.54454	1.54454	1.02983	2.57313	3.08684	1.54454	1.54454	2.57313	1.02983	1.54454	1.54454	1.02983	2.57313	2.57313	1.02983	1.54454	2.57313	1.02983	1.54454	1.54454	1.54454	2.57313	2.57313	1.54454	1.54454	3.08684	1.54454	1.54454	1.54454	2.059	3.60006	1.54454	1.54454	3.08684
8.00936	7.99121	13.3117	12.9638	7.95885	7.27916	10.7349	7.27916	6.42508	6.42508	6.00787	6.82082	6.34344	6.23977	6.18989	5.84245	5.66917	5.53185	5.27731	5.08752	4.79871	4.25795	4.08435	3.8219	3.34331	2.84733	2.57299	2.57299	2.44788	1.93459	1.31262	0.910224	0.5757	0.182055	0.182055	0.5757	1.06146	1.46749	1.71703	1.9685	2.30164	3.27846	2.82401	3.31851	3.53044	5.13547	5.13547	4.03563	4.24239	4.10039	5.72922	4.01517	4.01517	4.01517	3.67682	5.02244	4.89002	3.09194	2.91038	4.19549	2.36537	2.55357	2.72877	2.55359	3.62254	2.18361	2.55357	3.96973	4.10029	3.11324	2.96104	2.7529	2.91606	4.71569	3.09194	2.91038	2.91038	4.99622	5.11303	3.29355	3.29355	3.29355	5.23971	3.83475	3.67682	3.47392	3.29355	4.8462	4.8462	3.29355	3.31851	4.57426	3.17624	3.29355	3.29355	3.29355	4.42077	2.99983	3.29355	4.4541	3.88589	2.57294	2.57294	2.57294	2.57294	3.70799	2.57294	2.57294	3.70799	3.70799	2.57294	2.60487	2.82401	2.99983	4.01513	2.99983	2.96104	3.88589	4.10029	3.11324	2.96104	2.7529	2.57294	4.10029	3.11324	2.96104	4.27706	3.11324	2.96104	4.31915	2.91038	2.91038	4.59572	2.91038	2.91604	4.95995	3.1132	2.91604	2.75286	2.96098	4.95995	5.03544	2.99975	2.5729	4.87317	2.99975	2.5729	2.5729	2.5729	4.87317	4.87317	2.5729	2.60481	4.79848	2.82393	2.60481	2.47464	2.70439	4.79848	2.47464	2.30156	4.23838	4.23838	2.30156	2.30156	2.30156	2.30156	3.74333	1.85594	2.30156	2.30156	3.83463	3.78272	2.52749	2.60479	2.36533	4.28852	2.12209	1.71695	1.67794	2.05878	4.11226	4.11226	2.05878	1.93449	4.00272	2.12209	2.12209	2.12209	2.12209	4.14415	2.12209	2.12209	3.74771	3.73008	2.05878	2.44775	2.47462	2.2211	4.24224	2.05878	2.05878	4.11226	4.11226	2.05878	2.19111	2.2211	2.12209	4.14415	2.12209	1.62788	3.63612	2.12209	2.12209	4.14415	2.12209	1.79242	3.33823	1.85594	2.30156	3.74333	1.85594	1.85594	1.85594	1.81994	3.35306	3.70799	2.57294	2.39319	2.96098	1.85598	2.18361	2.18361	1.85598	2.82393	2.87608	1.82902	2.18361	2.99975	1.85598	2.18361	2.18361	2.00179	2.87608	3.04888	2.18361	2.18361	3.45003	2.18361	2.18361	2.18361	2.39315	3.65873	1.85594	1.85594	3.25313
8.20759	7.9905	13.5352	13.1848	7.95814	7.27851	10.734	7.27851	6.42451	6.42451	6.08295	6.94302	6.34288	6.23922	6.13639	5.80827	5.66866	5.51951	5.26441	5.04824	4.68751	4.24209	4.03534	3.68103	3.18118	2.7766	2.57276	2.57276	2.47452	2.03445	1.3125	0.980233	0.92813	0.407036	0.407036	0.92813	1.06136	1.42152	1.67788	1.93442	2.30143	3.09166	2.70424	3.17596	3.39683	5.13501	5.13501	3.88562	4.10002	4.24201	5.94154	4.01481	4.01481	4.01481	3.8344	5.23924	5.11258	3.27816	2.91012	4.42405	2.55334	2.36516	2.55336	2.72852	3.85146	2.18341	2.36516	3.74743	3.88554	2.96077	3.11296	2.9158	2.75265	4.71527	3.27816	2.91012	2.91012	4.7672	4.88958	3.29325	3.29325	3.29325	5.02199	3.67649	3.8344	3.64043	3.29325	4.84576	4.84576	3.29325	3.17596	4.57385	3.31821	3.29325	3.29325	3.29325	4.42037	2.99956	3.29325	4.66978	4.09993	2.57271	2.57271	2.57271	2.57271	3.70766	2.57271	2.57271	3.70766	3.70766	2.57271	2.4745	2.70424	2.99956	4.01477	2.99956	3.11296	4.09993	3.88554	2.96077	3.11296	2.9158	2.57271	3.88554	2.96077	3.11296	4.27668	2.96077	3.11296	4.54137	2.91012	2.91012	4.59531	2.91012	3.11292	4.95951	2.91578	3.11292	2.96071	2.75261	4.95951	5.27659	2.99948	2.57267	4.87273	2.99948	2.57267	2.57267	2.57267	4.87273	4.87273	2.57267	2.82368	4.79806	2.60458	2.82368	2.70415	2.47442	4.79806	2.70415	2.30136	4.238	4.238	2.30136	2.30136	2.30136	2.30136	3.74299	1.85577	2.30136	2.30136	4.08379	4.03513	2.27969	2.36512	2.60455	4.54132	2.1219	1.96823	1.93431	2.05859	4.11189	4.11189	2.05859	1.67779	3.74738	2.1219	2.1219	2.1219	2.1219	4.14378	2.1219	2.1219	4.00236	3.98588	2.05859	2.19091	2.2209	2.4744	4.49769	2.05859	2.05859	4.11189	4.11189	2.05859	2.44753	2.4744	2.1219	4.14378	2.1219	1.62773	3.6358	2.1219	2.1219	4.14378	2.1219	2.03436	3.5856	1.85577	2.30136	3.74299	1.85577	1.85577	1.85577	2.21348	3.79547	3.70766	2.57271	2.25057	2.75261	1.85581	2.18341	2.18341	1.85581	2.60458	2.87583	2.00161	2.18341	2.99948	1.85581	2.18341	2.18341	1.82886	2.87583	3.27812	2.18341	2.18341	3.44972	2.18341	2.18341	2.18341	2.19096	3.41608	1.85577	1.85577	3.25284
6.66252	6.15411	12.6604	12.1694	5.64473	4.62335	9.18727	4.62335	3.08596	3.08596	2.05841	3.59903	1.5441	1.02954	1.02954	0.51481	0.51481	0	0	0.51481	0.51481	0	0.51481	0.51481	0.51481	0.51481	0	0	0.51481	1.02954	0.51481	0.51481	1.02954	0.51481	0.51481	1.02954	0.51481	0	0	0	1.02954	2.05841	1.02954	1.5441	1.5441	4.11152	4.11152	2.05841	2.05841	2.57239	5.13445	2.57239	2.57239	2.57239	2.57239	4.62335	4.62335	2.57239	2.05841	4.11152	2.05841	1.5441	1.5441	2.05841	3.59903	1.5441	1.5441	3.08596	3.08596	1.5441	2.05841	2.05841	1.5441	4.11152	2.57239	2.05841	2.05841	4.11152	4.11152	2.05841	2.05841	2.05841	4.11152	2.05841	2.57239	2.57239	2.05841	4.11152	4.11152	2.05841	1.5441	3.59903	2.05841	2.05841	2.05841	2.05841	3.59903	1.5441	2.05841	4.11152	3.59903	1.5441	1.5441	1.5441	1.5441	3.08596	1.5441	1.5441	3.08596	3.08596	1.5441	1.02954	1.02954	1.5441	3.08596	1.5441	2.05841	3.59903	3.08596	1.5441	2.05841	2.05841	1.5441	3.08596	1.5441	2.05841	3.59903	1.5441	2.05841	4.11152	2.05841	2.05841	4.11152	2.05841	2.57239	4.62335	2.05841	2.57239	2.57239	2.05841	4.62335	5.13445	2.57239	2.05841	4.62335	2.57239	2.05841	2.05841	2.05841	4.62335	4.62335	2.05841	2.57239	4.62335	2.05841	2.57239	2.57239	2.05841	4.62335	2.57239	2.05841	4.11152	4.11152	2.05841	2.05841	2.05841	2.05841	3.59903	1.5441	2.05841	2.05841	4.11152	4.11152	2.05841	2.05841	2.57239	4.62335	2.05841	2.05841	2.05841	2.05841	4.11152	4.11152	2.05841	1.5441	3.59903	2.05841	2.05841	2.05841	2.05841	4.11152	2.05841	2.05841	4.11152	4.11152	2.05841	2.05841	2.05841	2.57239	4.62335	2.05841	2.05841	4.11152	4.11152	2.05841	2.57239	2.57239	2.05841	4.11152	2.05841	1.5441	3.59903	2.05841	2.05841	4.11152	2.05841	2.05841	3.59903	1.5441	2.05841	3.59903	1.5441	1.5441	1.5441	2.05841	3.59903	3.08596	1.5441	1.02954	2.05841	1.02954	1.5441	1.5441	1.02954	2.05841	2.57239	1.5441	1.5441	2.57239	1.02954	1.5441	1.5441	1.02954	2.57239	3.08596	1.5441	1.5441	3.08596	1.5441	1.5441	1.5441	1.5441	3.08596	1.5441	1.5441	3.08596
6.66181	6.15345	12.6591	12.1681	5.64412	4.62286	9.1863	4.62286	3.08562	3.08562	2.05819	3.59864	1.54393	1.02943	1.02943	0.514755	0.514755	0	0	0.514755	0.514755	0	0.514755	0.514755	0.514755	0.514755	0	0	0.514755	1.02943	0.514755	0.514755	1.02943	0.514755	0.514755	1.02943	0.514755	0	0	0	1.02943	2.05819	1.02943	1.54393	1.54393	4.11108	4.11108	2.05819	2.05819	2.57211	5.1339	2.57211	2.57211	2.57211	2.57211	4.62286	4.62286	2.57211	2.05819	4.11108	2.05819	1.54393	1.54393	2.05819	3.59864	1.54393	1.54393	3.08562	3.08562	1.54393	2.05819	2.05819	1.54393	4.11108	2.57211	2.05819	2.05819	4.11108	4.11108	2.05819	2.05819	2.05819	4.11108	2.05819	2.57211	2.57211	2.05819	4.11108	4.11108	2.05819	1.54393	3.59864	2.05819	2.05819	2.05819	2.05819	3.59864	1.54393	2.05819	4.11108	3.59864	1.54393	1.54393	1.54393	1.54393	3.08562	1.54393	1.54393	3.08562	3.08562	1.54393	1.02943	1.02943	1.54393	3.08562	1.54393	2.05819	3.59864	3.08562	1.54393	2.05819	2.05819	1.54393	3.08562	1.54393	2.05819	3.59864	1.54393	2.05819	4.11108	2.05819	2.05819	4.11108	2.05819	2.57211	4.62286	2.05819	2.57211	2.57211	2.05819	4.62286	5.1339	2.57211	2.05819	4.62286	2.57211	2.05819	2.05819	2.05819	4.62286	4.62286	2.05819	2.57211	4.62286	2.05819	2.57211	2.57211	2.05819	4.62286	2.57211	2.05819	4.11108	4.11108	2.05819	2.05819	2.05819	2.05819	3.59864	1.54393	2.05819	2.05819	4.11108	4.11108	2.05819	2.05819	2.57211	4.62286	2.05819	2.05819	2.05819	2.05819	4.11108	4.11108	2.05819	1.54393	3.59864	2.05819	2.05819	2.05819	2.05819	4.11108	2.05819	2.05819	4.11108	4.11108	2.05819	2.05819	2.05819	2.57211	4.62286	2.05819	2.05819	4.11108	4.11108	2.05819	2.57211	2.57211	2.05819	4.11108	2.05819	1.54393	3.59864	2.05819	2.05819	4.11108	2.05819	2.05819	3.59864	1.54393	2.05819	3.59864	1.54393	1.54393	1.54393	2.05819	3.59864	3.08562	1.54393	1.02943	2.05819	1.02943	1.54393	1.54393	1.02943	2.05819	2.57211	1.54393	1.54393	2.57211	1.02943	1.54393	1.54393	1.02943	2.57211	3.08562	1.54393	1.54393	3.08562	1.54393	1.54393	1.54393	1.54393	3.08562	1.54393	1.54393	3.08562
6.66121	6.1529	12.658	12.1671	5.64362	4.62244	9.18549	4.62244	3.08535	3.08535	2.058	3.59832	1.54379	1.02933	1.02933	0.514708	0.514708	0	0	0.514708	0.514708	0	0.514708	0.514708	0.514708	0.514708	0	0	0.514708	1.02933	0.514708	0.514708	1.02933	0.514708	0.514708	1.02933	0.514708	0	0	0	1.02933	2.058	1.02933	1.54379	1.54379	4.11071	4.11071	2.058	2.058	2.57188	5.13344	2.57188	2.57188	2.57188	2.57188	4.62244	4.62244	2.57188	2.058	4.11071	2.058	1.54379	1.54379	2.058	3.59832	1.54379	1.54379	3.08535	3.08535	1.54379	2.058	2.058	1.54379	4.11071	2.57188	2.058	2.058	4.11071	4.11071	2.058	2.058	2.058	4.11071	2.058	2.57188	2.57188	2.058	4.11071	4.11071	2.058	1.54379	3.59832	2.058	2.058	2.058	2.058	3.59832	1.54379	2.058	4.11071	3.59832	1.54379	1.54379	1.54379	1.54379	3.08535	1.54379	1.54379	3.08535	3.08535	1.54379	1.02933	1.02933	1.54379	3.08535	1.54379	2.058	3.59832	3.08535	1.54379	2.058	2.058	1.54379	3.08535	1.54379	2.058	3.59832	1.54379	2.058	4.11071	2.058	2.058	4.11071	2.058	2.57188	4.62244	2.058	2.57188	2.57188	2.058	4.62244	5.13344	2.57188	2.058	4.62244	2.57188	2.058	2.058	2.058	4.62244	4.62244	2.058	2.57188	4.62244	2.058	2.57188	2.57188	2.058	4.62244	2.57188	2.058	4.11071	4.11071	2.058	2.058	2.058	2.058	3.59832	1.54379	2.058	2.058	4.11071	4.11071	2.058	2.058	2.57188	4.62244	2.058	2.058	2.058	2.058	4.11071	4.11071	2.058	1.54379	3.59832	2.058	2.058	2.058	2.058	4.11071	2.058	2.058	4.11071	4.11071	2.058	2.058	2.058	2.57188	4.62244	2.058	2.058	4.11071	4.11071	2.058	2.57188	2.57188	2.058	4.11071	2.058	1.54379	3.59832	2.058	2.058	4.11071	2.058	2.058	3.59832	1.54379	2.058	3.59832	1.54379	1.54379	1.54379	2.058	3.59832	3.08535	1.54379	1.02933	2.058	1.02933	1.54379	1.54379	1.02933	2.058	2.57188	1.54379	1.54379	2.57188	1.02933	1.54379	1.54379	1.02933	2.57188	3.08535	1.54379	1.54379	3.08535	1.54379	1.54379	1.54379	1.54379	3.08535	1.54379	1.54379	3.08535
10.8822	10.5879	15.0271	14.3261	9.51478	9.10278	12.2187	9.3643	8.72708	8.72708	8.42738	9.08171	8.71423	8.74183	8.60297	8.18318	7.80998	7.67433	7.67433	7.42578	6.78908	6.28115	5.9037	5.26243	4.36651	3.47237	2.95971	2.70325	2.52643	2.47356	2.1212	2.03368	2.00911	1.32455	1.10675	1.32451	0.75023	0.18197	0	0	0.909752	1.96749	1.15071	1.55435	1.67719	4.1462	4.22476	2.5717	2.5717	2.99835	5.35773	2.99835	2.99835	2.99835	2.9596	4.95765	5.0331	2.99835	2.6036	4.39255	2.30049	1.8991	1.79158	2.1211	3.63443	1.62712	1.71615	3.21592	3.08507	1.54365	1.93358	1.96749	1.62712	4.03362	2.60357	2.30049	2.30049	4.1462	4.22476	2.5717	2.5717	2.55238	4.42239	2.90902	3.27693	3.45325	3.29201	4.84394	4.84394	3.29201	2.99843	4.41871	3.29201	3.29201	3.29201	3.29201	4.45203	2.75161	2.9147	4.66803	4.41871	2.99843	2.99843	2.99843	2.95966	3.88408	2.57174	2.57174	3.70626	3.70626	2.57174	2.30056	2.30056	2.57174	3.70626	2.57174	2.90902	4.14227	3.70626	2.57174	2.90902	2.90902	2.57174	3.70626	2.57174	2.90902	4.14227	2.57174	2.90902	4.59358	2.90902	2.91468	4.55409	2.5717	2.99835	4.8709	2.5717	2.99835	2.99835	2.6036	4.88769	5.13619	2.82262	2.6036	4.79625	2.82262	2.6036	2.47349	2.36423	4.68551	4.58281	2.30049	2.76948	4.73429	2.30049	2.76948	2.76948	2.30049	4.73429	2.76948	2.30049	4.2364	4.2364	2.30049	2.30049	2.30049	2.30049	3.83285	1.79158	2.1211	2.1211	4.14222	4.14222	2.1211	2.1211	2.62251	4.65035	2.1211	2.1211	2.1211	2.1211	4.14222	4.14222	2.1211	1.71615	3.72835	2.05782	2.05782	2.05782	2.05782	4.11034	2.05782	2.05782	4.11034	4.11034	2.05782	2.05782	2.05782	2.57165	4.62203	2.05782	2.05782	4.11034	4.11034	2.05782	2.44661	2.47346	2.1211	4.14222	2.1211	1.71615	3.72835	2.05782	2.05782	4.11034	2.05782	2.05782	3.72835	1.71615	1.96749	3.60714	1.71615	1.79158	1.8991	2.12889	3.52867	3.12755	1.62712	1.15071	2.27883	1.46676	1.67719	1.55435	1.15071	2.27883	2.68473	1.55435	1.62712	2.77542	1.46676	1.67719	1.55435	1.32451	2.68473	3.0257	1.62712	1.62712	3.12755	1.62712	1.62712	1.62712	1.62712	3.12755	1.62712	1.62712	3.12755
10.881	10.5868	14.8273	13.9274	9.3718	9.2344	12.4044	9.36331	8.72615	8.72615	8.42648	9.18584	8.76472	8.7409	8.57962	8.18231	7.80088	7.67351	7.67351	7.42499	6.81701	6.29084	5.90307	5.29906	4.48478	3.52847	2.9816	2.72727	2.6034	2.60337	2.12097	2.12874	2.37098	1.46662	1.27345	1.55418	0.979721	0.406839	0	0	0.655988	1.71596	1.15058	1.32437	1.4666	3.90052	3.98398	2.57142	2.57142	2.99803	5.35715	2.99803	2.99803	2.99803	2.75128	4.95712	5.27404	2.99803	2.82231	4.63927	2.30024	2.12866	2.03337	2.12087	3.63404	1.62694	1.96728	3.47181	3.08474	1.54349	1.67698	1.71596	1.62694	3.78056	2.36397	2.30024	2.30024	3.90052	3.98398	2.57142	2.57142	2.36402	4.19309	2.90871	3.09016	3.2766	3.29166	4.84342	4.84342	3.29166	2.99811	4.41823	3.29166	3.29166	3.29166	3.29166	4.66753	2.91439	2.75132	4.45155	4.41823	2.99811	2.99811	2.99811	3.11145	4.09795	2.57146	2.57146	3.70587	3.70587	2.57146	2.30031	2.30031	2.57146	3.70587	2.57146	2.90871	4.14183	3.70587	2.57146	2.90871	2.90871	2.57146	3.70587	2.57146	2.90871	4.14183	2.57146	2.90871	4.59309	2.90871	3.11141	4.79233	2.57142	2.99803	4.87038	2.57142	2.99803	2.99803	2.82231	5.13564	4.88717	2.60332	2.82231	4.79574	2.60332	2.82231	2.70284	2.60329	4.68501	4.33182	2.30024	2.76918	4.73378	2.30024	2.76918	2.76918	2.30024	4.73378	2.76918	2.30024	4.23595	4.23595	2.30024	2.30024	2.30024	2.30024	4.08181	2.03337	2.12087	2.12087	4.14178	4.14178	2.12087	2.12087	2.62223	4.64985	2.12087	2.12087	2.12087	2.12087	4.14178	4.14178	2.12087	1.96728	3.98395	2.0576	2.0576	2.0576	2.0576	4.1099	2.0576	2.0576	4.1099	4.1099	2.0576	2.0576	2.0576	2.57137	4.62153	2.0576	2.0576	4.1099	4.1099	2.0576	2.18985	2.21982	2.12087	4.14178	2.12087	1.96728	3.98395	2.0576	2.0576	4.1099	2.0576	2.0576	3.98395	1.96728	1.71596	3.60675	1.96728	2.03337	2.12866	1.8989	3.2765	3.12721	1.62694	1.15058	2.52604	1.677	1.4666	1.32437	1.15058	2.52604	2.68444	1.32437	1.62694	3.02537	1.677	1.4666	1.32437	1.55418	2.68444	2.77512	1.62694	1.62694	3.12721	1.62694	1.62694	1.62694	1.62694	3.12721	1.62694	1.62694	3.12721
6.65932	6.15115	12.1637	11.1767	5.13197	5.13197	9.68364	4.62112	3.08446	3.08446	2.05741	4.10953	2.05741	1.02904	0.51456	0.51456	0	0	0	0.51456	1.02904	0.51456	0.51456	1.02904	1.54335	1.02904	0.51456	0.51456	1.02904	1.54335	0.51456	1.02904	2.05741	1.02904	1.02904	1.54335	1.02904	0.51456	0	0	0.51456	1.54335	1.02904	1.02904	1.02904	3.59729	3.59729	2.05741	2.05741	2.57114	5.13197	2.57114	2.57114	2.57114	2.05741	4.62112	5.13197	2.57114	2.57114	4.62112	2.05741	2.05741	2.05741	2.05741	3.59729	1.54335	2.05741	3.59729	3.08446	1.54335	1.54335	1.54335	1.54335	3.59729	2.05741	2.05741	2.05741	3.59729	3.59729	2.05741	2.05741	1.54335	3.59729	2.05741	2.05741	2.05741	2.05741	4.10953	4.10953	2.05741	1.54335	3.59729	2.05741	2.05741	2.05741	2.05741	4.10953	2.05741	1.54335	3.59729	3.59729	1.54335	1.54335	1.54335	2.05741	3.59729	1.54335	1.54335	3.08446	3.08446	1.54335	1.02904	1.02904	1.54335	3.08446	1.54335	2.05741	3.59729	3.08446	1.54335	2.05741	2.05741	1.54335	3.08446	1.54335	2.05741	3.59729	1.54335	2.05741	4.10953	2.05741	2.57114	4.62112	2.05741	2.57114	4.62112	2.05741	2.57114	2.57114	2.57114	5.13197	4.62112	2.05741	2.57114	4.62112	2.05741	2.57114	2.57114	2.57114	4.62112	4.10953	2.05741	2.57114	4.62112	2.05741	2.57114	2.57114	2.05741	4.62112	2.57114	2.05741	4.10953	4.10953	2.05741	2.05741	2.05741	2.05741	4.10953	2.05741	2.05741	2.05741	4.10953	4.10953	2.05741	2.05741	2.57114	4.62112	2.05741	2.05741	2.05741	2.05741	4.10953	4.10953	2.05741	2.05741	4.10953	2.05741	2.05741	2.05741	2.05741	4.10953	2.05741	2.05741	4.10953	4.10953	2.05741	2.05741	2.05741	2.57114	4.62112	2.05741	2.05741	4.10953	4.10953	2.05741	2.05741	2.05741	2.05741	4.10953	2.05741	2.05741	4.10953	2.05741	2.05741	4.10953	2.05741	2.05741	4.10953	2.05741	1.54335	3.59729	2.05741	2.05741	2.05741	1.54335	3.08446	3.08446	1.54335	1.02904	2.57114	1.54335	1.02904	1.02904	1.02904	2.57114	2.57114	1.02904	1.54335	3.08446	1.54335	1.02904	1.02904	1.54335	2.57114	2.57114	1.54335	1.54335	3.08446	1.54335	1.54335	1.54335	1.54335	3.08446	1.54335	1.54335	3.08446
6.65872	6.1506	12.1626	11.1757	5.13152	5.13152	9.68279	4.62071	3.08419	3.08419	2.05723	4.10916	2.05723	1.02895	0.514514	0.514514	0	0	0	0.514514	1.02895	0.514514	0.514514	1.02895	1.54321	1.02895	0.514514	0.514514	1.02895	1.54321	0.514514	1.02895	2.05723	1.02895	1.02895	1.54321	1.02895	0.514514	0	0	0.514514	1.54321	1.02895	1.02895	1.02895	3.59696	3.59696	2.05723	2.05723	2.57091	5.13152	2.57091	2.57091	2.57091	2.05723	4.62071	5.13152	2.57091	2.57091	4.62071	2.05723	2.05723	2.05723	2.05723	3.59696	1.54321	2.05723	3.59696	3.08419	1.54321	1.54321	1.54321	1.54321	3.59696	2.05723	2.05723	2.05723	3.59696	3.59696	2.05723	2.05723	1.54321	3.59696	2.05723	2.05723	2.05723	2.05723	4.10916	4.10916	2.05723	1.54321	3.59696	2.05723	2.05723	2.05723	2.05723	4.10916	2.05723	1.54321	3.59696	3.59696	1.54321	1.54321	1.54321	2.05723	3.59696	1.54321	1.54321	3.08419	3.08419	1.54321	1.02895	1.02895	1.54321	3.08419	1.54321	2.05723	3.59696	3.08419	1.54321	2.05723	2.05723	1.54321	3.08419	1.54321	2.05723	3.59696	1.54321	2.05723	4.10916	2.05723	2.57091	4.62071	2.05723	2.57091	4.62071	2.05723	2.57091	2.57091	2.57091	5.13152	4.62071	2.05723	2.57091	4.62071	2.05723	2.57091	2.57091	2.57091	4.62071	4.10916	2.05723	2.57091	4.62071	2.05723	2.57091	2.57091	2.05723	4.62071	2.57091	2.05723	4.10916	4.10916	2.05723	2.05723	2.05723	2.05723	4.10916	2.05723	2.05723	2.05723	4.10916	4.10916	2.05723	2.05723	2.57091	4.62071	2.05723	2.05723	2.05723	2.05723	4.10916	4.10916	2.05723	2.05723	4.10916	2.05723	2.05723	2.05723	2.05723	4.10916	2.05723	2.05723	4.10916	4.10916	2.05723	2.05723	2.05723	2.57091	4.62071	2.05723	2.05723	4.10916	4.10916	2.05723	2.05723	2.05723	2.05723	4.10916	2.05723	2.05723	4.10916	2.05723	2.05723	4.10916	2.05723	2.05723	4.10916	2.05723	1.54321	3.59696	2.05723	2.05723	2.05723	1.54321	3.08419	3.08419	1.54321	1.02895	2.57091	1.54321	1.02895	1.02895	1.02895	2.57091	2.57091	1.02895	1.54321	3.08419	1.54321	1.02895	1.02895	1.54321	2.57091	2.57091	1.54321	1.54321	3.08419	1.54321	1.54321	1.54321	1.54321	3.08419	1.54321	1.54321	3.08419
6.65801	6.14994	12.1614	11.1745	5.13097	5.13097	9.68176	4.62021	3.08385	3.08385	2.05701	4.10872	2.05701	1.02883	0.514459	0.514459	0	0	0	0.514459	1.02883	0.514459	0.514459	1.02883	1.54304	1.02883	0.514459	0.514459	1.02883	1.54304	0.514459	1.02883	2.05701	1.02883	1.02883	1.54304	1.02883	0.514459	0	0	0.514459	1.54304	1.02883	1.02883	1.02883	3.59658	3.59658	2.05701	2.05701	2.57064	5.13097	2.57064	2.57064	2.57064	2.05701	4.62021	5.13097	2.57064	2.57064	4.62021	2.05701	2.05701	2.05701	2.05701	3.59658	1.54304	2.05701	3.59658	3.08385	1.54304	1.54304	1.54304	1.54304	3.59658	2.05701	2.05701	2.05701	3.59658	3.59658	2.05701	2.05701	1.54304	3.59658	2.05701	2.05701	2.05701	2.05701	4.10872	4.10872	2.05701	1.54304	3.59658	2.05701	2.05701	2.05701	2.05701	4.10872	2.05701	1.54304	3.59658	3.59658	1.54304	1.54304	1.54304	2.05701	3.59658	1.54304	1.54304	3.08385	3.08385	1.54304	1.02883	1.02883	1.54304	3.08385	1.54304	2.05701	3.59658	3.08385	1.54304	2.05701	2.05701	1.54304	3.08385	1.54304	2.05701	3.59658	1.54304	2.05701	4.10872	2.05701	2.57064	4.62021	2.05701	2.57064	4.62021	2.05701	2.57064	2.57064	2.57064	5.13097	4.62021	2.05701	2.57064	4.62021	2.05701	2.57064	2.57064	2.57064	4.62021	4.10872	2.05701	2.57064	4.62021	2.05701	2.57064	2.57064	2.05701	4.62021	2.57064	2.05701	4.10872	4.10872	2.05701	2.05701	2.05701	2.05701	4.10872	2.05701	2.05701	2.05701	4.10872	4.10872	2.05701	2.05701	2.57064	4.62021	2.05701	2.05701	2.05701	2.05701	4.10872	4.10872	2.05701	2.05701	4.10872	2.05701	2.05701	2.05701	2.05701	4.10872	2.05701	2.05701	4.10872	4.10872	2.05701	2.05701	2.05701	2.57064	4.62021	2.05701	2.05701	4.10872	4.10872	2.05701	2.05701	2.05701	2.05701	4.10872	2.05701	2.05701	4.10872	2.05701	2.05701	4.10872	2.05701	2.05701	4.10872	2.05701	1.54304	3.59658	2.05701	2.05701	2.05701	1.54304	3.08385	3.08385	1.54304	1.02883	2.57064	1.54304	1.02883	1.02883	1.02883	2.57064	2.57064	1.02883	1.54304	3.08385	1.54304	1.02883	1.02883	1.54304	2.57064	2.57064	1.54304	1.54304	3.08385	1.54304	1.54304	1.54304	1.54304	3.08385	1.54304	1.54304	3.08385
14.7395	14.2592	17.1224	16.3032	13.1404	12.8217	14.6569	12.0476	11.5714	11.5714	11.3526	11.7125	10.9652	10.5905	10.312	9.95994	9.43467	8.93352	8.43101	7.95968	7.32566	6.44943	5.94491	5.35538	4.65184	3.89923	3.42773	2.93027	2.76824	2.93022	1.9582	1.82728	2.47229	1.45474	1.46605	1.87188	1.0604	0.54563	0.406703	0.181881	0.514413	1.54291	1.02874	1.02874	1.02874	3.47051	3.48943	2.12007	2.12007	2.52509	5.08244	2.76814	2.76814	2.76814	2.36308	4.79051	5.27204	2.70179	2.57041	4.74927	2.21899	2.12007	2.12007	2.27772	3.98659	2.18907	2.57046	3.9117	3.44675	2.18153	2.18153	2.18153	2.18153	3.74418	2.24857	1.95813	1.81816	3.47051	3.48943	2.03261	2.12786	1.85417	3.65526	2.39088	2.57046	2.57046	2.55114	4.36422	4.66578	3.29042	2.99698	4.41657	3.29042	3.29042	3.29042	3.29042	4.84161	3.29042	2.95822	4.27301	4.23829	2.99698	2.99698	2.99698	3.31536	4.56993	3.17322	2.99698	4.01132	4.01132	2.99698	2.70191	2.47237	2.57049	3.74421	2.36313	2.55114	3.96596	3.70447	2.57049	2.90761	2.90761	2.57049	3.74421	2.36313	2.55114	4.01946	2.36313	2.60234	4.39043	2.29937	2.70182	4.79394	2.47229	2.76814	4.83138	2.27772	2.52509	2.60231	2.76814	5.23156	4.83138	2.27772	2.62125	4.64811	2.12007	2.62125	2.62125	2.52509	4.68325	4.28446	2.12007	2.62125	4.64811	2.12007	2.52509	2.60231	2.29937	4.732	2.76814	2.29937	4.23436	4.23436	2.29937	2.29937	2.29937	2.29937	4.23436	2.29937	2.29937	2.29937	4.33019	4.28446	2.12007	2.12007	2.62125	4.64811	2.12007	2.12007	2.12007	2.12007	4.25369	4.23822	2.05682	2.05682	4.10836	2.05682	2.05682	2.05682	2.05682	4.10836	2.05682	2.05682	4.10836	4.10836	2.05682	2.18903	2.21899	2.47226	4.49383	2.05682	2.05682	4.10836	3.98245	1.96653	2.12007	2.12007	2.12007	4.14022	2.12007	2.12007	4.14022	2.12007	2.12007	4.14022	2.12007	2.12007	4.14022	2.12007	1.71532	3.60539	1.96653	2.12007	2.12007	1.55359	3.08893	3.25005	1.85417	1.46605	2.68343	1.67637	1.46605	1.32387	1.21989	2.58321	2.58321	1.16442	1.54291	2.95812	1.46603	1.21989	1.16442	1.54291	2.70179	2.7261	1.62633	1.46603	2.95812	1.54291	1.54291	1.54291	1.54291	3.08358	1.54291	1.54291	3.21436
14.5396	14.1594	16.8024	16.1445	13.1392	12.6456	14.3545	12.0465	11.5704	11.5704	11.3516	11.6311	10.9239	10.5717	10.305	10.0099	9.46084	8.96135	8.46069	8.02349	7.60225	6.52902	6.03147	5.73199	5.01735	3.98228	3.57775	3.10474	2.768	3.27003	2.21141	1.99971	2.70158	1.45461	1.67622	2.36983	1.0603	0.406666	0.545581	0.406649	0.514366	1.54277	1.02865	1.02865	1.02865	3.21407	3.2345	2.11988	2.11988	2.27752	4.83095	2.76789	2.76789	2.76789	2.60208	5.04319	5.52583	2.95785	2.57018	5.00409	2.47204	2.11988	2.11988	2.52486	4.48248	2.39066	2.57023	3.91135	3.44644	2.18133	2.18133	2.18133	2.18133	3.50796	2.03245	1.49934	1.31119	3.21407	3.2345	1.79055	1.89801	1.85401	3.41283	2.18888	2.57023	2.57023	2.36291	3.91977	4.44948	3.29013	2.99671	4.41618	3.29013	3.29013	3.29013	3.29013	4.84117	3.29013	3.11	4.27263	4.03138	2.99671	2.99671	2.99671	3.17294	4.56952	3.31506	2.99671	4.01096	4.01096	2.99671	2.82107	2.60216	2.57026	3.96561	2.55091	2.36291	3.74387	3.70414	2.57026	2.90735	2.90735	2.57026	3.96561	2.55091	2.36291	4.0191	2.55091	2.821	4.63711	2.29917	2.47207	4.79351	2.70158	2.76789	5.08199	2.52486	2.27752	2.36287	2.76789	5.2311	5.08199	2.52486	2.62101	4.64769	2.11988	2.62101	2.62101	2.27752	4.68283	4.53702	2.11988	2.62101	4.64769	2.11988	2.27752	2.36287	2.29917	4.73158	2.76789	2.29917	4.23398	4.23398	2.29917	2.29917	2.29917	2.29917	4.23398	2.29917	2.29917	2.29917	4.58019	4.53702	2.11988	2.11988	2.62101	4.64769	2.11988	2.11988	2.11988	2.11988	4.50801	4.49343	2.05664	2.05664	4.10799	2.05664	2.05664	2.05664	2.05664	4.10799	2.05664	2.05664	4.10799	4.10799	2.05664	2.4452	2.47204	2.21879	4.23784	2.05664	2.05664	4.10799	3.72621	1.71516	2.11988	2.11988	2.11988	4.13985	2.11988	2.11988	4.13985	2.11988	2.11988	4.13985	2.11988	2.11988	4.13985	2.11988	1.96636	3.60507	1.71516	2.11988	2.11988	1.32375	2.84425	3.24975	1.85401	1.67622	2.68319	1.46592	1.67622	1.55345	1.46589	2.58298	2.58298	1.42009	1.54277	2.70155	1.21978	1.46589	1.42009	1.54277	2.95785	2.98005	1.62618	1.21978	2.70155	1.54277	1.54277	1.54277	1.54277	3.0833	1.54277	1.54277	3.4702
5.63929	5.63929	11.1714	10.6755	5.1295	4.10755	8.67658	4.61889	3.08297	3.08297	2.05642	3.59555	1.5426	0.514311	0	1.5426	1.02854	1.02854	1.02854	1.5426	3.08297	1.5426	1.5426	3.08297	3.08297	1.5426	1.5426	1.5426	1.02854	2.5699	1.5426	1.5426	2.5699	1.02854	1.5426	2.5699	1.02854	0	0.514311	0.514311	0.514311	1.5426	1.02854	1.02854	1.02854	3.08297	3.08297	2.05642	2.05642	2.05642	4.61889	2.5699	2.5699	2.5699	2.5699	5.1295	5.63929	3.08297	2.5699	5.1295	2.5699	2.05642	2.05642	2.5699	4.61889	2.05642	2.05642	3.59555	3.08297	1.5426	1.5426	1.5426	1.5426	3.08297	1.5426	1.02854	1.02854	3.08297	3.08297	1.5426	1.5426	1.5426	3.08297	1.5426	2.05642	2.05642	1.5426	3.08297	3.59555	2.05642	1.5426	3.59555	2.05642	2.05642	2.05642	2.05642	4.10755	2.05642	2.05642	3.59555	3.08297	1.5426	1.5426	1.5426	1.5426	3.59555	2.05642	1.5426	3.08297	3.08297	1.5426	1.5426	1.5426	1.5426	3.59555	2.05642	1.5426	3.08297	3.08297	1.5426	2.05642	2.05642	1.5426	3.59555	2.05642	1.5426	3.59555	2.05642	2.5699	4.61889	2.05642	2.05642	4.61889	2.5699	2.5699	5.1295	2.5699	2.05642	2.05642	2.5699	5.1295	5.1295	2.5699	2.5699	4.61889	2.05642	2.5699	2.5699	2.05642	4.61889	4.61889	2.05642	2.5699	4.61889	2.05642	2.05642	2.05642	2.05642	4.61889	2.5699	2.05642	4.10755	4.10755	2.05642	2.05642	2.05642	2.05642	4.10755	2.05642	2.05642	2.05642	4.61889	4.61889	2.05642	2.05642	2.5699	4.61889	2.05642	2.05642	2.05642	2.05642	4.61889	4.61889	2.05642	2.05642	4.10755	2.05642	2.05642	2.05642	2.05642	4.10755	2.05642	2.05642	4.10755	4.10755	2.05642	2.5699	2.5699	2.05642	4.10755	2.05642	2.05642	4.10755	3.59555	1.5426	2.05642	2.05642	2.05642	4.10755	2.05642	2.05642	4.10755	2.05642	2.05642	4.10755	2.05642	2.05642	4.10755	2.05642	2.05642	3.59555	1.5426	2.05642	2.05642	1.02854	2.5699	3.08297	1.5426	1.5426	2.5699	1.02854	1.5426	1.5426	1.5426	2.5699	2.5699	1.5426	1.5426	2.5699	1.02854	1.5426	1.5426	1.5426	3.08297	3.08297	1.5426	1.02854	2.5699	1.5426	1.5426	1.5426	1.5426	3.08297	1.5426	1.5426	3.59555
5.63879	5.63879	11.1704	10.6746	5.12904	4.10718	8.67581	4.61848	3.08269	3.08269	2.05623	3.59522	1.54246	0.514265	0	1.54246	1.02845	1.02845	1.02845	1.54246	3.08269	1.54246	1.54246	3.08269	3.08269	1.54246	1.54246	1.54246	1.02845	2.56967	1.54246	1.54246	2.56967	1.02845	1.54246	2.56967	1.02845	0	0.514265	0.514265	0.514265	1.54246	1.02845	1.02845	1.02845	3.08269	3.08269	2.05623	2.05623	2.05623	4.61848	2.56967	2.56967	2.56967	2.56967	5.12904	5.63879	3.08269	2.56967	5.12904	2.56967	2.05623	2.05623	2.56967	4.61848	2.05623	2.05623	3.59522	3.08269	1.54246	1.54246	1.54246	1.54246	3.08269	1.54246	1.02845	1.02845	3.08269	3.08269	1.54246	1.54246	1.54246	3.08269	1.54246	2.05623	2.05623	1.54246	3.08269	3.59522	2.05623	1.54246	3.59522	2.05623	2.05623	2.05623	2.05623	4.10718	2.05623	2.05623	3.59522	3.08269	1.54246	1.54246	1.54246	1.54246	3.59522	2.05623	1.54246	3.08269	3.08269	1.54246	1.54246	1.54246	1.54246	3.59522	2.05623	1.54246	3.08269	3.08269	1.54246	2.05623	2.05623	1.54246	3.59522	2.05623	1.54246	3.59522	2.05623	2.56967	4.61848	2.05623	2.05623	4.61848	2.56967	2.56967	5.12904	2.56967	2.05623	2.05623	2.56967	5.12904	5.12904	2.56967	2.56967	4.61848	2.05623	2.56967	2.56967	2.05623	4.61848	4.61848	2.05623	2.56967	4.61848	2.05623	2.05623	2.05623	2.05623	4.61848	2.56967	2.05623	4.10718	4.10718	2.05623	2.05623	2.05623	2.05623	4.10718	2.05623	2.05623	2.05623	4.61848	4.61848	2.05623	2.05623	2.56967	4.61848	2.05623	2.05623	2.05623	2.05623	4.61848	4.61848	2.05623	2.05623	4.10718	2.05623	2.05623	2.05623	2.05623	4.10718	2.05623	2.05623	4.10718	4.10718	2.05623	2.56967	2.56967	2.05623	4.10718	2.05623	2.05623	4.10718	3.59522	1.54246	2.05623	2.05623	2.05623	4.10718	2.05623	2.05623	4.10718	2.05623	2.05623	4.10718	2.05623	2.05623	4.10718	2.05623	2.05623	3.59522	1.54246	2.05623	2.05623	1.02845	2.56967	3.08269	1.54246	1.54246	2.56967	1.02845	1.54246	1.54246	1.54246	2.56967	2.56967	1.54246	1.54246	2.56967	1.02845	1.54246	1.54246	1.54246	3.08269	3.08269	1.54246	1.02845	2.56967	1.54246	1.54246	1.54246	1.54246	3.08269	1.54246	1.54246	3.59522
5.63829	5.63829	11.1694	10.6737	5.12858	4.10681	8.67505	4.61807	3.08242	3.08242	2.05605	3.5949	1.54232	0.514219	0	1.54232	1.02835	1.02835	1.02835	1.54232	3.08242	1.54232	1.54232	3.08242	3.08242	1.54232	1.54232	1.54232	1.02835	2.56944	1.54232	1.54232	2.56944	1.02835	1.54232	2.56944	1.02835	0	0.514219	0.514219	0.514219	1.54232	1.02835	1.02835	1.02835	3.08242	3.08242	2.05605	2.05605	2.05605	4.61807	2.56944	2.56944	2.56944	2.56944	5.12858	5.63829	3.08242	2.56944	5.12858	2.56944	2.05605	2.05605	2.56944	4.61807	2.05605	2.05605	3.5949	3.08242	1.54232	1.54232	1.54232	1.54232	3.08242	1.54232	1.02835	1.02835	3.08242	3.08242	1.54232	1.54232	1.54232	3.08242	1.54232	2.05605	2.05605	1.54232	3.08242	3.5949	2.05605	1.54232	3.5949	2.05605	2.05605	2.05605	2.05605	4.10681	2.05605	2.05605	3.5949	3.08242	1.54232	1.54232	1.54232	1.54232	3.5949	2.05605	1.54232	3.08242	3.08242	1.54232	1.54232	1.54232	1.54232	3.5949	2.05605	1.54232	3.08242	3.08242	1.54232	2.05605	2.05605	1.54232	3.5949	2.05605	1.54232	3.5949	2.05605	2.56944	4.61807	2.05605	2.05605	4.61807	2.56944	2.56944	5.12858	2.56944	2.05605	2.05605	2.56944	5.12858	5.12858	2.56944	2.56944	4.61807	2.05605	2.56944	2.56944	2.05605	4.61807	4.61807	2.05605	2.56944	4.61807	2.05605	2.05605	2.05605	2.05605	4.61807	2.56944	2.05605	4.10681	4.10681	2.05605	2.05605	2.05605	2.05605	4.10681	2.05605	2.05605	2.05605	4.61807	4.61807	2.05605	2.05605	2.56944	4.61807	2.05605	2.05605	2.05605	2.05605	4.61807	4.61807	2.05605	2.05605	4.10681	2.05605	2.05605	2.05605	2.05605	4.10681	2.05605	2.05605	4.10681	4.10681	2.05605	2.56944	2.56944	2.05605	4.10681	2.05605	2.05605	4.10681	3.5949	1.54232	2.05605	2.05605	2.05605	4.10681	2.05605	2.05605	4.10681	2.05605	2.05605	4.10681	2.05605	2.05605	4.10681	2.05605	2.05605	3.5949	1.54232	2.05605	2.05605	1.02835	2.56944	3.08242	1.54232	1.54232	2.56944	1.02835	1.54232	1.54232	1.54232	2.56944	2.56944	1.54232	1.54232	2.56944	1.02835	1.54232	1.54232	1.54232	3.08242	3.08242	1.54232	1.02835	2.56944	1.54232	1.54232	1.54232	1.54232	3.08242	1.54232	1.54232	3.5949
17.1178	16.5938	18.1929	17.1611	14.179	13.417	14.3462	11.7922	10.9372	10.6983	10.082	9.9808	9.30094	9.05919	8.55751	8.11624	7.73414	7.52258	7.0245	6.64491	6.71529	5.5122	5.19173	5.44955	4.7299	2.92886	2.54997	2.36202	1.81736	3.02283	1.67556	1.54219	2.70054	1.21932	1.62557	2.62002	1.14961	0.5142	0.72715	0.72715	0.72715	1.62557	1.14961	1.14961	1.14961	3.23329	3.21286	1.93175	1.96562	2.21795	4.74707	2.56921	2.56921	2.56921	2.56921	5.25717	5.77777	3.12458	2.77278	5.47927	3.04456	2.74896	2.91191	3.28885	5.21979	3.27384	3.28889	4.59284	4.35848	3.44526	3.44526	3.44526	3.44526	4.17394	3.04465	2.76695	2.76695	3.64912	3.34832	1.81736	1.49878	1.46534	2.82573	1.46534	2.03166	2.12687	1.82641	3.27377	3.84636	2.7249	2.5693	4.0945	3.10883	3.28889	3.28889	3.31382	4.94971	3.70282	3.74256	4.8999	4.53904	3.17175	2.99558	2.99558	2.95685	4.27102	3.10883	2.99558	4.00945	4.00945	2.99558	2.99558	2.99558	2.95685	4.27102	3.10883	2.99558	4.00945	4.02987	2.749	2.91193	3.10883	2.95685	4.31305	2.90626	2.54997	4.14624	2.47114	2.70056	4.79171	2.47114	2.36198	4.78828	2.62002	2.62002	5.15357	2.62002	2.11908	2.11908	2.62002	5.15357	5.15357	2.62002	2.52391	4.68107	2.27666	2.52391	2.6011	2.36198	4.68107	4.57847	2.2983	2.76685	4.7298	2.2983	2.2983	2.2983	2.2983	4.7298	2.76685	2.2983	4.23239	4.23239	2.2983	2.2983	2.2983	2.2983	4.23239	2.2983	2.36198	2.27666	4.76085	4.74707	2.18801	2.21795	2.47111	4.49174	2.05586	2.18801	2.21795	2.11908	4.50631	4.49174	2.05586	2.05586	3.9806	1.96562	2.21795	2.18801	2.05586	4.10644	2.05586	2.05586	4.10644	4.10644	2.05586	2.44428	2.47111	2.11908	4.13829	2.11908	2.11908	4.02979	3.67597	1.78988	2.03166	2.12687	2.2983	4.14227	2.38976	2.56926	4.38466	2.56926	2.56926	4.38466	2.56926	2.56926	4.38466	2.56926	2.56926	3.90988	2.18051	2.56926	2.56926	1.82643	2.9344	3.24853	1.85331	1.85331	2.76685	1.45407	1.85331	1.85331	1.85331	2.76685	2.76685	1.85331	1.85331	2.84318	1.32325	1.62557	1.62557	1.62557	3.12458	3.12458	1.62557	1.21932	2.70054	1.54219	1.41955	1.46534	1.62557	3.23329	1.67556	1.54219	3.46889
16.9197	16.4491	17.6749	16.631	14.0221	13.2868	13.7148	11.55	10.8725	10.6322	10.0052	9.82588	9.29996	9.05117	8.62378	8.24118	7.73332	7.62407	7.13351	6.79864	7.13567	5.59388	5.38878	6.16718	5.5439	3.26845	2.72461	2.54968	2.2103	3.77697	1.93154	1.54202	2.95642	1.46518	1.6254	2.61974	1.14949	0.514145	0.727071	0.727071	0.727071	1.6254	1.14949	1.14949	1.14949	3.48743	3.46852	1.67538	1.71433	2.47085	5.00168	2.56893	2.56893	2.56893	2.56893	5.51134	6.03096	3.12424	3.0225	5.97946	3.27342	2.95647	3.10846	3.2885	5.45184	3.4496	3.28854	4.8015	4.54936	3.44489	3.44489	3.44489	3.44489	3.99675	2.93419	2.76666	2.76666	3.26845	2.9285	1.49865	1.09053	1.21919	2.31233	1.21919	1.78968	1.89709	1.63555	3.04423	3.61702	2.5497	2.56902	3.87998	2.95653	3.28854	3.28854	3.17141	4.74666	3.70243	3.61714	4.89937	4.926	3.31346	2.99526	2.99526	3.1085	4.27056	2.95653	2.99526	4.00902	4.00902	2.99526	2.99526	2.99526	3.1085	4.27056	2.95653	2.99526	4.00902	4.23587	2.91162	2.7487	2.95653	3.1085	4.53488	2.90595	2.72461	4.62427	2.70027	2.47087	4.7912	2.70027	2.60082	5.04076	2.61974	2.61974	5.15302	2.61974	2.11886	2.11886	2.61974	5.15302	5.15302	2.61974	2.27642	4.68057	2.52364	2.27642	2.36173	2.60082	4.68057	4.32772	2.29806	2.76655	4.7293	2.29806	2.29806	2.29806	2.29806	4.7293	2.76655	2.29806	4.23193	4.23193	2.29806	2.29806	2.29806	2.29806	4.23193	2.29806	2.60082	2.52364	5.01474	5.00168	2.44402	2.47085	2.21771	4.23579	2.05564	2.44402	2.47085	2.11886	4.25125	4.23579	2.05564	2.05564	3.72441	1.71433	2.47085	2.44402	2.05564	4.106	2.05564	2.05564	4.106	4.106	2.05564	2.18777	2.21771	2.11886	4.13785	2.11886	2.11886	3.77697	3.67558	2.03144	1.78968	1.89709	2.29806	3.89682	2.18782	2.56898	4.38419	2.56898	2.56898	4.38419	2.56898	2.56898	4.38419	2.56898	2.56898	3.90946	2.18028	2.56898	2.56898	1.99874	3.1713	3.24818	1.85311	1.85311	2.76655	1.45391	1.85311	1.85311	1.85311	2.76655	2.76655	1.85311	1.85311	3.08716	1.5527	1.6254	1.6254	1.6254	3.12424	3.12424	1.6254	1.46518	2.95642	1.54202	1.16375	1.21919	1.6254	3.48743	1.93154	1.54202	3.21252
16.2011	15.7136	16.0953	14.4153	11.6246	10.6312	10.591	8.47292	7.60007	6.87627	6.08447	5.75713	4.63468	3.98003	4.07775	4.36892	3.10296	3.28824	3.28824	3.63036	5.33025	3.08695	3.2882	5.59315	5.51088	2.99492	2.60061	2.47065	2.36151	4.39124	2.18757	1.67523	3.23265	1.62525	1.78952	2.84262	1.63541	1.41935	1.62532	1.62532	1.71426	2.38933	2.29792	2.29792	2.29792	4.18874	4.07761	2.21011	1.95683	2.72429	5.25614	2.5687	2.7	2.72429	2.77223	5.83278	6.22946	3.24789	3.08688	6.05198	3.12396	2.61951	2.61951	2.61951	5.0143	2.4438	2.18757	4.25087	3.63027	1.62525	1.78952	1.89692	1.85294	2.7663	1.45378	1.45378	1.45378	2.29785	2.29785	1.14942	1.14942	1.45378	2.12645	1.10546	1.31044	1.31044	1.14939	2.61951	3.02223	1.67526	1.82605	3.27313	2.18008	2.54945	2.72436	2.56879	4.09369	3.10822	2.99499	4.41365	4.80107	3.52475	3.39166	3.17112	3.31316	4.54895	3.44458	3.39166	4.18879	4.00867	2.99499	2.95626	2.74846	2.91136	4.23549	2.99499	2.95626	3.87963	4.13753	2.90569	2.54947	2.36156	2.56875	4.4616	2.47065	2.29785	4.72887	2.7663	2.36151	4.78734	2.61951	2.61951	5.15256	2.61951	2.61951	5.15256	2.61951	2.21752	2.18757	2.4438	5.0143	5.15256	2.61951	2.11867	4.64504	2.61951	2.11867	2.11867	2.52342	4.68015	4.28162	2.11867	2.52342	4.57757	2.29785	2.29785	2.29785	2.29785	4.72887	2.7663	2.29785	4.23155	4.23155	2.29785	2.29785	2.29785	2.29785	4.32733	2.27621	2.61951	2.61951	5.26856	5.25614	2.4438	2.47063	2.11867	4.25087	2.18757	2.5687	2.5687	2.18757	4.25087	4.13748	2.11867	2.11867	3.63027	1.62525	2.47063	2.4438	2.05546	3.97982	1.96523	2.11867	4.029	3.98395	2.38929	2.56875	2.56875	2.54945	4.41733	2.90569	2.90569	4.13753	4.13753	2.90569	2.54947	2.36156	2.54945	4.0168	2.36156	2.56875	4.3838	2.56875	2.56875	4.3838	2.56875	2.56875	4.31218	2.72436	2.90569	4.18874	2.36156	2.54945	2.72436	2.54947	3.6167	3.44447	2.18008	2.18008	3.04396	1.63541	1.85294	1.85294	1.85294	2.84262	2.77223	1.62525	1.62525	3.12396	1.62525	1.62525	1.62525	1.62525	3.12396	3.12396	1.62525	1.62525	3.12396	1.62525	1.21908	1.16365	1.54188	3.46821	1.96523	1.62525	3.23265
16.0969	15.5403	15.3228	13.5914	11.4117	10.4687	9.92377	8.26504	7.41885	6.67469	6.05175	5.47798	4.50526	3.99613	4.1885	4.7147	3.34744	3.28795	3.28795	3.63004	5.55757	3.27288	3.28791	5.83229	5.75354	2.99465	2.81913	2.69979	2.60035	4.89838	2.44358	1.93119	3.48681	1.62511	2.03108	3.08661	1.82589	1.46499	1.62518	1.62518	1.67517	2.24694	2.29772	2.29772	2.29772	4.41694	4.31179	2.64433	2.43684	2.97808	5.51036	2.56847	2.95589	2.97808	3.02196	6.08362	6.2289	3.2476	2.84236	5.79865	3.12368	2.61927	2.61927	2.61927	4.75949	2.18738	2.44358	4.50503	3.62994	1.62511	2.03108	2.12626	1.85278	2.76605	1.45365	1.45365	1.45365	2.29764	2.29764	1.14932	1.14932	1.45365	1.89675	0.908649	0.812716	0.812716	1.14928	2.61927	2.77199	1.46495	1.63526	3.04369	2.17989	2.36135	2.54924	2.56856	3.87929	2.956	2.99472	4.41326	4.59152	3.39136	3.52444	3.31287	3.17084	4.35724	3.44427	3.52444	4.3872	4.00831	2.99472	3.10794	2.9111	2.74821	4.02871	2.99472	3.10794	4.09333	4.13716	2.90543	2.72412	2.54922	2.56852	4.70417	2.69979	2.29764	4.72845	2.76605	2.60035	5.03986	2.61927	2.61927	5.1521	2.61927	2.61927	5.1521	2.61927	2.4704	2.44358	2.18738	4.75949	5.1521	2.61927	2.11848	4.64462	2.61927	2.11848	2.11848	2.27601	4.67974	4.53402	2.11848	2.27601	4.32694	2.29764	2.29764	2.29764	2.29764	4.72845	2.76605	2.29764	4.23118	4.23118	2.29764	2.29764	2.29764	2.29764	4.57716	2.52319	2.61927	2.61927	5.52219	5.51036	2.18738	2.21732	2.11848	4.50503	2.44358	2.56847	2.56847	2.44358	4.50503	4.13711	2.11848	2.11848	3.62994	1.62511	2.21732	2.18738	2.05527	3.72374	1.71403	2.11848	3.7763	3.49153	2.18743	2.56852	2.56852	2.36135	4.18837	2.90543	2.90543	4.13716	4.13716	2.90543	2.72412	2.54922	2.36135	4.01644	2.54922	2.56852	4.38341	2.56852	2.56852	4.38341	2.56852	2.56852	4.07724	2.54924	2.90543	4.41694	2.54922	2.36135	2.54924	2.72412	3.84526	3.44416	2.17989	2.17989	3.27284	1.82589	1.85278	1.85278	1.85278	3.08661	3.02196	1.62511	1.62511	3.12368	1.62511	1.62511	1.62511	1.62511	3.12368	3.12368	1.62511	1.62511	3.12368	1.62511	1.46492	1.41915	1.54174	3.21194	1.71403	1.62511	3.48681
3.08093	3.08093	5.63557	5.12611	2.5682	1.54158	3.08093	1.54158	1.02786	1.02786	0.51397	0.51397	0	0.51397	2.05505	3.59317	2.05505	2.05505	2.05505	2.5682	5.12611	2.5682	2.5682	5.63557	5.63557	2.5682	2.5682	2.5682	2.5682	5.12611	2.5682	2.05505	3.59317	1.54158	2.05505	3.08093	1.54158	0.51397	0.51397	0.51397	0	1.02786	1.02786	1.02786	1.02786	4.10483	4.10483	2.5682	2.5682	3.08093	5.63557	2.5682	3.08093	3.08093	3.08093	6.14414	6.14414	3.08093	2.5682	5.63557	3.08093	2.5682	2.5682	2.5682	4.61584	2.05505	2.5682	4.61584	3.59317	1.54158	2.05505	2.05505	1.54158	2.5682	1.02786	1.02786	1.02786	2.05505	2.05505	0.51397	0.51397	1.02786	1.54158	0.51397	0.51397	0.51397	1.02786	2.5682	2.5682	1.02786	1.02786	2.5682	1.54158	1.54158	1.54158	1.54158	3.08093	1.54158	1.54158	3.59317	3.59317	1.54158	2.05505	2.05505	1.54158	3.08093	1.54158	2.05505	3.59317	3.08093	1.54158	2.05505	2.05505	1.54158	3.08093	1.54158	2.05505	3.59317	3.59317	2.05505	2.05505	2.05505	2.05505	4.61584	2.5682	2.05505	4.61584	2.5682	2.5682	5.12611	2.5682	2.5682	5.12611	2.5682	2.5682	5.12611	2.5682	2.5682	2.5682	2.05505	4.61584	5.12611	2.5682	2.05505	4.61584	2.5682	2.05505	2.05505	2.05505	4.61584	4.61584	2.05505	2.05505	4.10483	2.05505	2.05505	2.05505	2.05505	4.61584	2.5682	2.05505	4.10483	4.10483	2.05505	2.05505	2.05505	2.05505	4.61584	2.5682	2.5682	2.5682	5.63557	5.63557	2.05505	2.05505	2.05505	4.61584	2.5682	2.5682	2.5682	2.5682	4.61584	4.10483	2.05505	2.05505	3.59317	1.54158	2.05505	2.05505	2.05505	3.59317	1.54158	2.05505	3.59317	3.08093	1.54158	2.05505	2.05505	1.54158	3.59317	2.05505	2.05505	3.59317	3.59317	2.05505	2.05505	2.05505	1.54158	3.59317	2.05505	2.05505	4.10483	2.05505	2.05505	4.10483	2.05505	2.05505	3.59317	1.54158	2.05505	4.10483	2.05505	1.54158	1.54158	2.05505	3.59317	3.08093	1.54158	1.54158	3.08093	1.54158	1.54158	1.54158	1.54158	3.08093	3.08093	1.54158	1.54158	3.08093	1.54158	1.54158	1.54158	1.54158	3.08093	3.08093	1.54158	1.54158	3.08093	1.54158	1.54158	1.54158	1.54158	3.08093	1.54158	1.54158	3.59317
3.08065	3.08065	5.63507	5.12565	2.56797	1.54144	3.08065	1.54144	1.02776	1.02776	0.513923	0.513923	0	0.513923	2.05487	3.59284	2.05487	2.05487	2.05487	2.56797	5.12565	2.56797	2.56797	5.63507	5.63507	2.56797	2.56797	2.56797	2.56797	5.12565	2.56797	2.05487	3.59284	1.54144	2.05487	3.08065	1.54144	0.513923	0.513923	0.513923	0	1.02776	1.02776	1.02776	1.02776	4.10446	4.10446	2.56797	2.56797	3.08065	5.63507	2.56797	3.08065	3.08065	3.08065	6.14359	6.14359	3.08065	2.56797	5.63507	3.08065	2.56797	2.56797	2.56797	4.61543	2.05487	2.56797	4.61543	3.59284	1.54144	2.05487	2.05487	1.54144	2.56797	1.02776	1.02776	1.02776	2.05487	2.05487	0.513923	0.513923	1.02776	1.54144	0.513923	0.513923	0.513923	1.02776	2.56797	2.56797	1.02776	1.02776	2.56797	1.54144	1.54144	1.54144	1.54144	3.08065	1.54144	1.54144	3.59284	3.59284	1.54144	2.05487	2.05487	1.54144	3.08065	1.54144	2.05487	3.59284	3.08065	1.54144	2.05487	2.05487	1.54144	3.08065	1.54144	2.05487	3.59284	3.59284	2.05487	2.05487	2.05487	2.05487	4.61543	2.56797	2.05487	4.61543	2.56797	2.56797	5.12565	2.56797	2.56797	5.12565	2.56797	2.56797	5.12565	2.56797	2.56797	2.56797	2.05487	4.61543	5.12565	2.56797	2.05487	4.61543	2.56797	2.05487	2.05487	2.05487	4.61543	4.61543	2.05487	2.05487	4.10446	2.05487	2.05487	2.05487	2.05487	4.61543	2.56797	2.05487	4.10446	4.10446	2.05487	2.05487	2.05487	2.05487	4.61543	2.56797	2.56797	2.56797	5.63507	5.63507	2.05487	2.05487	2.05487	4.61543	2.56797	2.56797	2.56797	2.56797	4.61543	4.10446	2.05487	2.05487	3.59284	1.54144	2.05487	2.05487	2.05487	3.59284	1.54144	2.05487	3.59284	3.08065	1.54144	2.05487	2.05487	1.54144	3.59284	2.05487	2.05487	3.59284	3.59284	2.05487	2.05487	2.05487	1.54144	3.59284	2.05487	2.05487	4.10446	2.05487	2.05487	4.10446	2.05487	2.05487	3.59284	1.54144	2.05487	4.10446	2.05487	1.54144	1.54144	2.05487	3.59284	3.08065	1.54144	1.54144	3.08065	1.54144	1.54144	1.54144	1.54144	3.08065	3.08065	1.54144	1.54144	3.08065	1.54144	1.54144	1.54144	1.54144	3.08065	3.08065	1.54144	1.54144	3.08065	1.54144	1.54144	1.54144	1.54144	3.08065	1.54144	1.54144	3.59284
3.08038	3.08038	5.63457	5.1252	2.56774	1.5413	3.08038	1.5413	1.02767	1.02767	0.513877	0.513877	0	0.513877	2.05468	3.59252	2.05468	2.05468	2.05468	2.56774	5.1252	2.56774	2.56774	5.63457	5.63457	2.56774	2.56774	2.56774	2.56774	5.1252	2.56774	2.05468	3.59252	1.5413	2.05468	3.08038	1.5413	0.513877	0.513877	0.513877	0	1.02767	1.02767	1.02767	1.02767	4.1041	4.1041	2.56774	2.56774	3.08038	5.63457	2.56774	3.08038	3.08038	3.08038	6.14305	6.14305	3.08038	2.56774	5.63457	3.08038	2.56774	2.56774	2.56774	4.61501	2.05468	2.56774	4.61501	3.59252	1.5413	2.05468	2.05468	1.5413	2.56774	1.02767	1.02767	1.02767	2.05468	2.05468	0.513877	0.513877	1.02767	1.5413	0.513877	0.513877	0.513877	1.02767	2.56774	2.56774	1.02767	1.02767	2.56774	1.5413	1.5413	1.5413	1.5413	3.08038	1.5413	1.5413	3.59252	3.59252	1.5413	2.05468	2.05468	1.5413	3.08038	1.5413	2.05468	3.59252	3.08038	1.5413	2.05468	2.05468	1.5413	3.08038	1.5413	2.05468	3.59252	3.59252	2.05468	2.05468	2.05468	2.05468	4.61501	2.56774	2.05468	4.61501	2.56774	2.56774	5.1252	2.56774	2.56774	5.1252	2.56774	2.56774	5.1252	2.56774	2.56774	2.56774	2.05468	4.61501	5.1252	2.56774	2.05468	4.61501	2.56774	2.05468	2.05468	2.05468	4.61501	4.61501	2.05468	2.05468	4.1041	2.05468	2.05468	2.05468	2.05468	4.61501	2.56774	2.05468	4.1041	4.1041	2.05468	2.05468	2.05468	2.05468	4.61501	2.56774	2.56774	2.56774	5.63457	5.63457	2.05468	2.05468	2.05468	4.61501	2.56774	2.56774	2.56774	2.56774	4.61501	4.1041	2.05468	2.05468	3.59252	1.5413	2.05468	2.05468	2.05468	3.59252	1.5413	2.05468	3.59252	3.08038	1.5413	2.05468	2.05468	1.5413	3.59252	2.05468	2.05468	3.59252	3.59252	2.05468	2.05468	2.05468	1.5413	3.59252	2.05468	2.05468	4.1041	2.05468	2.05468	4.1041	2.05468	2.05468	3.59252	1.5413	2.05468	4.1041	2.05468	1.5413	1.5413	2.05468	3.59252	3.08038	1.5413	1.5413	3.08038	1.5413	1.5413	1.5413	1.5413	3.08038	3.08038	1.5413	1.5413	3.08038	1.5413	1.5413	1.5413	1.5413	3.08038	3.08038	1.5413	1.5413	3.08038	1.5413	1.5413	1.5413	1.5413	3.08038	1.5413	1.5413	3.59252
13.7386	13.0235	12.5811	11.0286	9.29641	8.36989	7.67242	6.52217	5.79668	5.03815	4.36691	3.59233	2.83559	2.43599	2.92683	3.90722	2.56751	2.59935	2.46946	2.76496	5.22559	2.76496	2.84124	5.68577	5.68577	2.77089	2.61824	2.61824	2.61824	5.26602	2.6987	2.05446	3.85649	1.95588	2.29674	3.40923	2.36737	2.03036	2.11774	2.11774	2.05457	2.29681	2.29681	2.24605	2.03034	4.54307	4.42627	2.72298	2.6987	3.08004	5.76257	2.72298	3.27152	3.33124	3.24632	6.22646	6.08123	3.02077	2.77089	5.54359	2.83544	2.56746	2.56746	2.44262	4.50326	2.11764	2.5222	4.57536	3.82661	1.78866	2.11764	2.11764	1.62446	2.61824	1.14883	1.21849	1.16309	2.05446	2.05446	0.654988	0.749006	0.978227	1.41859	0.513822	0.654988	0.749006	0.978227	2.31101	2.46943	1.14883	1.14883	2.5222	1.67445	1.82517	1.9976	2.17903	3.4428	2.17903	2.17903	3.84375	3.96142	2.56755	2.90995	3.10672	2.99354	4.02713	2.74713	2.90995	4.23345	4.02713	2.74713	2.90995	3.10672	2.95483	3.87776	2.56755	2.90428	4.18672	4.07564	2.56751	2.59935	2.46946	2.29674	4.72659	2.76496	2.36037	4.78503	2.61824	2.72298	5.25361	2.56746	2.56746	5.12465	2.56746	2.56746	5.12465	2.56746	2.44262	2.46943	2.21644	4.74385	4.99882	2.46943	2.21644	4.6216	2.46943	2.11764	2.11764	2.21644	4.6216	4.50326	2.11764	2.11764	4.13548	2.11764	2.11764	2.11764	2.11764	4.53224	2.59933	2.29674	4.22951	4.22951	2.29674	2.36037	2.27511	2.11764	4.6428	2.61824	2.61824	2.61824	5.43371	5.52889	2.59935	2.46946	2.29674	4.72659	2.76496	2.69872	2.81802	2.99347	4.86299	4.38168	2.56751	2.56751	3.90722	2.17903	2.56751	2.56751	2.54821	3.96142	2.56755	2.90995	4.23345	4.00673	2.99354	3.31156	3.52305	3.39002	4.56471	3.52305	3.70031	4.72669	4.72669	3.70031	3.70031	3.70031	3.39002	4.58972	3.28665	3.28665	4.83607	3.28665	3.28665	4.8798	3.08546	2.90428	4.18672	2.36042	2.54821	4.4152	2.90428	2.54823	2.36042	2.54821	4.01486	3.61495	2.17903	2.18656	3.40923	1.85205	1.85205	1.85205	1.85205	3.24632	3.33124	1.78866	1.62446	3.12245	1.62446	1.62446	1.62446	1.62446	3.12245	3.12245	1.62446	1.62446	3.12245	1.62446	1.62446	1.62446	1.62446	3.23109	1.67442	1.54114	3.46653
13.6167	12.894	12.0976	10.5374	9.15046	8.29987	7.37165	6.44151	5.76237	4.99865	4.36652	3.73533	2.92665	2.64313	3.34574	3.90687	2.56728	2.81776	2.69848	2.76472	5.22513	2.76472	3.08511	5.68527	5.68527	3.0205	2.61801	2.61801	2.61801	5.51953	2.95446	2.05428	4.36629	2.43566	2.29653	3.65075	2.77661	2.1253	2.11755	2.11755	2.05439	2.29661	2.29661	2.38796	2.18639	5.03421	4.92928	2.97664	2.95446	3.07977	6.01619	2.97664	3.52261	3.57809	3.24603	6.22591	5.82946	2.77065	3.0205	5.29028	2.32501	2.56723	2.56723	2.18632	4.24844	2.11745	2.27491	4.32486	4.07525	2.03009	2.11745	2.11745	1.62432	2.61801	1.14873	1.46421	1.41846	2.05428	2.05428	0.908185	0.97814	0.748939	1.16298	0.513776	0.908185	0.97814	0.748939	1.79767	2.21624	1.14873	1.14873	2.27491	1.46424	1.63447	1.82502	2.17883	3.4425	2.17883	2.17883	3.61463	3.73959	2.56732	2.74688	2.95457	2.99328	4.23307	2.90969	2.74688	4.02677	4.23307	2.90969	2.74688	2.95457	3.10644	4.09135	2.56732	2.90402	4.41481	4.30971	2.56728	2.81776	2.69848	2.29653	4.72617	2.76472	2.59909	5.03744	2.61801	2.97664	5.50771	2.56723	2.56723	5.12419	2.56723	2.56723	5.12419	2.56723	2.18632	2.21624	2.46921	4.99838	4.74342	2.21624	2.46921	4.62119	2.21624	2.11745	2.11745	2.46921	4.62119	4.24844	2.11745	2.11745	4.13511	2.11745	2.11745	2.11745	2.11745	4.27917	2.36016	2.29653	4.22914	4.22914	2.29653	2.59909	2.52197	2.11745	4.64238	2.61801	2.61801	2.61801	4.92928	5.03421	2.81776	2.69848	2.29653	4.72617	2.76472	2.46924	2.59912	2.9932	4.86256	4.38129	2.56728	2.56728	3.90687	2.17883	2.56728	2.56728	2.36021	3.73959	2.56732	2.74688	4.02677	4.00637	2.99328	3.1693	3.38972	3.52273	4.5643	3.38972	3.69998	4.72627	4.72627	3.69998	3.69998	3.69998	3.52273	4.79833	3.28636	3.28636	4.83564	3.28636	3.28636	5.10191	3.2713	2.90402	4.41481	2.54799	2.36021	4.18635	2.90402	2.7228	2.54799	2.36021	4.0145	3.8434	2.17883	2.38792	3.65075	1.85188	1.85188	1.85188	1.85188	3.24603	3.57809	2.03009	1.62432	3.12217	1.62432	1.62432	1.62432	1.62432	3.12217	3.12217	1.62432	1.62432	3.12217	1.62432	1.62432	1.62432	1.62432	3.48512	1.93026	1.541	3.21039
1.54086	1.54086	2.567	2.05409	1.02738	0	0.51373	0.51373	0.51373	0.51373	0.51373	1.54086	1.02738	1.54086	3.07949	3.59149	2.05409	2.567	2.567	2.567	5.12373	2.567	3.07949	5.63296	5.63296	3.07949	2.567	2.567	2.567	5.63296	3.07949	2.05409	4.6137	2.567	2.05409	3.59149	2.567	1.02738	0.51373	0.51373	0	1.02738	1.02738	1.54086	1.54086	5.12373	5.12373	3.07949	3.07949	3.07949	6.1413	3.07949	3.59149	3.59149	3.07949	6.1413	5.63296	2.567	3.07949	5.12373	2.05409	2.567	2.567	2.05409	4.10292	2.05409	2.05409	4.10292	4.10292	2.05409	2.05409	2.05409	1.54086	2.567	1.02738	1.54086	1.54086	2.05409	2.05409	1.02738	1.02738	0.51373	1.02738	0.51373	1.02738	1.02738	0.51373	1.54086	2.05409	1.02738	1.02738	2.05409	1.02738	1.02738	1.02738	1.54086	3.07949	1.54086	1.54086	3.07949	3.07949	1.54086	1.54086	1.54086	1.54086	3.59149	2.05409	1.54086	3.07949	3.59149	2.05409	1.54086	1.54086	2.05409	3.59149	1.54086	2.05409	4.10292	4.10292	2.05409	2.567	2.567	2.05409	4.6137	2.567	2.567	5.12373	2.567	3.07949	5.63296	2.567	2.567	5.12373	2.567	2.567	5.12373	2.567	2.05409	2.05409	2.567	5.12373	4.6137	2.05409	2.567	4.6137	2.05409	2.05409	2.05409	2.567	4.6137	4.10292	2.05409	2.05409	4.10292	2.05409	2.05409	2.05409	2.05409	4.10292	2.05409	2.05409	4.10292	4.10292	2.05409	2.567	2.567	2.05409	4.6137	2.567	2.567	2.567	4.6137	4.6137	2.567	2.567	2.05409	4.6137	2.567	2.05409	2.05409	2.567	4.6137	4.10292	2.05409	2.05409	3.59149	1.54086	2.05409	2.05409	1.54086	3.07949	1.54086	1.54086	3.07949	3.07949	1.54086	1.54086	1.54086	2.05409	3.59149	1.54086	2.05409	3.59149	3.59149	2.05409	2.05409	2.05409	2.05409	4.10292	2.05409	2.05409	4.10292	2.05409	2.05409	4.6137	2.567	2.05409	4.10292	2.05409	1.54086	3.59149	2.05409	2.05409	2.05409	1.54086	3.59149	3.59149	1.54086	2.05409	3.59149	1.54086	1.54086	1.54086	1.54086	3.07949	3.59149	2.05409	1.54086	3.07949	1.54086	1.54086	1.54086	1.54086	3.07949	3.07949	1.54086	1.54086	3.07949	1.54086	1.54086	1.54086	1.54086	3.59149	2.05409	1.54086	3.07949
1.54069	1.54069	2.56672	2.05387	1.02727	0	0.513675	0.513675	0.513675	0.513675	0.513675	1.54069	1.02727	1.54069	3.07916	3.59111	2.05387	2.56672	2.56672	2.56672	5.12319	2.56672	3.07916	5.63236	5.63236	3.07916	2.56672	2.56672	2.56672	5.63236	3.07916	2.05387	4.6132	2.56672	2.05387	3.59111	2.56672	1.02727	0.513675	0.513675	0	1.02727	1.02727	1.54069	1.54069	5.12319	5.12319	3.07916	3.07916	3.07916	6.14064	3.07916	3.59111	3.59111	3.07916	6.14064	5.63236	2.56672	3.07916	5.12319	2.05387	2.56672	2.56672	2.05387	4.10248	2.05387	2.05387	4.10248	4.10248	2.05387	2.05387	2.05387	1.54069	2.56672	1.02727	1.54069	1.54069	2.05387	2.05387	1.02727	1.02727	0.513675	1.02727	0.513675	1.02727	1.02727	0.513675	1.54069	2.05387	1.02727	1.02727	2.05387	1.02727	1.02727	1.02727	1.54069	3.07916	1.54069	1.54069	3.07916	3.07916	1.54069	1.54069	1.54069	1.54069	3.59111	2.05387	1.54069	3.07916	3.59111	2.05387	1.54069	1.54069	2.05387	3.59111	1.54069	2.05387	4.10248	4.10248	2.05387	2.56672	2.56672	2.05387	4.6132	2.56672	2.56672	5.12319	2.56672	3.07916	5.63236	2.56672	2.56672	5.12319	2.56672	2.56672	5.12319	2.56672	2.05387	2.05387	2.56672	5.12319	4.6132	2.05387	2.56672	4.6132	2.05387	2.05387	2.05387	2.56672	4.6132	4.10248	2.05387	2.05387	4.10248	2.05387	2.05387	2.05387	2.05387	4.10248	2.05387	2.05387	4.10248	4.10248	2.05387	2.56672	2.56672	2.05387	4.6132	2.56672	2.56672	2.56672	4.6132	4.6132	2.56672	2.56672	2.05387	4.6132	2.56672	2.05387	2.05387	2.56672	4.6132	4.10248	2.05387	2.05387	3.59111	1.54069	2.05387	2.05387	1.54069	3.07916	1.54069	1.54069	3.07916	3.07916	1.54069	1.54069	1.54069	2.05387	3.59111	1.54069	2.05387	3.59111	3.59111	2.05387	2.05387	2.05387	2.05387	4.10248	2.05387	2.05387	4.10248	2.05387	2.05387	4.6132	2.56672	2.05387	4.10248	2.05387	1.54069	3.59111	2.05387	2.05387	2.05387	1.54069	3.59111	3.59111	1.54069	2.05387	3.59111	1.54069	1.54069	1.54069	1.54069	3.07916	3.59111	2.05387	1.54069	3.07916	1.54069	1.54069	1.54069	1.54069	3.07916	3.07916	1.54069	1.54069	3.07916	1.54069	1.54069	1.54069	1.54069	3.59111	2.05387	1.54069	3.07916
10.4895	9.99588	9.38669	8.15712	7.05619	6.39927	5.63216	4.87482	4.42483	3.92267	3.42252	3.31032	2.4686	2.54728	3.67212	3.89313	2.29587	2.76392	2.76392	2.84018	5.28877	2.61726	3.12128	5.7717	5.63764	2.97579	2.72195	2.69768	2.69768	5.63764	2.95362	2.18569	4.75583	2.61726	2.27426	3.82517	2.76392	1.45253	1.32189	1.55128	1.54064	1.8245	1.634	1.85135	1.85135	5.32563	5.28877	3.12128	3.12128	3.22987	6.39386	3.22987	3.62715	3.62715	3.12128	6.16122	5.65493	2.61726	2.97579	4.99695	2.05369	2.4417	2.4685	2.11684	4.13393	2.11684	2.02951	4.07408	4.22793	2.29587	2.35948	2.27426	1.62385	2.72195	1.16265	1.41805	1.46379	2.11684	2.11684	1.1484	1.1484	0.726381	1.21803	0.654741	0.907925	0.977859	0.748724	1.5618	1.96354	1.1484	1.10451	2.12462	1.45253	1.46382	1.32185	1.55123	3.08423	1.85135	1.82448	3.27032	3.44151	2.17821	2.17821	2.17821	2.17821	3.90576	2.56654	2.17821	3.44151	3.90576	2.56654	2.18574	2.02954	2.29587	3.82517	1.78798	2.21561	4.23178	4.23178	2.21561	2.61726	2.61726	2.27426	4.82405	2.76392	2.76392	5.22363	2.76392	3.08423	5.68364	2.84018	2.76392	5.22363	2.76392	2.76392	5.07474	2.52125	2.27426	2.35948	2.59835	5.036	4.64106	2.11684	2.4685	4.48701	2.05369	2.05369	2.05369	2.4417	4.61987	4.11009	1.96354	2.11684	4.13393	2.11684	2.11684	2.11684	2.11684	4.24723	2.18569	2.05369	4.10212	4.10212	2.05369	2.4417	2.4685	2.21561	4.61987	2.4685	2.61726	2.61726	4.53054	4.57365	2.76392	2.76392	2.29587	4.63049	2.81696	2.56654	2.56654	2.95367	4.87795	4.5844	2.90319	2.90886	4.23186	2.99242	3.31032	3.52173	3.44162	4.35014	3.44162	3.44162	4.35014	4.35014	3.44162	3.44162	3.44162	3.73861	4.89141	3.9059	4.1341	5.07486	4.90473	3.69892	3.69892	3.69892	3.69892	5.12283	3.69892	3.66774	5.01008	3.28542	3.27038	5.15453	3.44633	3.27038	4.75588	2.90319	2.54728	4.07411	2.56654	2.56654	2.56654	2.17821	3.90576	3.97643	2.02954	2.24515	3.81231	2.02954	1.85135	1.85135	1.85135	3.32999	3.67209	2.12462	1.85135	3.32999	1.78798	1.62385	1.62385	1.62385	3.22987	3.08954	1.46379	1.62385	3.12128	1.62385	1.62385	1.62385	1.62385	3.62715	2.11684	1.62385	3.22987
10.4403	9.94419	9.22166	8.03746	7.02803	6.43911	5.72337	4.87439	4.54117	4.05375	3.57232	3.80775	2.5982	2.72178	4.1415	4.13754	2.29567	2.76368	2.76368	3.08396	5.54103	2.61702	3.121	6.02474	5.63713	2.72171	2.97552	2.95335	2.95335	5.63713	2.69744	2.44148	5.00955	2.61702	2.52102	4.07372	2.76368	1.4524	1.46371	1.67371	1.5405	1.99667	1.82432	1.85118	1.85118	5.57618	5.54103	3.121	3.121	3.48381	6.9	3.48381	3.62683	3.62683	3.121	6.16067	5.65443	2.61702	2.72171	4.74165	2.05351	2.1855	2.21541	2.11666	4.13356	2.11666	1.78782	3.82483	4.22755	2.29567	2.59812	2.52102	1.62371	2.97552	1.41793	1.16254	1.21792	2.11666	2.11666	1.14829	1.14829	0.726316	1.46366	0.907844	0.654682	0.748657	0.977772	1.56166	1.71255	1.14829	0.907867	1.89512	1.4524	1.67367	1.55109	1.32173	2.83992	1.85118	1.63385	3.04107	3.4412	2.17801	2.17801	2.17801	2.17801	3.90541	2.56631	2.17801	3.4412	3.90541	2.56631	2.38702	2.24495	2.29567	4.07372	2.02933	2.46828	4.48661	4.48661	2.46828	2.61702	2.61702	2.52102	5.07429	2.76368	2.76368	5.22317	2.76368	2.83992	5.68314	3.08396	2.76368	5.22317	2.76368	2.76368	4.82362	2.27405	2.52102	2.59812	2.35927	4.78281	4.64064	2.11666	2.21541	4.23141	2.05351	2.05351	2.05351	2.1855	4.61946	4.10973	1.71255	2.11666	4.13356	2.11666	2.11666	2.11666	2.11666	4.50117	2.44148	2.05351	4.10175	4.10175	2.05351	2.1855	2.21541	2.46828	4.61946	2.21541	2.61702	2.61702	4.27757	4.32323	2.76368	2.76368	2.29567	4.38337	2.59814	2.56631	2.56631	2.74581	4.6442	4.58399	2.90293	2.74585	4.02526	2.99215	3.16811	3.38845	3.44131	4.34975	3.44131	3.44131	4.34975	4.34975	3.44131	3.44131	3.44131	3.61339	4.71414	3.90555	4.13373	5.2637	5.10004	3.69859	3.69859	3.69859	3.69859	5.12237	3.69859	3.82494	5.22635	3.28512	3.44602	5.15407	3.27009	3.44602	4.98347	2.90293	2.72178	4.30809	2.56631	2.56631	2.56631	2.17801	3.90541	4.21593	2.24495	2.02935	3.81197	2.24495	1.85118	1.85118	1.85118	3.57675	3.67176	1.89512	1.85118	3.57675	2.02933	1.62371	1.62371	1.62371	3.48381	3.08926	1.21792	1.62371	3.121	1.62371	1.62371	1.62371	1.62371	3.62683	2.11666	1.62371	3.48381
0.513527	0.513527	0.513527	0.513527	0.513527	1.02697	1.54025	0.513527	1.54025	1.54025	1.54025	3.07828	1.54025	2.05328	4.10131	4.10131	2.05328	2.56599	2.56599	3.07828	5.63075	2.56599	3.07828	6.13889	5.63075	2.56599	3.07828	3.07828	3.07828	5.63075	2.56599	2.56599	5.12173	2.56599	2.56599	4.10131	2.56599	1.02697	1.02697	1.02697	0	1.54025	1.54025	1.54025	1.54025	5.63075	5.63075	3.07828	3.07828	3.59008	7.15219	3.59008	3.59008	3.59008	3.07828	6.13889	5.63075	2.56599	2.56599	4.61188	2.05328	2.05328	2.05328	2.05328	4.10131	2.05328	1.54025	3.59008	4.10131	2.05328	2.56599	2.56599	1.54025	3.07828	1.54025	1.02697	1.02697	2.05328	2.05328	1.02697	1.02697	0.513527	1.54025	1.02697	0.513527	0.513527	1.02697	1.54025	1.54025	1.02697	0.513527	1.54025	1.02697	1.54025	1.54025	1.02697	2.56599	1.54025	1.02697	2.56599	3.07828	1.54025	1.54025	1.54025	1.54025	3.59008	2.05328	1.54025	3.07828	3.59008	2.05328	2.05328	2.05328	2.05328	4.10131	2.05328	2.56599	4.61188	4.61188	2.56599	2.56599	2.56599	2.56599	5.12173	2.56599	2.56599	5.12173	2.56599	2.56599	5.63075	3.07828	2.56599	5.12173	2.56599	2.56599	4.61188	2.05328	2.56599	2.56599	2.05328	4.61188	4.61188	2.05328	2.05328	4.10131	2.05328	2.05328	2.05328	2.05328	4.61188	4.10131	1.54025	2.05328	4.10131	2.05328	2.05328	2.05328	2.05328	4.61188	2.56599	2.05328	4.10131	4.10131	2.05328	2.05328	2.05328	2.56599	4.61188	2.05328	2.56599	2.56599	4.10131	4.10131	2.56599	2.56599	2.05328	4.10131	2.05328	2.05328	2.05328	2.05328	4.10131	4.10131	2.05328	1.54025	3.07828	1.54025	1.54025	1.54025	1.54025	3.07828	1.54025	1.54025	3.07828	3.07828	1.54025	1.54025	1.54025	1.54025	3.07828	1.54025	2.05328	4.10131	4.10131	2.05328	2.05328	2.05328	2.05328	4.10131	2.05328	2.56599	4.61188	2.05328	2.56599	4.61188	2.05328	2.56599	4.61188	2.05328	2.05328	4.10131	2.05328	2.05328	2.05328	1.54025	3.59008	4.10131	2.05328	1.54025	3.59008	2.05328	1.54025	1.54025	1.54025	3.59008	3.59008	1.54025	1.54025	3.59008	2.05328	1.54025	1.54025	1.54025	3.59008	3.07828	1.02697	1.54025	3.07828	1.54025	1.54025	1.54025	1.54025	3.59008	2.05328	1.54025	3.59008
0.513481	0.513481	0.513481	0.513481	0.513481	1.02688	1.54011	0.513481	1.54011	1.54011	1.54011	3.07801	1.54011	2.0531	4.10094	4.10094	2.0531	2.56576	2.56576	3.07801	5.63025	2.56576	3.07801	6.13835	5.63025	2.56576	3.07801	3.07801	3.07801	5.63025	2.56576	2.56576	5.12127	2.56576	2.56576	4.10094	2.56576	1.02688	1.02688	1.02688	0	1.54011	1.54011	1.54011	1.54011	5.63025	5.63025	3.07801	3.07801	3.58976	7.15156	3.58976	3.58976	3.58976	3.07801	6.13835	5.63025	2.56576	2.56576	4.61147	2.0531	2.0531	2.0531	2.0531	4.10094	2.0531	1.54011	3.58976	4.10094	2.0531	2.56576	2.56576	1.54011	3.07801	1.54011	1.02688	1.02688	2.0531	2.0531	1.02688	1.02688	0.513481	1.54011	1.02688	0.513481	0.513481	1.02688	1.54011	1.54011	1.02688	0.513481	1.54011	1.02688	1.54011	1.54011	1.02688	2.56576	1.54011	1.02688	2.56576	3.07801	1.54011	1.54011	1.54011	1.54011	3.58976	2.0531	1.54011	3.07801	3.58976	2.0531	2.0531	2.0531	2.0531	4.10094	2.0531	2.56576	4.61147	4.61147	2.56576	2.56576	2.56576	2.56576	5.12127	2.56576	2.56576	5.12127	2.56576	2.56576	5.63025	3.07801	2.56576	5.12127	2.56576	2.56576	4.61147	2.0531	2.56576	2.56576	2.0531	4.61147	4.61147	2.0531	2.0531	4.10094	2.0531	2.0531	2.0531	2.0531	4.61147	4.10094	1.54011	2.0531	4.10094	2.0531	2.0531	2.0531	2.0531	4.61147	2.56576	2.0531	4.10094	4.10094	2.0531	2.0531	2.0531	2.56576	4.61147	2.0531	2.56576	2.56576	4.10094	4.10094	2.56576	2.56576	2.0531	4.10094	2.0531	2.0531	2.0531	2.0531	4.10094	4.10094	2.0531	1.54011	3.07801	1.54011	1.54011	1.54011	1.54011	3.07801	1.54011	1.54011	3.07801	3.07801	1.54011	1.54011	1.54011	1.54011	3.07801	1.54011	2.0531	4.10094	4.10094	2.0531	2.0531	2.0531	2.0531	4.10094	2.0531	2.56576	4.61147	2.0531	2.56576	4.61147	2.0531	2.56576	4.61147	2.0531	2.0531	4.10094	2.0531	2.0531	2.0531	1.54011	3.58976	4.10094	2.0531	1.54011	3.58976	2.0531	1.54011	1.54011	1.54011	3.58976	3.58976	1.54011	1.54011	3.58976	2.0531	1.54011	1.54011	1.54011	3.58976	3.07801	1.02688	1.54011	3.07801	1.54011	1.54011	1.54011	1.54011	3.58976	2.0531	1.54011	3.58976
0.513435	0.513435	0.513435	0.513435	0.513435	1.02679	1.53998	0.513435	1.53998	1.53998	1.53998	3.07773	1.53998	2.05292	4.10058	4.10058	2.05292	2.56553	2.56553	3.07773	5.62975	2.56553	3.07773	6.1378	5.62975	2.56553	3.07773	3.07773	3.07773	5.62975	2.56553	2.56553	5.12081	2.56553	2.56553	4.10058	2.56553	1.02679	1.02679	1.02679	0	1.53998	1.53998	1.53998	1.53998	5.62975	5.62975	3.07773	3.07773	3.58944	7.15092	3.58944	3.58944	3.58944	3.07773	6.1378	5.62975	2.56553	2.56553	4.61106	2.05292	2.05292	2.05292	2.05292	4.10058	2.05292	1.53998	3.58944	4.10058	2.05292	2.56553	2.56553	1.53998	3.07773	1.53998	1.02679	1.02679	2.05292	2.05292	1.02679	1.02679	0.513435	1.53998	1.02679	0.513435	0.513435	1.02679	1.53998	1.53998	1.02679	0.513435	1.53998	1.02679	1.53998	1.53998	1.02679	2.56553	1.53998	1.02679	2.56553	3.07773	1.53998	1.53998	1.53998	1.53998	3.58944	2.05292	1.53998	3.07773	3.58944	2.05292	2.05292	2.05292	2.05292	4.10058	2.05292	2.56553	4.61106	4.61106	2.56553	2.56553	2.56553	2.56553	5.12081	2.56553	2.56553	5.12081	2.56553	2.56553	5.62975	3.07773	2.56553	5.12081	2.56553	2.56553	4.61106	2.05292	2.56553	2.56553	2.05292	4.61106	4.61106	2.05292	2.05292	4.10058	2.05292	2.05292	2.05292	2.05292	4.61106	4.10058	1.53998	2.05292	4.10058	2.05292	2.05292	2.05292	2.05292	4.61106	2.56553	2.05292	4.10058	4.10058	2.05292	2.05292	2.05292	2.56553	4.61106	2.05292	2.56553	2.56553	4.10058	4.10058	2.56553	2.56553	2.05292	4.10058	2.05292	2.05292	2.05292	2.05292	4.10058	4.10058	2.05292	1.53998	3.07773	1.53998	1.53998	1.53998	1.53998	3.07773	1.53998	1.53998	3.07773	3.07773	1.53998	1.53998	1.53998	1.53998	3.07773	1.53998	2.05292	4.10058	4.10058	2.05292	2.05292	2.05292	2.05292	4.10058	2.05292	2.56553	4.61106	2.05292	2.56553	4.61106	2.05292	2.56553	4.61106	2.05292	2.05292	4.10058	2.05292	2.05292	2.05292	1.53998	3.58944	4.10058	2.05292	1.53998	3.58944	2.05292	1.53998	1.53998	1.53998	3.58944	3.58944	1.53998	1.53998	3.58944	2.05292	1.53998	1.53998	1.53998	3.58944	3.07773	1.02679	1.53998	3.07773	1.53998	1.53998	1.53998	1.53998	3.58944	2.05292	1.53998	3.58944
0.51338	0.51338	0.51338	0.51338	0.51338	1.02668	1.53981	0.51338	1.53981	1.53981	1.53981	3.0774	1.53981	2.0527	4.10014	4.10014	2.0527	2.56525	2.56525	3.0774	5.62915	2.56525	3.0774	6.13715	5.62915	2.56525	3.0774	3.0774	3.0774	5.62915	2.56525	2.56525	5.12026	2.56525	2.56525	4.10014	2.56525	1.02668	1.02668	1.02668	0	1.53981	1.53981	1.53981	1.53981	5.62915	5.62915	3.0774	3.0774	3.58906	7.15016	3.58906	3.58906	3.58906	3.0774	6.13715	5.62915	2.56525	2.56525	4.61057	2.0527	2.0527	2.0527	2.0527	4.10014	2.0527	1.53981	3.58906	4.10014	2.0527	2.56525	2.56525	1.53981	3.0774	1.53981	1.02668	1.02668	2.0527	2.0527	1.02668	1.02668	0.51338	1.53981	1.02668	0.51338	0.51338	1.02668	1.53981	1.53981	1.02668	0.51338	1.53981	1.02668	1.53981	1.53981	1.02668	2.56525	1.53981	1.02668	2.56525	3.0774	1.53981	1.53981	1.53981	1.53981	3.58906	2.0527	1.53981	3.0774	3.58906	2.0527	2.0527	2.0527	2.0527	4.10014	2.0527	2.56525	4.61057	4.61057	2.56525	2.56525	2.56525	2.56525	5.12026	2.56525	2.56525	5.12026	2.56525	2.56525	5.62915	3.0774	2.56525	5.12026	2.56525	2.56525	4.61057	2.0527	2.56525	2.56525	2.0527	4.61057	4.61057	2.0527	2.0527	4.10014	2.0527	2.0527	2.0527	2.0527	4.61057	4.10014	1.53981	2.0527	4.10014	2.0527	2.0527	2.0527	2.0527	4.61057	2.56525	2.0527	4.10014	4.10014	2.0527	2.0527	2.0527	2.56525	4.61057	2.0527	2.56525	2.56525	4.10014	4.10014	2.56525	2.56525	2.0527	4.10014	2.0527	2.0527	2.0527	2.0527	4.10014	4.10014	2.0527	1.53981	3.0774	1.53981	1.53981	1.53981	1.53981	3.0774	1.53981	1.53981	3.0774	3.0774	1.53981	1.53981	1.53981	1.53981	3.0774	1.53981	2.0527	4.10014	4.10014	2.0527	2.0527	2.0527	2.0527	4.10014	2.0527	2.56525	4.61057	2.0527	2.56525	4.61057	2.0527	2.56525	4.61057	2.0527	2.0527	4.10014	2.0527	2.0527	2.0527	1.53981	3.58906	4.10014	2.0527	1.53981	3.58906	2.0527	1.53981	1.53981	1.53981	3.58906	3.58906	1.53981	1.53981	3.58906	2.0527	1.53981	1.53981	1.53981	3.58906	3.0774	1.02668	1.53981	3.0774	1.53981	1.53981	1.53981	1.53981	3.58906	2.0527	1.53981	3.58906
7.79008	7.40683	6.77173	6.18431	5.79121	5.62026	5.27674	4.07195	3.90367	3.90367	3.78439	4.38133	2.74452	2.90717	4.61726	4.47352	2.27295	2.61576	2.61576	3.11949	5.76842	2.69614	3.07713	6.1366	5.62865	2.56502	3.07713	3.07713	3.07713	5.75714	2.72039	2.61576	5.14521	2.61576	2.61576	4.13157	2.61576	1.14774	1.14774	1.14774	0.513362	1.62292	1.62292	1.55034	1.67286	5.72033	5.72033	3.32809	3.26842	3.62508	7.16756	3.62508	3.62508	3.62508	3.11949	6.15771	5.65171	2.61576	2.61576	4.63841	2.11563	2.11563	2.11563	2.11563	4.13157	2.11563	1.71172	3.71875	4.22937	2.21434	2.46709	2.4403	1.67283	3.08777	1.41724	1.02659	1.02659	1.9286	1.96241	1.14774	1.14774	0.725964	1.55034	1.2703	1.1039	0.907428	1.10388	1.72132	1.78696	1.14774	0.748295	1.67283	1.02659	1.41724	1.46295	1.14774	2.61576	1.62292	1.14774	2.61576	3.11949	1.62292	1.62292	1.62292	1.71172	3.71875	2.05251	1.53967	3.20763	3.73633	2.11563	2.11563	2.11563	2.27295	4.47352	2.59689	2.99063	5.02018	5.11029	3.2835	3.2835	3.2835	3.2835	5.5119	3.2835	3.46332	5.77972	3.62517	3.62517	6.0111	3.66559	3.2835	5.34704	2.95197	2.99063	4.85839	2.56507	2.99063	2.99063	2.56507	4.69788	4.62785	2.29456	2.29456	4.22551	2.29456	2.29456	2.29456	2.29456	4.57104	4.02324	1.62292	2.11563	4.13157	2.11563	2.11563	2.11563	2.11563	4.499	2.4403	2.05251	4.09977	4.22937	2.21434	2.11563	2.11563	2.46709	4.48445	2.05251	2.56502	2.56502	4.09977	4.09977	2.4403	2.46709	2.11563	4.02324	2.1234	2.29456	2.29456	2.29456	4.13554	4.13951	2.72047	2.56511	3.69673	2.56511	2.56511	2.56511	2.59694	3.82306	2.99071	3.0397	4.16715	4.35142	3.7365	3.90367	3.90367	3.90367	4.71187	3.61164	3.6968	5.09759	5.26117	4.13173	4.08794	3.87417	3.6968	5.14846	3.46336	3.62517	5.27039	3.28354	3.62517	5.32265	3.08254	3.2835	5.04287	2.90153	2.90153	4.64196	2.74448	2.56507	2.56507	2.17696	3.90352	4.37754	2.56507	2.18449	3.81013	2.38587	2.18449	2.02837	1.85029	3.73196	3.73196	1.85029	1.89421	3.66999	2.1234	1.89421	1.78696	1.62292	3.51958	3.17165	1.32109	1.62292	3.11949	1.62292	1.62292	1.62292	1.62292	3.62508	2.11563	1.62292	3.62508
7.78113	7.40617	6.79971	6.26709	5.82426	5.67732	5.74837	4.30579	3.90332	3.90332	4.05139	5.00677	2.90693	3.10346	5.10024	4.97076	2.51958	2.61552	2.61552	3.11921	6.02131	2.95166	3.07685	6.13606	5.62815	2.56479	3.07685	3.07685	3.07685	6.01052	2.97382	2.61552	5.14475	2.61552	2.61552	4.1312	2.61552	1.14764	1.14764	1.14764	0.513316	1.62278	1.62278	1.32097	1.46285	5.71982	5.71982	3.5747	3.51927	3.62475	7.16692	3.62475	3.62475	3.62475	3.11921	6.15716	5.65121	2.61552	2.61552	4.63799	2.11544	2.11544	2.11544	2.11544	4.1312	2.11544	1.96224	3.97378	4.48405	2.46687	2.21414	2.18425	1.92843	3.0875	1.16188	1.02649	1.02649	1.67268	1.71157	1.14764	1.14764	0.725899	1.32097	1.1038	1.27018	1.10378	0.907347	1.72117	2.02817	1.14764	0.977211	1.92843	1.02649	1.16188	1.21723	1.14764	2.61552	1.62278	1.14764	2.61552	3.11921	1.62278	1.62278	1.62278	1.96224	3.97378	2.05233	1.53953	3.46294	3.99021	2.11544	2.11544	2.11544	2.51958	4.97076	2.81509	2.99036	5.26061	5.34656	3.28321	3.28321	3.28321	3.28321	5.51141	3.28321	3.66526	6.01057	3.62485	3.62485	5.77921	3.46301	3.28321	5.10983	2.74424	2.99036	4.85796	2.56484	2.99036	2.99036	2.56484	4.45483	4.38087	2.29435	2.29435	4.22513	2.29435	2.29435	2.29435	2.29435	4.32076	3.7709	1.62278	2.11544	4.1312	2.11544	2.11544	2.11544	2.11544	4.24442	2.18425	2.05233	4.09941	4.48405	2.46687	2.11544	2.11544	2.21414	4.22899	2.05233	2.56479	2.56479	4.09941	4.09941	2.18425	2.21414	2.11544	3.7709	1.89404	2.29435	2.29435	2.29435	3.89056	3.66969	2.54559	2.56488	3.6964	2.56488	2.56488	2.56488	2.46697	3.62935	2.99044	2.92947	3.99033	4.18247	3.64745	3.90332	3.90332	3.90332	4.88819	3.73614	3.69647	4.90149	5.07151	4.13136	4.22914	4.02301	3.69647	5.35878	3.62937	3.62485	5.26992	3.28324	3.62485	5.54966	3.2682	3.28321	5.04242	2.90127	2.90127	4.87473	2.95171	2.56484	2.56484	2.17677	3.90317	4.37715	2.56484	2.38566	3.80979	2.18429	2.38566	2.24366	1.85012	3.73162	3.73162	1.85012	2.12321	3.66966	1.89404	2.12321	2.02817	1.62278	3.26813	3.17136	1.5502	1.62278	3.11921	1.62278	1.62278	1.62278	1.62278	3.62475	2.11544	1.62278	3.62475
0	0.513233	1.02638	1.53937	1.02638	1.53937	3.58803	2.05211	1.53937	1.53937	2.56452	4.60925	2.05211	2.56452	5.1188	5.1188	2.56452	2.56452	2.56452	3.07652	6.1354	3.07652	3.07652	6.1354	5.62755	2.56452	3.07652	3.07652	3.07652	6.1354	3.07652	2.56452	5.1188	2.56452	2.56452	4.09897	2.56452	1.02638	1.02638	1.02638	0	1.53937	1.53937	1.02638	1.02638	5.62755	5.62755	3.58803	3.58803	3.58803	7.14813	3.58803	3.58803	3.58803	3.07652	6.1354	5.62755	2.56452	2.56452	4.60925	2.05211	2.05211	2.05211	2.05211	4.09897	2.05211	2.05211	4.09897	4.60925	2.56452	2.05211	2.05211	2.05211	3.07652	1.02638	1.02638	1.02638	1.53937	1.53937	1.02638	1.02638	0.513233	1.02638	0.513233	1.02638	1.02638	0.513233	1.53937	2.05211	1.02638	1.02638	2.05211	1.02638	1.02638	1.02638	1.02638	2.56452	1.53937	1.02638	2.56452	3.07652	1.53937	1.53937	1.53937	2.05211	4.09897	2.05211	1.53937	3.58803	4.09897	2.05211	2.05211	2.05211	2.56452	5.1188	2.56452	2.56452	5.1188	5.1188	2.56452	2.56452	2.56452	2.56452	5.1188	2.56452	3.07652	5.62755	2.56452	2.56452	5.1188	2.56452	2.56452	4.60925	2.05211	2.56452	4.60925	2.05211	2.56452	2.56452	2.05211	4.09897	4.09897	2.05211	2.05211	4.09897	2.05211	2.05211	2.05211	2.05211	4.09897	3.58803	1.53937	2.05211	4.09897	2.05211	2.05211	2.05211	2.05211	4.09897	2.05211	2.05211	4.09897	4.60925	2.56452	2.05211	2.05211	2.05211	4.09897	2.05211	2.56452	2.56452	4.09897	4.09897	2.05211	2.05211	2.05211	3.58803	1.53937	2.05211	2.05211	2.05211	3.58803	3.07652	1.53937	1.53937	3.07652	1.53937	1.53937	1.53937	1.02638	2.56452	1.53937	1.02638	2.56452	2.56452	1.02638	1.53937	1.53937	1.53937	3.58803	2.05211	2.05211	3.58803	3.58803	2.05211	2.56452	2.56452	2.05211	4.60925	2.56452	2.56452	4.60925	2.05211	2.56452	5.1188	2.56452	2.56452	4.60925	2.05211	2.05211	4.60925	2.56452	2.05211	2.05211	1.53937	3.58803	4.09897	2.05211	2.05211	3.58803	1.53937	2.05211	2.05211	1.53937	3.58803	3.58803	1.53937	2.05211	3.58803	1.53937	2.05211	2.05211	1.53937	3.07652	3.07652	1.53937	1.53937	3.07652	1.53937	1.53937	1.53937	1.53937	3.58803	2.05211	1.53937	3.58803
0	0.513187	1.02629	1.53923	1.02629	1.53923	3.58771	2.05193	1.53923	1.53923	2.56429	4.60884	2.05193	2.56429	5.11835	5.11835	2.56429	2.56429	2.56429	3.07624	6.13486	3.07624	3.07624	6.13486	5.62705	2.56429	3.07624	3.07624	3.07624	6.13486	3.07624	2.56429	5.11835	2.56429	2.56429	4.0986	2.56429	1.02629	1.02629	1.02629	0	1.53923	1.53923	1.02629	1.02629	5.62705	5.62705	3.58771	3.58771	3.58771	7.1475	3.58771	3.58771	3.58771	3.07624	6.13486	5.62705	2.56429	2.56429	4.60884	2.05193	2.05193	2.05193	2.05193	4.0986	2.05193	2.05193	4.0986	4.60884	2.56429	2.05193	2.05193	2.05193	3.07624	1.02629	1.02629	1.02629	1.53923	1.53923	1.02629	1.02629	0.513187	1.02629	0.513187	1.02629	1.02629	0.513187	1.53923	2.05193	1.02629	1.02629	2.05193	1.02629	1.02629	1.02629	1.02629	2.56429	1.53923	1.02629	2.56429	3.07624	1.53923	1.53923	1.53923	2.05193	4.0986	2.05193	1.53923	3.58771	4.0986	2.05193	2.05193	2.05193	2.56429	5.11835	2.56429	2.56429	5.11835	5.11835	2.56429	2.56429	2.56429	2.56429	5.11835	2.56429	3.07624	5.62705	2.56429	2.56429	5.11835	2.56429	2.56429	4.60884	2.05193	2.56429	4.60884	2.05193	2.56429	2.56429	2.05193	4.0986	4.0986	2.05193	2.05193	4.0986	2.05193	2.05193	2.05193	2.05193	4.0986	3.58771	1.53923	2.05193	4.0986	2.05193	2.05193	2.05193	2.05193	4.0986	2.05193	2.05193	4.0986	4.60884	2.56429	2.05193	2.05193	2.05193	4.0986	2.05193	2.56429	2.56429	4.0986	4.0986	2.05193	2.05193	2.05193	3.58771	1.53923	2.05193	2.05193	2.05193	3.58771	3.07624	1.53923	1.53923	3.07624	1.53923	1.53923	1.53923	1.02629	2.56429	1.53923	1.02629	2.56429	2.56429	1.02629	1.53923	1.53923	1.53923	3.58771	2.05193	2.05193	3.58771	3.58771	2.05193	2.56429	2.56429	2.05193	4.60884	2.56429	2.56429	4.60884	2.05193	2.56429	5.11835	2.56429	2.56429	4.60884	2.05193	2.05193	4.60884	2.56429	2.05193	2.05193	1.53923	3.58771	4.0986	2.05193	2.05193	3.58771	1.53923	2.05193	2.05193	1.53923	3.58771	3.58771	1.53923	2.05193	3.58771	1.53923	2.05193	2.05193	1.53923	3.07624	3.07624	1.53923	1.53923	3.07624	1.53923	1.53923	1.53923	1.53923	3.58771	2.05193	1.53923	3.58771
7.77893	7.43877	6.81437	6.06283	5.36957	5.18137	5.79732	4.58021	4.23954	3.78297	4.00148	5.61506	3.26225	3.28227	5.58309	5.50097	2.98951	3.03846	2.92852	3.24203	6.32416	3.26719	3.11832	6.15541	5.6496	2.61477	3.11832	3.11832	3.01677	6.07323	3.24203	2.7613	5.2187	2.7613	2.7613	4.31953	2.76723	1.14731	1.14731	1.14731	0.513169	1.4624	1.41671	1.0262	1.0262	5.50094	5.51275	3.62372	3.62372	3.51826	6.96864	3.73495	3.90206	3.90206	3.43825	6.2313	5.82233	3.28227	3.28227	5.04099	2.90044	2.90608	2.74345	2.56411	4.53707	2.43266	2.21351	4.35342	4.75134	2.61477	2.2721	2.35725	2.1226	3.01677	1.14731	1.14731	1.14731	1.4624	1.41671	0.907063	0.976931	0.725691	1.14731	0.725691	1.10346	1.26982	1.10348	1.78629	2.11484	1.14731	1.14731	2.21351	1.16155	1.0262	1.0262	1.16155	2.71937	1.62231	1.3206	2.83748	3.24203	1.84959	2.02761	2.18367	2.56411	4.3759	2.56411	2.35729	4.35347	5.04747	3.66427	3.69542	3.69542	4.00148	5.96283	4.00148	4.00148	5.96283	5.96283	4.00148	4.00148	4.00148	4.00148	6.13704	4.37974	4.54079	6.35489	4.00148	4.00148	5.78882	3.62833	3.62381	5.26842	3.28231	3.44307	4.97921	2.90044	3.10257	2.95087	2.56411	4.3759	4.3759	2.56411	2.56411	4.21232	2.24302	2.2937	2.2937	2.2937	4.22393	3.88945	2.18367	2.56411	4.3759	2.56411	2.38497	2.24302	2.2937	4.22393	2.2937	2.2937	4.22393	4.56932	2.51886	2.2721	2.35725	2.2937	4.22393	2.2937	2.59589	2.51886	4.13002	4.13002	1.96168	1.92787	2.05174	3.58739	1.53909	1.92787	1.96168	2.02759	3.57368	3.24203	1.84959	1.82275	3.26722	2.17614	2.18369	2.38501	2.29377	3.26726	2.81436	2.76141	3.62381	3.62381	2.76141	2.98958	2.98958	2.98958	4.4057	3.28231	3.28231	4.43892	4.30443	2.90044	3.26726	3.44307	3.26728	5.20938	3.28227	3.26726	5.14966	3.08138	3.28227	5.50984	3.28227	3.28227	5.04099	2.90044	2.90608	4.94307	3.10257	2.90608	2.74345	2.18367	3.88945	4.13399	2.38497	2.56411	3.97267	2.02761	2.2937	2.2937	1.84959	3.73056	3.73056	1.84959	2.2937	3.73056	1.84959	2.2937	2.2937	1.84959	3.24203	3.32684	1.78629	1.62231	3.11832	1.62231	1.71108	1.67221	1.53909	3.58739	2.05174	1.53909	3.58739
7.78636	7.50686	7.11026	6.34421	5.42923	5.37804	6.14438	4.57972	4.47882	4.0498	4.00105	6.05929	3.64143	3.28192	5.82171	5.7431	2.98919	3.26687	3.16496	3.24168	6.57436	3.51789	3.11799	6.15476	5.649	2.61449	3.11799	3.11799	2.76693	5.82168	3.24168	2.76101	5.21815	2.76101	2.76101	4.56883	3.01645	1.14718	1.14718	1.14718	0.513113	1.21675	1.16142	1.02609	1.02609	5.24613	5.25852	3.62333	3.62333	3.26684	6.46772	3.49925	3.90164	3.90164	3.43788	5.98656	5.5825	3.28192	3.28192	5.04045	2.90013	3.10224	2.95055	2.56384	5.02748	2.92259	2.4659	4.86274	5.00473	2.61449	2.51859	2.59561	1.89329	2.76693	1.14718	1.14718	1.14718	1.21675	1.16142	0.654049	0.747933	0.725613	1.14718	0.725613	0.906989	1.10337	1.26968	2.02737	2.11461	1.14718	1.14718	2.4659	1.41655	1.02609	1.02609	1.41655	2.97265	1.62214	1.54959	3.08098	3.24168	1.84939	2.24278	2.38472	2.56384	4.37543	2.56384	2.54457	4.80886	5.49154	3.82125	3.69502	3.69502	4.00105	5.96219	4.00105	4.00105	5.96219	5.96219	4.00105	4.00105	4.00105	4.00105	6.35421	4.54031	4.37928	6.13639	4.00105	4.00105	5.57089	3.46169	3.62342	5.26786	3.28195	3.26693	4.75088	2.90013	2.90577	2.74316	2.56384	4.37543	4.37543	2.56384	2.56384	3.97224	2.02739	2.29345	2.29345	2.29345	4.22347	4.13355	2.38472	2.56384	4.37543	2.56384	2.18343	2.02739	2.29345	4.22347	2.29345	2.29345	4.22347	4.31907	2.27186	2.51859	2.59561	2.29345	4.22347	2.29345	2.35699	2.27186	4.12958	4.12958	1.7109	1.67203	2.05152	3.587	1.53893	1.67203	1.7109	1.7861	3.32648	3.24168	1.84939	1.63228	3.03814	2.17591	2.02743	2.24284	2.29352	3.08105	2.69495	2.76111	3.62342	3.62342	2.76111	2.98926	2.98926	2.98926	4.40523	3.28195	3.28195	4.65379	4.52582	2.90013	3.08105	3.26693	3.4427	5.44097	3.28192	3.08105	5.14911	3.26691	3.28192	5.50925	3.28192	3.28192	5.04045	2.90013	3.10224	4.94254	2.90577	3.10224	2.95055	2.38472	4.13355	3.88903	2.18343	2.56384	4.21187	2.24278	2.29345	2.29345	1.84939	3.73016	3.73016	1.84939	2.29345	3.73016	1.84939	2.29345	2.29345	1.84939	3.24168	3.5733	2.02737	1.62214	3.11799	1.62214	1.96147	1.92767	1.53893	3.587	2.05152	1.53893	3.587
0.51304	1.53879	3.07537	3.07537	1.53879	2.56356	4.60753	2.05134	2.56356	2.56356	2.56356	5.62544	3.07537	2.56356	5.62544	5.62544	2.56356	3.07537	3.07537	3.07537	6.63981	3.58668	3.07537	6.13311	5.62544	2.56356	3.07537	3.07537	2.56356	5.62544	3.07537	2.56356	5.11689	2.56356	2.56356	4.60753	3.07537	1.026	1.026	1.026	0	1.026	1.026	1.026	1.026	5.11689	5.11689	3.58668	3.58668	3.07537	6.13311	3.07537	3.58668	3.58668	3.07537	5.62544	5.11689	2.56356	2.56356	4.60753	2.05134	2.56356	2.56356	2.05134	5.11689	3.07537	2.56356	5.11689	5.11689	2.56356	2.56356	2.56356	1.53879	2.56356	1.026	1.026	1.026	1.026	1.026	0.51304	0.51304	0.51304	1.026	0.51304	0.51304	0.51304	1.026	2.05134	2.05134	1.026	1.026	2.56356	1.53879	1.026	1.026	1.53879	3.07537	1.53879	1.53879	3.07537	3.07537	1.53879	2.05134	2.05134	2.05134	4.09743	2.05134	2.05134	4.60753	5.11689	2.56356	2.05134	2.05134	2.56356	5.11689	2.56356	2.56356	5.11689	5.11689	2.56356	2.56356	2.56356	2.56356	5.62544	3.07537	2.56356	5.11689	2.56356	2.56356	4.60753	2.05134	2.56356	4.60753	2.05134	2.05134	4.09743	2.05134	2.05134	2.05134	2.05134	4.09743	4.09743	2.05134	2.05134	3.58668	1.53879	2.05134	2.05134	2.05134	4.09743	4.09743	2.05134	2.05134	4.09743	2.05134	1.53879	1.53879	2.05134	4.09743	2.05134	2.05134	4.09743	4.09743	2.05134	2.56356	2.56356	2.05134	4.09743	2.05134	2.05134	2.05134	4.09743	4.09743	1.53879	1.53879	2.05134	3.58668	1.53879	1.53879	1.53879	1.53879	3.07537	3.07537	1.53879	1.026	2.56356	1.53879	1.026	1.026	1.026	2.05134	1.026	1.026	2.56356	2.56356	1.026	1.53879	1.53879	1.53879	3.58668	2.05134	2.05134	4.09743	4.09743	2.05134	2.05134	2.05134	2.56356	5.11689	2.56356	2.05134	4.60753	2.56356	2.56356	5.11689	2.56356	2.56356	4.60753	2.05134	2.56356	4.60753	2.05134	2.56356	2.56356	2.05134	4.09743	3.58668	1.53879	2.05134	4.09743	2.05134	2.05134	2.05134	1.53879	3.58668	3.58668	1.53879	2.05134	3.58668	1.53879	2.05134	2.05134	1.53879	3.07537	3.58668	2.05134	1.53879	3.07537	1.53879	2.05134	2.05134	1.53879	3.58668	2.05134	1.53879	3.58668
0.512994	1.53865	3.07509	3.07509	1.53865	2.56333	4.60711	2.05115	2.56333	2.56333	2.56333	5.62494	3.07509	2.56333	5.62494	5.62494	2.56333	3.07509	3.07509	3.07509	6.63922	3.58636	3.07509	6.13257	5.62494	2.56333	3.07509	3.07509	2.56333	5.62494	3.07509	2.56333	5.11643	2.56333	2.56333	4.60711	3.07509	1.02591	1.02591	1.02591	0	1.02591	1.02591	1.02591	1.02591	5.11643	5.11643	3.58636	3.58636	3.07509	6.13257	3.07509	3.58636	3.58636	3.07509	5.62494	5.11643	2.56333	2.56333	4.60711	2.05115	2.56333	2.56333	2.05115	5.11643	3.07509	2.56333	5.11643	5.11643	2.56333	2.56333	2.56333	1.53865	2.56333	1.02591	1.02591	1.02591	1.02591	1.02591	0.512994	0.512994	0.512994	1.02591	0.512994	0.512994	0.512994	1.02591	2.05115	2.05115	1.02591	1.02591	2.56333	1.53865	1.02591	1.02591	1.53865	3.07509	1.53865	1.53865	3.07509	3.07509	1.53865	2.05115	2.05115	2.05115	4.09706	2.05115	2.05115	4.60711	5.11643	2.56333	2.05115	2.05115	2.56333	5.11643	2.56333	2.56333	5.11643	5.11643	2.56333	2.56333	2.56333	2.56333	5.62494	3.07509	2.56333	5.11643	2.56333	2.56333	4.60711	2.05115	2.56333	4.60711	2.05115	2.05115	4.09706	2.05115	2.05115	2.05115	2.05115	4.09706	4.09706	2.05115	2.05115	3.58636	1.53865	2.05115	2.05115	2.05115	4.09706	4.09706	2.05115	2.05115	4.09706	2.05115	1.53865	1.53865	2.05115	4.09706	2.05115	2.05115	4.09706	4.09706	2.05115	2.56333	2.56333	2.05115	4.09706	2.05115	2.05115	2.05115	4.09706	4.09706	1.53865	1.53865	2.05115	3.58636	1.53865	1.53865	1.53865	1.53865	3.07509	3.07509	1.53865	1.02591	2.56333	1.53865	1.02591	1.02591	1.02591	2.05115	1.02591	1.02591	2.56333	2.56333	1.02591	1.53865	1.53865	1.53865	3.58636	2.05115	2.05115	4.09706	4.09706	2.05115	2.05115	2.05115	2.56333	5.11643	2.56333	2.05115	4.60711	2.56333	2.56333	5.11643	2.56333	2.56333	4.60711	2.05115	2.56333	4.60711	2.05115	2.56333	2.56333	2.05115	4.09706	3.58636	1.53865	2.05115	4.09706	2.05115	2.05115	2.05115	1.53865	3.58636	3.58636	1.53865	2.05115	3.58636	1.53865	2.05115	2.05115	1.53865	3.07509	3.58636	2.05115	1.53865	3.07509	1.53865	2.05115	2.05115	1.53865	3.58636	2.05115	1.53865	3.58636
0.512939	1.53849	3.07476	3.07476	1.53849	2.56305	4.60662	2.05093	2.56305	2.56305	2.56305	5.62434	3.07476	2.56305	5.62434	5.62434	2.56305	3.07476	3.07476	3.07476	6.63852	3.58598	3.07476	6.13191	5.62434	2.56305	3.07476	3.07476	2.56305	5.62434	3.07476	2.56305	5.11589	2.56305	2.56305	4.60662	3.07476	1.0258	1.0258	1.0258	0	1.0258	1.0258	1.0258	1.0258	5.11589	5.11589	3.58598	3.58598	3.07476	6.13191	3.07476	3.58598	3.58598	3.07476	5.62434	5.11589	2.56305	2.56305	4.60662	2.05093	2.56305	2.56305	2.05093	5.11589	3.07476	2.56305	5.11589	5.11589	2.56305	2.56305	2.56305	1.53849	2.56305	1.0258	1.0258	1.0258	1.0258	1.0258	0.512939	0.512939	0.512939	1.0258	0.512939	0.512939	0.512939	1.0258	2.05093	2.05093	1.0258	1.0258	2.56305	1.53849	1.0258	1.0258	1.53849	3.07476	1.53849	1.53849	3.07476	3.07476	1.53849	2.05093	2.05093	2.05093	4.09663	2.05093	2.05093	4.60662	5.11589	2.56305	2.05093	2.05093	2.56305	5.11589	2.56305	2.56305	5.11589	5.11589	2.56305	2.56305	2.56305	2.56305	5.62434	3.07476	2.56305	5.11589	2.56305	2.56305	4.60662	2.05093	2.56305	4.60662	2.05093	2.05093	4.09663	2.05093	2.05093	2.05093	2.05093	4.09663	4.09663	2.05093	2.05093	3.58598	1.53849	2.05093	2.05093	2.05093	4.09663	4.09663	2.05093	2.05093	4.09663	2.05093	1.53849	1.53849	2.05093	4.09663	2.05093	2.05093	4.09663	4.09663	2.05093	2.56305	2.56305	2.05093	4.09663	2.05093	2.05093	2.05093	4.09663	4.09663	1.53849	1.53849	2.05093	3.58598	1.53849	1.53849	1.53849	1.53849	3.07476	3.07476	1.53849	1.0258	2.56305	1.53849	1.0258	1.0258	1.0258	2.05093	1.0258	1.0258	2.56305	2.56305	1.0258	1.53849	1.53849	1.53849	3.58598	2.05093	2.05093	4.09663	4.09663	2.05093	2.05093	2.05093	2.56305	5.11589	2.56305	2.05093	4.60662	2.56305	2.56305	5.11589	2.56305	2.56305	4.60662	2.05093	2.56305	4.60662	2.05093	2.56305	2.56305	2.05093	4.09663	3.58598	1.53849	2.05093	4.09663	2.05093	2.05093	2.05093	1.53849	3.58598	3.58598	1.53849	2.05093	3.58598	1.53849	2.05093	2.05093	1.53849	3.07476	3.58598	2.05093	1.53849	3.07476	1.53849	2.05093	2.05093	1.53849	3.58598	2.05093	1.53849	3.58598
5.56902	5.33965	5.91917	5.64995	4.2375	4.43688	5.98714	4.30247	4.40366	4.40366	4.37764	6.57198	4.34393	3.99955	6.40003	6.51021	3.64006	3.69356	3.69356	3.69356	6.94215	4.12808	3.69356	6.46033	6.05966	3.16379	3.38381	3.51662	3.28068	5.90802	3.81978	3.62206	5.6613	3.81982	3.99955	5.4984	4.53861	3.72893	3.72893	3.72893	3.46047	3.32538	3.2406	3.2406	3.2406	5.61236	5.37584	3.78104	3.56739	3.24046	6.07032	3.01532	3.47915	3.46028	2.94939	5.3939	4.96695	2.81293	2.98806	4.85424	2.56287	2.94944	3.10107	2.90468	5.49832	3.43659	2.98806	5.42695	5.27201	2.81293	2.98806	2.98806	2.17509	2.98806	1.84874	1.89263	2.12165	2.24199	2.02667	1.54906	1.31999	1.14679	1.46172	0.906648	0.72534	0.72534	1.14675	2.21244	2.18257	1.0257	1.0257	2.56282	1.53835	1.0257	1.0257	1.53835	3.20488	1.71025	1.62153	3.26562	3.48386	2.18261	2.56287	2.56287	2.74213	4.80706	3.26571	3.46039	5.56881	5.95996	3.99955	4.04828	4.47714	4.82748	6.54	4.82748	4.82748	6.54	6.54	4.82748	4.82748	4.82748	4.82748	6.76572	4.73546	4.40366	6.05974	4.01993	3.99955	5.53078	3.69363	3.81982	5.21937	3.28072	3.28072	4.82737	3.28072	3.28072	3.28072	3.10111	4.52413	4.57786	2.89904	2.71813	4.00762	2.54363	2.89904	2.89904	2.71813	4.30233	4.37379	2.56287	2.38382	4.132	2.29259	2.20505	2.53717	3.07989	4.87102	3.28072	3.28072	4.65205	4.52413	2.89904	3.10107	2.94944	2.74213	4.63799	2.89904	2.71813	2.54361	4.37379	4.37379	2.17509	2.17509	2.38382	3.64449	1.8487	1.8487	1.8487	1.8487	3.07982	2.86485	1.41602	1.0257	2.43821	1.4617	1.14675	1.14675	1.10293	2.12158	1.45045	1.45045	2.69385	2.86488	1.63166	1.8487	1.8487	1.82187	3.73315	2.56287	2.56287	4.37379	4.37379	2.56287	2.59466	2.465	2.69385	5.1818	2.98806	2.59466	4.77984	2.81293	2.98806	5.33942	2.98806	2.98806	4.93738	2.465	2.69385	4.77984	2.465	2.69385	2.81293	2.56287	4.37379	3.97075	2.02663	2.29259	4.22189	2.29259	2.29259	2.29259	1.89258	3.66685	3.66685	1.78543	2.11382	3.62197	1.62153	2.11382	2.11382	1.62153	3.22526	3.59477	1.96073	1.71025	3.20488	1.53835	2.05075	2.05075	1.53835	3.58566	2.05075	1.53835	3.58566
5.7407	5.33918	6.05931	6.14419	4.47674	4.30208	5.98661	4.43648	4.40326	4.40326	4.5382	6.79364	4.34354	3.99919	6.39946	6.96937	4.04784	3.69323	3.69323	3.69323	6.94153	4.12771	3.69323	6.45976	6.30009	3.38351	3.16351	3.30524	3.28039	5.67223	3.62624	3.62174	5.43848	3.66218	3.99919	5.29316	4.37725	3.7286	3.7286	3.7286	3.47902	3.26549	3.24031	3.24031	3.24031	5.17826	4.92046	3.33971	3.09547	3.24018	5.81899	2.76564	3.22497	3.2046	2.69358	4.88721	4.46929	2.59443	2.9878	4.85381	2.56264	2.74188	2.90442	3.10079	5.74044	3.43629	2.9878	5.67221	5.27154	2.59443	2.9878	2.9878	2.1749	2.9878	1.84857	1.78534	2.02651	2.38365	2.18244	1.67131	1.46161	1.14669	1.67127	1.10283	0.725275	0.725275	1.14665	2.46475	2.43799	1.02561	1.02561	2.56259	1.53821	1.02561	1.02561	1.53821	3.45997	1.96055	1.62138	3.51625	3.9745	2.38361	2.56264	2.56264	2.94918	5.27157	3.4411	3.62626	5.78553	5.95943	3.99919	4.35856	4.75907	4.82705	6.53942	4.82705	4.82705	6.53942	6.53942	4.82705	4.82705	4.82705	4.82705	6.5616	4.58112	4.40326	5.85243	3.8705	3.99919	5.53029	3.69331	3.66218	5.00249	3.28043	3.28043	4.82694	3.28043	3.28043	3.28043	2.94924	4.30197	4.57745	2.89878	2.54341	4.00727	2.71789	2.89878	2.89878	2.54341	4.06793	4.3734	2.56264	2.18242	3.88723	2.29238	2.63828	2.92128	3.2654	5.09273	3.28043	3.28043	4.43639	4.30197	2.89878	2.90442	2.74188	2.94918	4.87056	2.89878	2.54341	2.35594	4.3734	4.3734	2.1749	2.1749	2.18242	3.40278	1.84853	1.84853	1.84853	1.84853	2.83586	2.36284	1.16088	1.02561	2.18237	1.21618	1.14665	1.14665	0.906567	1.89241	1.45032	1.45032	2.46478	2.86462	1.82171	1.84853	1.84853	1.63152	3.49762	2.56264	2.56264	4.3734	4.3734	2.56264	2.81268	2.69361	2.46478	4.93694	2.9878	2.81268	4.77942	2.59443	2.9878	5.33894	2.9878	2.9878	5.18133	2.69361	2.46478	4.77942	2.69361	2.46478	2.59443	2.56264	4.3734	4.20991	2.24174	2.29238	4.22152	2.29238	2.29238	2.29238	2.12139	3.66652	3.66652	2.02643	2.11363	3.62165	1.62138	2.11363	2.11363	1.62138	3.47883	3.59445	1.7101	1.96055	3.45997	1.53821	2.05057	2.05057	1.53821	3.58534	2.05057	1.53821	3.58534
2.05035	1.53805	3.58495	4.60531	2.56232	2.05035	4.60531	2.56232	2.56232	2.56232	3.07388	6.13017	3.07388	2.56232	5.62274	6.63663	3.58495	3.07388	3.07388	3.07388	6.63663	3.58495	3.07388	6.13017	6.13017	3.07388	2.56232	2.56232	2.56232	5.11443	2.56232	2.56232	4.60531	2.05035	2.56232	4.09546	2.56232	1.0255	1.0255	1.0255	0.512792	0.512792	1.0255	1.0255	1.0255	4.09546	4.09546	2.56232	2.56232	3.07388	5.62274	2.56232	3.07388	3.07388	2.56232	4.60531	4.09546	2.05035	2.56232	4.60531	2.05035	2.05035	2.05035	2.56232	5.62274	3.07388	2.56232	5.62274	5.11443	2.05035	2.56232	2.56232	1.53805	2.56232	1.0255	0.512792	0.512792	1.53805	1.53805	1.0255	1.0255	0.512792	1.53805	1.0255	0.512792	0.512792	1.0255	2.56232	2.56232	1.0255	1.0255	2.56232	1.53805	1.0255	1.0255	1.53805	3.58495	2.05035	1.53805	3.58495	4.09546	2.05035	2.05035	2.05035	2.56232	5.11443	2.56232	2.56232	5.11443	5.11443	2.56232	3.07388	3.07388	2.56232	5.11443	2.56232	2.56232	5.11443	5.11443	2.56232	2.56232	2.56232	2.56232	5.11443	2.56232	2.56232	4.60531	2.05035	2.56232	4.60531	2.05035	2.05035	4.09546	2.05035	2.05035	4.09546	2.05035	2.05035	2.05035	1.53805	3.58495	4.09546	2.05035	1.53805	3.58495	2.05035	2.05035	2.05035	1.53805	3.58495	4.09546	2.05035	1.53805	3.58495	2.05035	2.56232	2.56232	2.56232	4.60531	2.05035	2.05035	3.58495	3.58495	2.05035	2.05035	2.05035	2.56232	4.60531	2.05035	1.53805	1.53805	4.09546	4.09546	1.53805	1.53805	1.53805	3.07388	1.53805	1.53805	1.53805	1.53805	2.56232	2.05035	1.0255	1.0255	2.05035	1.0255	1.0255	1.0255	0.512792	1.53805	1.0255	1.0255	2.05035	2.56232	1.53805	1.53805	1.53805	1.0255	3.07388	2.05035	2.05035	4.09546	4.09546	2.05035	2.56232	2.56232	2.05035	4.60531	2.56232	2.56232	4.60531	2.05035	2.56232	5.11443	2.56232	2.56232	5.11443	2.56232	2.05035	4.60531	2.56232	2.05035	2.05035	2.05035	4.09546	4.09546	2.05035	2.05035	4.09546	2.05035	2.05035	2.05035	2.05035	3.58495	3.58495	2.05035	2.05035	3.58495	1.53805	2.05035	2.05035	1.53805	3.58495	3.58495	1.53805	2.05035	3.58495	1.53805	2.05035	2.05035	1.53805	3.58495	2.05035	1.53805	3.58495
2.05016	1.53791	3.58463	4.6049	2.56209	2.05016	4.6049	2.56209	2.56209	2.56209	3.07361	6.12963	3.07361	2.56209	5.62224	6.63604	3.58463	3.07361	3.07361	3.07361	6.63604	3.58463	3.07361	6.12963	6.12963	3.07361	2.56209	2.56209	2.56209	5.11397	2.56209	2.56209	4.6049	2.05016	2.56209	4.09509	2.56209	1.02541	1.02541	1.02541	0.512746	0.512746	1.02541	1.02541	1.02541	4.09509	4.09509	2.56209	2.56209	3.07361	5.62224	2.56209	3.07361	3.07361	2.56209	4.6049	4.09509	2.05016	2.56209	4.6049	2.05016	2.05016	2.05016	2.56209	5.62224	3.07361	2.56209	5.62224	5.11397	2.05016	2.56209	2.56209	1.53791	2.56209	1.02541	0.512746	0.512746	1.53791	1.53791	1.02541	1.02541	0.512746	1.53791	1.02541	0.512746	0.512746	1.02541	2.56209	2.56209	1.02541	1.02541	2.56209	1.53791	1.02541	1.02541	1.53791	3.58463	2.05016	1.53791	3.58463	4.09509	2.05016	2.05016	2.05016	2.56209	5.11397	2.56209	2.56209	5.11397	5.11397	2.56209	3.07361	3.07361	2.56209	5.11397	2.56209	2.56209	5.11397	5.11397	2.56209	2.56209	2.56209	2.56209	5.11397	2.56209	2.56209	4.6049	2.05016	2.56209	4.6049	2.05016	2.05016	4.09509	2.05016	2.05016	4.09509	2.05016	2.05016	2.05016	1.53791	3.58463	4.09509	2.05016	1.53791	3.58463	2.05016	2.05016	2.05016	1.53791	3.58463	4.09509	2.05016	1.53791	3.58463	2.05016	2.56209	2.56209	2.56209	4.6049	2.05016	2.05016	3.58463	3.58463	2.05016	2.05016	2.05016	2.56209	4.6049	2.05016	1.53791	1.53791	4.09509	4.09509	1.53791	1.53791	1.53791	3.07361	1.53791	1.53791	1.53791	1.53791	2.56209	2.05016	1.02541	1.02541	2.05016	1.02541	1.02541	1.02541	0.512746	1.53791	1.02541	1.02541	2.05016	2.56209	1.53791	1.53791	1.53791	1.02541	3.07361	2.05016	2.05016	4.09509	4.09509	2.05016	2.56209	2.56209	2.05016	4.6049	2.56209	2.56209	4.6049	2.05016	2.56209	5.11397	2.56209	2.56209	5.11397	2.56209	2.05016	4.6049	2.56209	2.05016	2.05016	2.05016	4.09509	4.09509	2.05016	2.05016	4.09509	2.05016	2.05016	2.05016	2.05016	3.58463	3.58463	2.05016	2.05016	3.58463	1.53791	2.05016	2.05016	1.53791	3.58463	3.58463	1.53791	2.05016	3.58463	1.53791	2.05016	2.05016	1.53791	3.58463	2.05016	1.53791	3.58463
2.04998	1.53777	3.58431	4.60449	2.56186	2.04998	4.60449	2.56186	2.56186	2.56186	3.07333	6.12908	3.07333	2.56186	5.62174	6.63546	3.58431	3.07333	3.07333	3.07333	6.63546	3.58431	3.07333	6.12908	6.12908	3.07333	2.56186	2.56186	2.56186	5.11352	2.56186	2.56186	4.60449	2.04998	2.56186	4.09473	2.56186	1.02532	1.02532	1.02532	0.5127	0.5127	1.02532	1.02532	1.02532	4.09473	4.09473	2.56186	2.56186	3.07333	5.62174	2.56186	3.07333	3.07333	2.56186	4.60449	4.09473	2.04998	2.56186	4.60449	2.04998	2.04998	2.04998	2.56186	5.62174	3.07333	2.56186	5.62174	5.11352	2.04998	2.56186	2.56186	1.53777	2.56186	1.02532	0.5127	0.5127	1.53777	1.53777	1.02532	1.02532	0.5127	1.53777	1.02532	0.5127	0.5127	1.02532	2.56186	2.56186	1.02532	1.02532	2.56186	1.53777	1.02532	1.02532	1.53777	3.58431	2.04998	1.53777	3.58431	4.09473	2.04998	2.04998	2.04998	2.56186	5.11352	2.56186	2.56186	5.11352	5.11352	2.56186	3.07333	3.07333	2.56186	5.11352	2.56186	2.56186	5.11352	5.11352	2.56186	2.56186	2.56186	2.56186	5.11352	2.56186	2.56186	4.60449	2.04998	2.56186	4.60449	2.04998	2.04998	4.09473	2.04998	2.04998	4.09473	2.04998	2.04998	2.04998	1.53777	3.58431	4.09473	2.04998	1.53777	3.58431	2.04998	2.04998	2.04998	1.53777	3.58431	4.09473	2.04998	1.53777	3.58431	2.04998	2.56186	2.56186	2.56186	4.60449	2.04998	2.04998	3.58431	3.58431	2.04998	2.04998	2.04998	2.56186	4.60449	2.04998	1.53777	1.53777	4.09473	4.09473	1.53777	1.53777	1.53777	3.07333	1.53777	1.53777	1.53777	1.53777	2.56186	2.04998	1.02532	1.02532	2.04998	1.02532	1.02532	1.02532	0.5127	1.53777	1.02532	1.02532	2.04998	2.56186	1.53777	1.53777	1.53777	1.02532	3.07333	2.04998	2.04998	4.09473	4.09473	2.04998	2.56186	2.56186	2.04998	4.60449	2.56186	2.56186	4.60449	2.04998	2.56186	5.11352	2.56186	2.56186	5.11352	2.56186	2.04998	4.60449	2.56186	2.04998	2.04998	2.04998	4.09473	4.09473	2.04998	2.04998	4.09473	2.04998	2.04998	2.04998	2.04998	3.58431	3.58431	2.04998	2.04998	3.58431	1.53777	2.04998	2.04998	1.53777	3.58431	3.58431	1.53777	2.04998	3.58431	1.53777	2.04998	2.04998	1.53777	3.58431	2.04998	1.53777	3.58431
4.12626	3.83515	4.89542	5.52816	3.99766	3.66078	5.43637	3.62035	3.62485	3.45871	3.6918	6.45725	3.6918	3.27913	5.97877	6.85709	4.22381	3.99761	3.99761	4.01796	7.01731	4.22381	3.99761	6.56883	6.67605	4.34188	3.99766	3.99766	3.99766	5.95713	3.99766	3.99766	5.52816	3.6919	3.99766	5.1131	3.99766	3.23909	3.23909	3.23909	3.11553	2.9703	2.83491	2.75879	2.75879	4.4749	4.23533	2.98664	2.98664	3.09427	5.2787	2.43703	2.94797	2.9701	2.51643	4.56493	4.13002	2.38269	2.94804	4.86867	2.89767	2.9033	2.74082	2.98664	5.73821	3.51494	3.27913	5.9052	5.60387	3.07843	3.27913	3.27913	2.5617	3.30396	2.02572	1.49438	1.08742	1.62075	1.62075	1.10241	1.2686	1.10243	1.78457	1.1462	0.747294	0.653488	1.16042	2.57435	2.43703	1.02521	1.16042	2.71675	1.62075	1.31933	1.46103	2.02566	3.80504	2.24087	2.02566	4.13398	4.63578	2.89767	3.07843	3.26417	3.62035	5.88325	3.98538	3.99766	5.95713	6.13118	4.37558	4.53647	4.34565	4.17729	6.26686	4.40159	4.40159	6.23324	6.23324	4.40159	4.40159	4.40159	4.40159	6.05686	4.01804	3.99766	5.52816	3.6919	3.81802	5.21689	3.27918	3.27918	4.82507	3.27918	3.27918	4.82507	3.27918	3.09965	2.90332	2.74088	4.2584	4.52197	2.89767	2.74088	4.2584	2.90332	2.89767	2.89767	2.74088	4.43467	4.64984	2.90332	2.74088	4.43467	3.27918	3.43978	3.26414	3.0996	4.77416	2.56165	2.56165	4.06635	4.17718	2.89767	2.89767	2.89767	3.0996	4.77416	2.56165	2.35504	2.54243	4.40514	4.30027	2.17406	2.17406	2.17406	3.43495	2.17406	2.17406	2.17406	1.99304	2.69256	2.29149	1.44976	1.2686	2.02563	1.1462	1.1462	1.1462	0.724996	1.62075	1.1462	1.1462	2.1128	2.61225	1.62075	1.46099	1.41534	1.16042	3.08364	1.92601	2.04976	4.09429	4.09429	2.04976	2.56159	2.56159	2.04976	4.47845	2.46378	2.61225	4.63221	2.1128	2.61225	5.13834	2.61225	2.51643	5.06507	2.75865	2.29149	4.71582	2.75865	2.29149	2.29149	2.29149	4.21986	4.21986	2.29149	2.29149	4.21986	2.29149	2.29149	2.29149	2.29149	3.81788	3.76619	2.1128	2.02563	3.66508	1.78457	2.1128	2.1128	1.70943	3.71378	3.58393	1.53761	2.04976	3.71378	1.70943	1.95978	1.92601	1.67059	3.73133	2.1128	1.62075	3.62023
4.12584	3.95214	5.09033	5.52764	3.99726	3.81764	5.65808	3.61999	3.8176	3.66035	3.69145	6.45666	3.69145	3.27881	5.97823	6.61716	4.01758	3.99723	3.99723	4.22341	7.01667	4.01758	3.99723	6.33802	6.44919	4.34145	3.99726	3.99726	3.99726	5.95658	3.99726	3.99726	5.52764	3.69153	3.99726	5.11262	3.99726	3.23875	3.23875	3.23875	3.11519	2.94786	2.76444	2.7585	2.7585	4.04589	3.77888	2.98636	2.98636	2.63701	4.5215	2.18132	2.69228	2.71651	2.2697	4.31499	3.88536	2.18137	2.74056	4.63535	2.89738	3.0993	2.94776	2.98636	5.4952	3.30364	3.27881	5.66951	5.60336	3.26382	3.27881	3.27881	2.56145	3.51461	2.18138	1.81181	1.49419	1.6206	1.6206	0.906129	1.10232	1.26848	2.02545	1.1461	0.9759	0.906106	1.41521	2.57412	2.18132	1.02512	1.41521	2.96983	1.6206	1.54812	1.67047	2.24066	3.80469	2.02547	2.24066	4.61068	4.86822	2.89738	3.26382	3.43944	3.61999	6.10944	4.16121	3.99726	5.95658	6.34824	4.53602	4.37514	4.17688	4.34522	6.47919	4.40114	4.40114	6.23265	6.23265	4.40114	4.40114	4.40114	4.40114	5.84962	3.86864	3.99726	5.52764	3.69153	3.66041	5.00009	3.27885	3.27885	4.82462	3.27885	3.27885	4.82462	3.27885	2.94781	2.7406	2.90304	4.258	4.2999	2.89738	2.90304	4.258	2.7406	2.89738	2.89738	2.90304	4.6494	4.43425	2.7406	2.90304	4.6494	3.27885	3.26384	3.07813	2.90302	4.53591	2.56141	2.56141	4.29988	4.40473	2.89738	2.89738	2.89738	2.90302	4.53591	2.56141	2.54216	2.71658	4.17679	4.06597	2.17385	2.17385	2.17385	3.43463	2.17385	2.17385	2.17385	1.82085	2.46359	2.29128	1.44962	1.10232	1.7844	1.1461	1.1461	1.1461	0.724925	1.6206	1.1461	1.1461	2.11261	2.61202	1.6206	1.21559	1.16032	1.41521	3.08336	1.67044	2.04958	4.09392	4.09392	2.04958	2.56136	2.56136	2.04958	4.22333	2.21117	2.61202	4.63179	2.11261	2.61202	5.13788	2.61202	2.2697	4.81443	2.75839	2.29128	4.7154	2.75839	2.29128	2.29128	2.29128	4.21948	4.21948	2.29128	2.29128	4.21948	2.29128	2.29128	2.29128	2.29128	4.06595	4.0175	2.11261	1.7844	3.66475	2.02545	2.11261	2.11261	1.95961	3.96846	3.58361	1.53747	2.04958	3.96846	1.95961	1.70927	1.67044	1.92584	3.98487	2.11261	1.6206	3.6199
2.04939	2.04939	4.09356	4.60317	2.56113	2.56113	5.11206	2.56113	3.07245	3.07245	3.07245	6.12734	3.07245	2.56113	5.62014	6.12734	3.07245	3.07245	3.07245	3.58329	6.63357	3.07245	3.07245	5.62014	5.62014	3.07245	2.56113	2.56113	2.56113	5.11206	2.56113	2.56113	4.60317	2.04939	2.56113	4.09356	2.56113	1.02502	1.02502	1.02502	0.512553	0	0.512553	1.02502	1.02502	3.07245	3.07245	2.56113	2.56113	2.04939	4.09356	2.04939	2.56113	2.56113	2.04939	4.09356	3.58329	1.53733	2.04939	4.09356	2.04939	2.56113	2.56113	2.56113	5.11206	2.56113	2.56113	5.11206	5.11206	2.56113	2.56113	2.56113	1.53733	3.07245	1.53733	1.53733	1.53733	1.53733	1.53733	0.512553	0.512553	1.02502	2.04939	1.02502	1.02502	1.02502	1.53733	2.56113	2.04939	1.02502	1.53733	3.07245	1.53733	1.53733	1.53733	2.04939	3.58329	1.53733	2.04939	4.60317	4.60317	2.04939	2.56113	2.56113	2.56113	5.62014	3.07245	2.56113	5.11206	5.62014	3.07245	2.56113	2.56113	3.07245	5.62014	2.56113	2.56113	5.11206	5.11206	2.56113	2.56113	2.56113	2.56113	4.60317	2.04939	2.56113	4.60317	2.04939	2.04939	4.09356	2.04939	2.04939	4.09356	2.04939	2.04939	4.09356	2.04939	1.53733	1.53733	2.04939	3.58329	3.58329	2.04939	2.04939	3.58329	1.53733	2.04939	2.04939	2.04939	4.09356	3.58329	1.53733	2.04939	4.09356	2.04939	2.04939	2.04939	2.04939	4.09356	2.04939	2.04939	4.09356	4.09356	2.04939	2.04939	2.04939	2.04939	4.09356	2.04939	2.04939	2.04939	3.58329	3.58329	1.53733	1.53733	1.53733	3.07245	1.53733	1.53733	1.53733	1.02502	2.04939	2.04939	1.02502	0.512553	1.53733	1.02502	1.02502	1.02502	0.512553	1.53733	1.02502	1.02502	2.04939	2.56113	1.53733	1.02502	1.02502	1.53733	3.07245	1.53733	2.04939	4.09356	4.09356	2.04939	2.56113	2.56113	2.04939	4.09356	2.04939	2.56113	4.60317	2.04939	2.56113	5.11206	2.56113	2.04939	4.60317	2.56113	2.04939	4.60317	2.56113	2.04939	2.04939	2.04939	4.09356	4.09356	2.04939	2.04939	4.09356	2.04939	2.04939	2.04939	2.04939	4.09356	4.09356	2.04939	1.53733	3.58329	2.04939	2.04939	2.04939	2.04939	4.09356	3.58329	1.53733	2.04939	4.09356	2.04939	1.53733	1.53733	2.04939	4.09356	2.04939	1.53733	3.58329
2.04917	2.04917	4.09312	4.60268	2.56085	2.56085	5.11152	2.56085	3.07213	3.07213	3.07213	6.12669	3.07213	2.56085	5.61954	6.12669	3.07213	3.07213	3.07213	3.58291	6.63287	3.07213	3.07213	5.61954	5.61954	3.07213	2.56085	2.56085	2.56085	5.11152	2.56085	2.56085	4.60268	2.04917	2.56085	4.09312	2.56085	1.02491	1.02491	1.02491	0.512498	0	0.512498	1.02491	1.02491	3.07213	3.07213	2.56085	2.56085	2.04917	4.09312	2.04917	2.56085	2.56085	2.04917	4.09312	3.58291	1.53717	2.04917	4.09312	2.04917	2.56085	2.56085	2.56085	5.11152	2.56085	2.56085	5.11152	5.11152	2.56085	2.56085	2.56085	1.53717	3.07213	1.53717	1.53717	1.53717	1.53717	1.53717	0.512498	0.512498	1.02491	2.04917	1.02491	1.02491	1.02491	1.53717	2.56085	2.04917	1.02491	1.53717	3.07213	1.53717	1.53717	1.53717	2.04917	3.58291	1.53717	2.04917	4.60268	4.60268	2.04917	2.56085	2.56085	2.56085	5.61954	3.07213	2.56085	5.11152	5.61954	3.07213	2.56085	2.56085	3.07213	5.61954	2.56085	2.56085	5.11152	5.11152	2.56085	2.56085	2.56085	2.56085	4.60268	2.04917	2.56085	4.60268	2.04917	2.04917	4.09312	2.04917	2.04917	4.09312	2.04917	2.04917	4.09312	2.04917	1.53717	1.53717	2.04917	3.58291	3.58291	2.04917	2.04917	3.58291	1.53717	2.04917	2.04917	2.04917	4.09312	3.58291	1.53717	2.04917	4.09312	2.04917	2.04917	2.04917	2.04917	4.09312	2.04917	2.04917	4.09312	4.09312	2.04917	2.04917	2.04917	2.04917	4.09312	2.04917	2.04917	2.04917	3.58291	3.58291	1.53717	1.53717	1.53717	3.07213	1.53717	1.53717	1.53717	1.02491	2.04917	2.04917	1.02491	0.512498	1.53717	1.02491	1.02491	1.02491	0.512498	1.53717	1.02491	1.02491	2.04917	2.56085	1.53717	1.02491	1.02491	1.53717	3.07213	1.53717	2.04917	4.09312	4.09312	2.04917	2.56085	2.56085	2.04917	4.09312	2.04917	2.56085	4.60268	2.04917	2.56085	5.11152	2.56085	2.04917	4.60268	2.56085	2.04917	4.60268	2.56085	2.04917	2.04917	2.04917	4.09312	4.09312	2.04917	2.04917	4.09312	2.04917	2.04917	2.04917	2.04917	4.09312	4.09312	2.04917	1.53717	3.58291	2.04917	2.04917	2.04917	2.04917	4.09312	3.58291	1.53717	2.04917	4.09312	2.04917	1.53717	1.53717	2.04917	4.09312	2.04917	1.53717	3.58291
2.04899	2.04899	4.09275	4.60227	2.56063	2.56063	5.11106	2.56063	3.07185	3.07185	3.07185	6.12614	3.07185	2.56063	5.61905	6.12614	3.07185	3.07185	3.07185	3.58259	6.63228	3.07185	3.07185	5.61905	5.61905	3.07185	2.56063	2.56063	2.56063	5.11106	2.56063	2.56063	4.60227	2.04899	2.56063	4.09275	2.56063	1.02482	1.02482	1.02482	0.512453	0	0.512453	1.02482	1.02482	3.07185	3.07185	2.56063	2.56063	2.04899	4.09275	2.04899	2.56063	2.56063	2.04899	4.09275	3.58259	1.53703	2.04899	4.09275	2.04899	2.56063	2.56063	2.56063	5.11106	2.56063	2.56063	5.11106	5.11106	2.56063	2.56063	2.56063	1.53703	3.07185	1.53703	1.53703	1.53703	1.53703	1.53703	0.512453	0.512453	1.02482	2.04899	1.02482	1.02482	1.02482	1.53703	2.56063	2.04899	1.02482	1.53703	3.07185	1.53703	1.53703	1.53703	2.04899	3.58259	1.53703	2.04899	4.60227	4.60227	2.04899	2.56063	2.56063	2.56063	5.61905	3.07185	2.56063	5.11106	5.61905	3.07185	2.56063	2.56063	3.07185	5.61905	2.56063	2.56063	5.11106	5.11106	2.56063	2.56063	2.56063	2.56063	4.60227	2.04899	2.56063	4.60227	2.04899	2.04899	4.09275	2.04899	2.04899	4.09275	2.04899	2.04899	4.09275	2.04899	1.53703	1.53703	2.04899	3.58259	3.58259	2.04899	2.04899	3.58259	1.53703	2.04899	2.04899	2.04899	4.09275	3.58259	1.53703	2.04899	4.09275	2.04899	2.04899	2.04899	2.04899	4.09275	2.04899	2.04899	4.09275	4.09275	2.04899	2.04899	2.04899	2.04899	4.09275	2.04899	2.04899	2.04899	3.58259	3.58259	1.53703	1.53703	1.53703	3.07185	1.53703	1.53703	1.53703	1.02482	2.04899	2.04899	1.02482	0.512453	1.53703	1.02482	1.02482	1.02482	0.512453	1.53703	1.02482	1.02482	2.04899	2.56063	1.53703	1.02482	1.02482	1.53703	3.07185	1.53703	2.04899	4.09275	4.09275	2.04899	2.56063	2.56063	2.04899	4.09275	2.04899	2.56063	4.60227	2.04899	2.56063	5.11106	2.56063	2.04899	4.60227	2.56063	2.04899	4.60227	2.56063	2.04899	2.04899	2.04899	4.09275	4.09275	2.04899	2.04899	4.09275	2.04899	2.04899	2.04899	2.04899	4.09275	4.09275	2.04899	1.53703	3.58259	2.04899	2.04899	2.04899	2.04899	4.09275	3.58259	1.53703	2.04899	4.09275	2.04899	1.53703	1.53703	2.04899	4.09275	2.04899	1.53703	3.58259
3.45712	3.27762	4.86643	5.26706	3.1608	2.98524	5.42184	2.92434	3.2374	3.2374	3.2374	6.20945	3.2374	2.75736	5.71007	6.10711	3.26255	3.43334	3.43334	3.77746	6.70184	4.15965	4.33983	6.39401	6.34587	4.53432	4.3995	4.3995	4.3995	6.23033	4.3995	4.3995	5.82248	4.12429	4.3995	5.43091	4.3735	3.4	3.23754	3.23754	3.11402	3.07174	3.11402	2.91886	2.42928	3.51329	3.38061	2.63602	2.42918	1.95887	3.83741	1.95887	2.42918	2.63602	2.5412	4.34726	4.22183	2.98531	3.30246	4.93279	3.69014	4.01613	4.2219	4.43269	6.37889	4.57721	4.3995	6.23033	6.23033	4.3995	4.3995	4.3995	3.77757	4.3548	2.98531	2.94671	2.73957	2.53476	2.20296	1.10191	0.905789	1.14567	2.21034	1.15988	1.02473	1.02473	1.53689	2.5604	2.1805	1.21514	1.61999	3.11387	1.61999	1.78373	1.89079	2.29042	3.8839	2.18055	2.56045	4.84966	5.01115	2.90193	3.27758	3.27758	3.45708	6.23286	3.99573	3.61864	5.88051	6.44679	4.33983	4.17531	4.3735	4.53432	6.34587	3.99577	3.99577	5.95435	5.95435	3.99577	3.99577	3.99577	3.81621	5.38889	3.65904	3.81621	5.21445	3.27762	3.27762	4.82281	3.27762	3.27762	4.82281	3.27762	3.09818	4.51986	2.8963	2.73957	2.94671	3.09818	4.25641	4.25641	2.90195	2.8963	4.29829	2.94671	3.09818	2.90195	2.8963	4.57354	4.29829	2.94671	3.09818	4.51986	2.8963	2.8963	2.8963	2.8963	4.57354	2.8963	2.8963	4.40309	4.29827	2.56045	2.56045	2.56045	2.56045	4.36966	2.56045	2.56045	2.56045	4.06445	4.17523	2.56048	2.56048	2.56048	3.69007	2.56048	2.3816	2.18057	1.84699	2.56045	2.56045	1.84699	1.7838	2.36088	1.89084	1.84699	1.84699	1.7838	2.36088	1.89084	1.84699	2.73953	3.1244	2.18057	2.02475	2.23987	2.3816	3.38061	2.17303	2.56045	4.36966	4.20631	2.23981	2.59218	2.51526	2.11181	4.26781	2.35388	2.59218	4.51981	2.11181	2.46264	4.98512	2.5604	2.04881	4.47638	2.46264	2.21034	4.60893	2.46264	2.11181	2.11181	2.11181	4.12413	4.12413	2.11181	2.11181	4.12413	2.11181	2.11181	2.11181	2.11181	4.12413	4.12413	2.11181	1.70863	3.71205	2.04881	2.04881	2.04881	2.04881	4.09239	3.71205	1.70863	2.11181	4.12413	2.11181	1.61999	1.61999	2.11181	4.12413	2.11181	1.78373	3.66338
3.62277	3.27727	5.08784	5.73777	3.38025	2.98492	5.66676	3.16044	3.23705	3.23705	3.23705	6.20879	3.23705	2.75706	5.70946	5.85778	3.0338	3.43297	3.43297	3.33649	5.99968	3.98307	4.33937	6.39333	6.12767	4.37303	4.39903	4.39903	4.39903	6.22966	4.39903	4.39903	5.82186	4.12385	4.39903	5.43033	4.53384	3.49438	3.23719	3.23719	3.11369	3.07141	3.11369	2.82748	2.31869	3.30205	3.16046	2.20272	1.95029	1.70845	3.32663	1.70845	1.95029	2.20272	2.35367	3.90446	4.01564	2.98499	3.16054	4.73043	3.68975	3.86677	4.08014	4.29794	6.37821	4.73049	4.39903	6.22966	6.22966	4.39903	4.39903	4.39903	4.04402	4.75442	2.98499	3.09784	2.90164	2.91846	2.63574	1.26787	1.10177	1.14554	2.46237	1.41453	1.02462	1.02462	1.53673	2.56012	2.43564	1.46016	1.61982	3.11353	1.61982	2.02447	2.11934	2.29017	4.12765	2.38131	2.56017	4.84914	5.25106	3.09781	3.27723	3.27723	3.65859	6.46607	3.9953	3.61825	6.10651	6.67224	4.33937	4.34313	4.53384	4.37303	6.12767	3.99534	3.99534	5.95372	5.95372	3.99534	3.99534	3.99534	3.65865	5.38832	3.8158	3.65865	4.99769	3.27727	3.27727	4.8223	3.27727	3.27727	4.8223	3.27727	2.94639	4.29783	2.89599	2.90164	3.09784	2.94639	4.25595	4.25595	2.73928	2.89599	4.51937	3.09784	2.94639	2.73928	2.89599	4.57305	4.51937	3.09784	2.94639	4.29783	2.89599	2.89599	2.89599	2.89599	4.57305	2.89599	2.89599	4.17478	4.06401	2.56017	2.56017	2.56017	2.56017	4.36919	2.56017	2.56017	2.56017	4.29781	4.40261	2.56021	2.56021	2.56021	3.68967	2.56021	2.23963	2.02453	1.84679	2.56017	2.56017	1.84679	1.89064	2.36062	1.78361	1.84679	1.84679	1.89064	2.36062	1.78361	1.84679	2.94634	3.12406	2.02453	2.18033	2.38135	2.23963	3.16046	2.1728	2.56017	4.36919	3.96658	2.02449	2.35362	2.26861	2.11159	4.51932	2.5919	2.35362	4.26736	2.11159	2.21011	4.73033	2.56012	2.04859	4.2213	2.21011	2.46237	4.60844	2.21011	2.11159	2.11159	2.11159	4.12369	4.12369	2.11159	2.11159	4.12369	2.11159	2.11159	2.11159	2.11159	4.12369	4.12369	2.11159	1.95866	3.96655	2.04859	2.04859	2.04859	2.04859	4.09195	3.96655	1.95866	2.11159	4.12369	2.11159	1.61982	1.61982	2.11159	4.12369	2.11159	2.02447	3.66299
2.55989	2.04841	4.60096	5.61745	3.07097	2.55989	5.61745	3.07097	3.07097	3.07097	3.07097	6.1244	3.07097	2.55989	5.61745	5.61745	2.55989	3.07097	3.07097	2.55989	5.10961	2.55989	3.07097	5.61745	5.10961	2.55989	2.55989	2.55989	2.55989	5.10961	2.55989	2.55989	4.60096	2.04841	2.55989	4.09159	3.07097	1.53659	1.02453	1.02453	0.512306	0	0.512306	0	0	2.55989	2.55989	1.53659	1.53659	1.53659	3.07097	1.53659	1.53659	1.53659	1.53659	3.07097	3.07097	1.53659	1.53659	3.58157	2.04841	2.04841	2.04841	2.04841	5.10961	3.07097	2.55989	5.10961	5.10961	2.55989	2.55989	2.55989	2.55989	4.09159	1.53659	2.04841	2.04841	2.55989	2.55989	1.02453	1.02453	1.02453	2.55989	1.53659	1.02453	1.02453	1.53659	2.55989	2.55989	1.53659	1.53659	3.07097	1.53659	2.04841	2.04841	2.04841	4.09159	2.04841	2.04841	4.60096	5.10961	2.55989	2.55989	2.55989	3.07097	6.1244	3.07097	2.55989	5.61745	6.1244	3.07097	3.07097	3.07097	2.55989	5.10961	2.55989	2.55989	5.10961	5.10961	2.55989	2.55989	2.55989	2.04841	4.60096	2.55989	2.04841	4.09159	2.04841	2.04841	4.09159	2.04841	2.04841	4.09159	2.04841	1.53659	3.58157	2.04841	2.04841	2.04841	1.53659	3.58157	3.58157	1.53659	2.04841	4.09159	2.04841	1.53659	1.53659	2.04841	4.09159	4.09159	2.04841	1.53659	3.58157	2.04841	2.04841	2.04841	2.04841	4.09159	2.04841	2.04841	3.58157	3.58157	2.04841	2.04841	2.04841	2.04841	4.09159	2.04841	2.04841	2.04841	4.09159	4.09159	1.53659	1.53659	1.53659	3.07097	1.53659	1.02453	1.02453	1.02453	2.04841	2.04841	1.02453	1.02453	1.53659	0.512306	1.02453	1.02453	1.02453	1.53659	0.512306	1.02453	2.55989	2.55989	1.02453	1.53659	1.53659	1.02453	2.55989	1.53659	2.04841	4.09159	3.58157	1.53659	2.04841	2.04841	2.04841	4.60096	2.55989	2.04841	4.09159	2.04841	2.04841	4.60096	2.55989	2.04841	4.09159	2.04841	2.55989	4.60096	2.04841	2.04841	2.04841	2.04841	4.09159	4.09159	2.04841	2.04841	4.09159	2.04841	2.04841	2.04841	2.04841	4.09159	4.09159	2.04841	2.04841	4.09159	2.04841	2.04841	2.04841	2.04841	4.09159	4.09159	2.04841	2.04841	4.09159	2.04841	1.53659	1.53659	2.04841	4.09159	2.04841	2.04841	3.58157
2.55966	2.04822	4.60055	5.61695	3.0707	2.55966	5.61695	3.0707	3.0707	3.0707	3.0707	6.12386	3.0707	2.55966	5.61695	5.61695	2.55966	3.0707	3.0707	2.55966	5.10915	2.55966	3.0707	5.61695	5.10915	2.55966	2.55966	2.55966	2.55966	5.10915	2.55966	2.55966	4.60055	2.04822	2.55966	4.09122	3.0707	1.53645	1.02444	1.02444	0.51226	0	0.51226	0	0	2.55966	2.55966	1.53645	1.53645	1.53645	3.0707	1.53645	1.53645	1.53645	1.53645	3.0707	3.0707	1.53645	1.53645	3.58125	2.04822	2.04822	2.04822	2.04822	5.10915	3.0707	2.55966	5.10915	5.10915	2.55966	2.55966	2.55966	2.55966	4.09122	1.53645	2.04822	2.04822	2.55966	2.55966	1.02444	1.02444	1.02444	2.55966	1.53645	1.02444	1.02444	1.53645	2.55966	2.55966	1.53645	1.53645	3.0707	1.53645	2.04822	2.04822	2.04822	4.09122	2.04822	2.04822	4.60055	5.10915	2.55966	2.55966	2.55966	3.0707	6.12386	3.0707	2.55966	5.61695	6.12386	3.0707	3.0707	3.0707	2.55966	5.10915	2.55966	2.55966	5.10915	5.10915	2.55966	2.55966	2.55966	2.04822	4.60055	2.55966	2.04822	4.09122	2.04822	2.04822	4.09122	2.04822	2.04822	4.09122	2.04822	1.53645	3.58125	2.04822	2.04822	2.04822	1.53645	3.58125	3.58125	1.53645	2.04822	4.09122	2.04822	1.53645	1.53645	2.04822	4.09122	4.09122	2.04822	1.53645	3.58125	2.04822	2.04822	2.04822	2.04822	4.09122	2.04822	2.04822	3.58125	3.58125	2.04822	2.04822	2.04822	2.04822	4.09122	2.04822	2.04822	2.04822	4.09122	4.09122	1.53645	1.53645	1.53645	3.0707	1.53645	1.02444	1.02444	1.02444	2.04822	2.04822	1.02444	1.02444	1.53645	0.51226	1.02444	1.02444	1.02444	1.53645	0.51226	1.02444	2.55966	2.55966	1.02444	1.53645	1.53645	1.02444	2.55966	1.53645	2.04822	4.09122	3.58125	1.53645	2.04822	2.04822	2.04822	4.60055	2.55966	2.04822	4.09122	2.04822	2.04822	4.60055	2.55966	2.04822	4.09122	2.04822	2.55966	4.60055	2.04822	2.04822	2.04822	2.04822	4.09122	4.09122	2.04822	2.04822	4.09122	2.04822	2.04822	2.04822	2.04822	4.09122	4.09122	2.04822	2.04822	4.09122	2.04822	2.04822	2.04822	2.04822	4.09122	4.09122	2.04822	2.04822	4.09122	2.04822	1.53645	1.53645	2.04822	4.09122	2.04822	2.04822	3.58125
2.55939	2.048	4.60006	5.61635	3.07037	2.55939	5.61635	3.07037	3.07037	3.07037	3.07037	6.12321	3.07037	2.55939	5.61635	5.61635	2.55939	3.07037	3.07037	2.55939	5.10861	2.55939	3.07037	5.61635	5.10861	2.55939	2.55939	2.55939	2.55939	5.10861	2.55939	2.55939	4.60006	2.048	2.55939	4.09079	3.07037	1.53629	1.02433	1.02433	0.512205	0	0.512205	0	0	2.55939	2.55939	1.53629	1.53629	1.53629	3.07037	1.53629	1.53629	1.53629	1.53629	3.07037	3.07037	1.53629	1.53629	3.58086	2.048	2.048	2.048	2.048	5.10861	3.07037	2.55939	5.10861	5.10861	2.55939	2.55939	2.55939	2.55939	4.09079	1.53629	2.048	2.048	2.55939	2.55939	1.02433	1.02433	1.02433	2.55939	1.53629	1.02433	1.02433	1.53629	2.55939	2.55939	1.53629	1.53629	3.07037	1.53629	2.048	2.048	2.048	4.09079	2.048	2.048	4.60006	5.10861	2.55939	2.55939	2.55939	3.07037	6.12321	3.07037	2.55939	5.61635	6.12321	3.07037	3.07037	3.07037	2.55939	5.10861	2.55939	2.55939	5.10861	5.10861	2.55939	2.55939	2.55939	2.048	4.60006	2.55939	2.048	4.09079	2.048	2.048	4.09079	2.048	2.048	4.09079	2.048	1.53629	3.58086	2.048	2.048	2.048	1.53629	3.58086	3.58086	1.53629	2.048	4.09079	2.048	1.53629	1.53629	2.048	4.09079	4.09079	2.048	1.53629	3.58086	2.048	2.048	2.048	2.048	4.09079	2.048	2.048	3.58086	3.58086	2.048	2.048	2.048	2.048	4.09079	2.048	2.048	2.048	4.09079	4.09079	1.53629	1.53629	1.53629	3.07037	1.53629	1.02433	1.02433	1.02433	2.048	2.048	1.02433	1.02433	1.53629	0.512205	1.02433	1.02433	1.02433	1.53629	0.512205	1.02433	2.55939	2.55939	1.02433	1.53629	1.53629	1.02433	2.55939	1.53629	2.048	4.09079	3.58086	1.53629	2.048	2.048	2.048	4.60006	2.55939	2.048	4.09079	2.048	2.048	4.60006	2.55939	2.048	4.09079	2.048	2.55939	4.60006	2.048	2.048	2.048	2.048	4.09079	4.09079	2.048	2.048	4.09079	2.048	2.048	2.048	2.048	4.09079	4.09079	2.048	2.048	4.09079	2.048	2.048	2.048	2.048	4.09079	4.09079	2.048	2.048	4.09079	2.048	1.53629	1.53629	2.048	4.09079	2.048	2.048	3.58086
3.6169	3.25603	5.2491	5.75813	3.26098	3.09133	5.91874	3.11237	3.11237	3.11237	3.11237	6.02964	3.07543	2.83207	5.66749	5.56082	2.75603	3.15925	3.26098	2.94523	5.33488	3.276	3.63487	5.99747	6.05113	4.39738	4.43056	4.64554	4.82061	6.53072	4.82061	4.82061	6.14387	4.57149	4.82061	5.77789	4.90739	4.20446	4.1263	3.8822	3.61699	3.45553	3.22082	3.07026	3.07026	3.45546	2.90053	1.99114	1.81926	1.66903	2.86076	1.414	1.30557	1.49291	1.81926	3.20545	3.47894	2.80899	2.98387	4.37134	3.51168	3.72795	3.94876	4.12231	6.19878	4.9305	4.82061	6.55288	6.40359	4.39738	4.3714	4.1733	3.99385	5.13674	3.15935	3.27604	3.27604	3.63487	3.33524	1.81928	1.62933	1.45963	2.76194	1.61921	1.21455	1.15932	1.53615	2.68998	2.86076	1.88987	1.84606	3.39823	2.1795	2.38042	2.23873	2.46148	4.44508	2.55921	2.73821	5.09866	5.49936	3.276	3.45542	3.62139	3.81434	6.37323	3.68829	3.45542	6.22987	6.62857	3.99381	3.99381	3.99381	3.6169	5.70738	3.6169	3.6169	5.70738	5.70738	3.6169	3.4365	3.26103	3.07549	5.13987	3.26103	3.07549	4.86409	3.27604	3.27604	4.8205	3.27604	3.27604	4.64543	2.90055	2.73825	4.43046	3.27604	3.09668	2.90055	2.73825	4.43046	4.39731	2.98387	3.27604	4.64543	2.90055	2.73825	2.94529	3.27604	4.64543	4.51768	2.8949	2.55925	4.1222	2.8949	2.8949	2.8949	2.8949	4.40097	2.53998	2.55921	4.06249	4.17322	2.8949	2.8949	2.8949	2.8949	4.40097	2.53998	2.55921	2.55921	4.36756	4.36756	2.17198	2.17198	2.17198	3.43169	2.17198	2.02377	2.23879	2.28939	2.8949	2.8949	2.28939	2.28939	2.73825	2.51416	2.59103	2.35283	2.28939	2.73825	2.51416	2.75614	3.6169	3.6169	2.75614	2.98387	2.98387	2.75614	3.6169	2.98387	3.09668	4.51768	4.1222	2.55925	2.8949	2.8949	2.8949	4.69758	2.63475	2.28931	4.21588	2.28931	2.28931	4.56062	2.51405	2.11079	4.12215	2.11079	2.46145	4.60671	2.20928	2.11079	2.11079	2.11079	4.12215	4.12215	2.11079	2.11079	4.12215	2.11079	2.11079	2.11079	2.11079	4.12215	4.12215	2.11079	2.11079	4.12215	2.11079	2.11079	2.11079	2.11079	4.12215	4.12215	2.11079	2.11079	4.12215	2.11079	1.78287	1.88987	2.28931	4.21588	2.28931	2.11855	3.66162
3.61657	3.63454	5.9753	5.75762	3.03239	3.56198	6.42051	3.11209	3.11209	3.11209	3.11209	5.77723	2.83181	3.07515	5.66699	5.31002	2.75578	2.92267	3.03239	2.73797	5.0982	3.27571	3.25574	5.34659	5.84412	4.39699	4.29595	4.51741	4.82018	6.53014	4.82018	4.82018	6.14332	4.57108	4.82018	5.96459	4.90695	4.12593	4.20409	3.9649	3.61667	3.47405	3.20019	3.06999	3.06999	3.03248	2.38024	1.81912	1.62918	1.4595	2.35946	1.15922	0.809695	1.08629	1.62918	2.76764	3.08052	2.68986	2.98361	4.17289	3.37878	3.60308	3.83113	4.12194	5.99698	4.78297	4.82018	6.75554	6.61101	4.39699	4.53174	4.34112	3.99349	5.34659	3.30058	3.27575	3.27575	4.04207	3.77531	1.99096	1.8191	1.66888	3.01074	1.61907	1.45948	1.41387	1.53601	2.94492	3.36412	2.11836	1.84589	3.63897	2.3802	2.1793	2.02355	2.68976	4.68676	2.55898	2.94497	5.3344	5.49888	3.27571	3.6569	3.814	3.62107	6.13533	3.68796	3.6569	6.46309	6.62798	3.99345	3.99345	3.99345	3.61657	5.70687	3.61657	3.61657	5.70687	5.70687	3.61657	3.26076	3.07522	3.26074	5.13941	3.07522	3.26074	5.08548	3.27575	3.27575	4.82007	3.27575	3.27575	4.43007	2.73801	2.90029	4.64501	3.27575	2.94503	2.73801	2.90029	4.64501	4.39691	2.98361	3.27575	4.43007	2.73801	2.90029	3.09641	3.27575	4.43007	4.29584	2.89464	2.55902	4.12183	2.89464	2.89464	2.89464	2.89464	4.17285	2.35258	2.55898	4.29582	4.40058	2.89464	2.89464	2.89464	2.89464	4.17285	2.35258	2.55898	2.55898	4.36717	4.36717	2.17179	2.17179	2.17179	3.43138	2.17179	2.17932	2.38024	2.28918	2.89464	2.89464	2.28918	2.28918	2.90029	2.5908	2.51394	2.26766	2.28918	2.90029	2.5908	2.75589	3.61657	3.61657	2.75589	2.98361	2.98361	2.75589	3.61657	2.98361	2.94503	4.29584	4.12183	2.55902	2.89464	2.89464	2.89464	4.23094	2.2017	2.28911	4.2155	2.28911	2.28911	4.31092	2.26755	2.11061	4.12178	2.11061	2.20908	4.6063	2.46123	2.11061	2.11061	2.11061	4.12178	4.12178	2.11061	2.11061	4.12178	2.11061	2.11061	2.11061	2.11061	4.12178	4.12178	2.11061	2.11061	4.12178	2.11061	2.11061	2.11061	2.11061	4.12178	4.12178	2.11061	2.11061	4.12178	2.11061	2.02353	2.11836	2.28911	4.2155	2.28911	1.8897	3.66129
2.55866	3.06949	6.12147	5.61475	2.55866	3.57984	6.62723	3.06949	3.06949	3.06949	3.06949	5.61475	2.55866	3.06949	5.61475	5.10715	2.55866	2.55866	2.55866	2.04742	4.59875	2.55866	2.04742	4.08962	4.59875	2.55866	2.04742	2.04742	2.55866	5.10715	2.55866	2.55866	4.59875	2.04742	2.55866	4.59875	3.06949	1.02404	1.53585	1.53585	0.512059	0.512059	0	0	0	1.02404	1.02404	1.02404	1.02404	1.02404	2.04742	1.02404	0.512059	0.512059	1.02404	2.04742	2.04742	1.02404	1.53585	3.06949	1.53585	1.53585	1.53585	2.04742	4.59875	2.55866	2.55866	5.61475	5.61475	2.55866	3.06949	3.06949	2.55866	4.59875	2.04742	2.04742	2.04742	3.57984	3.57984	1.53585	1.53585	1.53585	3.06949	1.53585	1.53585	1.53585	1.53585	3.06949	3.57984	2.04742	1.53585	3.57984	2.04742	1.53585	1.53585	2.55866	4.59875	2.04742	2.55866	5.10715	5.10715	2.55866	3.06949	3.06949	2.55866	5.61475	3.06949	3.06949	6.12147	6.12147	3.06949	3.06949	3.06949	2.55866	5.10715	2.55866	2.55866	5.10715	5.10715	2.55866	2.04742	2.04742	2.55866	4.59875	2.04742	2.55866	4.59875	2.04742	2.04742	4.08962	2.04742	2.04742	3.57984	1.53585	2.04742	4.08962	2.04742	1.53585	1.53585	2.04742	4.08962	3.57984	1.53585	2.04742	3.57984	1.53585	2.04742	2.04742	2.04742	3.57984	3.57984	2.04742	1.53585	3.57984	2.04742	2.04742	2.04742	2.04742	3.57984	1.53585	2.04742	4.08962	4.08962	2.04742	2.04742	2.04742	2.04742	3.57984	1.53585	2.04742	2.04742	4.08962	4.08962	1.53585	1.53585	1.53585	3.06949	1.53585	1.53585	1.53585	1.02404	2.04742	2.04742	1.02404	1.02404	2.04742	1.02404	0.512059	0.512059	1.02404	2.04742	1.02404	1.02404	2.55866	2.55866	1.02404	1.53585	1.53585	1.02404	2.55866	1.53585	1.53585	3.57984	3.57984	1.53585	2.04742	2.04742	2.04742	3.57984	1.53585	2.04742	4.08962	2.04742	2.04742	4.08962	2.04742	2.04742	4.08962	2.04742	2.04742	4.59875	2.55866	2.04742	2.04742	2.04742	4.08962	4.08962	2.04742	2.04742	4.08962	2.04742	2.04742	2.04742	2.04742	4.08962	4.08962	2.04742	2.04742	4.08962	2.04742	2.04742	2.04742	2.04742	4.08962	4.08962	2.04742	2.04742	4.08962	2.04742	2.04742	2.04742	2.04742	4.08962	2.04742	1.53585	3.57984
2.55843	3.06922	6.12093	5.61426	2.55843	3.57952	6.62664	3.06922	3.06922	3.06922	3.06922	5.61426	2.55843	3.06922	5.61426	5.1067	2.55843	2.55843	2.55843	2.04723	4.59834	2.55843	2.04723	4.08926	4.59834	2.55843	2.04723	2.04723	2.55843	5.1067	2.55843	2.55843	4.59834	2.04723	2.55843	4.59834	3.06922	1.02394	1.53571	1.53571	0.512013	0.512013	0	0	0	1.02394	1.02394	1.02394	1.02394	1.02394	2.04723	1.02394	0.512013	0.512013	1.02394	2.04723	2.04723	1.02394	1.53571	3.06922	1.53571	1.53571	1.53571	2.04723	4.59834	2.55843	2.55843	5.61426	5.61426	2.55843	3.06922	3.06922	2.55843	4.59834	2.04723	2.04723	2.04723	3.57952	3.57952	1.53571	1.53571	1.53571	3.06922	1.53571	1.53571	1.53571	1.53571	3.06922	3.57952	2.04723	1.53571	3.57952	2.04723	1.53571	1.53571	2.55843	4.59834	2.04723	2.55843	5.1067	5.1067	2.55843	3.06922	3.06922	2.55843	5.61426	3.06922	3.06922	6.12093	6.12093	3.06922	3.06922	3.06922	2.55843	5.1067	2.55843	2.55843	5.1067	5.1067	2.55843	2.04723	2.04723	2.55843	4.59834	2.04723	2.55843	4.59834	2.04723	2.04723	4.08926	2.04723	2.04723	3.57952	1.53571	2.04723	4.08926	2.04723	1.53571	1.53571	2.04723	4.08926	3.57952	1.53571	2.04723	3.57952	1.53571	2.04723	2.04723	2.04723	3.57952	3.57952	2.04723	1.53571	3.57952	2.04723	2.04723	2.04723	2.04723	3.57952	1.53571	2.04723	4.08926	4.08926	2.04723	2.04723	2.04723	2.04723	3.57952	1.53571	2.04723	2.04723	4.08926	4.08926	1.53571	1.53571	1.53571	3.06922	1.53571	1.53571	1.53571	1.02394	2.04723	2.04723	1.02394	1.02394	2.04723	1.02394	0.512013	0.512013	1.02394	2.04723	1.02394	1.02394	2.55843	2.55843	1.02394	1.53571	1.53571	1.02394	2.55843	1.53571	1.53571	3.57952	3.57952	1.53571	2.04723	2.04723	2.04723	3.57952	1.53571	2.04723	4.08926	2.04723	2.04723	4.08926	2.04723	2.04723	4.08926	2.04723	2.04723	4.59834	2.55843	2.04723	2.04723	2.04723	4.08926	4.08926	2.04723	2.04723	4.08926	2.04723	2.04723	2.04723	2.04723	4.08926	4.08926	2.04723	2.04723	4.08926	2.04723	2.04723	2.04723	2.04723	4.08926	4.08926	2.04723	2.04723	4.08926	2.04723	2.04723	2.04723	2.04723	4.08926	2.04723	1.53571	3.57952
3.15809	3.4304	6.30727	5.90836	2.92184	3.63793	6.74637	3.39695	3.23463	3.23463	3.23463	5.7052	2.755	3.23463	5.7052	5.20683	2.755	2.755	2.755	2.23789	4.60502	3.09548	2.89382	4.516	4.99395	4.041	4.12077	4.12077	4.4289	6.3329	5.08418	5.25658	6.48874	5.02969	5.25658	6.49123	5.73367	4.86245	4.84572	4.84572	4.51618	4.16011	3.70908	3.45423	3.19928	3.07441	2.83113	2.4272	1.9489	1.66845	2.063	1.10094	0.724031	0.724031	1.14468	1.95719	1.79135	0.974697	1.54621	3.07427	1.84537	1.84537	1.84537	2.23789	4.68542	2.98268	2.94413	5.73349	5.99521	3.61554	3.99231	3.99231	3.61554	5.30856	3.07434	2.89944	2.73719	3.96361	3.88058	1.88916	1.7822	1.70717	3.32414	1.70717	1.6186	1.6186	1.7822	3.47759	3.96361	2.55825	2.17117	4.06097	2.89944	2.73723	2.94418	3.43521	5.13795	3.25983	3.61554	5.70525	5.70525	3.61554	3.99231	3.99231	3.61554	6.16247	3.99231	3.99231	6.62611	6.62611	3.99231	3.99231	3.99231	3.61554	5.70525	3.61554	3.61554	5.70525	5.70525	3.61554	3.27481	3.27481	3.61554	5.25644	3.27481	3.43521	4.96788	2.89382	2.89382	4.56963	2.89382	2.89382	4.29462	2.94418	3.27481	4.8187	3.27481	2.98276	2.98276	3.27481	4.64369	4.25277	2.94418	3.27481	4.39566	2.98276	3.27481	3.27481	3.09552	4.25277	4.25277	2.89946	2.73723	4.25277	2.89946	2.89382	2.89382	2.89382	4.12066	2.55829	2.89382	4.56963	4.56963	2.89382	2.71323	2.53903	2.55825	4.06097	2.53905	2.89382	2.89382	4.39932	4.29459	2.17117	2.17117	2.3519	3.72646	2.55829	2.55829	2.55829	2.28853	3.07434	3.25983	2.7551	2.7551	3.27481	2.7551	2.76104	3.01003	3.23477	3.68699	3.23477	3.23477	3.81295	3.8001	3.15819	3.25987	3.03162	2.92194	3.98009	3.43051	3.43051	4.53041	4.36971	2.98276	3.27481	3.27481	3.09552	4.077	2.55829	2.89382	4.56963	2.89382	2.71323	4.29459	2.55825	2.55825	4.20272	2.23789	2.28845	4.55891	2.5131	2.11	2.11	2.11	4.12061	4.12061	2.11	2.11	4.12061	2.11	2.11	2.11	2.11	4.12061	4.12061	2.11	2.11	4.12061	2.11	2.11	2.11	2.11	4.12061	4.12061	2.11	2.11	4.26416	2.35186	2.28845	2.28845	2.11775	4.01256	2.11	1.7822	3.81284
3.37736	3.43004	6.3066	6.15392	3.15773	3.39659	6.74565	3.63754	3.23428	3.23428	3.23428	5.70459	2.7547	3.23428	5.70459	5.20628	2.7547	2.7547	2.7547	2.02276	4.12808	2.89913	2.89351	4.29416	4.36924	3.77394	4.12033	4.12033	4.29427	5.95414	4.96751	5.25602	6.48805	5.02916	5.25602	6.31953	5.73306	4.92821	4.84521	4.84521	4.55865	4.28294	3.72621	3.47269	3.21927	3.00971	2.76074	2.3167	1.80942	1.5461	1.63855	0.904915	0.723954	0.723954	1.14456	1.70699	1.2796	0.746222	1.31743	2.8307	1.84517	1.84517	1.84517	2.02276	4.44294	2.98236	2.73689	5.26201	5.76382	3.61516	3.99189	3.99189	3.61516	5.53487	3.25946	3.09515	2.94381	4.20227	4.12413	2.11753	2.02274	1.95698	3.83371	1.95698	1.61843	1.61843	2.02274	3.96728	4.20227	2.55798	2.17094	4.29413	3.09515	2.89915	3.09519	3.25948	5.1374	3.43484	3.61516	5.70464	5.70464	3.61516	3.99189	3.99189	3.61516	6.16182	3.99189	3.99189	6.6254	6.6254	3.99189	3.99189	3.99189	3.61516	5.70464	3.61516	3.61516	5.70464	5.70464	3.61516	3.27446	3.27446	3.61516	5.25587	3.27446	3.25948	4.74006	2.89351	2.89351	4.56914	2.89351	2.89351	4.51551	3.09519	3.27446	4.81818	3.27446	2.98244	2.98244	3.27446	4.42833	4.25232	3.09519	3.27446	4.39519	2.98244	3.27446	3.27446	2.94387	4.25232	4.25232	2.73693	2.89915	4.25232	2.73693	2.89351	2.89351	2.89351	4.12022	2.55802	2.89351	4.56914	4.56914	2.89351	2.53878	2.35165	2.55798	4.29413	2.71294	2.89351	2.89351	4.17121	4.06054	2.17094	2.17094	2.53876	3.94675	2.55802	2.55802	2.55802	2.28828	3.25946	3.43484	2.75481	2.75481	3.27446	2.75481	2.83082	3.07408	3.23442	3.68659	3.23442	3.23442	3.65552	3.79969	3.25952	3.15786	2.92163	3.03129	4.15565	3.43015	3.43015	4.3394	4.17126	2.98244	3.27446	3.27446	2.94387	3.86339	2.55802	2.89351	4.56914	2.89351	2.53878	4.06054	2.55798	2.55798	3.96318	2.02276	2.28821	4.30923	2.26666	2.10978	2.10978	2.10978	4.12017	4.12017	2.10978	2.10978	4.12017	2.10978	2.10978	2.10978	2.10978	4.12017	4.12017	2.10978	2.10978	4.12017	2.10978	2.10978	2.10978	2.10978	4.12017	4.12017	2.10978	2.10978	4.51546	2.58968	2.28821	2.28821	1.88896	3.76082	2.10978	2.02274	4.06051
3.06834	3.06834	6.11919	6.11919	3.06834	3.06834	6.62476	3.5785	3.06834	3.06834	3.06834	5.61266	2.5577	3.06834	5.61266	5.10525	2.5577	2.5577	2.5577	1.53527	3.5785	2.04665	2.04665	3.5785	3.06834	1.53527	2.04665	2.04665	2.04665	4.08809	2.04665	2.5577	4.59703	2.04665	2.5577	4.08809	3.06834	1.53527	1.53527	1.53527	1.02365	1.53527	0.511867	0.511867	0.511867	0.511867	0.511867	0	0	0.511867	1.02365	0.511867	0.511867	0.511867	1.02365	1.53527	1.02365	0.511867	1.02365	2.5577	1.53527	1.53527	1.53527	1.53527	4.08809	2.5577	2.04665	4.59703	5.10525	2.5577	3.06834	3.06834	2.5577	5.10525	2.5577	2.5577	2.5577	4.08809	4.08809	2.04665	2.04665	2.04665	4.08809	2.04665	1.53527	1.53527	2.04665	4.08809	4.08809	2.04665	1.53527	4.08809	2.5577	2.04665	2.04665	2.04665	4.59703	2.5577	2.5577	5.10525	5.10525	2.5577	3.06834	3.06834	2.5577	5.61266	3.06834	3.06834	6.11919	6.11919	3.06834	3.06834	3.06834	2.5577	5.10525	2.5577	2.5577	5.10525	5.10525	2.5577	2.04665	2.04665	2.5577	4.59703	2.04665	2.04665	4.08809	2.04665	2.04665	4.08809	2.04665	2.04665	4.08809	2.04665	2.04665	4.08809	2.04665	1.53527	1.53527	2.04665	3.5785	3.5785	2.04665	2.04665	3.5785	1.53527	2.04665	2.04665	1.53527	3.5785	3.5785	1.53527	2.04665	3.5785	1.53527	2.04665	2.04665	2.04665	3.5785	1.53527	2.04665	4.08809	4.08809	2.04665	1.53527	1.53527	2.04665	4.08809	2.04665	2.04665	2.04665	3.5785	3.5785	1.53527	1.53527	2.04665	3.5785	1.53527	1.53527	1.53527	1.02365	2.5577	2.5577	1.02365	1.02365	2.04665	1.02365	1.02365	1.02365	1.02365	2.04665	1.02365	1.02365	2.04665	2.5577	1.53527	1.02365	1.02365	1.53527	3.06834	1.53527	1.53527	3.06834	3.06834	1.53527	2.04665	2.04665	1.53527	3.06834	1.53527	2.04665	4.08809	2.04665	1.53527	3.5785	2.04665	2.04665	3.5785	1.53527	2.04665	4.08809	2.04665	2.04665	2.04665	2.04665	4.08809	4.08809	2.04665	2.04665	4.08809	2.04665	2.04665	2.04665	2.04665	4.08809	4.08809	2.04665	2.04665	4.08809	2.04665	2.04665	2.04665	2.04665	4.08809	4.08809	2.04665	2.04665	4.59703	2.5577	2.04665	2.04665	1.53527	3.5785	2.04665	2.04665	4.08809
3.06807	3.06807	6.11865	6.11865	3.06807	3.06807	6.62418	3.57818	3.06807	3.06807	3.06807	5.61216	2.55747	3.06807	5.61216	5.10479	2.55747	2.55747	2.55747	1.53514	3.57818	2.04647	2.04647	3.57818	3.06807	1.53514	2.04647	2.04647	2.04647	4.08773	2.04647	2.55747	4.59662	2.04647	2.55747	4.08773	3.06807	1.53514	1.53514	1.53514	1.02356	1.53514	0.511821	0.511821	0.511821	0.511821	0.511821	0	0	0.511821	1.02356	0.511821	0.511821	0.511821	1.02356	1.53514	1.02356	0.511821	1.02356	2.55747	1.53514	1.53514	1.53514	1.53514	4.08773	2.55747	2.04647	4.59662	5.10479	2.55747	3.06807	3.06807	2.55747	5.10479	2.55747	2.55747	2.55747	4.08773	4.08773	2.04647	2.04647	2.04647	4.08773	2.04647	1.53514	1.53514	2.04647	4.08773	4.08773	2.04647	1.53514	4.08773	2.55747	2.04647	2.04647	2.04647	4.59662	2.55747	2.55747	5.10479	5.10479	2.55747	3.06807	3.06807	2.55747	5.61216	3.06807	3.06807	6.11865	6.11865	3.06807	3.06807	3.06807	2.55747	5.10479	2.55747	2.55747	5.10479	5.10479	2.55747	2.04647	2.04647	2.55747	4.59662	2.04647	2.04647	4.08773	2.04647	2.04647	4.08773	2.04647	2.04647	4.08773	2.04647	2.04647	4.08773	2.04647	1.53514	1.53514	2.04647	3.57818	3.57818	2.04647	2.04647	3.57818	1.53514	2.04647	2.04647	1.53514	3.57818	3.57818	1.53514	2.04647	3.57818	1.53514	2.04647	2.04647	2.04647	3.57818	1.53514	2.04647	4.08773	4.08773	2.04647	1.53514	1.53514	2.04647	4.08773	2.04647	2.04647	2.04647	3.57818	3.57818	1.53514	1.53514	2.04647	3.57818	1.53514	1.53514	1.53514	1.02356	2.55747	2.55747	1.02356	1.02356	2.04647	1.02356	1.02356	1.02356	1.02356	2.04647	1.02356	1.02356	2.04647	2.55747	1.53514	1.02356	1.02356	1.53514	3.06807	1.53514	1.53514	3.06807	3.06807	1.53514	2.04647	2.04647	1.53514	3.06807	1.53514	2.04647	4.08773	2.04647	1.53514	3.57818	2.04647	2.04647	3.57818	1.53514	2.04647	4.08773	2.04647	2.04647	2.04647	2.04647	4.08773	4.08773	2.04647	2.04647	4.08773	2.04647	2.04647	2.04647	2.04647	4.08773	4.08773	2.04647	2.04647	4.08773	2.04647	2.04647	2.04647	2.04647	4.08773	4.08773	2.04647	2.04647	4.59662	2.55747	2.04647	2.04647	1.53514	3.57818	2.04647	2.04647	4.08773
3.06774	3.06774	6.118	6.118	3.06774	3.06774	6.62347	3.5778	3.06774	3.06774	3.06774	5.61156	2.5572	3.06774	5.61156	5.10425	2.5572	2.5572	2.5572	1.53497	3.5778	2.04625	2.04625	3.5778	3.06774	1.53497	2.04625	2.04625	2.04625	4.08729	2.04625	2.5572	4.59613	2.04625	2.5572	4.08729	3.06774	1.53497	1.53497	1.53497	1.02345	1.53497	0.511766	0.511766	0.511766	0.511766	0.511766	0	0	0.511766	1.02345	0.511766	0.511766	0.511766	1.02345	1.53497	1.02345	0.511766	1.02345	2.5572	1.53497	1.53497	1.53497	1.53497	4.08729	2.5572	2.04625	4.59613	5.10425	2.5572	3.06774	3.06774	2.5572	5.10425	2.5572	2.5572	2.5572	4.08729	4.08729	2.04625	2.04625	2.04625	4.08729	2.04625	1.53497	1.53497	2.04625	4.08729	4.08729	2.04625	1.53497	4.08729	2.5572	2.04625	2.04625	2.04625	4.59613	2.5572	2.5572	5.10425	5.10425	2.5572	3.06774	3.06774	2.5572	5.61156	3.06774	3.06774	6.118	6.118	3.06774	3.06774	3.06774	2.5572	5.10425	2.5572	2.5572	5.10425	5.10425	2.5572	2.04625	2.04625	2.5572	4.59613	2.04625	2.04625	4.08729	2.04625	2.04625	4.08729	2.04625	2.04625	4.08729	2.04625	2.04625	4.08729	2.04625	1.53497	1.53497	2.04625	3.5778	3.5778	2.04625	2.04625	3.5778	1.53497	2.04625	2.04625	1.53497	3.5778	3.5778	1.53497	2.04625	3.5778	1.53497	2.04625	2.04625	2.04625	3.5778	1.53497	2.04625	4.08729	4.08729	2.04625	1.53497	1.53497	2.04625	4.08729	2.04625	2.04625	2.04625	3.5778	3.5778	1.53497	1.53497	2.04625	3.5778	1.53497	1.53497	1.53497	1.02345	2.5572	2.5572	1.02345	1.02345	2.04625	1.02345	1.02345	1.02345	1.02345	2.04625	1.02345	1.02345	2.04625	2.5572	1.53497	1.02345	1.02345	1.53497	3.06774	1.53497	1.53497	3.06774	3.06774	1.53497	2.04625	2.04625	1.53497	3.06774	1.53497	2.04625	4.08729	2.04625	1.53497	3.5778	2.04625	2.04625	3.5778	1.53497	2.04625	4.08729	2.04625	2.04625	2.04625	2.04625	4.08729	4.08729	2.04625	2.04625	4.08729	2.04625	2.04625	2.04625	2.04625	4.08729	4.08729	2.04625	2.04625	4.08729	2.04625	2.04625	2.04625	2.04625	4.08729	4.08729	2.04625	2.04625	4.59613	2.5572	2.04625	2.04625	1.53497	3.5778	2.04625	2.04625	4.08729
3.06747	3.06747	6.11745	6.11745	3.06747	3.06747	6.62289	3.57748	3.06747	3.06747	3.06747	5.61107	2.55697	3.06747	5.61107	5.1038	2.55697	2.55697	2.55697	1.53483	3.57748	2.04607	2.04607	3.57748	3.06747	1.53483	2.04607	2.04607	2.04607	4.08693	2.04607	2.55697	4.59572	2.04607	2.55697	4.08693	3.06747	1.53483	1.53483	1.53483	1.02336	1.53483	0.51172	0.51172	0.51172	0.51172	0.51172	0	0	0.51172	1.02336	0.51172	0.51172	0.51172	1.02336	1.53483	1.02336	0.51172	1.02336	2.55697	1.53483	1.53483	1.53483	1.53483	4.08693	2.55697	2.04607	4.59572	5.1038	2.55697	3.06747	3.06747	2.55697	5.1038	2.55697	2.55697	2.55697	4.08693	4.08693	2.04607	2.04607	2.04607	4.08693	2.04607	1.53483	1.53483	2.04607	4.08693	4.08693	2.04607	1.53483	4.08693	2.55697	2.04607	2.04607	2.04607	4.59572	2.55697	2.55697	5.1038	5.1038	2.55697	3.06747	3.06747	2.55697	5.61107	3.06747	3.06747	6.11745	6.11745	3.06747	3.06747	3.06747	2.55697	5.1038	2.55697	2.55697	5.1038	5.1038	2.55697	2.04607	2.04607	2.55697	4.59572	2.04607	2.04607	4.08693	2.04607	2.04607	4.08693	2.04607	2.04607	4.08693	2.04607	2.04607	4.08693	2.04607	1.53483	1.53483	2.04607	3.57748	3.57748	2.04607	2.04607	3.57748	1.53483	2.04607	2.04607	1.53483	3.57748	3.57748	1.53483	2.04607	3.57748	1.53483	2.04607	2.04607	2.04607	3.57748	1.53483	2.04607	4.08693	4.08693	2.04607	1.53483	1.53483	2.04607	4.08693	2.04607	2.04607	2.04607	3.57748	3.57748	1.53483	1.53483	2.04607	3.57748	1.53483	1.53483	1.53483	1.02336	2.55697	2.55697	1.02336	1.02336	2.04607	1.02336	1.02336	1.02336	1.02336	2.04607	1.02336	1.02336	2.04607	2.55697	1.53483	1.02336	1.02336	1.53483	3.06747	1.53483	1.53483	3.06747	3.06747	1.53483	2.04607	2.04607	1.53483	3.06747	1.53483	2.04607	4.08693	2.04607	1.53483	3.57748	2.04607	2.04607	3.57748	1.53483	2.04607	4.08693	2.04607	2.04607	2.04607	2.04607	4.08693	4.08693	2.04607	2.04607	4.08693	2.04607	2.04607	2.04607	2.04607	4.08693	4.08693	2.04607	2.04607	4.08693	2.04607	2.04607	2.04607	2.04607	4.08693	4.08693	2.04607	2.04607	4.59572	2.55697	2.04607	2.04607	1.53483	3.57748	2.04607	2.04607	4.08693
3.50828	3.68481	6.44511	6.44511	3.68481	3.68481	6.92581	4.11831	3.68481	3.68481	3.68481	6.04537	3.15629	3.37579	5.8058	5.49419	3.27291	3.27291	3.27291	2.55683	4.11831	2.89216	2.89781	4.21582	3.9778	3.25801	3.72443	3.94503	4.16941	5.59342	4.85966	5.36333	6.8795	5.96777	6.22425	7.13141	6.50991	5.48558	5.32704	5.32704	5.10677	4.9292	4.26195	4.11847	4.11847	3.84062	3.33221	3.06736	3.06736	2.96464	2.82951	2.60744	2.60744	2.60744	2.58858	2.76533	2.68755	2.60744	2.75353	3.43325	2.58856	2.3782	2.17745	2.16993	4.20032	2.68746	2.11654	4.37085	4.97804	2.55674	2.9424	2.96448	2.60731	5.12866	2.60731	2.71161	2.68744	4.21574	4.23113	2.26561	2.35052	2.45915	4.44089	2.55679	2.53115	2.91465	3.27295	4.81596	4.81596	3.27295	3.15637	4.95529	3.61799	3.45219	3.65383	3.68488	5.51772	3.99008	3.99008	5.94591	6.11964	4.36728	4.52787	4.33741	4.16937	6.50974	4.33741	4.33365	6.83252	6.6635	3.9778	3.99004	3.99004	3.61348	5.70201	3.61348	3.61348	5.70201	5.53232	3.25795	3.07259	3.25797	3.43325	4.96505	2.89216	3.07259	4.85951	3.27295	3.27295	4.81596	3.27295	3.27295	4.64105	2.89781	2.89216	4.56703	2.89216	2.73566	2.9425	3.27295	4.39316	4.39316	3.27295	3.27295	4.39316	2.98105	3.09376	2.89781	2.55683	3.94492	3.99813	2.5376	2.89216	4.11831	2.55683	2.89216	2.89216	3.07259	4.42629	2.98105	3.09376	4.51342	4.39682	2.53758	2.35056	2.5376	2.89216	4.39682	2.53758	2.55679	2.55679	3.89094	3.89094	2.16993	2.16993	2.55679	3.89094	2.16993	2.16993	2.16993	2.02186	3.2977	3.27291	2.28722	2.28722	3.07259	2.68755	2.75353	2.75353	2.75353	3.45219	3.15639	3.23292	3.86168	4.18882	3.48977	3.39516	3.63601	3.72445	4.33741	3.42856	3.42856	4.33365	4.33365	3.42856	3.50836	3.29775	2.98105	3.99004	2.98105	3.09376	4.34108	2.53758	2.35056	3.99813	2.53758	2.55679	3.89094	2.16993	2.55679	4.36344	2.55679	2.37817	2.23662	2.28715	4.2119	4.2119	2.28715	2.28715	4.2119	2.28715	2.28715	2.28715	2.28715	4.05864	4.15754	2.35052	2.28715	4.2119	2.28715	2.28715	2.28715	2.28715	4.2119	4.2119	2.28715	2.28715	4.55632	2.51167	2.1088	2.1088	1.78119	3.81066	2.28715	2.28715	4.05864
3.29734	3.68441	6.44443	6.44443	3.68441	3.68441	6.92508	4.11787	3.68441	3.68441	3.68441	6.28513	3.37543	3.15595	5.56665	5.4936	3.27256	3.27256	3.27256	2.55656	4.11787	2.89186	2.73537	4.00992	3.79323	3.15605	3.59961	3.82745	4.05837	5.25915	4.76484	5.16609	6.5731	5.96713	6.12971	7.13065	6.78007	5.56687	5.32647	5.32647	5.16924	5.13464	4.30698	4.11803	4.11803	3.84021	3.33186	3.06703	3.06703	2.94224	2.75917	2.60716	2.60716	2.60716	2.51152	2.76503	2.80603	2.60716	2.75324	3.25762	2.45896	2.23643	2.02164	2.1697	3.96093	2.45888	1.88788	3.86534	4.72361	2.55647	2.68715	2.71132	2.60703	5.12812	2.60703	2.96417	2.94208	4.46953	4.48403	2.5114	2.5882	2.68717	4.68226	2.55652	2.9143	3.2526	3.2726	4.81544	4.81544	3.2726	3.2974	4.95476	3.45182	3.61761	3.81037	3.68449	5.51714	3.98965	3.98965	5.94527	6.3362	4.52739	4.36681	4.16892	4.33694	6.50905	4.16892	4.33319	6.83179	6.43697	3.79323	3.98961	3.98961	3.61309	5.7014	3.61309	3.61309	5.7014	5.30497	3.07226	3.2576	3.43288	3.25762	4.73737	2.89186	3.2576	5.0806	3.2726	3.2726	4.81544	3.2726	3.2726	4.42581	2.73537	2.89186	4.56654	2.89186	2.8975	3.09343	3.2726	4.39269	4.39269	3.2726	3.2726	4.39269	2.98074	2.94219	2.73537	2.55656	3.72394	3.99771	2.71139	2.89186	4.11787	2.55656	2.89186	2.89186	3.2576	4.64055	2.98074	2.94219	4.29171	4.16884	2.35031	2.53731	2.71139	2.89186	4.16884	2.35031	2.55652	2.55652	3.89053	3.89053	2.1697	2.1697	2.55652	3.89053	2.1697	2.1697	2.1697	2.17722	3.50791	3.27256	2.28698	2.28698	3.2576	2.80603	2.75324	2.75324	2.75324	3.61761	3.25766	3.23258	4.00998	4.18837	3.39479	3.4894	3.72406	3.63562	4.16892	3.42819	3.42819	4.33319	4.33319	3.42819	3.37553	3.15603	2.98074	3.98961	2.98074	2.94219	3.8989	2.35031	2.53731	3.99771	2.35031	2.55652	3.89053	2.1697	2.55652	4.36297	2.55652	2.1772	2.0216	2.2869	4.21145	4.21145	2.2869	2.2869	4.21145	2.2869	2.2869	2.2869	2.2869	3.81026	4.15709	2.5882	2.2869	4.21145	2.2869	2.2869	2.2869	2.2869	4.21145	4.21145	2.2869	2.2869	4.30677	2.26537	2.10857	2.10857	2.02158	4.0582	2.2869	2.2869	3.81026
2.55624	3.06659	6.11572	6.11572	3.06659	3.06659	6.62101	3.57646	3.06659	3.06659	3.06659	6.11572	3.06659	2.55624	5.10235	5.10235	2.55624	2.55624	2.55624	1.5344	3.57646	2.04548	1.5344	3.06659	2.55624	1.02307	1.5344	1.5344	1.5344	3.06659	1.5344	1.5344	3.57646	2.04548	2.04548	4.08576	4.08576	2.04548	1.5344	1.5344	1.5344	2.55624	1.02307	0.511574	0.511574	0.511574	0.511574	0	0	0	0.511574	0.511574	0.511574	0.511574	0.511574	1.5344	1.5344	0.511574	1.02307	2.04548	1.02307	1.02307	1.02307	1.5344	3.57646	2.04548	1.5344	3.57646	4.59442	2.55624	2.55624	2.55624	2.55624	5.10235	2.55624	3.06659	3.06659	4.59442	4.59442	2.55624	2.55624	2.55624	4.59442	2.04548	2.55624	2.55624	2.04548	4.08576	4.08576	2.04548	2.04548	4.08576	2.04548	2.55624	2.55624	2.04548	4.59442	2.55624	2.55624	5.10235	5.60947	3.06659	2.55624	2.55624	3.06659	5.60947	2.55624	3.06659	6.11572	5.60947	2.55624	3.06659	3.06659	2.55624	5.10235	2.55624	2.55624	5.10235	4.59442	2.04548	2.55624	2.55624	2.04548	4.08576	2.04548	2.55624	4.59442	2.04548	2.04548	4.08576	2.04548	2.04548	3.57646	1.5344	2.04548	4.08576	2.04548	2.04548	2.04548	2.04548	3.57646	3.57646	2.04548	2.04548	3.57646	1.5344	1.5344	1.5344	1.5344	3.06659	3.57646	2.04548	2.04548	3.57646	1.5344	2.04548	2.04548	2.55624	4.08576	1.5344	1.5344	3.57646	3.57646	1.5344	2.04548	2.04548	2.04548	3.57646	1.5344	2.04548	2.04548	3.57646	3.57646	1.5344	1.5344	2.04548	3.57646	1.5344	1.5344	1.5344	1.5344	3.06659	2.55624	1.02307	1.02307	2.55624	1.5344	1.02307	1.02307	1.02307	2.55624	1.5344	1.02307	2.55624	2.55624	1.02307	1.5344	1.5344	1.02307	2.55624	1.5344	1.5344	3.06659	3.06659	1.5344	1.5344	1.5344	1.5344	3.06659	1.5344	1.5344	3.06659	1.5344	2.04548	3.57646	1.5344	2.04548	3.57646	1.5344	2.04548	4.08576	2.04548	1.5344	1.5344	2.04548	4.08576	4.08576	2.04548	2.04548	4.08576	2.04548	2.04548	2.04548	2.04548	3.57646	4.08576	2.55624	2.04548	4.08576	2.04548	2.04548	2.04548	2.04548	4.08576	4.08576	2.04548	2.04548	4.08576	2.04548	2.04548	2.04548	2.04548	4.08576	2.04548	2.04548	3.57646
2.55601	3.06632	6.11518	6.11518	3.06632	3.06632	6.62042	3.57614	3.06632	3.06632	3.06632	6.11518	3.06632	2.55601	5.10189	5.10189	2.55601	2.55601	2.55601	1.53426	3.57614	2.0453	1.53426	3.06632	2.55601	1.02298	1.53426	1.53426	1.53426	3.06632	1.53426	1.53426	3.57614	2.0453	2.0453	4.0854	4.0854	2.0453	1.53426	1.53426	1.53426	2.55601	1.02298	0.511528	0.511528	0.511528	0.511528	0	0	0	0.511528	0.511528	0.511528	0.511528	0.511528	1.53426	1.53426	0.511528	1.02298	2.0453	1.02298	1.02298	1.02298	1.53426	3.57614	2.0453	1.53426	3.57614	4.59401	2.55601	2.55601	2.55601	2.55601	5.10189	2.55601	3.06632	3.06632	4.59401	4.59401	2.55601	2.55601	2.55601	4.59401	2.0453	2.55601	2.55601	2.0453	4.0854	4.0854	2.0453	2.0453	4.0854	2.0453	2.55601	2.55601	2.0453	4.59401	2.55601	2.55601	5.10189	5.60898	3.06632	2.55601	2.55601	3.06632	5.60898	2.55601	3.06632	6.11518	5.60898	2.55601	3.06632	3.06632	2.55601	5.10189	2.55601	2.55601	5.10189	4.59401	2.0453	2.55601	2.55601	2.0453	4.0854	2.0453	2.55601	4.59401	2.0453	2.0453	4.0854	2.0453	2.0453	3.57614	1.53426	2.0453	4.0854	2.0453	2.0453	2.0453	2.0453	3.57614	3.57614	2.0453	2.0453	3.57614	1.53426	1.53426	1.53426	1.53426	3.06632	3.57614	2.0453	2.0453	3.57614	1.53426	2.0453	2.0453	2.55601	4.0854	1.53426	1.53426	3.57614	3.57614	1.53426	2.0453	2.0453	2.0453	3.57614	1.53426	2.0453	2.0453	3.57614	3.57614	1.53426	1.53426	2.0453	3.57614	1.53426	1.53426	1.53426	1.53426	3.06632	2.55601	1.02298	1.02298	2.55601	1.53426	1.02298	1.02298	1.02298	2.55601	1.53426	1.02298	2.55601	2.55601	1.02298	1.53426	1.53426	1.02298	2.55601	1.53426	1.53426	3.06632	3.06632	1.53426	1.53426	1.53426	1.53426	3.06632	1.53426	1.53426	3.06632	1.53426	2.0453	3.57614	1.53426	2.0453	3.57614	1.53426	2.0453	4.0854	2.0453	1.53426	1.53426	2.0453	4.0854	4.0854	2.0453	2.0453	4.0854	2.0453	2.0453	2.0453	2.0453	3.57614	4.0854	2.55601	2.0453	4.0854	2.0453	2.0453	2.0453	2.0453	4.0854	4.0854	2.0453	2.0453	4.0854	2.0453	2.0453	2.0453	2.0453	4.0854	2.0453	2.0453	3.57614
2.55574	3.06599	6.11453	6.11453	3.06599	3.06599	6.61972	3.57576	3.06599	3.06599	3.06599	6.11453	3.06599	2.55574	5.10135	5.10135	2.55574	2.55574	2.55574	1.5341	3.57576	2.04508	1.5341	3.06599	2.55574	1.02287	1.5341	1.5341	1.5341	3.06599	1.5341	1.5341	3.57576	2.04508	2.04508	4.08496	4.08496	2.04508	1.5341	1.5341	1.5341	2.55574	1.02287	0.511474	0.511474	0.511474	0.511474	0	0	0	0.511474	0.511474	0.511474	0.511474	0.511474	1.5341	1.5341	0.511474	1.02287	2.04508	1.02287	1.02287	1.02287	1.5341	3.57576	2.04508	1.5341	3.57576	4.59352	2.55574	2.55574	2.55574	2.55574	5.10135	2.55574	3.06599	3.06599	4.59352	4.59352	2.55574	2.55574	2.55574	4.59352	2.04508	2.55574	2.55574	2.04508	4.08496	4.08496	2.04508	2.04508	4.08496	2.04508	2.55574	2.55574	2.04508	4.59352	2.55574	2.55574	5.10135	5.60838	3.06599	2.55574	2.55574	3.06599	5.60838	2.55574	3.06599	6.11453	5.60838	2.55574	3.06599	3.06599	2.55574	5.10135	2.55574	2.55574	5.10135	4.59352	2.04508	2.55574	2.55574	2.04508	4.08496	2.04508	2.55574	4.59352	2.04508	2.04508	4.08496	2.04508	2.04508	3.57576	1.5341	2.04508	4.08496	2.04508	2.04508	2.04508	2.04508	3.57576	3.57576	2.04508	2.04508	3.57576	1.5341	1.5341	1.5341	1.5341	3.06599	3.57576	2.04508	2.04508	3.57576	1.5341	2.04508	2.04508	2.55574	4.08496	1.5341	1.5341	3.57576	3.57576	1.5341	2.04508	2.04508	2.04508	3.57576	1.5341	2.04508	2.04508	3.57576	3.57576	1.5341	1.5341	2.04508	3.57576	1.5341	1.5341	1.5341	1.5341	3.06599	2.55574	1.02287	1.02287	2.55574	1.5341	1.02287	1.02287	1.02287	2.55574	1.5341	1.02287	2.55574	2.55574	1.02287	1.5341	1.5341	1.02287	2.55574	1.5341	1.5341	3.06599	3.06599	1.5341	1.5341	1.5341	1.5341	3.06599	1.5341	1.5341	3.06599	1.5341	2.04508	3.57576	1.5341	2.04508	3.57576	1.5341	2.04508	4.08496	2.04508	1.5341	1.5341	2.04508	4.08496	4.08496	2.04508	2.04508	4.08496	2.04508	2.04508	2.04508	2.04508	3.57576	4.08496	2.55574	2.04508	4.08496	2.04508	2.04508	2.04508	2.04508	4.08496	4.08496	2.04508	2.04508	4.08496	2.04508	2.04508	2.04508	2.04508	4.08496	2.04508	2.04508	3.57576
2.97954	3.4268	6.21066	6.2828	3.68304	3.68304	6.76313	4.34651	4.33157	4.33157	4.33157	6.77502	4.5257	4.39113	6.21852	6.18999	4.63893	4.8573	5.07886	4.84064	5.83644	5.32751	5.32449	5.98913	5.98916	5.69951	5.90246	6.14843	6.30098	6.88795	6.64127	6.79184	7.50838	6.92281	6.92281	7.75933	7.72016	6.60244	6.21095	5.96762	5.72492	5.86954	5.20163	4.90711	4.40595	4.22932	4.48259	4.59335	4.59335	4.7221	5.01479	5.12647	5.12647	5.12647	5.12647	5.16731	5.08208	5.01479	5.05336	5.09161	4.7049	4.7049	4.7049	4.84064	5.63391	4.62496	4.36152	5.24178	5.61376	4.00848	3.98816	3.98816	3.98816	5.94306	3.98816	4.15173	3.97589	5.59643	5.86665	4.39113	4.39113	4.5685	6.32628	4.96283	5.25108	5.25108	5.02442	6.3136	6.50427	5.49177	5.49177	6.52155	5.49177	5.69946	5.69946	5.49177	6.84815	5.69946	5.52985	6.84109	7.23048	5.51519	5.25108	5.25108	5.51519	7.23048	5.25108	5.33958	7.12787	6.60224	4.39113	4.5257	4.33532	3.98816	5.94306	3.98816	3.80894	5.47391	4.96267	2.89077	3.27133	3.27133	2.89077	4.56484	2.89077	3.09223	4.92665	2.89639	2.71038	4.29009	2.55556	2.55556	4.05671	2.53638	2.89077	4.56484	2.89077	2.89077	2.89077	2.89077	4.29011	4.24831	2.89641	2.89077	4.11633	2.5556	2.5556	2.5556	2.5556	3.85975	4.24831	2.89641	2.89077	4.11633	2.5556	2.89077	2.89077	2.91321	4.19831	2.17639	2.16888	3.72252	3.79602	2.17639	2.37702	2.23554	2.28605	3.71814	1.84342	2.28605	2.28605	3.71814	3.71814	1.84342	1.84342	2.11552	3.6564	1.88718	1.84342	1.84342	1.84342	3.23123	2.91876	1.81669	1.84346	2.97954	2.16888	2.02089	2.2356	2.45804	3.43633	2.58731	2.45804	3.43633	3.43633	2.68626	2.80498	2.58731	2.45804	3.61623	2.97962	2.80498	3.65201	3.68304	2.5556	2.5556	2.5556	2.37706	3.37417	2.16888	2.16888	3.59815	2.53638	2.71038	3.82589	2.16888	2.55556	3.88907	2.16888	2.37702	4.12024	2.28605	1.84342	1.84342	2.28605	4.20988	4.20988	2.28605	2.28605	4.05669	2.02082	2.10778	2.10778	2.26452	3.96353	4.27871	2.68617	2.28605	4.20988	2.28605	2.28605	2.28605	2.28605	4.20988	4.20988	2.28605	2.28605	4.20988	2.28605	2.28605	2.28605	2.28605	4.20988	2.28605	2.11552	3.6564
2.97924	3.42645	5.96673	6.04185	3.68266	3.68266	6.28983	3.97143	4.33115	4.33115	4.33115	6.5527	4.36476	4.39071	6.21789	5.98842	4.51097	4.73531	4.96238	4.84021	5.69039	5.2414	5.32401	5.869	5.89096	5.699	5.84706	6.09529	6.30041	6.78409	6.59214	6.79123	7.50769	6.92219	6.92219	7.75861	7.85865	6.68881	6.2825	6.04219	5.80274	5.98858	5.20117	5.0111	4.52179	4.21357	4.4677	4.59295	4.59295	4.73538	5.05291	5.12602	5.12602	5.12602	5.12602	5.10387	5.08162	5.05291	5.01434	5.00139	4.70447	4.70447	4.70447	4.84021	5.48236	4.52535	4.36112	5.07833	5.23197	3.85946	3.98778	3.98778	3.98778	5.94246	3.98778	3.97553	3.79145	6.03923	6.2899	4.39071	4.39071	4.72155	6.7197	5.07839	5.25059	5.25059	5.02396	6.48383	6.66944	5.49127	5.49127	6.52093	5.49127	5.69894	5.69894	5.49127	6.84749	5.69894	5.42319	6.65978	7.22976	5.51468	5.25059	5.25059	5.51468	7.22976	5.25059	5.20419	6.7197	6.39388	4.39071	4.36476	4.16696	3.98778	5.94246	3.98778	3.65172	5.03019	4.73511	2.89049	3.27101	3.27101	2.89049	4.56437	2.89049	2.89611	4.92613	3.09192	2.53613	4.05629	2.5553	2.5553	4.28964	2.71011	2.89049	4.56437	2.89049	2.89049	2.89049	2.89049	4.5108	4.24788	2.73409	2.89049	4.11591	2.55536	2.55536	2.55536	2.55536	4.0723	4.24788	2.73409	2.89049	4.11591	2.55536	2.89049	2.89049	2.52968	3.95903	2.37678	2.16867	3.4876	3.79562	2.37678	2.17617	2.02064	2.28581	3.71775	1.84324	2.28581	2.28581	3.71775	3.71775	1.84324	1.84324	1.88698	3.65601	2.1153	1.84324	1.84324	1.84324	3.23089	3.15442	1.9881	1.84329	2.97924	2.16867	2.17619	2.37683	2.58707	3.43599	2.45781	2.58707	3.43599	3.43599	2.80472	2.68601	2.45781	2.58707	3.80853	2.97934	2.68601	3.45015	3.68266	2.55536	2.55536	2.55536	2.23539	3.15445	2.16867	2.16867	3.82549	2.71011	2.53613	3.59778	2.16867	2.5553	3.88867	2.16867	2.17617	3.8761	2.28581	1.84324	1.84324	2.28581	4.20943	4.20943	2.28581	2.28581	3.80843	1.78014	2.10756	2.10756	2.51019	4.4565	4.27826	2.45771	2.28581	4.20943	2.28581	2.28581	2.28581	2.28581	4.20943	4.20943	2.28581	2.28581	4.20943	2.28581	2.28581	2.28581	2.28581	4.20943	2.28581	1.88698	3.65601
2.55501	3.06512	5.60679	5.60679	3.06512	3.06512	5.60679	2.55501	3.06512	3.06512	3.06512	5.60679	2.55501	2.55501	5.0999	4.59221	2.0445	2.0445	2.0445	1.53366	3.06512	1.53366	1.53366	2.55501	2.0445	1.02257	1.02257	1.02257	1.53366	2.55501	1.02257	1.53366	3.57474	2.0445	2.0445	4.0838	4.59221	2.55501	2.0445	2.0445	2.0445	3.06512	1.02257	1.53366	1.53366	0	0	0	0	0.511328	1.02257	0.511328	0.511328	0.511328	0.511328	1.02257	1.53366	1.02257	0.511328	1.53366	1.02257	1.02257	1.02257	1.53366	3.06512	1.53366	1.53366	3.06512	3.57474	2.0445	2.55501	2.55501	2.55501	5.0999	2.55501	2.55501	2.55501	5.60679	5.60679	2.55501	2.55501	3.06512	5.60679	2.55501	2.55501	2.55501	2.0445	4.59221	4.59221	2.0445	2.0445	4.0838	2.0445	2.55501	2.55501	2.0445	4.59221	2.55501	2.0445	4.59221	5.60679	3.06512	2.55501	2.55501	3.06512	5.60679	2.55501	2.55501	5.0999	5.0999	2.55501	2.55501	2.55501	2.55501	5.0999	2.55501	2.0445	4.0838	4.0838	2.0445	2.55501	2.55501	2.0445	4.0838	2.0445	2.0445	4.59221	2.55501	1.53366	3.57474	2.0445	2.0445	4.0838	2.0445	2.0445	4.0838	2.0445	2.0445	2.0445	2.0445	4.0838	3.57474	1.53366	2.0445	3.57474	1.53366	1.53366	1.53366	1.53366	3.57474	3.57474	1.53366	2.0445	3.57474	1.53366	2.0445	2.0445	1.53366	3.57474	2.0445	1.53366	3.06512	3.57474	2.0445	1.53366	1.53366	2.0445	3.57474	1.53366	2.0445	2.0445	3.57474	3.57474	1.53366	1.53366	1.53366	3.57474	2.0445	1.53366	1.53366	1.53366	3.06512	3.06512	1.53366	1.02257	2.55501	1.53366	1.53366	1.53366	1.53366	2.55501	1.02257	1.53366	2.55501	2.55501	1.53366	1.02257	1.02257	1.53366	3.06512	1.53366	1.02257	2.55501	3.06512	1.53366	1.53366	1.53366	1.02257	2.55501	1.53366	1.53366	3.57474	2.0445	1.53366	3.06512	1.53366	2.0445	3.57474	1.53366	1.53366	3.57474	2.0445	1.53366	1.53366	2.0445	4.0838	4.0838	2.0445	2.0445	3.57474	1.53366	2.0445	2.0445	2.55501	4.59221	4.0838	2.0445	2.0445	4.0838	2.0445	2.0445	2.0445	2.0445	4.0838	4.0838	2.0445	2.0445	4.0838	2.0445	2.0445	2.0445	2.0445	4.0838	2.0445	1.53366	3.57474
2.55478	3.06485	5.60629	5.60629	3.06485	3.06485	5.60629	2.55478	3.06485	3.06485	3.06485	5.60629	2.55478	2.55478	5.09945	4.5918	2.04431	2.04431	2.04431	1.53352	3.06485	1.53352	1.53352	2.55478	2.04431	1.02248	1.02248	1.02248	1.53352	2.55478	1.02248	1.53352	3.57442	2.04431	2.04431	4.08344	4.5918	2.55478	2.04431	2.04431	2.04431	3.06485	1.02248	1.53352	1.53352	0	0	0	0	0.511282	1.02248	0.511282	0.511282	0.511282	0.511282	1.02248	1.53352	1.02248	0.511282	1.53352	1.02248	1.02248	1.02248	1.53352	3.06485	1.53352	1.53352	3.06485	3.57442	2.04431	2.55478	2.55478	2.55478	5.09945	2.55478	2.55478	2.55478	5.60629	5.60629	2.55478	2.55478	3.06485	5.60629	2.55478	2.55478	2.55478	2.04431	4.5918	4.5918	2.04431	2.04431	4.08344	2.04431	2.55478	2.55478	2.04431	4.5918	2.55478	2.04431	4.5918	5.60629	3.06485	2.55478	2.55478	3.06485	5.60629	2.55478	2.55478	5.09945	5.09945	2.55478	2.55478	2.55478	2.55478	5.09945	2.55478	2.04431	4.08344	4.08344	2.04431	2.55478	2.55478	2.04431	4.08344	2.04431	2.04431	4.5918	2.55478	1.53352	3.57442	2.04431	2.04431	4.08344	2.04431	2.04431	4.08344	2.04431	2.04431	2.04431	2.04431	4.08344	3.57442	1.53352	2.04431	3.57442	1.53352	1.53352	1.53352	1.53352	3.57442	3.57442	1.53352	2.04431	3.57442	1.53352	2.04431	2.04431	1.53352	3.57442	2.04431	1.53352	3.06485	3.57442	2.04431	1.53352	1.53352	2.04431	3.57442	1.53352	2.04431	2.04431	3.57442	3.57442	1.53352	1.53352	1.53352	3.57442	2.04431	1.53352	1.53352	1.53352	3.06485	3.06485	1.53352	1.02248	2.55478	1.53352	1.53352	1.53352	1.53352	2.55478	1.02248	1.53352	2.55478	2.55478	1.53352	1.02248	1.02248	1.53352	3.06485	1.53352	1.02248	2.55478	3.06485	1.53352	1.53352	1.53352	1.02248	2.55478	1.53352	1.53352	3.57442	2.04431	1.53352	3.06485	1.53352	2.04431	3.57442	1.53352	1.53352	3.57442	2.04431	1.53352	1.53352	2.04431	4.08344	4.08344	2.04431	2.04431	3.57442	1.53352	2.04431	2.04431	2.55478	4.5918	4.08344	2.04431	2.04431	4.08344	2.04431	2.04431	2.04431	2.04431	4.08344	4.08344	2.04431	2.04431	4.08344	2.04431	2.04431	2.04431	2.04431	4.08344	2.04431	1.53352	3.57442
2.55451	3.06452	5.60569	5.60569	3.06452	3.06452	5.60569	2.55451	3.06452	3.06452	3.06452	5.60569	2.55451	2.55451	5.0989	4.59131	2.0441	2.0441	2.0441	1.53336	3.06452	1.53336	1.53336	2.55451	2.0441	1.02237	1.02237	1.02237	1.53336	2.55451	1.02237	1.53336	3.57404	2.0441	2.0441	4.083	4.59131	2.55451	2.0441	2.0441	2.0441	3.06452	1.02237	1.53336	1.53336	0	0	0	0	0.511227	1.02237	0.511227	0.511227	0.511227	0.511227	1.02237	1.53336	1.02237	0.511227	1.53336	1.02237	1.02237	1.02237	1.53336	3.06452	1.53336	1.53336	3.06452	3.57404	2.0441	2.55451	2.55451	2.55451	5.0989	2.55451	2.55451	2.55451	5.60569	5.60569	2.55451	2.55451	3.06452	5.60569	2.55451	2.55451	2.55451	2.0441	4.59131	4.59131	2.0441	2.0441	4.083	2.0441	2.55451	2.55451	2.0441	4.59131	2.55451	2.0441	4.59131	5.60569	3.06452	2.55451	2.55451	3.06452	5.60569	2.55451	2.55451	5.0989	5.0989	2.55451	2.55451	2.55451	2.55451	5.0989	2.55451	2.0441	4.083	4.083	2.0441	2.55451	2.55451	2.0441	4.083	2.0441	2.0441	4.59131	2.55451	1.53336	3.57404	2.0441	2.0441	4.083	2.0441	2.0441	4.083	2.0441	2.0441	2.0441	2.0441	4.083	3.57404	1.53336	2.0441	3.57404	1.53336	1.53336	1.53336	1.53336	3.57404	3.57404	1.53336	2.0441	3.57404	1.53336	2.0441	2.0441	1.53336	3.57404	2.0441	1.53336	3.06452	3.57404	2.0441	1.53336	1.53336	2.0441	3.57404	1.53336	2.0441	2.0441	3.57404	3.57404	1.53336	1.53336	1.53336	3.57404	2.0441	1.53336	1.53336	1.53336	3.06452	3.06452	1.53336	1.02237	2.55451	1.53336	1.53336	1.53336	1.53336	2.55451	1.02237	1.53336	2.55451	2.55451	1.53336	1.02237	1.02237	1.53336	3.06452	1.53336	1.02237	2.55451	3.06452	1.53336	1.53336	1.53336	1.02237	2.55451	1.53336	1.53336	3.57404	2.0441	1.53336	3.06452	1.53336	2.0441	3.57404	1.53336	1.53336	3.57404	2.0441	1.53336	1.53336	2.0441	4.083	4.083	2.0441	2.0441	3.57404	1.53336	2.0441	2.0441	2.55451	4.59131	4.083	2.0441	2.0441	4.083	2.0441	2.0441	2.0441	2.0441	4.083	4.083	2.0441	2.0441	4.083	2.0441	2.0441	2.0441	2.0441	4.083	2.0441	1.53336	3.57404
2.58599	3.15323	5.56479	5.72475	3.80707	3.97398	6.20774	3.98624	4.33324	4.52352	4.74369	6.87286	5.24856	5.30062	7.02275	7.27123	6.43923	6.521	6.76256	6.7886	7.28009	6.7886	6.88471	7.39554	7.40203	7.19176	7.19176	7.19176	7.28014	7.48141	6.83801	6.7886	7.45571	6.59929	6.43923	7.29977	7.40406	6.1533	5.88868	5.65414	5.56213	6.20793	5.69679	5.80883	5.80883	5.60549	5.60549	5.60549	5.60549	5.62846	5.84478	6.01852	6.13241	6.13241	6.26984	6.58958	6.6381	6.30053	6.26984	6.69584	6.69346	6.69346	6.69346	6.6381	6.88466	6.29797	6.29797	6.99543	7.45571	6.91951	6.92181	6.68623	6.45167	7.74324	6.55045	6.61627	6.61627	8.26411	8.26411	6.78147	7.01373	7.11343	8.45027	7.01373	7.08414	7.08414	7.07737	8.23722	8.23722	7.31735	7.40203	8.18693	7.40203	7.39554	7.15829	6.91951	7.85564	6.68623	6.43923	7.62289	8.08719	6.4317	5.98629	5.75585	5.76701	7.21154	5.24856	5.07642	6.50111	6.51836	4.81145	4.63671	4.42213	4.38902	6.03966	4.00656	3.68134	5.09855	4.92106	3.29458	3.42995	3.25481	2.88938	4.56265	2.88938	2.88938	4.85482	2.93962	2.3483	4.16528	2.88938	2.88938	4.56265	2.88938	2.88938	4.3926	2.53514	2.55433	2.55433	2.55433	4.35925	3.8872	2.16784	2.55433	4.05476	2.53516	2.55437	2.55437	2.55437	3.94113	3.82405	2.16784	2.55433	3.8872	2.16784	2.37588	2.23446	2.01987	3.7942	2.23446	1.84254	3.22967	3.56007	2.01985	1.61612	1.61612	2.10677	3.60992	1.61612	2.10677	2.10677	3.60992	3.60992	1.61612	1.61612	1.61612	3.60992	2.10677	1.61612	1.61612	1.61612	3.25474	3.31416	1.84254	1.62622	3.02688	2.16784	2.16784	2.16784	1.98734	2.85533	1.81581	2.16784	3.15326	3.11694	2.17536	2.01991	2.23452	2.37592	3.37255	2.16784	1.84257	2.97811	3.42515	2.16784	1.98734	1.81579	1.62622	3.02688	2.16784	2.16784	3.72073	2.23446	1.84254	3.22967	1.84254	2.11451	3.65464	1.88627	1.84254	3.56007	2.01985	1.77947	1.88627	2.28495	4.20786	4.20786	2.28495	2.11451	3.65464	1.88627	2.28495	2.28495	2.58599	4.65396	4.3031	2.28495	2.28495	4.20786	2.28495	2.28495	2.28495	2.28495	4.20786	4.05474	2.01985	2.10677	4.1143	2.10677	2.10677	2.10677	2.10677	3.97389	1.92052	1.66582	3.72071
2.34805	2.9171	5.07897	5.25407	3.61417	3.78966	5.98557	3.98589	4.16499	4.3627	4.46187	6.48818	5.2481	5.18931	6.53999	6.98332	6.43866	6.45113	6.69525	6.78799	7.27945	6.78799	6.8374	7.31671	7.40137	7.19113	7.19113	7.19113	7.2795	7.57402	6.8841	6.78799	7.58239	6.68564	6.43866	7.44643	7.56548	6.15276	5.98576	5.75534	5.47984	6.09233	5.69628	5.80831	5.80831	5.605	5.605	5.605	5.605	5.62796	5.89911	6.04999	6.13187	6.13187	6.29997	6.63751	6.589	6.26929	6.29997	6.76196	6.69287	6.69287	6.69287	6.589	6.78087	6.29741	6.29741	7.11277	7.58239	6.9189	6.83738	6.59871	6.36085	7.74255	6.65677	6.61569	6.61569	8.26338	8.26338	6.88405	7.1128	7.01312	8.44953	7.1128	7.08351	7.08351	7.15766	8.23649	8.23649	7.39488	7.40137	8.18621	7.40137	7.31671	7.07674	6.9189	7.7158	6.59871	6.43866	7.62222	7.9195	6.32029	5.88816	5.65364	5.6422	7.02209	5.2481	4.96001	6.30999	6.51778	4.81102	4.50882	4.28778	4.38863	5.83304	3.85763	3.68102	5.0981	4.71926	3.15305	3.25454	3.06936	2.88912	4.56224	2.88912	2.88912	4.62217	2.73275	2.53491	4.39221	2.88912	2.88912	4.56224	2.88912	2.88912	4.16491	2.34809	2.5541	2.5541	2.5541	4.35886	3.88686	2.16765	2.5541	4.28765	2.70883	2.55414	2.55414	2.55414	3.72043	3.59611	2.16765	2.5541	3.88686	2.16765	2.17514	2.01969	2.23426	3.79386	2.01969	1.84237	3.22939	3.31387	1.77931	1.61598	1.61598	2.10658	3.60959	1.61598	2.10658	2.10658	3.60959	3.60959	1.61598	1.61598	1.61598	3.60959	2.10658	1.61598	1.61598	1.61598	3.50455	3.55975	1.84237	1.81563	3.25448	2.16765	2.16765	2.16765	1.81565	2.85508	1.98716	2.16765	3.37225	3.11667	2.01973	2.17516	2.3757	2.23432	3.15298	2.16765	1.84241	2.97785	3.42485	2.16765	1.81565	1.62607	1.81563	3.25448	2.16765	2.16765	3.48598	2.01969	1.84237	3.22939	1.84237	1.8861	3.65432	2.11432	1.84237	3.31387	1.77931	2.01967	2.11432	2.28474	4.20748	4.20748	2.28474	1.8861	3.65432	2.11432	2.28474	2.28474	2.34805	4.65355	4.55154	2.28474	2.28474	4.20748	2.28474	2.28474	2.28474	2.28474	4.20748	3.80666	1.77931	2.10658	4.11394	2.10658	2.10658	2.10658	2.10658	3.72038	1.66567	1.92035	3.97354
2.04351	2.55378	4.59001	4.59001	2.55378	2.55378	5.09746	2.55378	2.55378	2.55378	2.04351	4.59001	2.55378	2.04351	3.57303	3.57303	2.04351	1.53292	1.53292	1.53292	3.06365	1.53292	1.02208	2.04351	2.04351	1.02208	1.02208	1.02208	1.53292	3.06365	1.53292	1.53292	4.08184	2.55378	2.04351	4.59001	5.09746	2.55378	2.55378	2.55378	1.53292	2.55378	1.02208	1.53292	1.53292	0	0	0	0	0.511081	1.53292	1.02208	0.511081	0.511081	1.02208	1.53292	1.02208	0.511081	1.02208	2.04351	1.02208	1.02208	1.02208	1.02208	2.55378	1.53292	1.53292	3.57303	4.08184	2.04351	2.04351	2.04351	2.04351	5.09746	3.06365	2.55378	2.55378	5.6041	5.6041	3.06365	3.06365	2.55378	5.6041	3.06365	2.55378	2.55378	2.55378	4.59001	4.59001	2.55378	2.04351	4.08184	2.04351	2.04351	2.04351	2.04351	4.08184	2.04351	2.04351	4.59001	5.09746	2.55378	2.04351	2.04351	2.55378	5.09746	2.55378	2.04351	4.59001	5.09746	2.55378	2.04351	2.04351	2.55378	4.59001	2.04351	2.04351	4.08184	3.57303	1.53292	2.04351	2.04351	2.04351	4.08184	2.04351	2.04351	4.08184	2.04351	2.04351	4.08184	2.04351	2.04351	4.08184	2.04351	2.04351	3.57303	1.53292	2.04351	2.04351	2.04351	4.08184	3.57303	1.53292	2.04351	4.08184	2.04351	1.53292	1.53292	1.53292	3.06365	3.06365	1.53292	2.04351	3.57303	1.53292	1.53292	1.53292	2.04351	3.57303	1.53292	1.53292	3.06365	3.06365	1.53292	1.53292	1.53292	2.04351	3.57303	1.53292	2.04351	2.04351	3.57303	3.57303	1.53292	1.53292	1.53292	3.57303	2.04351	1.53292	1.53292	1.53292	3.57303	3.57303	1.53292	1.53292	3.06365	1.53292	1.53292	1.53292	1.02208	2.55378	1.53292	1.53292	3.06365	2.55378	1.02208	1.53292	1.53292	1.02208	2.55378	1.53292	1.02208	2.55378	3.06365	1.53292	1.02208	1.02208	1.53292	3.06365	1.53292	1.53292	3.06365	1.53292	1.53292	3.06365	1.53292	1.53292	3.57303	2.04351	1.53292	3.06365	1.53292	2.04351	2.04351	2.04351	4.08184	4.08184	2.04351	1.53292	3.57303	2.04351	2.04351	2.04351	2.04351	4.59001	4.59001	2.04351	2.04351	4.08184	2.04351	2.04351	2.04351	2.04351	4.08184	3.57303	1.53292	2.04351	4.08184	2.04351	2.04351	2.04351	2.04351	3.57303	1.53292	2.04351	4.08184
2.04333	2.55355	4.5896	4.5896	2.55355	2.55355	5.097	2.55355	2.55355	2.55355	2.04333	4.5896	2.55355	2.04333	3.57271	3.57271	2.04333	1.53278	1.53278	1.53278	3.06337	1.53278	1.02199	2.04333	2.04333	1.02199	1.02199	1.02199	1.53278	3.06337	1.53278	1.53278	4.08148	2.55355	2.04333	4.5896	5.097	2.55355	2.55355	2.55355	1.53278	2.55355	1.02199	1.53278	1.53278	0	0	0	0	0.511036	1.53278	1.02199	0.511036	0.511036	1.02199	1.53278	1.02199	0.511036	1.02199	2.04333	1.02199	1.02199	1.02199	1.02199	2.55355	1.53278	1.53278	3.57271	4.08148	2.04333	2.04333	2.04333	2.04333	5.097	3.06337	2.55355	2.55355	5.60361	5.60361	3.06337	3.06337	2.55355	5.60361	3.06337	2.55355	2.55355	2.55355	4.5896	4.5896	2.55355	2.04333	4.08148	2.04333	2.04333	2.04333	2.04333	4.08148	2.04333	2.04333	4.5896	5.097	2.55355	2.04333	2.04333	2.55355	5.097	2.55355	2.04333	4.5896	5.097	2.55355	2.04333	2.04333	2.55355	4.5896	2.04333	2.04333	4.08148	3.57271	1.53278	2.04333	2.04333	2.04333	4.08148	2.04333	2.04333	4.08148	2.04333	2.04333	4.08148	2.04333	2.04333	4.08148	2.04333	2.04333	3.57271	1.53278	2.04333	2.04333	2.04333	4.08148	3.57271	1.53278	2.04333	4.08148	2.04333	1.53278	1.53278	1.53278	3.06337	3.06337	1.53278	2.04333	3.57271	1.53278	1.53278	1.53278	2.04333	3.57271	1.53278	1.53278	3.06337	3.06337	1.53278	1.53278	1.53278	2.04333	3.57271	1.53278	2.04333	2.04333	3.57271	3.57271	1.53278	1.53278	1.53278	3.57271	2.04333	1.53278	1.53278	1.53278	3.57271	3.57271	1.53278	1.53278	3.06337	1.53278	1.53278	1.53278	1.02199	2.55355	1.53278	1.53278	3.06337	2.55355	1.02199	1.53278	1.53278	1.02199	2.55355	1.53278	1.02199	2.55355	3.06337	1.53278	1.02199	1.02199	1.53278	3.06337	1.53278	1.53278	3.06337	1.53278	1.53278	3.06337	1.53278	1.53278	3.57271	2.04333	1.53278	3.06337	1.53278	2.04333	2.04333	2.04333	4.08148	4.08148	2.04333	1.53278	3.57271	2.04333	2.04333	2.04333	2.04333	4.5896	4.5896	2.04333	2.04333	4.08148	2.04333	2.04333	2.04333	2.04333	4.08148	3.57271	1.53278	2.04333	4.08148	2.04333	2.04333	2.04333	2.04333	3.57271	1.53278	2.04333	4.08148
1.95346	2.50831	4.55025	4.6068	2.80251	2.93852	5.25258	3.42867	3.61316	3.80569	3.71946	5.60898	4.63498	4.62102	5.62912	5.80657	5.02014	4.91937	5.16291	5.31996	5.93816	5.31996	5.1972	5.4871	5.4871	5.1972	5.09998	4.85322	4.83652	5.54841	5.16291	5.23741	6.32096	5.52514	5.4871	6.84234	7.18891	5.69461	5.75371	5.98407	5.72005	5.9219	5.54848	5.89744	6.14321	6.23668	6.48901	6.87053	7.37338	7.77135	8.31103	8.57211	8.90347	9.39985	9.67035	9.87752	10.1913	10.5038	10.6556	10.795	10.6556	10.6556	10.6556	10.6556	10.8982	10.7139	10.5749	10.7791	10.8753	10.3103	10.1652	9.92187	9.97229	10.8939	9.76726	9.4599	9.4599	10.4859	10.2752	8.97588	8.74032	8.50341	9.6523	8.2708	8.18591	8.42287	8.34721	8.91222	8.69669	7.63063	7.39928	8.18391	7.39928	7.39928	7.39928	7.24443	7.79579	6.91694	6.91694	7.85274	7.77324	6.21599	5.95984	5.95984	5.98407	7.01329	5.29865	5.02014	6.29803	6.49869	4.80966	4.56109	4.56109	4.63498	5.60898	3.71946	3.67997	4.91922	4.53965	3.37138	3.50368	3.29335	3.26858	4.63487	2.89394	2.8883	4.56095	2.8883	2.8883	4.56095	2.8883	2.8883	4.56095	2.8883	2.8883	4.28645	2.93858	3.08963	2.89394	2.8883	4.56095	4.11282	2.55341	2.8883	4.39096	2.53419	2.16703	2.16703	2.16703	3.42387	3.42387	2.16703	2.37499	3.63101	1.84185	1.84185	1.84185	2.11371	3.50355	1.61552	1.61552	3.10527	3.10527	1.61552	1.77881	1.88556	2.11371	3.65328	1.88556	2.11371	2.01909	3.75406	3.80558	1.84185	1.84185	1.84185	3.55874	2.01909	1.77881	1.88556	1.84185	3.55874	3.50355	1.61552	1.77881	3.31292	1.84185	1.66522	1.54326	1.31506	2.82561	1.84185	1.84185	3.22847	2.91627	1.81513	1.98659	1.81511	1.62561	2.85426	1.81511	1.62561	2.85426	3.15205	1.84185	1.62561	1.81513	1.98659	3.15205	1.84185	1.84185	3.22847	1.84185	1.84185	3.22847	1.84185	1.84185	3.55874	2.01909	1.77881	3.31292	1.84185	2.28409	2.28409	2.28409	4.05322	4.00493	2.10598	1.77881	3.80558	2.28409	2.28409	2.28409	2.28409	4.55025	4.50736	2.10598	2.10598	4.11277	2.10598	2.10598	2.10598	2.10598	4.11277	3.75406	1.88556	2.28409	4.05322	2.01909	2.10598	2.10598	2.10598	3.60857	1.61552	2.10598	3.9724
1.70373	2.26235	4.30104	4.36087	2.58478	2.7317	4.78881	3.2533	3.44725	3.6486	3.59486	5.22752	4.50712	4.52149	5.4777	5.80602	5.01968	4.85278	5.09952	5.31948	5.9376	5.31948	5.19674	5.4866	5.4866	5.19674	5.16244	4.91893	4.83608	5.41855	5.09952	5.32249	6.32036	5.41858	5.4866	6.84168	7.18822	5.69409	5.65152	5.88595	5.79781	5.92136	5.51302	5.84208	6.09011	6.24643	6.49832	6.90709	7.40728	7.79521	8.43153	8.60822	8.95928	9.45244	9.6695	9.92099	10.2638	10.5207	10.6547	10.7941	10.6547	10.6547	10.6547	10.6547	10.8973	10.713	10.5444	10.7028	10.8744	10.3094	10.1211	9.87665	10.0278	10.7838	9.63692	9.45906	9.45906	10.3591	10.1456	8.89731	8.65951	8.50265	9.51363	8.18517	8.27006	8.5045	8.27776	8.78998	8.57122	7.55437	7.39862	8.18315	7.39862	7.39862	7.39862	7.18177	7.67152	6.91632	6.91632	7.71291	7.47145	6.12166	5.9593	5.9593	5.88595	6.67581	5.18736	5.01968	6.12151	6.30758	4.8092	4.56067	4.56067	4.50712	5.22752	3.59486	3.67962	4.71745	4.5392	3.50335	3.37107	3.15186	3.26826	4.41994	2.73175	2.88802	4.56048	2.88802	2.88802	4.56048	2.88802	2.88802	4.56048	2.88802	2.88802	4.50695	3.08933	2.9383	2.73175	2.88802	4.56048	4.1124	2.55317	2.88802	4.1633	2.34719	2.16682	2.16682	2.16682	3.42352	3.42352	2.16682	2.17431	3.39013	1.84166	1.84166	1.84166	1.88537	3.25318	1.61535	1.61535	3.10494	3.10494	1.61535	2.01888	2.1135	1.88537	3.65289	2.1135	1.88537	1.77862	4.00451	4.05279	1.84166	1.84166	1.84166	3.31257	1.77862	2.01888	2.1135	1.84166	3.31257	3.25318	1.61535	2.01888	3.55836	1.84166	1.45615	1.31493	1.5431	3.06809	1.84166	1.84166	3.22813	3.15172	1.9864	1.81496	1.62545	1.81493	2.85397	1.62545	1.81493	2.85397	2.91597	1.84166	1.81493	1.9864	1.81496	2.91597	1.84166	1.84166	3.22813	1.84166	1.84166	3.22813	1.84166	1.84166	3.31257	1.77862	2.01888	3.55836	1.84166	2.28386	2.28386	2.28386	3.80518	3.75366	2.10576	2.01888	4.05279	2.28386	2.28386	2.28386	2.28386	4.30104	4.2556	2.10576	2.10576	4.11233	2.10576	2.10576	2.10576	2.10576	4.11233	4.00451	2.1135	2.28386	3.80518	1.77862	2.10576	2.10576	2.10576	3.60818	1.61535	2.10576	3.71892
1.53234	2.04275	4.08032	4.08032	2.04275	2.04275	4.08032	2.04275	2.04275	2.04275	1.53234	3.57169	2.04275	1.53234	3.0625	3.57169	2.04275	1.0217	1.0217	1.53234	3.0625	1.53234	1.0217	2.04275	2.04275	1.0217	1.53234	1.53234	1.53234	2.55283	1.0217	2.04275	4.08032	2.04275	2.04275	4.5883	5.09556	2.55283	2.04275	2.04275	2.04275	2.55283	0.51089	1.0217	1.0217	0.51089	0.51089	1.0217	1.0217	1.0217	2.55283	1.53234	1.53234	1.53234	1.0217	2.04275	2.04275	1.0217	1.0217	2.04275	1.0217	1.0217	1.0217	1.0217	2.55283	1.53234	1.0217	3.0625	4.08032	2.04275	1.53234	1.53234	2.55283	4.5883	2.04275	2.55283	2.55283	5.09556	5.09556	2.55283	2.55283	2.55283	5.09556	2.55283	3.0625	3.0625	2.04275	4.08032	4.08032	2.04275	2.04275	4.08032	2.04275	2.04275	2.04275	1.53234	3.57169	2.04275	2.04275	4.08032	4.08032	2.04275	2.04275	2.04275	2.04275	4.08032	2.04275	2.04275	4.08032	4.5883	2.55283	2.04275	2.04275	2.04275	3.57169	1.53234	2.04275	3.57169	3.57169	2.04275	1.53234	1.53234	2.04275	3.57169	1.53234	2.04275	4.08032	2.04275	2.04275	4.08032	2.04275	2.04275	4.08032	2.04275	2.04275	4.08032	2.04275	1.53234	1.53234	2.04275	4.08032	3.57169	1.53234	2.04275	3.57169	1.53234	1.53234	1.53234	1.53234	3.0625	3.0625	1.53234	1.53234	3.0625	1.53234	1.53234	1.53234	1.53234	3.0625	1.53234	1.53234	3.0625	3.0625	1.53234	2.04275	2.04275	1.53234	3.57169	2.04275	1.53234	1.53234	4.08032	4.08032	1.53234	1.53234	1.53234	3.0625	1.53234	2.04275	2.04275	1.53234	3.0625	3.0625	1.53234	2.04275	3.57169	1.53234	1.0217	1.0217	1.53234	3.0625	1.53234	1.53234	3.0625	3.0625	1.53234	1.0217	1.0217	1.53234	2.55283	1.0217	1.53234	2.55283	2.55283	1.53234	1.53234	1.53234	1.0217	2.55283	1.53234	1.53234	3.0625	1.53234	1.53234	3.0625	1.53234	1.53234	3.0625	1.53234	2.04275	3.57169	1.53234	2.04275	2.04275	2.04275	3.57169	3.57169	2.04275	2.04275	4.08032	2.04275	2.04275	2.04275	2.04275	4.08032	4.08032	2.04275	2.04275	4.08032	2.04275	2.04275	2.04275	2.04275	4.08032	4.08032	2.04275	2.04275	3.57169	1.53234	2.04275	2.04275	2.04275	3.57169	1.53234	2.04275	3.57169
1.53221	2.04257	4.07995	4.07995	2.04257	2.04257	4.07995	2.04257	2.04257	2.04257	1.53221	3.57137	2.04257	1.53221	3.06223	3.57137	2.04257	1.02161	1.02161	1.53221	3.06223	1.53221	1.02161	2.04257	2.04257	1.02161	1.53221	1.53221	1.53221	2.5526	1.02161	2.04257	4.07995	2.04257	2.04257	4.58789	5.09511	2.5526	2.04257	2.04257	2.04257	2.5526	0.510844	1.02161	1.02161	0.510844	0.510844	1.02161	1.02161	1.02161	2.5526	1.53221	1.53221	1.53221	1.02161	2.04257	2.04257	1.02161	1.02161	2.04257	1.02161	1.02161	1.02161	1.02161	2.5526	1.53221	1.02161	3.06223	4.07995	2.04257	1.53221	1.53221	2.5526	4.58789	2.04257	2.5526	2.5526	5.09511	5.09511	2.5526	2.5526	2.5526	5.09511	2.5526	3.06223	3.06223	2.04257	4.07995	4.07995	2.04257	2.04257	4.07995	2.04257	2.04257	2.04257	1.53221	3.57137	2.04257	2.04257	4.07995	4.07995	2.04257	2.04257	2.04257	2.04257	4.07995	2.04257	2.04257	4.07995	4.58789	2.5526	2.04257	2.04257	2.04257	3.57137	1.53221	2.04257	3.57137	3.57137	2.04257	1.53221	1.53221	2.04257	3.57137	1.53221	2.04257	4.07995	2.04257	2.04257	4.07995	2.04257	2.04257	4.07995	2.04257	2.04257	4.07995	2.04257	1.53221	1.53221	2.04257	4.07995	3.57137	1.53221	2.04257	3.57137	1.53221	1.53221	1.53221	1.53221	3.06223	3.06223	1.53221	1.53221	3.06223	1.53221	1.53221	1.53221	1.53221	3.06223	1.53221	1.53221	3.06223	3.06223	1.53221	2.04257	2.04257	1.53221	3.57137	2.04257	1.53221	1.53221	4.07995	4.07995	1.53221	1.53221	1.53221	3.06223	1.53221	2.04257	2.04257	1.53221	3.06223	3.06223	1.53221	2.04257	3.57137	1.53221	1.02161	1.02161	1.53221	3.06223	1.53221	1.53221	3.06223	3.06223	1.53221	1.02161	1.02161	1.53221	2.5526	1.02161	1.53221	2.5526	2.5526	1.53221	1.53221	1.53221	1.02161	2.5526	1.53221	1.53221	3.06223	1.53221	1.53221	3.06223	1.53221	1.53221	3.06223	1.53221	2.04257	3.57137	1.53221	2.04257	2.04257	2.04257	3.57137	3.57137	2.04257	2.04257	4.07995	2.04257	2.04257	2.04257	2.04257	4.07995	4.07995	2.04257	2.04257	4.07995	2.04257	2.04257	2.04257	2.04257	4.07995	4.07995	2.04257	2.04257	3.57137	1.53221	2.04257	2.04257	2.04257	3.57137	1.53221	2.04257	3.57137
1.53204	1.91905	3.97085	4.00336	2.11289	2.23275	4.19308	2.55238	2.5332	2.707	2.55241	4.06765	3.08842	2.97591	3.98316	4.35969	3.50231	3.22734	3.22734	3.42264	4.32993	3.71803	3.62974	3.85502	3.67853	3.22734	3.48375	3.71803	3.88438	4.35975	3.3893	3.71801	5.23523	4.11132	4.11132	5.78481	6.31845	5.07255	5.01818	5.01818	5.08529	5.5839	5.48793	5.7961	6.04592	6.68837	7.68386	8.32118	8.56879	8.95661	10.0731	10.5042	10.9906	11.4759	11.7641	12.2819	12.7607	12.9774	13.2188	13.4384	13.2004	13.0883	13.0883	13.2188	13.5192	13.2418	13.2188	13.6173	13.5639	12.8215	12.6526	12.6526	12.5215	12.4048	11.3744	11.2265	10.9864	11.3893	10.9452	9.78438	9.54396	9.30362	9.84977	8.58353	8.34207	7.87203	7.55211	8.39882	8.22909	7.39641	7.39641	8.01009	6.99931	6.91425	6.91425	6.78344	7.32919	6.51605	6.43433	7.15278	6.94417	5.95752	5.79607	5.5579	5.48496	6.33626	5.08529	5.01818	6.1276	6.11709	4.45886	4.11132	4.11132	3.93823	4.6886	3.42264	3.50231	4.35969	4.20855	2.8928	2.73094	2.93742	3.08842	4.24302	2.93742	3.08842	4.50565	2.88717	2.88717	4.55917	2.88717	2.88717	4.55917	2.88717	2.707	4.28475	2.55238	2.3465	2.53321	2.88717	4.38924	3.82113	2.16618	2.37406	3.62959	1.84112	1.84112	1.84112	1.84112	3.2272	3.2272	1.84112	1.84112	3.2272	1.84112	2.01833	2.17367	2.16618	3.42253	2.16618	2.16618	3.42253	3.42253	2.16618	2.37406	2.23275	2.01833	3.7913	2.23275	1.84112	1.84112	4.05164	4.00336	1.61488	1.61488	1.77811	3.31163	1.84112	2.11289	2.0183	1.61488	3.25225	3.31163	1.84112	2.11289	3.50218	1.61488	1.31455	1.45573	1.84112	3.2272	1.84112	1.84112	3.2272	3.06722	1.54266	1.14205	1.14205	1.61488	2.60281	1.14205	1.61488	2.60281	2.60281	1.61488	1.61488	1.61488	1.31455	2.66456	1.54266	1.61488	3.10406	1.61488	1.61488	3.10406	1.61488	1.61488	3.25225	1.88482	2.11289	3.65185	1.88482	2.11289	2.0183	2.10515	3.75259	3.80409	2.2832	2.2832	4.20464	2.2832	2.2832	2.2832	2.2832	4.20464	4.20464	2.2832	2.11289	4.00336	2.10515	2.10515	2.10515	2.10515	4.11116	4.11116	2.10515	2.10515	3.60716	1.61488	2.10515	2.10515	1.95269	3.58007	1.70324	1.95269	3.58007
1.53191	1.6644	3.71753	3.75226	1.88465	2.01815	3.95417	2.55215	2.34629	2.53299	2.55219	3.8546	2.93716	2.97564	3.98281	4.16177	3.36976	3.22705	3.22705	3.42234	4.16181	3.62942	3.7177	4.00314	3.6782	3.22705	3.389	3.62942	3.88403	4.51967	3.48344	3.59347	5.0465	4.11096	4.11096	5.59193	5.94065	4.95623	5.01774	5.01774	4.99518	5.39563	5.47569	5.76218	6.01341	6.91364	7.87944	8.35846	8.60489	9.03997	10.4138	10.5978	11.0796	11.5608	11.7893	12.3802	12.8548	12.9997	13.2406	13.4372	13.1855	13.0872	13.0872	13.2406	13.5181	13.2177	13.2406	13.6161	13.4372	12.7871	12.6515	12.6515	12.4419	12.1792	11.3353	11.1757	10.9344	11.1909	10.7378	9.72564	9.48366	9.24168	9.61683	8.51614	8.18785	7.70798	7.627	8.39808	8.11185	7.39576	7.39576	7.88946	6.93444	6.91364	6.91364	6.78284	7.21443	6.44622	6.43376	7.01686	6.80395	5.95699	5.71731	5.47567	5.48447	6.18187	4.99518	5.01774	6.12706	5.77042	4.21981	4.11096	4.11096	3.82092	4.50532	3.42234	3.36976	4.16177	4.00308	2.7307	2.89255	3.08814	2.93716	4.24265	3.08814	2.93716	4.2844	2.88691	2.88691	4.55876	2.88691	2.88691	4.55876	2.88691	2.53299	4.0513	2.55215	2.53297	2.70676	2.88691	4.16173	3.59336	2.16599	2.17348	3.38886	1.84096	1.84096	1.84096	1.84096	3.22692	3.22692	1.84096	1.84096	3.22692	1.84096	2.23255	2.37385	2.16599	3.42223	2.16599	2.16599	3.42223	3.42223	2.16599	2.17348	2.01815	2.23255	3.79096	2.01815	1.84096	1.84096	3.80376	3.75226	1.61474	1.61474	2.01812	3.55703	1.84096	1.88465	1.77795	1.61474	3.50187	3.55703	1.84096	1.88465	3.25196	1.61474	1.54252	1.66442	1.84096	3.22692	1.84096	1.84096	3.22692	2.82425	1.31443	1.14195	1.14195	1.61474	2.60258	1.14195	1.61474	2.60258	2.60258	1.61474	1.61474	1.61474	1.54252	2.66432	1.31443	1.61474	3.10378	1.61474	1.61474	3.10378	1.61474	1.61474	3.50187	2.1127	1.88465	3.65153	2.1127	1.88465	1.77795	2.10497	4.00301	4.05128	2.28299	2.28299	4.20427	2.28299	2.28299	2.28299	2.28299	4.20427	4.20427	2.28299	1.88465	3.75226	2.10497	2.10497	2.10497	2.10497	4.1108	4.1108	2.10497	2.10497	3.60683	1.61474	2.10497	2.10497	1.70309	3.57975	1.95252	1.70309	3.57975
1.53177	1.53177	3.57036	3.57036	1.53177	1.53177	3.57036	2.04198	1.53177	1.53177	1.53177	3.06136	1.53177	1.53177	3.06136	3.06136	1.53177	1.02132	1.02132	1.53177	2.55187	1.02132	1.53177	2.55187	2.04198	1.02132	1.02132	1.02132	1.53177	3.06136	1.53177	1.53177	3.57036	2.04198	2.04198	4.07879	4.07879	2.04198	2.04198	2.04198	1.53177	1.53177	0	0.510699	0.510699	2.55187	2.55187	1.53177	1.53177	2.04198	4.58659	2.55187	2.55187	2.55187	1.53177	3.06136	3.06136	1.53177	1.53177	2.04198	0.510699	1.02132	1.02132	1.53177	2.55187	1.02132	1.53177	3.06136	3.06136	1.53177	1.53177	1.53177	1.53177	3.06136	1.53177	2.04198	2.04198	4.07879	4.07879	2.04198	2.04198	2.04198	4.07879	2.04198	2.04198	2.04198	2.55187	4.07879	3.57036	2.04198	2.04198	3.57036	1.53177	2.04198	2.04198	1.53177	3.06136	1.53177	2.04198	3.57036	3.57036	2.04198	1.53177	1.53177	2.04198	3.57036	1.53177	2.04198	4.07879	3.57036	1.53177	2.04198	2.04198	1.53177	3.06136	1.53177	1.53177	3.06136	3.06136	1.53177	2.04198	2.04198	1.53177	3.57036	2.04198	1.53177	3.57036	2.04198	2.04198	4.07879	2.04198	2.04198	4.07879	2.04198	1.53177	3.57036	2.04198	2.04198	2.04198	2.04198	3.57036	3.06136	1.53177	1.53177	3.06136	1.53177	1.53177	1.53177	1.53177	3.06136	3.06136	1.53177	1.53177	3.06136	1.53177	2.04198	2.04198	1.53177	3.06136	1.53177	1.53177	3.06136	3.06136	1.53177	1.53177	1.53177	2.04198	3.57036	1.53177	1.53177	1.53177	3.57036	3.57036	1.53177	1.53177	2.04198	3.57036	1.53177	1.53177	1.53177	1.53177	3.57036	3.57036	1.53177	1.53177	3.06136	1.53177	1.53177	1.53177	1.53177	3.06136	1.53177	1.53177	3.06136	2.55187	1.02132	1.02132	1.02132	1.53177	2.55187	1.02132	1.53177	2.55187	2.55187	1.53177	1.53177	1.53177	1.53177	2.55187	1.02132	1.53177	3.06136	1.53177	1.53177	3.06136	1.53177	1.53177	3.57036	2.04198	1.53177	3.57036	2.04198	1.53177	1.53177	2.04198	4.07879	4.07879	2.04198	2.04198	4.07879	2.04198	2.04198	2.04198	2.04198	4.07879	4.07879	2.04198	1.53177	3.57036	2.04198	2.04198	2.04198	2.04198	4.07879	4.07879	2.04198	2.04198	3.57036	1.53177	2.04198	2.04198	1.53177	3.57036	2.04198	1.53177	3.57036
1.53161	1.53161	3.56998	3.56998	1.53161	1.53161	3.56998	2.04177	1.53161	1.53161	1.53161	3.06103	1.53161	1.53161	3.06103	3.06103	1.53161	1.02121	1.02121	1.53161	2.5516	1.02121	1.53161	2.5516	2.04177	1.02121	1.02121	1.02121	1.53161	3.06103	1.53161	1.53161	3.56998	2.04177	2.04177	4.07836	4.07836	2.04177	2.04177	2.04177	1.53161	1.53161	0	0.510644	0.510644	2.5516	2.5516	1.53161	1.53161	2.04177	4.5861	2.5516	2.5516	2.5516	1.53161	3.06103	3.06103	1.53161	1.53161	2.04177	0.510644	1.02121	1.02121	1.53161	2.5516	1.02121	1.53161	3.06103	3.06103	1.53161	1.53161	1.53161	1.53161	3.06103	1.53161	2.04177	2.04177	4.07836	4.07836	2.04177	2.04177	2.04177	4.07836	2.04177	2.04177	2.04177	2.5516	4.07836	3.56998	2.04177	2.04177	3.56998	1.53161	2.04177	2.04177	1.53161	3.06103	1.53161	2.04177	3.56998	3.56998	2.04177	1.53161	1.53161	2.04177	3.56998	1.53161	2.04177	4.07836	3.56998	1.53161	2.04177	2.04177	1.53161	3.06103	1.53161	1.53161	3.06103	3.06103	1.53161	2.04177	2.04177	1.53161	3.56998	2.04177	1.53161	3.56998	2.04177	2.04177	4.07836	2.04177	2.04177	4.07836	2.04177	1.53161	3.56998	2.04177	2.04177	2.04177	2.04177	3.56998	3.06103	1.53161	1.53161	3.06103	1.53161	1.53161	1.53161	1.53161	3.06103	3.06103	1.53161	1.53161	3.06103	1.53161	2.04177	2.04177	1.53161	3.06103	1.53161	1.53161	3.06103	3.06103	1.53161	1.53161	1.53161	2.04177	3.56998	1.53161	1.53161	1.53161	3.56998	3.56998	1.53161	1.53161	2.04177	3.56998	1.53161	1.53161	1.53161	1.53161	3.56998	3.56998	1.53161	1.53161	3.06103	1.53161	1.53161	1.53161	1.53161	3.06103	1.53161	1.53161	3.06103	2.5516	1.02121	1.02121	1.02121	1.53161	2.5516	1.02121	1.53161	2.5516	2.5516	1.53161	1.53161	1.53161	1.53161	2.5516	1.02121	1.53161	3.06103	1.53161	1.53161	3.06103	1.53161	1.53161	3.56998	2.04177	1.53161	3.56998	2.04177	1.53161	1.53161	2.04177	4.07836	4.07836	2.04177	2.04177	4.07836	2.04177	2.04177	2.04177	2.04177	4.07836	4.07836	2.04177	1.53161	3.56998	2.04177	2.04177	2.04177	2.04177	4.07836	4.07836	2.04177	2.04177	3.56998	1.53161	2.04177	2.04177	1.53161	3.56998	2.04177	1.53161	3.56998
1.53147	1.53147	3.56966	3.56966	1.53147	1.53147	3.56966	2.04158	1.53147	1.53147	1.53147	3.06076	1.53147	1.53147	3.06076	3.06076	1.53147	1.02112	1.02112	1.53147	2.55137	1.02112	1.53147	2.55137	2.04158	1.02112	1.02112	1.02112	1.53147	3.06076	1.53147	1.53147	3.56966	2.04158	2.04158	4.078	4.078	2.04158	2.04158	2.04158	1.53147	1.53147	0	0.510599	0.510599	2.55137	2.55137	1.53147	1.53147	2.04158	4.58569	2.55137	2.55137	2.55137	1.53147	3.06076	3.06076	1.53147	1.53147	2.04158	0.510599	1.02112	1.02112	1.53147	2.55137	1.02112	1.53147	3.06076	3.06076	1.53147	1.53147	1.53147	1.53147	3.06076	1.53147	2.04158	2.04158	4.078	4.078	2.04158	2.04158	2.04158	4.078	2.04158	2.04158	2.04158	2.55137	4.078	3.56966	2.04158	2.04158	3.56966	1.53147	2.04158	2.04158	1.53147	3.06076	1.53147	2.04158	3.56966	3.56966	2.04158	1.53147	1.53147	2.04158	3.56966	1.53147	2.04158	4.078	3.56966	1.53147	2.04158	2.04158	1.53147	3.06076	1.53147	1.53147	3.06076	3.06076	1.53147	2.04158	2.04158	1.53147	3.56966	2.04158	1.53147	3.56966	2.04158	2.04158	4.078	2.04158	2.04158	4.078	2.04158	1.53147	3.56966	2.04158	2.04158	2.04158	2.04158	3.56966	3.06076	1.53147	1.53147	3.06076	1.53147	1.53147	1.53147	1.53147	3.06076	3.06076	1.53147	1.53147	3.06076	1.53147	2.04158	2.04158	1.53147	3.06076	1.53147	1.53147	3.06076	3.06076	1.53147	1.53147	1.53147	2.04158	3.56966	1.53147	1.53147	1.53147	3.56966	3.56966	1.53147	1.53147	2.04158	3.56966	1.53147	1.53147	1.53147	1.53147	3.56966	3.56966	1.53147	1.53147	3.06076	1.53147	1.53147	1.53147	1.53147	3.06076	1.53147	1.53147	3.06076	2.55137	1.02112	1.02112	1.02112	1.53147	2.55137	1.02112	1.53147	2.55137	2.55137	1.53147	1.53147	1.53147	1.53147	2.55137	1.02112	1.53147	3.06076	1.53147	1.53147	3.06076	1.53147	1.53147	3.56966	2.04158	1.53147	3.56966	2.04158	1.53147	1.53147	2.04158	4.078	4.078	2.04158	2.04158	4.078	2.04158	2.04158	2.04158	2.04158	4.078	4.078	2.04158	1.53147	3.56966	2.04158	2.04158	2.04158	2.04158	4.078	4.078	2.04158	2.04158	3.56966	1.53147	2.04158	2.04158	1.53147	3.56966	2.04158	1.53147	3.56966
1.54194	1.61413	3.32475	3.32475	1.61413	1.61413	3.50056	2.11191	1.81356	1.9849	2.16518	3.42095	2.16518	2.16518	3.36841	3.50061	2.55123	2.23178	2.01743	2.17268	3.08695	2.28221	2.58289	3.42574	3.26579	2.7475	2.68167	2.45384	2.58289	3.78961	3.25088	3.42106	4.68643	3.93641	4.10942	5.40245	5.57835	4.55721	4.61708	4.84906	5.00302	5.59001	5.97904	6.36126	6.86471	8.03023	8.73295	9.03665	9.52481	10.1119	11.7102	11.6628	11.9919	12.2301	12.4374	13.3453	13.7557	13.609	13.609	13.8082	13.9038	14.0448	14.0448	14.0875	14.2232	14.0448	13.9557	13.7962	13.3237	12.7538	12.5122	12.2702	12.0278	11.9006	11.2984	10.9856	10.4995	10.3875	9.69619	8.69673	8.45332	8.20998	8.49992	7.48086	7.39302	7.39302	7.22726	7.57384	7.27559	6.51305	6.43138	7.05739	6.29028	6.2724	6.03248	5.80173	6.37125	5.80173	5.7934	6.24158	6.20807	5.48243	5.31543	5.31543	5.31845	5.82652	4.8324	4.84906	5.58124	5.04464	3.88258	4.10942	4.10942	3.71631	4.32794	3.42106	3.25088	3.96911	3.98132	2.97453	3.08699	2.89147	2.72968	4.24106	2.89147	2.72968	4.41662	3.26579	3.08699	4.50357	2.88584	2.70575	4.28277	2.55119	2.34541	3.9894	2.53202	2.55119	2.55119	2.37296	3.62791	3.38759	2.17267	2.16518	3.42095	2.16518	2.16518	2.16518	2.16518	3.42095	3.42095	2.16518	2.16518	3.42095	2.16518	2.37296	2.23172	2.01739	3.48201	2.16518	2.16518	3.42095	3.42095	2.16518	2.16518	2.16518	2.37296	3.62791	1.84027	1.84027	1.84027	3.5557	3.50056	1.61413	1.61413	2.10418	3.60549	1.61413	1.61413	1.61413	1.61413	3.60549	3.60549	1.61413	1.77728	3.3101	1.84027	1.84027	1.84027	1.6638	3.00159	1.61413	1.61413	3.10262	2.6016	1.14152	1.14152	1.14152	1.45503	2.4271	1.02103	1.53133	2.68155	2.70568	1.61413	1.61413	1.61413	1.61413	2.6016	1.14152	1.61413	3.10262	1.61413	1.61413	3.10262	1.61413	1.61413	3.60549	2.10418	1.61413	3.60549	2.10418	1.77728	1.88395	2.28214	4.2027	4.2027	2.28214	2.11191	4.00152	2.10418	2.10418	2.10418	2.10418	4.25243	4.14845	2.01737	1.77728	3.80234	2.28214	2.28214	2.28214	2.11191	4.00152	4.10926	2.10418	1.95179	3.57841	1.70246	1.95179	1.91816	1.53133	3.56934	2.0414	1.53133	3.44453
1.3138	1.61396	2.81712	2.81712	1.61396	1.61396	3.2504	1.88375	1.62405	1.81339	2.16495	3.42059	2.16495	2.16495	3.14905	3.29013	2.55096	2.37274	2.17245	2.01721	2.89114	2.28197	2.45358	3.25049	3.26544	2.74721	2.79989	2.58262	2.45358	3.43012	3.14915	3.42069	4.50316	3.81908	4.10899	5.21995	5.4019	4.55672	4.51757	4.75444	4.89823	5.48482	5.98913	6.36059	6.86398	8.33164	9.00944	9.14656	9.62867	10.2337	12.1621	11.7876	12.0469	12.2838	12.5145	13.5464	13.8111	13.6076	13.6076	13.846	13.9154	14.0434	14.0434	14.0861	14.2218	14.0434	13.9327	13.7071	13.231	12.7286	12.4864	12.2439	12.001	11.7955	11.2698	10.9165	10.4269	10.1494	9.43931	8.6448	8.39984	8.15487	8.28782	7.42021	7.39224	7.39224	7.08381	7.44585	7.27483	6.44315	6.43069	7.05664	6.28962	6.19974	5.95685	5.80112	6.37058	5.80112	5.71458	6.10582	6.20742	5.48185	5.31487	5.31487	5.2324	5.68065	4.83189	4.75444	5.24768	4.87502	3.88217	4.10899	4.10899	3.62768	4.15982	3.42069	3.14915	3.78494	3.9809	2.97421	2.93575	2.72938	2.89116	4.24061	2.72938	2.89116	4.63043	3.26544	2.93575	4.28234	2.88553	2.53177	4.04936	2.55092	2.53175	3.98897	2.34516	2.55092	2.55092	2.17243	3.38723	3.62752	2.37271	2.16495	3.42059	2.16495	2.16495	2.16495	2.16495	3.42059	3.42059	2.16495	2.16495	3.42059	2.16495	2.17243	2.01718	2.23148	3.71577	2.16495	2.16495	3.42059	3.42059	2.16495	2.16495	2.16495	2.17243	3.38723	1.84007	1.84007	1.84007	3.30974	3.2504	1.61396	1.61396	2.10396	3.6051	1.61396	1.61396	1.61396	1.61396	3.6051	3.6051	1.61396	2.01715	3.55532	1.84007	1.84007	1.84007	1.4549	2.753	1.61396	1.61396	3.10229	2.60133	1.1414	1.1414	1.1414	1.21061	2.17239	1.02092	1.53117	2.93565	2.95768	1.61396	1.61396	1.61396	1.61396	2.60133	1.1414	1.61396	3.10229	1.61396	1.61396	3.10229	1.61396	1.61396	3.6051	2.10396	1.61396	3.6051	2.10396	2.01715	2.11168	2.2819	4.20225	4.20225	2.2819	1.88375	3.75046	2.10396	2.10396	2.10396	2.10396	4.50304	4.14801	1.77709	2.01715	4.04934	2.2819	2.2819	2.2819	1.88375	3.75046	4.10882	2.10396	1.70227	3.57803	1.95158	1.70227	1.6636	1.53117	3.56896	2.04118	1.53117	3.18995
1.02082	1.53103	2.55065	2.55065	1.53103	1.53103	3.05989	1.53103	1.02082	1.02082	1.53103	3.05989	1.53103	1.53103	2.55065	2.55065	1.53103	1.53103	1.53103	1.02082	2.041	1.02082	1.02082	2.041	2.041	1.02082	1.53103	1.53103	1.02082	2.041	1.02082	1.53103	3.05989	1.53103	2.041	3.56864	3.56864	2.041	1.53103	1.53103	0.510453	0	0.510453	0.510453	0.510453	4.07684	4.07684	2.55065	2.55065	3.05989	6.60663	3.56864	3.05989	3.05989	2.55065	4.58439	3.56864	1.53103	1.53103	2.55065	1.02082	1.02082	1.02082	1.53103	2.55065	1.02082	1.02082	2.041	2.041	1.02082	1.02082	1.02082	1.02082	2.041	1.02082	1.02082	1.02082	2.55065	2.55065	1.53103	1.53103	1.53103	3.05989	1.53103	2.041	2.041	1.53103	3.56864	3.56864	1.53103	2.041	3.56864	1.53103	1.53103	1.53103	1.53103	3.05989	1.53103	1.53103	3.05989	3.56864	2.041	1.53103	1.53103	1.53103	3.05989	1.53103	1.53103	3.05989	3.05989	1.53103	2.041	2.041	1.02082	2.55065	1.53103	1.02082	2.55065	3.05989	1.53103	1.53103	1.53103	2.041	3.56864	1.53103	2.041	4.07684	2.041	1.53103	3.56864	2.041	1.53103	3.56864	2.041	2.041	3.56864	1.53103	2.041	2.041	1.53103	3.05989	3.56864	2.041	1.53103	3.05989	1.53103	1.53103	1.53103	1.53103	3.05989	3.05989	1.53103	1.53103	3.05989	1.53103	1.53103	1.53103	2.041	3.56864	1.53103	1.53103	3.05989	3.05989	1.53103	1.53103	1.53103	1.53103	3.05989	1.53103	1.53103	1.53103	3.05989	3.05989	1.53103	1.53103	2.041	3.56864	1.53103	1.53103	1.53103	1.53103	3.56864	3.56864	1.53103	2.041	3.56864	1.53103	1.53103	1.53103	1.02082	2.55065	1.53103	1.53103	3.05989	2.55065	1.02082	1.02082	1.02082	1.02082	2.041	1.02082	1.53103	3.05989	3.05989	1.53103	1.53103	1.53103	1.53103	2.55065	1.02082	1.53103	3.05989	1.53103	1.53103	3.05989	1.53103	1.53103	3.56864	2.041	1.53103	3.56864	2.041	2.041	2.041	2.041	4.07684	4.07684	2.041	1.53103	3.56864	2.041	2.041	2.041	2.041	4.58439	4.07684	1.53103	2.041	4.07684	2.041	2.041	2.041	1.53103	3.56864	4.07684	2.041	1.53103	3.56864	2.041	1.53103	1.53103	1.53103	3.56864	2.041	1.53103	3.05989
1.02072	1.53087	2.55037	2.55037	1.53087	1.53087	3.05956	1.53087	1.02072	1.02072	1.53087	3.05956	1.53087	1.53087	2.55037	2.55037	1.53087	1.53087	1.53087	1.02072	2.04078	1.02072	1.02072	2.04078	2.04078	1.02072	1.53087	1.53087	1.02072	2.04078	1.02072	1.53087	3.05956	1.53087	2.04078	3.56826	3.56826	2.04078	1.53087	1.53087	0.510398	0	0.510398	0.510398	0.510398	4.0764	4.0764	2.55037	2.55037	3.05956	6.60593	3.56826	3.05956	3.05956	2.55037	4.5839	3.56826	1.53087	1.53087	2.55037	1.02072	1.02072	1.02072	1.53087	2.55037	1.02072	1.02072	2.04078	2.04078	1.02072	1.02072	1.02072	1.02072	2.04078	1.02072	1.02072	1.02072	2.55037	2.55037	1.53087	1.53087	1.53087	3.05956	1.53087	2.04078	2.04078	1.53087	3.56826	3.56826	1.53087	2.04078	3.56826	1.53087	1.53087	1.53087	1.53087	3.05956	1.53087	1.53087	3.05956	3.56826	2.04078	1.53087	1.53087	1.53087	3.05956	1.53087	1.53087	3.05956	3.05956	1.53087	2.04078	2.04078	1.02072	2.55037	1.53087	1.02072	2.55037	3.05956	1.53087	1.53087	1.53087	2.04078	3.56826	1.53087	2.04078	4.0764	2.04078	1.53087	3.56826	2.04078	1.53087	3.56826	2.04078	2.04078	3.56826	1.53087	2.04078	2.04078	1.53087	3.05956	3.56826	2.04078	1.53087	3.05956	1.53087	1.53087	1.53087	1.53087	3.05956	3.05956	1.53087	1.53087	3.05956	1.53087	1.53087	1.53087	2.04078	3.56826	1.53087	1.53087	3.05956	3.05956	1.53087	1.53087	1.53087	1.53087	3.05956	1.53087	1.53087	1.53087	3.05956	3.05956	1.53087	1.53087	2.04078	3.56826	1.53087	1.53087	1.53087	1.53087	3.56826	3.56826	1.53087	2.04078	3.56826	1.53087	1.53087	1.53087	1.02072	2.55037	1.53087	1.53087	3.05956	2.55037	1.02072	1.02072	1.02072	1.02072	2.04078	1.02072	1.53087	3.05956	3.05956	1.53087	1.53087	1.53087	1.53087	2.55037	1.02072	1.53087	3.05956	1.53087	1.53087	3.05956	1.53087	1.53087	3.56826	2.04078	1.53087	3.56826	2.04078	2.04078	2.04078	2.04078	4.0764	4.0764	2.04078	1.53087	3.56826	2.04078	2.04078	2.04078	2.04078	4.5839	4.0764	1.53087	2.04078	4.0764	2.04078	2.04078	2.04078	1.53087	3.56826	4.0764	2.04078	1.53087	3.56826	2.04078	1.53087	1.53087	1.53087	3.56826	2.04078	1.53087	3.05956
1.02062	1.53074	2.55015	2.55015	1.53074	1.53074	3.05929	1.53074	1.02062	1.02062	1.53074	3.05929	1.53074	1.53074	2.55015	2.55015	1.53074	1.53074	1.53074	1.02062	2.0406	1.02062	1.02062	2.0406	2.0406	1.02062	1.53074	1.53074	1.02062	2.0406	1.02062	1.53074	3.05929	1.53074	2.0406	3.56795	3.56795	2.0406	1.53074	1.53074	0.510353	0	0.510353	0.510353	0.510353	4.07604	4.07604	2.55015	2.55015	3.05929	6.60534	3.56795	3.05929	3.05929	2.55015	4.5835	3.56795	1.53074	1.53074	2.55015	1.02062	1.02062	1.02062	1.53074	2.55015	1.02062	1.02062	2.0406	2.0406	1.02062	1.02062	1.02062	1.02062	2.0406	1.02062	1.02062	1.02062	2.55015	2.55015	1.53074	1.53074	1.53074	3.05929	1.53074	2.0406	2.0406	1.53074	3.56795	3.56795	1.53074	2.0406	3.56795	1.53074	1.53074	1.53074	1.53074	3.05929	1.53074	1.53074	3.05929	3.56795	2.0406	1.53074	1.53074	1.53074	3.05929	1.53074	1.53074	3.05929	3.05929	1.53074	2.0406	2.0406	1.02062	2.55015	1.53074	1.02062	2.55015	3.05929	1.53074	1.53074	1.53074	2.0406	3.56795	1.53074	2.0406	4.07604	2.0406	1.53074	3.56795	2.0406	1.53074	3.56795	2.0406	2.0406	3.56795	1.53074	2.0406	2.0406	1.53074	3.05929	3.56795	2.0406	1.53074	3.05929	1.53074	1.53074	1.53074	1.53074	3.05929	3.05929	1.53074	1.53074	3.05929	1.53074	1.53074	1.53074	2.0406	3.56795	1.53074	1.53074	3.05929	3.05929	1.53074	1.53074	1.53074	1.53074	3.05929	1.53074	1.53074	1.53074	3.05929	3.05929	1.53074	1.53074	2.0406	3.56795	1.53074	1.53074	1.53074	1.53074	3.56795	3.56795	1.53074	2.0406	3.56795	1.53074	1.53074	1.53074	1.02062	2.55015	1.53074	1.53074	3.05929	2.55015	1.02062	1.02062	1.02062	1.02062	2.0406	1.02062	1.53074	3.05929	3.05929	1.53074	1.53074	1.53074	1.53074	2.55015	1.02062	1.53074	3.05929	1.53074	1.53074	3.05929	1.53074	1.53074	3.56795	2.0406	1.53074	3.56795	2.0406	2.0406	2.0406	2.0406	4.07604	4.07604	2.0406	1.53074	3.56795	2.0406	2.0406	2.0406	2.0406	4.5835	4.07604	1.53074	2.0406	4.07604	2.0406	2.0406	2.0406	1.53074	3.56795	4.07604	2.0406	1.53074	3.56795	2.0406	1.53074	1.53074	1.53074	3.56795	2.0406	1.53074	3.05929
1.45437	1.663	2.50497	2.45256	1.40889	1.40889	2.85043	1.663	1.44314	1.44314	1.81269	3.24922	2.16414	2.17164	3.11162	3.11162	2.37186	2.55001	2.55001	2.28112	2.88445	2.28112	2.28112	2.88445	2.88445	2.28112	2.58165	2.79884	2.74618	3.28896	3.06446	3.48047	4.51582	3.88072	4.15831	5.24573	5.67854	5.6303	5.88961	6.13506	6.2387	6.74165	7.39815	7.76109	8.01065	9.55476	10.2192	10.0777	10.3164	10.536	11.9951	10.6883	10.6898	10.9253	10.884	11.6639	11.6969	11.5685	11.6732	11.8407	11.6203	11.7533	11.9966	12.0221	11.7912	11.2437	11.1317	11.2643	11.122	10.7535	10.5079	10.2619	10.1503	10.1519	9.76894	9.52197	9.27471	9.1432	8.66167	8.10508	7.85867	7.61223	7.63096	6.87305	6.7511	6.50995	6.28728	6.88226	6.66526	5.79896	5.79064	6.2386	5.31289	5.15605	4.91283	4.83009	5.50318	4.83009	4.83009	5.32795	5.24573	4.15831	3.88072	3.88072	3.88072	4.69454	3.88072	3.88072	4.51582	4.32586	3.41942	3.49901	3.28896	2.91249	3.78782	3.02181	2.91249	3.78782	3.96721	2.9731	2.9731	2.9731	3.26422	4.38147	2.9731	3.08551	4.50141	2.88445	2.55001	4.10734	2.88445	2.55001	4.10734	2.88445	2.70445	3.98749	2.53083	2.70445	2.53081	2.16414	3.59029	3.98749	2.53081	2.16414	3.41931	2.16414	2.34429	2.53083	2.55001	3.67499	3.49893	2.17164	2.16414	3.41931	2.16414	2.16414	2.16414	2.37182	3.62617	1.83939	1.83939	3.22416	3.22416	1.83939	1.663	1.5412	1.61336	3.10113	1.61336	1.61336	1.61336	3.10113	3.10113	1.61336	1.61336	1.95085	3.44288	1.5306	1.66298	1.70164	1.61336	3.60376	3.60376	1.61336	1.95085	3.44288	1.5306	1.5306	1.5306	1.02053	2.54992	1.5306	1.5306	3.05902	2.54992	1.02053	1.02053	1.02053	1.15513	2.2013	1.14097	1.61336	3.24919	3.15298	1.5412	1.61336	1.61336	1.61336	2.75197	1.45436	1.663	3.00014	1.61336	1.61336	3.24919	1.88304	1.83939	3.554	2.0164	1.77643	3.80051	2.28104	2.11089	2.0164	2.10317	4.10729	4.10729	2.10317	1.77643	3.80051	2.28104	2.28104	2.28104	2.28104	4.69441	4.35552	2.17162	2.37182	4.11124	2.28104	2.11089	2.0164	1.61336	3.46165	3.95077	2.04042	1.5306	3.44288	1.95085	1.70164	1.66298	1.5306	3.44288	1.95085	1.70164	3.18876
1.31322	1.45421	2.25933	2.20106	1.15501	1.15501	2.3509	1.45421	1.443	1.443	1.62328	3.02141	2.16392	2.01627	3.11131	3.11131	2.23049	2.54976	2.54976	2.28091	2.88417	2.28091	2.28091	2.88417	2.88417	2.28091	2.45243	2.68013	2.74593	3.14765	3.00002	3.3858	4.35524	3.88036	4.04762	4.94174	5.29112	5.49107	5.83433	6.08204	6.22787	6.82582	7.466	7.78492	8.03366	9.92046	10.56	10.1448	10.3817	10.535	11.994	10.6873	10.7641	10.9978	10.8831	11.7627	11.8629	11.6047	11.6722	11.8396	11.6193	11.7785	12.0211	11.9956	11.7064	11.2262	11.1308	11.2633	11.082	10.7353	10.4892	10.2428	10.1494	10.1078	9.74883	9.50135	9.25354	9.03157	8.54343	8.06516	7.81748	7.56967	7.46171	6.82582	6.6839	6.44018	6.28672	6.75989	6.53872	5.79844	5.71194	6.10299	5.31241	5.09274	4.84633	4.82965	5.50267	4.82965	4.82965	5.19285	4.94174	4.04762	3.88036	3.88036	3.88036	4.69409	3.88036	3.88036	4.35524	4.15787	3.4191	3.36657	3.14765	3.02153	3.78745	2.91222	3.02153	3.78745	3.78316	2.97282	2.97282	2.97282	3.26391	4.38103	2.97282	2.93438	4.28031	2.88417	2.54976	4.10692	2.88417	2.54976	4.10692	2.88417	2.53058	3.98708	2.70418	2.53058	2.34406	2.16392	3.81714	3.98708	2.34406	2.16392	3.41896	2.16392	2.53056	2.70418	2.54976	3.67462	3.28857	2.01627	2.16392	3.41896	2.16392	2.16392	2.16392	2.17141	3.38561	1.8392	1.8392	3.22383	3.22383	1.8392	1.45421	1.31317	1.61319	3.1008	1.61319	1.61319	1.61319	3.1008	3.1008	1.61319	1.61319	1.70146	3.18842	1.53044	1.91703	1.95065	1.61319	3.60338	3.60338	1.61319	1.70146	3.18842	1.53044	1.53044	1.53044	1.02043	2.54965	1.53044	1.53044	3.05869	2.54965	1.02043	1.02043	1.02043	1.40874	2.4523	1.14086	1.61319	3.49851	3.15265	1.31317	1.61319	1.61319	1.61319	2.99983	1.66283	1.45421	2.75168	1.61319	1.61319	3.49851	2.11067	1.8392	3.30816	1.77624	2.01619	4.0474	2.28081	1.88285	1.77624	2.10295	4.10686	4.10686	2.10295	2.01619	4.0474	2.28081	2.28081	2.28081	2.28081	4.69391	4.60019	2.37158	2.17141	3.86763	2.28081	1.88285	1.77624	1.61319	3.20869	3.69649	2.0402	1.53044	3.18842	1.70146	1.95065	1.91703	1.53044	3.18842	1.70146	1.95065	3.44251
0.510208	1.02033	2.04002	2.04002	1.02033	1.02033	2.04002	1.02033	1.02033	1.02033	1.02033	2.54942	1.5303	1.02033	2.54942	2.54942	1.02033	1.5303	1.5303	1.02033	2.04002	1.02033	1.02033	2.04002	2.04002	1.02033	1.02033	1.02033	1.02033	1.5303	0.510208	1.02033	2.54942	1.5303	1.5303	2.54942	2.04002	1.02033	1.02033	1.02033	0	1.5303	1.5303	1.02033	1.02033	5.59458	5.59458	3.05842	3.05842	3.05842	6.60348	3.56693	3.56693	3.56693	2.54942	5.08879	4.5822	2.04002	1.5303	2.54942	1.02033	1.5303	1.5303	1.02033	1.5303	0.510208	1.02033	2.04002	1.5303	0.510208	0.510208	0.510208	1.02033	1.5303	0.510208	0.510208	0.510208	1.5303	1.5303	1.02033	1.02033	1.02033	2.04002	1.02033	1.5303	1.5303	1.5303	3.05842	3.05842	1.5303	1.5303	3.05842	1.5303	1.02033	1.02033	1.5303	3.05842	1.5303	1.5303	2.54942	2.54942	1.5303	1.5303	1.5303	1.5303	3.05842	1.5303	1.5303	2.54942	2.54942	1.5303	1.5303	1.5303	1.5303	2.54942	1.02033	1.5303	2.54942	2.54942	1.5303	1.5303	1.5303	2.04002	3.56693	1.5303	1.5303	3.56693	2.04002	1.5303	3.56693	2.04002	1.5303	3.56693	2.04002	1.5303	3.56693	2.04002	1.5303	1.5303	1.5303	3.56693	3.56693	1.5303	1.5303	3.05842	1.5303	2.04002	2.04002	1.5303	3.05842	2.54942	1.02033	1.5303	3.05842	1.5303	1.5303	1.5303	1.5303	3.05842	1.5303	1.5303	3.05842	3.05842	1.5303	1.02033	1.02033	1.5303	3.05842	1.5303	1.5303	1.5303	3.05842	3.05842	1.5303	1.5303	1.5303	3.05842	1.5303	2.04002	2.04002	1.5303	3.56693	3.56693	1.5303	1.5303	3.05842	1.5303	1.5303	1.5303	1.02033	2.54942	1.5303	1.5303	3.05842	2.54942	1.02033	1.02033	1.02033	1.5303	2.54942	1.02033	1.5303	3.56693	3.05842	1.02033	1.5303	1.5303	1.5303	3.05842	1.5303	1.02033	2.54942	1.5303	1.5303	3.56693	2.04002	1.5303	3.05842	1.5303	2.04002	4.07488	2.04002	1.5303	1.5303	2.04002	4.07488	4.07488	2.04002	2.04002	4.07488	2.04002	2.04002	2.04002	2.04002	4.5822	4.5822	2.04002	1.5303	3.56693	2.04002	1.5303	1.5303	1.5303	3.05842	3.56693	2.04002	1.5303	3.05842	1.5303	2.04002	2.04002	1.5303	3.05842	1.5303	2.04002	3.56693
0.510162	1.02024	2.03984	2.03984	1.02024	1.02024	2.03984	1.02024	1.02024	1.02024	1.02024	2.54919	1.53016	1.02024	2.54919	2.54919	1.02024	1.53016	1.53016	1.02024	2.03984	1.02024	1.02024	2.03984	2.03984	1.02024	1.02024	1.02024	1.02024	1.53016	0.510162	1.02024	2.54919	1.53016	1.53016	2.54919	2.03984	1.02024	1.02024	1.02024	0	1.53016	1.53016	1.02024	1.02024	5.59409	5.59409	3.05815	3.05815	3.05815	6.6029	3.56662	3.56662	3.56662	2.54919	5.08834	4.58179	2.03984	1.53016	2.54919	1.02024	1.53016	1.53016	1.02024	1.53016	0.510162	1.02024	2.03984	1.53016	0.510162	0.510162	0.510162	1.02024	1.53016	0.510162	0.510162	0.510162	1.53016	1.53016	1.02024	1.02024	1.02024	2.03984	1.02024	1.53016	1.53016	1.53016	3.05815	3.05815	1.53016	1.53016	3.05815	1.53016	1.02024	1.02024	1.53016	3.05815	1.53016	1.53016	2.54919	2.54919	1.53016	1.53016	1.53016	1.53016	3.05815	1.53016	1.53016	2.54919	2.54919	1.53016	1.53016	1.53016	1.53016	2.54919	1.02024	1.53016	2.54919	2.54919	1.53016	1.53016	1.53016	2.03984	3.56662	1.53016	1.53016	3.56662	2.03984	1.53016	3.56662	2.03984	1.53016	3.56662	2.03984	1.53016	3.56662	2.03984	1.53016	1.53016	1.53016	3.56662	3.56662	1.53016	1.53016	3.05815	1.53016	2.03984	2.03984	1.53016	3.05815	2.54919	1.02024	1.53016	3.05815	1.53016	1.53016	1.53016	1.53016	3.05815	1.53016	1.53016	3.05815	3.05815	1.53016	1.02024	1.02024	1.53016	3.05815	1.53016	1.53016	1.53016	3.05815	3.05815	1.53016	1.53016	1.53016	3.05815	1.53016	2.03984	2.03984	1.53016	3.56662	3.56662	1.53016	1.53016	3.05815	1.53016	1.53016	1.53016	1.02024	2.54919	1.53016	1.53016	3.05815	2.54919	1.02024	1.02024	1.02024	1.53016	2.54919	1.02024	1.53016	3.56662	3.05815	1.02024	1.53016	1.53016	1.53016	3.05815	1.53016	1.02024	2.54919	1.53016	1.53016	3.56662	2.03984	1.53016	3.05815	1.53016	2.03984	4.07452	2.03984	1.53016	1.53016	2.03984	4.07452	4.07452	2.03984	2.03984	4.07452	2.03984	2.03984	2.03984	2.03984	4.58179	4.58179	2.03984	1.53016	3.56662	2.03984	1.53016	1.53016	1.53016	3.05815	3.56662	2.03984	1.53016	3.05815	1.53016	2.03984	2.03984	1.53016	3.05815	1.53016	2.03984	3.56662
0.510108	1.02013	2.03962	2.03962	1.02013	1.02013	2.03962	1.02013	1.02013	1.02013	1.02013	2.54892	1.53	1.02013	2.54892	2.54892	1.02013	1.53	1.53	1.02013	2.03962	1.02013	1.02013	2.03962	2.03962	1.02013	1.02013	1.02013	1.02013	1.53	0.510108	1.02013	2.54892	1.53	1.53	2.54892	2.03962	1.02013	1.02013	1.02013	0	1.53	1.53	1.02013	1.02013	5.59349	5.59349	3.05782	3.05782	3.05782	6.6022	3.56624	3.56624	3.56624	2.54892	5.0878	4.5813	2.03962	1.53	2.54892	1.02013	1.53	1.53	1.02013	1.53	0.510108	1.02013	2.03962	1.53	0.510108	0.510108	0.510108	1.02013	1.53	0.510108	0.510108	0.510108	1.53	1.53	1.02013	1.02013	1.02013	2.03962	1.02013	1.53	1.53	1.53	3.05782	3.05782	1.53	1.53	3.05782	1.53	1.02013	1.02013	1.53	3.05782	1.53	1.53	2.54892	2.54892	1.53	1.53	1.53	1.53	3.05782	1.53	1.53	2.54892	2.54892	1.53	1.53	1.53	1.53	2.54892	1.02013	1.53	2.54892	2.54892	1.53	1.53	1.53	2.03962	3.56624	1.53	1.53	3.56624	2.03962	1.53	3.56624	2.03962	1.53	3.56624	2.03962	1.53	3.56624	2.03962	1.53	1.53	1.53	3.56624	3.56624	1.53	1.53	3.05782	1.53	2.03962	2.03962	1.53	3.05782	2.54892	1.02013	1.53	3.05782	1.53	1.53	1.53	1.53	3.05782	1.53	1.53	3.05782	3.05782	1.53	1.02013	1.02013	1.53	3.05782	1.53	1.53	1.53	3.05782	3.05782	1.53	1.53	1.53	3.05782	1.53	2.03962	2.03962	1.53	3.56624	3.56624	1.53	1.53	3.05782	1.53	1.53	1.53	1.02013	2.54892	1.53	1.53	3.05782	2.54892	1.02013	1.02013	1.02013	1.53	2.54892	1.02013	1.53	3.56624	3.05782	1.02013	1.53	1.53	1.53	3.05782	1.53	1.02013	2.54892	1.53	1.53	3.56624	2.03962	1.53	3.05782	1.53	2.03962	4.07409	2.03962	1.53	1.53	2.03962	4.07409	4.07409	2.03962	2.03962	4.07409	2.03962	2.03962	2.03962	2.03962	4.5813	4.5813	2.03962	1.53	3.56624	2.03962	1.53	1.53	1.53	3.05782	3.56624	2.03962	1.53	3.05782	1.53	2.03962	2.03962	1.53	3.05782	1.53	2.03962	3.56624
3.20766	3.06299	3.11019	2.70915	1.88219	1.66224	2.05533	1.09684	1.14043	1.14043	0.97107	2.29411	1.45363	1.09684	2.58033	2.74476	1.44245	1.81182	1.98299	1.83854	2.58036	1.62266	1.44245	2.22958	2.37068	1.83854	1.88219	2.10995	2.34321	2.84918	2.95531	3.30707	4.32758	4.84444	5.48893	6.42524	7.36228	8.25604	8.88755	9.38308	9.85202	10.4896	10.6949	10.7716	11.0162	12.0254	11.5882	10.3778	10.1409	9.90418	10.8688	8.97211	8.51046	8.05216	7.53936	8.36056	7.66465	6.42524	6.28428	6.76676	6.57528	6.62369	6.37779	6.18156	6.43769	6.50687	6.67893	6.9045	6.77387	6.62129	6.75736	7.00768	7.03492	6.86977	6.62129	6.75736	7.00768	7.26437	7.26437	7.03492	6.78565	6.67893	6.9045	6.67893	6.47484	5.98136	5.64186	5.97325	5.75447	4.91048	4.82778	5.50055	4.82778	4.69239	4.69239	4.82778	5.50055	4.82778	4.66827	5.01747	5.01747	4.42713	4.34992	4.34992	4.34992	4.91041	3.94906	3.71275	4.17566	4.35357	3.87886	3.71275	3.4788	3.41778	3.97754	3.22275	3.41778	3.97754	3.97754	3.41778	3.41778	3.41778	3.49733	4.53144	3.36527	3.41778	4.51362	3.28738	3.14644	4.53144	3.28738	3.14644	4.53144	3.28738	3.14644	4.53144	3.28738	2.97168	2.97168	2.97168	4.20258	4.06188	2.54878	2.54878	3.67323	2.54878	2.70315	2.52959	2.1631	3.41767	3.14636	2.22963	2.37072	3.36518	2.1631	2.1631	2.1631	2.1631	3.24766	1.81182	1.8385	3.22262	3.06286	1.54046	1.31267	1.45366	1.8385	3.06286	1.54046	1.61258	1.61258	3.09965	3.09965	1.61258	1.61258	1.61258	3.09965	1.61258	2.10216	2.10216	1.61258	3.45999	3.57498	1.70082	1.61258	3.09965	1.61258	1.61258	1.61258	1.31267	2.82049	1.8385	1.8385	3.22262	2.91098	1.81184	1.83854	1.83854	2.1631	3.14636	2.22963	2.37072	3.64669	3.31182	1.81184	2.1631	2.1631	1.98299	3.14634	1.8385	1.44245	2.74476	1.8385	1.8385	3.39865	1.8028	1.52986	3.18723	1.70082	2.10216	3.96521	1.91632	1.66218	1.70082	2.10216	4.10532	4.10532	2.10216	2.10216	4.10532	2.10216	2.10216	2.10216	2.10216	4.60897	4.60897	2.10216	1.61258	3.45999	1.91632	1.66218	1.70082	1.61258	3.09965	3.60203	2.10216	1.61258	3.09965	1.61258	2.10216	2.10216	1.61258	3.09965	1.61258	1.94992	3.44123
3.18712	2.99858	2.84893	2.40449	1.77549	1.54038	1.63249	0.901564	1.14032	1.14032	0.743459	1.78453	1.20947	0.901564	2.34291	2.74452	1.44232	1.62252	1.81168	1.83838	2.79718	1.81166	1.44232	2.01528	2.17039	1.83838	1.77549	2.01534	2.25838	2.66065	2.93304	3.2475	3.95281	4.72279	5.39398	6.18102	7.2308	8.23229	8.85838	9.35547	9.8765	10.5831	10.694	10.7994	11.0433	11.8184	11.3725	10.3107	10.0721	9.83365	10.4663	8.80126	8.32962	7.86027	7.5387	8.0828	7.39388	6.42468	6.28373	6.86912	6.62311	6.5747	6.32687	6.18102	6.50627	6.5357	6.67834	6.90389	6.77327	6.62071	6.78505	7.0343	7.00706	6.82257	6.62071	6.78505	7.0343	7.26373	7.26373	7.00706	6.75677	6.67834	6.90389	6.67834	6.39477	5.89446	5.58417	5.85346	5.62992	4.84401	4.82735	5.50007	4.82735	4.69197	4.69197	4.82735	5.50007	4.82735	4.59828	5.01702	5.01702	4.35325	4.34953	4.34953	4.34953	4.76347	3.86601	3.62426	4.17529	4.51326	3.87851	3.62426	3.38418	3.41747	3.97719	3.22247	3.41747	3.97719	3.97719	3.41747	3.41747	3.41747	3.36497	4.53104	3.49702	3.41747	4.32339	3.14616	3.28709	4.53104	3.14616	3.28709	4.53104	3.14616	3.28709	4.53104	3.14616	2.97141	2.97141	2.97141	3.9974	3.84913	2.54856	2.54856	3.6729	2.54856	2.52939	2.34295	2.1629	3.41737	3.36488	2.37051	2.22943	3.14609	2.1629	2.1629	2.1629	2.1629	3.02	1.62252	1.83834	3.22233	2.82024	1.31256	1.54032	1.66205	1.83834	2.82024	1.31256	1.61244	1.61244	3.09937	3.09937	1.61244	1.61244	1.61244	3.09937	1.61244	2.10197	2.10197	1.61244	3.20721	3.57466	1.94974	1.61244	3.09937	1.61244	1.61244	1.61244	1.54032	3.06258	1.83834	1.83834	3.22233	3.14606	1.98281	1.83838	1.83838	2.1629	3.36488	2.37051	2.22943	3.19206	3.31153	1.98281	2.1629	2.1629	1.81168	2.91072	1.83834	1.44232	2.74452	1.83834	1.83834	2.90514	1.30011	1.52973	3.44092	1.94974	2.10197	3.71225	1.66203	1.91614	1.94974	2.10197	4.10496	4.10496	2.10197	2.10197	4.10496	2.10197	2.10197	2.10197	2.10197	4.60856	4.60856	2.10197	1.61244	3.20721	1.66203	1.91614	1.94974	1.61244	3.09937	3.60171	2.10197	1.61244	3.09937	1.61244	2.10197	2.10197	1.61244	3.09937	1.61244	1.70067	3.18695
0	0.509962	1.01984	1.01984	0.509962	0.509962	1.01984	0.509962	1.01984	1.01984	0.509962	1.52956	1.01984	0.509962	2.03904	2.5482	1.01984	1.01984	1.01984	1.01984	2.5482	1.52956	1.01984	1.52956	1.52956	1.01984	0.509962	0.509962	0.509962	0.509962	0	0.509962	0.509962	0	0.509962	0.509962	0.509962	0.509962	0	0	1.01984	2.5482	1.52956	1.52956	1.52956	4.58	4.58	2.5482	2.5482	2.5482	5.08635	2.5482	2.5482	2.5482	2.5482	4.07293	3.56522	2.03904	1.52956	3.05695	1.52956	1.01984	1.01984	1.01984	2.03904	1.01984	1.01984	2.03904	1.52956	0.509962	1.01984	1.01984	0.509962	1.01984	0.509962	1.01984	1.01984	1.52956	1.52956	0.509962	0.509962	1.01984	2.03904	1.01984	0.509962	0.509962	1.01984	2.5482	2.5482	1.01984	1.52956	3.05695	1.52956	1.01984	1.01984	1.52956	3.05695	1.52956	1.01984	2.5482	2.5482	1.01984	1.52956	1.52956	1.52956	2.5482	1.01984	1.01984	2.5482	3.05695	1.52956	1.01984	1.01984	1.52956	2.5482	1.01984	1.52956	2.5482	2.5482	1.52956	1.52956	1.52956	1.52956	3.56522	2.03904	1.52956	3.05695	1.52956	2.03904	3.56522	1.52956	2.03904	3.56522	1.52956	2.03904	3.56522	1.52956	1.52956	1.52956	1.52956	3.05695	3.05695	1.52956	1.52956	3.05695	1.52956	1.52956	1.52956	1.52956	3.05695	3.05695	1.52956	1.01984	2.5482	1.52956	1.52956	1.52956	1.52956	2.5482	1.01984	1.52956	3.05695	2.5482	1.01984	1.52956	1.52956	1.52956	2.5482	1.01984	1.52956	1.52956	3.05695	3.05695	1.52956	1.52956	1.52956	3.05695	1.52956	2.03904	2.03904	1.52956	3.05695	3.56522	2.03904	1.52956	3.05695	1.52956	1.52956	1.52956	1.52956	3.05695	1.52956	1.52956	3.05695	3.05695	1.52956	1.01984	1.01984	1.52956	3.05695	1.52956	1.01984	2.5482	3.05695	1.52956	1.52956	1.52956	1.01984	2.5482	1.52956	1.01984	2.5482	1.52956	1.52956	2.5482	1.01984	1.52956	3.56522	2.03904	2.03904	3.56522	1.52956	2.03904	2.03904	2.03904	4.07293	4.07293	2.03904	2.03904	4.07293	2.03904	2.03904	2.03904	2.03904	4.58	4.58	2.03904	1.52956	3.05695	1.52956	2.03904	2.03904	1.52956	3.05695	3.56522	2.03904	1.52956	3.05695	1.52956	2.03904	2.03904	1.52956	3.05695	1.52956	1.52956	3.05695
0	0.509917	1.01975	1.01975	0.509917	0.509917	1.01975	0.509917	1.01975	1.01975	0.509917	1.52943	1.01975	0.509917	2.03886	2.54797	1.01975	1.01975	1.01975	1.01975	2.54797	1.52943	1.01975	1.52943	1.52943	1.01975	0.509917	0.509917	0.509917	0.509917	0	0.509917	0.509917	0	0.509917	0.509917	0.509917	0.509917	0	0	1.01975	2.54797	1.52943	1.52943	1.52943	4.5796	4.5796	2.54797	2.54797	2.54797	5.0859	2.54797	2.54797	2.54797	2.54797	4.07257	3.56491	2.03886	1.52943	3.05668	1.52943	1.01975	1.01975	1.01975	2.03886	1.01975	1.01975	2.03886	1.52943	0.509917	1.01975	1.01975	0.509917	1.01975	0.509917	1.01975	1.01975	1.52943	1.52943	0.509917	0.509917	1.01975	2.03886	1.01975	0.509917	0.509917	1.01975	2.54797	2.54797	1.01975	1.52943	3.05668	1.52943	1.01975	1.01975	1.52943	3.05668	1.52943	1.01975	2.54797	2.54797	1.01975	1.52943	1.52943	1.52943	2.54797	1.01975	1.01975	2.54797	3.05668	1.52943	1.01975	1.01975	1.52943	2.54797	1.01975	1.52943	2.54797	2.54797	1.52943	1.52943	1.52943	1.52943	3.56491	2.03886	1.52943	3.05668	1.52943	2.03886	3.56491	1.52943	2.03886	3.56491	1.52943	2.03886	3.56491	1.52943	1.52943	1.52943	1.52943	3.05668	3.05668	1.52943	1.52943	3.05668	1.52943	1.52943	1.52943	1.52943	3.05668	3.05668	1.52943	1.01975	2.54797	1.52943	1.52943	1.52943	1.52943	2.54797	1.01975	1.52943	3.05668	2.54797	1.01975	1.52943	1.52943	1.52943	2.54797	1.01975	1.52943	1.52943	3.05668	3.05668	1.52943	1.52943	1.52943	3.05668	1.52943	2.03886	2.03886	1.52943	3.05668	3.56491	2.03886	1.52943	3.05668	1.52943	1.52943	1.52943	1.52943	3.05668	1.52943	1.52943	3.05668	3.05668	1.52943	1.01975	1.01975	1.52943	3.05668	1.52943	1.01975	2.54797	3.05668	1.52943	1.52943	1.52943	1.01975	2.54797	1.52943	1.01975	2.54797	1.52943	1.52943	2.54797	1.01975	1.52943	3.56491	2.03886	2.03886	3.56491	1.52943	2.03886	2.03886	2.03886	4.07257	4.07257	2.03886	2.03886	4.07257	2.03886	2.03886	2.03886	2.03886	4.5796	4.5796	2.03886	1.52943	3.05668	1.52943	2.03886	2.03886	1.52943	3.05668	3.56491	2.03886	1.52943	3.05668	1.52943	2.03886	2.03886	1.52943	3.05668	1.52943	1.52943	3.05668
0	0.509862	1.01964	1.01964	0.509862	0.509862	1.01964	0.509862	1.01964	1.01964	0.509862	1.52926	1.01964	0.509862	2.03864	2.5477	1.01964	1.01964	1.01964	1.01964	2.5477	1.52926	1.01964	1.52926	1.52926	1.01964	0.509862	0.509862	0.509862	0.509862	0	0.509862	0.509862	0	0.509862	0.509862	0.509862	0.509862	0	0	1.01964	2.5477	1.52926	1.52926	1.52926	4.57911	4.57911	2.5477	2.5477	2.5477	5.08536	2.5477	2.5477	2.5477	2.5477	4.07214	3.56453	2.03864	1.52926	3.05635	1.52926	1.01964	1.01964	1.01964	2.03864	1.01964	1.01964	2.03864	1.52926	0.509862	1.01964	1.01964	0.509862	1.01964	0.509862	1.01964	1.01964	1.52926	1.52926	0.509862	0.509862	1.01964	2.03864	1.01964	0.509862	0.509862	1.01964	2.5477	2.5477	1.01964	1.52926	3.05635	1.52926	1.01964	1.01964	1.52926	3.05635	1.52926	1.01964	2.5477	2.5477	1.01964	1.52926	1.52926	1.52926	2.5477	1.01964	1.01964	2.5477	3.05635	1.52926	1.01964	1.01964	1.52926	2.5477	1.01964	1.52926	2.5477	2.5477	1.52926	1.52926	1.52926	1.52926	3.56453	2.03864	1.52926	3.05635	1.52926	2.03864	3.56453	1.52926	2.03864	3.56453	1.52926	2.03864	3.56453	1.52926	1.52926	1.52926	1.52926	3.05635	3.05635	1.52926	1.52926	3.05635	1.52926	1.52926	1.52926	1.52926	3.05635	3.05635	1.52926	1.01964	2.5477	1.52926	1.52926	1.52926	1.52926	2.5477	1.01964	1.52926	3.05635	2.5477	1.01964	1.52926	1.52926	1.52926	2.5477	1.01964	1.52926	1.52926	3.05635	3.05635	1.52926	1.52926	1.52926	3.05635	1.52926	2.03864	2.03864	1.52926	3.05635	3.56453	2.03864	1.52926	3.05635	1.52926	1.52926	1.52926	1.52926	3.05635	1.52926	1.52926	3.05635	3.05635	1.52926	1.01964	1.01964	1.52926	3.05635	1.52926	1.01964	2.5477	3.05635	1.52926	1.52926	1.52926	1.01964	2.5477	1.52926	1.01964	2.5477	1.52926	1.52926	2.5477	1.01964	1.52926	3.56453	2.03864	2.03864	3.56453	1.52926	2.03864	2.03864	2.03864	4.07214	4.07214	2.03864	2.03864	4.07214	2.03864	2.03864	2.03864	2.03864	4.57911	4.57911	2.03864	1.52926	3.05635	1.52926	2.03864	2.03864	1.52926	3.05635	3.56453	2.03864	1.52926	3.05635	1.52926	2.03864	2.03864	1.52926	3.05635	1.52926	1.52926	3.05635
5.08518	4.97327	4.64183	4.1427	3.711	3.45851	3.30548	3.09832	2.90414	2.41702	2.10125	2.36958	1.88129	1.77479	2.52838	2.62271	1.44175	1.44175	1.44175	1.44175	2.41692	1.2996	1.01955	1.40753	1.37251	1.2616	1.20905	1.453	1.70008	2.05442	2.42373	2.81352	3.5644	4.333	4.83882	5.59063	6.53317	7.00435	7.48721	8.23679	8.66078	8.96088	8.73323	8.87803	9.12253	9.82187	9.37855	8.32832	8.08955	7.69415	8.18274	6.66854	6.43459	6.20183	5.80445	6.14735	5.79333	5.00868	4.66603	5.11347	4.34783	4.19686	4.19686	4.35155	4.94728	4.69014	4.69014	5.00868	4.82547	4.607	4.69014	4.69014	4.607	4.84213	4.99907	5.03752	4.78865	4.82547	4.82547	4.74815	4.99907	5.03752	5.07565	4.69014	4.607	4.607	4.69014	5.06294	4.84208	4.19686	4.1853	4.70719	3.877	3.70663	3.70663	3.71097	4.32172	3.41614	3.38286	4.17366	4.17366	3.62285	3.71097	3.47713	3.41614	3.97564	3.22121	3.22121	3.97564	4.1387	3.01891	2.90969	3.14496	3.41614	3.97564	3.22121	3.24621	3.78419	3.96343	3.41614	3.24621	3.01891	2.97025	4.20057	2.8873	2.72575	3.99584	2.97025	3.08255	4.23497	2.93184	3.08255	4.05993	2.54756	2.70185	3.81387	2.16206	2.16206	2.16206	2.16206	3.41603	3.41603	2.16206	2.16206	3.41603	2.16206	2.16206	2.16206	1.98204	3.14483	3.22107	1.83762	1.62188	3.01882	2.16206	1.98204	1.81095	1.83762	2.90959	1.81097	1.98204	3.14483	2.74344	1.44175	1.83762	1.83762	1.83762	2.90959	1.81097	2.16206	2.16206	3.2461	3.14483	1.83762	1.83762	1.83762	3.38272	2.16954	2.36954	2.22851	1.83762	3.22107	3.70646	2.27885	1.83762	3.22107	1.83762	1.83762	1.83762	1.83762	3.22107	1.83762	1.83762	3.06139	2.99727	1.61181	1.31204	1.45296	1.6614	2.99727	1.61181	1.31204	2.65949	2.99727	1.61181	1.61181	1.61181	1.31204	2.81913	1.83762	1.44175	2.74344	1.83762	1.83762	2.74344	1.44175	1.83762	3.55059	2.01446	1.94898	3.57327	1.7	2.10115	2.10115	2.10115	4.10336	4.10336	2.10115	2.10115	4.10336	2.10115	2.10115	2.10115	2.10115	4.4683	4.45385	2.03846	1.66138	3.20595	1.61181	2.10115	2.10115	1.61181	3.09816	3.6003	2.10115	1.61181	3.09816	1.61181	1.94898	1.9154	1.52913	3.05608	1.52913	1.52913	3.05608
5.08473	4.95988	4.58557	4.07955	3.69321	3.43946	3.24595	3.09804	2.81327	2.30702	2.10106	2.22836	1.77464	1.88112	2.34183	2.19164	1.44162	1.44162	1.44162	1.44162	1.94048	0.805992	1.01946	1.15392	0.918965	1.09624	1.15398	1.40748	1.66132	2.05424	2.45011	2.81327	3.7063	4.39174	4.83839	5.68117	6.67754	7.03096	7.56249	8.30483	8.66002	8.9601	8.73246	8.92671	9.16979	9.61517	9.16117	8.25903	8.01813	7.56037	7.77743	6.58125	6.34401	6.10773	5.62442	5.84789	5.79282	5.00823	4.59608	4.97276	4.34745	4.19649	4.19649	4.42462	5.06249	4.68973	4.68973	5.00823	4.82504	4.60659	4.68973	4.68973	4.60659	4.9077	5.03708	4.99863	4.74773	4.82504	4.82504	4.78823	5.03708	4.99863	4.98572	4.68973	4.60659	4.60659	4.68973	4.94684	4.72048	4.19649	4.10712	4.55377	3.87666	3.7063	3.7063	3.62253	4.15391	3.41584	3.47682	4.17329	4.17329	3.71064	3.62253	3.38256	3.41584	3.97528	3.22092	3.22092	3.97528	3.96308	2.90943	3.01864	3.24592	3.41584	3.97528	3.22092	3.14468	3.78385	4.13833	3.41584	3.14468	2.90943	2.96999	3.99548	2.7255	2.88705	4.20019	2.96999	2.93158	4.2346	3.08227	2.93158	3.84728	2.54733	2.52817	3.58653	2.16187	2.16187	2.16187	2.16187	3.41573	3.41573	2.16187	2.16187	3.41573	2.16187	2.16187	2.16187	1.81081	2.90933	3.22079	1.83746	1.81079	3.24581	2.16187	1.81081	1.62174	1.83746	3.14455	1.98186	1.81081	2.90933	2.7432	1.44162	1.83746	1.83746	1.83746	3.14455	1.98186	2.16187	2.16187	3.01855	2.90933	1.83746	1.83746	1.83746	3.62237	2.36933	2.16934	2.01431	1.83746	3.22079	3.70613	2.27865	1.83746	3.22079	1.83746	1.83746	1.83746	1.83746	3.22079	1.83746	1.83746	2.81888	2.74908	1.61167	1.53958	1.66126	1.45283	2.74908	1.61167	1.53958	2.65926	2.74908	1.61167	1.61167	1.61167	1.53958	3.06111	1.83746	1.44162	2.7432	1.83746	1.83746	2.7432	1.44162	1.83746	3.30504	1.77457	1.69985	3.57295	1.94881	2.10096	2.10096	2.10096	4.103	4.103	2.10096	2.10096	4.103	2.10096	2.10096	2.10096	2.10096	4.21545	4.20012	2.03828	1.91522	3.45802	1.61167	2.10096	2.10096	1.61167	3.09788	3.59998	2.10096	1.61167	3.09788	1.61167	1.69985	1.66123	1.52899	3.05581	1.52899	1.52899	3.05581
0	0	0	0	0	0	0.509717	0.509717	0	0	0.509717	1.01935	0.509717	1.01935	1.52883	1.52883	1.01935	1.01935	1.01935	1.01935	1.52883	0.509717	1.01935	1.01935	0.509717	0.509717	0	0	0	0.509717	0.509717	0.509717	1.52883	1.01935	0.509717	1.52883	2.03806	1.01935	1.52883	1.52883	1.01935	2.54697	1.52883	2.03806	2.03806	3.56351	3.56351	2.03806	2.03806	1.52883	3.56351	2.03806	2.03806	2.03806	1.52883	3.05548	3.56351	2.03806	1.01935	2.54697	1.52883	1.01935	1.01935	1.52883	2.54697	1.01935	1.01935	2.03806	1.52883	0.509717	1.01935	1.01935	0.509717	1.52883	1.01935	0.509717	0.509717	1.52883	1.52883	1.01935	1.01935	0.509717	1.52883	1.01935	0.509717	0.509717	1.01935	2.03806	2.03806	1.01935	1.01935	2.54697	1.52883	1.01935	1.01935	1.01935	2.54697	1.52883	1.52883	2.54697	2.54697	1.52883	1.01935	1.01935	1.52883	2.54697	1.01935	1.01935	2.54697	2.54697	1.01935	1.52883	1.52883	1.52883	2.54697	1.01935	1.01935	2.54697	3.05548	1.52883	1.01935	1.01935	1.52883	3.05548	1.52883	2.03806	3.56351	1.52883	1.52883	3.56351	2.03806	1.52883	3.05548	1.52883	1.52883	3.05548	1.52883	1.52883	1.52883	1.52883	3.05548	3.05548	1.52883	1.52883	3.05548	1.52883	1.52883	1.52883	1.01935	2.54697	3.05548	1.52883	1.52883	3.05548	1.52883	1.01935	1.01935	1.52883	3.05548	1.52883	1.01935	2.54697	2.54697	1.01935	1.52883	1.52883	1.52883	3.05548	1.52883	1.52883	1.52883	2.54697	2.54697	1.52883	1.52883	1.52883	3.56351	2.03806	1.52883	1.52883	1.52883	3.05548	3.56351	2.03806	1.52883	3.05548	1.52883	1.52883	1.52883	1.52883	3.05548	1.52883	1.52883	2.54697	2.54697	1.52883	1.52883	1.52883	1.01935	2.54697	1.52883	1.52883	2.54697	2.54697	1.52883	1.52883	1.52883	1.52883	3.05548	1.52883	1.01935	2.54697	1.52883	1.52883	2.54697	1.01935	1.52883	3.05548	1.52883	1.52883	3.56351	2.03806	2.03806	2.03806	2.03806	4.07098	4.07098	2.03806	2.03806	4.07098	2.03806	2.03806	2.03806	2.03806	4.07098	4.07098	2.03806	2.03806	3.56351	1.52883	2.03806	2.03806	1.52883	3.05548	3.56351	2.03806	1.52883	3.05548	1.52883	1.52883	1.52883	1.52883	3.05548	1.52883	1.52883	3.05548
0	0	0	0	0	0	0.509672	0.509672	0	0	0.509672	1.01926	0.509672	1.01926	1.52869	1.52869	1.01926	1.01926	1.01926	1.01926	1.52869	0.509672	1.01926	1.01926	0.509672	0.509672	0	0	0	0.509672	0.509672	0.509672	1.52869	1.01926	0.509672	1.52869	2.03788	1.01926	1.52869	1.52869	1.01926	2.54675	1.52869	2.03788	2.03788	3.5632	3.5632	2.03788	2.03788	1.52869	3.5632	2.03788	2.03788	2.03788	1.52869	3.05521	3.5632	2.03788	1.01926	2.54675	1.52869	1.01926	1.01926	1.52869	2.54675	1.01926	1.01926	2.03788	1.52869	0.509672	1.01926	1.01926	0.509672	1.52869	1.01926	0.509672	0.509672	1.52869	1.52869	1.01926	1.01926	0.509672	1.52869	1.01926	0.509672	0.509672	1.01926	2.03788	2.03788	1.01926	1.01926	2.54675	1.52869	1.01926	1.01926	1.01926	2.54675	1.52869	1.52869	2.54675	2.54675	1.52869	1.01926	1.01926	1.52869	2.54675	1.01926	1.01926	2.54675	2.54675	1.01926	1.52869	1.52869	1.52869	2.54675	1.01926	1.01926	2.54675	3.05521	1.52869	1.01926	1.01926	1.52869	3.05521	1.52869	2.03788	3.5632	1.52869	1.52869	3.5632	2.03788	1.52869	3.05521	1.52869	1.52869	3.05521	1.52869	1.52869	1.52869	1.52869	3.05521	3.05521	1.52869	1.52869	3.05521	1.52869	1.52869	1.52869	1.01926	2.54675	3.05521	1.52869	1.52869	3.05521	1.52869	1.01926	1.01926	1.52869	3.05521	1.52869	1.01926	2.54675	2.54675	1.01926	1.52869	1.52869	1.52869	3.05521	1.52869	1.52869	1.52869	2.54675	2.54675	1.52869	1.52869	1.52869	3.5632	2.03788	1.52869	1.52869	1.52869	3.05521	3.5632	2.03788	1.52869	3.05521	1.52869	1.52869	1.52869	1.52869	3.05521	1.52869	1.52869	2.54675	2.54675	1.52869	1.52869	1.52869	1.01926	2.54675	1.52869	1.52869	2.54675	2.54675	1.52869	1.52869	1.52869	1.52869	3.05521	1.52869	1.01926	2.54675	1.52869	1.52869	2.54675	1.01926	1.52869	3.05521	1.52869	1.52869	3.5632	2.03788	2.03788	2.03788	2.03788	4.07062	4.07062	2.03788	2.03788	4.07062	2.03788	2.03788	2.03788	2.03788	4.07062	4.07062	2.03788	2.03788	3.5632	1.52869	2.03788	2.03788	1.52869	3.05521	3.5632	2.03788	1.52869	3.05521	1.52869	1.52869	1.52869	1.52869	3.05521	1.52869	1.52869	3.05521
0	0	0	0	0	0	0.509627	0.509627	0	0	0.509627	1.01917	0.509627	1.01917	1.52856	1.52856	1.01917	1.01917	1.01917	1.01917	1.52856	0.509627	1.01917	1.01917	0.509627	0.509627	0	0	0	0.509627	0.509627	0.509627	1.52856	1.01917	0.509627	1.52856	2.0377	1.01917	1.52856	1.52856	1.01917	2.54652	1.52856	2.0377	2.0377	3.56288	3.56288	2.0377	2.0377	1.52856	3.56288	2.0377	2.0377	2.0377	1.52856	3.05494	3.56288	2.0377	1.01917	2.54652	1.52856	1.01917	1.01917	1.52856	2.54652	1.01917	1.01917	2.0377	1.52856	0.509627	1.01917	1.01917	0.509627	1.52856	1.01917	0.509627	0.509627	1.52856	1.52856	1.01917	1.01917	0.509627	1.52856	1.01917	0.509627	0.509627	1.01917	2.0377	2.0377	1.01917	1.01917	2.54652	1.52856	1.01917	1.01917	1.01917	2.54652	1.52856	1.52856	2.54652	2.54652	1.52856	1.01917	1.01917	1.52856	2.54652	1.01917	1.01917	2.54652	2.54652	1.01917	1.52856	1.52856	1.52856	2.54652	1.01917	1.01917	2.54652	3.05494	1.52856	1.01917	1.01917	1.52856	3.05494	1.52856	2.0377	3.56288	1.52856	1.52856	3.56288	2.0377	1.52856	3.05494	1.52856	1.52856	3.05494	1.52856	1.52856	1.52856	1.52856	3.05494	3.05494	1.52856	1.52856	3.05494	1.52856	1.52856	1.52856	1.01917	2.54652	3.05494	1.52856	1.52856	3.05494	1.52856	1.01917	1.01917	1.52856	3.05494	1.52856	1.01917	2.54652	2.54652	1.01917	1.52856	1.52856	1.52856	3.05494	1.52856	1.52856	1.52856	2.54652	2.54652	1.52856	1.52856	1.52856	3.56288	2.0377	1.52856	1.52856	1.52856	3.05494	3.56288	2.0377	1.52856	3.05494	1.52856	1.52856	1.52856	1.52856	3.05494	1.52856	1.52856	2.54652	2.54652	1.52856	1.52856	1.52856	1.01917	2.54652	1.52856	1.52856	2.54652	2.54652	1.52856	1.52856	1.52856	1.52856	3.05494	1.52856	1.01917	2.54652	1.52856	1.52856	2.54652	1.01917	1.52856	3.05494	1.52856	1.52856	3.56288	2.0377	2.0377	2.0377	2.0377	4.07026	4.07026	2.0377	2.0377	4.07026	2.0377	2.0377	2.0377	2.0377	4.07026	4.07026	2.0377	2.0377	3.56288	1.52856	2.0377	2.0377	1.52856	3.05494	3.56288	2.0377	1.52856	3.05494	1.52856	1.52856	1.52856	1.52856	3.05494	1.52856	1.52856	3.05494
5.71553	5.4632	5.21067	4.95795	4.70504	4.57676	4.46639	4.21403	4.07004	4.07004	3.96162	3.79523	3.59876	3.39555	3.07585	2.79482	2.34096	2.10793	1.88039	1.66064	1.81008	1.13937	1.26099	1.09579	0.360336	0.360336	0.649602	0.900802	1.15353	1.70877	2.01358	2.41586	3.49398	3.62111	3.89178	4.83979	5.57067	5.57933	5.94612	6.18858	6.3214	6.99187	6.76742	6.89793	6.89793	7.31191	7.09123	6.26045	6.02097	5.79066	6.4414	5.54473	5.30829	5.07323	4.6638	5.11103	5.04457	3.75673	3.21966	3.97373	3.4145	3.21966	3.21966	3.24465	3.60316	2.74223	2.74223	3.25953	3.14342	2.99598	3.21966	3.21966	3.09683	3.4145	3.21966	3.24468	3.49403	3.87514	3.87514	3.54906	3.3039	3.24468	3.64332	3.3039	3.24468	3.49403	3.70485	4.10156	4.10156	3.70485	3.70485	4.19863	3.47547	3.21966	3.21966	3.21966	3.97373	3.4145	3.24465	3.78237	3.78237	3.01746	2.9083	3.14345	3.24465	3.78237	3.14345	3.21966	3.97373	3.97373	3.21966	3.24465	3.01746	2.96883	3.59867	2.74223	2.9083	3.78237	3.96151	2.96883	2.9083	3.14345	3.4145	4.31591	3.4145	3.49398	4.34934	2.96883	2.96883	4.19856	2.88592	2.54634	3.66971	2.54634	2.54634	3.66971	2.54634	2.54634	2.54634	2.54634	3.66971	3.4939	2.16851	2.16102	3.41439	2.16102	2.16102	2.16102	2.01356	3.10715	3.36195	2.16102	2.16102	3.41439	2.16102	2.01356	2.22749	2.54634	3.4939	2.16851	2.01356	3.28417	3.25949	2.27783	2.54634	2.54634	2.54634	3.4939	2.16851	2.16102	2.16102	2.96875	2.96875	2.16102	2.16102	2.16102	3.70905	2.22744	1.83674	1.83674	2.01352	3.47534	3.70905	2.22744	1.83674	3.21953	1.83674	1.83674	1.83674	1.83674	3.21953	1.83674	1.66061	2.65822	2.65822	1.53898	1.61104	1.61104	1.31141	2.65822	1.53898	1.61104	2.74801	2.65822	1.53898	1.61104	1.61104	1.61104	3.09667	1.61104	1.13933	2.59661	1.61104	1.61104	2.59661	1.13933	1.61104	3.09667	1.61104	1.61104	3.45667	1.91448	2.03748	2.03748	2.03748	4.06983	4.06983	2.03748	2.03748	4.06983	2.03748	2.03748	2.03748	2.03748	4.06983	4.06983	2.03748	2.03748	3.5625	1.52839	2.03748	2.03748	1.52839	3.05462	3.5625	2.03748	1.52839	3.18418	1.69919	1.61104	1.61104	1.61104	3.09667	1.61104	1.61104	3.09667
5.72622	5.47445	5.22252	4.97045	4.71827	4.57635	4.45156	4.19833	4.06968	4.06968	3.94496	3.74353	3.59844	3.31826	2.90249	2.67629	2.25621	2.0134	1.77378	1.5389	1.62096	1.13927	1.09571	0.900699	0.360304	0.360304	0.742764	0.970087	1.20836	1.98908	2.10774	2.6213	3.96118	3.70886	4.02185	5.18543	5.79563	5.63598	6.02044	6.2599	6.37115	7.09063	6.76682	6.89732	6.89732	7.19742	6.973	6.18804	5.9456	5.79015	6.31066	5.46269	5.22249	4.98334	4.59388	4.97038	4.7284	3.54418	3.21938	3.97338	3.4142	3.21938	3.21938	3.14317	3.43774	2.74199	2.74199	3.25924	3.28394	3.05978	3.21938	3.21938	3.09656	3.4142	3.21938	3.30361	3.54874	3.8748	3.8748	3.49372	3.24439	3.30361	3.643	3.24439	3.30361	3.54874	3.70452	4.10119	4.10119	3.70452	3.70452	4.05772	3.38094	3.21938	3.21938	3.21938	3.97338	3.4142	3.14317	3.78204	3.78204	2.90804	3.01719	3.24436	3.14317	3.78204	3.24436	3.21938	3.97338	3.97338	3.21938	3.14317	2.90804	2.96856	3.59835	2.74199	3.01719	3.78204	3.77776	2.96856	3.01719	3.24436	3.4142	4.31553	3.4142	3.36175	4.15189	2.96856	2.96856	3.99357	2.7242	2.54611	3.66938	2.54611	2.54611	3.66938	2.54611	2.54611	2.54611	2.54611	3.66938	3.28388	2.01338	2.16083	3.41409	2.16083	2.16083	2.16083	2.16832	3.10687	3.14307	2.16083	2.16083	3.41409	2.16083	2.16832	2.36823	2.54611	3.28388	2.01338	2.16832	3.49359	3.2592	2.27763	2.54611	2.54611	2.54611	3.28388	2.01338	2.16083	2.16083	2.96849	2.96849	2.16083	2.16083	2.16083	3.47503	2.01334	1.83657	1.83657	2.22724	3.70872	3.47503	2.01334	1.83657	3.21924	1.83657	1.83657	1.83657	1.83657	3.21924	1.83657	1.45213	2.65798	2.65798	1.3113	1.61089	1.61089	1.53884	2.65798	1.3113	1.61089	2.99556	2.65798	1.3113	1.61089	1.61089	1.61089	3.0964	1.61089	1.13923	2.59638	1.61089	1.61089	2.59638	1.13923	1.61089	3.0964	1.61089	1.61089	3.20413	1.66043	2.0373	2.0373	2.0373	4.06947	4.06947	2.0373	2.0373	4.06947	2.0373	2.0373	2.0373	2.0373	4.06947	4.06947	2.0373	2.0373	3.56219	1.52826	2.0373	2.0373	1.52826	3.05435	3.56219	2.0373	1.52826	3.43763	1.94787	1.61089	1.61089	1.61089	3.0964	1.61089	1.61089	3.0964
0.509482	0.509482	0.509482	0.509482	0.509482	0	0	0	0	0	0	0.509482	0.509482	0	0.509482	1.01888	0.509482	0.509482	0.509482	0.509482	1.01888	0.509482	0.509482	0.509482	0.509482	0.509482	0.509482	0.509482	0.509482	1.52812	1.01888	1.52812	3.05407	1.52812	1.52812	3.05407	3.05407	1.52812	2.03712	2.03712	1.52812	3.05407	1.52812	2.03712	2.03712	3.05407	3.05407	1.52812	1.52812	1.52812	3.05407	1.52812	1.52812	1.52812	1.01888	2.5458	2.5458	1.01888	1.01888	2.5458	1.52812	1.01888	1.01888	1.01888	2.03712	1.01888	1.01888	2.03712	2.03712	1.01888	1.01888	1.01888	0.509482	1.52812	1.01888	1.01888	1.01888	1.52812	1.52812	0.509482	0.509482	1.01888	1.52812	0.509482	1.01888	1.01888	1.01888	2.03712	2.03712	1.01888	1.01888	2.03712	1.01888	1.01888	1.01888	1.01888	2.5458	1.52812	1.01888	2.5458	2.5458	1.01888	1.52812	1.52812	1.01888	2.5458	1.52812	1.01888	2.5458	2.5458	1.01888	1.01888	1.01888	1.52812	2.5458	1.01888	1.52812	2.5458	2.5458	1.52812	1.52812	1.52812	1.52812	3.05407	1.52812	1.52812	3.05407	1.52812	1.52812	3.05407	1.52812	1.52812	3.05407	1.52812	1.52812	3.05407	1.52812	1.52812	1.52812	1.52812	3.05407	2.5458	1.01888	1.52812	3.05407	1.52812	1.52812	1.52812	1.52812	2.5458	2.5458	1.52812	1.52812	3.05407	1.52812	1.52812	1.52812	1.52812	2.5458	1.01888	1.52812	3.05407	2.5458	1.01888	1.52812	1.52812	1.52812	2.5458	1.01888	1.52812	1.52812	2.5458	2.5458	1.52812	1.52812	1.52812	3.05407	1.52812	1.52812	1.52812	2.03712	3.56187	3.05407	1.52812	1.52812	3.05407	1.52812	1.52812	1.52812	1.52812	3.05407	1.52812	1.01888	2.5458	2.5458	1.01888	1.52812	1.52812	1.52812	2.5458	1.01888	1.52812	3.05407	2.5458	1.01888	1.52812	1.52812	1.52812	3.05407	1.52812	1.01888	2.5458	1.52812	1.52812	2.5458	1.01888	1.52812	3.05407	1.52812	1.52812	3.05407	1.52812	2.03712	2.03712	2.03712	4.06911	4.06911	2.03712	2.03712	4.06911	2.03712	2.03712	2.03712	2.03712	4.06911	4.06911	2.03712	2.03712	3.56187	1.52812	2.03712	2.03712	1.52812	3.05407	3.56187	2.03712	1.52812	3.56187	2.03712	1.52812	1.52812	1.52812	3.05407	1.52812	1.52812	3.05407
0.509427	0.509427	0.509427	0.509427	0.509427	0	0	0	0	0	0	0.509427	0.509427	0	0.509427	1.01877	0.509427	0.509427	0.509427	0.509427	1.01877	0.509427	0.509427	0.509427	0.509427	0.509427	0.509427	0.509427	0.509427	1.52796	1.01877	1.52796	3.05375	1.52796	1.52796	3.05375	3.05375	1.52796	2.0369	2.0369	1.52796	3.05375	1.52796	2.0369	2.0369	3.05375	3.05375	1.52796	1.52796	1.52796	3.05375	1.52796	1.52796	1.52796	1.01877	2.54553	2.54553	1.01877	1.01877	2.54553	1.52796	1.01877	1.01877	1.01877	2.0369	1.01877	1.01877	2.0369	2.0369	1.01877	1.01877	1.01877	0.509427	1.52796	1.01877	1.01877	1.01877	1.52796	1.52796	0.509427	0.509427	1.01877	1.52796	0.509427	1.01877	1.01877	1.01877	2.0369	2.0369	1.01877	1.01877	2.0369	1.01877	1.01877	1.01877	1.01877	2.54553	1.52796	1.01877	2.54553	2.54553	1.01877	1.52796	1.52796	1.01877	2.54553	1.52796	1.01877	2.54553	2.54553	1.01877	1.01877	1.01877	1.52796	2.54553	1.01877	1.52796	2.54553	2.54553	1.52796	1.52796	1.52796	1.52796	3.05375	1.52796	1.52796	3.05375	1.52796	1.52796	3.05375	1.52796	1.52796	3.05375	1.52796	1.52796	3.05375	1.52796	1.52796	1.52796	1.52796	3.05375	2.54553	1.01877	1.52796	3.05375	1.52796	1.52796	1.52796	1.52796	2.54553	2.54553	1.52796	1.52796	3.05375	1.52796	1.52796	1.52796	1.52796	2.54553	1.01877	1.52796	3.05375	2.54553	1.01877	1.52796	1.52796	1.52796	2.54553	1.01877	1.52796	1.52796	2.54553	2.54553	1.52796	1.52796	1.52796	3.05375	1.52796	1.52796	1.52796	2.0369	3.56149	3.05375	1.52796	1.52796	3.05375	1.52796	1.52796	1.52796	1.52796	3.05375	1.52796	1.01877	2.54553	2.54553	1.01877	1.52796	1.52796	1.52796	2.54553	1.01877	1.52796	3.05375	2.54553	1.01877	1.52796	1.52796	1.52796	3.05375	1.52796	1.01877	2.54553	1.52796	1.52796	2.54553	1.01877	1.52796	3.05375	1.52796	1.52796	3.05375	1.52796	2.0369	2.0369	2.0369	4.06867	4.06867	2.0369	2.0369	4.06867	2.0369	2.0369	2.0369	2.0369	4.06867	4.06867	2.0369	2.0369	3.56149	1.52796	2.0369	2.0369	1.52796	3.05375	3.56149	2.0369	1.52796	3.56149	2.0369	1.52796	1.52796	1.52796	3.05375	1.52796	1.52796	3.05375
0.509382	0.509382	0.509382	0.509382	0.509382	0	0	0	0	0	0	0.509382	0.509382	0	0.509382	1.01868	0.509382	0.509382	0.509382	0.509382	1.01868	0.509382	0.509382	0.509382	0.509382	0.509382	0.509382	0.509382	0.509382	1.52782	1.01868	1.52782	3.05348	1.52782	1.52782	3.05348	3.05348	1.52782	2.03672	2.03672	1.52782	3.05348	1.52782	2.03672	2.03672	3.05348	3.05348	1.52782	1.52782	1.52782	3.05348	1.52782	1.52782	1.52782	1.01868	2.5453	2.5453	1.01868	1.01868	2.5453	1.52782	1.01868	1.01868	1.01868	2.03672	1.01868	1.01868	2.03672	2.03672	1.01868	1.01868	1.01868	0.509382	1.52782	1.01868	1.01868	1.01868	1.52782	1.52782	0.509382	0.509382	1.01868	1.52782	0.509382	1.01868	1.01868	1.01868	2.03672	2.03672	1.01868	1.01868	2.03672	1.01868	1.01868	1.01868	1.01868	2.5453	1.52782	1.01868	2.5453	2.5453	1.01868	1.52782	1.52782	1.01868	2.5453	1.52782	1.01868	2.5453	2.5453	1.01868	1.01868	1.01868	1.52782	2.5453	1.01868	1.52782	2.5453	2.5453	1.52782	1.52782	1.52782	1.52782	3.05348	1.52782	1.52782	3.05348	1.52782	1.52782	3.05348	1.52782	1.52782	3.05348	1.52782	1.52782	3.05348	1.52782	1.52782	1.52782	1.52782	3.05348	2.5453	1.01868	1.52782	3.05348	1.52782	1.52782	1.52782	1.52782	2.5453	2.5453	1.52782	1.52782	3.05348	1.52782	1.52782	1.52782	1.52782	2.5453	1.01868	1.52782	3.05348	2.5453	1.01868	1.52782	1.52782	1.52782	2.5453	1.01868	1.52782	1.52782	2.5453	2.5453	1.52782	1.52782	1.52782	3.05348	1.52782	1.52782	1.52782	2.03672	3.56118	3.05348	1.52782	1.52782	3.05348	1.52782	1.52782	1.52782	1.52782	3.05348	1.52782	1.01868	2.5453	2.5453	1.01868	1.52782	1.52782	1.52782	2.5453	1.01868	1.52782	3.05348	2.5453	1.01868	1.52782	1.52782	1.52782	3.05348	1.52782	1.01868	2.5453	1.52782	1.52782	2.5453	1.01868	1.52782	3.05348	1.52782	1.52782	3.05348	1.52782	2.03672	2.03672	2.03672	4.06831	4.06831	2.03672	2.03672	4.06831	2.03672	2.03672	2.03672	2.03672	4.06831	4.06831	2.03672	2.03672	3.56118	1.52782	2.03672	2.03672	1.52782	3.05348	3.56118	2.03672	1.52782	3.56118	2.03672	1.52782	1.52782	1.52782	3.05348	1.52782	1.52782	3.05348
6.61196	6.61196	6.49769	6.24739	6.11044	5.96489	5.59112	5.20828	4.95567	4.70287	4.57465	4.46434	4.21209	4.06817	3.9598	3.64166	3.2031	3.0954	3.0954	2.95111	2.65711	2.19722	1.80033	1.153	0.900354	0.720305	0.742458	0.649259	0.805292	2.10685	1.80925	2.16	3.58343	2.526	2.72316	4.16964	4.49648	3.8104	4.09965	4.09965	4.04031	5.05812	4.34374	4.54638	4.54638	5.08029	5.08029	4.34374	4.34374	4.18136	4.70274	3.87335	3.70747	3.47385	3.21817	3.79338	3.60147	2.74096	2.74096	3.41757	2.57673	2.27677	2.27677	2.27677	2.87895	2.27677	2.27677	2.87895	2.87895	2.27677	2.27677	2.27677	2.25537	2.92907	2.74096	2.57677	2.33987	2.72316	2.92907	2.59554	2.59554	2.74096	2.96744	2.59554	2.74096	2.74096	2.74096	3.258	3.258	2.74096	2.57677	2.88457	2.27677	2.27677	2.27677	2.27677	3.25795	2.54515	2.27677	3.25795	3.43638	2.67528	2.79352	2.57673	2.44799	3.42228	2.57673	2.44799	3.42228	3.24306	2.27677	2.44799	2.67528	2.79352	3.42228	2.67528	2.79352	3.42228	3.42228	2.57673	2.54515	2.54515	2.54515	3.66797	2.54515	2.54515	3.66797	2.54515	2.54515	3.66797	2.54515	2.54515	3.66797	2.54515	2.36733	3.36036	2.16	2.16	2.16	2.16	3.41277	2.96734	1.83592	2.16	3.41277	2.16	1.98015	1.80922	1.83587	2.90681	3.01594	2.16	2.16	3.41277	2.16	2.16	2.16	1.98015	2.845	1.80925	2.16	3.243	2.845	1.80925	2.16	2.16	2.16	2.96734	1.83592	2.16	2.16	2.96734	2.96734	2.16	2.16	2.16	3.41277	2.16	2.16	2.16	2.5451	3.87316	3.41277	2.16	2.16	3.243	1.80922	1.83587	1.83587	1.83587	3.21799	1.83587	1.44038	2.74082	2.74082	1.44038	1.83587	1.83587	1.65982	2.65695	1.45157	1.65982	2.9944	2.7467	1.45157	1.65982	1.53825	1.61027	3.09519	1.61027	1.13879	2.59537	1.61027	1.45154	2.55771	1.20784	1.61027	3.09519	1.61027	1.61027	3.09519	1.61027	2.09914	2.09914	2.09914	4.09943	4.09943	2.09914	2.09914	4.09943	2.09914	1.94711	1.91356	2.03651	4.06788	4.06788	2.03651	1.91356	3.56985	1.65979	1.91356	1.94711	1.69837	3.18265	3.43628	1.94711	1.69837	3.68981	2.03651	1.52766	1.52766	1.52766	3.18265	1.69837	1.61027	3.09519
6.61126	6.61126	6.52637	6.27731	6.10979	5.97497	5.63615	5.22002	4.96808	4.71602	4.57416	4.44943	4.19632	4.06774	3.94307	3.56972	3.18254	3.09507	3.09507	2.92882	2.55761	2.16733	1.80013	1.31071	1.09517	0.720234	0.969586	0.900243	1.29824	2.81618	1.97996	2.15979	3.80989	2.69902	2.88428	4.58102	4.87989	3.92664	4.09923	4.09923	4.14999	5.21991	4.34329	4.54591	4.54591	5.07978	5.07978	4.34329	4.34329	4.10319	4.54941	3.87295	3.61906	3.37932	3.21784	3.63679	3.43609	2.74068	2.74068	3.24277	2.44774	2.27654	2.27654	2.27654	2.87866	2.27654	2.27654	2.87866	2.87866	2.27654	2.27654	2.27654	2.33963	3.07932	2.74068	2.50006	2.25513	2.88428	3.07932	2.59527	2.59527	2.74068	2.96714	2.59527	2.74068	2.74068	2.74068	3.25768	3.25768	2.74068	2.50006	2.72289	2.27654	2.27654	2.27654	2.27654	3.25764	2.54489	2.27654	3.25764	3.63673	2.79323	2.675	2.44774	2.57647	3.42194	2.44774	2.57647	3.42194	3.05825	2.27654	2.57647	2.79323	2.675	3.42194	2.79323	2.675	3.42194	3.42194	2.44774	2.54489	2.54489	2.54489	3.66763	2.54489	2.54489	3.66763	2.54489	2.54489	3.66763	2.54489	2.54489	3.66763	2.54489	2.22623	3.14156	2.15979	2.15979	2.15979	2.15979	3.41246	2.96707	1.83573	2.15979	3.41246	2.15979	1.80907	1.62018	1.83569	3.14154	3.2427	2.15979	2.15979	3.41246	2.15979	2.15979	2.15979	1.80907	2.84474	1.97996	2.15979	3.01566	2.84474	1.97996	2.15979	2.15979	2.15979	2.96707	1.83573	2.15979	2.15979	2.96707	2.96707	2.15979	2.15979	2.15979	3.41246	2.15979	2.15979	2.15979	2.54485	3.8728	3.41246	2.15979	2.15979	3.01566	1.62018	1.83569	1.83569	1.83569	3.2177	1.83569	1.44024	2.74057	2.74057	1.44024	1.83569	1.83569	1.45144	2.65671	1.65966	1.45144	2.74645	2.99413	1.65966	1.45144	1.31067	1.61012	3.09492	1.61012	1.13868	2.59514	1.61012	1.20773	2.55748	1.45141	1.61012	3.09492	1.61012	1.61012	3.09492	1.61012	2.09895	2.09895	2.09895	4.09907	4.09907	2.09895	2.09895	4.09907	2.09895	1.69822	1.65964	2.03633	4.06752	4.06752	2.03633	1.65964	3.56953	1.91339	1.65964	1.69822	1.94694	3.43598	3.18237	1.69822	1.94694	3.94286	2.03633	1.52753	1.52753	1.52753	3.43598	1.94694	1.61012	3.09492
0.509237	0.509237	1.01839	1.01839	0.509237	0.509237	1.01839	0.509237	0.509237	0.509237	0	0	0	0	0	0	0	0.509237	0.509237	0	0	0	0.509237	1.01839	1.01839	0.509237	1.01839	1.01839	1.52739	3.05261	1.52739	1.52739	3.56016	2.03614	2.03614	4.06716	4.06716	2.03614	2.03614	2.03614	2.03614	3.56016	1.52739	2.03614	2.03614	3.05261	3.05261	1.52739	1.52739	1.01839	2.54458	1.52739	1.01839	1.01839	1.01839	2.03614	2.03614	1.01839	1.01839	2.03614	1.01839	1.01839	1.01839	1.01839	2.03614	1.01839	1.01839	2.03614	2.03614	1.01839	1.01839	1.01839	1.01839	2.03614	1.01839	0.509237	0.509237	2.03614	2.03614	0.509237	0.509237	1.01839	1.52739	0.509237	1.01839	1.01839	1.01839	2.03614	2.03614	1.01839	0.509237	1.52739	1.01839	1.01839	1.01839	1.01839	2.54458	1.52739	1.01839	2.54458	3.05261	1.52739	1.01839	1.01839	1.52739	2.54458	1.01839	1.52739	2.54458	2.03614	1.01839	1.52739	1.52739	1.01839	2.54458	1.52739	1.01839	2.54458	2.54458	1.01839	1.52739	1.52739	1.52739	3.05261	1.52739	1.52739	3.05261	1.52739	1.52739	3.05261	1.52739	1.52739	3.05261	1.52739	1.01839	2.54458	1.52739	1.52739	1.52739	1.52739	3.05261	2.54458	1.01839	1.52739	3.05261	1.52739	1.01839	1.01839	1.52739	3.05261	3.05261	1.52739	1.52739	3.05261	1.52739	1.52739	1.52739	1.01839	2.54458	1.52739	1.52739	2.54458	2.54458	1.52739	1.52739	1.52739	1.52739	2.54458	1.01839	1.52739	1.52739	2.54458	2.54458	1.52739	1.52739	1.52739	3.05261	1.52739	1.52739	1.52739	2.03614	3.56016	3.05261	1.52739	1.52739	2.54458	1.01839	1.52739	1.52739	1.52739	3.05261	1.52739	1.01839	2.54458	2.54458	1.01839	1.52739	1.52739	1.01839	2.54458	1.52739	1.01839	2.54458	3.05261	1.52739	1.01839	1.01839	1.52739	3.05261	1.52739	1.01839	2.54458	1.52739	1.01839	2.54458	1.52739	1.52739	3.05261	1.52739	1.52739	3.05261	1.52739	2.03614	2.03614	2.03614	4.06716	4.06716	2.03614	2.03614	4.06716	2.03614	1.52739	1.52739	2.03614	4.06716	4.06716	2.03614	1.52739	3.56016	2.03614	1.52739	1.52739	2.03614	3.56016	3.05261	1.52739	2.03614	4.06716	2.03614	1.52739	1.52739	1.52739	3.56016	2.03614	1.52739	3.05261
0.509183	0.509183	1.01829	1.01829	0.509183	0.509183	1.01829	0.509183	0.509183	0.509183	0	0	0	0	0	0	0	0.509183	0.509183	0	0	0	0.509183	1.01829	1.01829	0.509183	1.01829	1.01829	1.52723	3.05229	1.52723	1.52723	3.55979	2.03593	2.03593	4.06673	4.06673	2.03593	2.03593	2.03593	2.03593	3.55979	1.52723	2.03593	2.03593	3.05229	3.05229	1.52723	1.52723	1.01829	2.54431	1.52723	1.01829	1.01829	1.01829	2.03593	2.03593	1.01829	1.01829	2.03593	1.01829	1.01829	1.01829	1.01829	2.03593	1.01829	1.01829	2.03593	2.03593	1.01829	1.01829	1.01829	1.01829	2.03593	1.01829	0.509183	0.509183	2.03593	2.03593	0.509183	0.509183	1.01829	1.52723	0.509183	1.01829	1.01829	1.01829	2.03593	2.03593	1.01829	0.509183	1.52723	1.01829	1.01829	1.01829	1.01829	2.54431	1.52723	1.01829	2.54431	3.05229	1.52723	1.01829	1.01829	1.52723	2.54431	1.01829	1.52723	2.54431	2.03593	1.01829	1.52723	1.52723	1.01829	2.54431	1.52723	1.01829	2.54431	2.54431	1.01829	1.52723	1.52723	1.52723	3.05229	1.52723	1.52723	3.05229	1.52723	1.52723	3.05229	1.52723	1.52723	3.05229	1.52723	1.01829	2.54431	1.52723	1.52723	1.52723	1.52723	3.05229	2.54431	1.01829	1.52723	3.05229	1.52723	1.01829	1.01829	1.52723	3.05229	3.05229	1.52723	1.52723	3.05229	1.52723	1.52723	1.52723	1.01829	2.54431	1.52723	1.52723	2.54431	2.54431	1.52723	1.52723	1.52723	1.52723	2.54431	1.01829	1.52723	1.52723	2.54431	2.54431	1.52723	1.52723	1.52723	3.05229	1.52723	1.52723	1.52723	2.03593	3.55979	3.05229	1.52723	1.52723	2.54431	1.01829	1.52723	1.52723	1.52723	3.05229	1.52723	1.01829	2.54431	2.54431	1.01829	1.52723	1.52723	1.01829	2.54431	1.52723	1.01829	2.54431	3.05229	1.52723	1.01829	1.01829	1.52723	3.05229	1.52723	1.01829	2.54431	1.52723	1.01829	2.54431	1.52723	1.52723	3.05229	1.52723	1.52723	3.05229	1.52723	2.03593	2.03593	2.03593	4.06673	4.06673	2.03593	2.03593	4.06673	2.03593	1.52723	1.52723	2.03593	4.06673	4.06673	2.03593	1.52723	3.55979	2.03593	1.52723	1.52723	2.03593	3.55979	3.05229	1.52723	2.03593	4.06673	2.03593	1.52723	1.52723	1.52723	3.55979	2.03593	1.52723	3.05229
0.509138	0.509138	1.01819	1.01819	0.509138	0.509138	1.01819	0.509138	0.509138	0.509138	0	0	0	0	0	0	0	0.509138	0.509138	0	0	0	0.509138	1.01819	1.01819	0.509138	1.01819	1.01819	1.52709	3.05202	1.52709	1.52709	3.55947	2.03575	2.03575	4.06637	4.06637	2.03575	2.03575	2.03575	2.03575	3.55947	1.52709	2.03575	2.03575	3.05202	3.05202	1.52709	1.52709	1.01819	2.54408	1.52709	1.01819	1.01819	1.01819	2.03575	2.03575	1.01819	1.01819	2.03575	1.01819	1.01819	1.01819	1.01819	2.03575	1.01819	1.01819	2.03575	2.03575	1.01819	1.01819	1.01819	1.01819	2.03575	1.01819	0.509138	0.509138	2.03575	2.03575	0.509138	0.509138	1.01819	1.52709	0.509138	1.01819	1.01819	1.01819	2.03575	2.03575	1.01819	0.509138	1.52709	1.01819	1.01819	1.01819	1.01819	2.54408	1.52709	1.01819	2.54408	3.05202	1.52709	1.01819	1.01819	1.52709	2.54408	1.01819	1.52709	2.54408	2.03575	1.01819	1.52709	1.52709	1.01819	2.54408	1.52709	1.01819	2.54408	2.54408	1.01819	1.52709	1.52709	1.52709	3.05202	1.52709	1.52709	3.05202	1.52709	1.52709	3.05202	1.52709	1.52709	3.05202	1.52709	1.01819	2.54408	1.52709	1.52709	1.52709	1.52709	3.05202	2.54408	1.01819	1.52709	3.05202	1.52709	1.01819	1.01819	1.52709	3.05202	3.05202	1.52709	1.52709	3.05202	1.52709	1.52709	1.52709	1.01819	2.54408	1.52709	1.52709	2.54408	2.54408	1.52709	1.52709	1.52709	1.52709	2.54408	1.01819	1.52709	1.52709	2.54408	2.54408	1.52709	1.52709	1.52709	3.05202	1.52709	1.52709	1.52709	2.03575	3.55947	3.05202	1.52709	1.52709	2.54408	1.01819	1.52709	1.52709	1.52709	3.05202	1.52709	1.01819	2.54408	2.54408	1.01819	1.52709	1.52709	1.01819	2.54408	1.52709	1.01819	2.54408	3.05202	1.52709	1.01819	1.01819	1.52709	3.05202	1.52709	1.01819	2.54408	1.52709	1.01819	2.54408	1.52709	1.52709	3.05202	1.52709	1.52709	3.05202	1.52709	2.03575	2.03575	2.03575	4.06637	4.06637	2.03575	2.03575	4.06637	2.03575	1.52709	1.52709	2.03575	4.06637	4.06637	2.03575	1.52709	3.55947	2.03575	1.52709	1.52709	2.03575	3.55947	3.05202	1.52709	2.03575	4.06637	2.03575	1.52709	1.52709	1.52709	3.55947	2.03575	1.52709	3.05202
7.6089	7.4936	7.20242	6.70916	6.24442	6.10753	6.1699	6.10753	5.9941	5.74367	5.58273	5.45809	5.20579	4.9533	4.70062	4.44777	4.19476	3.9579	3.70573	3.43488	3.18135	3.05191	2.99316	2.84377	2.40013	1.77227	1.8084	1.61958	1.83501	3.30065	1.7722	1.69759	3.81266	2.19606	2.25419	4.28558	4.34519	2.57546	2.72184	2.88319	2.87759	4.27059	2.92768	3.07817	2.88321	3.84217	3.99018	2.96604	2.96604	2.73965	3.41596	2.57551	2.27569	2.27569	2.27569	2.87759	2.87759	2.27569	2.27569	2.87759	2.27569	2.10594	1.87862	1.83505	2.5439	1.83505	1.83505	2.5439	2.5439	1.83505	1.83505	1.83505	1.83505	2.5439	1.83505	1.77227	2.01169	2.69802	2.52479	1.77227	2.01169	2.10594	2.34562	2.01169	2.27569	2.27569	2.10594	2.52479	2.5439	1.83505	1.60959	2.15899	1.83505	1.83505	1.83505	1.83505	2.79212	1.80838	1.61958	2.84368	3.14037	1.83501	1.61958	1.8084	2.15899	2.96596	1.83505	1.97922	2.84368	2.57546	1.83505	1.97922	1.80838	1.61958	2.84368	1.80838	1.61958	3.01453	3.14039	2.2254	2.36621	2.16647	2.15899	3.41119	2.15899	2.15899	3.41119	2.15899	2.15899	3.24149	1.80838	1.83501	3.2165	1.83501	1.61958	3.01453	2.15899	2.15899	2.15899	2.15899	3.24149	2.84368	1.8084	1.97922	3.14037	1.83501	1.4397	1.4397	1.83501	3.2165	3.05704	1.53753	1.60952	3.09376	1.60952	1.60952	1.60952	1.13826	2.59417	1.60952	1.60952	2.59417	2.59417	1.60952	1.60952	1.60952	1.60952	2.74543	1.45089	1.83501	1.83501	2.73955	2.73955	1.83501	1.83501	2.01162	3.47208	2.15899	2.15899	2.15899	2.36618	3.61756	3.2165	1.83501	1.83501	2.90546	1.8084	2.15899	2.15899	1.97922	3.14037	1.83501	1.61958	2.84368	2.84368	1.8084	1.97922	1.80838	1.61958	2.84368	1.80838	1.61958	2.84368	3.14037	1.83501	1.4397	1.4397	1.83501	3.05704	1.53753	1.31018	2.65572	1.53753	1.31018	2.81513	1.83501	1.83501	3.2165	1.83501	1.83501	3.2165	1.83501	2.10587	2.0116	2.09816	4.09755	3.9577	1.91267	2.03557	4.06601	2.03557	1.52696	1.52696	2.03557	4.06601	4.06601	2.03557	1.52696	3.55916	2.03557	1.52696	1.52696	1.91267	3.5682	3.18118	1.52696	2.03557	4.06601	2.03557	1.52696	1.52696	1.65902	3.5682	1.91267	1.52696	3.05175
7.60809	7.51812	7.30656	6.82124	6.27432	6.10688	6.16925	6.10688	6.02534	5.77635	5.58214	5.46922	5.21753	4.96571	4.71377	4.46173	4.20962	3.94118	3.68791	3.45324	3.20123	3.05158	3.05685	3.10395	2.70372	1.87842	1.97901	1.80818	1.83481	3.54518	2.01139	1.946	4.31874	2.44647	2.49874	4.53294	4.58928	2.79182	2.92731	3.07781	2.87729	4.49026	3.07785	2.92737	2.72159	4.05375	4.19417	2.96572	2.96572	2.73936	3.24121	2.44656	2.27545	2.27545	2.27545	2.87729	2.87729	2.27545	2.27545	2.87729	2.27545	2.01147	1.77208	1.83485	2.54363	1.83485	1.83485	2.54363	2.54363	1.83485	1.83485	1.83485	1.83485	2.54363	1.83485	1.87842	2.10572	2.52454	2.33846	1.87842	2.10572	2.01147	2.34537	2.10572	2.27545	2.27545	2.01147	2.33846	2.54363	1.83485	1.60942	2.15876	1.83485	1.83485	1.83485	1.83485	2.57518	1.6194	1.80818	2.84338	2.90515	1.83481	1.80818	1.97901	2.15876	2.96565	1.83485	1.8082	2.84338	2.79182	1.83485	1.8082	1.6194	1.80818	2.84338	1.6194	1.80818	3.24115	3.35844	2.36596	2.22516	2.01145	2.15876	3.41082	2.15876	2.15876	3.41082	2.15876	2.15876	3.01421	1.6194	1.83481	3.21616	1.83481	1.80818	3.24115	2.15876	2.15876	2.15876	2.15876	3.01421	2.84338	1.97901	1.8082	2.90515	1.83481	1.43955	1.43955	1.83481	3.21616	2.81483	1.31004	1.60935	3.09343	1.60935	1.60935	1.60935	1.13814	2.5939	1.60935	1.60935	2.5939	2.5939	1.60935	1.60935	1.60935	1.60935	2.99269	1.65887	1.83481	1.83481	2.73926	2.73926	1.83481	1.83481	2.2251	3.70517	2.15876	2.15876	2.15876	2.16622	3.37756	3.21616	1.83481	1.83481	3.14004	1.97901	2.15876	2.15876	1.8082	2.90515	1.83481	1.80818	2.84338	2.84338	1.97901	1.8082	1.6194	1.80818	2.84338	1.6194	1.80818	2.84338	2.90515	1.83481	1.43955	1.43955	1.83481	2.81483	1.31004	1.53737	2.65544	1.31004	1.53737	3.05672	1.83481	1.83481	3.21616	1.83481	1.83481	3.21616	1.83481	1.87836	1.77201	2.09794	4.09711	3.70515	1.65884	2.03535	4.06557	2.03535	1.52679	1.52679	2.03535	4.06557	4.06557	2.03535	1.52679	3.55878	2.03535	1.52679	1.52679	1.65884	3.56782	3.43433	1.52679	2.03535	4.06557	2.03535	1.52679	1.52679	1.91247	3.56782	1.65884	1.52679	3.05142
0.508993	1.01791	2.03517	2.03517	1.01791	0.508993	1.01791	0.508993	1.01791	1.01791	0	0.508993	0.508993	0.508993	0.508993	0.508993	0.508993	0	0	0.508993	0.508993	0	1.01791	2.03517	2.03517	1.01791	1.52666	1.52666	1.52666	3.55846	2.03517	2.03517	4.57133	2.54336	2.54336	4.57133	4.57133	2.54336	2.54336	2.54336	2.03517	4.06521	2.03517	1.52666	1.52666	3.55846	3.55846	1.52666	1.52666	1.01791	2.03517	1.01791	1.01791	1.01791	1.01791	2.03517	2.03517	1.01791	1.01791	2.03517	1.01791	0.508993	0.508993	1.01791	2.03517	1.01791	1.01791	2.03517	2.03517	1.01791	1.01791	1.01791	1.01791	2.03517	1.01791	1.01791	1.01791	1.52666	1.52666	1.01791	1.01791	0.508993	1.52666	1.01791	1.01791	1.01791	0.508993	1.52666	2.03517	1.01791	0.508993	1.52666	1.01791	1.01791	1.01791	1.01791	2.03517	1.01791	1.52666	2.54336	2.54336	1.52666	1.52666	1.52666	1.52666	2.54336	1.01791	1.01791	2.54336	2.54336	1.01791	1.01791	1.01791	1.52666	2.54336	1.01791	1.52666	3.05115	3.05115	1.52666	1.01791	1.01791	1.52666	3.05115	1.52666	1.52666	3.05115	1.52666	1.52666	2.54336	1.01791	1.52666	3.05115	1.52666	1.52666	3.05115	1.52666	1.52666	1.52666	1.52666	2.54336	2.54336	1.52666	1.01791	2.54336	1.52666	1.01791	1.01791	1.52666	3.05115	2.54336	1.01791	1.52666	3.05115	1.52666	1.52666	1.52666	1.01791	2.54336	1.52666	1.52666	2.54336	2.54336	1.52666	1.52666	1.52666	1.52666	3.05115	1.52666	1.52666	1.52666	2.54336	2.54336	1.52666	1.52666	2.03517	3.55846	1.52666	1.52666	1.52666	1.52666	3.05115	3.05115	1.52666	1.52666	3.05115	1.52666	1.52666	1.52666	1.01791	2.54336	1.52666	1.52666	2.54336	2.54336	1.52666	1.01791	1.01791	1.52666	2.54336	1.01791	1.52666	2.54336	2.54336	1.52666	1.01791	1.01791	1.52666	2.54336	1.01791	1.52666	2.54336	1.01791	1.52666	3.05115	1.52666	1.52666	3.05115	1.52666	1.52666	3.05115	1.52666	1.52666	1.52666	2.03517	4.06521	3.55846	1.52666	2.03517	4.06521	2.03517	1.52666	1.52666	2.03517	4.06521	4.06521	2.03517	1.52666	3.55846	2.03517	1.52666	1.52666	1.52666	3.55846	3.55846	1.52666	2.03517	4.06521	2.03517	1.52666	1.52666	2.03517	3.55846	1.52666	1.52666	3.05115
0.508939	1.0178	2.03495	2.03495	1.0178	0.508939	1.0178	0.508939	1.0178	1.0178	0	0.508939	0.508939	0.508939	0.508939	0.508939	0.508939	0	0	0.508939	0.508939	0	1.0178	2.03495	2.03495	1.0178	1.52649	1.52649	1.52649	3.55808	2.03495	2.03495	4.57085	2.54309	2.54309	4.57085	4.57085	2.54309	2.54309	2.54309	2.03495	4.06478	2.03495	1.52649	1.52649	3.55808	3.55808	1.52649	1.52649	1.0178	2.03495	1.0178	1.0178	1.0178	1.0178	2.03495	2.03495	1.0178	1.0178	2.03495	1.0178	0.508939	0.508939	1.0178	2.03495	1.0178	1.0178	2.03495	2.03495	1.0178	1.0178	1.0178	1.0178	2.03495	1.0178	1.0178	1.0178	1.52649	1.52649	1.0178	1.0178	0.508939	1.52649	1.0178	1.0178	1.0178	0.508939	1.52649	2.03495	1.0178	0.508939	1.52649	1.0178	1.0178	1.0178	1.0178	2.03495	1.0178	1.52649	2.54309	2.54309	1.52649	1.52649	1.52649	1.52649	2.54309	1.0178	1.0178	2.54309	2.54309	1.0178	1.0178	1.0178	1.52649	2.54309	1.0178	1.52649	3.05083	3.05083	1.52649	1.0178	1.0178	1.52649	3.05083	1.52649	1.52649	3.05083	1.52649	1.52649	2.54309	1.0178	1.52649	3.05083	1.52649	1.52649	3.05083	1.52649	1.52649	1.52649	1.52649	2.54309	2.54309	1.52649	1.0178	2.54309	1.52649	1.0178	1.0178	1.52649	3.05083	2.54309	1.0178	1.52649	3.05083	1.52649	1.52649	1.52649	1.0178	2.54309	1.52649	1.52649	2.54309	2.54309	1.52649	1.52649	1.52649	1.52649	3.05083	1.52649	1.52649	1.52649	2.54309	2.54309	1.52649	1.52649	2.03495	3.55808	1.52649	1.52649	1.52649	1.52649	3.05083	3.05083	1.52649	1.52649	3.05083	1.52649	1.52649	1.52649	1.0178	2.54309	1.52649	1.52649	2.54309	2.54309	1.52649	1.0178	1.0178	1.52649	2.54309	1.0178	1.52649	2.54309	2.54309	1.52649	1.0178	1.0178	1.52649	2.54309	1.0178	1.52649	2.54309	1.0178	1.52649	3.05083	1.52649	1.52649	3.05083	1.52649	1.52649	3.05083	1.52649	1.52649	1.52649	2.03495	4.06478	3.55808	1.52649	2.03495	4.06478	2.03495	1.52649	1.52649	2.03495	4.06478	4.06478	2.03495	1.52649	3.55808	2.03495	1.52649	1.52649	1.52649	3.55808	3.55808	1.52649	2.03495	4.06478	2.03495	1.52649	1.52649	2.03495	3.55808	1.52649	1.52649	3.05083
8.86751	8.64532	8.81784	8.72663	8.29071	7.98874	7.69274	7.24135	7.1599	7.1599	6.96449	6.63028	6.242	6.10516	5.99177	5.85436	5.97044	5.95974	5.70796	5.60342	5.49102	5.20377	5.17599	5.46471	5.39697	4.83339	4.73956	4.50343	4.26906	5.2067	3.84075	3.63402	5.44694	3.43343	3.27981	5.1416	4.9898	2.67285	2.54286	2.54286	2.30293	4.38398	2.27473	2.18787	2.51741	4.096	4.096	2.54295	2.54295	2.44587	3.0612	2.33784	2.2748	2.2748	2.2748	2.69696	2.5238	1.83433	1.83433	2.36525	1.45035	1.3097	1.53699	1.83433	2.54291	1.83433	1.83433	2.54291	2.54291	1.83433	1.83433	1.83433	1.65843	2.22447	1.43914	1.43914	1.43914	1.83429	1.83429	1.43914	1.43914	1.13785	1.6584	1.09433	1.13781	1.13781	0.719684	1.60889	2.09735	1.13781	0.899579	1.70644	1.09433	1.13781	1.13781	1.13781	2.25331	1.45033	1.6584	2.65468	2.65468	1.53693	1.60889	1.60889	1.4503	2.55553	1.20681	1.13781	2.44577	2.55553	1.20681	1.13781	1.13781	1.60889	2.59316	1.13781	1.60889	3.09256	3.09256	1.60889	1.13781	1.13781	1.60889	3.09256	1.60889	1.60889	2.9484	1.40498	1.52636	2.67285	1.20681	1.60889	3.09256	1.60889	1.60889	2.9484	1.40498	1.52636	1.52636	1.52636	2.67285	2.6969	1.60889	1.30967	2.65468	1.53693	1.30967	1.45033	1.83429	3.05585	2.65468	1.45033	1.83429	3.05585	1.53693	1.4503	1.40498	1.15193	2.55553	1.40498	1.52636	2.67285	2.6969	1.60889	1.60889	1.60889	1.60889	3.09256	1.60889	1.60889	1.60889	2.74435	2.81403	1.83429	1.83429	2.10505	3.48921	1.60889	1.60889	1.60889	1.77151	3.29936	3.21525	1.83429	1.83429	3.21525	1.83429	1.83429	1.83429	1.61894	2.84257	1.80767	1.83429	2.90432	2.84257	1.80767	1.43914	1.43914	1.83429	2.73848	1.43914	1.83429	2.73848	2.73848	1.83429	1.43914	1.43914	1.83429	2.73848	1.43914	1.83429	2.73848	1.43914	1.83429	3.05585	1.53693	1.60889	3.09256	1.60889	1.60889	3.24021	1.87783	1.83429	1.83429	2.10505	3.8448	3.56681	1.69692	1.94545	3.81117	1.94545	1.69692	1.65837	2.03477	3.93986	3.95616	2.09735	1.69692	3.68667	2.03477	1.65837	1.69692	1.60889	3.5938	3.5938	1.60889	2.09735	3.95616	1.91193	1.65837	1.69692	1.94545	3.43336	1.52636	1.52636	3.05055
8.92311	8.64457	8.81707	8.79034	8.32786	8.01169	7.78999	7.26692	7.15927	7.15927	6.97299	6.70597	6.272	6.10462	6.0231	5.85385	5.95921	5.96991	5.71864	5.60293	5.52537	5.2156	5.17553	5.46423	5.50212	4.89885	4.83294	4.60173	4.37277	5.58562	3.98833	3.78978	5.89706	3.63364	3.48895	5.87261	5.74064	2.92617	2.54264	2.54264	2.80803	4.88223	2.27453	2.61774	2.89854	4.09564	4.09564	2.54272	2.54272	2.57428	3.06093	2.25321	2.2746	2.2746	2.2746	2.5236	2.33759	1.83417	1.83417	2.16542	1.30959	1.45022	1.65829	1.83417	2.54269	1.83417	1.83417	2.54269	2.54269	1.83417	1.83417	1.83417	1.53685	2.01066	1.43901	1.43901	1.43901	1.83413	1.83413	1.43901	1.43901	1.13775	1.4502	0.899499	1.13771	1.13771	0.71962	1.60875	2.09716	1.13771	1.09423	1.70629	0.899499	1.13771	1.13771	1.13771	2.49781	1.65825	1.4502	2.65445	2.65445	1.30955	1.60875	1.60875	1.2067	2.5553	1.45017	1.13771	2.19501	2.5553	1.45017	1.13771	1.13771	1.60875	2.59293	1.13771	1.60875	3.09228	3.09228	1.60875	1.13771	1.13771	1.60875	3.09228	1.60875	1.60875	2.69666	1.15183	1.52622	2.92617	1.45017	1.60875	3.09228	1.60875	1.60875	2.69666	1.15183	1.52622	1.52622	1.52622	2.92617	2.94814	1.60875	1.53679	2.65445	1.30955	1.53679	1.65825	1.83413	2.81378	2.65445	1.65825	1.83413	2.81378	1.30955	1.2067	1.15183	1.40486	2.5553	1.15183	1.52622	2.92617	2.94814	1.60875	1.60875	1.60875	1.60875	3.09228	1.60875	1.60875	1.60875	2.99158	3.05558	1.83413	1.83413	1.87766	3.23992	1.60875	1.60875	1.60875	2.01064	3.54386	3.21496	1.83413	1.83413	3.21496	1.83413	1.83413	1.83413	1.80751	2.84232	1.6188	1.83413	3.13887	2.84232	1.6188	1.43901	1.43901	1.83413	2.73824	1.43901	1.83413	2.73824	2.73824	1.83413	1.43901	1.43901	1.83413	2.73824	1.43901	1.83413	2.73824	1.43901	1.83413	2.81378	1.30955	1.60875	3.09228	1.60875	1.60875	3.4889	2.10486	1.83413	1.83413	1.87766	3.34272	3.56649	1.94528	1.69677	3.30393	1.69677	1.94528	1.91176	2.03459	3.68634	3.70377	2.09716	1.94528	3.93951	2.03459	1.91176	1.94528	1.60875	3.59348	3.59348	1.60875	2.09716	3.70377	1.65822	1.91176	1.94528	1.69677	3.17966	1.52622	1.52622	3.05028
1.52606	1.01751	2.03437	2.54237	1.52606	1.01751	2.03437	1.01751	1.01751	1.01751	0.508794	1.52606	1.01751	0.508794	1.01751	0.508794	0	0.508794	0.508794	0.508794	1.01751	0.508794	1.01751	2.03437	2.54237	1.52606	2.03437	2.03437	2.03437	4.56955	2.54237	2.54237	5.57918	3.04996	3.04996	6.08273	6.08273	3.04996	2.54237	2.54237	3.04996	5.07476	2.03437	2.54237	2.54237	3.55707	3.55707	1.52606	1.52606	1.52606	2.03437	0.508794	1.01751	1.01751	1.01751	1.52606	1.52606	1.01751	1.01751	1.52606	0.508794	1.01751	1.01751	1.01751	2.03437	1.01751	1.01751	2.03437	2.03437	1.01751	1.01751	1.01751	0.508794	1.52606	1.01751	1.01751	1.01751	1.52606	1.52606	1.01751	1.01751	0.508794	1.01751	0.508794	1.01751	1.01751	0.508794	1.52606	2.03437	1.01751	1.01751	1.52606	0.508794	1.01751	1.01751	1.01751	2.54237	1.52606	1.01751	2.54237	2.54237	1.01751	1.52606	1.52606	1.01751	2.54237	1.52606	1.01751	2.03437	2.54237	1.52606	1.01751	1.01751	1.52606	2.54237	1.01751	1.52606	3.04996	3.04996	1.52606	1.01751	1.01751	1.52606	3.04996	1.52606	1.52606	2.54237	1.01751	1.52606	3.04996	1.52606	1.52606	3.04996	1.52606	1.52606	2.54237	1.01751	1.52606	1.52606	1.52606	3.04996	3.04996	1.52606	1.52606	2.54237	1.01751	1.52606	1.52606	1.52606	2.54237	2.54237	1.52606	1.52606	2.54237	1.01751	1.01751	1.01751	1.52606	2.54237	1.01751	1.52606	3.04996	3.04996	1.52606	1.52606	1.52606	1.52606	3.04996	1.52606	1.52606	1.52606	3.04996	3.04996	1.52606	1.52606	1.52606	3.04996	1.52606	1.52606	1.52606	2.03437	3.55707	3.04996	1.52606	1.52606	3.04996	1.52606	1.52606	1.52606	1.52606	2.54237	1.01751	1.52606	3.04996	2.54237	1.01751	1.01751	1.01751	1.52606	2.54237	1.01751	1.52606	2.54237	2.54237	1.52606	1.01751	1.01751	1.52606	2.54237	1.01751	1.52606	2.54237	1.01751	1.52606	2.54237	1.01751	1.52606	3.04996	1.52606	1.52606	3.55707	2.03437	1.52606	1.52606	1.52606	3.04996	3.55707	2.03437	1.52606	3.04996	1.52606	2.03437	2.03437	2.03437	3.55707	3.55707	2.03437	2.03437	4.06363	2.03437	2.03437	2.03437	1.52606	3.55707	3.55707	1.52606	2.03437	3.55707	1.52606	2.03437	2.03437	1.52606	3.04996	1.52606	1.52606	3.04996
1.52593	1.01742	2.03419	2.54214	1.52593	1.01742	2.03419	1.01742	1.01742	1.01742	0.508749	1.52593	1.01742	0.508749	1.01742	0.508749	0	0.508749	0.508749	0.508749	1.01742	0.508749	1.01742	2.03419	2.54214	1.52593	2.03419	2.03419	2.03419	4.56915	2.54214	2.54214	5.57869	3.04969	3.04969	6.0822	6.0822	3.04969	2.54214	2.54214	3.04969	5.07431	2.03419	2.54214	2.54214	3.55676	3.55676	1.52593	1.52593	1.52593	2.03419	0.508749	1.01742	1.01742	1.01742	1.52593	1.52593	1.01742	1.01742	1.52593	0.508749	1.01742	1.01742	1.01742	2.03419	1.01742	1.01742	2.03419	2.03419	1.01742	1.01742	1.01742	0.508749	1.52593	1.01742	1.01742	1.01742	1.52593	1.52593	1.01742	1.01742	0.508749	1.01742	0.508749	1.01742	1.01742	0.508749	1.52593	2.03419	1.01742	1.01742	1.52593	0.508749	1.01742	1.01742	1.01742	2.54214	1.52593	1.01742	2.54214	2.54214	1.01742	1.52593	1.52593	1.01742	2.54214	1.52593	1.01742	2.03419	2.54214	1.52593	1.01742	1.01742	1.52593	2.54214	1.01742	1.52593	3.04969	3.04969	1.52593	1.01742	1.01742	1.52593	3.04969	1.52593	1.52593	2.54214	1.01742	1.52593	3.04969	1.52593	1.52593	3.04969	1.52593	1.52593	2.54214	1.01742	1.52593	1.52593	1.52593	3.04969	3.04969	1.52593	1.52593	2.54214	1.01742	1.52593	1.52593	1.52593	2.54214	2.54214	1.52593	1.52593	2.54214	1.01742	1.01742	1.01742	1.52593	2.54214	1.01742	1.52593	3.04969	3.04969	1.52593	1.52593	1.52593	1.52593	3.04969	1.52593	1.52593	1.52593	3.04969	3.04969	1.52593	1.52593	1.52593	3.04969	1.52593	1.52593	1.52593	2.03419	3.55676	3.04969	1.52593	1.52593	3.04969	1.52593	1.52593	1.52593	1.52593	2.54214	1.01742	1.52593	3.04969	2.54214	1.01742	1.01742	1.01742	1.52593	2.54214	1.01742	1.52593	2.54214	2.54214	1.52593	1.01742	1.01742	1.52593	2.54214	1.01742	1.52593	2.54214	1.01742	1.52593	2.54214	1.01742	1.52593	3.04969	1.52593	1.52593	3.55676	2.03419	1.52593	1.52593	1.52593	3.04969	3.55676	2.03419	1.52593	3.04969	1.52593	2.03419	2.03419	2.03419	3.55676	3.55676	2.03419	2.03419	4.06327	2.03419	2.03419	2.03419	1.52593	3.55676	3.55676	1.52593	2.03419	3.55676	1.52593	2.03419	2.03419	1.52593	3.04969	1.52593	1.52593	3.04969
1.52579	1.01733	2.03401	2.54192	1.52579	1.01733	2.03401	1.01733	1.01733	1.01733	0.508704	1.52579	1.01733	0.508704	1.01733	0.508704	0	0.508704	0.508704	0.508704	1.01733	0.508704	1.01733	2.03401	2.54192	1.52579	2.03401	2.03401	2.03401	4.56875	2.54192	2.54192	5.5782	3.04942	3.04942	6.08166	6.08166	3.04942	2.54192	2.54192	3.04942	5.07387	2.03401	2.54192	2.54192	3.55644	3.55644	1.52579	1.52579	1.52579	2.03401	0.508704	1.01733	1.01733	1.01733	1.52579	1.52579	1.01733	1.01733	1.52579	0.508704	1.01733	1.01733	1.01733	2.03401	1.01733	1.01733	2.03401	2.03401	1.01733	1.01733	1.01733	0.508704	1.52579	1.01733	1.01733	1.01733	1.52579	1.52579	1.01733	1.01733	0.508704	1.01733	0.508704	1.01733	1.01733	0.508704	1.52579	2.03401	1.01733	1.01733	1.52579	0.508704	1.01733	1.01733	1.01733	2.54192	1.52579	1.01733	2.54192	2.54192	1.01733	1.52579	1.52579	1.01733	2.54192	1.52579	1.01733	2.03401	2.54192	1.52579	1.01733	1.01733	1.52579	2.54192	1.01733	1.52579	3.04942	3.04942	1.52579	1.01733	1.01733	1.52579	3.04942	1.52579	1.52579	2.54192	1.01733	1.52579	3.04942	1.52579	1.52579	3.04942	1.52579	1.52579	2.54192	1.01733	1.52579	1.52579	1.52579	3.04942	3.04942	1.52579	1.52579	2.54192	1.01733	1.52579	1.52579	1.52579	2.54192	2.54192	1.52579	1.52579	2.54192	1.01733	1.01733	1.01733	1.52579	2.54192	1.01733	1.52579	3.04942	3.04942	1.52579	1.52579	1.52579	1.52579	3.04942	1.52579	1.52579	1.52579	3.04942	3.04942	1.52579	1.52579	1.52579	3.04942	1.52579	1.52579	1.52579	2.03401	3.55644	3.04942	1.52579	1.52579	3.04942	1.52579	1.52579	1.52579	1.52579	2.54192	1.01733	1.52579	3.04942	2.54192	1.01733	1.01733	1.01733	1.52579	2.54192	1.01733	1.52579	2.54192	2.54192	1.52579	1.01733	1.01733	1.52579	2.54192	1.01733	1.52579	2.54192	1.01733	1.52579	2.54192	1.01733	1.52579	3.04942	1.52579	1.52579	3.55644	2.03401	1.52579	1.52579	1.52579	3.04942	3.55644	2.03401	1.52579	3.04942	1.52579	2.03401	2.03401	2.03401	3.55644	3.55644	2.03401	2.03401	4.06291	2.03401	2.03401	2.03401	1.52579	3.55644	3.55644	1.52579	2.03401	3.55644	1.52579	2.03401	2.03401	1.52579	3.04942	1.52579	1.52579	3.04942
11.6363	11.4733	11.275	10.9976	10.666	10.4981	10.4093	10.118	10.0085	9.76333	9.47187	9.24677	8.77985	8.48174	8.2868	7.87162	7.33997	7.10319	7.10319	7.10319	7.1565	7.10319	7.1565	7.28149	7.21157	6.75528	6.80442	6.56688	6.25682	7.15854	5.39437	5.17655	7.08954	4.85745	4.66561	6.91287	6.65314	3.83884	3.27824	3.13767	3.40822	5.47356	2.41139	2.59192	2.59192	3.59208	3.59208	1.60812	1.60812	1.60812	2.19415	0.648394	1.15138	1.20623	1.13727	1.77066	1.70562	1.09381	1.13727	1.77066	1.09383	1.43845	1.43845	1.25871	2.00985	1.13727	1.13727	2.09634	1.94452	0.899124	1.01722	1.01722	0.508649	1.52563	1.01722	0.899124	0.968381	1.60812	1.60812	1.13727	1.13727	0.741466	1.15138	0.508649	0.899124	0.968381	0.741466	1.65758	2.0338	1.01722	1.01722	1.65758	0.741466	0.968381	0.899124	1.15138	2.55431	1.40431	1.15138	2.55431	2.41806	1.01722	1.52563	1.52563	1.01722	2.41806	1.44961	1.20623	2.16452	2.54165	1.52563	1.01722	1.01722	1.52563	2.67157	1.20623	1.44961	2.92503	2.92503	1.44961	1.20623	1.15138	1.52563	3.0491	1.52563	1.52563	2.67157	1.20623	1.60812	3.09108	1.60812	1.44961	2.92503	1.52563	1.52563	2.67157	1.20623	1.60812	1.60812	1.44961	2.92503	3.0491	1.52563	1.40431	2.55431	1.15138	1.52563	1.52563	1.40431	2.55431	2.67157	1.52563	1.52563	2.67157	1.20623	1.13727	1.13727	1.60812	2.59192	1.13727	1.60812	2.94699	2.92503	1.52563	1.65758	1.69611	1.60812	3.09108	1.60812	1.60812	1.60812	3.09108	3.09108	1.60812	1.60812	1.60812	3.09108	1.60812	1.60812	1.60812	1.94452	3.43172	3.0491	1.52563	1.52563	3.0491	1.52563	1.52563	1.52563	1.65758	2.6956	1.13727	1.60812	3.09108	2.59192	1.13727	1.30904	1.44963	1.6576	2.49684	1.13727	1.60812	2.59192	2.59192	1.60812	1.13727	1.13727	1.44961	2.55431	1.20623	1.44961	2.55431	1.20623	1.44961	2.55431	1.20623	1.60812	3.09108	1.60812	1.44961	3.30265	1.94452	1.60812	1.60812	1.60812	3.19863	3.5651	1.94452	1.60812	3.19863	1.65758	1.91101	1.94452	2.09634	3.70233	3.68491	2.0338	2.0338	4.06248	2.0338	2.0338	2.0338	1.52563	3.43172	3.5651	1.65758	1.91101	3.5651	1.65758	1.91101	1.94452	1.69611	3.17842	1.52563	1.52563	3.0491
11.6353	11.499	11.3824	11.058	10.6651	10.5266	10.4618	10.1171	10.0386	9.79428	9.49077	9.35337	8.8147	8.50318	8.32393	7.93476	7.37372	7.10256	7.10256	7.10256	7.15588	7.10256	7.15588	7.35866	7.30686	6.75468	6.88724	6.65282	6.45644	7.69437	5.52266	5.31027	7.5052	5.02548	5.035	7.37339	6.88697	4.0503	3.48728	3.35558	3.40792	5.9641	2.89711	2.59169	2.59169	3.59176	3.59176	1.60798	1.60798	1.60798	2.44438	0.899045	1.40419	1.44948	1.13717	2.00967	1.70547	0.899068	1.13717	2.00967	1.2586	1.43832	1.43832	1.09373	1.7705	1.13717	1.13717	2.09616	1.69596	0.648336	1.01713	1.01713	0.508604	1.52549	1.01713	0.648336	0.7414	1.60798	1.60798	1.13717	1.13717	0.968295	1.40419	0.508604	0.648336	0.7414	0.968295	1.91084	2.03362	1.01713	1.01713	1.91084	0.968295	0.7414	0.648336	1.40419	2.55408	1.15128	1.40419	2.55408	2.16433	1.01713	1.52549	1.52549	1.01713	2.16433	1.20612	1.44948	2.41784	2.54142	1.52549	1.01713	1.01713	1.52549	2.92477	1.44948	1.20612	2.67133	2.67133	1.20612	1.44948	1.40419	1.52549	3.04883	1.52549	1.52549	2.92477	1.44948	1.60798	3.0908	1.60798	1.20612	2.67133	1.52549	1.52549	2.92477	1.44948	1.60798	1.60798	1.20612	2.67133	3.04883	1.52549	1.15128	2.55408	1.40419	1.52549	1.52549	1.15128	2.55408	2.92477	1.52549	1.52549	2.92477	1.44948	1.13717	1.13717	1.60798	2.59169	1.13717	1.60798	2.69537	2.67133	1.52549	1.91084	1.94435	1.60798	3.0908	1.60798	1.60798	1.60798	3.0908	3.0908	1.60798	1.60798	1.60798	3.0908	1.60798	1.60798	1.60798	1.69596	3.17814	3.04883	1.52549	1.52549	3.04883	1.52549	1.52549	1.52549	1.91084	2.94673	1.13717	1.60798	3.0908	2.59169	1.13717	1.53606	1.65745	1.4495	2.25203	1.13717	1.60798	2.59169	2.59169	1.60798	1.13717	1.13717	1.20612	2.55408	1.44948	1.20612	2.55408	1.44948	1.20612	2.55408	1.44948	1.60798	3.0908	1.60798	1.20612	2.79518	1.69596	1.60798	1.60798	1.60798	3.45012	3.56479	1.69596	1.60798	3.45012	1.91084	1.65743	1.69596	2.09616	3.95392	3.93763	2.03362	2.03362	4.06212	2.03362	2.03362	2.03362	1.52549	3.17814	3.56479	1.91084	1.65743	3.56479	1.91084	1.65743	1.69596	1.94435	3.43141	1.52549	1.52549	3.04883
1.52533	1.52533	3.0485	3.0485	1.52533	1.52533	2.54115	1.01702	1.52533	1.52533	1.01702	2.54115	1.52533	1.01702	1.52533	1.52533	1.01702	0.50855	0.50855	0.50855	1.01702	0.50855	1.01702	2.54115	3.0485	1.52533	2.54115	2.54115	3.0485	6.07984	3.0485	3.0485	6.58221	3.55537	4.06169	7.08358	6.58221	3.55537	3.0485	3.0485	3.0485	6.07984	3.0485	2.54115	2.54115	3.55537	3.55537	1.52533	1.52533	1.52533	2.54115	1.01702	1.52533	1.52533	1.01702	2.0334	1.52533	0.50855	1.01702	2.0334	1.01702	1.01702	1.01702	0.50855	1.52533	1.01702	1.01702	2.0334	1.52533	0.50855	1.01702	1.01702	0.50855	1.52533	1.01702	0.50855	0.50855	1.52533	1.52533	1.01702	1.01702	1.01702	1.52533	0.50855	0.50855	0.50855	1.01702	2.0334	2.0334	1.01702	1.01702	2.0334	1.01702	0.50855	0.50855	1.52533	2.54115	1.01702	1.52533	2.54115	2.0334	1.01702	1.52533	1.52533	1.01702	2.0334	1.01702	1.52533	2.54115	2.54115	1.52533	1.01702	1.01702	1.52533	3.0485	1.52533	1.01702	2.54115	2.54115	1.01702	1.52533	1.52533	1.52533	3.0485	1.52533	1.52533	3.0485	1.52533	1.52533	3.0485	1.52533	1.01702	2.54115	1.52533	1.52533	3.0485	1.52533	1.52533	1.52533	1.01702	2.54115	3.0485	1.52533	1.01702	2.54115	1.52533	1.52533	1.52533	1.01702	2.54115	3.0485	1.52533	1.52533	3.0485	1.52533	1.01702	1.01702	1.52533	2.54115	1.01702	1.52533	2.54115	2.54115	1.52533	2.0334	2.0334	1.52533	3.0485	1.52533	1.52533	1.52533	3.0485	3.0485	1.52533	1.52533	1.52533	3.0485	1.52533	1.52533	1.52533	1.52533	3.0485	3.0485	1.52533	1.52533	3.0485	1.52533	1.52533	1.52533	2.0334	3.0485	1.01702	1.52533	3.0485	2.54115	1.01702	1.52533	1.52533	1.01702	2.0334	1.01702	1.52533	2.54115	2.54115	1.52533	1.01702	1.01702	1.01702	2.54115	1.52533	1.01702	2.54115	1.52533	1.01702	2.54115	1.52533	1.52533	3.0485	1.52533	1.01702	2.54115	1.52533	1.52533	1.52533	1.52533	3.55537	3.55537	1.52533	1.52533	3.55537	2.0334	1.52533	1.52533	2.0334	4.06169	4.06169	2.0334	2.0334	4.06169	2.0334	2.0334	2.0334	1.52533	3.0485	3.55537	2.0334	1.52533	3.55537	2.0334	1.52533	1.52533	2.0334	3.55537	1.52533	1.52533	3.0485
1.52519	1.52519	3.04823	3.04823	1.52519	1.52519	2.54092	1.01693	1.52519	1.52519	1.01693	2.54092	1.52519	1.01693	1.52519	1.52519	1.01693	0.508505	0.508505	0.508505	1.01693	0.508505	1.01693	2.54092	3.04823	1.52519	2.54092	2.54092	3.04823	6.0793	3.04823	3.04823	6.58164	3.55506	4.06133	7.08295	6.58164	3.55506	3.04823	3.04823	3.04823	6.0793	3.04823	2.54092	2.54092	3.55506	3.55506	1.52519	1.52519	1.52519	2.54092	1.01693	1.52519	1.52519	1.01693	2.03322	1.52519	0.508505	1.01693	2.03322	1.01693	1.01693	1.01693	0.508505	1.52519	1.01693	1.01693	2.03322	1.52519	0.508505	1.01693	1.01693	0.508505	1.52519	1.01693	0.508505	0.508505	1.52519	1.52519	1.01693	1.01693	1.01693	1.52519	0.508505	0.508505	0.508505	1.01693	2.03322	2.03322	1.01693	1.01693	2.03322	1.01693	0.508505	0.508505	1.52519	2.54092	1.01693	1.52519	2.54092	2.03322	1.01693	1.52519	1.52519	1.01693	2.03322	1.01693	1.52519	2.54092	2.54092	1.52519	1.01693	1.01693	1.52519	3.04823	1.52519	1.01693	2.54092	2.54092	1.01693	1.52519	1.52519	1.52519	3.04823	1.52519	1.52519	3.04823	1.52519	1.52519	3.04823	1.52519	1.01693	2.54092	1.52519	1.52519	3.04823	1.52519	1.52519	1.52519	1.01693	2.54092	3.04823	1.52519	1.01693	2.54092	1.52519	1.52519	1.52519	1.01693	2.54092	3.04823	1.52519	1.52519	3.04823	1.52519	1.01693	1.01693	1.52519	2.54092	1.01693	1.52519	2.54092	2.54092	1.52519	2.03322	2.03322	1.52519	3.04823	1.52519	1.52519	1.52519	3.04823	3.04823	1.52519	1.52519	1.52519	3.04823	1.52519	1.52519	1.52519	1.52519	3.04823	3.04823	1.52519	1.52519	3.04823	1.52519	1.52519	1.52519	2.03322	3.04823	1.01693	1.52519	3.04823	2.54092	1.01693	1.52519	1.52519	1.01693	2.03322	1.01693	1.52519	2.54092	2.54092	1.52519	1.01693	1.01693	1.01693	2.54092	1.52519	1.01693	2.54092	1.52519	1.01693	2.54092	1.52519	1.52519	3.04823	1.52519	1.01693	2.54092	1.52519	1.52519	1.52519	1.52519	3.55506	3.55506	1.52519	1.52519	3.55506	2.03322	1.52519	1.52519	2.03322	4.06133	4.06133	2.03322	2.03322	4.06133	2.03322	2.03322	2.03322	1.52519	3.04823	3.55506	2.03322	1.52519	3.55506	2.03322	1.52519	1.52519	2.03322	3.55506	1.52519	1.52519	3.04823
14.6381	14.4013	14.4013	14.1683	13.6883	13.4498	13.1789	12.3291	12.1151	12.1151	11.8455	11.6163	11.1477	10.9824	10.5997	9.97226	9.62335	9.4684	9.22142	8.86008	8.3216	7.73333	7.54325	7.60365	7.3501	6.41763	6.58135	6.58135	6.73626	8.40586	6.08162	5.86836	8.19378	5.56711	5.73365	8.24348	7.51778	4.84242	4.66732	4.48525	4.31024	6.68165	4.12772	3.95291	3.76987	4.43849	4.20086	2.15631	2.15631	2.16377	2.90185	1.43792	1.83273	1.83273	1.43792	2.27279	1.87623	0.898812	1.13684	2.09556	1.13684	1.0934	1.25824	1.09342	1.70499	1.25824	1.43792	2.22258	1.9849	1.30859	1.44911	1.65702	1.60759	2.16378	2.10333	2.00919	1.77007	2.15631	2.15631	1.83277	1.83277	1.83277	2.16377	1.30859	1.13688	1.13688	1.43792	2.27279	2.27279	1.43792	1.43792	2.27279	1.43792	1.09342	0.898812	1.53562	2.65242	1.30855	1.53562	2.65242	2.25139	1.13684	1.60752	1.60752	1.13684	2.09556	1.13684	1.60752	2.59095	2.59095	1.60752	1.13684	1.13684	1.60752	3.08993	1.60752	1.13684	2.59095	2.6946	1.15095	1.40379	1.44907	1.60752	3.08993	1.60752	1.60752	3.08993	1.60752	1.60752	3.08993	1.60752	1.20578	2.67057	1.52506	1.40379	2.94589	1.60752	1.60752	1.60752	1.20578	2.67057	2.92394	1.44907	1.20578	2.67057	1.52506	1.52506	1.52506	1.01684	2.5407	3.04796	1.52506	1.52506	2.92394	1.44907	1.20578	1.15095	1.40379	2.55336	1.15095	1.52506	2.67057	2.55336	1.40379	1.9103	1.94379	1.69548	3.05851	1.44907	1.60752	1.60752	3.08993	3.08993	1.60752	1.60752	1.60752	3.19744	1.65696	1.52506	1.52506	1.40379	3.05851	3.17724	1.52506	1.52506	3.04796	1.52506	1.52506	1.52506	1.9103	3.05851	1.15095	1.52506	3.04796	2.5407	1.01684	1.52506	1.52506	1.01684	2.03304	1.01684	1.52506	2.5407	2.5407	1.52506	1.01684	1.01684	1.15095	2.55336	1.40379	1.15095	2.55336	1.40379	1.15095	2.6946	1.60752	1.44907	2.92394	1.52506	1.15095	2.6946	1.60752	1.60752	1.60752	1.60752	3.44915	3.43044	1.52506	1.65696	3.56378	1.9103	1.52506	1.52506	2.03304	3.93651	3.9528	2.09556	2.09556	3.98516	2.10326	2.27279	2.27279	1.87623	3.23745	3.59074	2.09556	1.69548	3.56378	1.94379	1.69548	1.65696	1.9103	3.44915	1.60752	1.69548	3.17724
14.6651	14.4289	14.4535	14.2215	13.7177	13.4798	13.3545	12.3869	12.1141	12.1141	11.9061	11.7409	11.1467	11.0094	10.7547	10.0704	9.62251	9.48729	9.2409	8.91563	8.47785	7.75708	7.58432	7.79955	7.58628	6.486	6.58076	6.58076	6.85694	8.78442	6.21561	6.00729	8.61144	5.73589	5.7331	8.68748	7.74037	4.66687	4.84195	4.66685	4.49905	6.68096	3.95253	4.12732	3.9525	4.87807	4.66331	2.1561	2.1561	2.363	3.13615	1.43778	1.83255	1.83255	1.43778	2.27256	2.10304	1.09329	1.13673	2.09534	1.13673	0.898725	1.09332	1.25812	1.70481	1.09332	1.43778	2.00893	1.9847	1.44897	1.30847	1.53554	1.60744	2.00898	2.00901	2.10314	1.87611	2.1561	2.1561	1.8326	1.8326	1.8326	2.363	1.44897	1.13678	1.13678	1.43778	2.27256	2.27256	1.43778	1.43778	2.27256	1.43778	1.25812	1.09329	1.30842	2.65215	1.53546	1.30842	2.65215	2.49564	1.13673	1.60735	1.60735	1.13673	2.09534	1.13673	1.60735	2.59068	2.59068	1.60735	1.13673	1.13673	1.60735	3.0896	1.60735	1.13673	2.59068	2.94558	1.40364	1.15083	1.20565	1.60735	3.0896	1.60735	1.60735	3.0896	1.60735	1.60735	3.0896	1.60735	1.44892	2.92363	1.5249	1.15083	2.69432	1.60735	1.60735	1.60735	1.44892	2.92363	2.67029	1.20565	1.44892	2.92363	1.5249	1.5249	1.5249	1.01673	2.54043	3.04764	1.5249	1.5249	2.67029	1.20565	1.44892	1.40364	1.15083	2.55308	1.40364	1.5249	2.92363	2.55308	1.15083	1.65678	1.6953	1.94359	3.05818	1.20565	1.60735	1.60735	3.0896	3.0896	1.60735	1.60735	1.60735	3.44878	1.9101	1.5249	1.5249	1.15083	3.05818	3.43008	1.5249	1.5249	3.04764	1.5249	1.5249	1.5249	1.65678	3.05818	1.40364	1.5249	3.04764	2.54043	1.01673	1.5249	1.5249	1.01673	2.03282	1.01673	1.5249	2.54043	2.54043	1.5249	1.01673	1.01673	1.40364	2.55308	1.15083	1.40364	2.55308	1.15083	1.40364	2.94558	1.60735	1.20565	2.67029	1.5249	1.40364	2.94558	1.60735	1.60735	1.60735	1.60735	3.1971	3.1769	1.5249	1.9101	3.5634	1.65678	1.5249	1.5249	2.03282	3.68315	3.70056	2.09534	2.09534	3.73513	1.87604	2.27256	2.27256	2.10304	3.48588	3.59036	2.09534	1.94359	3.5634	1.6953	1.94359	1.9101	1.65678	3.1971	1.60735	1.94359	3.43008
2.03264	2.03264	3.55405	3.55405	2.03264	2.03264	4.06018	2.03264	1.52476	1.52476	2.03264	3.55405	1.52476	1.52476	3.04737	2.5402	1.01664	1.01664	1.01664	1.52476	2.5402	1.01664	1.52476	3.55405	4.06018	2.03264	2.5402	2.5402	3.55405	7.08096	3.55405	3.55405	7.58106	4.06018	4.06018	8.07999	7.08096	3.04737	3.55405	3.55405	3.55405	6.07759	2.5402	3.04737	3.04737	4.56568	4.56568	1.52476	1.52476	2.03264	3.04737	1.01664	1.52476	1.52476	1.01664	2.03264	2.03264	1.01664	1.01664	2.03264	1.01664	0.508361	0.508361	1.01664	1.52476	0.508361	1.01664	1.52476	1.52476	1.01664	0.508361	0.508361	0.508361	1.01664	0.508361	1.01664	1.01664	1.52476	1.52476	1.01664	1.01664	1.01664	2.03264	1.01664	0.508361	0.508361	1.01664	2.03264	2.03264	1.01664	1.01664	2.03264	1.01664	1.01664	1.01664	1.01664	2.5402	1.52476	1.01664	2.5402	2.5402	1.01664	1.52476	1.52476	1.01664	2.03264	1.01664	1.52476	2.5402	2.5402	1.52476	1.01664	1.01664	1.52476	3.04737	1.52476	1.01664	2.5402	3.04737	1.52476	1.01664	1.01664	1.52476	3.04737	1.52476	1.52476	3.04737	1.52476	1.52476	3.04737	1.52476	1.52476	3.04737	1.52476	1.01664	2.5402	1.52476	1.52476	1.52476	1.52476	3.04737	2.5402	1.01664	1.52476	3.04737	1.52476	1.52476	1.52476	1.01664	2.5402	3.04737	1.52476	1.52476	2.5402	1.01664	1.52476	1.52476	1.01664	2.5402	1.52476	1.52476	3.04737	2.5402	1.01664	1.52476	1.52476	2.03264	3.04737	1.01664	1.52476	1.52476	3.04737	3.04737	1.52476	1.52476	1.52476	3.55405	2.03264	1.52476	1.52476	1.01664	3.04737	3.55405	1.52476	1.52476	3.04737	1.52476	1.52476	1.52476	1.52476	3.04737	1.52476	1.52476	3.04737	2.5402	1.01664	1.52476	1.52476	1.01664	2.03264	1.01664	1.52476	2.5402	2.5402	1.52476	1.01664	1.01664	1.52476	2.5402	1.01664	1.52476	2.5402	1.01664	1.52476	3.04737	1.52476	1.01664	2.5402	1.52476	1.52476	3.04737	1.52476	1.52476	1.52476	1.52476	3.04737	3.04737	1.52476	2.03264	3.55405	1.52476	1.52476	1.52476	2.03264	3.55405	3.55405	2.03264	2.03264	3.55405	1.52476	2.03264	2.03264	2.03264	3.55405	3.55405	2.03264	2.03264	3.55405	1.52476	2.03264	2.03264	1.52476	3.04737	1.52476	2.03264	3.55405
2.03246	2.03246	3.55374	3.55374	2.03246	2.03246	4.05982	2.03246	1.52463	1.52463	2.03246	3.55374	1.52463	1.52463	3.0471	2.53998	1.01655	1.01655	1.01655	1.52463	2.53998	1.01655	1.52463	3.55374	4.05982	2.03246	2.53998	2.53998	3.55374	7.08034	3.55374	3.55374	7.58039	4.05982	4.05982	8.07928	7.08034	3.0471	3.55374	3.55374	3.55374	6.07705	2.53998	3.0471	3.0471	4.56527	4.56527	1.52463	1.52463	2.03246	3.0471	1.01655	1.52463	1.52463	1.01655	2.03246	2.03246	1.01655	1.01655	2.03246	1.01655	0.508316	0.508316	1.01655	1.52463	0.508316	1.01655	1.52463	1.52463	1.01655	0.508316	0.508316	0.508316	1.01655	0.508316	1.01655	1.01655	1.52463	1.52463	1.01655	1.01655	1.01655	2.03246	1.01655	0.508316	0.508316	1.01655	2.03246	2.03246	1.01655	1.01655	2.03246	1.01655	1.01655	1.01655	1.01655	2.53998	1.52463	1.01655	2.53998	2.53998	1.01655	1.52463	1.52463	1.01655	2.03246	1.01655	1.52463	2.53998	2.53998	1.52463	1.01655	1.01655	1.52463	3.0471	1.52463	1.01655	2.53998	3.0471	1.52463	1.01655	1.01655	1.52463	3.0471	1.52463	1.52463	3.0471	1.52463	1.52463	3.0471	1.52463	1.52463	3.0471	1.52463	1.01655	2.53998	1.52463	1.52463	1.52463	1.52463	3.0471	2.53998	1.01655	1.52463	3.0471	1.52463	1.52463	1.52463	1.01655	2.53998	3.0471	1.52463	1.52463	2.53998	1.01655	1.52463	1.52463	1.01655	2.53998	1.52463	1.52463	3.0471	2.53998	1.01655	1.52463	1.52463	2.03246	3.0471	1.01655	1.52463	1.52463	3.0471	3.0471	1.52463	1.52463	1.52463	3.55374	2.03246	1.52463	1.52463	1.01655	3.0471	3.55374	1.52463	1.52463	3.0471	1.52463	1.52463	1.52463	1.52463	3.0471	1.52463	1.52463	3.0471	2.53998	1.01655	1.52463	1.52463	1.01655	2.03246	1.01655	1.52463	2.53998	2.53998	1.52463	1.01655	1.01655	1.52463	2.53998	1.01655	1.52463	2.53998	1.01655	1.52463	3.0471	1.52463	1.01655	2.53998	1.52463	1.52463	3.0471	1.52463	1.52463	1.52463	1.52463	3.0471	3.0471	1.52463	2.03246	3.55374	1.52463	1.52463	1.52463	2.03246	3.55374	3.55374	2.03246	2.03246	3.55374	1.52463	2.03246	2.03246	2.03246	3.55374	3.55374	2.03246	2.03246	3.55374	1.52463	2.03246	2.03246	1.52463	3.0471	1.52463	2.03246	3.55374
2.03225	2.03225	3.55336	3.55336	2.03225	2.03225	4.05939	2.03225	1.52446	1.52446	2.03225	3.55336	1.52446	1.52446	3.04677	2.53971	1.01644	1.01644	1.01644	1.52446	2.53971	1.01644	1.52446	3.55336	4.05939	2.03225	2.53971	2.53971	3.55336	7.0796	3.55336	3.55336	7.57959	4.05939	4.05939	8.07843	7.0796	3.04677	3.55336	3.55336	3.55336	6.07641	2.53971	3.04677	3.04677	4.56479	4.56479	1.52446	1.52446	2.03225	3.04677	1.01644	1.52446	1.52446	1.01644	2.03225	2.03225	1.01644	1.01644	2.03225	1.01644	0.508261	0.508261	1.01644	1.52446	0.508261	1.01644	1.52446	1.52446	1.01644	0.508261	0.508261	0.508261	1.01644	0.508261	1.01644	1.01644	1.52446	1.52446	1.01644	1.01644	1.01644	2.03225	1.01644	0.508261	0.508261	1.01644	2.03225	2.03225	1.01644	1.01644	2.03225	1.01644	1.01644	1.01644	1.01644	2.53971	1.52446	1.01644	2.53971	2.53971	1.01644	1.52446	1.52446	1.01644	2.03225	1.01644	1.52446	2.53971	2.53971	1.52446	1.01644	1.01644	1.52446	3.04677	1.52446	1.01644	2.53971	3.04677	1.52446	1.01644	1.01644	1.52446	3.04677	1.52446	1.52446	3.04677	1.52446	1.52446	3.04677	1.52446	1.52446	3.04677	1.52446	1.01644	2.53971	1.52446	1.52446	1.52446	1.52446	3.04677	2.53971	1.01644	1.52446	3.04677	1.52446	1.52446	1.52446	1.01644	2.53971	3.04677	1.52446	1.52446	2.53971	1.01644	1.52446	1.52446	1.01644	2.53971	1.52446	1.52446	3.04677	2.53971	1.01644	1.52446	1.52446	2.03225	3.04677	1.01644	1.52446	1.52446	3.04677	3.04677	1.52446	1.52446	1.52446	3.55336	2.03225	1.52446	1.52446	1.01644	3.04677	3.55336	1.52446	1.52446	3.04677	1.52446	1.52446	1.52446	1.52446	3.04677	1.52446	1.52446	3.04677	2.53971	1.01644	1.52446	1.52446	1.01644	2.03225	1.01644	1.52446	2.53971	2.53971	1.52446	1.01644	1.01644	1.52446	2.53971	1.01644	1.52446	2.53971	1.01644	1.52446	3.04677	1.52446	1.01644	2.53971	1.52446	1.52446	3.04677	1.52446	1.52446	1.52446	1.52446	3.04677	3.04677	1.52446	2.03225	3.55336	1.52446	1.52446	1.52446	2.03225	3.55336	3.55336	2.03225	2.03225	3.55336	1.52446	2.03225	2.03225	2.03225	3.55336	3.55336	2.03225	2.03225	3.55336	1.52446	2.03225	2.03225	1.52446	3.04677	1.52446	2.03225	3.55336
2.03207	2.03207	3.55305	3.55305	2.03207	2.03207	4.05903	2.03207	1.52433	1.52433	2.03207	3.55305	1.52433	1.52433	3.0465	2.53948	1.01635	1.01635	1.01635	1.52433	2.53948	1.01635	1.52433	3.55305	4.05903	2.03207	2.53948	2.53948	3.55305	7.07897	3.55305	3.55305	7.57893	4.05903	4.05903	8.07773	7.07897	3.0465	3.55305	3.55305	3.55305	6.07588	2.53948	3.0465	3.0465	4.56439	4.56439	1.52433	1.52433	2.03207	3.0465	1.01635	1.52433	1.52433	1.01635	2.03207	2.03207	1.01635	1.01635	2.03207	1.01635	0.508216	0.508216	1.01635	1.52433	0.508216	1.01635	1.52433	1.52433	1.01635	0.508216	0.508216	0.508216	1.01635	0.508216	1.01635	1.01635	1.52433	1.52433	1.01635	1.01635	1.01635	2.03207	1.01635	0.508216	0.508216	1.01635	2.03207	2.03207	1.01635	1.01635	2.03207	1.01635	1.01635	1.01635	1.01635	2.53948	1.52433	1.01635	2.53948	2.53948	1.01635	1.52433	1.52433	1.01635	2.03207	1.01635	1.52433	2.53948	2.53948	1.52433	1.01635	1.01635	1.52433	3.0465	1.52433	1.01635	2.53948	3.0465	1.52433	1.01635	1.01635	1.52433	3.0465	1.52433	1.52433	3.0465	1.52433	1.52433	3.0465	1.52433	1.52433	3.0465	1.52433	1.01635	2.53948	1.52433	1.52433	1.52433	1.52433	3.0465	2.53948	1.01635	1.52433	3.0465	1.52433	1.52433	1.52433	1.01635	2.53948	3.0465	1.52433	1.52433	2.53948	1.01635	1.52433	1.52433	1.01635	2.53948	1.52433	1.52433	3.0465	2.53948	1.01635	1.52433	1.52433	2.03207	3.0465	1.01635	1.52433	1.52433	3.0465	3.0465	1.52433	1.52433	1.52433	3.55305	2.03207	1.52433	1.52433	1.01635	3.0465	3.55305	1.52433	1.52433	3.0465	1.52433	1.52433	1.52433	1.52433	3.0465	1.52433	1.52433	3.0465	2.53948	1.01635	1.52433	1.52433	1.01635	2.03207	1.01635	1.52433	2.53948	2.53948	1.52433	1.01635	1.01635	1.52433	2.53948	1.01635	1.52433	2.53948	1.01635	1.52433	3.0465	1.52433	1.01635	2.53948	1.52433	1.52433	3.0465	1.52433	1.52433	1.52433	1.52433	3.0465	3.0465	1.52433	2.03207	3.55305	1.52433	1.52433	1.52433	2.03207	3.55305	3.55305	2.03207	2.03207	3.55305	1.52433	2.03207	2.03207	2.03207	3.55305	3.55305	2.03207	2.03207	3.55305	1.52433	2.03207	2.03207	1.52433	3.0465	1.52433	2.03207	3.55305
16.4282	16.4282	16.4808	16.0248	15.4959	15.3946	15.46	14.6906	14.289	13.8145	13.5091	13.4156	12.3812	12.0037	11.9694	11.3729	10.7325	10.3804	9.89176	9.6824	9.71439	8.91142	8.60597	8.96901	8.96201	7.99326	7.90617	7.67163	7.85017	9.79209	7.46107	7.41225	9.86308	7.05393	6.87901	9.77136	8.99653	6.07816	6.1793	6.1793	6.1793	7.88797	5.66338	5.9056	5.9056	6.79789	6.61833	4.66132	4.19861	4.14095	4.86932	3.85205	3.86451	3.86451	3.61117	3.83529	3.6597	3.21082	3.21082	3.69898	3.53932	3.48444	3.23577	3.29483	3.69901	3.58889	3.69469	3.86451	3.93446	4.03113	3.98311	3.7336	3.58889	3.61117	3.23577	3.29483	3.53932	3.74642	3.30938	2.7347	2.7347	2.7347	3.25056	2.7347	2.58961	2.58961	2.7347	3.23568	3.05156	2.27157	2.22136	2.71689	1.83172	1.80511	1.61663	1.43709	2.73456	1.83167	1.43709	2.73456	2.73456	1.43709	1.80509	1.97563	1.83172	2.57077	1.61663	1.83167	2.73456	2.73456	1.83167	1.44825	1.30779	1.53473	3.05147	1.83167	1.44825	2.74042	3.08812	1.60658	1.13618	1.13618	1.60658	3.08812	1.60658	1.60658	3.08812	1.60658	1.60658	2.98756	1.65602	1.83167	3.21064	1.83167	1.44825	2.74042	1.60658	1.53473	1.65602	1.83167	3.21064	2.81	1.30779	1.53473	3.05147	1.83167	1.80509	1.97563	1.80511	2.90016	3.13465	1.97563	2.15507	3.00905	1.61663	1.80509	1.97563	1.80511	2.90016	1.83167	1.80509	3.2356	3.00905	1.61663	1.83167	1.83167	2.22129	3.29952	1.61663	1.83167	1.83167	3.21064	3.21064	1.87514	1.76897	1.60658	3.48421	2.10203	1.83167	1.83167	1.44825	3.13976	3.5391	1.83167	1.83167	3.21064	1.83167	1.87514	1.76897	1.60658	3.08812	1.60658	1.60658	2.98756	2.65088	1.30779	1.60658	1.60658	1.13618	2.19205	1.15028	1.52417	2.53921	2.53921	1.52417	1.01624	1.01624	1.52417	2.53921	1.01624	1.52417	2.53921	1.01624	1.52417	3.04618	1.52417	1.15028	2.69303	1.60658	1.44822	2.92223	1.52417	1.52417	1.52417	1.52417	3.04618	3.04618	1.52417	2.03185	3.55267	1.52417	1.52417	1.52417	2.03185	3.55267	3.42844	1.94266	2.09434	3.58865	1.60658	2.09434	2.09434	2.00793	3.63312	3.63312	2.10203	2.27147	3.69447	1.83167	2.27147	2.27147	1.83167	3.29463	1.76897	2.00793	3.5391
16.4266	16.4266	16.5908	16.1386	15.4944	15.4272	15.5939	14.7253	14.3539	13.882	13.5476	13.64	12.458	12.0379	12.1097	11.5002	10.7601	10.4505	9.96568	9.68139	9.86557	8.99423	8.65586	9.07193	9.07878	8.06293	7.99241	7.76066	7.96872	9.97318	7.46032	7.53812	10.2562	7.20401	6.87833	9.77046	9.19467	6.21203	6.17868	6.17868	6.17868	7.88722	5.6628	5.905	5.905	6.97197	6.79722	4.87544	4.43562	4.03068	4.86884	3.93405	3.86411	3.86411	3.69863	3.98261	3.65933	3.21049	3.21049	3.57503	3.48408	3.53895	3.29449	3.23543	3.6108	3.58851	3.6943	3.86411	3.85165	3.98269	4.0307	3.78443	3.58851	3.69863	3.29449	3.23543	3.48408	4.01071	3.60629	2.73441	2.73441	2.73441	3.25024	2.73441	2.58934	2.58934	2.73441	3.40943	3.23534	2.27133	2.36169	2.92202	1.83153	1.97543	1.80491	1.43695	2.73431	1.8315	1.43695	2.73431	2.73431	1.43695	1.61648	1.80493	1.83153	2.78678	1.80491	1.8315	2.73431	2.73431	1.8315	1.65587	1.53459	1.30767	2.80975	1.8315	1.65587	2.98729	3.08785	1.60644	1.13608	1.13608	1.60644	3.08785	1.60644	1.60644	3.08785	1.60644	1.60644	2.74017	1.44812	1.8315	3.21035	1.8315	1.65587	2.98729	1.60644	1.30767	1.44812	1.8315	3.21035	3.0512	1.53459	1.30767	2.80975	1.8315	1.61648	1.80493	1.97543	3.13437	2.8999	1.80493	2.15486	3.2353	1.80491	1.61648	1.80493	1.97543	3.13437	1.8315	1.61648	3.00877	3.2353	1.80491	1.8315	1.8315	2.00777	3.29922	1.80491	1.8315	1.8315	3.21035	3.21035	2.10184	2.00775	1.60644	3.23527	1.87497	1.8315	1.8315	1.65587	3.13948	3.29434	1.8315	1.8315	3.21035	1.8315	2.10184	2.00775	1.60644	3.08785	1.60644	1.60644	2.74017	2.65064	1.53459	1.60644	1.60644	1.13608	2.44204	1.40284	1.52403	2.53899	2.53899	1.52403	1.01615	1.01615	1.52403	2.53899	1.01615	1.52403	2.53899	1.01615	1.52403	3.04591	1.52403	1.40284	2.94391	1.60644	1.20497	2.66878	1.52403	1.52403	1.52403	1.52403	3.04591	3.04591	1.52403	2.03167	3.55235	1.52403	1.52403	1.52403	2.03167	3.55235	3.1751	1.69434	2.09415	3.58833	1.60644	2.09415	2.09415	1.76881	3.63279	3.63279	1.87497	2.27126	3.69413	1.8315	2.27126	2.27126	1.8315	3.53878	2.00775	1.76881	3.29434
2.03149	2.03149	4.5631	4.5631	2.03149	2.53876	5.0676	2.53876	2.53876	2.53876	2.53876	5.0676	2.53876	2.03149	4.05789	3.55204	1.5239	2.03149	2.03149	1.5239	3.55204	2.03149	2.03149	4.05789	4.5631	2.53876	3.04564	3.04564	4.05789	7.5768	3.55204	4.05789	8.5729	4.5631	4.05789	8.07547	7.5768	3.55204	3.55204	3.55204	3.55204	6.07417	2.53876	3.04564	3.04564	5.0676	5.0676	2.53876	2.53876	1.5239	3.04564	1.5239	1.5239	1.5239	1.5239	2.53876	2.03149	1.01606	1.01606	1.5239	0.508072	1.01606	1.01606	0.508072	1.01606	0.508072	1.01606	1.5239	1.01606	0.508072	1.01606	1.01606	0.508072	1.5239	1.01606	0.508072	0.508072	2.53876	2.53876	1.01606	1.01606	1.01606	2.03149	1.01606	0.508072	0.508072	1.01606	2.53876	2.53876	1.01606	1.5239	2.53876	1.01606	1.5239	1.5239	1.01606	2.53876	1.5239	1.01606	2.53876	2.53876	1.01606	1.01606	1.01606	1.01606	2.53876	1.5239	1.5239	2.53876	2.53876	1.5239	1.5239	1.5239	1.01606	2.53876	1.5239	1.5239	3.04564	3.04564	1.5239	1.01606	1.01606	1.5239	3.04564	1.5239	1.5239	3.04564	1.5239	1.5239	2.53876	1.01606	1.5239	3.04564	1.5239	1.5239	3.04564	1.5239	1.01606	1.01606	1.5239	3.04564	3.04564	1.5239	1.01606	2.53876	1.5239	1.01606	1.01606	1.5239	3.04564	2.53876	1.01606	1.5239	3.04564	1.5239	1.01606	1.01606	1.5239	3.04564	1.5239	1.01606	2.53876	3.04564	1.5239	1.5239	1.5239	1.5239	3.04564	1.5239	1.5239	1.5239	3.04564	3.04564	2.03149	2.03149	1.5239	3.04564	1.5239	1.5239	1.5239	1.5239	3.04564	3.04564	1.5239	1.5239	3.04564	1.5239	2.03149	2.03149	1.5239	3.04564	1.5239	1.5239	2.53876	2.53876	1.5239	1.5239	1.5239	1.01606	2.53876	1.5239	1.5239	2.53876	2.53876	1.5239	1.01606	1.01606	1.5239	2.53876	1.01606	1.5239	2.53876	1.01606	1.5239	3.04564	1.5239	1.5239	3.04564	1.5239	1.01606	2.53876	1.5239	1.5239	1.5239	1.5239	3.04564	3.04564	1.5239	2.03149	3.55204	1.5239	1.5239	1.5239	2.03149	3.55204	3.04564	1.5239	2.03149	3.55204	1.5239	2.03149	2.03149	1.5239	3.55204	3.55204	1.5239	2.03149	3.55204	1.5239	2.03149	2.03149	1.5239	3.55204	2.03149	1.5239	3.04564
2.03127	2.03127	4.56261	4.56261	2.03127	2.53849	5.06706	2.53849	2.53849	2.53849	2.53849	5.06706	2.53849	2.03127	4.05745	3.55166	1.52373	2.03127	2.03127	1.52373	3.55166	2.03127	2.03127	4.05745	4.56261	2.53849	3.04532	3.04532	4.05745	7.57601	3.55166	4.05745	8.572	4.56261	4.05745	8.07462	7.57601	3.55166	3.55166	3.55166	3.55166	6.07353	2.53849	3.04532	3.04532	5.06706	5.06706	2.53849	2.53849	1.52373	3.04532	1.52373	1.52373	1.52373	1.52373	2.53849	2.03127	1.01596	1.01596	1.52373	0.508018	1.01596	1.01596	0.508018	1.01596	0.508018	1.01596	1.52373	1.01596	0.508018	1.01596	1.01596	0.508018	1.52373	1.01596	0.508018	0.508018	2.53849	2.53849	1.01596	1.01596	1.01596	2.03127	1.01596	0.508018	0.508018	1.01596	2.53849	2.53849	1.01596	1.52373	2.53849	1.01596	1.52373	1.52373	1.01596	2.53849	1.52373	1.01596	2.53849	2.53849	1.01596	1.01596	1.01596	1.01596	2.53849	1.52373	1.52373	2.53849	2.53849	1.52373	1.52373	1.52373	1.01596	2.53849	1.52373	1.52373	3.04532	3.04532	1.52373	1.01596	1.01596	1.52373	3.04532	1.52373	1.52373	3.04532	1.52373	1.52373	2.53849	1.01596	1.52373	3.04532	1.52373	1.52373	3.04532	1.52373	1.01596	1.01596	1.52373	3.04532	3.04532	1.52373	1.01596	2.53849	1.52373	1.01596	1.01596	1.52373	3.04532	2.53849	1.01596	1.52373	3.04532	1.52373	1.01596	1.01596	1.52373	3.04532	1.52373	1.01596	2.53849	3.04532	1.52373	1.52373	1.52373	1.52373	3.04532	1.52373	1.52373	1.52373	3.04532	3.04532	2.03127	2.03127	1.52373	3.04532	1.52373	1.52373	1.52373	1.52373	3.04532	3.04532	1.52373	1.52373	3.04532	1.52373	2.03127	2.03127	1.52373	3.04532	1.52373	1.52373	2.53849	2.53849	1.52373	1.52373	1.52373	1.01596	2.53849	1.52373	1.52373	2.53849	2.53849	1.52373	1.01596	1.01596	1.52373	2.53849	1.01596	1.52373	2.53849	1.01596	1.52373	3.04532	1.52373	1.52373	3.04532	1.52373	1.01596	2.53849	1.52373	1.52373	1.52373	1.52373	3.04532	3.04532	1.52373	2.03127	3.55166	1.52373	1.52373	1.52373	2.03127	3.55166	3.04532	1.52373	2.03127	3.55166	1.52373	2.03127	2.03127	1.52373	3.55166	3.55166	1.52373	2.03127	3.55166	1.52373	2.03127	2.03127	1.52373	3.55166	2.03127	1.52373	3.04532
2.03109	2.03109	4.56221	4.56221	2.03109	2.53827	5.06662	2.53827	2.53827	2.53827	2.53827	5.06662	2.53827	2.03109	4.0571	3.55135	1.5236	2.03109	2.03109	1.5236	3.55135	2.03109	2.03109	4.0571	4.56221	2.53827	3.04505	3.04505	4.0571	7.57534	3.55135	4.0571	8.57125	4.56221	4.0571	8.07391	7.57534	3.55135	3.55135	3.55135	3.55135	6.07299	2.53827	3.04505	3.04505	5.06662	5.06662	2.53827	2.53827	1.5236	3.04505	1.5236	1.5236	1.5236	1.5236	2.53827	2.03109	1.01587	1.01587	1.5236	0.507973	1.01587	1.01587	0.507973	1.01587	0.507973	1.01587	1.5236	1.01587	0.507973	1.01587	1.01587	0.507973	1.5236	1.01587	0.507973	0.507973	2.53827	2.53827	1.01587	1.01587	1.01587	2.03109	1.01587	0.507973	0.507973	1.01587	2.53827	2.53827	1.01587	1.5236	2.53827	1.01587	1.5236	1.5236	1.01587	2.53827	1.5236	1.01587	2.53827	2.53827	1.01587	1.01587	1.01587	1.01587	2.53827	1.5236	1.5236	2.53827	2.53827	1.5236	1.5236	1.5236	1.01587	2.53827	1.5236	1.5236	3.04505	3.04505	1.5236	1.01587	1.01587	1.5236	3.04505	1.5236	1.5236	3.04505	1.5236	1.5236	2.53827	1.01587	1.5236	3.04505	1.5236	1.5236	3.04505	1.5236	1.01587	1.01587	1.5236	3.04505	3.04505	1.5236	1.01587	2.53827	1.5236	1.01587	1.01587	1.5236	3.04505	2.53827	1.01587	1.5236	3.04505	1.5236	1.01587	1.01587	1.5236	3.04505	1.5236	1.01587	2.53827	3.04505	1.5236	1.5236	1.5236	1.5236	3.04505	1.5236	1.5236	1.5236	3.04505	3.04505	2.03109	2.03109	1.5236	3.04505	1.5236	1.5236	1.5236	1.5236	3.04505	3.04505	1.5236	1.5236	3.04505	1.5236	2.03109	2.03109	1.5236	3.04505	1.5236	1.5236	2.53827	2.53827	1.5236	1.5236	1.5236	1.01587	2.53827	1.5236	1.5236	2.53827	2.53827	1.5236	1.01587	1.01587	1.5236	2.53827	1.01587	1.5236	2.53827	1.01587	1.5236	3.04505	1.5236	1.5236	3.04505	1.5236	1.01587	2.53827	1.5236	1.5236	1.5236	1.5236	3.04505	3.04505	1.5236	2.03109	3.55135	1.5236	1.5236	1.5236	2.03109	3.55135	3.04505	1.5236	2.03109	3.55135	1.5236	2.03109	2.03109	1.5236	3.55135	3.55135	1.5236	2.03109	3.55135	1.5236	2.03109	2.03109	1.5236	3.55135	2.03109	1.5236	3.04505
17.4729	17.1428	17.1561	16.7093	15.754	15.4596	15.7373	14.7601	14.4311	13.9626	13.5868	13.8952	12.5503	11.9766	12.0373	11.4133	10.4467	10.1543	9.91371	9.57623	9.80836	8.95092	8.71033	9.12515	8.98562	7.97965	8.15098	8.15098	8.57085	10.6509	8.3487	8.57085	11.3647	8.81546	8.57085	11.003	10.6509	8.3487	8.29027	8.0677	7.95792	9.45846	7.36397	7.23424	7.23424	8.25227	8.05983	6.57453	6.57453	6.16877	6.50909	5.7721	5.7721	5.7721	5.7721	6.11443	5.85145	5.31533	5.26712	5.52984	5.23067	5.26712	5.51544	5.48067	5.2215	4.73063	4.77099	5.04748	4.82427	4.59	4.77099	5.01895	4.98064	4.96778	4.67284	4.48069	4.23086	4.78096	4.78096	4.18136	4.18136	4.09232	4.26097	3.69293	3.38462	2.89339	2.7334	3.58709	3.58709	2.7334	2.95926	3.59155	2.44123	2.53813	2.53813	2.22031	3.09714	2.36081	2.22031	3.13323	2.95919	1.83085	1.80426	1.61587	1.43641	2.73329	1.83082	1.83082	2.73329	2.73329	1.83082	1.83082	1.83082	1.44758	2.73916	1.60584	1.53402	3.05006	3.20916	1.83082	1.44758	1.30718	1.60584	2.98618	1.65525	1.83082	3.20916	1.83082	1.83082	2.73329	1.43641	1.83082	3.20916	1.83082	1.80424	3.2341	2.15405	1.80426	1.61587	1.80424	3.2341	3.35113	2.36081	2.22031	3.09714	2.36081	2.22031	2.00707	2.16152	3.48266	3.24899	2.27049	2.53813	3.6579	2.53813	2.27049	2.27049	2.53813	3.6579	2.53813	2.22031	3.09714	3.48266	2.53813	2.53813	2.53813	2.53813	3.6579	2.53813	2.53813	2.53813	3.69714	3.57359	2.53809	2.53809	2.1615	3.37021	1.83082	1.83082	1.83082	1.83082	3.20916	3.20916	1.83082	1.83082	3.20916	1.83082	2.27042	2.27042	1.83082	3.20916	1.83082	1.83082	2.8087	2.73916	1.60584	1.60584	1.60584	1.13565	2.58825	1.60584	1.60584	2.69179	2.55069	1.44755	1.20452	1.14975	1.52346	2.53805	1.01578	1.52346	2.66778	1.20452	1.44755	2.92089	1.52346	1.52346	3.04478	1.52346	1.14975	2.69179	1.60584	1.44755	1.40232	1.52346	3.04478	3.04478	1.52346	2.03091	3.55104	1.52346	1.52346	1.52346	1.9083	3.56006	3.17392	1.52346	1.9083	3.44555	1.60584	2.007	2.10106	1.87427	3.63144	3.53747	1.83082	2.27042	3.69276	1.83082	2.27042	2.27042	1.83082	3.69276	2.27042	1.83082	3.20916
17.5004	17.2076	17.2869	16.8446	15.8262	15.4996	15.8976	14.8024	14.5277	14.0631	13.6337	14.186	12.664	12.0764	12.2163	11.5821	10.5396	10.2079	9.96876	9.62053	10.0074	9.01251	8.77377	9.36669	9.11562	7.97881	8.15013	8.15013	8.56995	10.6498	8.34782	8.56995	11.3635	8.81454	8.56995	11.0019	10.6498	8.34782	8.40206	8.18275	7.8537	9.62033	7.56588	7.23348	7.23348	8.40943	8.22092	6.57383	6.57383	6.23975	6.63376	5.77149	5.77149	5.77149	5.77149	6.11379	5.94783	5.3744	5.23011	5.52926	5.26656	5.23011	5.48009	5.51485	5.36548	4.77049	4.73013	5.04694	4.88951	4.58952	4.73013	4.98011	5.01842	5.0564	4.67234	4.52284	4.27556	4.78046	4.78046	4.18092	4.18092	4.1694	4.39363	3.69254	3.53271	3.06562	2.73311	3.58671	3.58671	2.73311	2.95895	3.78251	2.56936	2.53786	2.53786	2.36056	3.09681	2.22007	2.36056	3.35077	2.95887	1.83066	1.97449	1.80405	1.43626	2.733	1.83062	1.83062	2.733	2.733	1.83062	1.83062	1.83062	1.65507	2.98586	1.60567	1.30704	2.8084	3.20882	1.83062	1.65507	1.53385	1.60567	2.73886	1.44742	1.83062	3.20882	1.83062	1.83062	2.733	1.43626	1.83062	3.20882	1.83062	1.6157	3.00733	2.15383	1.97449	1.80405	1.6157	3.00733	3.13289	2.22007	2.36056	3.09681	2.22007	2.36056	2.16129	2.00685	3.27325	3.24865	2.27025	2.53786	3.65751	2.53786	2.27025	2.27025	2.53786	3.65751	2.53786	2.36056	3.09681	3.27325	2.53786	2.53786	2.53786	2.53786	3.65751	2.53786	2.53786	2.53786	3.91571	3.79938	2.53782	2.53782	2.36052	3.60892	1.83062	1.83062	1.83062	1.83062	3.20882	3.20882	1.83062	1.83062	3.20882	1.83062	2.27018	2.27018	1.83062	3.20882	1.83062	1.83062	3.04974	2.98586	1.60567	1.60567	1.60567	1.13553	2.58797	1.60567	1.60567	2.9425	2.55042	1.20439	1.4474	1.40217	1.5233	2.53778	1.01567	1.5233	2.92058	1.4474	1.20439	2.6675	1.5233	1.5233	3.04446	1.5233	1.40217	2.9425	1.60567	1.20439	1.14963	1.5233	3.04446	3.04446	1.5233	2.0307	3.55066	1.5233	1.5233	1.5233	1.65505	3.55968	3.4265	1.5233	1.65505	3.19376	1.60567	1.76796	1.87407	2.10084	3.63106	3.29276	1.83062	2.27018	3.69237	1.83062	2.27018	2.27018	1.83062	3.69237	2.27018	1.83062	3.20882
2.53755	3.04419	5.56866	5.56866	3.04419	3.04419	6.07128	3.04419	3.55034	3.55034	3.04419	6.57296	3.55034	3.04419	5.06519	4.56092	2.53755	2.53755	2.53755	2.03052	4.56092	2.53755	2.53755	5.06519	5.06519	2.53755	3.04419	3.04419	4.05595	7.57322	3.55034	4.05595	8.56886	4.56092	4.05595	8.07165	7.57322	3.55034	4.05595	4.05595	3.04419	6.57296	3.55034	3.04419	3.04419	5.56866	5.56866	2.53755	2.53755	2.03052	3.55034	1.52317	1.52317	1.52317	1.52317	2.53755	2.53755	1.52317	0.507829	1.52317	1.01558	0.507829	0.507829	1.01558	2.03052	1.01558	0.507829	1.52317	1.52317	0.507829	0.507829	0.507829	1.01558	2.03052	1.01558	1.01558	1.01558	2.53755	2.53755	1.01558	1.01558	1.52317	2.53755	1.01558	1.52317	1.52317	1.01558	2.53755	2.53755	1.01558	1.52317	3.04419	1.52317	1.52317	1.52317	1.52317	2.53755	1.01558	1.52317	3.04419	2.53755	1.01558	1.52317	1.52317	1.01558	2.53755	1.52317	1.52317	2.53755	2.53755	1.52317	1.52317	1.52317	1.52317	3.04419	1.52317	1.01558	2.53755	3.04419	1.52317	1.52317	1.52317	1.52317	2.53755	1.01558	1.52317	3.04419	1.52317	1.52317	2.53755	1.01558	1.52317	3.04419	1.52317	1.01558	2.53755	1.52317	1.52317	1.52317	1.01558	2.53755	2.53755	1.01558	1.52317	2.53755	1.01558	1.52317	1.52317	1.01558	2.53755	2.53755	1.01558	1.52317	3.04419	1.52317	1.01558	1.01558	1.52317	3.04419	1.52317	1.52317	2.53755	2.53755	1.52317	1.52317	1.52317	1.52317	3.04419	1.52317	1.52317	1.52317	3.55034	3.55034	2.03052	2.03052	2.03052	3.55034	1.52317	1.52317	1.52317	1.52317	3.04419	3.04419	1.52317	1.52317	3.04419	1.52317	2.03052	2.03052	1.52317	3.04419	1.52317	1.52317	3.04419	3.04419	1.52317	1.52317	1.52317	1.01558	2.53755	1.52317	1.52317	3.04419	2.53755	1.01558	1.52317	1.52317	1.52317	2.53755	1.01558	1.52317	3.04419	1.52317	1.01558	2.53755	1.52317	1.52317	3.04419	1.52317	1.52317	3.04419	1.52317	1.01558	1.01558	1.52317	3.04419	3.04419	1.52317	2.03052	3.55034	1.52317	1.52317	1.52317	1.52317	3.55034	3.55034	1.52317	1.52317	3.04419	1.52317	1.52317	1.52317	2.03052	3.55034	3.04419	1.52317	2.03052	3.55034	1.52317	2.03052	2.03052	1.52317	3.55034	2.03052	1.52317	3.04419
2.53728	3.04386	5.56808	5.56808	3.04386	3.04386	6.07064	3.04386	3.54997	3.54997	3.04386	6.57227	3.54997	3.04386	5.06465	4.56044	2.53728	2.53728	2.53728	2.0303	4.56044	2.53728	2.53728	5.06465	5.06465	2.53728	3.04386	3.04386	4.05552	7.57242	3.54997	4.05552	8.56796	4.56044	4.05552	8.0708	7.57242	3.54997	4.05552	4.05552	3.04386	6.57227	3.54997	3.04386	3.04386	5.56808	5.56808	2.53728	2.53728	2.0303	3.54997	1.52301	1.52301	1.52301	1.52301	2.53728	2.53728	1.52301	0.507775	1.52301	1.01547	0.507775	0.507775	1.01547	2.0303	1.01547	0.507775	1.52301	1.52301	0.507775	0.507775	0.507775	1.01547	2.0303	1.01547	1.01547	1.01547	2.53728	2.53728	1.01547	1.01547	1.52301	2.53728	1.01547	1.52301	1.52301	1.01547	2.53728	2.53728	1.01547	1.52301	3.04386	1.52301	1.52301	1.52301	1.52301	2.53728	1.01547	1.52301	3.04386	2.53728	1.01547	1.52301	1.52301	1.01547	2.53728	1.52301	1.52301	2.53728	2.53728	1.52301	1.52301	1.52301	1.52301	3.04386	1.52301	1.01547	2.53728	3.04386	1.52301	1.52301	1.52301	1.52301	2.53728	1.01547	1.52301	3.04386	1.52301	1.52301	2.53728	1.01547	1.52301	3.04386	1.52301	1.01547	2.53728	1.52301	1.52301	1.52301	1.01547	2.53728	2.53728	1.01547	1.52301	2.53728	1.01547	1.52301	1.52301	1.01547	2.53728	2.53728	1.01547	1.52301	3.04386	1.52301	1.01547	1.01547	1.52301	3.04386	1.52301	1.52301	2.53728	2.53728	1.52301	1.52301	1.52301	1.52301	3.04386	1.52301	1.52301	1.52301	3.54997	3.54997	2.0303	2.0303	2.0303	3.54997	1.52301	1.52301	1.52301	1.52301	3.04386	3.04386	1.52301	1.52301	3.04386	1.52301	2.0303	2.0303	1.52301	3.04386	1.52301	1.52301	3.04386	3.04386	1.52301	1.52301	1.52301	1.01547	2.53728	1.52301	1.52301	3.04386	2.53728	1.01547	1.52301	1.52301	1.52301	2.53728	1.01547	1.52301	3.04386	1.52301	1.01547	2.53728	1.52301	1.52301	3.04386	1.52301	1.52301	3.04386	1.52301	1.01547	1.01547	1.52301	3.04386	3.04386	1.52301	2.0303	3.54997	1.52301	1.52301	1.52301	1.52301	3.54997	3.54997	1.52301	1.52301	3.04386	1.52301	1.52301	1.52301	2.0303	3.54997	3.04386	1.52301	2.0303	3.54997	1.52301	2.0303	2.0303	1.52301	3.54997	2.0303	1.52301	3.04386
2.53706	3.04359	5.56759	5.56759	3.04359	3.04359	6.07011	3.04359	3.54965	3.54965	3.04359	6.57169	3.54965	3.04359	5.0642	4.56004	2.53706	2.53706	2.53706	2.03012	4.56004	2.53706	2.53706	5.0642	5.0642	2.53706	3.04359	3.04359	4.05516	7.57176	3.54965	4.05516	8.56721	4.56004	4.05516	8.0701	7.57176	3.54965	4.05516	4.05516	3.04359	6.57169	3.54965	3.04359	3.04359	5.56759	5.56759	2.53706	2.53706	2.03012	3.54965	1.52287	1.52287	1.52287	1.52287	2.53706	2.53706	1.52287	0.50773	1.52287	1.01538	0.50773	0.50773	1.01538	2.03012	1.01538	0.50773	1.52287	1.52287	0.50773	0.50773	0.50773	1.01538	2.03012	1.01538	1.01538	1.01538	2.53706	2.53706	1.01538	1.01538	1.52287	2.53706	1.01538	1.52287	1.52287	1.01538	2.53706	2.53706	1.01538	1.52287	3.04359	1.52287	1.52287	1.52287	1.52287	2.53706	1.01538	1.52287	3.04359	2.53706	1.01538	1.52287	1.52287	1.01538	2.53706	1.52287	1.52287	2.53706	2.53706	1.52287	1.52287	1.52287	1.52287	3.04359	1.52287	1.01538	2.53706	3.04359	1.52287	1.52287	1.52287	1.52287	2.53706	1.01538	1.52287	3.04359	1.52287	1.52287	2.53706	1.01538	1.52287	3.04359	1.52287	1.01538	2.53706	1.52287	1.52287	1.52287	1.01538	2.53706	2.53706	1.01538	1.52287	2.53706	1.01538	1.52287	1.52287	1.01538	2.53706	2.53706	1.01538	1.52287	3.04359	1.52287	1.01538	1.01538	1.52287	3.04359	1.52287	1.52287	2.53706	2.53706	1.52287	1.52287	1.52287	1.52287	3.04359	1.52287	1.52287	1.52287	3.54965	3.54965	2.03012	2.03012	2.03012	3.54965	1.52287	1.52287	1.52287	1.52287	3.04359	3.04359	1.52287	1.52287	3.04359	1.52287	2.03012	2.03012	1.52287	3.04359	1.52287	1.52287	3.04359	3.04359	1.52287	1.52287	1.52287	1.01538	2.53706	1.52287	1.52287	3.04359	2.53706	1.01538	1.52287	1.52287	1.52287	2.53706	1.01538	1.52287	3.04359	1.52287	1.01538	2.53706	1.52287	1.52287	3.04359	1.52287	1.52287	3.04359	1.52287	1.01538	1.01538	1.52287	3.04359	3.04359	1.52287	2.03012	3.54965	1.52287	1.52287	1.52287	1.52287	3.54965	3.54965	1.52287	1.52287	3.04359	1.52287	1.52287	1.52287	2.03012	3.54965	3.04359	1.52287	2.03012	3.54965	1.52287	2.03012	2.03012	1.52287	3.54965	2.03012	1.52287	3.04359
17.5268	17.3737	17.5015	16.5643	14.9858	14.5225	14.8169	12.8074	12.3304	11.869	11.1764	12.0088	9.87145	9.39316	9.79577	8.94137	7.6644	7.50462	7.50462	7.18708	7.92045	6.57141	6.57141	7.8986	8.12005	7.3455	7.68692	7.68692	8.17975	10.4725	8.34476	8.56681	11.35	9.07119	9.00742	11.3379	10.9979	8.79718	9.00742	9.00742	8.53943	10.1494	8.34476	8.07947	7.85082	8.9657	8.9657	7.50462	7.50462	7.35194	7.84279	6.8933	6.74258	6.74258	6.74258	6.96623	6.80326	6.59309	6.4768	6.40793	6.15297	5.97765	5.7279	5.65807	5.92156	5.65807	5.47806	5.52721	5.52721	5.22818	5.08915	5.08915	5.16376	5.45181	5.16376	5.16376	5.16376	5.60435	5.3842	4.57734	4.33342	4.32972	4.74179	3.84838	3.86083	3.86083	3.60773	4.13697	3.9469	2.89754	2.95785	3.95902	2.95785	2.9196	2.71436	2.53692	3.27204	2.00611	2.16049	3.481	3.30616	1.79445	1.82994	1.82994	1.43573	2.73199	1.82994	1.82994	2.80736	2.73785	1.60507	1.60507	1.60507	1.53328	3.04861	1.82994	1.44688	2.73785	3.08523	1.60507	1.60507	1.60507	1.53328	2.64839	1.30656	1.53328	3.04861	1.82994	1.80338	2.83583	1.6151	1.80338	3.23255	2.15302	1.82998	2.91954	2.35968	2.53692	2.53692	2.2694	3.2326	3.41124	2.44007	2.5684	3.40654	2.73209	2.95785	2.95785	2.73209	3.58538	3.58538	2.73209	2.95785	3.94688	3.23266	3.13183	2.89754	2.95785	3.95902	2.95785	2.95785	3.58983	3.4253	2.53692	2.53692	2.53692	2.5684	3.78111	2.95785	2.9196	2.71436	4.04301	4.18306	3.24748	3.24748	3.23262	4.25883	2.53692	2.51784	2.33225	2.15302	3.4625	3.3686	1.82994	1.82994	3.20763	1.82994	2.21919	2.35964	2.16047	3.3686	1.82994	1.82994	3.20763	3.20763	1.82994	1.82994	1.82994	1.44688	2.73785	1.60507	1.60507	3.08523	2.6905	1.1492	1.40165	1.44686	1.60507	2.6905	1.1492	1.52274	3.04332	1.52274	1.1492	2.54947	1.40165	1.52274	3.04332	1.52274	1.52274	3.04332	1.52274	1.1492	1.20394	1.60507	3.08523	3.08523	1.60507	1.94083	3.42523	1.52274	1.52274	1.52274	1.52274	3.42523	3.55836	1.65443	1.52274	3.04332	1.52274	1.52274	1.52274	1.90739	3.4439	3.08523	1.60507	2.00604	3.62971	1.76731	2.00604	2.10005	1.82994	3.60758	2.35964	2.15302	3.40178
17.5606	17.4144	17.8332	17.0237	15.0936	14.6344	15.3788	13.0158	12.4852	12.0305	11.4188	12.5982	9.96403	9.57554	10.2211	9.21493	7.75333	7.50383	7.50383	7.35971	8.23038	6.57072	6.57072	7.74512	7.83592	7.26707	7.68611	7.68611	8.06305	10.2993	8.34389	8.56591	11.1695	8.95266	9.00648	11.3367	10.9968	8.79626	9.00648	9.00648	8.63319	10.3112	8.34389	8.17891	7.95332	8.96477	8.96477	7.50383	7.50383	7.35117	7.96119	6.95644	6.74187	6.74187	6.74187	7.06451	6.80254	6.54421	6.50539	6.47609	6.15232	6.0088	5.76049	5.65747	5.92094	5.65747	5.51223	5.52663	5.52663	5.26406	5.08861	5.08861	5.16322	5.45124	5.16322	5.16322	5.16322	5.72722	5.51216	4.64611	4.40611	4.32926	4.88711	3.9303	3.86042	3.86042	3.6951	4.30326	4.12101	3.00599	2.95754	3.9586	2.95754	3.06935	2.87494	2.53665	3.48063	2.16026	2.00589	3.27169	3.74235	2.18244	1.82975	1.82975	1.43557	2.7317	1.82975	1.82975	3.04828	2.98444	1.6049	1.6049	1.6049	1.30642	2.80706	1.82975	1.65428	2.98444	3.0849	1.6049	1.6049	1.6049	1.30642	2.64811	1.53312	1.30642	2.80706	1.82975	1.61493	2.83553	1.80319	1.61493	3.0059	2.1528	1.82978	2.71404	2.21901	2.53665	2.53665	2.26916	3.04835	3.41087	2.56813	2.43981	3.23227	2.7318	2.95754	2.95754	2.7318	3.585	3.585	2.7318	2.95754	3.76374	3.13149	3.23232	3.00599	2.95754	3.9586	2.95754	2.95754	3.78071	3.62497	2.53665	2.53665	2.53665	2.43981	3.58945	2.95754	3.06935	2.87494	3.83117	3.97876	3.24713	3.24713	3.40618	4.4779	2.53665	2.69028	2.51755	2.1528	3.69496	3.6072	1.82975	1.82975	3.20729	1.82975	2.00585	2.16024	2.35939	3.6072	1.82975	1.82975	3.20729	3.20729	1.82975	1.82975	1.82975	1.65428	2.98444	1.6049	1.6049	3.0849	2.9411	1.4015	1.14908	1.20381	1.6049	2.9411	1.4015	1.52257	3.043	1.52257	1.4015	2.5492	1.14908	1.52257	3.043	1.52257	1.52257	3.043	1.52257	1.4015	1.44671	1.6049	3.0849	3.0849	1.6049	1.69272	3.17207	1.52257	1.52257	1.52257	1.52257	3.17207	3.55798	1.90719	1.52257	3.043	1.52257	1.52257	1.52257	1.65426	3.19223	3.0849	1.6049	1.76712	3.62933	2.00583	1.76712	1.87317	1.82975	3.36825	2.16024	2.1528	3.40142
3.04273	3.54865	7.56964	8.06784	4.05402	4.05402	8.56482	4.55875	4.55875	4.55875	4.55875	8.56482	4.05402	4.05402	6.56984	5.56602	3.04273	2.53634	2.53634	3.04273	5.56602	2.53634	2.53634	4.55875	4.05402	2.02955	3.04273	3.04273	3.54865	7.07028	3.54865	4.05402	8.06784	4.05402	4.05402	8.06784	7.56964	3.54865	4.05402	4.05402	3.54865	7.07028	3.54865	3.54865	3.54865	5.56602	5.56602	2.53634	2.53634	2.02955	4.05402	2.02955	1.52244	1.52244	1.52244	3.04273	2.53634	1.01509	1.01509	2.02955	1.01509	1.01509	1.01509	1.01509	2.02955	1.01509	1.01509	1.52244	1.52244	1.01509	0.507586	0.507586	1.01509	2.02955	1.01509	1.01509	1.01509	3.04273	3.04273	1.52244	1.52244	1.52244	3.04273	1.52244	1.52244	1.52244	1.52244	3.04273	3.04273	1.52244	1.52244	3.04273	1.52244	2.02955	2.02955	1.52244	3.04273	1.52244	1.01509	2.53634	3.54865	2.02955	1.52244	1.52244	1.01509	2.53634	1.52244	1.52244	3.04273	3.04273	1.52244	1.52244	1.52244	1.01509	2.53634	1.52244	1.52244	3.04273	3.04273	1.52244	1.52244	1.52244	1.01509	2.53634	1.52244	1.01509	2.53634	1.52244	1.01509	2.53634	1.52244	1.01509	2.53634	1.52244	1.01509	2.02955	1.01509	1.52244	1.52244	1.01509	2.02955	2.53634	1.52244	1.01509	2.02955	1.01509	1.52244	1.52244	1.01509	2.53634	2.53634	1.01509	1.52244	2.53634	1.01509	1.52244	1.52244	1.52244	3.04273	1.52244	1.52244	3.04273	3.04273	1.52244	1.52244	1.52244	1.01509	2.53634	1.52244	2.02955	2.02955	3.04273	3.04273	2.02955	2.02955	2.53634	4.05402	1.52244	2.02955	2.02955	1.52244	3.54865	3.54865	1.52244	1.52244	3.04273	1.52244	1.52244	1.52244	2.02955	3.54865	1.52244	1.52244	3.04273	3.04273	1.52244	1.52244	1.52244	1.52244	3.04273	1.52244	1.52244	3.04273	3.04273	1.52244	1.01509	1.01509	1.52244	3.04273	1.52244	1.52244	3.04273	1.52244	1.52244	2.53634	1.01509	1.52244	3.04273	1.52244	1.52244	3.04273	1.52244	1.52244	1.52244	1.52244	3.04273	3.04273	1.52244	1.52244	3.04273	1.52244	1.52244	1.52244	1.52244	3.04273	3.54865	2.02955	1.52244	3.04273	1.52244	1.52244	1.52244	1.52244	3.04273	3.04273	1.52244	1.52244	3.54865	2.02955	1.52244	1.52244	1.52244	3.04273	1.52244	1.52244	3.04273
3.04241	3.54827	7.56884	8.06699	4.05359	4.05359	8.56392	4.55827	4.55827	4.55827	4.55827	8.56392	4.05359	4.05359	6.56915	5.56543	3.04241	2.53607	2.53607	3.04241	5.56543	2.53607	2.53607	4.55827	4.05359	2.02933	3.04241	3.04241	3.54827	7.06954	3.54827	4.05359	8.06699	4.05359	4.05359	8.06699	7.56884	3.54827	4.05359	4.05359	3.54827	7.06954	3.54827	3.54827	3.54827	5.56543	5.56543	2.53607	2.53607	2.02933	4.05359	2.02933	1.52228	1.52228	1.52228	3.04241	2.53607	1.01498	1.01498	2.02933	1.01498	1.01498	1.01498	1.01498	2.02933	1.01498	1.01498	1.52228	1.52228	1.01498	0.507532	0.507532	1.01498	2.02933	1.01498	1.01498	1.01498	3.04241	3.04241	1.52228	1.52228	1.52228	3.04241	1.52228	1.52228	1.52228	1.52228	3.04241	3.04241	1.52228	1.52228	3.04241	1.52228	2.02933	2.02933	1.52228	3.04241	1.52228	1.01498	2.53607	3.54827	2.02933	1.52228	1.52228	1.01498	2.53607	1.52228	1.52228	3.04241	3.04241	1.52228	1.52228	1.52228	1.01498	2.53607	1.52228	1.52228	3.04241	3.04241	1.52228	1.52228	1.52228	1.01498	2.53607	1.52228	1.01498	2.53607	1.52228	1.01498	2.53607	1.52228	1.01498	2.53607	1.52228	1.01498	2.02933	1.01498	1.52228	1.52228	1.01498	2.02933	2.53607	1.52228	1.01498	2.02933	1.01498	1.52228	1.52228	1.01498	2.53607	2.53607	1.01498	1.52228	2.53607	1.01498	1.52228	1.52228	1.52228	3.04241	1.52228	1.52228	3.04241	3.04241	1.52228	1.52228	1.52228	1.01498	2.53607	1.52228	2.02933	2.02933	3.04241	3.04241	2.02933	2.02933	2.53607	4.05359	1.52228	2.02933	2.02933	1.52228	3.54827	3.54827	1.52228	1.52228	3.04241	1.52228	1.52228	1.52228	2.02933	3.54827	1.52228	1.52228	3.04241	3.04241	1.52228	1.52228	1.52228	1.52228	3.04241	1.52228	1.52228	3.04241	3.04241	1.52228	1.01498	1.01498	1.52228	3.04241	1.52228	1.52228	3.04241	1.52228	1.52228	2.53607	1.01498	1.52228	3.04241	1.52228	1.52228	3.04241	1.52228	1.52228	1.52228	1.52228	3.04241	3.04241	1.52228	1.52228	3.04241	1.52228	1.52228	1.52228	1.52228	3.04241	3.54827	2.02933	1.52228	3.04241	1.52228	1.52228	1.52228	1.52228	3.04241	3.04241	1.52228	1.52228	3.54827	2.02933	1.52228	1.52228	1.52228	3.04241	1.52228	1.52228	3.04241
17.8625	17.1919	17.4357	16.303	13.5446	12.792	14.0915	10.603	9.95501	9.31808	8.665	11.0047	6.08824	5.41442	7.42765	6.15546	3.5705	3.00505	2.89631	3.13049	5.52482	3.06845	3.23134	5.03978	4.73986	3.47972	4.31318	4.70955	5.39388	8.17832	5.99644	6.4937	9.5564	7.10701	7.31681	10.1591	10.1348	7.62025	7.70026	7.70026	7.40242	9.43883	7.28231	7.45117	7.45117	8.57802	8.57802	7.03345	7.03345	6.78902	7.48906	6.71412	6.64788	6.40545	6.25281	6.83537	6.80063	6.29574	6.15059	6.39307	6.15059	6.04921	5.80282	5.65588	5.99651	6.00711	6.25535	6.49624	6.40545	6.15059	5.97534	5.72568	5.55664	5.54802	4.8201	4.57557	4.33174	5.03988	4.8464	3.79662	3.57061	3.34832	4.13532	2.9567	2.9567	2.9567	2.9567	3.95749	3.95749	2.9567	2.91846	3.83009	2.53593	2.86853	2.86853	2.53593	3.65473	2.53593	2.21839	3.17626	3.76685	2.35872	2.15219	2.15219	1.8027	2.89631	1.82923	1.82923	3.20638	3.20638	1.82923	1.82923	1.82923	1.44632	2.73678	1.60445	1.60445	3.08403	3.08403	1.60445	1.60445	1.60445	1.13467	2.49114	1.65381	1.44632	2.64736	1.65381	1.43517	2.73092	1.82923	1.43517	2.6655	1.97299	1.82926	2.53589	1.82926	2.15965	2.35876	2.26852	2.86853	3.23134	2.7834	2.73103	3.24622	2.73103	2.9567	2.9567	2.73103	3.58846	3.76694	2.89642	3.00514	3.76694	2.89642	2.9567	2.9567	3.00514	4.11985	3.40056	3.40056	4.29832	4.29832	3.40056	3.40056	3.40056	3.13061	3.76268	2.9567	3.27082	3.47972	4.30202	4.13532	3.24622	3.24622	3.58846	4.91493	3.13059	3.24622	3.24622	2.91846	4.25717	4.08472	2.53593	2.51686	3.5705	2.15219	2.15219	2.15219	2.53589	3.85919	2.15219	2.15219	3.40045	3.46115	2.00529	1.82923	1.82923	1.82923	3.29026	1.76662	1.60445	3.08403	3.08403	1.60445	1.20347	1.14875	1.52214	3.04214	1.52214	1.52214	3.04214	1.52214	1.52214	2.66547	1.20347	1.60445	3.08403	1.60445	1.60445	3.08403	1.60445	1.60445	1.60445	1.4463	2.91836	3.04214	1.52214	1.52214	3.04214	1.52214	1.52214	1.52214	1.52214	3.04214	3.4239	1.94008	1.60445	3.08403	1.60445	1.60445	1.60445	1.60445	3.08403	3.08403	1.60445	1.60445	3.58389	2.09155	1.60445	1.60445	1.53269	3.04742	1.82923	1.82923	3.20638
18.0025	17.4271	18.2534	17.0854	13.7921	13.1613	15.2433	10.9608	10.3374	9.7277	9.27542	12.7244	6.86917	5.82124	8.12949	6.63033	3.79616	3.23101	3.13021	2.89605	5.04245	2.87386	3.04722	4.8195	4.53297	3.34802	4.00539	4.42975	5.23776	7.76848	5.8567	6.3452	9.15723	6.97194	7.18582	9.7863	10.1339	7.74232	7.69958	7.69958	7.52822	9.43801	7.16827	7.45052	7.45052	8.57727	8.57727	7.03283	7.03283	6.87166	7.48841	6.64729	6.71354	6.4737	6.25226	6.73231	6.80003	6.3453	6.15005	6.39251	6.15005	6.10087	5.85677	5.65538	5.92144	5.97481	6.22434	6.49567	6.4737	6.15005	6.00658	5.75836	5.61307	5.77207	4.88538	4.64439	4.40448	5.20115	5.01406	3.9125	3.6937	3.47941	4.33123	2.95644	2.95644	2.95644	2.95644	3.95714	3.95714	2.95644	3.06821	4.04108	2.53571	2.86828	2.86828	2.53571	3.65441	2.53571	2.35855	3.62801	3.76652	2.15944	2.152	2.152	1.97281	3.13021	1.82906	1.82906	3.2061	3.2061	1.82906	1.82906	1.82906	1.65367	2.98333	1.6043	1.6043	3.08375	3.08375	1.6043	1.6043	1.6043	1.13457	2.24689	1.44619	1.65367	2.64712	1.44619	1.43504	2.73068	1.82906	1.43504	2.43883	1.80254	1.8291	2.53567	1.8291	2.00515	2.21819	2.26832	2.86828	3.04722	2.66535	2.73079	3.24593	2.73079	2.95644	2.95644	2.73079	3.4237	3.76661	3.00487	2.89616	3.76661	3.00487	2.95644	2.95644	2.89616	3.94502	3.40026	3.40026	4.29794	4.29794	3.40026	3.40026	3.40026	3.23112	3.945	2.95644	3.13031	3.34802	4.49053	4.33123	3.24593	3.24593	3.4237	4.9145	3.27053	3.24593	3.24593	3.06821	4.47624	4.08436	2.53571	2.68928	3.79616	2.152	2.152	2.152	2.53567	3.85885	2.152	2.152	3.40015	3.69359	2.21813	1.82906	1.82906	1.82906	3.53409	2.00509	1.6043	3.08375	3.08375	1.6043	1.44617	1.40098	1.52201	3.04187	1.52201	1.52201	3.04187	1.52201	1.52201	2.9181	1.44617	1.6043	3.08375	1.6043	1.6043	3.08375	1.6043	1.6043	1.6043	1.20337	2.66524	3.04187	1.52201	1.52201	3.04187	1.52201	1.52201	1.52201	1.52201	3.04187	3.17089	1.69209	1.6043	3.08375	1.6043	1.6043	1.6043	1.6043	3.08375	3.08375	1.6043	1.6043	3.58358	2.09137	1.6043	1.6043	1.30593	2.80602	1.82906	1.82906	3.2061
4.55698	5.56386	11.0247	11.0247	5.56386	6.06605	11.9991	6.06605	6.06605	6.06605	6.56731	12.4837	6.06605	5.06081	8.06474	6.56731	3.54727	3.04155	3.04155	2.53535	4.55698	2.02876	2.02876	4.05244	3.54727	1.52185	2.02876	2.02876	3.04155	6.06605	3.04155	3.54727	7.06756	3.54727	3.54727	7.06756	7.56672	4.05244	4.05244	4.05244	4.05244	7.06756	3.04155	3.54727	3.54727	5.56386	5.56386	2.53535	2.53535	2.53535	4.05244	1.52185	2.02876	2.02876	1.52185	2.53535	2.53535	1.52185	1.0147	2.02876	1.0147	1.52185	1.52185	1.0147	1.52185	0.507388	0.507388	1.52185	2.02876	1.0147	1.0147	1.0147	1.52185	3.04155	1.52185	1.52185	1.52185	3.54727	3.54727	2.02876	2.02876	2.02876	3.54727	1.52185	1.52185	1.52185	1.52185	3.04155	3.04155	1.52185	2.02876	3.54727	1.52185	2.02876	2.02876	1.52185	3.04155	1.52185	1.52185	3.54727	3.54727	1.52185	1.52185	1.52185	1.52185	3.04155	1.52185	1.52185	3.04155	3.04155	1.52185	1.52185	1.52185	1.52185	3.04155	1.52185	1.52185	3.04155	3.04155	1.52185	1.52185	1.52185	1.0147	2.02876	1.0147	1.52185	2.53535	1.0147	1.0147	2.53535	1.52185	1.0147	2.02876	1.0147	1.0147	2.02876	1.0147	1.0147	1.0147	1.0147	2.02876	2.02876	1.0147	1.0147	2.02876	1.0147	1.52185	1.52185	1.0147	2.02876	2.53535	1.52185	1.0147	2.53535	1.52185	1.52185	1.52185	1.0147	2.53535	1.52185	1.52185	3.04155	3.04155	1.52185	1.52185	1.52185	1.52185	3.04155	1.52185	1.52185	1.52185	3.54727	3.54727	2.02876	2.02876	2.02876	4.05244	2.02876	2.02876	2.02876	2.02876	4.05244	3.54727	1.52185	2.02876	3.54727	1.52185	1.52185	1.52185	2.02876	3.54727	1.52185	1.52185	3.04155	3.54727	2.02876	1.52185	1.52185	1.52185	3.54727	2.02876	1.52185	3.04155	3.04155	1.52185	1.52185	1.52185	1.52185	3.04155	1.52185	1.52185	3.04155	1.52185	1.52185	3.04155	1.52185	1.52185	3.04155	1.52185	1.52185	3.04155	1.52185	1.52185	1.52185	1.0147	2.53535	3.04155	1.52185	1.52185	3.04155	1.52185	1.52185	1.52185	1.52185	3.04155	3.04155	1.52185	1.52185	3.04155	1.52185	1.52185	1.52185	1.52185	3.04155	3.04155	1.52185	1.52185	3.54727	2.02876	1.52185	1.52185	1.0147	2.53535	1.52185	1.52185	3.04155
20.1718	18.7928	19.5533	17.0779	10.9531	9.94591	14.2961	7.182	6.64331	6.56673	6.72132	12.8921	6.55712	5.61175	8.68032	7.45307	5.01307	4.66739	4.66739	4.18033	5.43926	3.65377	3.47873	4.56365	3.86641	2.15904	2.53518	2.53518	3.06232	5.58617	2.79974	3.47861	6.89066	3.69287	3.79542	7.107	7.73448	4.88428	5.02258	5.36573	5.73225	8.34837	5.64577	5.79014	5.99475	7.49946	7.49946	5.6006	5.3806	5.26104	6.29385	5.2822	5.52062	5.75722	5.85564	6.40363	6.63647	6.58869	6.64364	6.86805	6.64364	6.9321	7.42377	7.52687	7.28249	6.72167	6.36152	6.07625	5.84476	5.30924	5.16031	5.16031	5.2822	5.85557	4.96209	4.80216	4.80216	5.74609	5.55496	4.4755	4.25608	4.08367	5.01307	3.5696	3.34737	3.1297	2.95586	3.95637	3.95637	2.95586	3.2699	4.50738	3.1297	3.2453	3.2453	2.91764	3.86641	2.33068	2.15902	3.76579	3.69287	2.15158	2.15902	2.00472	1.82871	3.28933	1.76612	1.60399	3.19043	3.17028	1.52171	1.52171	1.52171	1.52171	3.04128	1.52171	1.52171	3.04128	3.04128	1.52171	1.40071	1.44589	1.20313	2.15897	1.01461	1.40071	2.43833	1.13435	1.13435	2.49043	1.65335	1.43476	2.26781	1.43476	1.43476	2.26781	1.43476	1.44593	1.65338	1.82875	2.53518	2.53518	1.82875	1.82875	2.53518	1.82875	2.15158	2.15158	1.82875	2.53518	2.95579	2.15158	1.82875	2.91758	2.35809	2.53521	2.53521	2.21776	3.09358	2.35809	2.53521	3.69289	3.56949	2.15158	2.15158	2.15158	2.15158	3.39949	2.15158	2.15902	2.00472	3.68852	3.68852	2.26781	2.26781	2.26781	4.17637	2.26781	2.26781	2.26781	2.2177	4.16489	3.8581	2.15158	2.50975	4.00454	2.95586	2.95586	2.95586	3.2699	4.50738	3.1297	2.89002	3.79542	3.84563	2.26781	1.87211	1.76612	1.60399	3.58288	2.09096	1.60399	3.08315	3.19043	1.65332	1.52171	1.52171	1.52171	3.04128	1.52171	1.52171	2.91753	1.44589	1.60399	3.19043	1.65332	1.52171	3.04128	1.52171	1.40071	2.93943	1.60399	1.60399	1.60399	1.20313	2.66472	3.04128	1.52171	1.52171	3.04128	1.52171	1.52171	1.52171	1.40071	2.93943	3.08315	1.60399	1.60399	3.08315	1.60399	1.60399	1.60399	1.60399	3.08315	3.08315	1.60399	1.60399	3.47861	2.09864	1.82871	1.82871	1.44591	2.73601	1.60399	1.60399	3.08315
20.7202	19.3796	21.8513	19.7604	12.0288	11.2059	17.2155	8.61083	7.63144	7.56527	6.9696	13.6092	7.03941	5.84394	9.1544	7.91021	5.19959	4.66694	4.66694	4.04001	5.23615	3.65343	3.34706	4.15301	3.44595	2.00457	2.53492	2.53492	2.60974	4.58402	2.29568	3.23002	6.39526	3.45982	3.56912	6.62836	7.26411	4.68393	4.65323	5.02214	5.41246	8.14261	5.7896	5.64524	5.85502	7.49873	7.49873	5.72346	5.50854	5.15054	6.14044	5.28173	5.43893	5.67898	5.80068	6.31347	6.54958	6.53995	6.64306	6.86743	6.64306	6.85827	7.35499	7.56786	7.41885	6.74921	6.44005	6.24032	5.94112	5.36834	5.15985	5.15985	5.28173	5.99419	5.05069	4.80173	4.80173	5.90889	5.72338	4.60161	4.38864	4.0833	5.19959	3.69264	3.47841	3.26959	2.95559	3.95598	3.95598	2.95559	3.12941	4.50694	3.26959	3.24499	3.24499	3.06732	4.30403	2.51588	2.35782	3.7654	3.45982	2.15137	2.35782	2.21748	1.82852	3.53304	2.00449	1.60382	3.44123	3.42256	1.52155	1.52155	1.52155	1.52155	3.04096	1.52155	1.52155	3.04096	3.04096	1.52155	1.1483	1.20301	1.44574	2.4116	1.0145	1.1483	2.18829	1.13423	1.13423	2.24622	1.44577	1.43462	2.26757	1.43462	1.43462	2.26757	1.43462	1.30559	1.53217	1.82857	2.53492	2.53492	1.82857	1.82857	2.53492	1.82857	2.15137	2.15137	1.82857	2.53492	2.95549	2.15137	1.82857	2.71223	2.21755	2.53497	2.53497	2.35787	3.09327	2.21755	2.53497	3.91123	3.79503	2.15137	2.15137	2.15137	2.15137	3.39914	2.15137	2.35782	2.21748	3.68814	3.68814	2.26757	2.26757	2.26757	4.17593	2.26757	2.26757	2.26757	2.00452	3.92751	3.8577	2.15137	2.18104	3.60042	2.95559	2.95559	2.95559	3.12941	4.50694	3.26959	3.22516	4.48912	4.08701	2.26757	2.09843	2.00449	1.60382	3.5825	2.09074	1.60382	3.08283	3.44123	1.90591	1.52155	1.52155	1.52155	3.04096	1.52155	1.52155	2.66444	1.20301	1.60382	3.44123	1.90591	1.52155	3.04096	1.52155	1.1483	2.68841	1.60382	1.60382	1.60382	1.44574	2.91722	3.04096	1.52155	1.52155	3.04096	1.52155	1.52155	1.52155	1.1483	2.68841	3.08283	1.60382	1.60382	3.08283	1.60382	1.60382	1.60382	1.60382	3.08283	3.08283	1.60382	1.60382	3.23002	1.87192	1.82852	1.82852	1.65318	2.98243	1.60382	1.60382	3.08283
8.55914	9.0545	18.1374	18.1374	9.0545	9.54851	18.1374	9.0545	8.06248	8.06248	7.06557	13.9226	7.06557	5.5623	9.0545	7.5646	4.0513	3.04069	3.04069	2.02818	4.0513	2.02818	1.52142	3.04069	2.53463	1.01441	2.02818	2.02818	2.02818	4.0513	2.02818	3.04069	6.06435	3.04069	3.04069	6.06435	6.56546	3.54627	3.04069	3.04069	3.04069	6.56546	3.54627	3.04069	3.04069	5.5623	5.5623	3.04069	3.04069	2.02818	3.54627	1.52142	1.52142	1.52142	1.01441	2.02818	2.02818	1.01441	1.01441	2.02818	1.01441	0.507245	0.507245	1.52142	2.53463	1.01441	1.52142	2.53463	2.53463	1.52142	1.01441	1.01441	1.52142	3.54627	2.02818	1.52142	1.52142	4.0513	4.0513	2.53463	2.53463	2.02818	4.0513	2.02818	2.02818	2.02818	1.52142	3.04069	3.04069	1.52142	1.52142	3.54627	2.02818	2.02818	2.02818	2.02818	4.0513	2.02818	2.02818	3.54627	3.04069	1.52142	2.02818	2.02818	1.52142	3.54627	2.02818	1.52142	3.54627	3.54627	1.52142	1.52142	1.52142	1.52142	3.04069	1.52142	1.52142	3.04069	3.04069	1.52142	1.01441	1.01441	1.52142	2.53463	1.01441	1.01441	2.02818	1.01441	1.01441	2.02818	1.01441	1.01441	2.02818	1.01441	1.01441	2.02818	1.01441	0.507245	0.507245	1.01441	2.02818	2.02818	1.01441	1.01441	2.02818	1.01441	1.52142	1.52142	1.01441	2.02818	2.53463	1.52142	1.01441	2.02818	1.01441	1.52142	1.52142	1.52142	2.53463	1.01441	1.52142	3.54627	3.54627	1.52142	1.52142	1.52142	1.52142	3.04069	1.52142	2.02818	2.02818	3.54627	3.54627	2.02818	2.02818	2.02818	4.0513	2.02818	2.02818	2.02818	1.52142	3.54627	3.54627	1.52142	1.01441	2.53463	1.52142	1.52142	1.52142	1.52142	3.54627	2.02818	2.53463	4.5557	4.0513	2.02818	2.02818	2.02818	1.52142	3.54627	2.02818	1.52142	3.04069	3.54627	2.02818	1.52142	1.52142	1.52142	3.04069	1.52142	1.52142	2.53463	1.01441	1.52142	3.54627	2.02818	1.52142	3.04069	1.52142	1.01441	2.53463	1.52142	1.52142	1.52142	1.52142	3.04069	3.04069	1.52142	1.52142	3.04069	1.52142	1.52142	1.52142	1.01441	2.53463	3.04069	1.52142	1.52142	3.04069	1.52142	1.52142	1.52142	1.52142	3.04069	3.04069	1.52142	1.52142	3.04069	1.52142	1.52142	1.52142	1.52142	3.04069	1.52142	1.52142	3.04069