0.451644	0	0.451644	0.903231	0.451644	0	0.451644	0.451644	0	0.451644	0.451644	0.451644	0.451644	0.451644	0.451644	0	0	0.451644	0.451644	0	0.451644	0.451644	0	0.451644	0.451644	0	0.451644	0.451644	0	0.451644	0.451644	0.451644	0.903231	0.451644	0.451644	0.451644	0.451644	0.451644	0.451644	0.451644	0.451644	0.451644	0	0.451644	0.451644	0.451644	0.451644	0	0.451644	0.451644	0.451644	0.451644	0	0.451644	0.451644	0	0	0.451644	0.451644	0	0	0	0.451644	0.451644	0	0	0.451644	0.451644	0	0	0.451644	0.451644	0	0	0	0.451644	0.451644	0.451644	0.451644	0	0	0	0.451644	0.451644	0	0.451644	0.451644	0	0.451644	0.451644	0	0.451644	0.451644	0	0.451644	0.451644	0	0	0.903231	0.903231	0	0	0.451644	0.903231	0.451644	0	0	0.451644	0.903231	0.451644	0	0.451644	0.903231	0.451644	0.451644	0.451644	0.451644	0.903231	0.903231	0.451644	0	0.451644	0.451644	0.451644	0.451644	0.451644	0.903231	0.451644	0.451644	0.903231	0.903231	0.451644	0.451644	0.451644	0.903231	1.35471	0.451644	0.451644	0.903231	0.903231	0.451644	0.451644	0.451644	0.451644	0.903231	0.451644	0.451644	0.903231	0.451644	0.451644	0.903231	0.451644	0.451644	0.903231	0.451644	0	0.451644	0.451644	0.451644	0.451644	0	0.451644	0.451644	0	0	0.451644	0.451644	0	0	0	0	0	0	0.451644	0.451644	0	0	0	0	0	0	0.451644	0.451644	0	0	0	0	0	0.451644	0.451644	0	0	0	0	0.451644	0.451644	0	0	0	0	0	0	0.451644	0.451644	0	0	0	0	0	0	0.451644	0.451644	0	0	0	0.451644	0.451644	0	0	0.451644	0.451644	0	0.451644	0.903231	0.451644	0	0.451644	0.451644	0.451644	0.903231	0.451644	0.451644	0.903231	0.451644	0.451644	0.903231	0.451644	0.451644	0.903231	0.451644	0.451644	0.903231	0.451644	0.451644	0.903231	0.451644	0.903231	1.35471	0.451644	0.451644	1.35471	0.903231	0.451644	0.451644	0.903231	1.35471
0.451601	0	0.451601	0.903145	0.451601	0	0.451601	0.451601	0	0.451601	0.451601	0.451601	0.451601	0.451601	0.451601	0	0	0.451601	0.451601	0	0.451601	0.451601	0	0.451601	0.451601	0	0.451601	0.451601	0	0.451601	0.451601	0.451601	0.903145	0.451601	0.451601	0.451601	0.451601	0.451601	0.451601	0.451601	0.451601	0.451601	0	0.451601	0.451601	0.451601	0.451601	0	0.451601	0.451601	0.451601	0.451601	0	0.451601	0.451601	0	0	0.451601	0.451601	0	0	0	0.451601	0.451601	0	0	0.451601	0.451601	0	0	0.451601	0.451601	0	0	0	0.451601	0.451601	0.451601	0.451601	0	0	0	0.451601	0.451601	0	0.451601	0.451601	0	0.451601	0.451601	0	0.451601	0.451601	0	0.451601	0.451601	0	0	0.903145	0.903145	0	0	0.451601	0.903145	0.451601	0	0	0.451601	0.903145	0.451601	0	0.451601	0.903145	0.451601	0.451601	0.451601	0.451601	0.903145	0.903145	0.451601	0	0.451601	0.451601	0.451601	0.451601	0.451601	0.903145	0.451601	0.451601	0.903145	0.903145	0.451601	0.451601	0.451601	0.903145	1.35458	0.451601	0.451601	0.903145	0.903145	0.451601	0.451601	0.451601	0.451601	0.903145	0.451601	0.451601	0.903145	0.451601	0.451601	0.903145	0.451601	0.451601	0.903145	0.451601	0	0.451601	0.451601	0.451601	0.451601	0	0.451601	0.451601	0	0	0.451601	0.451601	0	0	0	0	0	0	0.451601	0.451601	0	0	0	0	0	0	0.451601	0.451601	0	0	0	0	0	0.451601	0.451601	0	0	0	0	0.451601	0.451601	0	0	0	0	0	0	0.451601	0.451601	0	0	0	0	0	0	0.451601	0.451601	0	0	0	0.451601	0.451601	0	0	0.451601	0.451601	0	0.451601	0.903145	0.451601	0	0.451601	0.451601	0.451601	0.903145	0.451601	0.451601	0.903145	0.451601	0.451601	0.903145	0.451601	0.451601	0.903145	0.451601	0.451601	0.903145	0.451601	0.451601	0.903145	0.451601	0.903145	1.35458	0.451601	0.451601	1.35458	0.903145	0.451601	0.451601	0.903145	1.35458
3.54058	3.27245	3.18996	3.36421	3.4129	3.27245	3.18996	3.18996	3.04749	2.87594	2.74484	2.84039	3.0641	3.09707	2.87594	2.59735	2.37221	2.39355	2.52286	2.37221	2.30145	2.30145	2.25681	2.30145	2.21699	1.92188	1.86131	1.7845	1.4717	1.42776	1.42776	1.36389	1.43661	1.00968	1.00968	0.971075	0.798233	0.638601	0.638601	0.638601	0.638601	0.638601	0.451587	0.638601	0.658241	0.575611	0.451551	0.159657	0.504855	0.356988	0.451551	0.451551	0.159657	0.504855	0.356988	0.159657	0.35701	0.638601	0.638601	0.451587	0.451587	0.575653	0.814052	0.658266	0.575653	0.798263	1.00968	1.00968	1.02223	1.24681	1.28702	1.21576	1.24681	1.4717	1.69675	1.86131	1.86131	1.72649	1.50591	1.4717	1.69675	1.80579	1.72649	1.50591	1.4717	1.64337	1.50591	1.4717	1.64337	1.50591	1.35454	1.42776	1.42776	1.35454	1.42776	1.42776	1.35454	1.35454	1.47167	1.28699	0.903117	0.903117	1.00968	1.11746	0.658266	0.451587	0.451587	0.638601	0.859691	0.504855	0.35701	0.47896	0.798203	0.451551	0.356988	0.47896	0.638601	0.97105	1.11746	1.00968	0.798263	0.814052	0.859738	1.00968	1.00968	1.00968	1.28699	1.28702	1.42776	1.62777	1.62777	1.42776	1.42776	1.42776	1.66643	2.09904	1.86131	1.86131	2.01873	2.01873	1.86131	1.86131	1.86131	1.7845	1.78447	1.42776	1.42776	1.62777	1.42776	1.42776	1.60413	1.16219	1.00968	1.27704	1.00968	0.798263	0.798233	0.638601	0.638601	0.638601	0.451587	0.638601	0.658241	0.159657	0.159657	0.658241	0.638601	0.451587	0.451587	0.451587	0.575653	0.798263	0.903117	1.15119	1.59622	1.80579	1.80579	1.80579	1.80579	1.92188	2.14704	2.39355	2.61685	2.70756	2.70756	2.70756	2.70756	2.70756	2.84039	3.0641	3.27245	3.49734	3.49734	3.27245	3.28793	3.51181	3.60799	3.60799	3.60799	3.60799	3.60799	3.60799	3.63599	3.63599	3.60799	3.60799	3.60799	3.60799	3.60799	3.60799	3.39052	2.94146	2.70756	2.70756	2.70756	2.61685	2.39355	2.25681	2.25681	2.17061	2.08083	2.14704	2.17061	1.92847	1.64337	1.69675	1.72649	1.50591	1.28702	1.28699	1.00968	1.00968	1.11746	0.658266	0.638601	1.00963	0.638601	0.638601	1.00963	0.638601	0.47896	0.798203	0.451551	0.451551	0.903046	0.451551	0.798203	1.28694	0.638601	0.638601	1.42767	1.00963	0.638601	0.638601	0.97105	1.47162
3.58295	3.28762	3.18966	3.31834	3.41257	3.28762	3.18966	3.18966	3.06381	2.92818	2.74458	2.82218	3.0472	3.14557	2.92818	2.6166	2.39333	2.37198	2.52262	2.39333	2.30123	2.30123	2.2566	2.30123	2.28458	1.948	1.86114	1.86795	1.50577	1.42763	1.42763	1.47153	1.60395	1.00958	1.00958	1.11735	0.970958	0.638541	0.638541	0.638541	0.638541	0.638541	0.451544	0.638541	0.85961	0.798128	0.451508	0.356954	0.504807	0.159641	0.451508	0.451508	0.356954	0.504807	0.159641	0.356954	0.478914	0.638541	0.638541	0.451544	0.451544	0.658204	0.813975	0.575599	0.658204	0.859657	1.00958	1.00958	1.07082	1.2869	1.24669	1.21565	1.2869	1.50577	1.72633	1.86114	1.86114	1.69659	1.47156	1.50577	1.72633	1.80561	1.69659	1.47156	1.50577	1.64322	1.47156	1.50577	1.64322	1.47156	1.35441	1.42763	1.42763	1.35441	1.42763	1.42763	1.35441	1.35441	1.36376	1.16208	0.903032	0.903032	1.00958	0.970983	0.575599	0.451544	0.451544	0.638541	0.658179	0.504807	0.478914	0.356977	0.575557	0.451508	0.159641	0.356977	0.638541	0.798158	0.970983	1.00958	0.859657	0.813975	0.798188	1.00958	1.00958	1.00958	1.16208	1.24669	1.42763	1.62762	1.62762	1.42763	1.42763	1.42763	1.57194	1.97392	1.86114	1.86114	2.01854	2.01854	1.86114	1.86114	1.86114	1.86795	1.92163	1.42763	1.42763	1.62762	1.42763	1.42763	1.75551	1.28687	1.00958	1.27692	1.00958	0.859657	0.970958	0.638541	0.638541	0.638541	0.451544	0.638541	0.85961	0.356954	0.356954	0.85961	0.638541	0.451544	0.451544	0.451544	0.658204	0.859657	0.903032	1.15108	1.59607	1.80561	1.80561	1.80561	1.80561	1.948	2.17041	2.37198	2.5971	2.7073	2.7073	2.7073	2.7073	2.7073	2.82218	3.0472	3.28762	3.51148	3.51148	3.28762	3.27214	3.49701	3.60765	3.60765	3.60765	3.60765	3.60765	3.60765	3.63565	3.63565	3.60765	3.60765	3.60765	3.60765	3.60765	3.60765	3.3902	2.94118	2.7073	2.7073	2.7073	2.5971	2.37198	2.2566	2.2566	2.14684	2.08063	2.17041	2.14684	1.81965	1.64322	1.72633	1.69659	1.47156	1.24669	1.16208	1.00958	1.00958	0.970983	0.575599	0.638541	1.00954	0.638541	0.638541	1.00954	0.638541	0.356977	0.575557	0.451508	0.451508	0.90296	0.451508	0.575557	1.07075	0.638541	0.638541	1.42754	1.00954	0.638541	0.638541	0.798158	1.28685
0.902875	0.451466	0.451466	0.451466	0.451466	0.451466	0.451466	0.451466	0.451466	0.902875	0.451466	0	0	0.902875	0.902875	0.451466	0.451466	0	0.451466	0.451466	0.451466	0.451466	0	0.451466	0.902875	0.451466	0.451466	0.902875	0.451466	0.451466	0.451466	0.902875	1.35417	0.451466	0.451466	0.902875	0.902875	0.451466	0.451466	0.451466	0.451466	0.451466	0	0.451466	0.902875	0.902875	0.451466	0.451466	0.451466	0	0.451466	0.451466	0.451466	0.451466	0	0.451466	0.451466	0.451466	0.451466	0	0	0.451466	0.451466	0	0.451466	0.451466	0.451466	0.451466	0.451466	0.451466	0	0.451466	0.451466	0.451466	0.451466	0.451466	0.451466	0	0	0.451466	0.451466	0	0	0	0.451466	0.451466	0	0.451466	0.451466	0	0	0.451466	0.451466	0	0.451466	0.451466	0	0	0.451466	0.451466	0	0	0.451466	0.451466	0	0	0	0.451466	0.451466	0.451466	0.451466	0	0.451466	0.451466	0	0	0.451466	0.451466	0.451466	0.451466	0.451466	0.451466	0	0.451466	0.451466	0.451466	0.451466	0	0.451466	0.902875	0.902875	0.451466	0.451466	0.451466	0.451466	0.902875	0.451466	0.451466	0.902875	0.902875	0.451466	0.451466	0.451466	0.902875	1.35417	0.451466	0.451466	0.902875	0.451466	0.451466	1.35417	0.902875	0.451466	0.902875	0.451466	0.451466	0.902875	0.451466	0.451466	0.451466	0	0.451466	0.902875	0.451466	0.451466	0.902875	0.451466	0	0	0	0.451466	0.451466	0	0.451466	0.451466	0	0	0	0	0.451466	0.451466	0	0	0	0	0	0	0	0	0	0.451466	0.451466	0.451466	0.451466	0	0	0	0	0	0	0	0	0.451466	0.451466	0	0	0	0	0	0	0.451466	0.451466	0	0	0	0	0	0	0	0	0.451466	0.451466	0	0	0.451466	0.451466	0	0	0	0.451466	0.451466	0.451466	0.451466	0	0.451466	0.902875	0.451466	0.451466	0.902875	0.451466	0	0.451466	0.451466	0.451466	0.902875	0.451466	0.451466	0.902875	0.451466	0.451466	1.35417	0.902875	0.451466	0.451466	0.451466	0.902875
0.90279	0.451423	0.451423	0.451423	0.451423	0.451423	0.451423	0.451423	0.451423	0.90279	0.451423	0	0	0.90279	0.90279	0.451423	0.451423	0	0.451423	0.451423	0.451423	0.451423	0	0.451423	0.90279	0.451423	0.451423	0.90279	0.451423	0.451423	0.451423	0.90279	1.35404	0.451423	0.451423	0.90279	0.90279	0.451423	0.451423	0.451423	0.451423	0.451423	0	0.451423	0.90279	0.90279	0.451423	0.451423	0.451423	0	0.451423	0.451423	0.451423	0.451423	0	0.451423	0.451423	0.451423	0.451423	0	0	0.451423	0.451423	0	0.451423	0.451423	0.451423	0.451423	0.451423	0.451423	0	0.451423	0.451423	0.451423	0.451423	0.451423	0.451423	0	0	0.451423	0.451423	0	0	0	0.451423	0.451423	0	0.451423	0.451423	0	0	0.451423	0.451423	0	0.451423	0.451423	0	0	0.451423	0.451423	0	0	0.451423	0.451423	0	0	0	0.451423	0.451423	0.451423	0.451423	0	0.451423	0.451423	0	0	0.451423	0.451423	0.451423	0.451423	0.451423	0.451423	0	0.451423	0.451423	0.451423	0.451423	0	0.451423	0.90279	0.90279	0.451423	0.451423	0.451423	0.451423	0.90279	0.451423	0.451423	0.90279	0.90279	0.451423	0.451423	0.451423	0.90279	1.35404	0.451423	0.451423	0.90279	0.451423	0.451423	1.35404	0.90279	0.451423	0.90279	0.451423	0.451423	0.90279	0.451423	0.451423	0.451423	0	0.451423	0.90279	0.451423	0.451423	0.90279	0.451423	0	0	0	0.451423	0.451423	0	0.451423	0.451423	0	0	0	0	0.451423	0.451423	0	0	0	0	0	0	0	0	0	0.451423	0.451423	0.451423	0.451423	0	0	0	0	0	0	0	0	0.451423	0.451423	0	0	0	0	0	0	0.451423	0.451423	0	0	0	0	0	0	0	0	0.451423	0.451423	0	0	0.451423	0.451423	0	0	0	0.451423	0.451423	0.451423	0.451423	0	0.451423	0.90279	0.451423	0.451423	0.90279	0.451423	0	0.451423	0.451423	0.451423	0.90279	0.451423	0.451423	0.90279	0.451423	0.451423	1.35404	0.90279	0.451423	0.451423	0.451423	0.90279
0.902704	0.45138	0.45138	0.45138	0.45138	0.45138	0.45138	0.45138	0.45138	0.902704	0.45138	0	0	0.902704	0.902704	0.45138	0.45138	0	0.45138	0.45138	0.45138	0.45138	0	0.45138	0.902704	0.45138	0.45138	0.902704	0.45138	0.45138	0.45138	0.902704	1.35392	0.45138	0.45138	0.902704	0.902704	0.45138	0.45138	0.45138	0.45138	0.45138	0	0.45138	0.902704	0.902704	0.45138	0.45138	0.45138	0	0.45138	0.45138	0.45138	0.45138	0	0.45138	0.45138	0.45138	0.45138	0	0	0.45138	0.45138	0	0.45138	0.45138	0.45138	0.45138	0.45138	0.45138	0	0.45138	0.45138	0.45138	0.45138	0.45138	0.45138	0	0	0.45138	0.45138	0	0	0	0.45138	0.45138	0	0.45138	0.45138	0	0	0.45138	0.45138	0	0.45138	0.45138	0	0	0.45138	0.45138	0	0	0.45138	0.45138	0	0	0	0.45138	0.45138	0.45138	0.45138	0	0.45138	0.45138	0	0	0.45138	0.45138	0.45138	0.45138	0.45138	0.45138	0	0.45138	0.45138	0.45138	0.45138	0	0.45138	0.902704	0.902704	0.45138	0.45138	0.45138	0.45138	0.902704	0.45138	0.45138	0.902704	0.902704	0.45138	0.45138	0.45138	0.902704	1.35392	0.45138	0.45138	0.902704	0.45138	0.45138	1.35392	0.902704	0.45138	0.902704	0.45138	0.45138	0.902704	0.45138	0.45138	0.45138	0	0.45138	0.902704	0.45138	0.45138	0.902704	0.45138	0	0	0	0.45138	0.45138	0	0.45138	0.45138	0	0	0	0	0.45138	0.45138	0	0	0	0	0	0	0	0	0	0.45138	0.45138	0.45138	0.45138	0	0	0	0	0	0	0	0	0.45138	0.45138	0	0	0	0	0	0	0.45138	0.45138	0	0	0	0	0	0	0	0	0.45138	0.45138	0	0	0.45138	0.45138	0	0	0	0.45138	0.45138	0.45138	0.45138	0	0.45138	0.902704	0.45138	0.45138	0.902704	0.45138	0	0.45138	0.45138	0.45138	0.902704	0.45138	0.45138	0.902704	0.45138	0.45138	1.35392	0.902704	0.45138	0.45138	0.45138	0.902704
0.902619	0.451338	0.451338	0.451338	0.451338	0.451338	0.451338	0.451338	0.451338	0.902619	0.451338	0	0	0.902619	0.902619	0.451338	0.451338	0	0.451338	0.451338	0.451338	0.451338	0	0.451338	0.902619	0.451338	0.451338	0.902619	0.451338	0.451338	0.451338	0.902619	1.35379	0.451338	0.451338	0.902619	0.902619	0.451338	0.451338	0.451338	0.451338	0.451338	0	0.451338	0.902619	0.902619	0.451338	0.451338	0.451338	0	0.451338	0.451338	0.451338	0.451338	0	0.451338	0.451338	0.451338	0.451338	0	0	0.451338	0.451338	0	0.451338	0.451338	0.451338	0.451338	0.451338	0.451338	0	0.451338	0.451338	0.451338	0.451338	0.451338	0.451338	0	0	0.451338	0.451338	0	0	0	0.451338	0.451338	0	0.451338	0.451338	0	0	0.451338	0.451338	0	0.451338	0.451338	0	0	0.451338	0.451338	0	0	0.451338	0.451338	0	0	0	0.451338	0.451338	0.451338	0.451338	0	0.451338	0.451338	0	0	0.451338	0.451338	0.451338	0.451338	0.451338	0.451338	0	0.451338	0.451338	0.451338	0.451338	0	0.451338	0.902619	0.902619	0.451338	0.451338	0.451338	0.451338	0.902619	0.451338	0.451338	0.902619	0.902619	0.451338	0.451338	0.451338	0.902619	1.35379	0.451338	0.451338	0.902619	0.451338	0.451338	1.35379	0.902619	0.451338	0.902619	0.451338	0.451338	0.902619	0.451338	0.451338	0.451338	0	0.451338	0.902619	0.451338	0.451338	0.902619	0.451338	0	0	0	0.451338	0.451338	0	0.451338	0.451338	0	0	0	0	0.451338	0.451338	0	0	0	0	0	0	0	0	0	0.451338	0.451338	0.451338	0.451338	0	0	0	0	0	0	0	0	0.451338	0.451338	0	0	0	0	0	0	0.451338	0.451338	0	0	0	0	0	0	0	0	0.451338	0.451338	0	0	0.451338	0.451338	0	0	0	0.451338	0.451338	0.451338	0.451338	0	0.451338	0.902619	0.451338	0.451338	0.902619	0.451338	0	0.451338	0.451338	0.451338	0.902619	0.451338	0.451338	0.902619	0.451338	0.451338	1.35379	0.902619	0.451338	0.451338	0.451338	0.902619
0.902534	0.451295	0.451295	0.451295	0.451295	0.451295	0.451295	0.451295	0.451295	0.902534	0.451295	0	0	0.902534	0.902534	0.451295	0.451295	0	0.451295	0.451295	0.451295	0.451295	0	0.451295	0.902534	0.451295	0.451295	0.902534	0.451295	0.451295	0.451295	0.902534	1.35366	0.451295	0.451295	0.902534	0.902534	0.451295	0.451295	0.451295	0.451295	0.451295	0	0.451295	0.902534	0.902534	0.451295	0.451295	0.451295	0	0.451295	0.451295	0.451295	0.451295	0	0.451295	0.451295	0.451295	0.451295	0	0	0.451295	0.451295	0	0.451295	0.451295	0.451295	0.451295	0.451295	0.451295	0	0.451295	0.451295	0.451295	0.451295	0.451295	0.451295	0	0	0.451295	0.451295	0	0	0	0.451295	0.451295	0	0.451295	0.451295	0	0	0.451295	0.451295	0	0.451295	0.451295	0	0	0.451295	0.451295	0	0	0.451295	0.451295	0	0	0	0.451295	0.451295	0.451295	0.451295	0	0.451295	0.451295	0	0	0.451295	0.451295	0.451295	0.451295	0.451295	0.451295	0	0.451295	0.451295	0.451295	0.451295	0	0.451295	0.902534	0.902534	0.451295	0.451295	0.451295	0.451295	0.902534	0.451295	0.451295	0.902534	0.902534	0.451295	0.451295	0.451295	0.902534	1.35366	0.451295	0.451295	0.902534	0.451295	0.451295	1.35366	0.902534	0.451295	0.902534	0.451295	0.451295	0.902534	0.451295	0.451295	0.451295	0	0.451295	0.902534	0.451295	0.451295	0.902534	0.451295	0	0	0	0.451295	0.451295	0	0.451295	0.451295	0	0	0	0	0.451295	0.451295	0	0	0	0	0	0	0	0	0	0.451295	0.451295	0.451295	0.451295	0	0	0	0	0	0	0	0	0.451295	0.451295	0	0	0	0	0	0	0.451295	0.451295	0	0	0	0	0	0	0	0	0.451295	0.451295	0	0	0.451295	0.451295	0	0	0	0.451295	0.451295	0.451295	0.451295	0	0.451295	0.902534	0.451295	0.451295	0.902534	0.451295	0	0.451295	0.451295	0.451295	0.902534	0.451295	0.451295	0.902534	0.451295	0.451295	1.35366	0.902534	0.451295	0.451295	0.451295	0.902534
0.902449	0.451252	0.451252	0.451252	0.451252	0.451252	0.451252	0.451252	0.451252	0.902449	0.451252	0	0	0.902449	0.902449	0.451252	0.451252	0	0.451252	0.451252	0.451252	0.451252	0	0.451252	0.902449	0.451252	0.451252	0.902449	0.451252	0.451252	0.451252	0.902449	1.35353	0.451252	0.451252	0.902449	0.902449	0.451252	0.451252	0.451252	0.451252	0.451252	0	0.451252	0.902449	0.902449	0.451252	0.451252	0.451252	0	0.451252	0.451252	0.451252	0.451252	0	0.451252	0.451252	0.451252	0.451252	0	0	0.451252	0.451252	0	0.451252	0.451252	0.451252	0.451252	0.451252	0.451252	0	0.451252	0.451252	0.451252	0.451252	0.451252	0.451252	0	0	0.451252	0.451252	0	0	0	0.451252	0.451252	0	0.451252	0.451252	0	0	0.451252	0.451252	0	0.451252	0.451252	0	0	0.451252	0.451252	0	0	0.451252	0.451252	0	0	0	0.451252	0.451252	0.451252	0.451252	0	0.451252	0.451252	0	0	0.451252	0.451252	0.451252	0.451252	0.451252	0.451252	0	0.451252	0.451252	0.451252	0.451252	0	0.451252	0.902449	0.902449	0.451252	0.451252	0.451252	0.451252	0.902449	0.451252	0.451252	0.902449	0.902449	0.451252	0.451252	0.451252	0.902449	1.35353	0.451252	0.451252	0.902449	0.451252	0.451252	1.35353	0.902449	0.451252	0.902449	0.451252	0.451252	0.902449	0.451252	0.451252	0.451252	0	0.451252	0.902449	0.451252	0.451252	0.902449	0.451252	0	0	0	0.451252	0.451252	0	0.451252	0.451252	0	0	0	0	0.451252	0.451252	0	0	0	0	0	0	0	0	0	0.451252	0.451252	0.451252	0.451252	0	0	0	0	0	0	0	0	0.451252	0.451252	0	0	0	0	0	0	0.451252	0.451252	0	0	0	0	0	0	0	0	0.451252	0.451252	0	0	0.451252	0.451252	0	0	0	0.451252	0.451252	0.451252	0.451252	0	0.451252	0.902449	0.451252	0.451252	0.902449	0.451252	0	0.451252	0.451252	0.451252	0.902449	0.451252	0.451252	0.902449	0.451252	0.451252	1.35353	0.902449	0.451252	0.451252	0.451252	0.902449
0.902363	0.45121	0.45121	0.45121	0.45121	0.45121	0.45121	0.45121	0.45121	0.902363	0.45121	0	0	0.902363	0.902363	0.45121	0.45121	0	0.45121	0.45121	0.45121	0.45121	0	0.45121	0.902363	0.45121	0.45121	0.902363	0.45121	0.45121	0.45121	0.902363	1.35341	0.45121	0.45121	0.902363	0.902363	0.45121	0.45121	0.45121	0.45121	0.45121	0	0.45121	0.902363	0.902363	0.45121	0.45121	0.45121	0	0.45121	0.45121	0.45121	0.45121	0	0.45121	0.45121	0.45121	0.45121	0	0	0.45121	0.45121	0	0.45121	0.45121	0.45121	0.45121	0.45121	0.45121	0	0.45121	0.45121	0.45121	0.45121	0.45121	0.45121	0	0	0.45121	0.45121	0	0	0	0.45121	0.45121	0	0.45121	0.45121	0	0	0.45121	0.45121	0	0.45121	0.45121	0	0	0.45121	0.45121	0	0	0.45121	0.45121	0	0	0	0.45121	0.45121	0.45121	0.45121	0	0.45121	0.45121	0	0	0.45121	0.45121	0.45121	0.45121	0.45121	0.45121	0	0.45121	0.45121	0.45121	0.45121	0	0.45121	0.902363	0.902363	0.45121	0.45121	0.45121	0.45121	0.902363	0.45121	0.45121	0.902363	0.902363	0.45121	0.45121	0.45121	0.902363	1.35341	0.45121	0.45121	0.902363	0.45121	0.45121	1.35341	0.902363	0.45121	0.902363	0.45121	0.45121	0.902363	0.45121	0.45121	0.45121	0	0.45121	0.902363	0.45121	0.45121	0.902363	0.45121	0	0	0	0.45121	0.45121	0	0.45121	0.45121	0	0	0	0	0.45121	0.45121	0	0	0	0	0	0	0	0	0	0.45121	0.45121	0.45121	0.45121	0	0	0	0	0	0	0	0	0.45121	0.45121	0	0	0	0	0	0	0.45121	0.45121	0	0	0	0	0	0	0	0	0.45121	0.45121	0	0	0.45121	0.45121	0	0	0	0.45121	0.45121	0.45121	0.45121	0	0.45121	0.902363	0.45121	0.45121	0.902363	0.45121	0	0.45121	0.45121	0.45121	0.902363	0.45121	0.45121	0.902363	0.45121	0.45121	1.35341	0.902363	0.45121	0.45121	0.45121	0.902363
0.902278	0.451167	0.451167	0.451167	0.451167	0.451167	0.451167	0.451167	0.451167	0.902278	0.451167	0	0	0.902278	0.902278	0.451167	0.451167	0	0.451167	0.451167	0.451167	0.451167	0	0.451167	0.902278	0.451167	0.451167	0.902278	0.451167	0.451167	0.451167	0.902278	1.35328	0.451167	0.451167	0.902278	0.902278	0.451167	0.451167	0.451167	0.451167	0.451167	0	0.451167	0.902278	0.902278	0.451167	0.451167	0.451167	0	0.451167	0.451167	0.451167	0.451167	0	0.451167	0.451167	0.451167	0.451167	0	0	0.451167	0.451167	0	0.451167	0.451167	0.451167	0.451167	0.451167	0.451167	0	0.451167	0.451167	0.451167	0.451167	0.451167	0.451167	0	0	0.451167	0.451167	0	0	0	0.451167	0.451167	0	0.451167	0.451167	0	0	0.451167	0.451167	0	0.451167	0.451167	0	0	0.451167	0.451167	0	0	0.451167	0.451167	0	0	0	0.451167	0.451167	0.451167	0.451167	0	0.451167	0.451167	0	0	0.451167	0.451167	0.451167	0.451167	0.451167	0.451167	0	0.451167	0.451167	0.451167	0.451167	0	0.451167	0.902278	0.902278	0.451167	0.451167	0.451167	0.451167	0.902278	0.451167	0.451167	0.902278	0.902278	0.451167	0.451167	0.451167	0.902278	1.35328	0.451167	0.451167	0.902278	0.451167	0.451167	1.35328	0.902278	0.451167	0.902278	0.451167	0.451167	0.902278	0.451167	0.451167	0.451167	0	0.451167	0.902278	0.451167	0.451167	0.902278	0.451167	0	0	0	0.451167	0.451167	0	0.451167	0.451167	0	0	0	0	0.451167	0.451167	0	0	0	0	0	0	0	0	0	0.451167	0.451167	0.451167	0.451167	0	0	0	0	0	0	0	0	0.451167	0.451167	0	0	0	0	0	0	0.451167	0.451167	0	0	0	0	0	0	0	0	0.451167	0.451167	0	0	0.451167	0.451167	0	0	0	0.451167	0.451167	0.451167	0.451167	0	0.451167	0.902278	0.451167	0.451167	0.902278	0.451167	0	0.451167	0.451167	0.451167	0.902278	0.451167	0.451167	0.902278	0.451167	0.451167	1.35328	0.902278	0.451167	0.451167	0.451167	0.902278
0.902193	0.451124	0.451124	0.451124	0.451124	0.451124	0.451124	0.451124	0.451124	0.902193	0.451124	0	0	0.902193	0.902193	0.451124	0.451124	0	0.451124	0.451124	0.451124	0.451124	0	0.451124	0.902193	0.451124	0.451124	0.902193	0.451124	0.451124	0.451124	0.902193	1.35315	0.451124	0.451124	0.902193	0.902193	0.451124	0.451124	0.451124	0.451124	0.451124	0	0.451124	0.902193	0.902193	0.451124	0.451124	0.451124	0	0.451124	0.451124	0.451124	0.451124	0	0.451124	0.451124	0.451124	0.451124	0	0	0.451124	0.451124	0	0.451124	0.451124	0.451124	0.451124	0.451124	0.451124	0	0.451124	0.451124	0.451124	0.451124	0.451124	0.451124	0	0	0.451124	0.451124	0	0	0	0.451124	0.451124	0	0.451124	0.451124	0	0	0.451124	0.451124	0	0.451124	0.451124	0	0	0.451124	0.451124	0	0	0.451124	0.451124	0	0	0	0.451124	0.451124	0.451124	0.451124	0	0.451124	0.451124	0	0	0.451124	0.451124	0.451124	0.451124	0.451124	0.451124	0	0.451124	0.451124	0.451124	0.451124	0	0.451124	0.902193	0.902193	0.451124	0.451124	0.451124	0.451124	0.902193	0.451124	0.451124	0.902193	0.902193	0.451124	0.451124	0.451124	0.902193	1.35315	0.451124	0.451124	0.902193	0.451124	0.451124	1.35315	0.902193	0.451124	0.902193	0.451124	0.451124	0.902193	0.451124	0.451124	0.451124	0	0.451124	0.902193	0.451124	0.451124	0.902193	0.451124	0	0	0	0.451124	0.451124	0	0.451124	0.451124	0	0	0	0	0.451124	0.451124	0	0	0	0	0	0	0	0	0	0.451124	0.451124	0.451124	0.451124	0	0	0	0	0	0	0	0	0.451124	0.451124	0	0	0	0	0	0	0.451124	0.451124	0	0	0	0	0	0	0	0	0.451124	0.451124	0	0	0.451124	0.451124	0	0	0	0.451124	0.451124	0.451124	0.451124	0	0.451124	0.902193	0.451124	0.451124	0.902193	0.451124	0	0.451124	0.451124	0.451124	0.902193	0.451124	0.451124	0.902193	0.451124	0.451124	1.35315	0.902193	0.451124	0.451124	0.451124	0.902193
4.59074	4.52434	4.52434	4.42566	4.20329	4.07822	4.07822	4.07822	4.07822	4.15188	4.07822	3.94273	3.71827	3.71485	3.71485	3.63222	3.63222	3.49371	3.31521	3.18665	3.18665	3.18665	3.04432	2.87296	2.8508	2.74199	2.65266	2.57499	2.29906	2.29906	2.29906	2.42791	2.6286	2.29906	2.29906	2.42791	2.42791	2.29906	2.29906	2.29906	2.29906	2.13887	1.59456	1.42628	1.62608	1.62608	1.42628	1.42628	1.36247	1.02117	1.06981	1.28569	1.42628	1.36247	1.02117	1.00863	0.970066	0.797404	0.637938	0.356639	0.159491	0.451082	0.451082	0	0.451082	0.451082	0.575013	0.657557	0.637938	0.637938	0.451117	0.637938	0.637938	0.637938	0.637938	0.478462	0.50433	0.504354	0.797434	0.858845	0.813206	0.797434	1.02117	1.24552	1.28569	1.2145	1.24552	1.28569	1.2145	1.24552	1.35313	1.28569	1.06981	1.02117	1.2145	1.06981	1.02117	1.24552	1.28569	1.06981	1.02117	1.24552	1.28569	1.06981	0.902179	0.902179	0.902179	0.858845	0.657582	0.478462	0.356617	0	0.451082	0.451082	0	0	0.356617	0.50433	0.50433	0.478462	0.637938	0.637938	0.451117	0.637938	0.637938	0.657582	0.813206	0.575055	0.637938	1.00858	0.970041	0.858845	1.00863	1.00863	1.00863	1.27572	1.00863	1.00863	1.27572	1.27572	1.00863	1.00863	1.00863	1.28565	1.76107	1.16098	1.00863	1.27572	1.00863	1.00863	1.62603	1.27572	1.00863	1.27572	1.00863	1.00863	1.27572	1.00863	1.00863	1.00863	0.713251	0.713206	0.902108	0.451082	0.356617	0.858798	0.637938	0.356639	0.159491	0.159491	0.657557	0.637938	0.451117	0.637938	0.797404	0.797434	0.902179	0.902179	1.02117	1.36247	1.42628	1.35313	1.47017	1.69498	1.80391	1.91988	2.14481	2.25447	2.25447	2.25447	2.16836	1.94616	2.0417	2.48986	2.70475	2.70475	2.70475	2.70475	2.70475	2.70475	2.70475	2.70475	2.74199	2.74199	2.70475	2.70475	2.70475	2.70475	2.70475	2.70475	2.83744	3.06093	3.15469	3.15469	3.04432	2.81952	2.70475	2.70475	2.70475	2.70475	2.61413	2.39107	2.25447	2.25447	2.16836	1.94616	1.80391	1.80391	1.91988	2.07867	1.94616	1.7247	1.64167	1.69498	1.7247	1.6647	1.42628	1.28569	1.28565	1.00863	1.02117	1.2145	1.06981	1.00863	1.27572	1.00863	0.858845	0.970041	0.637938	0.637938	1.14991	0.713206	0.637938	0.637938	0.637938	1.00858
4.59024	4.52384	4.52384	4.45925	4.23872	4.07777	4.07777	4.07777	4.07777	4.15143	4.07777	3.9551	3.73144	3.71445	3.71445	3.63182	3.63182	3.50779	3.36036	3.1863	3.1863	3.1863	3.06059	2.9251	2.85049	2.74169	2.70912	2.67139	2.29881	2.29881	2.29881	2.42765	2.62832	2.29881	2.29881	2.42765	2.42765	2.29881	2.29881	2.29881	2.29881	2.32076	1.71712	1.42613	1.62591	1.62591	1.42613	1.42613	1.46998	1.06969	1.02106	1.24538	1.42613	1.46998	1.06969	1.00852	1.11618	0.969944	0.637873	0.478413	0.356583	0.451039	0.451039	0	0.451039	0.451039	0.797298	0.858715	0.637873	0.637873	0.451068	0.637873	0.637873	0.637873	0.637873	0.356601	0.504281	0.8131	0.858752	0.797346	0.81312	0.858752	1.06969	1.28555	1.24538	1.21437	1.28555	1.24538	1.21437	1.28555	1.35298	1.24538	1.02106	1.06969	1.21437	1.02106	1.06969	1.28555	1.24538	1.02106	1.06969	1.28555	1.24538	1.02106	0.902079	0.902079	0.902079	0.797346	0.574992	0.356601	0.159474	0	0.451039	0.451039	0	0	0.159474	0.504281	0.504281	0.356601	0.637873	0.637873	0.451068	0.637873	0.637873	0.574992	0.81312	0.657512	0.637873	1.00848	0.797322	0.797346	1.00852	1.00852	1.00852	1.27559	1.00852	1.00852	1.27559	1.27559	1.00852	1.00852	1.00852	1.16085	1.76089	1.28552	1.00852	1.27559	1.00852	1.00852	1.62587	1.27559	1.00852	1.27559	1.00852	1.00852	1.27559	1.00852	1.00852	1.00852	0.956759	1.1498	0.902022	0.451039	0.159474	0.657493	0.637873	0.478413	0.356583	0.356583	0.858715	0.637873	0.451068	0.637873	0.969944	0.858752	0.902079	0.902079	1.06969	1.46998	1.42613	1.35298	1.50418	1.72451	1.80371	1.94595	2.16812	2.25422	2.25422	2.25422	2.14458	1.91967	2.04147	2.48958	2.70445	2.70445	2.70445	2.70445	2.70445	2.70445	2.70445	2.70445	2.74169	2.74169	2.70445	2.70445	2.70445	2.70445	2.70445	2.70445	2.81921	3.04399	3.15435	3.15435	3.06059	2.83713	2.70445	2.70445	2.70445	2.70445	2.59437	2.36948	2.25422	2.25422	2.14458	1.91967	1.80371	1.80371	1.94595	2.07844	1.91967	1.6948	1.64149	1.72451	1.6948	1.57029	1.42613	1.24538	1.16085	1.00852	1.06969	1.21437	1.02106	1.00852	1.27559	1.00852	0.797346	0.797322	0.637873	0.637873	0.713138	0.318946	0.637873	0.637873	0.637873	1.00848
0.901937	0.450997	0.450997	0.901937	0.901937	0.450997	0.450997	0.450997	0.450997	0.901937	0.450997	0.450997	0.450997	0.901937	0.901937	0.450997	0.450997	0.450997	0.901937	0.450997	0.450997	0.450997	0.450997	0.901937	0.901937	0.450997	0.901937	1.35277	0.450997	0.450997	0.450997	0.901937	1.35277	0.450997	0.450997	0.901937	0.901937	0.450997	0.450997	0.450997	0.450997	1.35277	0.901937	0.450997	0.901937	0.901937	0.450997	0.450997	0.901937	0.450997	0	0	0.450997	0.901937	0.450997	0.450997	0.901937	0.901937	0.450997	0.450997	0.450997	0.450997	0.450997	0	0.450997	0.450997	0.901937	0.901937	0.450997	0.450997	0	0.450997	0.450997	0.450997	0.450997	0	0.450997	0.901937	0.450997	0	0.450997	0.450997	0.450997	0.450997	0	0.450997	0.450997	0	0.450997	0.450997	0	0	0	0.450997	0.450997	0	0.450997	0.450997	0	0	0.450997	0.450997	0	0	0	0	0	0	0	0	0	0	0.450997	0.450997	0	0	0	0.450997	0.450997	0	0.450997	0.450997	0	0.450997	0.450997	0	0.450997	0.450997	0.450997	0.901937	0.450997	0	0.450997	0.450997	0.450997	0.901937	0.450997	0.450997	0.901937	0.901937	0.450997	0.450997	0.450997	0.450997	1.35277	0.901937	0.450997	0.901937	0.450997	0.450997	1.35277	0.901937	0.450997	0.901937	0.450997	0.450997	0.901937	0.450997	0.450997	0.450997	0.901937	1.35277	0.901937	0.450997	0	0.450997	0.450997	0.450997	0.450997	0.450997	0.901937	0.450997	0	0.450997	0.901937	0.450997	0	0	0.450997	0.901937	0.450997	0	0.450997	0.450997	0	0.450997	0.450997	0	0	0	0	0	0.450997	0.450997	0	0	0	0	0	0	0	0	0.450997	0.450997	0	0	0	0	0	0	0	0	0	0	0.450997	0.450997	0	0	0	0	0	0	0	0	0	0	0	0	0.450997	0.450997	0	0	0.450997	0.450997	0	0.450997	0.450997	0	0.450997	0.450997	0.450997	0.450997	0	0.450997	0.901937	0.450997	0	0.450997	0.450997	0.450997	0.450997	0	0.450997	0.450997	0.450997	0.901937
0.901852	0.450954	0.450954	0.901852	0.901852	0.450954	0.450954	0.450954	0.450954	0.901852	0.450954	0.450954	0.450954	0.901852	0.901852	0.450954	0.450954	0.450954	0.901852	0.450954	0.450954	0.450954	0.450954	0.901852	0.901852	0.450954	0.901852	1.35264	0.450954	0.450954	0.450954	0.901852	1.35264	0.450954	0.450954	0.901852	0.901852	0.450954	0.450954	0.450954	0.450954	1.35264	0.901852	0.450954	0.901852	0.901852	0.450954	0.450954	0.901852	0.450954	0	0	0.450954	0.901852	0.450954	0.450954	0.901852	0.901852	0.450954	0.450954	0.450954	0.450954	0.450954	0	0.450954	0.450954	0.901852	0.901852	0.450954	0.450954	0	0.450954	0.450954	0.450954	0.450954	0	0.450954	0.901852	0.450954	0	0.450954	0.450954	0.450954	0.450954	0	0.450954	0.450954	0	0.450954	0.450954	0	0	0	0.450954	0.450954	0	0.450954	0.450954	0	0	0.450954	0.450954	0	0	0	0	0	0	0	0	0	0	0.450954	0.450954	0	0	0	0.450954	0.450954	0	0.450954	0.450954	0	0.450954	0.450954	0	0.450954	0.450954	0.450954	0.901852	0.450954	0	0.450954	0.450954	0.450954	0.901852	0.450954	0.450954	0.901852	0.901852	0.450954	0.450954	0.450954	0.450954	1.35264	0.901852	0.450954	0.901852	0.450954	0.450954	1.35264	0.901852	0.450954	0.901852	0.450954	0.450954	0.901852	0.450954	0.450954	0.450954	0.901852	1.35264	0.901852	0.450954	0	0.450954	0.450954	0.450954	0.450954	0.450954	0.901852	0.450954	0	0.450954	0.901852	0.450954	0	0	0.450954	0.901852	0.450954	0	0.450954	0.450954	0	0.450954	0.450954	0	0	0	0	0	0.450954	0.450954	0	0	0	0	0	0	0	0	0.450954	0.450954	0	0	0	0	0	0	0	0	0	0	0.450954	0.450954	0	0	0	0	0	0	0	0	0	0	0	0	0.450954	0.450954	0	0	0.450954	0.450954	0	0.450954	0.450954	0	0.450954	0.450954	0.450954	0.450954	0	0.450954	0.901852	0.450954	0	0.450954	0.450954	0.450954	0.450954	0	0.450954	0.450954	0.450954	0.901852
0.901767	0.450911	0.450911	0.901767	0.901767	0.450911	0.450911	0.450911	0.450911	0.901767	0.450911	0.450911	0.450911	0.901767	0.901767	0.450911	0.450911	0.450911	0.901767	0.450911	0.450911	0.450911	0.450911	0.901767	0.901767	0.450911	0.901767	1.35251	0.450911	0.450911	0.450911	0.901767	1.35251	0.450911	0.450911	0.901767	0.901767	0.450911	0.450911	0.450911	0.450911	1.35251	0.901767	0.450911	0.901767	0.901767	0.450911	0.450911	0.901767	0.450911	0	0	0.450911	0.901767	0.450911	0.450911	0.901767	0.901767	0.450911	0.450911	0.450911	0.450911	0.450911	0	0.450911	0.450911	0.901767	0.901767	0.450911	0.450911	0	0.450911	0.450911	0.450911	0.450911	0	0.450911	0.901767	0.450911	0	0.450911	0.450911	0.450911	0.450911	0	0.450911	0.450911	0	0.450911	0.450911	0	0	0	0.450911	0.450911	0	0.450911	0.450911	0	0	0.450911	0.450911	0	0	0	0	0	0	0	0	0	0	0.450911	0.450911	0	0	0	0.450911	0.450911	0	0.450911	0.450911	0	0.450911	0.450911	0	0.450911	0.450911	0.450911	0.901767	0.450911	0	0.450911	0.450911	0.450911	0.901767	0.450911	0.450911	0.901767	0.901767	0.450911	0.450911	0.450911	0.450911	1.35251	0.901767	0.450911	0.901767	0.450911	0.450911	1.35251	0.901767	0.450911	0.901767	0.450911	0.450911	0.901767	0.450911	0.450911	0.450911	0.901767	1.35251	0.901767	0.450911	0	0.450911	0.450911	0.450911	0.450911	0.450911	0.901767	0.450911	0	0.450911	0.901767	0.450911	0	0	0.450911	0.901767	0.450911	0	0.450911	0.450911	0	0.450911	0.450911	0	0	0	0	0	0.450911	0.450911	0	0	0	0	0	0	0	0	0.450911	0.450911	0	0	0	0	0	0	0	0	0	0	0.450911	0.450911	0	0	0	0	0	0	0	0	0	0	0	0	0.450911	0.450911	0	0	0.450911	0.450911	0	0.450911	0.450911	0	0.450911	0.450911	0.450911	0.450911	0	0.450911	0.901767	0.450911	0	0.450911	0.450911	0.450911	0.450911	0	0.450911	0.450911	0.450911	0.901767
3.71305	3.63045	3.63045	3.71305	3.71305	3.63045	3.53519	3.3136	3.1851	3.27905	3.1851	3.1851	3.1851	3.27905	3.27905	3.1851	3.1851	3.1851	3.27905	3.1851	3.09235	2.87156	2.74066	2.84941	2.84941	2.74066	2.924	3.28289	3.1851	3.1851	3.1851	3.35909	3.63738	3.3136	3.1851	3.27905	3.20489	2.87156	2.74066	2.74066	2.74066	3.02193	2.84941	2.74066	2.84941	2.84941	2.74066	2.74066	2.84941	2.74066	2.59339	2.36859	2.21362	2.16728	1.85848	1.85848	2.01566	2.01566	1.85848	1.85848	1.85848	1.85848	1.78178	1.46945	1.50361	1.72386	2.01566	2.01566	1.85848	1.85848	1.69416	1.51202	1.16042	1.00814	1.00814	0.797045	0.797021	1.0081	0.637632	0.318826	0.712868	0.637632	0.478232	0.356448	0.159414	0.657244	0.637632	0.450897	0.637632	0.637632	0.450897	0.574775	0.797045	0.858428	0.812813	0.797045	0.858428	0.657264	0.574775	0.797045	1.00814	1.00814	0.901738	0.901738	0.901738	0.901738	0.901738	1.02067	1.24491	1.35247	1.35247	1.35247	1.42559	1.42559	1.35247	1.35247	1.35247	1.28506	1.21391	1.24491	1.28506	1.06929	0.901738	1.00814	1.00814	0.901738	0.858428	0.657264	0.637632	0.85839	0.50409	0.356466	0.478232	0.356448	0.450869	0.901682	0.450869	0.356448	0.85839	1.0081	0.637632	0.637632	0.637632	0.637632	1.36175	1.11576	1.00814	1.27511	1.00814	0.969598	1.51196	1.11576	1.00814	1.28502	0.797021	0.637632	1.0081	0.637632	0.657244	0.574741	0.712868	1.31432	1.27511	1.00814	0.797045	0.797021	0.637632	0.637632	0.637632	0.637632	1.0081	0.657244	0.159414	0.450869	0.901682	0.450869	0.159414	0.356466	0.637632	1.0081	0.637632	0.450897	0.637632	0.797021	0.797045	1.00814	1.00814	0.901738	0.901738	0.901738	1.02067	1.24491	1.28506	1.06929	1.02067	1.24491	1.35247	1.35247	1.35247	1.46945	1.69416	1.80303	1.94521	2.1673	2.25337	2.25337	2.25337	2.25337	2.36859	2.59339	2.70343	2.70343	2.70343	2.70343	2.83606	3.05944	3.15316	3.15316	3.15316	3.15316	3.15316	3.15316	3.04284	2.92834	3.04284	3.15316	3.15316	3.15316	3.05944	2.83606	2.70343	2.70343	2.61286	2.3899	2.25337	2.29794	2.29794	2.25337	2.29794	2.29794	2.1673	2.07766	2.14377	2.1673	2.07153	1.85848	1.80303	1.85848	1.85848	1.72386	1.64087	1.69416	1.72386	1.50361	1.42559	1.6253
3.7127	3.63011	3.63011	3.7127	3.7127	3.63011	3.5775	3.35878	3.1848	3.27874	3.1848	3.1848	3.1848	3.27874	3.27874	3.1848	3.1848	3.1848	3.27874	3.1848	3.14078	2.92372	2.7404	2.84914	2.84914	2.7404	2.87129	3.20459	3.1848	3.1848	3.1848	3.31329	3.63704	3.35878	3.1848	3.27874	3.28258	2.92372	2.7404	2.7404	2.7404	3.02164	2.84914	2.7404	2.84914	2.84914	2.7404	2.7404	2.84914	2.7404	2.61261	2.38968	2.2811	2.28108	1.8583	1.8583	2.01547	2.01547	1.8583	1.8583	1.8583	1.8583	1.8651	1.50347	1.46931	1.694	2.01547	2.01547	1.8583	1.8583	1.7237	1.76008	1.28491	1.00805	1.00805	0.858347	0.969486	1.00801	0.637571	0.712801	1.14926	0.637571	0.356432	0.159399	0.356414	0.858309	0.637571	0.450855	0.637571	0.637571	0.450855	0.657202	0.858347	0.79697	0.812736	0.858347	0.79697	0.57472	0.657202	0.858347	1.00805	1.00805	0.901653	0.901653	0.901653	0.901653	0.901653	1.06919	1.28494	1.35234	1.35234	1.35234	1.42545	1.42545	1.35234	1.35234	1.35234	1.24479	1.2138	1.28494	1.24479	1.02058	0.901653	1.00805	1.00805	0.901653	0.79697	0.57472	0.637571	0.657182	0.504043	0.478187	0.356432	0.159399	0.450826	0.901597	0.450826	0.159399	0.657182	1.00801	0.637571	0.637571	0.637571	0.637571	1.16027	0.969506	1.00805	1.27498	1.00805	1.11565	1.51182	0.969506	1.00805	1.46925	0.969486	0.637571	1.00801	0.637571	0.858309	0.796922	0.318796	0.956308	1.27498	1.00805	0.858347	0.969486	0.637571	0.637571	0.637571	0.637571	1.00801	0.858309	0.356414	0.450826	0.901597	0.450826	0.356414	0.478187	0.637571	1.00801	0.637571	0.450855	0.637571	0.969486	0.858347	1.00805	1.00805	0.901653	0.901653	0.901653	1.06919	1.28494	1.24479	1.02058	1.06919	1.28494	1.35234	1.35234	1.35234	1.50347	1.7237	1.80286	1.91877	2.14357	2.25316	2.25316	2.25316	2.25316	2.38968	2.61261	2.70318	2.70318	2.70318	2.70318	2.81788	3.04255	3.15286	3.15286	3.15286	3.15286	3.15286	3.15286	3.05915	2.92806	3.05915	3.15286	3.15286	3.15286	3.04255	2.81788	2.70318	2.70318	2.59314	2.36837	2.25316	2.29773	2.29773	2.25316	2.29773	2.29773	2.14357	2.07746	2.1671	2.14357	1.99651	1.8583	1.80286	1.8583	1.8583	1.694	1.64071	1.7237	1.694	1.46931	1.42545	1.62515
0.901511	0.450784	0.450784	0.901511	0.901511	0.450784	0.901511	0.901511	0.450784	0.901511	0.450784	0.450784	0.450784	0.901511	0.901511	0.450784	0.450784	0.450784	0.901511	0.450784	0.901511	0.901511	0.450784	0.901511	0.901511	0.450784	0.450784	0.901511	0.450784	0.450784	0.450784	0.450784	1.35213	0.901511	0.450784	0.901511	1.35213	0.901511	0.450784	0.450784	0.450784	1.35213	0.901511	0.450784	0.901511	0.901511	0.450784	0.450784	0.901511	0.450784	0.450784	0.450784	0.901511	1.35213	0.450784	0.450784	0.901511	0.901511	0.450784	0.450784	0.450784	0.450784	0.901511	0.450784	0	0	0.901511	0.901511	0.450784	0.450784	0.450784	1.35213	0.901511	0.450784	0.450784	0.450784	0.901511	0.901511	0.450784	0.901511	1.35213	0.450784	0	0	0.450784	0.901511	0.450784	0	0.450784	0.450784	0	0.450784	0.450784	0	0.450784	0.450784	0	0	0.450784	0.450784	0.450784	0.450784	0	0	0	0	0	0.450784	0.450784	0	0	0	0.450784	0.450784	0	0	0	0	0.450784	0.450784	0	0	0	0.450784	0.450784	0	0	0	0.450784	0.450784	0.450784	0.450784	0	0	0.450784	0.901511	0.450784	0	0.450784	0.901511	0.450784	0.450784	0.450784	0.450784	0.901511	0.450784	0.450784	0.901511	0.450784	0.901511	1.35213	0.450784	0.450784	1.35213	0.901511	0.450784	0.901511	0.450784	0.901511	0.901511	0	0.450784	0.901511	0.450784	0.450784	0.901511	0.450784	0.450784	0.450784	0.450784	0.901511	0.901511	0.450784	0.450784	0.901511	0.450784	0.450784	0.450784	0.450784	0.901511	0.450784	0	0.450784	0.901511	0.450784	0.450784	0.450784	0	0	0	0.450784	0.450784	0	0	0.450784	0.450784	0	0	0	0.450784	0.450784	0	0	0	0	0	0	0	0.450784	0.450784	0	0	0	0	0	0	0	0	0	0	0	0	0.450784	0	0.450784	0	0	0	0	0	0	0	0	0	0	0.450784	0.450784	0	0.450784	0.450784	0	0.450784	0.450784	0	0.450784	0.450784	0	0.450784	0.450784	0	0.450784	0.450784	0	0	0.450784	0.901511
0.901412	0.450734	0.450734	0.901412	0.901412	0.450734	0.901412	0.901412	0.450734	0.901412	0.450734	0.450734	0.450734	0.901412	0.901412	0.450734	0.450734	0.450734	0.901412	0.450734	0.901412	0.901412	0.450734	0.901412	0.901412	0.450734	0.450734	0.901412	0.450734	0.450734	0.450734	0.450734	1.35198	0.901412	0.450734	0.901412	1.35198	0.901412	0.450734	0.450734	0.450734	1.35198	0.901412	0.450734	0.901412	0.901412	0.450734	0.450734	0.901412	0.450734	0.450734	0.450734	0.901412	1.35198	0.450734	0.450734	0.901412	0.901412	0.450734	0.450734	0.450734	0.450734	0.901412	0.450734	0	0	0.901412	0.901412	0.450734	0.450734	0.450734	1.35198	0.901412	0.450734	0.450734	0.450734	0.901412	0.901412	0.450734	0.901412	1.35198	0.450734	0	0	0.450734	0.901412	0.450734	0	0.450734	0.450734	0	0.450734	0.450734	0	0.450734	0.450734	0	0	0.450734	0.450734	0.450734	0.450734	0	0	0	0	0	0.450734	0.450734	0	0	0	0.450734	0.450734	0	0	0	0	0.450734	0.450734	0	0	0	0.450734	0.450734	0	0	0	0.450734	0.450734	0.450734	0.450734	0	0	0.450734	0.901412	0.450734	0	0.450734	0.901412	0.450734	0.450734	0.450734	0.450734	0.901412	0.450734	0.450734	0.901412	0.450734	0.901412	1.35198	0.450734	0.450734	1.35198	0.901412	0.450734	0.901412	0.450734	0.901412	0.901412	0	0.450734	0.901412	0.450734	0.450734	0.901412	0.450734	0.450734	0.450734	0.450734	0.901412	0.901412	0.450734	0.450734	0.901412	0.450734	0.450734	0.450734	0.450734	0.901412	0.450734	0	0.450734	0.901412	0.450734	0.450734	0.450734	0	0	0	0.450734	0.450734	0	0	0.450734	0.450734	0	0	0	0.450734	0.450734	0	0	0	0	0	0	0	0.450734	0.450734	0	0	0	0	0	0	0	0	0	0	0	0	0.450734	0	0.450734	0	0	0	0	0	0	0	0	0	0	0.450734	0.450734	0	0.450734	0.450734	0	0.450734	0.450734	0	0.450734	0.450734	0	0.450734	0.450734	0	0.450734	0.450734	0	0	0.450734	0.901412
0.901327	0.450691	0.450691	0.901327	0.901327	0.450691	0.901327	0.901327	0.450691	0.901327	0.450691	0.450691	0.450691	0.901327	0.901327	0.450691	0.450691	0.450691	0.901327	0.450691	0.901327	0.901327	0.450691	0.901327	0.901327	0.450691	0.450691	0.901327	0.450691	0.450691	0.450691	0.450691	1.35185	0.901327	0.450691	0.901327	1.35185	0.901327	0.450691	0.450691	0.450691	1.35185	0.901327	0.450691	0.901327	0.901327	0.450691	0.450691	0.901327	0.450691	0.450691	0.450691	0.901327	1.35185	0.450691	0.450691	0.901327	0.901327	0.450691	0.450691	0.450691	0.450691	0.901327	0.450691	0	0	0.901327	0.901327	0.450691	0.450691	0.450691	1.35185	0.901327	0.450691	0.450691	0.450691	0.901327	0.901327	0.450691	0.901327	1.35185	0.450691	0	0	0.450691	0.901327	0.450691	0	0.450691	0.450691	0	0.450691	0.450691	0	0.450691	0.450691	0	0	0.450691	0.450691	0.450691	0.450691	0	0	0	0	0	0.450691	0.450691	0	0	0	0.450691	0.450691	0	0	0	0	0.450691	0.450691	0	0	0	0.450691	0.450691	0	0	0	0.450691	0.450691	0.450691	0.450691	0	0	0.450691	0.901327	0.450691	0	0.450691	0.901327	0.450691	0.450691	0.450691	0.450691	0.901327	0.450691	0.450691	0.901327	0.450691	0.901327	1.35185	0.450691	0.450691	1.35185	0.901327	0.450691	0.901327	0.450691	0.901327	0.901327	0	0.450691	0.901327	0.450691	0.450691	0.901327	0.450691	0.450691	0.450691	0.450691	0.901327	0.901327	0.450691	0.450691	0.901327	0.450691	0.450691	0.450691	0.450691	0.901327	0.450691	0	0.450691	0.901327	0.450691	0.450691	0.450691	0	0	0	0.450691	0.450691	0	0	0.450691	0.450691	0	0	0	0.450691	0.450691	0	0	0	0	0	0	0	0.450691	0.450691	0	0	0	0	0	0	0	0	0	0	0	0	0.450691	0	0.450691	0	0	0	0	0	0	0	0	0	0	0.450691	0.450691	0	0.450691	0.450691	0	0.450691	0.450691	0	0.450691	0.450691	0	0.450691	0.450691	0	0.450691	0.450691	0	0	0.450691	0.901327
0.901242	0.450649	0.450649	0.901242	0.901242	0.450649	0.901242	0.901242	0.450649	0.901242	0.450649	0.450649	0.450649	0.901242	0.901242	0.450649	0.450649	0.450649	0.901242	0.450649	0.901242	0.901242	0.450649	0.901242	0.901242	0.450649	0.450649	0.901242	0.450649	0.450649	0.450649	0.450649	1.35172	0.901242	0.450649	0.901242	1.35172	0.901242	0.450649	0.450649	0.450649	1.35172	0.901242	0.450649	0.901242	0.901242	0.450649	0.450649	0.901242	0.450649	0.450649	0.450649	0.901242	1.35172	0.450649	0.450649	0.901242	0.901242	0.450649	0.450649	0.450649	0.450649	0.901242	0.450649	0	0	0.901242	0.901242	0.450649	0.450649	0.450649	1.35172	0.901242	0.450649	0.450649	0.450649	0.901242	0.901242	0.450649	0.901242	1.35172	0.450649	0	0	0.450649	0.901242	0.450649	0	0.450649	0.450649	0	0.450649	0.450649	0	0.450649	0.450649	0	0	0.450649	0.450649	0.450649	0.450649	0	0	0	0	0	0.450649	0.450649	0	0	0	0.450649	0.450649	0	0	0	0	0.450649	0.450649	0	0	0	0.450649	0.450649	0	0	0	0.450649	0.450649	0.450649	0.450649	0	0	0.450649	0.901242	0.450649	0	0.450649	0.901242	0.450649	0.450649	0.450649	0.450649	0.901242	0.450649	0.450649	0.901242	0.450649	0.901242	1.35172	0.450649	0.450649	1.35172	0.901242	0.450649	0.901242	0.450649	0.901242	0.901242	0	0.450649	0.901242	0.450649	0.450649	0.901242	0.450649	0.450649	0.450649	0.450649	0.901242	0.901242	0.450649	0.450649	0.901242	0.450649	0.450649	0.450649	0.450649	0.901242	0.450649	0	0.450649	0.901242	0.450649	0.450649	0.450649	0	0	0	0.450649	0.450649	0	0	0.450649	0.450649	0	0	0	0.450649	0.450649	0	0	0	0	0	0	0	0.450649	0.450649	0	0	0	0	0	0	0	0	0	0	0	0	0.450649	0	0.450649	0	0	0	0	0	0	0	0	0	0	0.450649	0.450649	0	0.450649	0.450649	0	0.450649	0.450649	0	0.450649	0.450649	0	0.450649	0.450649	0	0.450649	0.450649	0	0	0.450649	0.901242
0.901157	0.450606	0.450606	0.901157	0.901157	0.450606	0.901157	0.901157	0.450606	0.901157	0.450606	0.450606	0.450606	0.901157	0.901157	0.450606	0.450606	0.450606	0.901157	0.450606	0.901157	0.901157	0.450606	0.901157	0.901157	0.450606	0.450606	0.901157	0.450606	0.450606	0.450606	0.450606	1.3516	0.901157	0.450606	0.901157	1.3516	0.901157	0.450606	0.450606	0.450606	1.3516	0.901157	0.450606	0.901157	0.901157	0.450606	0.450606	0.901157	0.450606	0.450606	0.450606	0.901157	1.3516	0.450606	0.450606	0.901157	0.901157	0.450606	0.450606	0.450606	0.450606	0.901157	0.450606	0	0	0.901157	0.901157	0.450606	0.450606	0.450606	1.3516	0.901157	0.450606	0.450606	0.450606	0.901157	0.901157	0.450606	0.901157	1.3516	0.450606	0	0	0.450606	0.901157	0.450606	0	0.450606	0.450606	0	0.450606	0.450606	0	0.450606	0.450606	0	0	0.450606	0.450606	0.450606	0.450606	0	0	0	0	0	0.450606	0.450606	0	0	0	0.450606	0.450606	0	0	0	0	0.450606	0.450606	0	0	0	0.450606	0.450606	0	0	0	0.450606	0.450606	0.450606	0.450606	0	0	0.450606	0.901157	0.450606	0	0.450606	0.901157	0.450606	0.450606	0.450606	0.450606	0.901157	0.450606	0.450606	0.901157	0.450606	0.901157	1.3516	0.450606	0.450606	1.3516	0.901157	0.450606	0.901157	0.450606	0.901157	0.901157	0	0.450606	0.901157	0.450606	0.450606	0.901157	0.450606	0.450606	0.450606	0.450606	0.901157	0.901157	0.450606	0.450606	0.901157	0.450606	0.450606	0.450606	0.450606	0.901157	0.450606	0	0.450606	0.901157	0.450606	0.450606	0.450606	0	0	0	0.450606	0.450606	0	0	0.450606	0.450606	0	0	0	0.450606	0.450606	0	0	0	0	0	0	0	0.450606	0.450606	0	0	0	0	0	0	0	0	0	0	0	0	0.450606	0	0.450606	0	0	0	0	0	0	0	0	0	0	0.450606	0.450606	0	0.450606	0.450606	0	0.450606	0.450606	0	0.450606	0.450606	0	0.450606	0.450606	0	0.450606	0.450606	0	0	0.450606	0.901157
0.901072	0.450564	0.450564	0.901072	0.901072	0.450564	0.901072	0.901072	0.450564	0.901072	0.450564	0.450564	0.450564	0.901072	0.901072	0.450564	0.450564	0.450564	0.901072	0.450564	0.901072	0.901072	0.450564	0.901072	0.901072	0.450564	0.450564	0.901072	0.450564	0.450564	0.450564	0.450564	1.35147	0.901072	0.450564	0.901072	1.35147	0.901072	0.450564	0.450564	0.450564	1.35147	0.901072	0.450564	0.901072	0.901072	0.450564	0.450564	0.901072	0.450564	0.450564	0.450564	0.901072	1.35147	0.450564	0.450564	0.901072	0.901072	0.450564	0.450564	0.450564	0.450564	0.901072	0.450564	0	0	0.901072	0.901072	0.450564	0.450564	0.450564	1.35147	0.901072	0.450564	0.450564	0.450564	0.901072	0.901072	0.450564	0.901072	1.35147	0.450564	0	0	0.450564	0.901072	0.450564	0	0.450564	0.450564	0	0.450564	0.450564	0	0.450564	0.450564	0	0	0.450564	0.450564	0.450564	0.450564	0	0	0	0	0	0.450564	0.450564	0	0	0	0.450564	0.450564	0	0	0	0	0.450564	0.450564	0	0	0	0.450564	0.450564	0	0	0	0.450564	0.450564	0.450564	0.450564	0	0	0.450564	0.901072	0.450564	0	0.450564	0.901072	0.450564	0.450564	0.450564	0.450564	0.901072	0.450564	0.450564	0.901072	0.450564	0.901072	1.35147	0.450564	0.450564	1.35147	0.901072	0.450564	0.901072	0.450564	0.901072	0.901072	0	0.450564	0.901072	0.450564	0.450564	0.901072	0.450564	0.450564	0.450564	0.450564	0.901072	0.901072	0.450564	0.450564	0.901072	0.450564	0.450564	0.450564	0.450564	0.901072	0.450564	0	0.450564	0.901072	0.450564	0.450564	0.450564	0	0	0	0.450564	0.450564	0	0	0.450564	0.450564	0	0	0	0.450564	0.450564	0	0	0	0	0	0	0	0.450564	0.450564	0	0	0	0	0	0	0	0	0	0	0	0	0.450564	0	0.450564	0	0	0	0	0	0	0	0	0	0	0.450564	0.450564	0	0.450564	0.450564	0	0.450564	0.450564	0	0.450564	0.450564	0	0.450564	0.450564	0	0.450564	0.450564	0	0	0.450564	0.901072
0.900987	0.450521	0.450521	0.900987	0.900987	0.450521	0.900987	0.900987	0.450521	0.900987	0.450521	0.450521	0.450521	0.900987	0.900987	0.450521	0.450521	0.450521	0.900987	0.450521	0.900987	0.900987	0.450521	0.900987	0.900987	0.450521	0.450521	0.900987	0.450521	0.450521	0.450521	0.450521	1.35134	0.900987	0.450521	0.900987	1.35134	0.900987	0.450521	0.450521	0.450521	1.35134	0.900987	0.450521	0.900987	0.900987	0.450521	0.450521	0.900987	0.450521	0.450521	0.450521	0.900987	1.35134	0.450521	0.450521	0.900987	0.900987	0.450521	0.450521	0.450521	0.450521	0.900987	0.450521	0	0	0.900987	0.900987	0.450521	0.450521	0.450521	1.35134	0.900987	0.450521	0.450521	0.450521	0.900987	0.900987	0.450521	0.900987	1.35134	0.450521	0	0	0.450521	0.900987	0.450521	0	0.450521	0.450521	0	0.450521	0.450521	0	0.450521	0.450521	0	0	0.450521	0.450521	0.450521	0.450521	0	0	0	0	0	0.450521	0.450521	0	0	0	0.450521	0.450521	0	0	0	0	0.450521	0.450521	0	0	0	0.450521	0.450521	0	0	0	0.450521	0.450521	0.450521	0.450521	0	0	0.450521	0.900987	0.450521	0	0.450521	0.900987	0.450521	0.450521	0.450521	0.450521	0.900987	0.450521	0.450521	0.900987	0.450521	0.900987	1.35134	0.450521	0.450521	1.35134	0.900987	0.450521	0.900987	0.450521	0.900987	0.900987	0	0.450521	0.900987	0.450521	0.450521	0.900987	0.450521	0.450521	0.450521	0.450521	0.900987	0.900987	0.450521	0.450521	0.900987	0.450521	0.450521	0.450521	0.450521	0.900987	0.450521	0	0.450521	0.900987	0.450521	0.450521	0.450521	0	0	0	0.450521	0.450521	0	0	0.450521	0.450521	0	0	0	0.450521	0.450521	0	0	0	0	0	0	0	0.450521	0.450521	0	0	0	0	0	0	0	0	0	0	0	0	0.450521	0	0.450521	0	0	0	0	0	0	0	0	0	0	0.450521	0.450521	0	0.450521	0.450521	0	0.450521	0.450521	0	0.450521	0.450521	0	0.450521	0.450521	0	0.450521	0.450521	0	0	0.450521	0.900987
0.900902	0.450479	0.450479	0.900902	0.900902	0.450479	0.900902	0.900902	0.450479	0.900902	0.450479	0.450479	0.450479	0.900902	0.900902	0.450479	0.450479	0.450479	0.900902	0.450479	0.900902	0.900902	0.450479	0.900902	0.900902	0.450479	0.450479	0.900902	0.450479	0.450479	0.450479	0.450479	1.35121	0.900902	0.450479	0.900902	1.35121	0.900902	0.450479	0.450479	0.450479	1.35121	0.900902	0.450479	0.900902	0.900902	0.450479	0.450479	0.900902	0.450479	0.450479	0.450479	0.900902	1.35121	0.450479	0.450479	0.900902	0.900902	0.450479	0.450479	0.450479	0.450479	0.900902	0.450479	0	0	0.900902	0.900902	0.450479	0.450479	0.450479	1.35121	0.900902	0.450479	0.450479	0.450479	0.900902	0.900902	0.450479	0.900902	1.35121	0.450479	0	0	0.450479	0.900902	0.450479	0	0.450479	0.450479	0	0.450479	0.450479	0	0.450479	0.450479	0	0	0.450479	0.450479	0.450479	0.450479	0	0	0	0	0	0.450479	0.450479	0	0	0	0.450479	0.450479	0	0	0	0	0.450479	0.450479	0	0	0	0.450479	0.450479	0	0	0	0.450479	0.450479	0.450479	0.450479	0	0	0.450479	0.900902	0.450479	0	0.450479	0.900902	0.450479	0.450479	0.450479	0.450479	0.900902	0.450479	0.450479	0.900902	0.450479	0.900902	1.35121	0.450479	0.450479	1.35121	0.900902	0.450479	0.900902	0.450479	0.900902	0.900902	0	0.450479	0.900902	0.450479	0.450479	0.900902	0.450479	0.450479	0.450479	0.450479	0.900902	0.900902	0.450479	0.450479	0.900902	0.450479	0.450479	0.450479	0.450479	0.900902	0.450479	0	0.450479	0.900902	0.450479	0.450479	0.450479	0	0	0	0.450479	0.450479	0	0	0.450479	0.450479	0	0	0	0.450479	0.450479	0	0	0	0	0	0	0	0.450479	0.450479	0	0	0	0	0	0	0	0	0	0	0	0	0.450479	0	0.450479	0	0	0	0	0	0	0	0	0	0	0.450479	0.450479	0	0.450479	0.450479	0	0.450479	0.450479	0	0.450479	0.450479	0	0.450479	0.450479	0	0.450479	0.450479	0	0	0.450479	0.900902
0.900817	0.450436	0.450436	0.900817	0.900817	0.450436	0.900817	0.900817	0.450436	0.900817	0.450436	0.450436	0.450436	0.900817	0.900817	0.450436	0.450436	0.450436	0.900817	0.450436	0.900817	0.900817	0.450436	0.900817	0.900817	0.450436	0.450436	0.900817	0.450436	0.450436	0.450436	0.450436	1.35109	0.900817	0.450436	0.900817	1.35109	0.900817	0.450436	0.450436	0.450436	1.35109	0.900817	0.450436	0.900817	0.900817	0.450436	0.450436	0.900817	0.450436	0.450436	0.450436	0.900817	1.35109	0.450436	0.450436	0.900817	0.900817	0.450436	0.450436	0.450436	0.450436	0.900817	0.450436	0	0	0.900817	0.900817	0.450436	0.450436	0.450436	1.35109	0.900817	0.450436	0.450436	0.450436	0.900817	0.900817	0.450436	0.900817	1.35109	0.450436	0	0	0.450436	0.900817	0.450436	0	0.450436	0.450436	0	0.450436	0.450436	0	0.450436	0.450436	0	0	0.450436	0.450436	0.450436	0.450436	0	0	0	0	0	0.450436	0.450436	0	0	0	0.450436	0.450436	0	0	0	0	0.450436	0.450436	0	0	0	0.450436	0.450436	0	0	0	0.450436	0.450436	0.450436	0.450436	0	0	0.450436	0.900817	0.450436	0	0.450436	0.900817	0.450436	0.450436	0.450436	0.450436	0.900817	0.450436	0.450436	0.900817	0.450436	0.900817	1.35109	0.450436	0.450436	1.35109	0.900817	0.450436	0.900817	0.450436	0.900817	0.900817	0	0.450436	0.900817	0.450436	0.450436	0.900817	0.450436	0.450436	0.450436	0.450436	0.900817	0.900817	0.450436	0.450436	0.900817	0.450436	0.450436	0.450436	0.450436	0.900817	0.450436	0	0.450436	0.900817	0.450436	0.450436	0.450436	0	0	0	0.450436	0.450436	0	0	0.450436	0.450436	0	0	0	0.450436	0.450436	0	0	0	0	0	0	0	0.450436	0.450436	0	0	0	0	0	0	0	0	0	0	0	0	0.450436	0	0.450436	0	0	0	0	0	0	0	0	0	0	0.450436	0.450436	0	0.450436	0.450436	0	0.450436	0.450436	0	0.450436	0.450436	0	0.450436	0.450436	0	0.450436	0.450436	0	0	0.450436	0.900817
2.01356	1.85655	1.85655	2.01356	2.01356	1.85655	2.06938	2.27895	2.29556	2.42421	2.29556	2.29556	2.29556	2.42421	2.42421	2.29556	2.29556	2.29556	2.42421	2.29556	2.49113	2.70529	2.73782	2.84646	2.84646	2.73782	2.73782	2.77904	2.42944	2.29556	2.29556	2.29556	2.66761	2.70529	2.73782	2.77904	2.81966	2.70529	2.73782	2.73782	2.73782	3.07272	3.13782	3.1818	3.20156	2.98937	2.73782	2.73782	2.84646	2.73782	2.73782	2.73782	2.92097	3.22121	2.86859	2.73782	2.84646	2.84646	2.73782	2.73782	2.73782	2.73782	2.84646	2.73782	2.5907	2.36614	2.42421	2.42421	2.21132	1.99463	1.85655	2.25097	2.01356	1.85655	1.85655	1.77993	1.7799	1.60002	1.15921	1.28369	1.75118	1.42411	1.24362	1.01961	1.00709	1.27377	1.00709	0.900803	1.00709	0.968587	0.574178	0.636965	0.636965	0.356096	0.574136	0.450394	0.159247	0.356096	0.636965	0.636965	0.636965	0.636965	0.450429	0.574178	0.796218	0.900803	0.900803	1.00709	1.00709	1.01961	1.24362	1.35107	1.28373	1.06818	1.01961	1.24362	1.35107	1.35107	1.42411	1.42411	1.35107	1.35107	1.35107	1.42411	1.42411	1.35107	1.35107	1.35107	1.28373	1.21265	1.21265	1.06818	0.900803	0.900803	0.857535	0.968562	0.636965	0.450429	0.477732	0.796158	0.450394	0.356073	0.477732	0.636965	1.00704	0.636965	0.636965	1.00704	0.636965	0.968562	1.46785	1.00709	0.968587	1.51037	1.11459	1.00709	1.27377	1.00709	1.28369	1.4679	1.24362	1.15921	1.28369	1.28373	1.42411	1.62361	1.42411	1.42411	1.42411	1.42411	1.62361	1.62361	1.42411	1.36039	1.43293	1.00709	1.00709	1.00709	1.00709	1.27377	1.00709	0.796218	0.811966	1.11459	1.00709	1.00709	1.00709	0.796218	0.503585	0.159247	0.356073	0.477732	0.318492	0.318492	0.477732	0.356073	0.159247	0.356096	0.450429	0.636965	0.636965	0.450429	0.574178	0.796218	0.900803	1.01961	1.24362	1.35107	1.28373	1.06818	1.01961	1.24362	1.35107	1.35107	1.35107	1.46793	1.6924	1.80116	1.80116	1.80116	1.80116	1.80116	1.94319	2.02613	1.94319	1.80116	1.91696	2.14155	2.25103	2.25103	2.25103	2.25103	2.25103	2.25103	2.36614	2.5164	2.38742	2.36614	2.5164	2.38742	2.36614	2.5164	2.38742	2.36614	2.5164	2.38742	2.36614	2.5164	2.38742	2.36614	2.64862	2.73782	2.70063	2.70063	2.73782	2.70529
2.01335	1.85634	1.85634	2.01335	2.01335	1.85634	1.99441	2.21108	2.29531	2.42395	2.29531	2.29531	2.29531	2.42395	2.42395	2.29531	2.29531	2.29531	2.42395	2.29531	2.42918	2.64833	2.73752	2.84615	2.84615	2.73752	2.73752	2.86825	2.49086	2.29531	2.29531	2.29531	2.57079	2.64833	2.73752	2.86825	2.81936	2.64833	2.73752	2.73752	2.73752	2.98905	3.08881	3.18145	3.27913	3.07239	2.73752	2.73752	2.84615	2.73752	2.73752	2.73752	2.86827	3.22086	2.92065	2.73752	2.84615	2.84615	2.73752	2.73752	2.73752	2.73752	2.84615	2.73752	2.60986	2.38716	2.42395	2.42395	2.2787	2.06916	1.85634	2.25074	2.01335	1.85634	1.85634	1.86314	1.9167	1.751	1.28356	1.15908	1.59985	1.42395	1.28359	1.06806	1.00698	1.27364	1.00698	0.900704	1.00698	1.11448	0.656509	0.6369	0.6369	0.477684	0.796082	0.450351	0.356039	0.477684	0.6369	0.6369	0.6369	0.6369	0.45038	0.656509	0.857443	0.900704	0.900704	1.00698	1.00698	1.06806	1.28359	1.35092	1.24348	1.0195	1.06806	1.28359	1.35092	1.35092	1.42395	1.42395	1.35092	1.35092	1.35092	1.42395	1.42395	1.35092	1.35092	1.35092	1.24348	1.21252	1.21252	1.0195	0.900704	0.900704	0.79613	0.796106	0.6369	0.45038	0.356057	0.574082	0.450351	0.159231	0.356057	0.6369	1.00695	0.6369	0.6369	1.00695	0.6369	0.796106	1.28354	1.00698	1.11448	1.51022	0.968485	1.00698	1.27364	1.00698	1.15908	1.36025	1.28359	1.28356	1.15908	1.24348	1.42395	1.62343	1.42395	1.42395	1.42395	1.42395	1.62343	1.62343	1.42395	1.46774	1.59983	1.00698	1.00698	1.00698	1.00698	1.27364	1.00698	0.857443	0.81188	0.968485	1.00698	1.00698	1.00698	0.857443	0.811861	0.356039	0.159231	0.356057	0.71205	0.71205	0.356057	0.159231	0.356039	0.477684	0.45038	0.6369	0.6369	0.45038	0.656509	0.857443	0.900704	1.06806	1.28359	1.35092	1.24348	1.0195	1.06806	1.28359	1.35092	1.35092	1.35092	1.50189	1.72188	1.80096	1.80096	1.80096	1.80096	1.80096	1.91675	2.02591	1.91675	1.80096	1.94298	2.16482	2.25079	2.25079	2.25079	2.25079	2.25079	2.25079	2.38716	2.51613	2.36588	2.38716	2.51613	2.36588	2.38716	2.51613	2.36588	2.38716	2.51613	2.36588	2.38716	2.51613	2.36588	2.38716	2.705	2.73752	2.70033	2.70033	2.73752	2.64833
0.900562	0.450309	0.450309	0.900562	0.900562	0.450309	0.450309	0.450309	0.450309	0.900562	0.450309	0.450309	0.450309	0.900562	0.900562	0.450309	0.450309	0.450309	0.900562	0.450309	0.450309	0.450309	0.450309	0.900562	0.900562	0.450309	0.450309	1.3507	0.900562	0.450309	0.450309	0.450309	0.900562	0.450309	0.450309	1.3507	1.3507	0.450309	0.450309	0.450309	0.450309	0.900562	0.450309	0.450309	1.3507	1.3507	0.450309	0.450309	0.900562	0.450309	0.450309	0.450309	0.450309	1.3507	0.900562	0.450309	0.900562	0.900562	0.450309	0.450309	0.450309	0.450309	0.900562	0.450309	0.450309	0.450309	0.900562	0.900562	0.900562	0.900562	0.450309	1.3507	0.900562	0.450309	0.450309	0.900562	1.3507	1.3507	0.900562	0.450309	0.900562	0.450309	0.450309	0.450309	0.450309	0.900562	0.450309	0	0.450309	0.900562	0.450309	0.450309	0.450309	0.450309	0.900562	0.450309	0.450309	0.450309	0.450309	0.450309	0.450309	0.450309	0	0.450309	0.450309	0	0	0.450309	0.450309	0.450309	0.450309	0	0	0	0.450309	0.450309	0	0	0.450309	0.450309	0	0	0	0.450309	0.450309	0	0	0	0	0.450309	0.450309	0	0	0	0	0.450309	0.450309	0	0	0.450309	0.450309	0	0	0.450309	0.900562	0.450309	0.450309	0.900562	0.450309	0.450309	0.900562	0.450309	0.900562	1.3507	0.450309	0.450309	0.900562	0.450309	0.450309	0.450309	0.450309	0.900562	0.450309	0	0.450309	0.900562	0.450309	0.450309	0.450309	0.450309	0.900562	0.900562	0.450309	0.900562	1.3507	0.450309	0.450309	0.450309	0.450309	0.900562	0.450309	0.450309	0.450309	0.450309	0.450309	0.450309	0.450309	0.450309	0.900562	0.450309	0	0	0.900562	0.900562	0	0	0.450309	0.450309	0	0.450309	0.450309	0	0.450309	0.450309	0	0.450309	0.450309	0	0	0	0.450309	0.450309	0	0	0	0.450309	0.450309	0	0	0	0	0	0	0	0	0	0.450309	0.450309	0	0	0	0	0	0	0.450309	0.450309	0	0.450309	0.450309	0	0.450309	0.450309	0	0.450309	0.450309	0	0.450309	0.450309	0	0.450309	0.900562	0.450309	0	0	0.450309	0.450309
0.900477	0.450266	0.450266	0.900477	0.900477	0.450266	0.450266	0.450266	0.450266	0.900477	0.450266	0.450266	0.450266	0.900477	0.900477	0.450266	0.450266	0.450266	0.900477	0.450266	0.450266	0.450266	0.450266	0.900477	0.900477	0.450266	0.450266	1.35058	0.900477	0.450266	0.450266	0.450266	0.900477	0.450266	0.450266	1.35058	1.35058	0.450266	0.450266	0.450266	0.450266	0.900477	0.450266	0.450266	1.35058	1.35058	0.450266	0.450266	0.900477	0.450266	0.450266	0.450266	0.450266	1.35058	0.900477	0.450266	0.900477	0.900477	0.450266	0.450266	0.450266	0.450266	0.900477	0.450266	0.450266	0.450266	0.900477	0.900477	0.900477	0.900477	0.450266	1.35058	0.900477	0.450266	0.450266	0.900477	1.35058	1.35058	0.900477	0.450266	0.900477	0.450266	0.450266	0.450266	0.450266	0.900477	0.450266	0	0.450266	0.900477	0.450266	0.450266	0.450266	0.450266	0.900477	0.450266	0.450266	0.450266	0.450266	0.450266	0.450266	0.450266	0	0.450266	0.450266	0	0	0.450266	0.450266	0.450266	0.450266	0	0	0	0.450266	0.450266	0	0	0.450266	0.450266	0	0	0	0.450266	0.450266	0	0	0	0	0.450266	0.450266	0	0	0	0	0.450266	0.450266	0	0	0.450266	0.450266	0	0	0.450266	0.900477	0.450266	0.450266	0.900477	0.450266	0.450266	0.900477	0.450266	0.900477	1.35058	0.450266	0.450266	0.900477	0.450266	0.450266	0.450266	0.450266	0.900477	0.450266	0	0.450266	0.900477	0.450266	0.450266	0.450266	0.450266	0.900477	0.900477	0.450266	0.900477	1.35058	0.450266	0.450266	0.450266	0.450266	0.900477	0.450266	0.450266	0.450266	0.450266	0.450266	0.450266	0.450266	0.450266	0.900477	0.450266	0	0	0.900477	0.900477	0	0	0.450266	0.450266	0	0.450266	0.450266	0	0.450266	0.450266	0	0.450266	0.450266	0	0	0	0.450266	0.450266	0	0	0	0.450266	0.450266	0	0	0	0	0	0	0	0	0	0.450266	0.450266	0	0	0	0	0	0	0.450266	0.450266	0	0.450266	0.450266	0	0.450266	0.450266	0	0.450266	0.450266	0	0.450266	0.450266	0	0.450266	0.900477	0.450266	0	0	0.450266	0.450266
0.900392	0.450224	0.450224	0.900392	0.900392	0.450224	0.450224	0.450224	0.450224	0.900392	0.450224	0.450224	0.450224	0.900392	0.900392	0.450224	0.450224	0.450224	0.900392	0.450224	0.450224	0.450224	0.450224	0.900392	0.900392	0.450224	0.450224	1.35045	0.900392	0.450224	0.450224	0.450224	0.900392	0.450224	0.450224	1.35045	1.35045	0.450224	0.450224	0.450224	0.450224	0.900392	0.450224	0.450224	1.35045	1.35045	0.450224	0.450224	0.900392	0.450224	0.450224	0.450224	0.450224	1.35045	0.900392	0.450224	0.900392	0.900392	0.450224	0.450224	0.450224	0.450224	0.900392	0.450224	0.450224	0.450224	0.900392	0.900392	0.900392	0.900392	0.450224	1.35045	0.900392	0.450224	0.450224	0.900392	1.35045	1.35045	0.900392	0.450224	0.900392	0.450224	0.450224	0.450224	0.450224	0.900392	0.450224	0	0.450224	0.900392	0.450224	0.450224	0.450224	0.450224	0.900392	0.450224	0.450224	0.450224	0.450224	0.450224	0.450224	0.450224	0	0.450224	0.450224	0	0	0.450224	0.450224	0.450224	0.450224	0	0	0	0.450224	0.450224	0	0	0.450224	0.450224	0	0	0	0.450224	0.450224	0	0	0	0	0.450224	0.450224	0	0	0	0	0.450224	0.450224	0	0	0.450224	0.450224	0	0	0.450224	0.900392	0.450224	0.450224	0.900392	0.450224	0.450224	0.900392	0.450224	0.900392	1.35045	0.450224	0.450224	0.900392	0.450224	0.450224	0.450224	0.450224	0.900392	0.450224	0	0.450224	0.900392	0.450224	0.450224	0.450224	0.450224	0.900392	0.900392	0.450224	0.900392	1.35045	0.450224	0.450224	0.450224	0.450224	0.900392	0.450224	0.450224	0.450224	0.450224	0.450224	0.450224	0.450224	0.450224	0.900392	0.450224	0	0	0.900392	0.900392	0	0	0.450224	0.450224	0	0.450224	0.450224	0	0.450224	0.450224	0	0.450224	0.450224	0	0	0	0.450224	0.450224	0	0	0	0.450224	0.450224	0	0	0	0	0	0	0	0	0	0.450224	0.450224	0	0	0	0	0	0	0.450224	0.450224	0	0.450224	0.450224	0	0.450224	0.450224	0	0.450224	0.450224	0	0.450224	0.450224	0	0.450224	0.900392	0.450224	0	0	0.450224	0.450224
0.900307	0.450182	0.450182	0.900307	0.900307	0.450182	0.450182	0.450182	0.450182	0.900307	0.450182	0.450182	0.450182	0.900307	0.900307	0.450182	0.450182	0.450182	0.900307	0.450182	0.450182	0.450182	0.450182	0.900307	0.900307	0.450182	0.450182	1.35032	0.900307	0.450182	0.450182	0.450182	0.900307	0.450182	0.450182	1.35032	1.35032	0.450182	0.450182	0.450182	0.450182	0.900307	0.450182	0.450182	1.35032	1.35032	0.450182	0.450182	0.900307	0.450182	0.450182	0.450182	0.450182	1.35032	0.900307	0.450182	0.900307	0.900307	0.450182	0.450182	0.450182	0.450182	0.900307	0.450182	0.450182	0.450182	0.900307	0.900307	0.900307	0.900307	0.450182	1.35032	0.900307	0.450182	0.450182	0.900307	1.35032	1.35032	0.900307	0.450182	0.900307	0.450182	0.450182	0.450182	0.450182	0.900307	0.450182	0	0.450182	0.900307	0.450182	0.450182	0.450182	0.450182	0.900307	0.450182	0.450182	0.450182	0.450182	0.450182	0.450182	0.450182	0	0.450182	0.450182	0	0	0.450182	0.450182	0.450182	0.450182	0	0	0	0.450182	0.450182	0	0	0.450182	0.450182	0	0	0	0.450182	0.450182	0	0	0	0	0.450182	0.450182	0	0	0	0	0.450182	0.450182	0	0	0.450182	0.450182	0	0	0.450182	0.900307	0.450182	0.450182	0.900307	0.450182	0.450182	0.900307	0.450182	0.900307	1.35032	0.450182	0.450182	0.900307	0.450182	0.450182	0.450182	0.450182	0.900307	0.450182	0	0.450182	0.900307	0.450182	0.450182	0.450182	0.450182	0.900307	0.900307	0.450182	0.900307	1.35032	0.450182	0.450182	0.450182	0.450182	0.900307	0.450182	0.450182	0.450182	0.450182	0.450182	0.450182	0.450182	0.450182	0.900307	0.450182	0	0	0.900307	0.900307	0	0	0.450182	0.450182	0	0.450182	0.450182	0	0.450182	0.450182	0	0.450182	0.450182	0	0	0	0.450182	0.450182	0	0	0	0.450182	0.450182	0	0	0	0	0	0	0	0	0	0.450182	0.450182	0	0	0	0	0	0	0.450182	0.450182	0	0.450182	0.450182	0	0.450182	0.450182	0	0.450182	0.450182	0	0.450182	0.450182	0	0.450182	0.900307	0.450182	0	0	0.450182	0.450182
0.900223	0.450139	0.450139	0.900223	0.900223	0.450139	0.450139	0.450139	0.450139	0.900223	0.450139	0.450139	0.450139	0.900223	0.900223	0.450139	0.450139	0.450139	0.900223	0.450139	0.450139	0.450139	0.450139	0.900223	0.900223	0.450139	0.450139	1.35019	0.900223	0.450139	0.450139	0.450139	0.900223	0.450139	0.450139	1.35019	1.35019	0.450139	0.450139	0.450139	0.450139	0.900223	0.450139	0.450139	1.35019	1.35019	0.450139	0.450139	0.900223	0.450139	0.450139	0.450139	0.450139	1.35019	0.900223	0.450139	0.900223	0.900223	0.450139	0.450139	0.450139	0.450139	0.900223	0.450139	0.450139	0.450139	0.900223	0.900223	0.900223	0.900223	0.450139	1.35019	0.900223	0.450139	0.450139	0.900223	1.35019	1.35019	0.900223	0.450139	0.900223	0.450139	0.450139	0.450139	0.450139	0.900223	0.450139	0	0.450139	0.900223	0.450139	0.450139	0.450139	0.450139	0.900223	0.450139	0.450139	0.450139	0.450139	0.450139	0.450139	0.450139	0	0.450139	0.450139	0	0	0.450139	0.450139	0.450139	0.450139	0	0	0	0.450139	0.450139	0	0	0.450139	0.450139	0	0	0	0.450139	0.450139	0	0	0	0	0.450139	0.450139	0	0	0	0	0.450139	0.450139	0	0	0.450139	0.450139	0	0	0.450139	0.900223	0.450139	0.450139	0.900223	0.450139	0.450139	0.900223	0.450139	0.900223	1.35019	0.450139	0.450139	0.900223	0.450139	0.450139	0.450139	0.450139	0.900223	0.450139	0	0.450139	0.900223	0.450139	0.450139	0.450139	0.450139	0.900223	0.900223	0.450139	0.900223	1.35019	0.450139	0.450139	0.450139	0.450139	0.900223	0.450139	0.450139	0.450139	0.450139	0.450139	0.450139	0.450139	0.450139	0.900223	0.450139	0	0	0.900223	0.900223	0	0	0.450139	0.450139	0	0.450139	0.450139	0	0.450139	0.450139	0	0.450139	0.450139	0	0	0	0.450139	0.450139	0	0	0	0.450139	0.450139	0	0	0	0	0	0	0	0	0	0.450139	0.450139	0	0	0	0	0	0	0.450139	0.450139	0	0.450139	0.450139	0	0.450139	0.450139	0	0.450139	0.450139	0	0.450139	0.450139	0	0.450139	0.900223	0.450139	0	0	0.450139	0.450139
0.900124	0.45009	0.45009	0.900124	0.900124	0.45009	0.45009	0.45009	0.45009	0.900124	0.45009	0.45009	0.45009	0.900124	0.900124	0.45009	0.45009	0.45009	0.900124	0.45009	0.45009	0.45009	0.45009	0.900124	0.900124	0.45009	0.45009	1.35005	0.900124	0.45009	0.45009	0.45009	0.900124	0.45009	0.45009	1.35005	1.35005	0.45009	0.45009	0.45009	0.45009	0.900124	0.45009	0.45009	1.35005	1.35005	0.45009	0.45009	0.900124	0.45009	0.45009	0.45009	0.45009	1.35005	0.900124	0.45009	0.900124	0.900124	0.45009	0.45009	0.45009	0.45009	0.900124	0.45009	0.45009	0.45009	0.900124	0.900124	0.900124	0.900124	0.45009	1.35005	0.900124	0.45009	0.45009	0.900124	1.35005	1.35005	0.900124	0.45009	0.900124	0.45009	0.45009	0.45009	0.45009	0.900124	0.45009	0	0.45009	0.900124	0.45009	0.45009	0.45009	0.45009	0.900124	0.45009	0.45009	0.45009	0.45009	0.45009	0.45009	0.45009	0	0.45009	0.45009	0	0	0.45009	0.45009	0.45009	0.45009	0	0	0	0.45009	0.45009	0	0	0.45009	0.45009	0	0	0	0.45009	0.45009	0	0	0	0	0.45009	0.45009	0	0	0	0	0.45009	0.45009	0	0	0.45009	0.45009	0	0	0.45009	0.900124	0.45009	0.45009	0.900124	0.45009	0.45009	0.900124	0.45009	0.900124	1.35005	0.45009	0.45009	0.900124	0.45009	0.45009	0.45009	0.45009	0.900124	0.45009	0	0.45009	0.900124	0.45009	0.45009	0.45009	0.45009	0.900124	0.900124	0.45009	0.900124	1.35005	0.45009	0.45009	0.45009	0.45009	0.900124	0.45009	0.45009	0.45009	0.45009	0.45009	0.45009	0.45009	0.45009	0.900124	0.45009	0	0	0.900124	0.900124	0	0	0.45009	0.45009	0	0.45009	0.45009	0	0.45009	0.45009	0	0.45009	0.45009	0	0	0	0.45009	0.45009	0	0	0	0.45009	0.45009	0	0	0	0	0	0	0	0	0	0.45009	0.45009	0	0	0	0	0	0	0.45009	0.45009	0	0.45009	0.45009	0	0.45009	0.45009	0	0.45009	0.45009	0	0.45009	0.45009	0	0.45009	0.900124	0.45009	0	0	0.45009	0.45009
0.900039	0.450047	0.450047	0.900039	0.900039	0.450047	0.450047	0.450047	0.450047	0.900039	0.450047	0.450047	0.450047	0.900039	0.900039	0.450047	0.450047	0.450047	0.900039	0.450047	0.450047	0.450047	0.450047	0.900039	0.900039	0.450047	0.450047	1.34992	0.900039	0.450047	0.450047	0.450047	0.900039	0.450047	0.450047	1.34992	1.34992	0.450047	0.450047	0.450047	0.450047	0.900039	0.450047	0.450047	1.34992	1.34992	0.450047	0.450047	0.900039	0.450047	0.450047	0.450047	0.450047	1.34992	0.900039	0.450047	0.900039	0.900039	0.450047	0.450047	0.450047	0.450047	0.900039	0.450047	0.450047	0.450047	0.900039	0.900039	0.900039	0.900039	0.450047	1.34992	0.900039	0.450047	0.450047	0.900039	1.34992	1.34992	0.900039	0.450047	0.900039	0.450047	0.450047	0.450047	0.450047	0.900039	0.450047	0	0.450047	0.900039	0.450047	0.450047	0.450047	0.450047	0.900039	0.450047	0.450047	0.450047	0.450047	0.450047	0.450047	0.450047	0	0.450047	0.450047	0	0	0.450047	0.450047	0.450047	0.450047	0	0	0	0.450047	0.450047	0	0	0.450047	0.450047	0	0	0	0.450047	0.450047	0	0	0	0	0.450047	0.450047	0	0	0	0	0.450047	0.450047	0	0	0.450047	0.450047	0	0	0.450047	0.900039	0.450047	0.450047	0.900039	0.450047	0.450047	0.900039	0.450047	0.900039	1.34992	0.450047	0.450047	0.900039	0.450047	0.450047	0.450047	0.450047	0.900039	0.450047	0	0.450047	0.900039	0.450047	0.450047	0.450047	0.450047	0.900039	0.900039	0.450047	0.900039	1.34992	0.450047	0.450047	0.450047	0.450047	0.900039	0.450047	0.450047	0.450047	0.450047	0.450047	0.450047	0.450047	0.450047	0.900039	0.450047	0	0	0.900039	0.900039	0	0	0.450047	0.450047	0	0.450047	0.450047	0	0.450047	0.450047	0	0.450047	0.450047	0	0	0	0.450047	0.450047	0	0	0	0.450047	0.450047	0	0	0	0	0	0	0	0	0	0.450047	0.450047	0	0	0	0	0	0	0.450047	0.450047	0	0.450047	0.450047	0	0.450047	0.450047	0	0.450047	0.450047	0	0.450047	0.450047	0	0.450047	0.900039	0.450047	0	0	0.450047	0.450047
0.899954	0.450005	0.450005	0.899954	0.899954	0.450005	0.450005	0.450005	0.450005	0.899954	0.450005	0.450005	0.450005	0.899954	0.899954	0.450005	0.450005	0.450005	0.899954	0.450005	0.450005	0.450005	0.450005	0.899954	0.899954	0.450005	0.450005	1.34979	0.899954	0.450005	0.450005	0.450005	0.899954	0.450005	0.450005	1.34979	1.34979	0.450005	0.450005	0.450005	0.450005	0.899954	0.450005	0.450005	1.34979	1.34979	0.450005	0.450005	0.899954	0.450005	0.450005	0.450005	0.450005	1.34979	0.899954	0.450005	0.899954	0.899954	0.450005	0.450005	0.450005	0.450005	0.899954	0.450005	0.450005	0.450005	0.899954	0.899954	0.899954	0.899954	0.450005	1.34979	0.899954	0.450005	0.450005	0.899954	1.34979	1.34979	0.899954	0.450005	0.899954	0.450005	0.450005	0.450005	0.450005	0.899954	0.450005	0	0.450005	0.899954	0.450005	0.450005	0.450005	0.450005	0.899954	0.450005	0.450005	0.450005	0.450005	0.450005	0.450005	0.450005	0	0.450005	0.450005	0	0	0.450005	0.450005	0.450005	0.450005	0	0	0	0.450005	0.450005	0	0	0.450005	0.450005	0	0	0	0.450005	0.450005	0	0	0	0	0.450005	0.450005	0	0	0	0	0.450005	0.450005	0	0	0.450005	0.450005	0	0	0.450005	0.899954	0.450005	0.450005	0.899954	0.450005	0.450005	0.899954	0.450005	0.899954	1.34979	0.450005	0.450005	0.899954	0.450005	0.450005	0.450005	0.450005	0.899954	0.450005	0	0.450005	0.899954	0.450005	0.450005	0.450005	0.450005	0.899954	0.899954	0.450005	0.899954	1.34979	0.450005	0.450005	0.450005	0.450005	0.899954	0.450005	0.450005	0.450005	0.450005	0.450005	0.450005	0.450005	0.450005	0.899954	0.450005	0	0	0.899954	0.899954	0	0	0.450005	0.450005	0	0.450005	0.450005	0	0.450005	0.450005	0	0.450005	0.450005	0	0	0	0.450005	0.450005	0	0	0	0.450005	0.450005	0	0	0	0	0	0	0	0	0	0.450005	0.450005	0	0	0	0	0	0	0.450005	0.450005	0	0.450005	0.450005	0	0.450005	0.450005	0	0.450005	0.450005	0	0.450005	0.450005	0	0.450005	0.899954	0.450005	0	0	0.450005	0.450005
0.899869	0.449962	0.449962	0.899869	0.899869	0.449962	0.449962	0.449962	0.449962	0.899869	0.449962	0.449962	0.449962	0.899869	0.899869	0.449962	0.449962	0.449962	0.899869	0.449962	0.449962	0.449962	0.449962	0.899869	0.899869	0.449962	0.449962	1.34967	0.899869	0.449962	0.449962	0.449962	0.899869	0.449962	0.449962	1.34967	1.34967	0.449962	0.449962	0.449962	0.449962	0.899869	0.449962	0.449962	1.34967	1.34967	0.449962	0.449962	0.899869	0.449962	0.449962	0.449962	0.449962	1.34967	0.899869	0.449962	0.899869	0.899869	0.449962	0.449962	0.449962	0.449962	0.899869	0.449962	0.449962	0.449962	0.899869	0.899869	0.899869	0.899869	0.449962	1.34967	0.899869	0.449962	0.449962	0.899869	1.34967	1.34967	0.899869	0.449962	0.899869	0.449962	0.449962	0.449962	0.449962	0.899869	0.449962	0	0.449962	0.899869	0.449962	0.449962	0.449962	0.449962	0.899869	0.449962	0.449962	0.449962	0.449962	0.449962	0.449962	0.449962	0	0.449962	0.449962	0	0	0.449962	0.449962	0.449962	0.449962	0	0	0	0.449962	0.449962	0	0	0.449962	0.449962	0	0	0	0.449962	0.449962	0	0	0	0	0.449962	0.449962	0	0	0	0	0.449962	0.449962	0	0	0.449962	0.449962	0	0	0.449962	0.899869	0.449962	0.449962	0.899869	0.449962	0.449962	0.899869	0.449962	0.899869	1.34967	0.449962	0.449962	0.899869	0.449962	0.449962	0.449962	0.449962	0.899869	0.449962	0	0.449962	0.899869	0.449962	0.449962	0.449962	0.449962	0.899869	0.899869	0.449962	0.899869	1.34967	0.449962	0.449962	0.449962	0.449962	0.899869	0.449962	0.449962	0.449962	0.449962	0.449962	0.449962	0.449962	0.449962	0.899869	0.449962	0	0	0.899869	0.899869	0	0	0.449962	0.449962	0	0.449962	0.449962	0	0.449962	0.449962	0	0.449962	0.449962	0	0	0	0.449962	0.449962	0	0	0	0.449962	0.449962	0	0	0	0	0	0	0	0	0	0.449962	0.449962	0	0	0	0	0	0	0.449962	0.449962	0	0.449962	0.449962	0	0.449962	0.449962	0	0.449962	0.449962	0	0.449962	0.449962	0	0.449962	0.899869	0.449962	0	0	0.449962	0.449962
0.899784	0.44992	0.44992	0.899784	0.899784	0.44992	0.44992	0.44992	0.44992	0.899784	0.44992	0.44992	0.44992	0.899784	0.899784	0.44992	0.44992	0.44992	0.899784	0.44992	0.44992	0.44992	0.44992	0.899784	0.899784	0.44992	0.44992	1.34954	0.899784	0.44992	0.44992	0.44992	0.899784	0.44992	0.44992	1.34954	1.34954	0.44992	0.44992	0.44992	0.44992	0.899784	0.44992	0.44992	1.34954	1.34954	0.44992	0.44992	0.899784	0.44992	0.44992	0.44992	0.44992	1.34954	0.899784	0.44992	0.899784	0.899784	0.44992	0.44992	0.44992	0.44992	0.899784	0.44992	0.44992	0.44992	0.899784	0.899784	0.899784	0.899784	0.44992	1.34954	0.899784	0.44992	0.44992	0.899784	1.34954	1.34954	0.899784	0.44992	0.899784	0.44992	0.44992	0.44992	0.44992	0.899784	0.44992	0	0.44992	0.899784	0.44992	0.44992	0.44992	0.44992	0.899784	0.44992	0.44992	0.44992	0.44992	0.44992	0.44992	0.44992	0	0.44992	0.44992	0	0	0.44992	0.44992	0.44992	0.44992	0	0	0	0.44992	0.44992	0	0	0.44992	0.44992	0	0	0	0.44992	0.44992	0	0	0	0	0.44992	0.44992	0	0	0	0	0.44992	0.44992	0	0	0.44992	0.44992	0	0	0.44992	0.899784	0.44992	0.44992	0.899784	0.44992	0.44992	0.899784	0.44992	0.899784	1.34954	0.44992	0.44992	0.899784	0.44992	0.44992	0.44992	0.44992	0.899784	0.44992	0	0.44992	0.899784	0.44992	0.44992	0.44992	0.44992	0.899784	0.899784	0.44992	0.899784	1.34954	0.44992	0.44992	0.44992	0.44992	0.899784	0.44992	0.44992	0.44992	0.44992	0.44992	0.44992	0.44992	0.44992	0.899784	0.44992	0	0	0.899784	0.899784	0	0	0.44992	0.44992	0	0.44992	0.44992	0	0.44992	0.44992	0	0.44992	0.44992	0	0	0	0.44992	0.44992	0	0	0	0.44992	0.44992	0	0	0	0	0	0	0	0	0	0.44992	0.44992	0	0	0	0	0	0	0.44992	0.44992	0	0.44992	0.44992	0	0.44992	0.44992	0	0.44992	0.44992	0	0.44992	0.44992	0	0.44992	0.899784	0.44992	0	0	0.44992	0.44992
1.00589	0.636235	0.636235	0.856506	0.795245	0.449878	0.449878	0.449878	0.355665	0.856506	0.636235	0.636235	0.636235	1.00589	1.00589	0.636235	0.636235	0.636235	1.00589	0.636235	0.636235	0.636235	0.636235	1.00589	1.00589	0.636235	0.655826	1.44008	1.46621	1.42248	1.42248	1.42248	1.66026	1.7201	1.85442	2.27631	2.46788	2.29293	2.29293	2.29293	2.29293	2.42144	2.29293	2.29293	2.66456	2.86527	2.73468	2.73468	2.8432	2.73468	2.82988	3.05277	3.17816	3.48437	3.57005	3.62255	3.70496	3.70496	3.62255	3.62255	3.62255	3.62255	3.70496	3.62255	3.52749	3.30638	3.2719	3.2719	3.2719	3.2719	3.17816	3.48437	3.57005	3.52749	3.30638	3.35177	3.62946	3.62946	3.57005	3.62255	3.626	3.30638	3.17816	3.17816	3.17816	3.1979	2.8653	2.58773	2.42666	2.36339	1.99234	1.85442	1.85442	1.85442	2.01125	1.85442	1.85442	1.85442	1.77789	1.56627	1.42248	1.42248	1.24219	1.15788	1.00594	0.795305	0.57352	0.636235	0.636235	0.636235	0.636235	0.355687	0.224942	0.355687	0.477185	0.355665	0.159065	0.503007	0.811035	0.655826	0.57352	0.927453	1.24219	1.28225	1.06695	1.01845	1.24219	1.34952	1.34952	1.42248	1.42248	1.34952	1.34952	1.34952	1.34952	1.28225	1.06695	1.01845	1.24219	1.28225	1.06695	1.01845	1.24219	1.42248	1.46621	1.06695	1.00594	1.11332	0.655826	0.636235	1.00589	0.636235	0.856506	1.12457	0.477185	0.636235	1.00589	0.636235	0.655826	0.856552	1.00594	1.27231	1.00594	0.89977	1.00594	1.27231	1.00594	1.00594	1.00594	1.00594	1.27231	1.27231	1.00594	1.28222	1.74917	1.42248	1.42248	1.42248	1.42248	1.62174	1.42248	1.42248	1.42248	1.42248	1.42248	1.42248	1.42248	1.42248	1.62174	1.42248	1.24219	1.01845	1.28222	1.46621	1.24219	1.01845	1.00594	0.967476	0.57352	0.655826	0.856552	0.795305	0.795275	0.636235	0.449913	0.636235	0.655802	0.159065	0	0	0.449878	0.449878	0	0.159065	0.503007	0.811035	0.655826	0.449913	0.449913	0.57352	0.795305	0.89977	0.89977	1.01845	1.24219	1.34952	1.28225	1.06695	0.89977	1.01845	1.24219	1.46625	1.69046	1.7991	1.85442	1.85442	1.7991	1.85442	1.99234	2.13909	2.16257	2.07313	2.13909	2.29293	2.29293	2.24846	2.29293	2.42666	2.58773	2.60716	2.48828	2.29293	2.36343	2.58773	2.60716	2.51352
1.0058	0.636175	0.636175	0.65574	0.573424	0.449835	0.449835	0.449835	0.15905	0.65574	0.636175	0.636175	0.636175	1.0058	1.0058	0.636175	0.636175	0.636175	1.0058	0.636175	0.636175	0.636175	0.636175	1.0058	1.0058	0.636175	0.573465	1.12452	1.35871	1.42234	1.42234	1.42234	1.56612	1.6903	1.85425	2.16234	2.36317	2.29271	2.29271	2.29271	2.29271	2.42121	2.29271	2.29271	2.56788	2.7756	2.73443	2.73443	2.84293	2.73443	2.81174	3.03593	3.17786	3.41103	3.52716	3.62221	3.70461	3.70461	3.62221	3.62221	3.62221	3.62221	3.70461	3.62221	3.56971	3.35146	3.27159	3.27159	3.27159	3.27159	3.17786	3.41103	3.52716	3.56971	3.35146	3.30607	3.62911	3.62911	3.52716	3.62221	3.6944	3.35146	3.17786	3.17786	3.17786	3.27542	2.91735	2.60692	2.48804	2.46765	2.06681	1.85425	1.85425	1.85425	2.01107	1.85425	1.85425	1.85425	1.86103	1.6601	1.42234	1.42234	1.28213	1.2821	1.00584	0.856471	0.655764	0.636175	0.636175	0.636175	0.636175	0.47714	0.674735	0.47714	0.355654	0.15905	0.355631	0.810934	0.810958	0.573465	0.655764	1.12452	1.28213	1.24208	1.01835	1.06685	1.28213	1.34939	1.34939	1.42234	1.42234	1.34939	1.34939	1.34939	1.34939	1.24208	1.01835	1.06685	1.28213	1.24208	1.01835	1.06685	1.28213	1.42234	1.35871	1.01835	1.00584	0.967385	0.573465	0.636175	1.0058	0.636175	0.65574	0.674735	0.355654	0.636175	1.0058	0.636175	0.573465	0.79523	1.00584	1.27219	1.00584	0.899685	1.00584	1.27219	1.00584	1.00584	1.00584	1.00584	1.27219	1.27219	1.00584	1.15777	1.59803	1.42234	1.42234	1.42234	1.42234	1.62159	1.42234	1.42234	1.42234	1.42234	1.42234	1.42234	1.42234	1.42234	1.62159	1.42234	1.28213	1.06685	1.15777	1.35871	1.28213	1.06685	1.00584	1.11321	0.655764	0.573465	0.79523	0.856471	0.967361	0.636175	0.44987	0.636175	0.856425	0.355631	0	0	0.449835	0.449835	0	0.355631	0.810934	0.810958	0.573465	0.44987	0.44987	0.655764	0.856471	0.899685	0.899685	1.06685	1.28213	1.34939	1.24208	1.01835	0.899685	1.06685	1.28213	1.50019	1.71994	1.79893	1.85425	1.85425	1.79893	1.85425	2.06681	2.16237	2.13889	2.07293	2.16237	2.29271	2.29271	2.24824	2.29271	2.48804	2.60692	2.58749	2.42643	2.29271	2.38447	2.60692	2.58749	2.51328
0.89953	0.449793	0.449793	0.449793	0.449793	0.449793	0.449793	0.449793	0	0.449793	0.449793	0.449793	0.449793	0.89953	0.89953	0.449793	0.449793	0.449793	0.89953	0.449793	0.449793	0.449793	0.449793	0.89953	0.89953	0.449793	0	0.449793	0.449793	0.449793	0.449793	0.449793	0.449793	0	0.449793	0.89953	0.89953	0.449793	0.449793	0.449793	0.449793	0.89953	0.449793	0.449793	0.89953	0.89953	0.449793	0.449793	0.89953	0.449793	0	0	0.449793	0.89953	0.449793	0.449793	0.89953	0.89953	0.449793	0.449793	0.449793	0.449793	0.89953	0.449793	0.89953	0.89953	0.89953	0.89953	0.89953	0.89953	0.449793	0.89953	0.449793	0.89953	0.89953	0.449793	1.34916	1.34916	0.449793	0.449793	1.34916	0.89953	0.449793	0.449793	0.449793	1.34916	0.89953	0.449793	0.89953	1.34916	0.89953	0.449793	0.449793	0.449793	0.89953	0.449793	0.449793	0.449793	0.89953	0.89953	0.449793	0.449793	0.449793	0.89953	0.449793	0.449793	0.449793	0.449793	0.449793	0.449793	0.449793	0.449793	0.89953	0.449793	0	0	0.449793	0.89953	0.449793	0	0.449793	0.89953	0.449793	0	0	0.449793	0.449793	0	0	0.449793	0.449793	0	0	0	0	0	0	0.449793	0.449793	0	0	0.449793	0.449793	0.449793	0.449793	0	0.449793	0.449793	0	0.449793	0.89953	0.449793	0.449793	0.449793	0	0.449793	0.89953	0.449793	0	0	0.449793	0.89953	0.449793	0	0.449793	0.89953	0.449793	0.449793	0.449793	0.449793	0.89953	0.89953	0.449793	0.449793	0.89953	0.449793	0.449793	0.449793	0.449793	0.89953	0.449793	0.449793	0.449793	0.449793	0.449793	0.449793	0.449793	0.449793	0.89953	0.449793	0.449793	0.449793	0.449793	0.449793	0.449793	0.449793	0.449793	0.89953	0.449793	0	0	0.449793	0.89953	0.449793	0	0.449793	0.89953	0.449793	0	0	0.449793	0.449793	0	0.449793	0.89953	0.449793	0	0	0	0.449793	0.449793	0	0	0.449793	0.449793	0	0	0	0	0.449793	0.449793	0.449793	0.449793	0	0.449793	0.449793	0	0.449793	0.89953	0.449793	0	0.449793	0.449793	0.449793	0.449793	0	0.449793	0.89953	0.449793	0	0.449793	0.449793	0.449793	0.449793	0	0.449793
0.899445	0.44975	0.44975	0.44975	0.44975	0.44975	0.44975	0.44975	0	0.44975	0.44975	0.44975	0.44975	0.899445	0.899445	0.44975	0.44975	0.44975	0.899445	0.44975	0.44975	0.44975	0.44975	0.899445	0.899445	0.44975	0	0.44975	0.44975	0.44975	0.44975	0.44975	0.44975	0	0.44975	0.899445	0.899445	0.44975	0.44975	0.44975	0.44975	0.899445	0.44975	0.44975	0.899445	0.899445	0.44975	0.44975	0.899445	0.44975	0	0	0.44975	0.899445	0.44975	0.44975	0.899445	0.899445	0.44975	0.44975	0.44975	0.44975	0.899445	0.44975	0.899445	0.899445	0.899445	0.899445	0.899445	0.899445	0.44975	0.899445	0.44975	0.899445	0.899445	0.44975	1.34903	1.34903	0.44975	0.44975	1.34903	0.899445	0.44975	0.44975	0.44975	1.34903	0.899445	0.44975	0.899445	1.34903	0.899445	0.44975	0.44975	0.44975	0.899445	0.44975	0.44975	0.44975	0.899445	0.899445	0.44975	0.44975	0.44975	0.899445	0.44975	0.44975	0.44975	0.44975	0.44975	0.44975	0.44975	0.44975	0.899445	0.44975	0	0	0.44975	0.899445	0.44975	0	0.44975	0.899445	0.44975	0	0	0.44975	0.44975	0	0	0.44975	0.44975	0	0	0	0	0	0	0.44975	0.44975	0	0	0.44975	0.44975	0.44975	0.44975	0	0.44975	0.44975	0	0.44975	0.899445	0.44975	0.44975	0.44975	0	0.44975	0.899445	0.44975	0	0	0.44975	0.899445	0.44975	0	0.44975	0.899445	0.44975	0.44975	0.44975	0.44975	0.899445	0.899445	0.44975	0.44975	0.899445	0.44975	0.44975	0.44975	0.44975	0.899445	0.44975	0.44975	0.44975	0.44975	0.44975	0.44975	0.44975	0.44975	0.899445	0.44975	0.44975	0.44975	0.44975	0.44975	0.44975	0.44975	0.44975	0.899445	0.44975	0	0	0.44975	0.899445	0.44975	0	0.44975	0.899445	0.44975	0	0	0.44975	0.44975	0	0.44975	0.899445	0.44975	0	0	0	0.44975	0.44975	0	0	0.44975	0.44975	0	0	0	0	0.44975	0.44975	0.44975	0.44975	0	0.44975	0.44975	0	0.44975	0.899445	0.44975	0	0.44975	0.44975	0.44975	0.44975	0	0.44975	0.899445	0.44975	0	0.44975	0.44975	0.44975	0.44975	0	0.44975
0.899361	0.449708	0.449708	0.449708	0.449708	0.449708	0.449708	0.449708	0	0.449708	0.449708	0.449708	0.449708	0.899361	0.899361	0.449708	0.449708	0.449708	0.899361	0.449708	0.449708	0.449708	0.449708	0.899361	0.899361	0.449708	0	0.449708	0.449708	0.449708	0.449708	0.449708	0.449708	0	0.449708	0.899361	0.899361	0.449708	0.449708	0.449708	0.449708	0.899361	0.449708	0.449708	0.899361	0.899361	0.449708	0.449708	0.899361	0.449708	0	0	0.449708	0.899361	0.449708	0.449708	0.899361	0.899361	0.449708	0.449708	0.449708	0.449708	0.899361	0.449708	0.899361	0.899361	0.899361	0.899361	0.899361	0.899361	0.449708	0.899361	0.449708	0.899361	0.899361	0.449708	1.3489	1.3489	0.449708	0.449708	1.3489	0.899361	0.449708	0.449708	0.449708	1.3489	0.899361	0.449708	0.899361	1.3489	0.899361	0.449708	0.449708	0.449708	0.899361	0.449708	0.449708	0.449708	0.899361	0.899361	0.449708	0.449708	0.449708	0.899361	0.449708	0.449708	0.449708	0.449708	0.449708	0.449708	0.449708	0.449708	0.899361	0.449708	0	0	0.449708	0.899361	0.449708	0	0.449708	0.899361	0.449708	0	0	0.449708	0.449708	0	0	0.449708	0.449708	0	0	0	0	0	0	0.449708	0.449708	0	0	0.449708	0.449708	0.449708	0.449708	0	0.449708	0.449708	0	0.449708	0.899361	0.449708	0.449708	0.449708	0	0.449708	0.899361	0.449708	0	0	0.449708	0.899361	0.449708	0	0.449708	0.899361	0.449708	0.449708	0.449708	0.449708	0.899361	0.899361	0.449708	0.449708	0.899361	0.449708	0.449708	0.449708	0.449708	0.899361	0.449708	0.449708	0.449708	0.449708	0.449708	0.449708	0.449708	0.449708	0.899361	0.449708	0.449708	0.449708	0.449708	0.449708	0.449708	0.449708	0.449708	0.899361	0.449708	0	0	0.449708	0.899361	0.449708	0	0.449708	0.899361	0.449708	0	0	0.449708	0.449708	0	0.449708	0.899361	0.449708	0	0	0	0.449708	0.449708	0	0	0.449708	0.449708	0	0	0	0	0.449708	0.449708	0.449708	0.449708	0	0.449708	0.449708	0	0.449708	0.899361	0.449708	0	0.449708	0.449708	0.449708	0.449708	0	0.449708	0.899361	0.449708	0	0.449708	0.449708	0.449708	0.449708	0	0.449708
0.899276	0.449666	0.449666	0.449666	0.449666	0.449666	0.449666	0.449666	0	0.449666	0.449666	0.449666	0.449666	0.899276	0.899276	0.449666	0.449666	0.449666	0.899276	0.449666	0.449666	0.449666	0.449666	0.899276	0.899276	0.449666	0	0.449666	0.449666	0.449666	0.449666	0.449666	0.449666	0	0.449666	0.899276	0.899276	0.449666	0.449666	0.449666	0.449666	0.899276	0.449666	0.449666	0.899276	0.899276	0.449666	0.449666	0.899276	0.449666	0	0	0.449666	0.899276	0.449666	0.449666	0.899276	0.899276	0.449666	0.449666	0.449666	0.449666	0.899276	0.449666	0.899276	0.899276	0.899276	0.899276	0.899276	0.899276	0.449666	0.899276	0.449666	0.899276	0.899276	0.449666	1.34878	1.34878	0.449666	0.449666	1.34878	0.899276	0.449666	0.449666	0.449666	1.34878	0.899276	0.449666	0.899276	1.34878	0.899276	0.449666	0.449666	0.449666	0.899276	0.449666	0.449666	0.449666	0.899276	0.899276	0.449666	0.449666	0.449666	0.899276	0.449666	0.449666	0.449666	0.449666	0.449666	0.449666	0.449666	0.449666	0.899276	0.449666	0	0	0.449666	0.899276	0.449666	0	0.449666	0.899276	0.449666	0	0	0.449666	0.449666	0	0	0.449666	0.449666	0	0	0	0	0	0	0.449666	0.449666	0	0	0.449666	0.449666	0.449666	0.449666	0	0.449666	0.449666	0	0.449666	0.899276	0.449666	0.449666	0.449666	0	0.449666	0.899276	0.449666	0	0	0.449666	0.899276	0.449666	0	0.449666	0.899276	0.449666	0.449666	0.449666	0.449666	0.899276	0.899276	0.449666	0.449666	0.899276	0.449666	0.449666	0.449666	0.449666	0.899276	0.449666	0.449666	0.449666	0.449666	0.449666	0.449666	0.449666	0.449666	0.899276	0.449666	0.449666	0.449666	0.449666	0.449666	0.449666	0.449666	0.449666	0.899276	0.449666	0	0	0.449666	0.899276	0.449666	0	0.449666	0.899276	0.449666	0	0	0.449666	0.449666	0	0.449666	0.899276	0.449666	0	0	0	0.449666	0.449666	0	0	0.449666	0.449666	0	0	0	0	0.449666	0.449666	0.449666	0.449666	0	0.449666	0.449666	0	0.449666	0.899276	0.449666	0	0.449666	0.449666	0.449666	0.449666	0	0.449666	0.899276	0.449666	0	0.449666	0.449666	0.449666	0.449666	0	0.449666
0.899191	0.449623	0.449623	0.449623	0.449623	0.449623	0.449623	0.449623	0	0.449623	0.449623	0.449623	0.449623	0.899191	0.899191	0.449623	0.449623	0.449623	0.899191	0.449623	0.449623	0.449623	0.449623	0.899191	0.899191	0.449623	0	0.449623	0.449623	0.449623	0.449623	0.449623	0.449623	0	0.449623	0.899191	0.899191	0.449623	0.449623	0.449623	0.449623	0.899191	0.449623	0.449623	0.899191	0.899191	0.449623	0.449623	0.899191	0.449623	0	0	0.449623	0.899191	0.449623	0.449623	0.899191	0.899191	0.449623	0.449623	0.449623	0.449623	0.899191	0.449623	0.899191	0.899191	0.899191	0.899191	0.899191	0.899191	0.449623	0.899191	0.449623	0.899191	0.899191	0.449623	1.34865	1.34865	0.449623	0.449623	1.34865	0.899191	0.449623	0.449623	0.449623	1.34865	0.899191	0.449623	0.899191	1.34865	0.899191	0.449623	0.449623	0.449623	0.899191	0.449623	0.449623	0.449623	0.899191	0.899191	0.449623	0.449623	0.449623	0.899191	0.449623	0.449623	0.449623	0.449623	0.449623	0.449623	0.449623	0.449623	0.899191	0.449623	0	0	0.449623	0.899191	0.449623	0	0.449623	0.899191	0.449623	0	0	0.449623	0.449623	0	0	0.449623	0.449623	0	0	0	0	0	0	0.449623	0.449623	0	0	0.449623	0.449623	0.449623	0.449623	0	0.449623	0.449623	0	0.449623	0.899191	0.449623	0.449623	0.449623	0	0.449623	0.899191	0.449623	0	0	0.449623	0.899191	0.449623	0	0.449623	0.899191	0.449623	0.449623	0.449623	0.449623	0.899191	0.899191	0.449623	0.449623	0.899191	0.449623	0.449623	0.449623	0.449623	0.899191	0.449623	0.449623	0.449623	0.449623	0.449623	0.449623	0.449623	0.449623	0.899191	0.449623	0.449623	0.449623	0.449623	0.449623	0.449623	0.449623	0.449623	0.899191	0.449623	0	0	0.449623	0.899191	0.449623	0	0.449623	0.899191	0.449623	0	0	0.449623	0.449623	0	0.449623	0.899191	0.449623	0	0	0	0.449623	0.449623	0	0	0.449623	0.449623	0	0	0	0	0.449623	0.449623	0.449623	0.449623	0	0.449623	0.449623	0	0.449623	0.899191	0.449623	0	0.449623	0.449623	0.449623	0.449623	0	0.449623	0.899191	0.449623	0	0.449623	0.449623	0.449623	0.449623	0	0.449623
0.899107	0.449581	0.449581	0.449581	0.449581	0.449581	0.449581	0.449581	0	0.449581	0.449581	0.449581	0.449581	0.899107	0.899107	0.449581	0.449581	0.449581	0.899107	0.449581	0.449581	0.449581	0.449581	0.899107	0.899107	0.449581	0	0.449581	0.449581	0.449581	0.449581	0.449581	0.449581	0	0.449581	0.899107	0.899107	0.449581	0.449581	0.449581	0.449581	0.899107	0.449581	0.449581	0.899107	0.899107	0.449581	0.449581	0.899107	0.449581	0	0	0.449581	0.899107	0.449581	0.449581	0.899107	0.899107	0.449581	0.449581	0.449581	0.449581	0.899107	0.449581	0.899107	0.899107	0.899107	0.899107	0.899107	0.899107	0.449581	0.899107	0.449581	0.899107	0.899107	0.449581	1.34852	1.34852	0.449581	0.449581	1.34852	0.899107	0.449581	0.449581	0.449581	1.34852	0.899107	0.449581	0.899107	1.34852	0.899107	0.449581	0.449581	0.449581	0.899107	0.449581	0.449581	0.449581	0.899107	0.899107	0.449581	0.449581	0.449581	0.899107	0.449581	0.449581	0.449581	0.449581	0.449581	0.449581	0.449581	0.449581	0.899107	0.449581	0	0	0.449581	0.899107	0.449581	0	0.449581	0.899107	0.449581	0	0	0.449581	0.449581	0	0	0.449581	0.449581	0	0	0	0	0	0	0.449581	0.449581	0	0	0.449581	0.449581	0.449581	0.449581	0	0.449581	0.449581	0	0.449581	0.899107	0.449581	0.449581	0.449581	0	0.449581	0.899107	0.449581	0	0	0.449581	0.899107	0.449581	0	0.449581	0.899107	0.449581	0.449581	0.449581	0.449581	0.899107	0.899107	0.449581	0.449581	0.899107	0.449581	0.449581	0.449581	0.449581	0.899107	0.449581	0.449581	0.449581	0.449581	0.449581	0.449581	0.449581	0.449581	0.899107	0.449581	0.449581	0.449581	0.449581	0.449581	0.449581	0.449581	0.449581	0.899107	0.449581	0	0	0.449581	0.899107	0.449581	0	0.449581	0.899107	0.449581	0	0	0.449581	0.449581	0	0.449581	0.899107	0.449581	0	0	0	0.449581	0.449581	0	0	0.449581	0.449581	0	0	0	0	0.449581	0.449581	0.449581	0.449581	0	0.449581	0.449581	0	0.449581	0.899107	0.449581	0	0.449581	0.449581	0.449581	0.449581	0	0.449581	0.899107	0.449581	0	0.449581	0.449581	0.449581	0.449581	0	0.449581
0.899022	0.449539	0.449539	0.449539	0.449539	0.449539	0.449539	0.449539	0	0.449539	0.449539	0.449539	0.449539	0.899022	0.899022	0.449539	0.449539	0.449539	0.899022	0.449539	0.449539	0.449539	0.449539	0.899022	0.899022	0.449539	0	0.449539	0.449539	0.449539	0.449539	0.449539	0.449539	0	0.449539	0.899022	0.899022	0.449539	0.449539	0.449539	0.449539	0.899022	0.449539	0.449539	0.899022	0.899022	0.449539	0.449539	0.899022	0.449539	0	0	0.449539	0.899022	0.449539	0.449539	0.899022	0.899022	0.449539	0.449539	0.449539	0.449539	0.899022	0.449539	0.899022	0.899022	0.899022	0.899022	0.899022	0.899022	0.449539	0.899022	0.449539	0.899022	0.899022	0.449539	1.34839	1.34839	0.449539	0.449539	1.34839	0.899022	0.449539	0.449539	0.449539	1.34839	0.899022	0.449539	0.899022	1.34839	0.899022	0.449539	0.449539	0.449539	0.899022	0.449539	0.449539	0.449539	0.899022	0.899022	0.449539	0.449539	0.449539	0.899022	0.449539	0.449539	0.449539	0.449539	0.449539	0.449539	0.449539	0.449539	0.899022	0.449539	0	0	0.449539	0.899022	0.449539	0	0.449539	0.899022	0.449539	0	0	0.449539	0.449539	0	0	0.449539	0.449539	0	0	0	0	0	0	0.449539	0.449539	0	0	0.449539	0.449539	0.449539	0.449539	0	0.449539	0.449539	0	0.449539	0.899022	0.449539	0.449539	0.449539	0	0.449539	0.899022	0.449539	0	0	0.449539	0.899022	0.449539	0	0.449539	0.899022	0.449539	0.449539	0.449539	0.449539	0.899022	0.899022	0.449539	0.449539	0.899022	0.449539	0.449539	0.449539	0.449539	0.899022	0.449539	0.449539	0.449539	0.449539	0.449539	0.449539	0.449539	0.449539	0.899022	0.449539	0.449539	0.449539	0.449539	0.449539	0.449539	0.449539	0.449539	0.899022	0.449539	0	0	0.449539	0.899022	0.449539	0	0.449539	0.899022	0.449539	0	0	0.449539	0.449539	0	0.449539	0.899022	0.449539	0	0	0	0.449539	0.449539	0	0	0.449539	0.449539	0	0	0	0	0.449539	0.449539	0.449539	0.449539	0	0.449539	0.449539	0	0.449539	0.899022	0.449539	0	0.449539	0.449539	0.449539	0.449539	0	0.449539	0.899022	0.449539	0	0.449539	0.449539	0.449539	0.449539	0	0.449539
0.898923	0.449489	0.449489	0.449489	0.449489	0.449489	0.449489	0.449489	0	0.449489	0.449489	0.449489	0.449489	0.898923	0.898923	0.449489	0.449489	0.449489	0.898923	0.449489	0.449489	0.449489	0.449489	0.898923	0.898923	0.449489	0	0.449489	0.449489	0.449489	0.449489	0.449489	0.449489	0	0.449489	0.898923	0.898923	0.449489	0.449489	0.449489	0.449489	0.898923	0.449489	0.449489	0.898923	0.898923	0.449489	0.449489	0.898923	0.449489	0	0	0.449489	0.898923	0.449489	0.449489	0.898923	0.898923	0.449489	0.449489	0.449489	0.449489	0.898923	0.449489	0.898923	0.898923	0.898923	0.898923	0.898923	0.898923	0.449489	0.898923	0.449489	0.898923	0.898923	0.449489	1.34825	1.34825	0.449489	0.449489	1.34825	0.898923	0.449489	0.449489	0.449489	1.34825	0.898923	0.449489	0.898923	1.34825	0.898923	0.449489	0.449489	0.449489	0.898923	0.449489	0.449489	0.449489	0.898923	0.898923	0.449489	0.449489	0.449489	0.898923	0.449489	0.449489	0.449489	0.449489	0.449489	0.449489	0.449489	0.449489	0.898923	0.449489	0	0	0.449489	0.898923	0.449489	0	0.449489	0.898923	0.449489	0	0	0.449489	0.449489	0	0	0.449489	0.449489	0	0	0	0	0	0	0.449489	0.449489	0	0	0.449489	0.449489	0.449489	0.449489	0	0.449489	0.449489	0	0.449489	0.898923	0.449489	0.449489	0.449489	0	0.449489	0.898923	0.449489	0	0	0.449489	0.898923	0.449489	0	0.449489	0.898923	0.449489	0.449489	0.449489	0.449489	0.898923	0.898923	0.449489	0.449489	0.898923	0.449489	0.449489	0.449489	0.449489	0.898923	0.449489	0.449489	0.449489	0.449489	0.449489	0.449489	0.449489	0.449489	0.898923	0.449489	0.449489	0.449489	0.449489	0.449489	0.449489	0.449489	0.449489	0.898923	0.449489	0	0	0.449489	0.898923	0.449489	0	0.449489	0.898923	0.449489	0	0	0.449489	0.449489	0	0.449489	0.898923	0.449489	0	0	0	0.449489	0.449489	0	0	0.449489	0.449489	0	0	0	0	0.449489	0.449489	0.449489	0.449489	0	0.449489	0.449489	0	0.449489	0.898923	0.449489	0	0.449489	0.449489	0.449489	0.449489	0	0.449489	0.898923	0.449489	0	0.449489	0.449489	0.449489	0.449489	0	0.449489
2.69961	2.38241	2.29074	2.29074	2.29074	2.29074	2.16051	1.93911	1.91293	2.07114	1.93911	1.85265	1.85265	1.85942	1.65867	1.42111	1.42111	1.42111	1.46481	1.06593	1.00497	1.00497	0.855732	0.966526	0.855686	0.355325	0	0.449447	0.449447	0.355325	0.476728	0.635626	0.635626	0.449482	0.635626	0.966526	1.11225	1.00497	1.06593	1.28103	1.42111	1.65867	1.71845	1.85265	2.00933	2.06503	2.16051	2.29074	2.4859	2.60467	2.58526	2.36117	2.29074	2.4859	2.60467	2.73207	2.84048	2.84048	2.73207	2.73207	2.73207	2.73207	2.84048	2.73207	2.91484	3.13124	3.26878	3.26878	3.34857	3.56664	3.61909	3.70143	3.61909	3.78529	4.0044	4.06349	4.32936	4.46891	4.18811	4.06349	4.32936	4.44363	4.40968	4.18811	4.06349	4.25637	4.13689	3.96663	3.83797	3.83468	3.70143	3.61909	3.61909	3.52412	3.33728	2.86256	2.73207	2.73207	2.77321	2.56567	2.29074	2.29074	2.29074	2.41912	2.29074	2.29074	2.29074	2.20667	1.91949	1.56477	1.42111	1.42111	1.62019	1.42111	1.14583	0.710666	0.635626	1.00493	0.655174	0.158913	0.449447	0.898839	0.449447	0.158913	0.355347	0.635626	0.794514	0.794544	1.01747	1.2101	1.2101	1.241	1.46484	1.68884	1.79738	1.79738	1.79738	1.71845	1.49889	1.34823	1.34823	1.42111	1.42111	1.28103	1.06593	0.898909	0.855732	0.810259	0.794544	0.855732	0.966526	0.635626	0.635626	0.635626	0.449482	0.635626	1.00493	0.635626	0.572971	0.794544	0.855732	0.966526	0.794514	0.794544	0.855732	0.966526	0.635626	0.635626	0.635626	0.476728	0.794484	0.898839	0.449447	0.355325	0.855686	0.635626	0.655199	0.855732	1.00497	1.2711	1.00497	1.06593	1.2101	1.2101	1.28103	1.42111	1.42111	1.42111	1.65867	1.71845	1.85265	1.85265	1.77619	1.56477	1.42111	1.42111	1.42111	1.65867	1.71845	1.68884	1.46484	1.42111	1.62019	1.42111	1.34823	1.42111	1.65867	1.71845	1.68884	1.46484	1.42111	1.42111	1.34823	1.42111	1.65867	1.63572	1.46484	1.241	1.01747	1.06593	1.2101	1.01747	0.898909	1.00497	0.966551	0.572971	0.355347	0.158913	0	0.449447	0.449447	0.449447	0.572929	0.355347	0.476728	0.502502	0.355347	0.635626	1.00493	0.635626	0.572971	0.966551	1.00497	1.00497	1.15677	1.241	1.42111	1.62019	1.42111	1.34823	1.42111	1.42111	1.42111	1.42111	1.46484	1.77619
2.64281	2.36094	2.29052	2.29052	2.29052	2.29052	2.13685	1.91275	1.93893	2.07095	1.91275	1.85247	1.85247	1.77602	1.56462	1.42098	1.42098	1.42098	1.35741	1.01738	1.00488	1.00488	0.794469	0.794439	0.655113	0.158898	0	0.449405	0.449405	0.158898	0.355313	0.635566	0.635566	0.44944	0.635566	0.794439	0.96646	1.00488	1.01738	1.24089	1.42098	1.56462	1.68869	1.85247	2.00914	1.99025	2.13685	2.29052	2.42411	2.58502	2.60443	2.38219	2.29052	2.42411	2.58502	2.73181	2.84022	2.84022	2.73181	2.73181	2.73181	2.73181	2.84022	2.73181	2.8623	3.08238	3.26847	3.26847	3.30291	3.52379	3.61875	3.70108	3.61875	3.74493	3.96625	4.06311	4.27068	4.46849	4.22347	4.06311	4.27068	4.40927	4.44322	4.22347	4.06311	4.25597	4.1365	4.00402	3.90245	3.83432	3.70108	3.61875	3.61875	3.5663	3.51303	2.91456	2.73181	2.73181	2.86226	2.66176	2.29052	2.29052	2.29052	2.41889	2.29052	2.29052	2.29052	2.27395	2.11903	1.65852	1.42098	1.42098	1.62004	1.42098	1.3101	0.9533	0.635566	1.00483	0.855605	0.355291	0.449405	0.898754	0.449405	0.355291	0.476683	0.635566	0.966435	0.855652	1.06583	1.20999	1.20999	1.28091	1.49875	1.71829	1.79721	1.79721	1.79721	1.68869	1.46471	1.3481	1.3481	1.42098	1.42098	1.24089	1.01738	0.898825	0.794469	0.810182	0.855652	0.794469	0.794439	0.635566	0.635566	0.635566	0.44944	0.635566	1.00483	0.635566	0.655137	0.855652	0.794469	0.794439	0.966435	0.855652	0.794469	0.794439	0.635566	0.635566	0.635566	0.355313	0.572875	0.898754	0.449405	0.158898	0.655113	0.635566	0.572917	0.794469	1.00488	1.27098	1.00488	1.01738	1.20999	1.20999	1.24089	1.42098	1.42098	1.42098	1.56462	1.68869	1.85247	1.85247	1.85925	1.65852	1.42098	1.42098	1.42098	1.56462	1.68869	1.71829	1.49875	1.42098	1.62004	1.42098	1.3481	1.42098	1.56462	1.68869	1.71829	1.49875	1.42098	1.42098	1.3481	1.42098	1.56462	1.63557	1.49875	1.28091	1.06583	1.01738	1.20999	1.06583	0.898825	1.00488	1.11215	0.655137	0.476683	0.355291	0	0.449405	0.449405	0.449405	0.794409	0.476683	0.355313	0.502455	0.476683	0.635566	1.00483	0.635566	0.655137	1.11215	1.00488	1.00488	1.28088	1.28091	1.42098	1.62004	1.42098	1.3481	1.42098	1.42098	1.42098	1.42098	1.49875	1.85925
0.449362	0	0.449362	0.449362	0.449362	0.449362	0	0	0.449362	0.449362	0	0.449362	0.449362	0.449362	0.449362	0.449362	0.449362	0.449362	0.449362	0	0.449362	0.449362	0	0.449362	0.449362	0	0	0.449362	0.449362	0	0	0.449362	0.449362	0	0.449362	0.449362	0.449362	0.449362	0	0	0.449362	0.449362	0	0.449362	0.89867	0.449362	0	0.449362	0.449362	0	0.449362	0.449362	0.449362	0.449362	0	0.449362	0.89867	0.89867	0.449362	0.449362	0.449362	0.449362	0.89867	0.449362	0.449362	0.449362	0.89867	0.89867	0.449362	0.449362	0.449362	0.89867	0.449362	0.449362	0.449362	0.449362	0.89867	1.34787	0.89867	0.449362	0.89867	0.449362	0.89867	0.89867	0.449362	1.34787	0.89867	0.89867	1.34787	1.34787	0.89867	0.449362	0.449362	0.89867	1.7969	0.89867	0.449362	0.449362	1.34787	1.34787	0.449362	0.449362	0.449362	0.89867	0.449362	0.449362	0.449362	0.89867	1.34787	0.89867	0.449362	0.449362	0.89867	0.449362	0.89867	0.89867	0.449362	0.89867	0.89867	0.449362	0.449362	0.89867	0.449362	0.449362	0.449362	0.449362	0.89867	0.449362	0.449362	0.449362	0.449362	0.449362	0.449362	0.449362	0	0	0	0	0	0	0	0.449362	0.449362	0	0	0	0	0.449362	0.449362	0	0.449362	0.449362	0.449362	0.449362	0	0.449362	0.89867	0.449362	0.449362	0.449362	0	0.449362	0.89867	0.449362	0	0.449362	0.449362	0.449362	0.449362	0	0.449362	0.89867	0.449362	0	0.449362	0.449362	0	0	0.449362	0.89867	0.449362	0	0.449362	0.449362	0	0.449362	0.449362	0.449362	0.449362	0	0.449362	0.449362	0.89867	0.89867	0.449362	0.449362	0.449362	0.449362	0	0.449362	0.449362	0.449362	0.89867	0.449362	0	0.449362	0.449362	0	0.449362	0.449362	0.449362	0.449362	0	0.449362	0.449362	0.449362	0.449362	0.449362	0.449362	0	0.449362	0.449362	0	0.449362	0.89867	0.449362	0.449362	0.449362	0	0.449362	0.449362	0.449362	0.89867	0.449362	0	0.449362	0.449362	0.449362	0.89867	0.449362	0.449362	0.89867	0.449362	0.449362	0.89867	0.449362	0.449362	0.89867	0.449362	0	0.449362	0.449362	0.449362	0.449362	0.449362	0.89867
0.44932	0	0.44932	0.44932	0.44932	0.44932	0	0	0.44932	0.44932	0	0.44932	0.44932	0.44932	0.44932	0.44932	0.44932	0.44932	0.44932	0	0.44932	0.44932	0	0.44932	0.44932	0	0	0.44932	0.44932	0	0	0.44932	0.44932	0	0.44932	0.44932	0.44932	0.44932	0	0	0.44932	0.44932	0	0.44932	0.898585	0.44932	0	0.44932	0.44932	0	0.44932	0.44932	0.44932	0.44932	0	0.44932	0.898585	0.898585	0.44932	0.44932	0.44932	0.44932	0.898585	0.44932	0.44932	0.44932	0.898585	0.898585	0.44932	0.44932	0.44932	0.898585	0.44932	0.44932	0.44932	0.44932	0.898585	1.34774	0.898585	0.44932	0.898585	0.44932	0.898585	0.898585	0.44932	1.34774	0.898585	0.898585	1.34774	1.34774	0.898585	0.44932	0.44932	0.898585	1.79673	0.898585	0.44932	0.44932	1.34774	1.34774	0.44932	0.44932	0.44932	0.898585	0.44932	0.44932	0.44932	0.898585	1.34774	0.898585	0.44932	0.44932	0.898585	0.44932	0.898585	0.898585	0.44932	0.898585	0.898585	0.44932	0.44932	0.898585	0.44932	0.44932	0.44932	0.44932	0.898585	0.44932	0.44932	0.44932	0.44932	0.44932	0.44932	0.44932	0	0	0	0	0	0	0	0.44932	0.44932	0	0	0	0	0.44932	0.44932	0	0.44932	0.44932	0.44932	0.44932	0	0.44932	0.898585	0.44932	0.44932	0.44932	0	0.44932	0.898585	0.44932	0	0.44932	0.44932	0.44932	0.44932	0	0.44932	0.898585	0.44932	0	0.44932	0.44932	0	0	0.44932	0.898585	0.44932	0	0.44932	0.44932	0	0.44932	0.44932	0.44932	0.44932	0	0.44932	0.44932	0.898585	0.898585	0.44932	0.44932	0.44932	0.44932	0	0.44932	0.44932	0.44932	0.898585	0.44932	0	0.44932	0.44932	0	0.44932	0.44932	0.44932	0.44932	0	0.44932	0.44932	0.44932	0.44932	0.44932	0.44932	0	0.44932	0.44932	0	0.44932	0.898585	0.44932	0.44932	0.44932	0	0.44932	0.44932	0.44932	0.898585	0.44932	0	0.44932	0.44932	0.44932	0.898585	0.44932	0.44932	0.898585	0.44932	0.44932	0.898585	0.44932	0.44932	0.898585	0.44932	0	0.44932	0.44932	0.44932	0.44932	0.44932	0.898585
0.449278	0	0.449278	0.449278	0.449278	0.449278	0	0	0.449278	0.449278	0	0.449278	0.449278	0.449278	0.449278	0.449278	0.449278	0.449278	0.449278	0	0.449278	0.449278	0	0.449278	0.449278	0	0	0.449278	0.449278	0	0	0.449278	0.449278	0	0.449278	0.449278	0.449278	0.449278	0	0	0.449278	0.449278	0	0.449278	0.8985	0.449278	0	0.449278	0.449278	0	0.449278	0.449278	0.449278	0.449278	0	0.449278	0.8985	0.8985	0.449278	0.449278	0.449278	0.449278	0.8985	0.449278	0.449278	0.449278	0.8985	0.8985	0.449278	0.449278	0.449278	0.8985	0.449278	0.449278	0.449278	0.449278	0.8985	1.34761	0.8985	0.449278	0.8985	0.449278	0.8985	0.8985	0.449278	1.34761	0.8985	0.8985	1.34761	1.34761	0.8985	0.449278	0.449278	0.8985	1.79656	0.8985	0.449278	0.449278	1.34761	1.34761	0.449278	0.449278	0.449278	0.8985	0.449278	0.449278	0.449278	0.8985	1.34761	0.8985	0.449278	0.449278	0.8985	0.449278	0.8985	0.8985	0.449278	0.8985	0.8985	0.449278	0.449278	0.8985	0.449278	0.449278	0.449278	0.449278	0.8985	0.449278	0.449278	0.449278	0.449278	0.449278	0.449278	0.449278	0	0	0	0	0	0	0	0.449278	0.449278	0	0	0	0	0.449278	0.449278	0	0.449278	0.449278	0.449278	0.449278	0	0.449278	0.8985	0.449278	0.449278	0.449278	0	0.449278	0.8985	0.449278	0	0.449278	0.449278	0.449278	0.449278	0	0.449278	0.8985	0.449278	0	0.449278	0.449278	0	0	0.449278	0.8985	0.449278	0	0.449278	0.449278	0	0.449278	0.449278	0.449278	0.449278	0	0.449278	0.449278	0.8985	0.8985	0.449278	0.449278	0.449278	0.449278	0	0.449278	0.449278	0.449278	0.8985	0.449278	0	0.449278	0.449278	0	0.449278	0.449278	0.449278	0.449278	0	0.449278	0.449278	0.449278	0.449278	0.449278	0.449278	0	0.449278	0.449278	0	0.449278	0.8985	0.449278	0.449278	0.449278	0	0.449278	0.449278	0.449278	0.8985	0.449278	0	0.449278	0.449278	0.449278	0.8985	0.449278	0.449278	0.8985	0.449278	0.449278	0.8985	0.449278	0.449278	0.8985	0.449278	0	0.449278	0.449278	0.449278	0.449278	0.449278	0.8985
0.449236	0	0.449236	0.449236	0.449236	0.449236	0	0	0.449236	0.449236	0	0.449236	0.449236	0.449236	0.449236	0.449236	0.449236	0.449236	0.449236	0	0.449236	0.449236	0	0.449236	0.449236	0	0	0.449236	0.449236	0	0	0.449236	0.449236	0	0.449236	0.449236	0.449236	0.449236	0	0	0.449236	0.449236	0	0.449236	0.898416	0.449236	0	0.449236	0.449236	0	0.449236	0.449236	0.449236	0.449236	0	0.449236	0.898416	0.898416	0.449236	0.449236	0.449236	0.449236	0.898416	0.449236	0.449236	0.449236	0.898416	0.898416	0.449236	0.449236	0.449236	0.898416	0.449236	0.449236	0.449236	0.449236	0.898416	1.34749	0.898416	0.449236	0.898416	0.449236	0.898416	0.898416	0.449236	1.34749	0.898416	0.898416	1.34749	1.34749	0.898416	0.449236	0.449236	0.898416	1.79639	0.898416	0.449236	0.449236	1.34749	1.34749	0.449236	0.449236	0.449236	0.898416	0.449236	0.449236	0.449236	0.898416	1.34749	0.898416	0.449236	0.449236	0.898416	0.449236	0.898416	0.898416	0.449236	0.898416	0.898416	0.449236	0.449236	0.898416	0.449236	0.449236	0.449236	0.449236	0.898416	0.449236	0.449236	0.449236	0.449236	0.449236	0.449236	0.449236	0	0	0	0	0	0	0	0.449236	0.449236	0	0	0	0	0.449236	0.449236	0	0.449236	0.449236	0.449236	0.449236	0	0.449236	0.898416	0.449236	0.449236	0.449236	0	0.449236	0.898416	0.449236	0	0.449236	0.449236	0.449236	0.449236	0	0.449236	0.898416	0.449236	0	0.449236	0.449236	0	0	0.449236	0.898416	0.449236	0	0.449236	0.449236	0	0.449236	0.449236	0.449236	0.449236	0	0.449236	0.449236	0.898416	0.898416	0.449236	0.449236	0.449236	0.449236	0	0.449236	0.449236	0.449236	0.898416	0.449236	0	0.449236	0.449236	0	0.449236	0.449236	0.449236	0.449236	0	0.449236	0.449236	0.449236	0.449236	0.449236	0.449236	0	0.449236	0.449236	0	0.449236	0.898416	0.449236	0.449236	0.449236	0	0.449236	0.449236	0.449236	0.898416	0.449236	0	0.449236	0.449236	0.449236	0.898416	0.449236	0.449236	0.898416	0.449236	0.449236	0.898416	0.449236	0.449236	0.898416	0.449236	0	0.449236	0.449236	0.449236	0.449236	0.449236	0.898416
0.449193	0	0.449193	0.449193	0.449193	0.449193	0	0	0.449193	0.449193	0	0.449193	0.449193	0.449193	0.449193	0.449193	0.449193	0.449193	0.449193	0	0.449193	0.449193	0	0.449193	0.449193	0	0	0.449193	0.449193	0	0	0.449193	0.449193	0	0.449193	0.449193	0.449193	0.449193	0	0	0.449193	0.449193	0	0.449193	0.898331	0.449193	0	0.449193	0.449193	0	0.449193	0.449193	0.449193	0.449193	0	0.449193	0.898331	0.898331	0.449193	0.449193	0.449193	0.449193	0.898331	0.449193	0.449193	0.449193	0.898331	0.898331	0.449193	0.449193	0.449193	0.898331	0.449193	0.449193	0.449193	0.449193	0.898331	1.34736	0.898331	0.449193	0.898331	0.449193	0.898331	0.898331	0.449193	1.34736	0.898331	0.898331	1.34736	1.34736	0.898331	0.449193	0.449193	0.898331	1.79622	0.898331	0.449193	0.449193	1.34736	1.34736	0.449193	0.449193	0.449193	0.898331	0.449193	0.449193	0.449193	0.898331	1.34736	0.898331	0.449193	0.449193	0.898331	0.449193	0.898331	0.898331	0.449193	0.898331	0.898331	0.449193	0.449193	0.898331	0.449193	0.449193	0.449193	0.449193	0.898331	0.449193	0.449193	0.449193	0.449193	0.449193	0.449193	0.449193	0	0	0	0	0	0	0	0.449193	0.449193	0	0	0	0	0.449193	0.449193	0	0.449193	0.449193	0.449193	0.449193	0	0.449193	0.898331	0.449193	0.449193	0.449193	0	0.449193	0.898331	0.449193	0	0.449193	0.449193	0.449193	0.449193	0	0.449193	0.898331	0.449193	0	0.449193	0.449193	0	0	0.449193	0.898331	0.449193	0	0.449193	0.449193	0	0.449193	0.449193	0.449193	0.449193	0	0.449193	0.449193	0.898331	0.898331	0.449193	0.449193	0.449193	0.449193	0	0.449193	0.449193	0.449193	0.898331	0.449193	0	0.449193	0.449193	0	0.449193	0.449193	0.449193	0.449193	0	0.449193	0.449193	0.449193	0.449193	0.449193	0.449193	0	0.449193	0.449193	0	0.449193	0.898331	0.449193	0.449193	0.449193	0	0.449193	0.449193	0.449193	0.898331	0.449193	0	0.449193	0.449193	0.449193	0.898331	0.449193	0.449193	0.898331	0.449193	0.449193	0.898331	0.449193	0.449193	0.898331	0.449193	0	0.449193	0.449193	0.449193	0.449193	0.449193	0.898331
0.449151	0	0.449151	0.449151	0.449151	0.449151	0	0	0.449151	0.449151	0	0.449151	0.449151	0.449151	0.449151	0.449151	0.449151	0.449151	0.449151	0	0.449151	0.449151	0	0.449151	0.449151	0	0	0.449151	0.449151	0	0	0.449151	0.449151	0	0.449151	0.449151	0.449151	0.449151	0	0	0.449151	0.449151	0	0.449151	0.898247	0.449151	0	0.449151	0.449151	0	0.449151	0.449151	0.449151	0.449151	0	0.449151	0.898247	0.898247	0.449151	0.449151	0.449151	0.449151	0.898247	0.449151	0.449151	0.449151	0.898247	0.898247	0.449151	0.449151	0.449151	0.898247	0.449151	0.449151	0.449151	0.449151	0.898247	1.34723	0.898247	0.449151	0.898247	0.449151	0.898247	0.898247	0.449151	1.34723	0.898247	0.898247	1.34723	1.34723	0.898247	0.449151	0.449151	0.898247	1.79605	0.898247	0.449151	0.449151	1.34723	1.34723	0.449151	0.449151	0.449151	0.898247	0.449151	0.449151	0.449151	0.898247	1.34723	0.898247	0.449151	0.449151	0.898247	0.449151	0.898247	0.898247	0.449151	0.898247	0.898247	0.449151	0.449151	0.898247	0.449151	0.449151	0.449151	0.449151	0.898247	0.449151	0.449151	0.449151	0.449151	0.449151	0.449151	0.449151	0	0	0	0	0	0	0	0.449151	0.449151	0	0	0	0	0.449151	0.449151	0	0.449151	0.449151	0.449151	0.449151	0	0.449151	0.898247	0.449151	0.449151	0.449151	0	0.449151	0.898247	0.449151	0	0.449151	0.449151	0.449151	0.449151	0	0.449151	0.898247	0.449151	0	0.449151	0.449151	0	0	0.449151	0.898247	0.449151	0	0.449151	0.449151	0	0.449151	0.449151	0.449151	0.449151	0	0.449151	0.449151	0.898247	0.898247	0.449151	0.449151	0.449151	0.449151	0	0.449151	0.449151	0.449151	0.898247	0.449151	0	0.449151	0.449151	0	0.449151	0.449151	0.449151	0.449151	0	0.449151	0.449151	0.449151	0.449151	0.449151	0.449151	0	0.449151	0.449151	0	0.449151	0.898247	0.449151	0.449151	0.449151	0	0.449151	0.449151	0.449151	0.898247	0.449151	0	0.449151	0.449151	0.449151	0.898247	0.449151	0.449151	0.898247	0.449151	0.449151	0.898247	0.449151	0.449151	0.898247	0.449151	0	0.449151	0.449151	0.449151	0.449151	0.449151	0.898247
0.449109	0	0.449109	0.449109	0.449109	0.449109	0	0	0.449109	0.449109	0	0.449109	0.449109	0.449109	0.449109	0.449109	0.449109	0.449109	0.449109	0	0.449109	0.449109	0	0.449109	0.449109	0	0	0.449109	0.449109	0	0	0.449109	0.449109	0	0.449109	0.449109	0.449109	0.449109	0	0	0.449109	0.449109	0	0.449109	0.898162	0.449109	0	0.449109	0.449109	0	0.449109	0.449109	0.449109	0.449109	0	0.449109	0.898162	0.898162	0.449109	0.449109	0.449109	0.449109	0.898162	0.449109	0.449109	0.449109	0.898162	0.898162	0.449109	0.449109	0.449109	0.898162	0.449109	0.449109	0.449109	0.449109	0.898162	1.34711	0.898162	0.449109	0.898162	0.449109	0.898162	0.898162	0.449109	1.34711	0.898162	0.898162	1.34711	1.34711	0.898162	0.449109	0.449109	0.898162	1.79588	0.898162	0.449109	0.449109	1.34711	1.34711	0.449109	0.449109	0.449109	0.898162	0.449109	0.449109	0.449109	0.898162	1.34711	0.898162	0.449109	0.449109	0.898162	0.449109	0.898162	0.898162	0.449109	0.898162	0.898162	0.449109	0.449109	0.898162	0.449109	0.449109	0.449109	0.449109	0.898162	0.449109	0.449109	0.449109	0.449109	0.449109	0.449109	0.449109	0	0	0	0	0	0	0	0.449109	0.449109	0	0	0	0	0.449109	0.449109	0	0.449109	0.449109	0.449109	0.449109	0	0.449109	0.898162	0.449109	0.449109	0.449109	0	0.449109	0.898162	0.449109	0	0.449109	0.449109	0.449109	0.449109	0	0.449109	0.898162	0.449109	0	0.449109	0.449109	0	0	0.449109	0.898162	0.449109	0	0.449109	0.449109	0	0.449109	0.449109	0.449109	0.449109	0	0.449109	0.449109	0.898162	0.898162	0.449109	0.449109	0.449109	0.449109	0	0.449109	0.449109	0.449109	0.898162	0.449109	0	0.449109	0.449109	0	0.449109	0.449109	0.449109	0.449109	0	0.449109	0.449109	0.449109	0.449109	0.449109	0.449109	0	0.449109	0.449109	0	0.449109	0.898162	0.449109	0.449109	0.449109	0	0.449109	0.449109	0.449109	0.898162	0.449109	0	0.449109	0.449109	0.449109	0.898162	0.449109	0.449109	0.898162	0.449109	0.449109	0.898162	0.449109	0.449109	0.898162	0.449109	0	0.449109	0.449109	0.449109	0.449109	0.449109	0.898162
0.449067	0	0.449067	0.449067	0.449067	0.449067	0	0	0.449067	0.449067	0	0.449067	0.449067	0.449067	0.449067	0.449067	0.449067	0.449067	0.449067	0	0.449067	0.449067	0	0.449067	0.449067	0	0	0.449067	0.449067	0	0	0.449067	0.449067	0	0.449067	0.449067	0.449067	0.449067	0	0	0.449067	0.449067	0	0.449067	0.898078	0.449067	0	0.449067	0.449067	0	0.449067	0.449067	0.449067	0.449067	0	0.449067	0.898078	0.898078	0.449067	0.449067	0.449067	0.449067	0.898078	0.449067	0.449067	0.449067	0.898078	0.898078	0.449067	0.449067	0.449067	0.898078	0.449067	0.449067	0.449067	0.449067	0.898078	1.34698	0.898078	0.449067	0.898078	0.449067	0.898078	0.898078	0.449067	1.34698	0.898078	0.898078	1.34698	1.34698	0.898078	0.449067	0.449067	0.898078	1.79571	0.898078	0.449067	0.449067	1.34698	1.34698	0.449067	0.449067	0.449067	0.898078	0.449067	0.449067	0.449067	0.898078	1.34698	0.898078	0.449067	0.449067	0.898078	0.449067	0.898078	0.898078	0.449067	0.898078	0.898078	0.449067	0.449067	0.898078	0.449067	0.449067	0.449067	0.449067	0.898078	0.449067	0.449067	0.449067	0.449067	0.449067	0.449067	0.449067	0	0	0	0	0	0	0	0.449067	0.449067	0	0	0	0	0.449067	0.449067	0	0.449067	0.449067	0.449067	0.449067	0	0.449067	0.898078	0.449067	0.449067	0.449067	0	0.449067	0.898078	0.449067	0	0.449067	0.449067	0.449067	0.449067	0	0.449067	0.898078	0.449067	0	0.449067	0.449067	0	0	0.449067	0.898078	0.449067	0	0.449067	0.449067	0	0.449067	0.449067	0.449067	0.449067	0	0.449067	0.449067	0.898078	0.898078	0.449067	0.449067	0.449067	0.449067	0	0.449067	0.449067	0.449067	0.898078	0.449067	0	0.449067	0.449067	0	0.449067	0.449067	0.449067	0.449067	0	0.449067	0.449067	0.449067	0.449067	0.449067	0.449067	0	0.449067	0.449067	0	0.449067	0.898078	0.449067	0.449067	0.449067	0	0.449067	0.449067	0.449067	0.898078	0.449067	0	0.449067	0.449067	0.449067	0.898078	0.449067	0.449067	0.898078	0.449067	0.449067	0.898078	0.449067	0.449067	0.898078	0.449067	0	0.449067	0.449067	0.449067	0.449067	0.449067	0.898078
0.449024	0	0.449024	0.449024	0.449024	0.449024	0	0	0.449024	0.449024	0	0.449024	0.449024	0.449024	0.449024	0.449024	0.449024	0.449024	0.449024	0	0.449024	0.449024	0	0.449024	0.449024	0	0	0.449024	0.449024	0	0	0.449024	0.449024	0	0.449024	0.449024	0.449024	0.449024	0	0	0.449024	0.449024	0	0.449024	0.897994	0.449024	0	0.449024	0.449024	0	0.449024	0.449024	0.449024	0.449024	0	0.449024	0.897994	0.897994	0.449024	0.449024	0.449024	0.449024	0.897994	0.449024	0.449024	0.449024	0.897994	0.897994	0.449024	0.449024	0.449024	0.897994	0.449024	0.449024	0.449024	0.449024	0.897994	1.34685	0.897994	0.449024	0.897994	0.449024	0.897994	0.897994	0.449024	1.34685	0.897994	0.897994	1.34685	1.34685	0.897994	0.449024	0.449024	0.897994	1.79555	0.897994	0.449024	0.449024	1.34685	1.34685	0.449024	0.449024	0.449024	0.897994	0.449024	0.449024	0.449024	0.897994	1.34685	0.897994	0.449024	0.449024	0.897994	0.449024	0.897994	0.897994	0.449024	0.897994	0.897994	0.449024	0.449024	0.897994	0.449024	0.449024	0.449024	0.449024	0.897994	0.449024	0.449024	0.449024	0.449024	0.449024	0.449024	0.449024	0	0	0	0	0	0	0	0.449024	0.449024	0	0	0	0	0.449024	0.449024	0	0.449024	0.449024	0.449024	0.449024	0	0.449024	0.897994	0.449024	0.449024	0.449024	0	0.449024	0.897994	0.449024	0	0.449024	0.449024	0.449024	0.449024	0	0.449024	0.897994	0.449024	0	0.449024	0.449024	0	0	0.449024	0.897994	0.449024	0	0.449024	0.449024	0	0.449024	0.449024	0.449024	0.449024	0	0.449024	0.449024	0.897994	0.897994	0.449024	0.449024	0.449024	0.449024	0	0.449024	0.449024	0.449024	0.897994	0.449024	0	0.449024	0.449024	0	0.449024	0.449024	0.449024	0.449024	0	0.449024	0.449024	0.449024	0.449024	0.449024	0.449024	0	0.449024	0.449024	0	0.449024	0.897994	0.449024	0.449024	0.449024	0	0.449024	0.449024	0.449024	0.897994	0.449024	0	0.449024	0.449024	0.449024	0.897994	0.449024	0.449024	0.897994	0.449024	0.449024	0.897994	0.449024	0.449024	0.897994	0.449024	0	0.449024	0.449024	0.449024	0.449024	0.449024	0.897994
3.1718	3.13999	3.1718	3.1718	3.04666	2.82421	2.80637	3.03013	3.04666	2.82421	2.69213	2.72921	2.72921	2.60194	2.37991	2.28834	2.28834	2.15824	1.93708	1.79549	1.71665	1.49732	1.46331	1.634	1.49732	1.34681	1.34681	1.27968	1.06481	0.897965	0.897965	0.854836	0.809412	0.79371	0.854836	0.654513	0.476231	0.354956	0	0	0.354956	0.476231	0.44901	0.654513	1.11109	1.00392	0.897965	1.06481	1.20883	1.0164	1.06481	1.27968	1.41962	1.41962	1.34681	1.41962	1.65694	1.85748	1.8507	1.93708	2.15824	2.28834	2.41659	2.28834	2.37991	2.60194	2.83751	2.83751	2.72921	2.72921	2.82421	3.12796	3.1718	3.1718	3.1718	3.1718	3.26536	3.54526	3.86974	4.05924	4.04996	3.74136	3.78132	4.00021	4.05924	4.25192	4.13256	4.13256	4.25192	4.25192	4.13256	4.05924	4.05924	4.13256	4.41353	4.13256	4.05924	4.05924	4.1837	3.97507	3.6153	3.6153	3.52043	3.40453	3.1718	3.07944	2.85957	2.91178	3.21109	2.91608	2.4218	2.28834	2.35866	1.98835	2.00723	2.00723	1.8507	1.96286	1.7743	1.41962	1.35611	1.42843	1.00392	0.965541	0.793686	0.634963	1.00388	0.634963	0.634963	0.654494	0.572336	0.448982	0.448982	0.448982	0	0.158747	0.354974	0.44901	0.44901	0.572369	0.79371	0.854836	0.654513	0.44901	0.572369	0.79371	0.897965	1.00392	1.00392	1.0164	1.20883	1.06481	1.00392	1.00392	0.897965	1.00392	1.26977	1.00392	0.854836	0.654513	0.44901	0.634963	0.854799	0.354956	0	0.448982	0.448982	0.354956	0.476231	0.354974	0.572336	0.793662	0.476231	0.354974	0.501981	0.476231	0.354974	0.158747	0.354956	0.854799	0.634963	0.44901	0.654513	0.809412	0.572369	0.654513	0.854836	1.06481	1.20883	1.0164	1.06481	1.27968	1.65694	1.85748	1.8507	1.8507	1.93708	2.06897	1.91092	1.93708	2.15824	2.28834	2.4833	2.50849	2.35869	2.37991	2.50849	2.35869	2.28834	2.28834	2.37991	2.50849	2.35869	2.28834	2.20436	2.06897	2.15824	2.28834	2.28834	2.13481	1.98835	1.8507	1.79549	1.8507	2.00723	1.8507	1.8507	1.8507	1.68707	1.56313	1.41962	1.41962	1.6185	1.41962	1.2397	1.15556	1.00392	0.965541	1.15552	0.634963	0.634963	1.00388	0.634963	0.634963	1.06476	0.572336	0.448982	0.897909	0.448982	0.158747	0.654494	0.634963	0.476231	0.354956	0.448982	0.897909
3.1715	3.13969	3.1715	3.1715	3.02985	2.80611	2.82395	3.04637	3.02985	2.80611	2.69188	2.72895	2.72895	2.58231	2.35847	2.28812	2.28812	2.1346	1.91074	1.79532	1.68691	1.46317	1.49718	1.63385	1.46317	1.34668	1.34668	1.23958	1.01631	0.897881	0.897881	0.793635	0.809332	0.854753	0.793635	0.572315	0.35494	0.158731	0	0	0.158731	0.35494	0.448968	0.572315	0.965445	1.00383	0.897881	1.01631	1.20872	1.06471	1.01631	1.23958	1.41949	1.41949	1.34668	1.41949	1.56298	1.77416	1.85053	1.91074	2.1346	2.28812	2.41636	2.28812	2.35847	2.58231	2.83724	2.83724	2.72895	2.72895	2.80611	3.07915	3.1715	3.1715	3.1715	3.1715	3.26505	3.4299	3.81724	4.05885	4.11091	3.78097	3.74101	3.9621	4.05885	4.25152	4.13217	4.13217	4.25152	4.25152	4.13217	4.05885	4.05885	4.13217	4.41311	4.13217	4.05885	4.05885	4.26618	4.06189	3.61496	3.61496	3.56257	3.47707	3.1715	3.12767	2.91151	2.85929	3.21078	3.11556	2.48306	2.28812	2.4627	2.06267	2.00703	2.00703	1.85053	2.08688	1.91068	1.41949	1.46314	1.5948	1.00383	1.11098	0.965421	0.634899	1.00378	0.634899	0.634899	0.854707	0.793575	0.448933	0.448933	0.448933	0	0.354918	0.476183	0.448968	0.448968	0.654449	0.854753	0.793635	0.572315	0.448968	0.654449	0.854753	0.897881	1.00383	1.00383	1.06471	1.20872	1.01631	1.00383	1.00383	0.897881	1.00383	1.26964	1.00383	0.793635	0.572315	0.448968	0.634899	0.654425	0.158731	0	0.448933	0.448933	0.158731	0.35494	0.476183	0.793575	0.572274	0.35494	0.476183	0.501927	0.35494	0.476183	0.354918	0.158731	0.654425	0.634899	0.448968	0.572315	0.809332	0.654449	0.572315	0.793635	1.01631	1.20872	1.06471	1.01631	1.23958	1.56298	1.77416	1.85053	1.85053	1.91074	2.06878	1.93689	1.91074	2.1346	2.28812	2.42157	2.50825	2.37969	2.35847	2.50825	2.37969	2.28812	2.28812	2.35847	2.50825	2.37969	2.28812	2.27156	2.06878	2.1346	2.28812	2.28812	2.15804	2.06267	1.85053	1.79532	1.85053	2.00703	1.85053	1.85053	1.85053	1.71649	1.65678	1.41949	1.41949	1.61834	1.41949	1.27956	1.27953	1.00383	1.11098	1.35591	0.634899	0.634899	1.00378	0.634899	0.634899	1.27948	0.793575	0.448933	0.897811	0.448933	0.354918	0.854707	0.634899	0.35494	0.158731	0.448933	0.897811
0.448891	0	0.448891	0.448891	0	0	0.448891	0.448891	0	0	0	0.448891	0.448891	0	0	0.448891	0.448891	0	0	0	0	0	0.448891	0.448891	0	0	0	0	0	0	0	0	0.448891	0.448891	0	0	0	0	0	0	0	0	0	0	0.448891	0.448891	0	0	0.448891	0.448891	0	0	0.448891	0.448891	0	0.448891	0.448891	0.448891	0.448891	0	0	0.448891	0.897726	0.448891	0	0	0.897726	0.897726	0.448891	0.448891	0	0.448891	0.448891	0.448891	0.448891	0.448891	0.897726	0.448891	0	0.448891	1.34645	0.897726	0.448891	0.448891	0.448891	1.34645	0.897726	0.897726	1.34645	1.34645	0.897726	0.448891	0.448891	0.897726	1.79501	0.897726	0.448891	0.448891	1.79501	1.79501	0.448891	0.448891	0.897726	1.34645	0.448891	0.897726	0.897726	0.448891	1.34645	1.79501	0.897726	0.448891	1.34645	0.897726	0.897726	0.897726	0.448891	1.34645	1.34645	0.448891	0.897726	1.34645	0.448891	0.897726	0.897726	0.448891	0.897726	0.448891	0.448891	0.897726	0.897726	0.448891	0.448891	0.448891	0	0.448891	0.448891	0	0	0.448891	0.448891	0	0	0	0.448891	0.448891	0	0.448891	0.448891	0.448891	0.448891	0	0.448891	0.448891	0	0.448891	0.897726	0.448891	0	0	0	0.448891	0.448891	0	0	0.448891	0.448891	0	0	0.448891	0.897726	0.448891	0	0.448891	0.448891	0	0.448891	0.448891	0	0.448891	0.448891	0	0	0.448891	0.448891	0	0	0	0.448891	0.448891	0	0	0.448891	0.448891	0.448891	0.448891	0	0.448891	0.448891	0	0	0.448891	0.448891	0.448891	0.448891	0	0.448891	0.448891	0.448891	0.448891	0	0.448891	0.448891	0.448891	0.897726	0.448891	0	0.448891	0.448891	0.448891	0.897726	0.448891	0	0.448891	0.897726	0.448891	0.448891	0.448891	0.448891	0.897726	0.448891	0.448891	0.897726	0.448891	0.448891	0.897726	0.448891	0.897726	1.34645	0.448891	0.448891	0.897726	0.448891	0.448891	1.34645	0.897726	0.448891	0.897726	0.448891	0.448891	0.897726	0.448891	0	0	0.448891	0.897726
0.448848	0	0.448848	0.448848	0	0	0.448848	0.448848	0	0	0	0.448848	0.448848	0	0	0.448848	0.448848	0	0	0	0	0	0.448848	0.448848	0	0	0	0	0	0	0	0	0.448848	0.448848	0	0	0	0	0	0	0	0	0	0	0.448848	0.448848	0	0	0.448848	0.448848	0	0	0.448848	0.448848	0	0.448848	0.448848	0.448848	0.448848	0	0	0.448848	0.897642	0.448848	0	0	0.897642	0.897642	0.448848	0.448848	0	0.448848	0.448848	0.448848	0.448848	0.448848	0.897642	0.448848	0	0.448848	1.34633	0.897642	0.448848	0.448848	0.448848	1.34633	0.897642	0.897642	1.34633	1.34633	0.897642	0.448848	0.448848	0.897642	1.79484	0.897642	0.448848	0.448848	1.79484	1.79484	0.448848	0.448848	0.897642	1.34633	0.448848	0.897642	0.897642	0.448848	1.34633	1.79484	0.897642	0.448848	1.34633	0.897642	0.897642	0.897642	0.448848	1.34633	1.34633	0.448848	0.897642	1.34633	0.448848	0.897642	0.897642	0.448848	0.897642	0.448848	0.448848	0.897642	0.897642	0.448848	0.448848	0.448848	0	0.448848	0.448848	0	0	0.448848	0.448848	0	0	0	0.448848	0.448848	0	0.448848	0.448848	0.448848	0.448848	0	0.448848	0.448848	0	0.448848	0.897642	0.448848	0	0	0	0.448848	0.448848	0	0	0.448848	0.448848	0	0	0.448848	0.897642	0.448848	0	0.448848	0.448848	0	0.448848	0.448848	0	0.448848	0.448848	0	0	0.448848	0.448848	0	0	0	0.448848	0.448848	0	0	0.448848	0.448848	0.448848	0.448848	0	0.448848	0.448848	0	0	0.448848	0.448848	0.448848	0.448848	0	0.448848	0.448848	0.448848	0.448848	0	0.448848	0.448848	0.448848	0.897642	0.448848	0	0.448848	0.448848	0.448848	0.897642	0.448848	0	0.448848	0.897642	0.448848	0.448848	0.448848	0.448848	0.897642	0.448848	0.448848	0.897642	0.448848	0.448848	0.897642	0.448848	0.897642	1.34633	0.448848	0.448848	0.897642	0.448848	0.448848	1.34633	0.897642	0.448848	0.897642	0.448848	0.448848	0.897642	0.448848	0	0	0.448848	0.897642
0.448806	0	0.448806	0.448806	0	0	0.448806	0.448806	0	0	0	0.448806	0.448806	0	0	0.448806	0.448806	0	0	0	0	0	0.448806	0.448806	0	0	0	0	0	0	0	0	0.448806	0.448806	0	0	0	0	0	0	0	0	0	0	0.448806	0.448806	0	0	0.448806	0.448806	0	0	0.448806	0.448806	0	0.448806	0.448806	0.448806	0.448806	0	0	0.448806	0.897557	0.448806	0	0	0.897557	0.897557	0.448806	0.448806	0	0.448806	0.448806	0.448806	0.448806	0.448806	0.897557	0.448806	0	0.448806	1.3462	0.897557	0.448806	0.448806	0.448806	1.3462	0.897557	0.897557	1.3462	1.3462	0.897557	0.448806	0.448806	0.897557	1.79467	0.897557	0.448806	0.448806	1.79467	1.79467	0.448806	0.448806	0.897557	1.3462	0.448806	0.897557	0.897557	0.448806	1.3462	1.79467	0.897557	0.448806	1.3462	0.897557	0.897557	0.897557	0.448806	1.3462	1.3462	0.448806	0.897557	1.3462	0.448806	0.897557	0.897557	0.448806	0.897557	0.448806	0.448806	0.897557	0.897557	0.448806	0.448806	0.448806	0	0.448806	0.448806	0	0	0.448806	0.448806	0	0	0	0.448806	0.448806	0	0.448806	0.448806	0.448806	0.448806	0	0.448806	0.448806	0	0.448806	0.897557	0.448806	0	0	0	0.448806	0.448806	0	0	0.448806	0.448806	0	0	0.448806	0.897557	0.448806	0	0.448806	0.448806	0	0.448806	0.448806	0	0.448806	0.448806	0	0	0.448806	0.448806	0	0	0	0.448806	0.448806	0	0	0.448806	0.448806	0.448806	0.448806	0	0.448806	0.448806	0	0	0.448806	0.448806	0.448806	0.448806	0	0.448806	0.448806	0.448806	0.448806	0	0.448806	0.448806	0.448806	0.897557	0.448806	0	0.448806	0.448806	0.448806	0.897557	0.448806	0	0.448806	0.897557	0.448806	0.448806	0.448806	0.448806	0.897557	0.448806	0.448806	0.897557	0.448806	0.448806	0.897557	0.448806	0.897557	1.3462	0.448806	0.448806	0.897557	0.448806	0.448806	1.3462	0.897557	0.448806	0.897557	0.448806	0.448806	0.897557	0.448806	0	0	0.448806	0.897557
0.448764	0	0.448764	0.448764	0	0	0.448764	0.448764	0	0	0	0.448764	0.448764	0	0	0.448764	0.448764	0	0	0	0	0	0.448764	0.448764	0	0	0	0	0	0	0	0	0.448764	0.448764	0	0	0	0	0	0	0	0	0	0	0.448764	0.448764	0	0	0.448764	0.448764	0	0	0.448764	0.448764	0	0.448764	0.448764	0.448764	0.448764	0	0	0.448764	0.897473	0.448764	0	0	0.897473	0.897473	0.448764	0.448764	0	0.448764	0.448764	0.448764	0.448764	0.448764	0.897473	0.448764	0	0.448764	1.34607	0.897473	0.448764	0.448764	0.448764	1.34607	0.897473	0.897473	1.34607	1.34607	0.897473	0.448764	0.448764	0.897473	1.79451	0.897473	0.448764	0.448764	1.79451	1.79451	0.448764	0.448764	0.897473	1.34607	0.448764	0.897473	0.897473	0.448764	1.34607	1.79451	0.897473	0.448764	1.34607	0.897473	0.897473	0.897473	0.448764	1.34607	1.34607	0.448764	0.897473	1.34607	0.448764	0.897473	0.897473	0.448764	0.897473	0.448764	0.448764	0.897473	0.897473	0.448764	0.448764	0.448764	0	0.448764	0.448764	0	0	0.448764	0.448764	0	0	0	0.448764	0.448764	0	0.448764	0.448764	0.448764	0.448764	0	0.448764	0.448764	0	0.448764	0.897473	0.448764	0	0	0	0.448764	0.448764	0	0	0.448764	0.448764	0	0	0.448764	0.897473	0.448764	0	0.448764	0.448764	0	0.448764	0.448764	0	0.448764	0.448764	0	0	0.448764	0.448764	0	0	0	0.448764	0.448764	0	0	0.448764	0.448764	0.448764	0.448764	0	0.448764	0.448764	0	0	0.448764	0.448764	0.448764	0.448764	0	0.448764	0.448764	0.448764	0.448764	0	0.448764	0.448764	0.448764	0.897473	0.448764	0	0.448764	0.448764	0.448764	0.897473	0.448764	0	0.448764	0.897473	0.448764	0.448764	0.448764	0.448764	0.897473	0.448764	0.448764	0.897473	0.448764	0.448764	0.897473	0.448764	0.897473	1.34607	0.448764	0.448764	0.897473	0.448764	0.448764	1.34607	0.897473	0.448764	0.897473	0.448764	0.448764	0.897473	0.448764	0	0	0.448764	0.897473
0.448722	0	0.448722	0.448722	0	0	0.448722	0.448722	0	0	0	0.448722	0.448722	0	0	0.448722	0.448722	0	0	0	0	0	0.448722	0.448722	0	0	0	0	0	0	0	0	0.448722	0.448722	0	0	0	0	0	0	0	0	0	0	0.448722	0.448722	0	0	0.448722	0.448722	0	0	0.448722	0.448722	0	0.448722	0.448722	0.448722	0.448722	0	0	0.448722	0.897389	0.448722	0	0	0.897389	0.897389	0.448722	0.448722	0	0.448722	0.448722	0.448722	0.448722	0.448722	0.897389	0.448722	0	0.448722	1.34595	0.897389	0.448722	0.448722	0.448722	1.34595	0.897389	0.897389	1.34595	1.34595	0.897389	0.448722	0.448722	0.897389	1.79434	0.897389	0.448722	0.448722	1.79434	1.79434	0.448722	0.448722	0.897389	1.34595	0.448722	0.897389	0.897389	0.448722	1.34595	1.79434	0.897389	0.448722	1.34595	0.897389	0.897389	0.897389	0.448722	1.34595	1.34595	0.448722	0.897389	1.34595	0.448722	0.897389	0.897389	0.448722	0.897389	0.448722	0.448722	0.897389	0.897389	0.448722	0.448722	0.448722	0	0.448722	0.448722	0	0	0.448722	0.448722	0	0	0	0.448722	0.448722	0	0.448722	0.448722	0.448722	0.448722	0	0.448722	0.448722	0	0.448722	0.897389	0.448722	0	0	0	0.448722	0.448722	0	0	0.448722	0.448722	0	0	0.448722	0.897389	0.448722	0	0.448722	0.448722	0	0.448722	0.448722	0	0.448722	0.448722	0	0	0.448722	0.448722	0	0	0	0.448722	0.448722	0	0	0.448722	0.448722	0.448722	0.448722	0	0.448722	0.448722	0	0	0.448722	0.448722	0.448722	0.448722	0	0.448722	0.448722	0.448722	0.448722	0	0.448722	0.448722	0.448722	0.897389	0.448722	0	0.448722	0.448722	0.448722	0.897389	0.448722	0	0.448722	0.897389	0.448722	0.448722	0.448722	0.448722	0.897389	0.448722	0.448722	0.897389	0.448722	0.448722	0.897389	0.448722	0.897389	1.34595	0.448722	0.448722	0.897389	0.448722	0.448722	1.34595	0.897389	0.448722	0.897389	0.448722	0.448722	0.897389	0.448722	0	0	0.448722	0.897389
0.44868	0	0.44868	0.44868	0	0	0.44868	0.44868	0	0	0	0.44868	0.44868	0	0	0.44868	0.44868	0	0	0	0	0	0.44868	0.44868	0	0	0	0	0	0	0	0	0.44868	0.44868	0	0	0	0	0	0	0	0	0	0	0.44868	0.44868	0	0	0.44868	0.44868	0	0	0.44868	0.44868	0	0.44868	0.44868	0.44868	0.44868	0	0	0.44868	0.897304	0.44868	0	0	0.897304	0.897304	0.44868	0.44868	0	0.44868	0.44868	0.44868	0.44868	0.44868	0.897304	0.44868	0	0.44868	1.34582	0.897304	0.44868	0.44868	0.44868	1.34582	0.897304	0.897304	1.34582	1.34582	0.897304	0.44868	0.44868	0.897304	1.79417	0.897304	0.44868	0.44868	1.79417	1.79417	0.44868	0.44868	0.897304	1.34582	0.44868	0.897304	0.897304	0.44868	1.34582	1.79417	0.897304	0.44868	1.34582	0.897304	0.897304	0.897304	0.44868	1.34582	1.34582	0.44868	0.897304	1.34582	0.44868	0.897304	0.897304	0.44868	0.897304	0.44868	0.44868	0.897304	0.897304	0.44868	0.44868	0.44868	0	0.44868	0.44868	0	0	0.44868	0.44868	0	0	0	0.44868	0.44868	0	0.44868	0.44868	0.44868	0.44868	0	0.44868	0.44868	0	0.44868	0.897304	0.44868	0	0	0	0.44868	0.44868	0	0	0.44868	0.44868	0	0	0.44868	0.897304	0.44868	0	0.44868	0.44868	0	0.44868	0.44868	0	0.44868	0.44868	0	0	0.44868	0.44868	0	0	0	0.44868	0.44868	0	0	0.44868	0.44868	0.44868	0.44868	0	0.44868	0.44868	0	0	0.44868	0.44868	0.44868	0.44868	0	0.44868	0.44868	0.44868	0.44868	0	0.44868	0.44868	0.44868	0.897304	0.44868	0	0.44868	0.44868	0.44868	0.897304	0.44868	0	0.44868	0.897304	0.44868	0.44868	0.44868	0.44868	0.897304	0.44868	0.44868	0.897304	0.44868	0.44868	0.897304	0.44868	0.897304	1.34582	0.44868	0.44868	0.897304	0.44868	0.44868	1.34582	0.897304	0.44868	0.897304	0.44868	0.44868	0.897304	0.44868	0	0	0.44868	0.897304
0.448638	0	0.448638	0.448638	0	0	0.448638	0.448638	0	0	0	0.448638	0.448638	0	0	0.448638	0.448638	0	0	0	0	0	0.448638	0.448638	0	0	0	0	0	0	0	0	0.448638	0.448638	0	0	0	0	0	0	0	0	0	0	0.448638	0.448638	0	0	0.448638	0.448638	0	0	0.448638	0.448638	0	0.448638	0.448638	0.448638	0.448638	0	0	0.448638	0.89722	0.448638	0	0	0.89722	0.89722	0.448638	0.448638	0	0.448638	0.448638	0.448638	0.448638	0.448638	0.89722	0.448638	0	0.448638	1.34569	0.89722	0.448638	0.448638	0.448638	1.34569	0.89722	0.89722	1.34569	1.34569	0.89722	0.448638	0.448638	0.89722	1.794	0.89722	0.448638	0.448638	1.794	1.794	0.448638	0.448638	0.89722	1.34569	0.448638	0.89722	0.89722	0.448638	1.34569	1.794	0.89722	0.448638	1.34569	0.89722	0.89722	0.89722	0.448638	1.34569	1.34569	0.448638	0.89722	1.34569	0.448638	0.89722	0.89722	0.448638	0.89722	0.448638	0.448638	0.89722	0.89722	0.448638	0.448638	0.448638	0	0.448638	0.448638	0	0	0.448638	0.448638	0	0	0	0.448638	0.448638	0	0.448638	0.448638	0.448638	0.448638	0	0.448638	0.448638	0	0.448638	0.89722	0.448638	0	0	0	0.448638	0.448638	0	0	0.448638	0.448638	0	0	0.448638	0.89722	0.448638	0	0.448638	0.448638	0	0.448638	0.448638	0	0.448638	0.448638	0	0	0.448638	0.448638	0	0	0	0.448638	0.448638	0	0	0.448638	0.448638	0.448638	0.448638	0	0.448638	0.448638	0	0	0.448638	0.448638	0.448638	0.448638	0	0.448638	0.448638	0.448638	0.448638	0	0.448638	0.448638	0.448638	0.89722	0.448638	0	0.448638	0.448638	0.448638	0.89722	0.448638	0	0.448638	0.89722	0.448638	0.448638	0.448638	0.448638	0.89722	0.448638	0.448638	0.89722	0.448638	0.448638	0.89722	0.448638	0.89722	1.34569	0.448638	0.448638	0.89722	0.448638	0.448638	1.34569	0.89722	0.448638	0.89722	0.448638	0.448638	0.89722	0.448638	0	0	0.448638	0.89722
0.448595	0	0.448595	0.448595	0	0	0.448595	0.448595	0	0	0	0.448595	0.448595	0	0	0.448595	0.448595	0	0	0	0	0	0.448595	0.448595	0	0	0	0	0	0	0	0	0.448595	0.448595	0	0	0	0	0	0	0	0	0	0	0.448595	0.448595	0	0	0.448595	0.448595	0	0	0.448595	0.448595	0	0.448595	0.448595	0.448595	0.448595	0	0	0.448595	0.897136	0.448595	0	0	0.897136	0.897136	0.448595	0.448595	0	0.448595	0.448595	0.448595	0.448595	0.448595	0.897136	0.448595	0	0.448595	1.34557	0.897136	0.448595	0.448595	0.448595	1.34557	0.897136	0.897136	1.34557	1.34557	0.897136	0.448595	0.448595	0.897136	1.79383	0.897136	0.448595	0.448595	1.79383	1.79383	0.448595	0.448595	0.897136	1.34557	0.448595	0.897136	0.897136	0.448595	1.34557	1.79383	0.897136	0.448595	1.34557	0.897136	0.897136	0.897136	0.448595	1.34557	1.34557	0.448595	0.897136	1.34557	0.448595	0.897136	0.897136	0.448595	0.897136	0.448595	0.448595	0.897136	0.897136	0.448595	0.448595	0.448595	0	0.448595	0.448595	0	0	0.448595	0.448595	0	0	0	0.448595	0.448595	0	0.448595	0.448595	0.448595	0.448595	0	0.448595	0.448595	0	0.448595	0.897136	0.448595	0	0	0	0.448595	0.448595	0	0	0.448595	0.448595	0	0	0.448595	0.897136	0.448595	0	0.448595	0.448595	0	0.448595	0.448595	0	0.448595	0.448595	0	0	0.448595	0.448595	0	0	0	0.448595	0.448595	0	0	0.448595	0.448595	0.448595	0.448595	0	0.448595	0.448595	0	0	0.448595	0.448595	0.448595	0.448595	0	0.448595	0.448595	0.448595	0.448595	0	0.448595	0.448595	0.448595	0.897136	0.448595	0	0.448595	0.448595	0.448595	0.897136	0.448595	0	0.448595	0.897136	0.448595	0.448595	0.448595	0.448595	0.897136	0.448595	0.448595	0.897136	0.448595	0.448595	0.897136	0.448595	0.897136	1.34557	0.448595	0.448595	0.897136	0.448595	0.448595	1.34557	0.897136	0.448595	0.897136	0.448595	0.448595	0.897136	0.448595	0	0	0.448595	0.897136
0.448553	0	0.448553	0.448553	0	0	0.448553	0.448553	0	0	0	0.448553	0.448553	0	0	0.448553	0.448553	0	0	0	0	0	0.448553	0.448553	0	0	0	0	0	0	0	0	0.448553	0.448553	0	0	0	0	0	0	0	0	0	0	0.448553	0.448553	0	0	0.448553	0.448553	0	0	0.448553	0.448553	0	0.448553	0.448553	0.448553	0.448553	0	0	0.448553	0.897052	0.448553	0	0	0.897052	0.897052	0.448553	0.448553	0	0.448553	0.448553	0.448553	0.448553	0.448553	0.897052	0.448553	0	0.448553	1.34544	0.897052	0.448553	0.448553	0.448553	1.34544	0.897052	0.897052	1.34544	1.34544	0.897052	0.448553	0.448553	0.897052	1.79366	0.897052	0.448553	0.448553	1.79366	1.79366	0.448553	0.448553	0.897052	1.34544	0.448553	0.897052	0.897052	0.448553	1.34544	1.79366	0.897052	0.448553	1.34544	0.897052	0.897052	0.897052	0.448553	1.34544	1.34544	0.448553	0.897052	1.34544	0.448553	0.897052	0.897052	0.448553	0.897052	0.448553	0.448553	0.897052	0.897052	0.448553	0.448553	0.448553	0	0.448553	0.448553	0	0	0.448553	0.448553	0	0	0	0.448553	0.448553	0	0.448553	0.448553	0.448553	0.448553	0	0.448553	0.448553	0	0.448553	0.897052	0.448553	0	0	0	0.448553	0.448553	0	0	0.448553	0.448553	0	0	0.448553	0.897052	0.448553	0	0.448553	0.448553	0	0.448553	0.448553	0	0.448553	0.448553	0	0	0.448553	0.448553	0	0	0	0.448553	0.448553	0	0	0.448553	0.448553	0.448553	0.448553	0	0.448553	0.448553	0	0	0.448553	0.448553	0.448553	0.448553	0	0.448553	0.448553	0.448553	0.448553	0	0.448553	0.448553	0.448553	0.897052	0.448553	0	0.448553	0.448553	0.448553	0.897052	0.448553	0	0.448553	0.897052	0.448553	0.448553	0.448553	0.448553	0.897052	0.448553	0.448553	0.897052	0.448553	0.448553	0.897052	0.448553	0.897052	1.34544	0.448553	0.448553	0.897052	0.448553	0.448553	1.34544	0.897052	0.448553	0.897052	0.448553	0.448553	0.897052	0.448553	0	0	0.448553	0.897052
0.448511	0	0.448511	0.448511	0	0	0.448511	0.448511	0	0	0	0.448511	0.448511	0	0	0.448511	0.448511	0	0	0	0	0	0.448511	0.448511	0	0	0	0	0	0	0	0	0.448511	0.448511	0	0	0	0	0	0	0	0	0	0	0.448511	0.448511	0	0	0.448511	0.448511	0	0	0.448511	0.448511	0	0.448511	0.448511	0.448511	0.448511	0	0	0.448511	0.896967	0.448511	0	0	0.896967	0.896967	0.448511	0.448511	0	0.448511	0.448511	0.448511	0.448511	0.448511	0.896967	0.448511	0	0.448511	1.34531	0.896967	0.448511	0.448511	0.448511	1.34531	0.896967	0.896967	1.34531	1.34531	0.896967	0.448511	0.448511	0.896967	1.7935	0.896967	0.448511	0.448511	1.7935	1.7935	0.448511	0.448511	0.896967	1.34531	0.448511	0.896967	0.896967	0.448511	1.34531	1.7935	0.896967	0.448511	1.34531	0.896967	0.896967	0.896967	0.448511	1.34531	1.34531	0.448511	0.896967	1.34531	0.448511	0.896967	0.896967	0.448511	0.896967	0.448511	0.448511	0.896967	0.896967	0.448511	0.448511	0.448511	0	0.448511	0.448511	0	0	0.448511	0.448511	0	0	0	0.448511	0.448511	0	0.448511	0.448511	0.448511	0.448511	0	0.448511	0.448511	0	0.448511	0.896967	0.448511	0	0	0	0.448511	0.448511	0	0	0.448511	0.448511	0	0	0.448511	0.896967	0.448511	0	0.448511	0.448511	0	0.448511	0.448511	0	0.448511	0.448511	0	0	0.448511	0.448511	0	0	0	0.448511	0.448511	0	0	0.448511	0.448511	0.448511	0.448511	0	0.448511	0.448511	0	0	0.448511	0.448511	0.448511	0.448511	0	0.448511	0.448511	0.448511	0.448511	0	0.448511	0.448511	0.448511	0.896967	0.448511	0	0.448511	0.448511	0.448511	0.896967	0.448511	0	0.448511	0.896967	0.448511	0.448511	0.448511	0.448511	0.896967	0.448511	0.448511	0.896967	0.448511	0.448511	0.896967	0.448511	0.896967	1.34531	0.448511	0.448511	0.896967	0.448511	0.448511	1.34531	0.896967	0.448511	0.896967	0.448511	0.448511	0.896967	0.448511	0	0	0.448511	0.896967
2.72609	2.68906	2.59897	2.50562	2.5796	2.68906	2.59897	2.3772	2.24139	2.356	2.5796	2.59897	2.3772	2.24139	2.24139	2.15578	1.93486	1.90874	2.13237	2.24139	2.24139	2.24139	2.15578	1.93486	1.79344	1.79344	1.79344	1.79344	1.79344	1.79344	1.79344	1.79344	1.71469	1.49561	1.34527	1.34527	1.34527	1.34527	1.34527	1.34527	1.34527	1.34527	1.34527	1.34527	1.27822	1.0636	0.896939	0.896939	0.853857	0.653763	0.448497	0.448497	0.475683	0.354546	0	0.354546	0.475683	0.634233	0.634233	0.448497	0.448497	0.653763	1.10981	1.00277	0.896939	0.896939	1.27819	1.4616	1.49561	1.71469	1.79344	1.84859	1.84859	1.93486	2.15578	2.28572	2.48046	2.50562	2.356	2.28572	2.65618	2.6937	2.63727	2.41903	2.28572	2.65618	2.6937	2.90846	3.20742	3.20742	3.12439	3.16818	3.16818	3.26163	3.65586	3.55884	3.51642	3.296	3.65586	3.85557	3.51642	3.296	3.34125	3.61806	3.296	3.26163	3.26163	3.07592	3.15625	3.26542	3.12439	3.07592	3.15625	2.83427	2.83427	2.83427	2.63727	2.76711	2.61335	2.28572	2.41383	2.57954	1.98608	2.00493	2.00493	1.84859	1.96061	1.56134	1.35456	1.42679	1.26831	1.00277	0.964433	0.792773	0.354568	0.571674	0.448462	0.158564	0.501425	0.964433	1.00277	1.01524	1.23828	1.46163	1.7723	1.84859	1.90874	2.20184	2.28572	2.28572	2.41903	2.5796	2.59897	2.50562	2.5796	2.59897	2.48046	2.28572	2.24139	2.24139	2.24139	2.15578	1.93486	1.79344	1.79344	1.71469	1.49561	1.46163	1.68515	1.71469	1.50397	1.0636	0.896939	1.00277	1.00277	0.896939	0.853857	0.653763	0.571715	0.808483	0.653763	0.448497	0.354568	0.224234	0.475683	0.448497	0.448497	0.448497	0.653763	0.853857	0.896939	0.896939	1.0636	1.27822	1.49561	1.71469	1.79344	1.84859	1.84859	1.79344	1.79344	1.84859	1.84859	1.84859	1.84859	1.79344	1.84859	1.84859	1.93486	2.15578	2.13237	1.98608	1.84859	1.93486	2.26918	2.28572	2.24139	2.28572	2.28572	2.28572	2.41383	2.28572	2.13237	1.98608	2.00493	1.84859	1.84859	1.84859	1.84859	2.00493	1.84859	1.84859	2.00493	1.84859	1.84859	2.00493	1.84859	2.06051	2.42416	1.98608	1.84859	2.00493	1.84859	1.84859	2.24132	2.00493	1.84859	2.00493	1.84859	1.84859	2.00493	1.84859	1.68515	1.46163	1.35456	1.42679
2.72584	2.68881	2.57936	2.50539	2.59873	2.68881	2.57936	2.35578	2.24118	2.37697	2.59873	2.57936	2.35578	2.24118	2.24118	2.13217	1.90856	1.93468	2.15557	2.24118	2.24118	2.24118	2.13217	1.90856	1.79327	1.79327	1.79327	1.79327	1.79327	1.79327	1.79327	1.79327	1.68499	1.4615	1.34515	1.34515	1.34515	1.34515	1.34515	1.34515	1.34515	1.34515	1.34515	1.34515	1.23817	1.01515	0.896855	0.896855	0.792728	0.571661	0.448455	0.448455	0.354535	0.158549	0	0.158549	0.354535	0.634173	0.634173	0.448455	0.448455	0.571661	0.964342	1.00268	0.896855	0.896855	1.15413	1.35443	1.4615	1.68499	1.79327	1.84842	1.84842	1.90856	2.13217	2.28551	2.4188	2.50539	2.37697	2.28551	2.55982	2.63703	2.69345	2.48022	2.28551	2.55982	2.63703	2.85603	3.20712	3.20712	3.07564	3.16788	3.16788	3.26132	3.55847	3.51609	3.55851	3.34094	3.55847	3.76337	3.55851	3.34094	3.29569	3.61773	3.34094	3.26132	3.26132	3.1241	3.26511	3.15596	3.07564	3.1241	3.26511	2.834	2.834	2.834	2.69345	2.89084	2.61311	2.28551	2.4136	2.71193	2.06032	2.00474	2.00474	1.84842	2.0845	1.65488	1.46146	1.59298	1.26819	1.00268	1.10971	0.964318	0.475639	0.792669	0.44842	0.354513	0.808383	1.10971	1.00268	1.0635	1.2781	1.49547	1.85518	1.84842	1.93468	2.26897	2.28551	2.28551	2.48022	2.59873	2.57936	2.50539	2.59873	2.57936	2.4188	2.28551	2.24118	2.24118	2.24118	2.13217	1.90856	1.79327	1.79327	1.68499	1.4615	1.49547	1.71453	1.68499	1.36369	1.01515	0.896855	1.00268	1.00268	0.896855	0.792728	0.571661	0.653701	0.808407	0.571661	0.448455	0.475639	0.224213	0.354535	0.448455	0.448455	0.448455	0.571661	0.792728	0.896855	0.896855	1.01515	1.23817	1.4615	1.68499	1.79327	1.84842	1.84842	1.79327	1.79327	1.84842	1.84842	1.84842	1.84842	1.79327	1.84842	1.84842	1.90856	2.13217	2.15557	2.06032	1.84842	1.90856	2.20164	2.28551	2.24118	2.28551	2.28551	2.28551	2.4136	2.28551	2.15557	2.06032	2.00474	1.84842	1.84842	1.84842	1.84842	2.00474	1.84842	1.84842	2.00474	1.84842	1.84842	2.00474	1.84842	1.98589	2.42394	2.06032	1.84842	2.00474	1.84842	1.84842	2.24111	2.00474	1.84842	2.00474	1.84842	1.84842	2.00474	1.84842	1.71453	1.49547	1.46146	1.59298
0.448378	0	0	0.448378	0.448378	0	0	0	0	0.448378	0.448378	0	0	0	0	0	0	0.448378	0.448378	0	0	0	0	0	0	0	0	0	0	0	0	0	0	0	0	0	0	0	0	0	0	0	0	0	0	0	0	0	0	0	0	0	0	0	0	0	0	0.448378	0.448378	0	0	0	0.448378	0.448378	0	0	0.448378	0.448378	0	0	0	0.448378	0.448378	0	0	0.448378	0.448378	0.448378	0.448378	0.448378	0.896701	0.448378	0.896701	0.896701	0.448378	0.896701	0.448378	0.448378	1.34491	1.34491	0.448378	0.448378	0.448378	0.896701	1.34491	0.448378	0.896701	0.896701	1.34491	1.34491	0.896701	0.896701	0.448378	1.34491	0.896701	0.896701	0.896701	0.896701	1.79296	1.34491	0.448378	0.896701	1.79296	0.896701	0.896701	0.896701	0.896701	1.79296	1.34491	0.448378	0.896701	1.79296	0.896701	0.896701	0.896701	0.448378	1.34491	0.896701	0.896701	1.34491	0.896701	0.448378	0.896701	0.896701	0.448378	0.896701	0.448378	0.448378	0.896701	0.896701	0.448378	0.448378	0.448378	0.448378	0.896701	0.448378	0.448378	0.896701	0.448378	0.448378	0.896701	0.448378	0	0.448378	0.448378	0	0.448378	0.448378	0	0	0	0	0	0	0	0	0	0.448378	0.448378	0	0	0	0	0.448378	0.448378	0	0	0	0.448378	0.448378	0	0	0.448378	0.448378	0	0	0	0	0	0	0	0	0	0	0	0	0	0.448378	0.448378	0	0	0.448378	0.448378	0.448378	0.448378	0	0.448378	0.448378	0	0	0.448378	0.896701	0.448378	0	0.448378	0.448378	0	0.448378	0.448378	0.448378	0.896701	0.448378	0.448378	0.896701	0.896701	0.448378	0.448378	0.448378	0.448378	0.896701	0.448378	0.448378	0.896701	0.448378	0.448378	0.896701	0.448378	0.448378	1.34491	0.896701	0.448378	0.896701	0.448378	0.448378	1.34491	0.896701	0.448378	0.896701	0.448378	0.448378	0.896701	0.448378	0.448378	0.448378	0.896701	1.34491
0.448336	0	0	0.448336	0.448336	0	0	0	0	0.448336	0.448336	0	0	0	0	0	0	0.448336	0.448336	0	0	0	0	0	0	0	0	0	0	0	0	0	0	0	0	0	0	0	0	0	0	0	0	0	0	0	0	0	0	0	0	0	0	0	0	0	0	0.448336	0.448336	0	0	0	0.448336	0.448336	0	0	0.448336	0.448336	0	0	0	0.448336	0.448336	0	0	0.448336	0.448336	0.448336	0.448336	0.448336	0.896616	0.448336	0.896616	0.896616	0.448336	0.896616	0.448336	0.448336	1.34479	1.34479	0.448336	0.448336	0.448336	0.896616	1.34479	0.448336	0.896616	0.896616	1.34479	1.34479	0.896616	0.896616	0.448336	1.34479	0.896616	0.896616	0.896616	0.896616	1.79279	1.34479	0.448336	0.896616	1.79279	0.896616	0.896616	0.896616	0.896616	1.79279	1.34479	0.448336	0.896616	1.79279	0.896616	0.896616	0.896616	0.448336	1.34479	0.896616	0.896616	1.34479	0.896616	0.448336	0.896616	0.896616	0.448336	0.896616	0.448336	0.448336	0.896616	0.896616	0.448336	0.448336	0.448336	0.448336	0.896616	0.448336	0.448336	0.896616	0.448336	0.448336	0.896616	0.448336	0	0.448336	0.448336	0	0.448336	0.448336	0	0	0	0	0	0	0	0	0	0.448336	0.448336	0	0	0	0	0.448336	0.448336	0	0	0	0.448336	0.448336	0	0	0.448336	0.448336	0	0	0	0	0	0	0	0	0	0	0	0	0	0.448336	0.448336	0	0	0.448336	0.448336	0.448336	0.448336	0	0.448336	0.448336	0	0	0.448336	0.896616	0.448336	0	0.448336	0.448336	0	0.448336	0.448336	0.448336	0.896616	0.448336	0.448336	0.896616	0.896616	0.448336	0.448336	0.448336	0.448336	0.896616	0.448336	0.448336	0.896616	0.448336	0.448336	0.896616	0.448336	0.448336	1.34479	0.896616	0.448336	0.896616	0.448336	0.448336	1.34479	0.896616	0.448336	0.896616	0.448336	0.448336	0.896616	0.448336	0.448336	0.448336	0.896616	1.34479
0.448294	0	0	0.448294	0.448294	0	0	0	0	0.448294	0.448294	0	0	0	0	0	0	0.448294	0.448294	0	0	0	0	0	0	0	0	0	0	0	0	0	0	0	0	0	0	0	0	0	0	0	0	0	0	0	0	0	0	0	0	0	0	0	0	0	0	0.448294	0.448294	0	0	0	0.448294	0.448294	0	0	0.448294	0.448294	0	0	0	0.448294	0.448294	0	0	0.448294	0.448294	0.448294	0.448294	0.448294	0.896532	0.448294	0.896532	0.896532	0.448294	0.896532	0.448294	0.448294	1.34466	1.34466	0.448294	0.448294	0.448294	0.896532	1.34466	0.448294	0.896532	0.896532	1.34466	1.34466	0.896532	0.896532	0.448294	1.34466	0.896532	0.896532	0.896532	0.896532	1.79263	1.34466	0.448294	0.896532	1.79263	0.896532	0.896532	0.896532	0.896532	1.79263	1.34466	0.448294	0.896532	1.79263	0.896532	0.896532	0.896532	0.448294	1.34466	0.896532	0.896532	1.34466	0.896532	0.448294	0.896532	0.896532	0.448294	0.896532	0.448294	0.448294	0.896532	0.896532	0.448294	0.448294	0.448294	0.448294	0.896532	0.448294	0.448294	0.896532	0.448294	0.448294	0.896532	0.448294	0	0.448294	0.448294	0	0.448294	0.448294	0	0	0	0	0	0	0	0	0	0.448294	0.448294	0	0	0	0	0.448294	0.448294	0	0	0	0.448294	0.448294	0	0	0.448294	0.448294	0	0	0	0	0	0	0	0	0	0	0	0	0	0.448294	0.448294	0	0	0.448294	0.448294	0.448294	0.448294	0	0.448294	0.448294	0	0	0.448294	0.896532	0.448294	0	0.448294	0.448294	0	0.448294	0.448294	0.448294	0.896532	0.448294	0.448294	0.896532	0.896532	0.448294	0.448294	0.448294	0.448294	0.896532	0.448294	0.448294	0.896532	0.448294	0.448294	0.896532	0.448294	0.448294	1.34466	0.896532	0.448294	0.896532	0.448294	0.448294	1.34466	0.896532	0.448294	0.896532	0.448294	0.448294	0.896532	0.448294	0.448294	0.448294	0.896532	1.34466
0.448252	0	0	0.448252	0.448252	0	0	0	0	0.448252	0.448252	0	0	0	0	0	0	0.448252	0.448252	0	0	0	0	0	0	0	0	0	0	0	0	0	0	0	0	0	0	0	0	0	0	0	0	0	0	0	0	0	0	0	0	0	0	0	0	0	0	0.448252	0.448252	0	0	0	0.448252	0.448252	0	0	0.448252	0.448252	0	0	0	0.448252	0.448252	0	0	0.448252	0.448252	0.448252	0.448252	0.448252	0.896448	0.448252	0.896448	0.896448	0.448252	0.896448	0.448252	0.448252	1.34454	1.34454	0.448252	0.448252	0.448252	0.896448	1.34454	0.448252	0.896448	0.896448	1.34454	1.34454	0.896448	0.896448	0.448252	1.34454	0.896448	0.896448	0.896448	0.896448	1.79246	1.34454	0.448252	0.896448	1.79246	0.896448	0.896448	0.896448	0.896448	1.79246	1.34454	0.448252	0.896448	1.79246	0.896448	0.896448	0.896448	0.448252	1.34454	0.896448	0.896448	1.34454	0.896448	0.448252	0.896448	0.896448	0.448252	0.896448	0.448252	0.448252	0.896448	0.896448	0.448252	0.448252	0.448252	0.448252	0.896448	0.448252	0.448252	0.896448	0.448252	0.448252	0.896448	0.448252	0	0.448252	0.448252	0	0.448252	0.448252	0	0	0	0	0	0	0	0	0	0.448252	0.448252	0	0	0	0	0.448252	0.448252	0	0	0	0.448252	0.448252	0	0	0.448252	0.448252	0	0	0	0	0	0	0	0	0	0	0	0	0	0.448252	0.448252	0	0	0.448252	0.448252	0.448252	0.448252	0	0.448252	0.448252	0	0	0.448252	0.896448	0.448252	0	0.448252	0.448252	0	0.448252	0.448252	0.448252	0.896448	0.448252	0.448252	0.896448	0.896448	0.448252	0.448252	0.448252	0.448252	0.896448	0.448252	0.448252	0.896448	0.448252	0.448252	0.896448	0.448252	0.448252	1.34454	0.896448	0.448252	0.896448	0.448252	0.448252	1.34454	0.896448	0.448252	0.896448	0.448252	0.448252	0.896448	0.448252	0.448252	0.448252	0.896448	1.34454
0.448209	0	0	0.448209	0.448209	0	0	0	0	0.448209	0.448209	0	0	0	0	0	0	0.448209	0.448209	0	0	0	0	0	0	0	0	0	0	0	0	0	0	0	0	0	0	0	0	0	0	0	0	0	0	0	0	0	0	0	0	0	0	0	0	0	0	0.448209	0.448209	0	0	0	0.448209	0.448209	0	0	0.448209	0.448209	0	0	0	0.448209	0.448209	0	0	0.448209	0.448209	0.448209	0.448209	0.448209	0.896364	0.448209	0.896364	0.896364	0.448209	0.896364	0.448209	0.448209	1.34441	1.34441	0.448209	0.448209	0.448209	0.896364	1.34441	0.448209	0.896364	0.896364	1.34441	1.34441	0.896364	0.896364	0.448209	1.34441	0.896364	0.896364	0.896364	0.896364	1.79229	1.34441	0.448209	0.896364	1.79229	0.896364	0.896364	0.896364	0.896364	1.79229	1.34441	0.448209	0.896364	1.79229	0.896364	0.896364	0.896364	0.448209	1.34441	0.896364	0.896364	1.34441	0.896364	0.448209	0.896364	0.896364	0.448209	0.896364	0.448209	0.448209	0.896364	0.896364	0.448209	0.448209	0.448209	0.448209	0.896364	0.448209	0.448209	0.896364	0.448209	0.448209	0.896364	0.448209	0	0.448209	0.448209	0	0.448209	0.448209	0	0	0	0	0	0	0	0	0	0.448209	0.448209	0	0	0	0	0.448209	0.448209	0	0	0	0.448209	0.448209	0	0	0.448209	0.448209	0	0	0	0	0	0	0	0	0	0	0	0	0	0.448209	0.448209	0	0	0.448209	0.448209	0.448209	0.448209	0	0.448209	0.448209	0	0	0.448209	0.896364	0.448209	0	0.448209	0.448209	0	0.448209	0.448209	0.448209	0.896364	0.448209	0.448209	0.896364	0.896364	0.448209	0.448209	0.448209	0.448209	0.896364	0.448209	0.448209	0.896364	0.448209	0.448209	0.896364	0.448209	0.448209	1.34441	0.896364	0.448209	0.896364	0.448209	0.448209	1.34441	0.896364	0.448209	0.896364	0.448209	0.448209	0.896364	0.448209	0.448209	0.448209	0.896364	1.34441
0.448167	0	0	0.448167	0.448167	0	0	0	0	0.448167	0.448167	0	0	0	0	0	0	0.448167	0.448167	0	0	0	0	0	0	0	0	0	0	0	0	0	0	0	0	0	0	0	0	0	0	0	0	0	0	0	0	0	0	0	0	0	0	0	0	0	0	0.448167	0.448167	0	0	0	0.448167	0.448167	0	0	0.448167	0.448167	0	0	0	0.448167	0.448167	0	0	0.448167	0.448167	0.448167	0.448167	0.448167	0.89628	0.448167	0.89628	0.89628	0.448167	0.89628	0.448167	0.448167	1.34428	1.34428	0.448167	0.448167	0.448167	0.89628	1.34428	0.448167	0.89628	0.89628	1.34428	1.34428	0.89628	0.89628	0.448167	1.34428	0.89628	0.89628	0.89628	0.89628	1.79212	1.34428	0.448167	0.89628	1.79212	0.89628	0.89628	0.89628	0.89628	1.79212	1.34428	0.448167	0.89628	1.79212	0.89628	0.89628	0.89628	0.448167	1.34428	0.89628	0.89628	1.34428	0.89628	0.448167	0.89628	0.89628	0.448167	0.89628	0.448167	0.448167	0.89628	0.89628	0.448167	0.448167	0.448167	0.448167	0.89628	0.448167	0.448167	0.89628	0.448167	0.448167	0.89628	0.448167	0	0.448167	0.448167	0	0.448167	0.448167	0	0	0	0	0	0	0	0	0	0.448167	0.448167	0	0	0	0	0.448167	0.448167	0	0	0	0.448167	0.448167	0	0	0.448167	0.448167	0	0	0	0	0	0	0	0	0	0	0	0	0	0.448167	0.448167	0	0	0.448167	0.448167	0.448167	0.448167	0	0.448167	0.448167	0	0	0.448167	0.89628	0.448167	0	0.448167	0.448167	0	0.448167	0.448167	0.448167	0.89628	0.448167	0.448167	0.89628	0.89628	0.448167	0.448167	0.448167	0.448167	0.89628	0.448167	0.448167	0.89628	0.448167	0.448167	0.89628	0.448167	0.448167	1.34428	0.89628	0.448167	0.89628	0.448167	0.448167	1.34428	0.89628	0.448167	0.89628	0.448167	0.448167	0.89628	0.448167	0.448167	0.448167	0.89628	1.34428
0.448125	0	0	0.448125	0.448125	0	0	0	0	0.448125	0.448125	0	0	0	0	0	0	0.448125	0.448125	0	0	0	0	0	0	0	0	0	0	0	0	0	0	0	0	0	0	0	0	0	0	0	0	0	0	0	0	0	0	0	0	0	0	0	0	0	0	0.448125	0.448125	0	0	0	0.448125	0.448125	0	0	0.448125	0.448125	0	0	0	0.448125	0.448125	0	0	0.448125	0.448125	0.448125	0.448125	0.448125	0.896196	0.448125	0.896196	0.896196	0.448125	0.896196	0.448125	0.448125	1.34416	1.34416	0.448125	0.448125	0.448125	0.896196	1.34416	0.448125	0.896196	0.896196	1.34416	1.34416	0.896196	0.896196	0.448125	1.34416	0.896196	0.896196	0.896196	0.896196	1.79195	1.34416	0.448125	0.896196	1.79195	0.896196	0.896196	0.896196	0.896196	1.79195	1.34416	0.448125	0.896196	1.79195	0.896196	0.896196	0.896196	0.448125	1.34416	0.896196	0.896196	1.34416	0.896196	0.448125	0.896196	0.896196	0.448125	0.896196	0.448125	0.448125	0.896196	0.896196	0.448125	0.448125	0.448125	0.448125	0.896196	0.448125	0.448125	0.896196	0.448125	0.448125	0.896196	0.448125	0	0.448125	0.448125	0	0.448125	0.448125	0	0	0	0	0	0	0	0	0	0.448125	0.448125	0	0	0	0	0.448125	0.448125	0	0	0	0.448125	0.448125	0	0	0.448125	0.448125	0	0	0	0	0	0	0	0	0	0	0	0	0	0.448125	0.448125	0	0	0.448125	0.448125	0.448125	0.448125	0	0.448125	0.448125	0	0	0.448125	0.896196	0.448125	0	0.448125	0.448125	0	0.448125	0.448125	0.448125	0.896196	0.448125	0.448125	0.896196	0.896196	0.448125	0.448125	0.448125	0.448125	0.896196	0.448125	0.448125	0.896196	0.448125	0.448125	0.896196	0.448125	0.448125	1.34416	0.896196	0.448125	0.896196	0.448125	0.448125	1.34416	0.896196	0.448125	0.896196	0.448125	0.448125	0.896196	0.448125	0.448125	0.448125	0.896196	1.34416
0.448083	0	0	0.448083	0.448083	0	0	0	0	0.448083	0.448083	0	0	0	0	0	0	0.448083	0.448083	0	0	0	0	0	0	0	0	0	0	0	0	0	0	0	0	0	0	0	0	0	0	0	0	0	0	0	0	0	0	0	0	0	0	0	0	0	0	0.448083	0.448083	0	0	0	0.448083	0.448083	0	0	0.448083	0.448083	0	0	0	0.448083	0.448083	0	0	0.448083	0.448083	0.448083	0.448083	0.448083	0.896112	0.448083	0.896112	0.896112	0.448083	0.896112	0.448083	0.448083	1.34403	1.34403	0.448083	0.448083	0.448083	0.896112	1.34403	0.448083	0.896112	0.896112	1.34403	1.34403	0.896112	0.896112	0.448083	1.34403	0.896112	0.896112	0.896112	0.896112	1.79179	1.34403	0.448083	0.896112	1.79179	0.896112	0.896112	0.896112	0.896112	1.79179	1.34403	0.448083	0.896112	1.79179	0.896112	0.896112	0.896112	0.448083	1.34403	0.896112	0.896112	1.34403	0.896112	0.448083	0.896112	0.896112	0.448083	0.896112	0.448083	0.448083	0.896112	0.896112	0.448083	0.448083	0.448083	0.448083	0.896112	0.448083	0.448083	0.896112	0.448083	0.448083	0.896112	0.448083	0	0.448083	0.448083	0	0.448083	0.448083	0	0	0	0	0	0	0	0	0	0.448083	0.448083	0	0	0	0	0.448083	0.448083	0	0	0	0.448083	0.448083	0	0	0.448083	0.448083	0	0	0	0	0	0	0	0	0	0	0	0	0	0.448083	0.448083	0	0	0.448083	0.448083	0.448083	0.448083	0	0.448083	0.448083	0	0	0.448083	0.896112	0.448083	0	0.448083	0.448083	0	0.448083	0.448083	0.448083	0.896112	0.448083	0.448083	0.896112	0.896112	0.448083	0.448083	0.448083	0.448083	0.896112	0.448083	0.448083	0.896112	0.448083	0.448083	0.896112	0.448083	0.448083	1.34403	0.896112	0.448083	0.896112	0.448083	0.448083	1.34403	0.896112	0.448083	0.896112	0.448083	0.448083	0.896112	0.448083	0.448083	0.448083	0.896112	1.34403
0.448041	0	0	0.448041	0.448041	0	0	0	0	0.448041	0.448041	0	0	0	0	0	0	0.448041	0.448041	0	0	0	0	0	0	0	0	0	0	0	0	0	0	0	0	0	0	0	0	0	0	0	0	0	0	0	0	0	0	0	0	0	0	0	0	0	0	0.448041	0.448041	0	0	0	0.448041	0.448041	0	0	0.448041	0.448041	0	0	0	0.448041	0.448041	0	0	0.448041	0.448041	0.448041	0.448041	0.448041	0.896028	0.448041	0.896028	0.896028	0.448041	0.896028	0.448041	0.448041	1.3439	1.3439	0.448041	0.448041	0.448041	0.896028	1.3439	0.448041	0.896028	0.896028	1.3439	1.3439	0.896028	0.896028	0.448041	1.3439	0.896028	0.896028	0.896028	0.896028	1.79162	1.3439	0.448041	0.896028	1.79162	0.896028	0.896028	0.896028	0.896028	1.79162	1.3439	0.448041	0.896028	1.79162	0.896028	0.896028	0.896028	0.448041	1.3439	0.896028	0.896028	1.3439	0.896028	0.448041	0.896028	0.896028	0.448041	0.896028	0.448041	0.448041	0.896028	0.896028	0.448041	0.448041	0.448041	0.448041	0.896028	0.448041	0.448041	0.896028	0.448041	0.448041	0.896028	0.448041	0	0.448041	0.448041	0	0.448041	0.448041	0	0	0	0	0	0	0	0	0	0.448041	0.448041	0	0	0	0	0.448041	0.448041	0	0	0	0.448041	0.448041	0	0	0.448041	0.448041	0	0	0	0	0	0	0	0	0	0	0	0	0	0.448041	0.448041	0	0	0.448041	0.448041	0.448041	0.448041	0	0.448041	0.448041	0	0	0.448041	0.896028	0.448041	0	0.448041	0.448041	0	0.448041	0.448041	0.448041	0.896028	0.448041	0.448041	0.896028	0.896028	0.448041	0.448041	0.448041	0.448041	0.896028	0.448041	0.448041	0.896028	0.448041	0.448041	0.896028	0.448041	0.448041	1.3439	0.896028	0.448041	0.896028	0.448041	0.448041	1.3439	0.896028	0.448041	0.896028	0.448041	0.448041	0.896028	0.448041	0.448041	0.448041	0.896028	1.3439
1.63043	1.68338	1.79156	1.71289	1.63043	1.68338	1.79156	1.79156	1.79156	1.71289	1.49404	1.34386	1.34386	1.4601	1.68338	1.79156	1.79156	1.71289	1.49404	1.34386	1.34386	1.34386	1.34386	1.34386	1.34386	1.34386	1.34386	1.34386	1.34386	1.34386	1.34386	1.34386	1.34386	1.34386	1.34386	1.34386	1.34386	1.34386	1.34386	1.34386	1.34386	1.34386	1.34386	1.34386	1.34386	1.34386	1.34386	1.34386	1.34386	1.34386	1.34386	1.34386	1.34386	1.23699	1.01418	0.896	0.896	0.852962	0.653078	0.448027	0.448027	0.448027	0.475185	0.354174	0	0	0.354174	0.475185	0.354197	0.158398	0	0.354174	0.475185	0.448027	0.448027	0.633568	0.633568	0.633568	0.633568	0.633568	0.963398	0.852962	1.27685	1.46007	1.41652	1.61495	1.41652	1.41652	1.90668	2.08251	1.84665	1.84665	1.84665	2.05835	2.42163	1.984	2.05835	2.26681	2.6534	2.85328	2.8313	2.8313	2.63451	2.76421	2.4113	2.47786	2.69088	2.8313	3.22734	2.95656	2.4165	2.4113	2.86635	2.4113	2.4113	2.4113	2.4113	2.86635	2.57684	1.984	2.00283	2.53273	2.00283	2.00283	2.00283	1.77044	2.0583	1.61495	1.61495	1.90009	1.59149	1.15303	1.26698	1.26698	0.963422	1.15298	0.633568	0.653054	1.0141	1.0141	0.653054	0.633568	0.633568	0.791942	1.27683	1.00172	1.00172	1.42529	1.35314	1.41652	1.61495	1.41652	1.34386	1.27688	1.06248	0.896	0.852962	0.653078	0.448027	0.448027	0.571116	0.791972	0.896	0.896	0.896	0.896	0.896	0.852962	0.653078	0.448027	0.448027	0.448027	0.448027	0.475185	0.500876	0.354197	0.448027	0.448027	0.316794	0.316794	0.448027	0.448027	0.633568	0.633568	0.448027	0.448027	0.448027	0.571116	0.791972	0.896	0.896	0.896	0.896	0.896	0.896	0.896	0.896	1.06248	1.27688	1.23699	1.01418	1.06248	1.27688	1.49404	1.71289	1.68338	1.63043	1.71289	1.68338	1.4601	1.49404	1.85341	1.84665	1.79156	1.84665	1.84665	1.79156	1.84665	1.84665	1.84665	2.00283	1.84665	1.93284	2.26681	2.4113	2.28333	2.28333	2.28333	2.28333	2.47786	2.59625	2.72324	2.8313	2.72324	2.72324	2.90542	3.04	3.16487	3.46981	3.55512	3.51274	3.39708	3.16487	3.16487	3.40808	3.25822	3.16487	3.18453	2.85331	2.72324	2.8313	2.72324	2.63451	2.4165	2.47786	2.85328
1.63027	1.71273	1.79139	1.68322	1.63027	1.71273	1.79139	1.79139	1.79139	1.68322	1.45997	1.34374	1.34374	1.4939	1.71273	1.79139	1.79139	1.68322	1.45997	1.34374	1.34374	1.34374	1.34374	1.34374	1.34374	1.34374	1.34374	1.34374	1.34374	1.34374	1.34374	1.34374	1.34374	1.34374	1.34374	1.34374	1.34374	1.34374	1.34374	1.34374	1.34374	1.34374	1.34374	1.34374	1.34374	1.34374	1.34374	1.34374	1.34374	1.34374	1.34374	1.34374	1.34374	1.27676	1.06238	0.895916	0.895916	0.791898	0.571062	0.447985	0.447985	0.447985	0.354163	0.158383	0	0	0.158383	0.354163	0.47514	0.354141	0	0.158383	0.354163	0.447985	0.447985	0.633509	0.633509	0.633509	0.633509	0.633509	0.791868	0.791898	1.15292	1.35301	1.41638	1.6148	1.41638	1.41638	1.77024	1.95837	1.84648	1.84648	1.84648	1.98381	2.4214	2.05816	1.98381	2.19933	2.55714	2.76399	2.83104	2.83104	2.69063	2.88782	2.41107	2.41627	2.63427	2.83104	3.22704	3.07236	2.47763	2.41107	2.86608	2.41107	2.41107	2.41107	2.41107	2.86608	2.7091	2.05816	2.00264	2.53249	2.00264	2.00264	2.00264	1.85323	2.22189	1.6148	1.6148	1.89991	1.74168	1.27673	1.26686	1.26686	1.10855	1.35294	0.633509	0.852836	1.23678	1.23678	0.852836	0.633509	0.633509	0.963307	1.45989	1.00163	1.00163	1.59131	1.45993	1.41638	1.6148	1.41638	1.34374	1.23687	1.01408	0.895916	0.791898	0.571062	0.447985	0.447985	0.653016	0.852882	0.895916	0.895916	0.895916	0.895916	0.895916	0.791898	0.571062	0.447985	0.447985	0.447985	0.447985	0.354163	0.500829	0.47514	0.447985	0.447985	0.316764	0.316764	0.447985	0.447985	0.633509	0.633509	0.447985	0.447985	0.447985	0.653016	0.852882	0.895916	0.895916	0.895916	0.895916	0.895916	0.895916	0.895916	0.895916	1.01408	1.23687	1.27676	1.06238	1.01408	1.23687	1.45997	1.68322	1.71273	1.63027	1.68322	1.71273	1.4939	1.45997	1.77028	1.84648	1.79139	1.84648	1.84648	1.79139	1.84648	1.84648	1.84648	2.00264	1.84648	1.90656	2.19933	2.41107	2.28312	2.28312	2.28312	2.28312	2.41627	2.57666	2.72299	2.83104	2.72299	2.72299	2.85305	3.02323	3.16457	3.39677	3.51241	3.55479	3.46948	3.16457	3.16457	3.40776	3.25791	3.16457	3.26173	2.90514	2.72299	2.83104	2.72299	2.69063	2.47763	2.41627	2.76399
0.447908	0.447908	0	0	0.447908	0.447908	0	0	0	0	0	0	0	0.447908	0.447908	0	0	0	0	0	0	0	0	0	0	0	0	0	0	0	0	0	0	0	0	0	0	0	0	0	0	0	0	0	0	0	0	0	0	0	0	0	0	0.447908	0.447908	0	0	0	0	0	0	0	0	0	0	0	0	0	0.447908	0.447908	0	0	0	0	0	0.447908	0.447908	0.447908	0.447908	0.447908	0.447908	0	0.447908	0.447908	0.447908	0.895761	0.447908	0.447908	0.895761	0.895761	0.447908	0.447908	0.447908	0.447908	1.34351	0.895761	0.447908	0.447908	0.895761	0.895761	0.895761	0.895761	0.895761	1.79109	0.895761	0.447908	0.447908	0.895761	1.79109	1.79109	0.895761	0.895761	1.79109	0.895761	0.895761	0.895761	0.895761	1.79109	1.79109	0.895761	0.895761	1.79109	0.895761	0.895761	0.895761	0.895761	1.79109	0.895761	0.895761	1.34351	1.34351	0.895761	0.895761	0.895761	0.895761	1.34351	0.447908	0.895761	1.34351	1.34351	0.895761	0.447908	0.447908	0.895761	1.34351	0.447908	0.447908	1.34351	0.895761	0.447908	0.895761	0.447908	0	0	0	0	0	0	0	0	0.447908	0.447908	0	0	0	0	0	0	0	0	0	0	0	0	0.447908	0.447908	0	0	0.447908	0.447908	0	0	0.447908	0.447908	0	0	0	0.447908	0.447908	0	0	0	0	0	0	0	0	0	0	0.447908	0.447908	0	0	0	0	0.447908	0.447908	0	0.447908	0.447908	0	0.447908	0.447908	0	0.447908	0.447908	0	0.447908	0.447908	0.447908	0.895761	0.447908	0	0.447908	0.895761	0.447908	0.447908	0.447908	0.447908	0.447908	0	0.447908	0.895761	0.447908	0.447908	0.447908	0	0.447908	0.895761	0.447908	0.895761	1.34351	0.447908	0.447908	1.34351	0.895761	0.447908	1.34351	0.895761	0.447908	0.895761	0.447908	0.895761	0.895761	0.447908	0.895761
0.447866	0.447866	0	0	0.447866	0.447866	0	0	0	0	0	0	0	0.447866	0.447866	0	0	0	0	0	0	0	0	0	0	0	0	0	0	0	0	0	0	0	0	0	0	0	0	0	0	0	0	0	0	0	0	0	0	0	0	0	0	0.447866	0.447866	0	0	0	0	0	0	0	0	0	0	0	0	0	0.447866	0.447866	0	0	0	0	0	0.447866	0.447866	0.447866	0.447866	0.447866	0.447866	0	0.447866	0.447866	0.447866	0.895677	0.447866	0.447866	0.895677	0.895677	0.447866	0.447866	0.447866	0.447866	1.34338	0.895677	0.447866	0.447866	0.895677	0.895677	0.895677	0.895677	0.895677	1.79092	0.895677	0.447866	0.447866	0.895677	1.79092	1.79092	0.895677	0.895677	1.79092	0.895677	0.895677	0.895677	0.895677	1.79092	1.79092	0.895677	0.895677	1.79092	0.895677	0.895677	0.895677	0.895677	1.79092	0.895677	0.895677	1.34338	1.34338	0.895677	0.895677	0.895677	0.895677	1.34338	0.447866	0.895677	1.34338	1.34338	0.895677	0.447866	0.447866	0.895677	1.34338	0.447866	0.447866	1.34338	0.895677	0.447866	0.895677	0.447866	0	0	0	0	0	0	0	0	0.447866	0.447866	0	0	0	0	0	0	0	0	0	0	0	0	0.447866	0.447866	0	0	0.447866	0.447866	0	0	0.447866	0.447866	0	0	0	0.447866	0.447866	0	0	0	0	0	0	0	0	0	0	0.447866	0.447866	0	0	0	0	0.447866	0.447866	0	0.447866	0.447866	0	0.447866	0.447866	0	0.447866	0.447866	0	0.447866	0.447866	0.447866	0.895677	0.447866	0	0.447866	0.895677	0.447866	0.447866	0.447866	0.447866	0.447866	0	0.447866	0.895677	0.447866	0.447866	0.447866	0	0.447866	0.895677	0.447866	0.895677	1.34338	0.447866	0.447866	1.34338	0.895677	0.447866	1.34338	0.895677	0.447866	0.895677	0.447866	0.895677	0.895677	0.447866	0.895677
0.447824	0.447824	0	0	0.447824	0.447824	0	0	0	0	0	0	0	0.447824	0.447824	0	0	0	0	0	0	0	0	0	0	0	0	0	0	0	0	0	0	0	0	0	0	0	0	0	0	0	0	0	0	0	0	0	0	0	0	0	0	0.447824	0.447824	0	0	0	0	0	0	0	0	0	0	0	0	0	0.447824	0.447824	0	0	0	0	0	0.447824	0.447824	0.447824	0.447824	0.447824	0.447824	0	0.447824	0.447824	0.447824	0.895593	0.447824	0.447824	0.895593	0.895593	0.447824	0.447824	0.447824	0.447824	1.34325	0.895593	0.447824	0.447824	0.895593	0.895593	0.895593	0.895593	0.895593	1.79075	0.895593	0.447824	0.447824	0.895593	1.79075	1.79075	0.895593	0.895593	1.79075	0.895593	0.895593	0.895593	0.895593	1.79075	1.79075	0.895593	0.895593	1.79075	0.895593	0.895593	0.895593	0.895593	1.79075	0.895593	0.895593	1.34325	1.34325	0.895593	0.895593	0.895593	0.895593	1.34325	0.447824	0.895593	1.34325	1.34325	0.895593	0.447824	0.447824	0.895593	1.34325	0.447824	0.447824	1.34325	0.895593	0.447824	0.895593	0.447824	0	0	0	0	0	0	0	0	0.447824	0.447824	0	0	0	0	0	0	0	0	0	0	0	0	0.447824	0.447824	0	0	0.447824	0.447824	0	0	0.447824	0.447824	0	0	0	0.447824	0.447824	0	0	0	0	0	0	0	0	0	0	0.447824	0.447824	0	0	0	0	0.447824	0.447824	0	0.447824	0.447824	0	0.447824	0.447824	0	0.447824	0.447824	0	0.447824	0.447824	0.447824	0.895593	0.447824	0	0.447824	0.895593	0.447824	0.447824	0.447824	0.447824	0.447824	0	0.447824	0.895593	0.447824	0.447824	0.447824	0	0.447824	0.895593	0.447824	0.895593	1.34325	0.447824	0.447824	1.34325	0.895593	0.447824	1.34325	0.895593	0.447824	0.895593	0.447824	0.895593	0.895593	0.447824	0.895593
0.447782	0.447782	0	0	0.447782	0.447782	0	0	0	0	0	0	0	0.447782	0.447782	0	0	0	0	0	0	0	0	0	0	0	0	0	0	0	0	0	0	0	0	0	0	0	0	0	0	0	0	0	0	0	0	0	0	0	0	0	0	0.447782	0.447782	0	0	0	0	0	0	0	0	0	0	0	0	0	0.447782	0.447782	0	0	0	0	0	0.447782	0.447782	0.447782	0.447782	0.447782	0.447782	0	0.447782	0.447782	0.447782	0.895509	0.447782	0.447782	0.895509	0.895509	0.447782	0.447782	0.447782	0.447782	1.34313	0.895509	0.447782	0.447782	0.895509	0.895509	0.895509	0.895509	0.895509	1.79058	0.895509	0.447782	0.447782	0.895509	1.79058	1.79058	0.895509	0.895509	1.79058	0.895509	0.895509	0.895509	0.895509	1.79058	1.79058	0.895509	0.895509	1.79058	0.895509	0.895509	0.895509	0.895509	1.79058	0.895509	0.895509	1.34313	1.34313	0.895509	0.895509	0.895509	0.895509	1.34313	0.447782	0.895509	1.34313	1.34313	0.895509	0.447782	0.447782	0.895509	1.34313	0.447782	0.447782	1.34313	0.895509	0.447782	0.895509	0.447782	0	0	0	0	0	0	0	0	0.447782	0.447782	0	0	0	0	0	0	0	0	0	0	0	0	0.447782	0.447782	0	0	0.447782	0.447782	0	0	0.447782	0.447782	0	0	0	0.447782	0.447782	0	0	0	0	0	0	0	0	0	0	0.447782	0.447782	0	0	0	0	0.447782	0.447782	0	0.447782	0.447782	0	0.447782	0.447782	0	0.447782	0.447782	0	0.447782	0.447782	0.447782	0.895509	0.447782	0	0.447782	0.895509	0.447782	0.447782	0.447782	0.447782	0.447782	0	0.447782	0.895509	0.447782	0.447782	0.447782	0	0.447782	0.895509	0.447782	0.895509	1.34313	0.447782	0.447782	1.34313	0.895509	0.447782	1.34313	0.895509	0.447782	0.895509	0.447782	0.895509	0.895509	0.447782	0.895509
0.44774	0.44774	0	0	0.44774	0.44774	0	0	0	0	0	0	0	0.44774	0.44774	0	0	0	0	0	0	0	0	0	0	0	0	0	0	0	0	0	0	0	0	0	0	0	0	0	0	0	0	0	0	0	0	0	0	0	0	0	0	0.44774	0.44774	0	0	0	0	0	0	0	0	0	0	0	0	0	0.44774	0.44774	0	0	0	0	0	0.44774	0.44774	0.44774	0.44774	0.44774	0.44774	0	0.44774	0.44774	0.44774	0.895426	0.44774	0.44774	0.895426	0.895426	0.44774	0.44774	0.44774	0.44774	1.343	0.895426	0.44774	0.44774	0.895426	0.895426	0.895426	0.895426	0.895426	1.79041	0.895426	0.44774	0.44774	0.895426	1.79041	1.79041	0.895426	0.895426	1.79041	0.895426	0.895426	0.895426	0.895426	1.79041	1.79041	0.895426	0.895426	1.79041	0.895426	0.895426	0.895426	0.895426	1.79041	0.895426	0.895426	1.343	1.343	0.895426	0.895426	0.895426	0.895426	1.343	0.44774	0.895426	1.343	1.343	0.895426	0.44774	0.44774	0.895426	1.343	0.44774	0.44774	1.343	0.895426	0.44774	0.895426	0.44774	0	0	0	0	0	0	0	0	0.44774	0.44774	0	0	0	0	0	0	0	0	0	0	0	0	0.44774	0.44774	0	0	0.44774	0.44774	0	0	0.44774	0.44774	0	0	0	0.44774	0.44774	0	0	0	0	0	0	0	0	0	0	0.44774	0.44774	0	0	0	0	0.44774	0.44774	0	0.44774	0.44774	0	0.44774	0.44774	0	0.44774	0.44774	0	0.44774	0.44774	0.44774	0.895426	0.44774	0	0.44774	0.895426	0.44774	0.44774	0.44774	0.44774	0.44774	0	0.44774	0.895426	0.44774	0.44774	0.44774	0	0.44774	0.895426	0.44774	0.895426	1.343	0.44774	0.44774	1.343	0.895426	0.44774	1.343	0.895426	0.44774	0.895426	0.44774	0.895426	0.895426	0.44774	0.895426
0.447698	0.447698	0	0	0.447698	0.447698	0	0	0	0	0	0	0	0.447698	0.447698	0	0	0	0	0	0	0	0	0	0	0	0	0	0	0	0	0	0	0	0	0	0	0	0	0	0	0	0	0	0	0	0	0	0	0	0	0	0	0.447698	0.447698	0	0	0	0	0	0	0	0	0	0	0	0	0	0.447698	0.447698	0	0	0	0	0	0.447698	0.447698	0.447698	0.447698	0.447698	0.447698	0	0.447698	0.447698	0.447698	0.895342	0.447698	0.447698	0.895342	0.895342	0.447698	0.447698	0.447698	0.447698	1.34288	0.895342	0.447698	0.447698	0.895342	0.895342	0.895342	0.895342	0.895342	1.79025	0.895342	0.447698	0.447698	0.895342	1.79025	1.79025	0.895342	0.895342	1.79025	0.895342	0.895342	0.895342	0.895342	1.79025	1.79025	0.895342	0.895342	1.79025	0.895342	0.895342	0.895342	0.895342	1.79025	0.895342	0.895342	1.34288	1.34288	0.895342	0.895342	0.895342	0.895342	1.34288	0.447698	0.895342	1.34288	1.34288	0.895342	0.447698	0.447698	0.895342	1.34288	0.447698	0.447698	1.34288	0.895342	0.447698	0.895342	0.447698	0	0	0	0	0	0	0	0	0.447698	0.447698	0	0	0	0	0	0	0	0	0	0	0	0	0.447698	0.447698	0	0	0.447698	0.447698	0	0	0.447698	0.447698	0	0	0	0.447698	0.447698	0	0	0	0	0	0	0	0	0	0	0.447698	0.447698	0	0	0	0	0.447698	0.447698	0	0.447698	0.447698	0	0.447698	0.447698	0	0.447698	0.447698	0	0.447698	0.447698	0.447698	0.895342	0.447698	0	0.447698	0.895342	0.447698	0.447698	0.447698	0.447698	0.447698	0	0.447698	0.895342	0.447698	0.447698	0.447698	0	0.447698	0.895342	0.447698	0.895342	1.34288	0.447698	0.447698	1.34288	0.895342	0.447698	1.34288	0.895342	0.447698	0.895342	0.447698	0.895342	0.895342	0.447698	0.895342
0.447656	0.447656	0	0	0.447656	0.447656	0	0	0	0	0	0	0	0.447656	0.447656	0	0	0	0	0	0	0	0	0	0	0	0	0	0	0	0	0	0	0	0	0	0	0	0	0	0	0	0	0	0	0	0	0	0	0	0	0	0	0.447656	0.447656	0	0	0	0	0	0	0	0	0	0	0	0	0	0.447656	0.447656	0	0	0	0	0	0.447656	0.447656	0.447656	0.447656	0.447656	0.447656	0	0.447656	0.447656	0.447656	0.895258	0.447656	0.447656	0.895258	0.895258	0.447656	0.447656	0.447656	0.447656	1.34275	0.895258	0.447656	0.447656	0.895258	0.895258	0.895258	0.895258	0.895258	1.79008	0.895258	0.447656	0.447656	0.895258	1.79008	1.79008	0.895258	0.895258	1.79008	0.895258	0.895258	0.895258	0.895258	1.79008	1.79008	0.895258	0.895258	1.79008	0.895258	0.895258	0.895258	0.895258	1.79008	0.895258	0.895258	1.34275	1.34275	0.895258	0.895258	0.895258	0.895258	1.34275	0.447656	0.895258	1.34275	1.34275	0.895258	0.447656	0.447656	0.895258	1.34275	0.447656	0.447656	1.34275	0.895258	0.447656	0.895258	0.447656	0	0	0	0	0	0	0	0	0.447656	0.447656	0	0	0	0	0	0	0	0	0	0	0	0	0.447656	0.447656	0	0	0.447656	0.447656	0	0	0.447656	0.447656	0	0	0	0.447656	0.447656	0	0	0	0	0	0	0	0	0	0	0.447656	0.447656	0	0	0	0	0.447656	0.447656	0	0.447656	0.447656	0	0.447656	0.447656	0	0.447656	0.447656	0	0.447656	0.447656	0.447656	0.895258	0.447656	0	0.447656	0.895258	0.447656	0.447656	0.447656	0.447656	0.447656	0	0.447656	0.895258	0.447656	0.447656	0.447656	0	0.447656	0.895258	0.447656	0.895258	1.34275	0.447656	0.447656	1.34275	0.895258	0.447656	1.34275	0.895258	0.447656	0.895258	0.447656	0.895258	0.895258	0.447656	0.895258
0.447614	0.447614	0	0	0.447614	0.447614	0	0	0	0	0	0	0	0.447614	0.447614	0	0	0	0	0	0	0	0	0	0	0	0	0	0	0	0	0	0	0	0	0	0	0	0	0	0	0	0	0	0	0	0	0	0	0	0	0	0	0.447614	0.447614	0	0	0	0	0	0	0	0	0	0	0	0	0	0.447614	0.447614	0	0	0	0	0	0.447614	0.447614	0.447614	0.447614	0.447614	0.447614	0	0.447614	0.447614	0.447614	0.895174	0.447614	0.447614	0.895174	0.895174	0.447614	0.447614	0.447614	0.447614	1.34262	0.895174	0.447614	0.447614	0.895174	0.895174	0.895174	0.895174	0.895174	1.78991	0.895174	0.447614	0.447614	0.895174	1.78991	1.78991	0.895174	0.895174	1.78991	0.895174	0.895174	0.895174	0.895174	1.78991	1.78991	0.895174	0.895174	1.78991	0.895174	0.895174	0.895174	0.895174	1.78991	0.895174	0.895174	1.34262	1.34262	0.895174	0.895174	0.895174	0.895174	1.34262	0.447614	0.895174	1.34262	1.34262	0.895174	0.447614	0.447614	0.895174	1.34262	0.447614	0.447614	1.34262	0.895174	0.447614	0.895174	0.447614	0	0	0	0	0	0	0	0	0.447614	0.447614	0	0	0	0	0	0	0	0	0	0	0	0	0.447614	0.447614	0	0	0.447614	0.447614	0	0	0.447614	0.447614	0	0	0	0.447614	0.447614	0	0	0	0	0	0	0	0	0	0	0.447614	0.447614	0	0	0	0	0.447614	0.447614	0	0.447614	0.447614	0	0.447614	0.447614	0	0.447614	0.447614	0	0.447614	0.447614	0.447614	0.895174	0.447614	0	0.447614	0.895174	0.447614	0.447614	0.447614	0.447614	0.447614	0	0.447614	0.895174	0.447614	0.447614	0.447614	0	0.447614	0.895174	0.447614	0.895174	1.34262	0.447614	0.447614	1.34262	0.895174	0.447614	1.34262	0.895174	0.447614	0.895174	0.447614	0.895174	0.895174	0.447614	0.895174
0.447565	0.447565	0	0	0.447565	0.447565	0	0	0	0	0	0	0	0.447565	0.447565	0	0	0	0	0	0	0	0	0	0	0	0	0	0	0	0	0	0	0	0	0	0	0	0	0	0	0	0	0	0	0	0	0	0	0	0	0	0	0.447565	0.447565	0	0	0	0	0	0	0	0	0	0	0	0	0	0.447565	0.447565	0	0	0	0	0	0.447565	0.447565	0.447565	0.447565	0.447565	0.447565	0	0.447565	0.447565	0.447565	0.895076	0.447565	0.447565	0.895076	0.895076	0.447565	0.447565	0.447565	0.447565	1.34248	0.895076	0.447565	0.447565	0.895076	0.895076	0.895076	0.895076	0.895076	1.78971	0.895076	0.447565	0.447565	0.895076	1.78971	1.78971	0.895076	0.895076	1.78971	0.895076	0.895076	0.895076	0.895076	1.78971	1.78971	0.895076	0.895076	1.78971	0.895076	0.895076	0.895076	0.895076	1.78971	0.895076	0.895076	1.34248	1.34248	0.895076	0.895076	0.895076	0.895076	1.34248	0.447565	0.895076	1.34248	1.34248	0.895076	0.447565	0.447565	0.895076	1.34248	0.447565	0.447565	1.34248	0.895076	0.447565	0.895076	0.447565	0	0	0	0	0	0	0	0	0.447565	0.447565	0	0	0	0	0	0	0	0	0	0	0	0	0.447565	0.447565	0	0	0.447565	0.447565	0	0	0.447565	0.447565	0	0	0	0.447565	0.447565	0	0	0	0	0	0	0	0	0	0	0.447565	0.447565	0	0	0	0	0.447565	0.447565	0	0.447565	0.447565	0	0.447565	0.447565	0	0.447565	0.447565	0	0.447565	0.447565	0.447565	0.895076	0.447565	0	0.447565	0.895076	0.447565	0.447565	0.447565	0.447565	0.447565	0	0.447565	0.895076	0.447565	0.447565	0.447565	0	0.447565	0.895076	0.447565	0.895076	1.34248	0.447565	0.447565	1.34248	0.895076	0.447565	1.34248	0.895076	0.447565	0.895076	0.447565	0.895076	0.895076	0.447565	0.895076
0.632905	0.632905	0.353826	0.223765	0.500352	0.353804	0	0	0.158232	0.353826	0.447558	0.447558	0.447558	0.632905	0.632905	0.447558	0.447558	0.570518	0.791143	0.895062	0.895062	0.895062	0.895062	0.895062	0.895062	0.895062	0.895062	0.895062	0.895062	0.895062	0.895062	0.895062	0.895062	0.895062	0.895062	0.895062	0.895062	0.895062	1.01312	1.23569	1.34246	1.34246	1.34246	1.34246	1.34246	1.34246	1.34246	1.34246	1.34246	1.34246	1.34246	1.34246	1.34246	1.49248	1.7111	1.78969	1.78969	1.78969	1.78969	1.78969	1.78969	1.78969	1.68162	1.45858	1.34246	1.34246	1.34246	1.34246	1.27555	1.06137	0.895062	0.895062	0.895062	0.895062	0.895062	1.00067	1.00067	0.85207	0.652394	0.474687	0.500352	0.353826	0.474687	0.353804	0.447523	0.791084	0.474687	0.632905	1.00063	1.00063	0.632905	0.652394	0.85207	1.00067	1.5898	1.45854	1.41503	1.41503	1.58982	1.4238	1.27551	1.45854	1.65158	2.37741	2.26444	2.19724	1.98193	2.0562	2.70652	2.86336	2.40878	2.40878	2.86336	2.40878	2.40878	2.40878	2.40878	2.86336	2.86336	2.40878	2.40878	2.86336	2.40878	2.40878	2.40878	2.40878	2.86336	2.40878	2.47527	2.80172	2.76132	2.40878	2.40878	2.40878	2.40878	2.57415	1.98193	2.0562	2.41909	2.41909	2.26444	2.19724	1.98193	2.00074	2.23664	1.84472	1.76859	2.06222	1.85147	1.84472	2.0562	2.15127	2.12791	1.8036	1.45858	1.23569	0.9226	0.570518	0.447558	0.447558	0.632905	0.652394	0.791143	0.895062	0.895062	0.895062	0.895062	0.895062	0.895062	0.895062	0.895062	0.895062	0.895062	0.895062	1.06137	1.27555	1.34246	1.34246	1.27555	1.06137	0.895062	0.895062	0.85207	0.652394	0.447558	0.447558	0.447558	0.474687	0.353804	0	0	0	0.158232	0.353826	0.447558	0.447558	0.447558	0.447558	0.447558	0.652394	0.85207	0.791143	0.570518	0.447558	0.447558	0.652394	0.85207	0.895062	1.00067	1.00067	0.895062	1.06137	1.27555	1.23569	1.15182	1.00067	0.895062	1.00067	1.00067	1.00067	1.27551	1.27555	1.23569	1.15182	1.27551	1.27555	1.41503	1.41503	1.41503	1.35173	1.01312	1.00067	1.26566	1.00067	1.06137	1.20492	1.01312	1.00067	1.26566	1.00067	1.27551	1.74003	1.41503	1.41503	1.90469	1.85147	1.84472	2.26441	2.26444	2.28094	2.40878	2.28094	2.47527	2.68807	2.72039	2.82834
0.632846	0.632846	0.474643	0.671205	0.500305	0.158218	0	0	0.353771	0.474643	0.447516	0.447516	0.447516	0.632846	0.632846	0.447516	0.447516	0.652333	0.85199	0.894978	0.894978	0.894978	0.894978	0.894978	0.894978	0.894978	0.894978	0.894978	0.894978	0.894978	0.894978	0.894978	0.894978	0.894978	0.894978	0.894978	0.894978	0.894978	1.06127	1.27543	1.34233	1.34233	1.34233	1.34233	1.34233	1.34233	1.34233	1.34233	1.34233	1.34233	1.34233	1.34233	1.34233	1.45844	1.68146	1.78952	1.78952	1.78952	1.78952	1.78952	1.78952	1.78952	1.71094	1.49234	1.34233	1.34233	1.34233	1.34233	1.23558	1.01302	0.894978	0.894978	0.894978	0.894978	0.894978	1.00058	1.00058	0.791069	0.570465	0.353793	0.500305	0.474643	0.353793	0.158218	0.447481	0.570423	0.353793	0.632846	1.00053	1.00053	0.632846	0.570465	0.791069	1.00058	1.42367	1.3516	1.4149	1.4149	1.73986	1.58965	1.15171	1.3516	1.55793	2.10997	2.19703	2.26422	2.05601	1.98174	2.57391	2.86309	2.40855	2.40855	2.86309	2.40855	2.40855	2.40855	2.40855	2.86309	2.86309	2.40855	2.40855	2.86309	2.40855	2.40855	2.40855	2.40855	2.86309	2.40855	2.41375	2.80145	2.8848	2.40855	2.40855	2.40855	2.40855	2.70627	2.05601	1.98174	2.41887	2.41887	2.19703	2.26422	2.05601	2.00055	2.23643	1.84455	1.8513	2.06203	1.76842	1.84455	1.98174	2.12771	2.15107	1.9111	1.49234	1.27543	1.11864	0.652333	0.447516	0.447516	0.632846	0.570465	0.85199	0.894978	0.894978	0.894978	0.894978	0.894978	0.894978	0.894978	0.894978	0.894978	0.894978	0.894978	1.01302	1.23558	1.34233	1.34233	1.23558	1.01302	0.894978	0.894978	0.791069	0.570465	0.447516	0.447516	0.447516	0.353793	0.158218	0	0	0	0.353771	0.474643	0.447516	0.447516	0.447516	0.447516	0.447516	0.570465	0.791069	0.85199	0.652333	0.447516	0.447516	0.570465	0.791069	0.894978	1.00058	1.00058	0.894978	1.01302	1.23558	1.27543	1.2754	1.00058	0.894978	1.00058	1.00058	1.00058	1.15171	1.23558	1.27543	1.2754	1.15171	1.23558	1.4149	1.4149	1.4149	1.45841	1.06127	1.00058	1.26554	1.00058	1.01302	1.20481	1.06127	1.00058	1.26554	1.00058	1.15171	1.58967	1.4149	1.4149	1.76839	1.76842	1.84455	2.15103	2.19703	2.28073	2.40855	2.28073	2.41375	2.63151	2.72014	2.82808
0.447439	0.447439	0.447439	0.894824	0.447439	0	0	0	0.447439	0.447439	0	0	0	0.447439	0.447439	0	0	0.447439	0.447439	0	0	0	0	0	0	0	0	0	0	0	0	0	0	0	0	0	0	0	0.447439	0.447439	0	0	0	0	0	0	0	0	0	0	0	0	0	0	0	0	0	0	0	0	0	0	0.447439	0.447439	0	0	0	0	0	0	0	0	0	0	0	0.447439	0.447439	0	0	0	0.447439	0.447439	0	0	0.447439	0.447439	0	0.447439	0.894824	0.894824	0.447439	0	0	0.447439	0.894824	0.447439	0.447439	0.447439	1.3421	1.3421	0.447439	0.447439	0.447439	0.894824	0.447439	0.894824	0.894824	0.447439	1.3421	1.78921	0.894824	0.894824	1.78921	0.894824	0.894824	0.894824	0.894824	1.78921	1.78921	0.894824	0.894824	1.78921	0.894824	0.894824	0.894824	0.894824	1.78921	0.894824	0.447439	1.3421	1.78921	0.894824	0.894824	0.894824	0.894824	1.78921	0.894824	0.447439	1.3421	1.3421	0.447439	0.894824	0.894824	0.894824	1.3421	0.447439	0.894824	1.3421	0.447439	0.447439	0.447439	0	0.447439	0.894824	0.447439	0.447439	0.894824	0.447439	0	0	0.447439	0	0.447439	0	0	0	0	0	0	0	0	0	0	0	0	0	0	0	0	0	0	0	0	0	0	0	0	0	0	0	0	0	0.447439	0.447439	0	0	0	0	0	0	0	0.447439	0.447439	0	0	0	0	0	0.447439	0.447439	0	0	0	0.447439	0.894824	0.447439	0	0.447439	0.447439	0.447439	0.447439	0	0.447439	0.894824	0.447439	0	0.447439	0.447439	0.447439	0.894824	0.447439	0.447439	0.894824	0.447439	0	0.447439	0.447439	0.447439	0.894824	0.447439	0.447439	0.894824	0.447439	0.447439	0.894824	0.447439	0.447439	0.894824	0.447439	0.447439	0.894824	0.447439	0.447439	0.447439	0.447439	0.894824
0.447397	0.447397	0.447397	0.89474	0.447397	0	0	0	0.447397	0.447397	0	0	0	0.447397	0.447397	0	0	0.447397	0.447397	0	0	0	0	0	0	0	0	0	0	0	0	0	0	0	0	0	0	0	0.447397	0.447397	0	0	0	0	0	0	0	0	0	0	0	0	0	0	0	0	0	0	0	0	0	0	0.447397	0.447397	0	0	0	0	0	0	0	0	0	0	0	0.447397	0.447397	0	0	0	0.447397	0.447397	0	0	0.447397	0.447397	0	0.447397	0.89474	0.89474	0.447397	0	0	0.447397	0.89474	0.447397	0.447397	0.447397	1.34197	1.34197	0.447397	0.447397	0.447397	0.89474	0.447397	0.89474	0.89474	0.447397	1.34197	1.78904	0.89474	0.89474	1.78904	0.89474	0.89474	0.89474	0.89474	1.78904	1.78904	0.89474	0.89474	1.78904	0.89474	0.89474	0.89474	0.89474	1.78904	0.89474	0.447397	1.34197	1.78904	0.89474	0.89474	0.89474	0.89474	1.78904	0.89474	0.447397	1.34197	1.34197	0.447397	0.89474	0.89474	0.89474	1.34197	0.447397	0.89474	1.34197	0.447397	0.447397	0.447397	0	0.447397	0.89474	0.447397	0.447397	0.89474	0.447397	0	0	0.447397	0	0.447397	0	0	0	0	0	0	0	0	0	0	0	0	0	0	0	0	0	0	0	0	0	0	0	0	0	0	0	0	0	0.447397	0.447397	0	0	0	0	0	0	0	0.447397	0.447397	0	0	0	0	0	0.447397	0.447397	0	0	0	0.447397	0.89474	0.447397	0	0.447397	0.447397	0.447397	0.447397	0	0.447397	0.89474	0.447397	0	0.447397	0.447397	0.447397	0.89474	0.447397	0.447397	0.89474	0.447397	0	0.447397	0.447397	0.447397	0.89474	0.447397	0.447397	0.89474	0.447397	0.447397	0.89474	0.447397	0.447397	0.89474	0.447397	0.447397	0.89474	0.447397	0.447397	0.447397	0.447397	0.89474
0.447356	0.447356	0.447356	0.894657	0.447356	0	0	0	0.447356	0.447356	0	0	0	0.447356	0.447356	0	0	0.447356	0.447356	0	0	0	0	0	0	0	0	0	0	0	0	0	0	0	0	0	0	0	0.447356	0.447356	0	0	0	0	0	0	0	0	0	0	0	0	0	0	0	0	0	0	0	0	0	0	0.447356	0.447356	0	0	0	0	0	0	0	0	0	0	0	0.447356	0.447356	0	0	0	0.447356	0.447356	0	0	0.447356	0.447356	0	0.447356	0.894657	0.894657	0.447356	0	0	0.447356	0.894657	0.447356	0.447356	0.447356	1.34185	1.34185	0.447356	0.447356	0.447356	0.894657	0.447356	0.894657	0.894657	0.447356	1.34185	1.78888	0.894657	0.894657	1.78888	0.894657	0.894657	0.894657	0.894657	1.78888	1.78888	0.894657	0.894657	1.78888	0.894657	0.894657	0.894657	0.894657	1.78888	0.894657	0.447356	1.34185	1.78888	0.894657	0.894657	0.894657	0.894657	1.78888	0.894657	0.447356	1.34185	1.34185	0.447356	0.894657	0.894657	0.894657	1.34185	0.447356	0.894657	1.34185	0.447356	0.447356	0.447356	0	0.447356	0.894657	0.447356	0.447356	0.894657	0.447356	0	0	0.447356	0	0.447356	0	0	0	0	0	0	0	0	0	0	0	0	0	0	0	0	0	0	0	0	0	0	0	0	0	0	0	0	0	0.447356	0.447356	0	0	0	0	0	0	0	0.447356	0.447356	0	0	0	0	0	0.447356	0.447356	0	0	0	0.447356	0.894657	0.447356	0	0.447356	0.447356	0.447356	0.447356	0	0.447356	0.894657	0.447356	0	0.447356	0.447356	0.447356	0.894657	0.447356	0.447356	0.894657	0.447356	0	0.447356	0.447356	0.447356	0.894657	0.447356	0.447356	0.894657	0.447356	0.447356	0.894657	0.447356	0.447356	0.894657	0.447356	0.447356	0.894657	0.447356	0.447356	0.447356	0.447356	0.894657
0.447314	0.447314	0.447314	0.894573	0.447314	0	0	0	0.447314	0.447314	0	0	0	0.447314	0.447314	0	0	0.447314	0.447314	0	0	0	0	0	0	0	0	0	0	0	0	0	0	0	0	0	0	0	0.447314	0.447314	0	0	0	0	0	0	0	0	0	0	0	0	0	0	0	0	0	0	0	0	0	0	0.447314	0.447314	0	0	0	0	0	0	0	0	0	0	0	0.447314	0.447314	0	0	0	0.447314	0.447314	0	0	0.447314	0.447314	0	0.447314	0.894573	0.894573	0.447314	0	0	0.447314	0.894573	0.447314	0.447314	0.447314	1.34172	1.34172	0.447314	0.447314	0.447314	0.894573	0.447314	0.894573	0.894573	0.447314	1.34172	1.78871	0.894573	0.894573	1.78871	0.894573	0.894573	0.894573	0.894573	1.78871	1.78871	0.894573	0.894573	1.78871	0.894573	0.894573	0.894573	0.894573	1.78871	0.894573	0.447314	1.34172	1.78871	0.894573	0.894573	0.894573	0.894573	1.78871	0.894573	0.447314	1.34172	1.34172	0.447314	0.894573	0.894573	0.894573	1.34172	0.447314	0.894573	1.34172	0.447314	0.447314	0.447314	0	0.447314	0.894573	0.447314	0.447314	0.894573	0.447314	0	0	0.447314	0	0.447314	0	0	0	0	0	0	0	0	0	0	0	0	0	0	0	0	0	0	0	0	0	0	0	0	0	0	0	0	0	0.447314	0.447314	0	0	0	0	0	0	0	0.447314	0.447314	0	0	0	0	0	0.447314	0.447314	0	0	0	0.447314	0.894573	0.447314	0	0.447314	0.447314	0.447314	0.447314	0	0.447314	0.894573	0.447314	0	0.447314	0.447314	0.447314	0.894573	0.447314	0.447314	0.894573	0.447314	0	0.447314	0.447314	0.447314	0.894573	0.447314	0.447314	0.894573	0.447314	0.447314	0.894573	0.447314	0.447314	0.894573	0.447314	0.447314	0.894573	0.447314	0.447314	0.447314	0.447314	0.894573
0.447272	0.447272	0.447272	0.894489	0.447272	0	0	0	0.447272	0.447272	0	0	0	0.447272	0.447272	0	0	0.447272	0.447272	0	0	0	0	0	0	0	0	0	0	0	0	0	0	0	0	0	0	0	0.447272	0.447272	0	0	0	0	0	0	0	0	0	0	0	0	0	0	0	0	0	0	0	0	0	0	0.447272	0.447272	0	0	0	0	0	0	0	0	0	0	0	0.447272	0.447272	0	0	0	0.447272	0.447272	0	0	0.447272	0.447272	0	0.447272	0.894489	0.894489	0.447272	0	0	0.447272	0.894489	0.447272	0.447272	0.447272	1.3416	1.3416	0.447272	0.447272	0.447272	0.894489	0.447272	0.894489	0.894489	0.447272	1.3416	1.78854	0.894489	0.894489	1.78854	0.894489	0.894489	0.894489	0.894489	1.78854	1.78854	0.894489	0.894489	1.78854	0.894489	0.894489	0.894489	0.894489	1.78854	0.894489	0.447272	1.3416	1.78854	0.894489	0.894489	0.894489	0.894489	1.78854	0.894489	0.447272	1.3416	1.3416	0.447272	0.894489	0.894489	0.894489	1.3416	0.447272	0.894489	1.3416	0.447272	0.447272	0.447272	0	0.447272	0.894489	0.447272	0.447272	0.894489	0.447272	0	0	0.447272	0	0.447272	0	0	0	0	0	0	0	0	0	0	0	0	0	0	0	0	0	0	0	0	0	0	0	0	0	0	0	0	0	0.447272	0.447272	0	0	0	0	0	0	0	0.447272	0.447272	0	0	0	0	0	0.447272	0.447272	0	0	0	0.447272	0.894489	0.447272	0	0.447272	0.447272	0.447272	0.447272	0	0.447272	0.894489	0.447272	0	0.447272	0.447272	0.447272	0.894489	0.447272	0.447272	0.894489	0.447272	0	0.447272	0.447272	0.447272	0.894489	0.447272	0.447272	0.894489	0.447272	0.447272	0.894489	0.447272	0.447272	0.894489	0.447272	0.447272	0.894489	0.447272	0.447272	0.447272	0.447272	0.894489
0.44723	0.44723	0.44723	0.894405	0.44723	0	0	0	0.44723	0.44723	0	0	0	0.44723	0.44723	0	0	0.44723	0.44723	0	0	0	0	0	0	0	0	0	0	0	0	0	0	0	0	0	0	0	0.44723	0.44723	0	0	0	0	0	0	0	0	0	0	0	0	0	0	0	0	0	0	0	0	0	0	0.44723	0.44723	0	0	0	0	0	0	0	0	0	0	0	0.44723	0.44723	0	0	0	0.44723	0.44723	0	0	0.44723	0.44723	0	0.44723	0.894405	0.894405	0.44723	0	0	0.44723	0.894405	0.44723	0.44723	0.44723	1.34147	1.34147	0.44723	0.44723	0.44723	0.894405	0.44723	0.894405	0.894405	0.44723	1.34147	1.78837	0.894405	0.894405	1.78837	0.894405	0.894405	0.894405	0.894405	1.78837	1.78837	0.894405	0.894405	1.78837	0.894405	0.894405	0.894405	0.894405	1.78837	0.894405	0.44723	1.34147	1.78837	0.894405	0.894405	0.894405	0.894405	1.78837	0.894405	0.44723	1.34147	1.34147	0.44723	0.894405	0.894405	0.894405	1.34147	0.44723	0.894405	1.34147	0.44723	0.44723	0.44723	0	0.44723	0.894405	0.44723	0.44723	0.894405	0.44723	0	0	0.44723	0	0.44723	0	0	0	0	0	0	0	0	0	0	0	0	0	0	0	0	0	0	0	0	0	0	0	0	0	0	0	0	0	0.44723	0.44723	0	0	0	0	0	0	0	0.44723	0.44723	0	0	0	0	0	0.44723	0.44723	0	0	0	0.44723	0.894405	0.44723	0	0.44723	0.44723	0.44723	0.44723	0	0.44723	0.894405	0.44723	0	0.44723	0.44723	0.44723	0.894405	0.44723	0.44723	0.894405	0.44723	0	0.44723	0.44723	0.44723	0.894405	0.44723	0.44723	0.894405	0.44723	0.44723	0.894405	0.44723	0.44723	0.894405	0.44723	0.44723	0.894405	0.44723	0.44723	0.44723	0.44723	0.894405
0.447181	0.447181	0.447181	0.894307	0.447181	0	0	0	0.447181	0.447181	0	0	0	0.447181	0.447181	0	0	0.447181	0.447181	0	0	0	0	0	0	0	0	0	0	0	0	0	0	0	0	0	0	0	0.447181	0.447181	0	0	0	0	0	0	0	0	0	0	0	0	0	0	0	0	0	0	0	0	0	0	0.447181	0.447181	0	0	0	0	0	0	0	0	0	0	0	0.447181	0.447181	0	0	0	0.447181	0.447181	0	0	0.447181	0.447181	0	0.447181	0.894307	0.894307	0.447181	0	0	0.447181	0.894307	0.447181	0.447181	0.447181	1.34133	1.34133	0.447181	0.447181	0.447181	0.894307	0.447181	0.894307	0.894307	0.447181	1.34133	1.78818	0.894307	0.894307	1.78818	0.894307	0.894307	0.894307	0.894307	1.78818	1.78818	0.894307	0.894307	1.78818	0.894307	0.894307	0.894307	0.894307	1.78818	0.894307	0.447181	1.34133	1.78818	0.894307	0.894307	0.894307	0.894307	1.78818	0.894307	0.447181	1.34133	1.34133	0.447181	0.894307	0.894307	0.894307	1.34133	0.447181	0.894307	1.34133	0.447181	0.447181	0.447181	0	0.447181	0.894307	0.447181	0.447181	0.894307	0.447181	0	0	0.447181	0	0.447181	0	0	0	0	0	0	0	0	0	0	0	0	0	0	0	0	0	0	0	0	0	0	0	0	0	0	0	0	0	0.447181	0.447181	0	0	0	0	0	0	0	0.447181	0.447181	0	0	0	0	0	0.447181	0.447181	0	0	0	0.447181	0.894307	0.447181	0	0.447181	0.447181	0.447181	0.447181	0	0.447181	0.894307	0.447181	0	0.447181	0.447181	0.447181	0.894307	0.447181	0.447181	0.894307	0.447181	0	0.447181	0.447181	0.447181	0.894307	0.447181	0.447181	0.894307	0.447181	0.447181	0.894307	0.447181	0.447181	0.894307	0.447181	0.447181	0.894307	0.447181	0.447181	0.447181	0.447181	0.894307
0.447139	0.447139	0.447139	0.894224	0.447139	0	0	0	0.447139	0.447139	0	0	0	0.447139	0.447139	0	0	0.447139	0.447139	0	0	0	0	0	0	0	0	0	0	0	0	0	0	0	0	0	0	0	0.447139	0.447139	0	0	0	0	0	0	0	0	0	0	0	0	0	0	0	0	0	0	0	0	0	0	0.447139	0.447139	0	0	0	0	0	0	0	0	0	0	0	0.447139	0.447139	0	0	0	0.447139	0.447139	0	0	0.447139	0.447139	0	0.447139	0.894224	0.894224	0.447139	0	0	0.447139	0.894224	0.447139	0.447139	0.447139	1.3412	1.3412	0.447139	0.447139	0.447139	0.894224	0.447139	0.894224	0.894224	0.447139	1.3412	1.78801	0.894224	0.894224	1.78801	0.894224	0.894224	0.894224	0.894224	1.78801	1.78801	0.894224	0.894224	1.78801	0.894224	0.894224	0.894224	0.894224	1.78801	0.894224	0.447139	1.3412	1.78801	0.894224	0.894224	0.894224	0.894224	1.78801	0.894224	0.447139	1.3412	1.3412	0.447139	0.894224	0.894224	0.894224	1.3412	0.447139	0.894224	1.3412	0.447139	0.447139	0.447139	0	0.447139	0.894224	0.447139	0.447139	0.894224	0.447139	0	0	0.447139	0	0.447139	0	0	0	0	0	0	0	0	0	0	0	0	0	0	0	0	0	0	0	0	0	0	0	0	0	0	0	0	0	0.447139	0.447139	0	0	0	0	0	0	0	0.447139	0.447139	0	0	0	0	0	0.447139	0.447139	0	0	0	0.447139	0.894224	0.447139	0	0.447139	0.447139	0.447139	0.447139	0	0.447139	0.894224	0.447139	0	0.447139	0.447139	0.447139	0.894224	0.447139	0.447139	0.894224	0.447139	0	0.447139	0.447139	0.447139	0.894224	0.447139	0.447139	0.894224	0.447139	0.447139	0.894224	0.447139	0.447139	0.894224	0.447139	0.447139	0.894224	0.447139	0.447139	0.447139	0.447139	0.894224
0.447097	0.447097	0.447097	0.89414	0.447097	0	0	0	0.447097	0.447097	0	0	0	0.447097	0.447097	0	0	0.447097	0.447097	0	0	0	0	0	0	0	0	0	0	0	0	0	0	0	0	0	0	0	0.447097	0.447097	0	0	0	0	0	0	0	0	0	0	0	0	0	0	0	0	0	0	0	0	0	0	0.447097	0.447097	0	0	0	0	0	0	0	0	0	0	0	0.447097	0.447097	0	0	0	0.447097	0.447097	0	0	0.447097	0.447097	0	0.447097	0.89414	0.89414	0.447097	0	0	0.447097	0.89414	0.447097	0.447097	0.447097	1.34107	1.34107	0.447097	0.447097	0.447097	0.89414	0.447097	0.89414	0.89414	0.447097	1.34107	1.78784	0.89414	0.89414	1.78784	0.89414	0.89414	0.89414	0.89414	1.78784	1.78784	0.89414	0.89414	1.78784	0.89414	0.89414	0.89414	0.89414	1.78784	0.89414	0.447097	1.34107	1.78784	0.89414	0.89414	0.89414	0.89414	1.78784	0.89414	0.447097	1.34107	1.34107	0.447097	0.89414	0.89414	0.89414	1.34107	0.447097	0.89414	1.34107	0.447097	0.447097	0.447097	0	0.447097	0.89414	0.447097	0.447097	0.89414	0.447097	0	0	0.447097	0	0.447097	0	0	0	0	0	0	0	0	0	0	0	0	0	0	0	0	0	0	0	0	0	0	0	0	0	0	0	0	0	0.447097	0.447097	0	0	0	0	0	0	0	0.447097	0.447097	0	0	0	0	0	0.447097	0.447097	0	0	0	0.447097	0.89414	0.447097	0	0.447097	0.447097	0.447097	0.447097	0	0.447097	0.89414	0.447097	0	0.447097	0.447097	0.447097	0.89414	0.447097	0.447097	0.89414	0.447097	0	0.447097	0.447097	0.447097	0.89414	0.447097	0.447097	0.89414	0.447097	0.447097	0.89414	0.447097	0.447097	0.89414	0.447097	0.447097	0.89414	0.447097	0.447097	0.447097	0.447097	0.89414
0.447055	0.447055	0.447055	0.894056	0.447055	0	0	0	0.447055	0.447055	0	0	0	0.447055	0.447055	0	0	0.447055	0.447055	0	0	0	0	0	0	0	0	0	0	0	0	0	0	0	0	0	0	0	0.447055	0.447055	0	0	0	0	0	0	0	0	0	0	0	0	0	0	0	0	0	0	0	0	0	0	0.447055	0.447055	0	0	0	0	0	0	0	0	0	0	0	0.447055	0.447055	0	0	0	0.447055	0.447055	0	0	0.447055	0.447055	0	0.447055	0.894056	0.894056	0.447055	0	0	0.447055	0.894056	0.447055	0.447055	0.447055	1.34095	1.34095	0.447055	0.447055	0.447055	0.894056	0.447055	0.894056	0.894056	0.447055	1.34095	1.78768	0.894056	0.894056	1.78768	0.894056	0.894056	0.894056	0.894056	1.78768	1.78768	0.894056	0.894056	1.78768	0.894056	0.894056	0.894056	0.894056	1.78768	0.894056	0.447055	1.34095	1.78768	0.894056	0.894056	0.894056	0.894056	1.78768	0.894056	0.447055	1.34095	1.34095	0.447055	0.894056	0.894056	0.894056	1.34095	0.447055	0.894056	1.34095	0.447055	0.447055	0.447055	0	0.447055	0.894056	0.447055	0.447055	0.894056	0.447055	0	0	0.447055	0	0.447055	0	0	0	0	0	0	0	0	0	0	0	0	0	0	0	0	0	0	0	0	0	0	0	0	0	0	0	0	0	0.447055	0.447055	0	0	0	0	0	0	0	0.447055	0.447055	0	0	0	0	0	0.447055	0.447055	0	0	0	0.447055	0.894056	0.447055	0	0.447055	0.447055	0.447055	0.447055	0	0.447055	0.894056	0.447055	0	0.447055	0.447055	0.447055	0.894056	0.447055	0.447055	0.894056	0.447055	0	0.447055	0.447055	0.447055	0.894056	0.447055	0.447055	0.894056	0.447055	0.447055	0.894056	0.447055	0.447055	0.894056	0.447055	0.447055	0.894056	0.447055	0.447055	0.447055	0.447055	0.894056
1.30313	0.999534	0.999534	1.27406	1.20355	1.01196	0.790242	0.569868	0.651651	0.805872	0.569868	0.353423	0.158052	0.447014	0.447014	0	0	0.447014	0.447014	0	0.158052	0.353423	0.447048	0.569868	0.790242	0.894042	0.894042	1.01196	1.23429	1.34093	1.34093	1.34093	1.34093	1.34093	1.34093	1.45691	1.6797	1.78765	1.70915	1.49078	1.34093	1.34093	1.34093	1.34093	1.45691	1.6797	1.78765	1.78765	1.78765	1.78765	1.78765	1.78765	1.78765	1.78765	1.78765	1.78765	1.78765	1.78765	1.78765	1.78765	1.78765	1.78765	1.92862	2.14882	2.12549	1.90258	1.78765	1.78765	1.78765	1.78765	1.78765	1.78765	1.78765	1.78765	1.78765	1.70915	1.49078	1.34093	1.34093	1.34093	1.27409	1.06016	0.894042	0.894042	0.999534	0.999534	0.894042	0.851099	0.961294	0.851053	0.353401	0	0	0.447014	0.893973	0.447014	0.353401	0.474147	1.35012	1.45683	1.06016	1.27409	1.41342	1.61142	1.41342	1.61142	1.61142	1.41342	1.89594	2.21725	1.84936	1.99846	2.5272	1.99846	2.05386	2.26186	2.40604	2.8601	2.8601	2.40604	2.47245	3.06594	2.82513	2.82513	2.82513	2.82513	3.2203	2.82513	2.7173	2.99617	3.2203	2.82513	2.82513	2.82513	2.89908	3.44782	3.25111	3.06601	3.19708	3.19708	2.84709	2.82513	2.82513	2.82513	2.99617	2.7173	2.89908	3.25492	3.15797	3.15797	3.06601	2.79413	2.7173	2.82513	2.7173	2.7173	2.82513	2.7173	2.68039	2.68039	2.7173	2.57128	2.36952	2.23415	2.23415	2.12549	1.90258	1.78765	1.78765	1.78765	1.78765	1.78765	1.78765	1.78765	1.6797	1.45691	1.34093	1.34093	1.34093	1.34093	1.34093	1.34093	1.34093	1.34093	1.34093	1.34093	1.34093	1.34093	1.34093	1.34093	1.34093	1.34093	1.13962	0.706819	0.447048	0.447048	0.447048	0.447048	0.447048	0.353423	0.158052	0.353401	0.474147	0.447048	0.447048	0.353423	0.158052	0	0.353401	0.474147	0.353423	0.22351	0.353423	0.474147	0.790183	0.447014	0	0.447014	0.447014	0.447014	0.447014	0	0.447014	0.893973	0.447014	0	0.447014	0.447014	0.447014	0.893973	0.447014	0.353401	0.851053	0.632184	0.353423	0.569827	0.447014	0.353401	0.851053	0.632184	0.632184	0.961294	0.851099	0.999534	1.26421	0.999534	1.06016	1.45688	1.41342	1.41342	1.6497	1.70915	1.84262	1.84262	1.84262	1.99846
1.57998	0.99944	0.99944	1.1504	1.20344	1.06006	0.851019	0.65159	0.569815	0.805796	0.65159	0.474102	0.353368	0.446972	0.446972	0	0	0.446972	0.446972	0	0.353368	0.474102	0.447007	0.65159	0.851019	0.893959	0.893959	1.06006	1.27397	1.3408	1.3408	1.3408	1.3408	1.3408	1.3408	1.49064	1.70899	1.78748	1.67955	1.45678	1.3408	1.3408	1.3408	1.3408	1.49064	1.70899	1.78748	1.78748	1.78748	1.78748	1.78748	1.78748	1.78748	1.78748	1.78748	1.78748	1.78748	1.78748	1.78748	1.78748	1.78748	1.78748	1.9024	2.12529	2.14862	1.92844	1.78748	1.78748	1.78748	1.78748	1.78748	1.78748	1.78748	1.78748	1.78748	1.67955	1.45678	1.3408	1.3408	1.3408	1.23417	1.01187	0.893959	0.893959	0.99944	0.99944	0.893959	0.790168	0.790139	0.651566	0.158037	0	0	0.446972	0.893889	0.446972	0.158037	0.35339	1.15035	1.27392	1.01187	1.23417	1.41329	1.61127	1.41329	1.61127	1.61127	1.41329	1.89576	2.05361	1.76641	1.99827	2.52696	1.99827	1.97948	2.19453	2.40581	2.85983	2.85983	2.40581	2.411	2.94984	2.82486	2.82486	2.82486	2.82486	3.22	2.82486	2.71705	2.99589	3.22	2.82486	2.82486	2.82486	2.84682	3.34504	3.25081	3.11403	3.19678	3.19678	2.89881	2.82486	2.82486	2.82486	2.99589	2.71705	2.84682	3.17729	3.15767	3.15767	3.11403	2.81163	2.71705	2.82486	2.71705	2.71705	2.82486	2.71705	2.68014	2.68014	2.71705	2.59034	2.34818	2.23395	2.23395	2.14862	1.92844	1.78748	1.78748	1.78748	1.78748	1.78748	1.78748	1.78748	1.70899	1.49064	1.3408	1.3408	1.3408	1.3408	1.3408	1.3408	1.3408	1.3408	1.3408	1.3408	1.3408	1.3408	1.3408	1.3408	1.3408	1.3408	1.13952	0.706752	0.447007	0.447007	0.447007	0.447007	0.447007	0.474102	0.353368	0.158037	0.35339	0.447007	0.447007	0.474102	0.353368	0	0.158037	0.35339	0.474102	0.670441	0.474102	0.35339	0.569774	0.446972	0	0.446972	0.446972	0.446972	0.446972	0	0.446972	0.893889	0.446972	0	0.446972	0.446972	0.446972	0.893889	0.446972	0.158037	0.651566	0.632125	0.474102	0.790109	0.446972	0.158037	0.651566	0.632125	0.632125	0.790139	0.790168	0.99944	1.2641	0.99944	1.01187	1.35006	1.41329	1.41329	1.55615	1.67955	1.84245	1.84245	1.84245	1.99827
1.34057	0.44693	0.44693	0.44693	0.44693	0.44693	0.44693	0.44693	0	0.44693	0.44693	0.44693	0.44693	0.44693	0.44693	0	0	0.44693	0.44693	0	0.44693	0.44693	0	0.44693	0.44693	0	0	0.44693	0.44693	0	0	0	0	0	0	0.44693	0.44693	0	0	0	0	0	0	0	0.44693	0.44693	0	0	0	0	0	0	0	0	0	0	0	0	0	0	0	0	0	0	0.44693	0.44693	0	0	0	0	0	0	0	0	0	0	0	0	0	0	0	0	0	0	0.44693	0.44693	0	0	0.44693	0.44693	0	0	0	0.44693	0.893805	0.44693	0	0	0.893805	0.893805	0	0	0.44693	0.893805	0.44693	0.893805	0.893805	0.44693	1.34057	1.34057	0.44693	0.893805	1.78718	0.893805	0.44693	0.44693	0.893805	1.78718	1.78718	0.893805	0.44693	1.34057	0.893805	0.893805	0.893805	0.893805	1.78718	0.893805	0.44693	1.34057	1.78718	0.893805	0.893805	0.893805	0.44693	1.34057	0.893805	0.893805	1.34057	1.34057	0.893805	0.893805	0.893805	0.893805	1.34057	0.44693	0.44693	0.893805	0.44693	0.44693	0.893805	0.44693	0.44693	0.893805	0.44693	0.44693	0.893805	0.44693	0	0	0.44693	0.44693	0	0	0	0.44693	0.44693	0	0	0	0	0	0	0	0.44693	0.44693	0	0	0	0	0	0	0	0	0	0	0	0	0	0	0	0	0.44693	0.44693	0	0	0	0	0	0.44693	0.44693	0	0	0	0	0.44693	0.44693	0	0	0	0.44693	0.893805	0.44693	0	0.44693	0.44693	0	0.44693	0.44693	0.44693	0.44693	0	0.44693	0.893805	0.44693	0	0.44693	0.44693	0.44693	0.893805	0.44693	0	0.44693	0.44693	0.44693	0.893805	0.44693	0	0.44693	0.44693	0.44693	0.44693	0	0.44693	0.893805	0.44693	0	0.44693	0.44693	0.44693	0.44693	0	0.44693	0.44693	0.44693	0.893805
1.34045	0.446888	0.446888	0.446888	0.446888	0.446888	0.446888	0.446888	0	0.446888	0.446888	0.446888	0.446888	0.446888	0.446888	0	0	0.446888	0.446888	0	0.446888	0.446888	0	0.446888	0.446888	0	0	0.446888	0.446888	0	0	0	0	0	0	0.446888	0.446888	0	0	0	0	0	0	0	0.446888	0.446888	0	0	0	0	0	0	0	0	0	0	0	0	0	0	0	0	0	0	0.446888	0.446888	0	0	0	0	0	0	0	0	0	0	0	0	0	0	0	0	0	0	0.446888	0.446888	0	0	0.446888	0.446888	0	0	0	0.446888	0.893722	0.446888	0	0	0.893722	0.893722	0	0	0.446888	0.893722	0.446888	0.893722	0.893722	0.446888	1.34045	1.34045	0.446888	0.893722	1.78701	0.893722	0.446888	0.446888	0.893722	1.78701	1.78701	0.893722	0.446888	1.34045	0.893722	0.893722	0.893722	0.893722	1.78701	0.893722	0.446888	1.34045	1.78701	0.893722	0.893722	0.893722	0.446888	1.34045	0.893722	0.893722	1.34045	1.34045	0.893722	0.893722	0.893722	0.893722	1.34045	0.446888	0.446888	0.893722	0.446888	0.446888	0.893722	0.446888	0.446888	0.893722	0.446888	0.446888	0.893722	0.446888	0	0	0.446888	0.446888	0	0	0	0.446888	0.446888	0	0	0	0	0	0	0	0.446888	0.446888	0	0	0	0	0	0	0	0	0	0	0	0	0	0	0	0	0.446888	0.446888	0	0	0	0	0	0.446888	0.446888	0	0	0	0	0.446888	0.446888	0	0	0	0.446888	0.893722	0.446888	0	0.446888	0.446888	0	0.446888	0.446888	0.446888	0.446888	0	0.446888	0.893722	0.446888	0	0.446888	0.446888	0.446888	0.893722	0.446888	0	0.446888	0.446888	0.446888	0.893722	0.446888	0	0.446888	0.446888	0.446888	0.446888	0	0.446888	0.893722	0.446888	0	0.446888	0.446888	0.446888	0.446888	0	0.446888	0.446888	0.446888	0.893722
1.34032	0.446846	0.446846	0.446846	0.446846	0.446846	0.446846	0.446846	0	0.446846	0.446846	0.446846	0.446846	0.446846	0.446846	0	0	0.446846	0.446846	0	0.446846	0.446846	0	0.446846	0.446846	0	0	0.446846	0.446846	0	0	0	0	0	0	0.446846	0.446846	0	0	0	0	0	0	0	0.446846	0.446846	0	0	0	0	0	0	0	0	0	0	0	0	0	0	0	0	0	0	0.446846	0.446846	0	0	0	0	0	0	0	0	0	0	0	0	0	0	0	0	0	0	0.446846	0.446846	0	0	0.446846	0.446846	0	0	0	0.446846	0.893638	0.446846	0	0	0.893638	0.893638	0	0	0.446846	0.893638	0.446846	0.893638	0.893638	0.446846	1.34032	1.34032	0.446846	0.893638	1.78684	0.893638	0.446846	0.446846	0.893638	1.78684	1.78684	0.893638	0.446846	1.34032	0.893638	0.893638	0.893638	0.893638	1.78684	0.893638	0.446846	1.34032	1.78684	0.893638	0.893638	0.893638	0.446846	1.34032	0.893638	0.893638	1.34032	1.34032	0.893638	0.893638	0.893638	0.893638	1.34032	0.446846	0.446846	0.893638	0.446846	0.446846	0.893638	0.446846	0.446846	0.893638	0.446846	0.446846	0.893638	0.446846	0	0	0.446846	0.446846	0	0	0	0.446846	0.446846	0	0	0	0	0	0	0	0.446846	0.446846	0	0	0	0	0	0	0	0	0	0	0	0	0	0	0	0	0.446846	0.446846	0	0	0	0	0	0.446846	0.446846	0	0	0	0	0.446846	0.446846	0	0	0	0.446846	0.893638	0.446846	0	0.446846	0.446846	0	0.446846	0.446846	0.446846	0.446846	0	0.446846	0.893638	0.446846	0	0.446846	0.446846	0.446846	0.893638	0.446846	0	0.446846	0.446846	0.446846	0.893638	0.446846	0	0.446846	0.446846	0.446846	0.446846	0	0.446846	0.893638	0.446846	0	0.446846	0.446846	0.446846	0.446846	0	0.446846	0.446846	0.446846	0.893638
1.34017	0.446797	0.446797	0.446797	0.446797	0.446797	0.446797	0.446797	0	0.446797	0.446797	0.446797	0.446797	0.446797	0.446797	0	0	0.446797	0.446797	0	0.446797	0.446797	0	0.446797	0.446797	0	0	0.446797	0.446797	0	0	0	0	0	0	0.446797	0.446797	0	0	0	0	0	0	0	0.446797	0.446797	0	0	0	0	0	0	0	0	0	0	0	0	0	0	0	0	0	0	0.446797	0.446797	0	0	0	0	0	0	0	0	0	0	0	0	0	0	0	0	0	0	0.446797	0.446797	0	0	0.446797	0.446797	0	0	0	0.446797	0.89354	0.446797	0	0	0.89354	0.89354	0	0	0.446797	0.89354	0.446797	0.89354	0.89354	0.446797	1.34017	1.34017	0.446797	0.89354	1.78665	0.89354	0.446797	0.446797	0.89354	1.78665	1.78665	0.89354	0.446797	1.34017	0.89354	0.89354	0.89354	0.89354	1.78665	0.89354	0.446797	1.34017	1.78665	0.89354	0.89354	0.89354	0.446797	1.34017	0.89354	0.89354	1.34017	1.34017	0.89354	0.89354	0.89354	0.89354	1.34017	0.446797	0.446797	0.89354	0.446797	0.446797	0.89354	0.446797	0.446797	0.89354	0.446797	0.446797	0.89354	0.446797	0	0	0.446797	0.446797	0	0	0	0.446797	0.446797	0	0	0	0	0	0	0	0.446797	0.446797	0	0	0	0	0	0	0	0	0	0	0	0	0	0	0	0	0.446797	0.446797	0	0	0	0	0	0.446797	0.446797	0	0	0	0	0.446797	0.446797	0	0	0	0.446797	0.89354	0.446797	0	0.446797	0.446797	0	0.446797	0.446797	0.446797	0.446797	0	0.446797	0.89354	0.446797	0	0.446797	0.446797	0.446797	0.89354	0.446797	0	0.446797	0.446797	0.446797	0.89354	0.446797	0	0.446797	0.446797	0.446797	0.446797	0	0.446797	0.89354	0.446797	0	0.446797	0.446797	0.446797	0.446797	0	0.446797	0.446797	0.446797	0.89354
1.34005	0.446756	0.446756	0.446756	0.446756	0.446756	0.446756	0.446756	0	0.446756	0.446756	0.446756	0.446756	0.446756	0.446756	0	0	0.446756	0.446756	0	0.446756	0.446756	0	0.446756	0.446756	0	0	0.446756	0.446756	0	0	0	0	0	0	0.446756	0.446756	0	0	0	0	0	0	0	0.446756	0.446756	0	0	0	0	0	0	0	0	0	0	0	0	0	0	0	0	0	0	0.446756	0.446756	0	0	0	0	0	0	0	0	0	0	0	0	0	0	0	0	0	0	0.446756	0.446756	0	0	0.446756	0.446756	0	0	0	0.446756	0.893457	0.446756	0	0	0.893457	0.893457	0	0	0.446756	0.893457	0.446756	0.893457	0.893457	0.446756	1.34005	1.34005	0.446756	0.893457	1.78648	0.893457	0.446756	0.446756	0.893457	1.78648	1.78648	0.893457	0.446756	1.34005	0.893457	0.893457	0.893457	0.893457	1.78648	0.893457	0.446756	1.34005	1.78648	0.893457	0.893457	0.893457	0.446756	1.34005	0.893457	0.893457	1.34005	1.34005	0.893457	0.893457	0.893457	0.893457	1.34005	0.446756	0.446756	0.893457	0.446756	0.446756	0.893457	0.446756	0.446756	0.893457	0.446756	0.446756	0.893457	0.446756	0	0	0.446756	0.446756	0	0	0	0.446756	0.446756	0	0	0	0	0	0	0	0.446756	0.446756	0	0	0	0	0	0	0	0	0	0	0	0	0	0	0	0	0.446756	0.446756	0	0	0	0	0	0.446756	0.446756	0	0	0	0	0.446756	0.446756	0	0	0	0.446756	0.893457	0.446756	0	0.446756	0.446756	0	0.446756	0.446756	0.446756	0.446756	0	0.446756	0.893457	0.446756	0	0.446756	0.446756	0.446756	0.893457	0.446756	0	0.446756	0.446756	0.446756	0.893457	0.446756	0	0.446756	0.446756	0.446756	0.446756	0	0.446756	0.893457	0.446756	0	0.446756	0.446756	0.446756	0.446756	0	0.446756	0.446756	0.446756	0.893457
1.33992	0.446714	0.446714	0.446714	0.446714	0.446714	0.446714	0.446714	0	0.446714	0.446714	0.446714	0.446714	0.446714	0.446714	0	0	0.446714	0.446714	0	0.446714	0.446714	0	0.446714	0.446714	0	0	0.446714	0.446714	0	0	0	0	0	0	0.446714	0.446714	0	0	0	0	0	0	0	0.446714	0.446714	0	0	0	0	0	0	0	0	0	0	0	0	0	0	0	0	0	0	0.446714	0.446714	0	0	0	0	0	0	0	0	0	0	0	0	0	0	0	0	0	0	0.446714	0.446714	0	0	0.446714	0.446714	0	0	0	0.446714	0.893373	0.446714	0	0	0.893373	0.893373	0	0	0.446714	0.893373	0.446714	0.893373	0.893373	0.446714	1.33992	1.33992	0.446714	0.893373	1.78631	0.893373	0.446714	0.446714	0.893373	1.78631	1.78631	0.893373	0.446714	1.33992	0.893373	0.893373	0.893373	0.893373	1.78631	0.893373	0.446714	1.33992	1.78631	0.893373	0.893373	0.893373	0.446714	1.33992	0.893373	0.893373	1.33992	1.33992	0.893373	0.893373	0.893373	0.893373	1.33992	0.446714	0.446714	0.893373	0.446714	0.446714	0.893373	0.446714	0.446714	0.893373	0.446714	0.446714	0.893373	0.446714	0	0	0.446714	0.446714	0	0	0	0.446714	0.446714	0	0	0	0	0	0	0	0.446714	0.446714	0	0	0	0	0	0	0	0	0	0	0	0	0	0	0	0	0.446714	0.446714	0	0	0	0	0	0.446714	0.446714	0	0	0	0	0.446714	0.446714	0	0	0	0.446714	0.893373	0.446714	0	0.446714	0.446714	0	0.446714	0.446714	0.446714	0.446714	0	0.446714	0.893373	0.446714	0	0.446714	0.446714	0.446714	0.893373	0.446714	0	0.446714	0.446714	0.446714	0.893373	0.446714	0	0.446714	0.446714	0.446714	0.446714	0	0.446714	0.893373	0.446714	0	0.446714	0.446714	0.446714	0.446714	0	0.446714	0.446714	0.446714	0.893373
1.3398	0.446672	0.446672	0.446672	0.446672	0.446672	0.446672	0.446672	0	0.446672	0.446672	0.446672	0.446672	0.446672	0.446672	0	0	0.446672	0.446672	0	0.446672	0.446672	0	0.446672	0.446672	0	0	0.446672	0.446672	0	0	0	0	0	0	0.446672	0.446672	0	0	0	0	0	0	0	0.446672	0.446672	0	0	0	0	0	0	0	0	0	0	0	0	0	0	0	0	0	0	0.446672	0.446672	0	0	0	0	0	0	0	0	0	0	0	0	0	0	0	0	0	0	0.446672	0.446672	0	0	0.446672	0.446672	0	0	0	0.446672	0.89329	0.446672	0	0	0.89329	0.89329	0	0	0.446672	0.89329	0.446672	0.89329	0.89329	0.446672	1.3398	1.3398	0.446672	0.89329	1.78615	0.89329	0.446672	0.446672	0.89329	1.78615	1.78615	0.89329	0.446672	1.3398	0.89329	0.89329	0.89329	0.89329	1.78615	0.89329	0.446672	1.3398	1.78615	0.89329	0.89329	0.89329	0.446672	1.3398	0.89329	0.89329	1.3398	1.3398	0.89329	0.89329	0.89329	0.89329	1.3398	0.446672	0.446672	0.89329	0.446672	0.446672	0.89329	0.446672	0.446672	0.89329	0.446672	0.446672	0.89329	0.446672	0	0	0.446672	0.446672	0	0	0	0.446672	0.446672	0	0	0	0	0	0	0	0.446672	0.446672	0	0	0	0	0	0	0	0	0	0	0	0	0	0	0	0	0.446672	0.446672	0	0	0	0	0	0.446672	0.446672	0	0	0	0	0.446672	0.446672	0	0	0	0.446672	0.89329	0.446672	0	0.446672	0.446672	0	0.446672	0.446672	0.446672	0.446672	0	0.446672	0.89329	0.446672	0	0.446672	0.446672	0.446672	0.89329	0.446672	0	0.446672	0.446672	0.446672	0.89329	0.446672	0	0.446672	0.446672	0.446672	0.446672	0	0.446672	0.89329	0.446672	0	0.446672	0.446672	0.446672	0.446672	0	0.446672	0.446672	0.446672	0.89329
1.33967	0.44663	0.44663	0.44663	0.44663	0.44663	0.44663	0.44663	0	0.44663	0.44663	0.44663	0.44663	0.44663	0.44663	0	0	0.44663	0.44663	0	0.44663	0.44663	0	0.44663	0.44663	0	0	0.44663	0.44663	0	0	0	0	0	0	0.44663	0.44663	0	0	0	0	0	0	0	0.44663	0.44663	0	0	0	0	0	0	0	0	0	0	0	0	0	0	0	0	0	0	0.44663	0.44663	0	0	0	0	0	0	0	0	0	0	0	0	0	0	0	0	0	0	0.44663	0.44663	0	0	0.44663	0.44663	0	0	0	0.44663	0.893206	0.44663	0	0	0.893206	0.893206	0	0	0.44663	0.893206	0.44663	0.893206	0.893206	0.44663	1.33967	1.33967	0.44663	0.893206	1.78598	0.893206	0.44663	0.44663	0.893206	1.78598	1.78598	0.893206	0.44663	1.33967	0.893206	0.893206	0.893206	0.893206	1.78598	0.893206	0.44663	1.33967	1.78598	0.893206	0.893206	0.893206	0.44663	1.33967	0.893206	0.893206	1.33967	1.33967	0.893206	0.893206	0.893206	0.893206	1.33967	0.44663	0.44663	0.893206	0.44663	0.44663	0.893206	0.44663	0.44663	0.893206	0.44663	0.44663	0.893206	0.44663	0	0	0.44663	0.44663	0	0	0	0.44663	0.44663	0	0	0	0	0	0	0	0.44663	0.44663	0	0	0	0	0	0	0	0	0	0	0	0	0	0	0	0	0.44663	0.44663	0	0	0	0	0	0.44663	0.44663	0	0	0	0	0.44663	0.44663	0	0	0	0.44663	0.893206	0.44663	0	0.44663	0.44663	0	0.44663	0.44663	0.44663	0.44663	0	0.44663	0.893206	0.44663	0	0.44663	0.44663	0.44663	0.893206	0.44663	0	0.44663	0.44663	0.44663	0.893206	0.44663	0	0.44663	0.44663	0.44663	0.44663	0	0.44663	0.893206	0.44663	0	0.44663	0.44663	0.44663	0.44663	0	0.44663	0.44663	0.44663	0.893206
1.73639	1.41208	1.41208	1.3489	1.14941	0.998584	0.998584	0.998584	0.789491	0.789461	0.631583	0.631583	0.631583	0.651008	0.569285	0.157902	0.353087	0.473696	0.499306	0.353087	0.631583	0.631583	0.446623	0.631583	0.789461	0.789491	0.893192	0.998584	0.998584	0.893192	0.893192	1.011	1.23311	1.33965	1.45553	1.62532	1.62532	1.67811	1.78595	1.78595	1.78595	1.78595	1.78595	1.90077	2.05798	1.92679	1.78595	1.78595	1.90077	2.12347	2.23203	2.23203	2.23203	2.23203	2.23203	2.12347	1.90077	1.78595	1.78595	1.78595	1.78595	1.78595	1.78595	1.78595	1.92679	2.14678	2.12347	1.90077	1.78595	1.78595	1.78595	1.78595	1.78595	1.78595	1.78595	1.78595	1.78595	1.78595	1.78595	1.78595	1.78595	1.78595	1.78595	1.78595	1.70753	1.48936	1.33965	1.33965	1.27288	1.05915	0.893192	0.893192	0.893192	0.998584	1.10518	0.651031	0.569326	0.789491	1.10518	0.96038	0.446623	0.446623	0.631583	0.998537	0.631583	0.850244	0.789432	0.446588	1.33955	1.33955	0.446588	0.789432	1.62521	1.10518	0.998584	0.998584	1.26301	1.95235	2.0579	1.8476	1.7649	2.05792	1.8476	1.99656	1.99656	2.05191	2.70087	2.40375	2.27618	2.6451	3.06303	2.82244	2.89633	3.11136	3.15497	3.39742	3.24803	3.24803	3.39742	3.39742	3.24803	3.32732	3.54401	3.76128	4.01925	3.72152	3.59613	3.67795	3.59613	3.59613	3.59956	3.28226	3.15497	3.24803	3.15497	3.25187	3.54401	3.59613	3.45899	3.23656	3.25187	3.37547	3.23656	3.12333	3.01405	2.84439	2.71472	2.67784	2.67784	2.67784	2.56884	2.34616	2.23203	2.23203	2.27618	2.27618	2.23203	2.23203	2.23203	2.23203	2.23203	2.12347	1.90077	1.78595	1.78595	1.78595	1.78595	1.67811	1.45553	1.33965	1.33965	1.33965	1.41208	1.41208	1.23311	1.011	0.789491	0.569326	0.446623	0.631583	0.631583	0.353087	0.157902	0.157902	0.353087	0.473696	0.499306	0.353087	0.569326	0.789491	0.85029	0.96038	0.631583	0.446623	0.631583	0.789461	0.789491	0.85029	0.651031	0.631583	0.789461	0.789491	0.998584	1.26301	0.998584	0.893192	0.998584	0.998584	0.998584	1.26301	0.998584	1.011	1.2024	1.05915	0.998584	1.26301	0.998584	1.011	1.3489	1.41208	1.27288	1.2024	1.23311	1.27288	1.27285	0.998584	0.893192	0.85029	0.651031	0.631583	0.631583	0.446623	0.631583	0.631583	0.473696	0.789432
1.58636	1.41195	1.41195	1.45536	1.27273	0.99849	0.99849	0.99849	0.85021	0.96029	0.631524	0.631524	0.631524	0.850165	0.789358	0.353032	0.473652	0.353054	0.49926	0.473652	0.631524	0.631524	0.446581	0.631524	0.96029	0.85021	0.893109	0.99849	0.99849	0.893109	0.893109	1.05905	1.27276	1.33953	1.48922	1.62517	1.62517	1.70737	1.78578	1.78578	1.78578	1.78578	1.78578	1.92661	2.05779	1.90059	1.78578	1.78578	1.92661	2.14658	2.23182	2.23182	2.23182	2.23182	2.23182	2.14658	1.92661	1.78578	1.78578	1.78578	1.78578	1.78578	1.78578	1.78578	1.90059	2.12327	2.14658	1.92661	1.78578	1.78578	1.78578	1.78578	1.78578	1.78578	1.78578	1.78578	1.78578	1.78578	1.78578	1.78578	1.78578	1.78578	1.78578	1.78578	1.67795	1.45539	1.33953	1.33953	1.233	1.01091	0.893109	0.893109	0.893109	0.99849	0.960314	0.569273	0.650971	0.85021	0.960314	0.789387	0.446581	0.446581	0.631524	0.998443	0.631524	0.650947	0.569232	0.446547	1.33942	1.33942	0.446547	0.569232	1.20222	0.960314	0.99849	0.99849	1.2629	1.76465	1.7434	1.76473	1.84743	2.05773	1.76473	1.99637	1.99637	1.9776	2.56854	2.40353	2.27597	2.54914	2.94704	2.82218	2.84412	3.06281	3.15468	3.3971	3.24773	3.24773	3.3971	3.3971	3.24773	3.28195	3.50143	3.72118	4.01887	3.76093	3.5958	3.6776	3.5958	3.5958	3.66746	3.32701	3.15468	3.24773	3.15468	3.23626	3.50143	3.5958	3.47298	3.25156	3.23626	3.37516	3.25156	3.12304	3.03021	2.89606	2.71447	2.67759	2.67759	2.67759	2.58788	2.36705	2.23182	2.23182	2.27597	2.27597	2.23182	2.23182	2.23182	2.23182	2.23182	2.14658	1.92661	1.78578	1.78578	1.78578	1.78578	1.70737	1.48922	1.33953	1.33953	1.33953	1.41195	1.41195	1.27276	1.05905	0.85021	0.650971	0.446581	0.631524	0.631524	0.473652	0.353032	0.353032	0.473652	0.353054	0.49926	0.473652	0.650971	0.85021	0.789417	0.789387	0.631524	0.446581	0.631524	0.96029	0.85021	0.789417	0.569273	0.631524	0.96029	0.85021	0.99849	1.2629	0.99849	0.893109	0.99849	0.99849	0.99849	1.2629	0.99849	1.05905	1.20229	1.01091	0.99849	1.2629	0.99849	1.05905	1.45536	1.41195	1.233	1.20229	1.27276	1.233	1.14931	0.99849	0.893109	0.789417	0.569273	0.631524	0.631524	0.446581	0.631524	0.631524	0.353054	0.569232
0.892956	0.446505	0.446505	0.892956	0.892956	0.446505	0.446505	0.446505	0.446505	0.892956	0.446505	0.446505	0.446505	0.892956	0.892956	0.446505	0.446505	0	0.446505	0.446505	0.446505	0.446505	0	0.446505	0.892956	0.446505	0	0.446505	0.446505	0	0	0.446505	0.446505	0	0.446505	0.446505	0.446505	0.446505	0	0	0	0	0	0.446505	0.446505	0	0	0	0.446505	0.446505	0	0	0	0	0	0.446505	0.446505	0	0	0	0	0	0	0	0	0	0.446505	0.446505	0	0	0	0	0	0	0	0	0	0	0	0	0	0	0	0	0	0	0	0	0	0	0	0	0	0.446505	0.446505	0	0.446505	0.446505	0.446505	0.446505	0	0	0.446505	0.892956	0.446505	0.446505	0.446505	0.446505	1.3393	1.3393	0.446505	0.446505	0.892956	0.446505	0.446505	0.446505	0.892956	1.3393	0.892956	0.446505	0.892956	1.3393	0.446505	0.892956	0.892956	0.446505	1.3393	0.892956	0.446505	0.892956	1.3393	0.892956	0.446505	0.446505	0.446505	1.3393	0.892956	0.892956	1.3393	1.3393	0.892956	0.446505	0.446505	0.446505	1.3393	0.892956	0.446505	0.892956	0.446505	0.446505	1.3393	0.892956	0.446505	0.892956	0.446505	0	0.446505	0.446505	0.446505	0.446505	0	0.446505	0.446505	0	0.446505	0.892956	0.446505	0	0	0	0.446505	0.446505	0	0	0.446505	0.446505	0	0	0	0	0	0.446505	0.446505	0	0	0	0	0.446505	0.446505	0	0	0	0.446505	0.446505	0.446505	0.446505	0.446505	0.446505	0	0.446505	0.446505	0.446505	0.446505	0.446505	0.446505	0	0.446505	0.446505	0.446505	0.446505	0	0.446505	0.446505	0	0.446505	0.892956	0.446505	0	0	0.446505	0.892956	0.446505	0.446505	0.892956	0.446505	0	0.446505	0.446505	0.446505	0.892956	0.446505	0.446505	0.446505	0	0.446505	0.892956	0.446505	0.446505	0.892956	0.446505	0	0.446505	0.446505	0	0.446505	0.446505	0	0	0	0.446505	0.446505	0	0.446505	0.446505	0	0.446505
0.892872	0.446463	0.446463	0.892872	0.892872	0.446463	0.446463	0.446463	0.446463	0.892872	0.446463	0.446463	0.446463	0.892872	0.892872	0.446463	0.446463	0	0.446463	0.446463	0.446463	0.446463	0	0.446463	0.892872	0.446463	0	0.446463	0.446463	0	0	0.446463	0.446463	0	0.446463	0.446463	0.446463	0.446463	0	0	0	0	0	0.446463	0.446463	0	0	0	0.446463	0.446463	0	0	0	0	0	0.446463	0.446463	0	0	0	0	0	0	0	0	0	0.446463	0.446463	0	0	0	0	0	0	0	0	0	0	0	0	0	0	0	0	0	0	0	0	0	0	0	0	0	0.446463	0.446463	0	0.446463	0.446463	0.446463	0.446463	0	0	0.446463	0.892872	0.446463	0.446463	0.446463	0.446463	1.33917	1.33917	0.446463	0.446463	0.892872	0.446463	0.446463	0.446463	0.892872	1.33917	0.892872	0.446463	0.892872	1.33917	0.446463	0.892872	0.892872	0.446463	1.33917	0.892872	0.446463	0.892872	1.33917	0.892872	0.446463	0.446463	0.446463	1.33917	0.892872	0.892872	1.33917	1.33917	0.892872	0.446463	0.446463	0.446463	1.33917	0.892872	0.446463	0.892872	0.446463	0.446463	1.33917	0.892872	0.446463	0.892872	0.446463	0	0.446463	0.446463	0.446463	0.446463	0	0.446463	0.446463	0	0.446463	0.892872	0.446463	0	0	0	0.446463	0.446463	0	0	0.446463	0.446463	0	0	0	0	0	0.446463	0.446463	0	0	0	0	0.446463	0.446463	0	0	0	0.446463	0.446463	0.446463	0.446463	0.446463	0.446463	0	0.446463	0.446463	0.446463	0.446463	0.446463	0.446463	0	0.446463	0.446463	0.446463	0.446463	0	0.446463	0.446463	0	0.446463	0.892872	0.446463	0	0	0.446463	0.892872	0.446463	0.446463	0.892872	0.446463	0	0.446463	0.446463	0.446463	0.892872	0.446463	0.446463	0.446463	0	0.446463	0.892872	0.446463	0.446463	0.892872	0.446463	0	0.446463	0.446463	0	0.446463	0.446463	0	0	0	0.446463	0.446463	0	0.446463	0.446463	0	0.446463
0.892775	0.446414	0.446414	0.892775	0.892775	0.446414	0.446414	0.446414	0.446414	0.892775	0.446414	0.446414	0.446414	0.892775	0.892775	0.446414	0.446414	0	0.446414	0.446414	0.446414	0.446414	0	0.446414	0.892775	0.446414	0	0.446414	0.446414	0	0	0.446414	0.446414	0	0.446414	0.446414	0.446414	0.446414	0	0	0	0	0	0.446414	0.446414	0	0	0	0.446414	0.446414	0	0	0	0	0	0.446414	0.446414	0	0	0	0	0	0	0	0	0	0.446414	0.446414	0	0	0	0	0	0	0	0	0	0	0	0	0	0	0	0	0	0	0	0	0	0	0	0	0	0.446414	0.446414	0	0.446414	0.446414	0.446414	0.446414	0	0	0.446414	0.892775	0.446414	0.446414	0.446414	0.446414	1.33903	1.33903	0.446414	0.446414	0.892775	0.446414	0.446414	0.446414	0.892775	1.33903	0.892775	0.446414	0.892775	1.33903	0.446414	0.892775	0.892775	0.446414	1.33903	0.892775	0.446414	0.892775	1.33903	0.892775	0.446414	0.446414	0.446414	1.33903	0.892775	0.892775	1.33903	1.33903	0.892775	0.446414	0.446414	0.446414	1.33903	0.892775	0.446414	0.892775	0.446414	0.446414	1.33903	0.892775	0.446414	0.892775	0.446414	0	0.446414	0.446414	0.446414	0.446414	0	0.446414	0.446414	0	0.446414	0.892775	0.446414	0	0	0	0.446414	0.446414	0	0	0.446414	0.446414	0	0	0	0	0	0.446414	0.446414	0	0	0	0	0.446414	0.446414	0	0	0	0.446414	0.446414	0.446414	0.446414	0.446414	0.446414	0	0.446414	0.446414	0.446414	0.446414	0.446414	0.446414	0	0.446414	0.446414	0.446414	0.446414	0	0.446414	0.446414	0	0.446414	0.892775	0.446414	0	0	0.446414	0.892775	0.446414	0.446414	0.892775	0.446414	0	0.446414	0.446414	0.446414	0.892775	0.446414	0.446414	0.446414	0	0.446414	0.892775	0.446414	0.446414	0.892775	0.446414	0	0.446414	0.446414	0	0.446414	0.446414	0	0	0	0.446414	0.446414	0	0.446414	0.446414	0	0.446414
0.892691	0.446373	0.446373	0.892691	0.892691	0.446373	0.446373	0.446373	0.446373	0.892691	0.446373	0.446373	0.446373	0.892691	0.892691	0.446373	0.446373	0	0.446373	0.446373	0.446373	0.446373	0	0.446373	0.892691	0.446373	0	0.446373	0.446373	0	0	0.446373	0.446373	0	0.446373	0.446373	0.446373	0.446373	0	0	0	0	0	0.446373	0.446373	0	0	0	0.446373	0.446373	0	0	0	0	0	0.446373	0.446373	0	0	0	0	0	0	0	0	0	0.446373	0.446373	0	0	0	0	0	0	0	0	0	0	0	0	0	0	0	0	0	0	0	0	0	0	0	0	0	0.446373	0.446373	0	0.446373	0.446373	0.446373	0.446373	0	0	0.446373	0.892691	0.446373	0.446373	0.446373	0.446373	1.3389	1.3389	0.446373	0.446373	0.892691	0.446373	0.446373	0.446373	0.892691	1.3389	0.892691	0.446373	0.892691	1.3389	0.446373	0.892691	0.892691	0.446373	1.3389	0.892691	0.446373	0.892691	1.3389	0.892691	0.446373	0.446373	0.446373	1.3389	0.892691	0.892691	1.3389	1.3389	0.892691	0.446373	0.446373	0.446373	1.3389	0.892691	0.446373	0.892691	0.446373	0.446373	1.3389	0.892691	0.446373	0.892691	0.446373	0	0.446373	0.446373	0.446373	0.446373	0	0.446373	0.446373	0	0.446373	0.892691	0.446373	0	0	0	0.446373	0.446373	0	0	0.446373	0.446373	0	0	0	0	0	0.446373	0.446373	0	0	0	0	0.446373	0.446373	0	0	0	0.446373	0.446373	0.446373	0.446373	0.446373	0.446373	0	0.446373	0.446373	0.446373	0.446373	0.446373	0.446373	0	0.446373	0.446373	0.446373	0.446373	0	0.446373	0.446373	0	0.446373	0.892691	0.446373	0	0	0.446373	0.892691	0.446373	0.446373	0.892691	0.446373	0	0.446373	0.446373	0.446373	0.892691	0.446373	0.446373	0.446373	0	0.446373	0.892691	0.446373	0.446373	0.892691	0.446373	0	0.446373	0.446373	0	0.446373	0.446373	0	0	0	0.446373	0.446373	0	0.446373	0.446373	0	0.446373
0.892608	0.446331	0.446331	0.892608	0.892608	0.446331	0.446331	0.446331	0.446331	0.892608	0.446331	0.446331	0.446331	0.892608	0.892608	0.446331	0.446331	0	0.446331	0.446331	0.446331	0.446331	0	0.446331	0.892608	0.446331	0	0.446331	0.446331	0	0	0.446331	0.446331	0	0.446331	0.446331	0.446331	0.446331	0	0	0	0	0	0.446331	0.446331	0	0	0	0.446331	0.446331	0	0	0	0	0	0.446331	0.446331	0	0	0	0	0	0	0	0	0	0.446331	0.446331	0	0	0	0	0	0	0	0	0	0	0	0	0	0	0	0	0	0	0	0	0	0	0	0	0	0.446331	0.446331	0	0.446331	0.446331	0.446331	0.446331	0	0	0.446331	0.892608	0.446331	0.446331	0.446331	0.446331	1.33878	1.33878	0.446331	0.446331	0.892608	0.446331	0.446331	0.446331	0.892608	1.33878	0.892608	0.446331	0.892608	1.33878	0.446331	0.892608	0.892608	0.446331	1.33878	0.892608	0.446331	0.892608	1.33878	0.892608	0.446331	0.446331	0.446331	1.33878	0.892608	0.892608	1.33878	1.33878	0.892608	0.446331	0.446331	0.446331	1.33878	0.892608	0.446331	0.892608	0.446331	0.446331	1.33878	0.892608	0.446331	0.892608	0.446331	0	0.446331	0.446331	0.446331	0.446331	0	0.446331	0.446331	0	0.446331	0.892608	0.446331	0	0	0	0.446331	0.446331	0	0	0.446331	0.446331	0	0	0	0	0	0.446331	0.446331	0	0	0	0	0.446331	0.446331	0	0	0	0.446331	0.446331	0.446331	0.446331	0.446331	0.446331	0	0.446331	0.446331	0.446331	0.446331	0.446331	0.446331	0	0.446331	0.446331	0.446331	0.446331	0	0.446331	0.446331	0	0.446331	0.892608	0.446331	0	0	0.446331	0.892608	0.446331	0.446331	0.892608	0.446331	0	0.446331	0.446331	0.446331	0.892608	0.446331	0.446331	0.446331	0	0.446331	0.892608	0.446331	0.446331	0.892608	0.446331	0	0.446331	0.446331	0	0.446331	0.446331	0	0	0	0.446331	0.446331	0	0.446331	0.446331	0	0.446331
0.892524	0.446289	0.446289	0.892524	0.892524	0.446289	0.446289	0.446289	0.446289	0.892524	0.446289	0.446289	0.446289	0.892524	0.892524	0.446289	0.446289	0	0.446289	0.446289	0.446289	0.446289	0	0.446289	0.892524	0.446289	0	0.446289	0.446289	0	0	0.446289	0.446289	0	0.446289	0.446289	0.446289	0.446289	0	0	0	0	0	0.446289	0.446289	0	0	0	0.446289	0.446289	0	0	0	0	0	0.446289	0.446289	0	0	0	0	0	0	0	0	0	0.446289	0.446289	0	0	0	0	0	0	0	0	0	0	0	0	0	0	0	0	0	0	0	0	0	0	0	0	0	0.446289	0.446289	0	0.446289	0.446289	0.446289	0.446289	0	0	0.446289	0.892524	0.446289	0.446289	0.446289	0.446289	1.33865	1.33865	0.446289	0.446289	0.892524	0.446289	0.446289	0.446289	0.892524	1.33865	0.892524	0.446289	0.892524	1.33865	0.446289	0.892524	0.892524	0.446289	1.33865	0.892524	0.446289	0.892524	1.33865	0.892524	0.446289	0.446289	0.446289	1.33865	0.892524	0.892524	1.33865	1.33865	0.892524	0.446289	0.446289	0.446289	1.33865	0.892524	0.446289	0.892524	0.446289	0.446289	1.33865	0.892524	0.446289	0.892524	0.446289	0	0.446289	0.446289	0.446289	0.446289	0	0.446289	0.446289	0	0.446289	0.892524	0.446289	0	0	0	0.446289	0.446289	0	0	0.446289	0.446289	0	0	0	0	0	0.446289	0.446289	0	0	0	0	0.446289	0.446289	0	0	0	0.446289	0.446289	0.446289	0.446289	0.446289	0.446289	0	0.446289	0.446289	0.446289	0.446289	0.446289	0.446289	0	0.446289	0.446289	0.446289	0.446289	0	0.446289	0.446289	0	0.446289	0.892524	0.446289	0	0	0.446289	0.892524	0.446289	0.446289	0.892524	0.446289	0	0.446289	0.446289	0.446289	0.892524	0.446289	0.446289	0.446289	0	0.446289	0.892524	0.446289	0.446289	0.892524	0.446289	0	0.446289	0.446289	0	0.446289	0.446289	0	0	0	0.446289	0.446289	0	0.446289	0.446289	0	0.446289
0.892441	0.446248	0.446248	0.892441	0.892441	0.446248	0.446248	0.446248	0.446248	0.892441	0.446248	0.446248	0.446248	0.892441	0.892441	0.446248	0.446248	0	0.446248	0.446248	0.446248	0.446248	0	0.446248	0.892441	0.446248	0	0.446248	0.446248	0	0	0.446248	0.446248	0	0.446248	0.446248	0.446248	0.446248	0	0	0	0	0	0.446248	0.446248	0	0	0	0.446248	0.446248	0	0	0	0	0	0.446248	0.446248	0	0	0	0	0	0	0	0	0	0.446248	0.446248	0	0	0	0	0	0	0	0	0	0	0	0	0	0	0	0	0	0	0	0	0	0	0	0	0	0.446248	0.446248	0	0.446248	0.446248	0.446248	0.446248	0	0	0.446248	0.892441	0.446248	0.446248	0.446248	0.446248	1.33853	1.33853	0.446248	0.446248	0.892441	0.446248	0.446248	0.446248	0.892441	1.33853	0.892441	0.446248	0.892441	1.33853	0.446248	0.892441	0.892441	0.446248	1.33853	0.892441	0.446248	0.892441	1.33853	0.892441	0.446248	0.446248	0.446248	1.33853	0.892441	0.892441	1.33853	1.33853	0.892441	0.446248	0.446248	0.446248	1.33853	0.892441	0.446248	0.892441	0.446248	0.446248	1.33853	0.892441	0.446248	0.892441	0.446248	0	0.446248	0.446248	0.446248	0.446248	0	0.446248	0.446248	0	0.446248	0.892441	0.446248	0	0	0	0.446248	0.446248	0	0	0.446248	0.446248	0	0	0	0	0	0.446248	0.446248	0	0	0	0	0.446248	0.446248	0	0	0	0.446248	0.446248	0.446248	0.446248	0.446248	0.446248	0	0.446248	0.446248	0.446248	0.446248	0.446248	0.446248	0	0.446248	0.446248	0.446248	0.446248	0	0.446248	0.446248	0	0.446248	0.892441	0.446248	0	0	0.446248	0.892441	0.446248	0.446248	0.892441	0.446248	0	0.446248	0.446248	0.446248	0.892441	0.446248	0.446248	0.446248	0	0.446248	0.892441	0.446248	0.446248	0.892441	0.446248	0	0.446248	0.446248	0	0.446248	0.446248	0	0	0	0.446248	0.446248	0	0.446248	0.446248	0	0.446248
0.892358	0.446206	0.446206	0.892358	0.892358	0.446206	0.446206	0.446206	0.446206	0.892358	0.446206	0.446206	0.446206	0.892358	0.892358	0.446206	0.446206	0	0.446206	0.446206	0.446206	0.446206	0	0.446206	0.892358	0.446206	0	0.446206	0.446206	0	0	0.446206	0.446206	0	0.446206	0.446206	0.446206	0.446206	0	0	0	0	0	0.446206	0.446206	0	0	0	0.446206	0.446206	0	0	0	0	0	0.446206	0.446206	0	0	0	0	0	0	0	0	0	0.446206	0.446206	0	0	0	0	0	0	0	0	0	0	0	0	0	0	0	0	0	0	0	0	0	0	0	0	0	0.446206	0.446206	0	0.446206	0.446206	0.446206	0.446206	0	0	0.446206	0.892358	0.446206	0.446206	0.446206	0.446206	1.3384	1.3384	0.446206	0.446206	0.892358	0.446206	0.446206	0.446206	0.892358	1.3384	0.892358	0.446206	0.892358	1.3384	0.446206	0.892358	0.892358	0.446206	1.3384	0.892358	0.446206	0.892358	1.3384	0.892358	0.446206	0.446206	0.446206	1.3384	0.892358	0.892358	1.3384	1.3384	0.892358	0.446206	0.446206	0.446206	1.3384	0.892358	0.446206	0.892358	0.446206	0.446206	1.3384	0.892358	0.446206	0.892358	0.446206	0	0.446206	0.446206	0.446206	0.446206	0	0.446206	0.446206	0	0.446206	0.892358	0.446206	0	0	0	0.446206	0.446206	0	0	0.446206	0.446206	0	0	0	0	0	0.446206	0.446206	0	0	0	0	0.446206	0.446206	0	0	0	0.446206	0.446206	0.446206	0.446206	0.446206	0.446206	0	0.446206	0.446206	0.446206	0.446206	0.446206	0.446206	0	0.446206	0.446206	0.446206	0.446206	0	0.446206	0.446206	0	0.446206	0.892358	0.446206	0	0	0.446206	0.892358	0.446206	0.446206	0.892358	0.446206	0	0.446206	0.446206	0.446206	0.892358	0.446206	0.446206	0.446206	0	0.446206	0.892358	0.446206	0.446206	0.892358	0.446206	0	0.446206	0.446206	0	0.446206	0.446206	0	0	0	0.446206	0.446206	0	0.446206	0.446206	0	0.446206
0.892274	0.446164	0.446164	0.892274	0.892274	0.446164	0.446164	0.446164	0.446164	0.892274	0.446164	0.446164	0.446164	0.892274	0.892274	0.446164	0.446164	0	0.446164	0.446164	0.446164	0.446164	0	0.446164	0.892274	0.446164	0	0.446164	0.446164	0	0	0.446164	0.446164	0	0.446164	0.446164	0.446164	0.446164	0	0	0	0	0	0.446164	0.446164	0	0	0	0.446164	0.446164	0	0	0	0	0	0.446164	0.446164	0	0	0	0	0	0	0	0	0	0.446164	0.446164	0	0	0	0	0	0	0	0	0	0	0	0	0	0	0	0	0	0	0	0	0	0	0	0	0	0.446164	0.446164	0	0.446164	0.446164	0.446164	0.446164	0	0	0.446164	0.892274	0.446164	0.446164	0.446164	0.446164	1.33828	1.33828	0.446164	0.446164	0.892274	0.446164	0.446164	0.446164	0.892274	1.33828	0.892274	0.446164	0.892274	1.33828	0.446164	0.892274	0.892274	0.446164	1.33828	0.892274	0.446164	0.892274	1.33828	0.892274	0.446164	0.446164	0.446164	1.33828	0.892274	0.892274	1.33828	1.33828	0.892274	0.446164	0.446164	0.446164	1.33828	0.892274	0.446164	0.892274	0.446164	0.446164	1.33828	0.892274	0.446164	0.892274	0.446164	0	0.446164	0.446164	0.446164	0.446164	0	0.446164	0.446164	0	0.446164	0.892274	0.446164	0	0	0	0.446164	0.446164	0	0	0.446164	0.446164	0	0	0	0	0	0.446164	0.446164	0	0	0	0	0.446164	0.446164	0	0	0	0.446164	0.446164	0.446164	0.446164	0.446164	0.446164	0	0.446164	0.446164	0.446164	0.446164	0.446164	0.446164	0	0.446164	0.446164	0.446164	0.446164	0	0.446164	0.446164	0	0.446164	0.892274	0.446164	0	0	0.446164	0.892274	0.446164	0.446164	0.892274	0.446164	0	0.446164	0.446164	0.446164	0.892274	0.446164	0.446164	0.446164	0	0.446164	0.892274	0.446164	0.446164	0.892274	0.446164	0	0.446164	0.446164	0	0.446164	0.446164	0	0	0	0.446164	0.446164	0	0.446164	0.446164	0	0.446164
0.892191	0.446123	0.446123	0.892191	0.892191	0.446123	0.446123	0.446123	0.446123	0.892191	0.446123	0.446123	0.446123	0.892191	0.892191	0.446123	0.446123	0	0.446123	0.446123	0.446123	0.446123	0	0.446123	0.892191	0.446123	0	0.446123	0.446123	0	0	0.446123	0.446123	0	0.446123	0.446123	0.446123	0.446123	0	0	0	0	0	0.446123	0.446123	0	0	0	0.446123	0.446123	0	0	0	0	0	0.446123	0.446123	0	0	0	0	0	0	0	0	0	0.446123	0.446123	0	0	0	0	0	0	0	0	0	0	0	0	0	0	0	0	0	0	0	0	0	0	0	0	0	0.446123	0.446123	0	0.446123	0.446123	0.446123	0.446123	0	0	0.446123	0.892191	0.446123	0.446123	0.446123	0.446123	1.33815	1.33815	0.446123	0.446123	0.892191	0.446123	0.446123	0.446123	0.892191	1.33815	0.892191	0.446123	0.892191	1.33815	0.446123	0.892191	0.892191	0.446123	1.33815	0.892191	0.446123	0.892191	1.33815	0.892191	0.446123	0.446123	0.446123	1.33815	0.892191	0.892191	1.33815	1.33815	0.892191	0.446123	0.446123	0.446123	1.33815	0.892191	0.446123	0.892191	0.446123	0.446123	1.33815	0.892191	0.446123	0.892191	0.446123	0	0.446123	0.446123	0.446123	0.446123	0	0.446123	0.446123	0	0.446123	0.892191	0.446123	0	0	0	0.446123	0.446123	0	0	0.446123	0.446123	0	0	0	0	0	0.446123	0.446123	0	0	0	0	0.446123	0.446123	0	0	0	0.446123	0.446123	0.446123	0.446123	0.446123	0.446123	0	0.446123	0.446123	0.446123	0.446123	0.446123	0.446123	0	0.446123	0.446123	0.446123	0.446123	0	0.446123	0.446123	0	0.446123	0.892191	0.446123	0	0	0.446123	0.892191	0.446123	0.446123	0.892191	0.446123	0	0.446123	0.446123	0.446123	0.892191	0.446123	0.446123	0.446123	0	0.446123	0.892191	0.446123	0.446123	0.892191	0.446123	0	0.446123	0.446123	0	0.446123	0.446123	0	0	0	0.446123	0.446123	0	0.446123	0.446123	0	0.446123
0.997386	0.630856	0.630856	0.997386	1.05787	0.568629	0.446074	0.446074	0.446074	0.892094	0.446074	0.446074	0.446074	0.892094	0.892094	0.446074	0.446074	0.15772	0.650257	0.630856	0.630856	0.630856	0.446109	0.630856	0.997386	0.630856	0.56867	0.804178	0.650281	0.56867	0.788581	0.997433	1.14809	1.23169	1.27142	1.20102	1.20102	1.05793	1.00984	1.23169	1.33811	1.45385	1.67618	1.70556	1.62345	1.67618	1.78389	1.78389	1.70556	1.48765	1.33811	1.33811	1.33811	1.33811	1.33811	1.48765	1.70556	1.78389	1.78389	1.78389	1.78389	1.78389	1.78389	1.78389	1.78389	1.78389	1.92457	2.14431	2.22946	2.22946	2.12102	1.89858	1.78389	1.78389	1.78389	1.78389	1.78389	1.78389	1.78389	1.78389	1.78389	1.78389	1.67618	1.45385	1.33811	1.45385	1.67618	1.78389	1.78389	1.78389	1.78389	1.78389	1.78389	1.70556	1.48765	1.33811	1.41045	1.41045	1.27142	1.05793	1.00984	1.23169	1.41045	1.45382	1.05793	0.997433	0.997433	0.997433	1.45377	1.20095	0.352658	0.446074	0.892094	0.446074	0.446074	0.446074	0.788522	1.27133	0.997386	0.630856	0.959273	1.45377	0.997433	1.26156	1.26156	1.05793	1.74155	1.84548	1.83875	1.99426	2.25708	2.25711	2.19013	1.97551	1.83875	2.25708	2.25711	2.46726	2.84108	3.0433	3.10778	3.15134	3.15134	3.15134	3.39352	3.24429	3.15134	3.24429	3.15134	3.15134	3.45498	3.53994	3.592	3.67372	3.592	3.45502	3.27848	3.15134	3.24813	3.46931	3.45502	3.27848	3.15134	3.11974	3.15134	3.24429	3.15134	3.11974	3.11974	3.01058	2.93132	2.93132	2.78826	2.67476	2.7116	2.7116	2.67476	2.67476	2.56588	2.34346	2.22946	2.27356	2.27356	2.12102	1.89858	1.78389	1.78389	1.83875	1.83875	1.78389	1.67618	1.45385	1.34735	1.14809	0.997433	0.997433	1.05793	1.20102	1.00984	0.997433	0.997433	0.997433	0.959297	0.788552	0.630856	0.35268	0.568629	0.446074	0.446074	0.446074	0.15772	0.650257	0.630856	0.56867	0.959297	1.26156	0.997433	1.00984	1.23169	1.41045	1.60804	1.41045	1.41045	1.60804	1.55303	1.67618	1.83875	1.83875	1.97551	2.34343	2.27356	2.27356	2.40616	2.56588	2.7116	2.8192	2.7116	2.7116	2.8192	2.7116	2.67476	2.7116	2.7116	2.67476	2.58515	2.36455	2.22946	2.34346	2.56588	2.58515	2.36455	2.22946	2.14431	1.92457	1.89858	2.05561
0.997293	0.630797	0.630797	0.997293	1.27121	0.788448	0.446032	0.446032	0.446032	0.89201	0.446032	0.446032	0.446032	0.89201	0.89201	0.446032	0.446032	0.352625	0.849185	0.630797	0.630797	0.630797	0.446067	0.630797	0.997293	0.630797	0.650221	0.804103	0.568617	0.650221	0.849231	0.99734	1.27127	1.2713	1.23158	1.20091	1.20091	1.00974	1.05783	1.2713	1.33798	1.48751	1.7054	1.67602	1.6233	1.7054	1.78373	1.78373	1.67602	1.45372	1.33798	1.33798	1.33798	1.33798	1.33798	1.45372	1.67602	1.78373	1.78373	1.78373	1.78373	1.78373	1.78373	1.78373	1.78373	1.78373	1.8984	2.12082	2.22925	2.22925	2.14411	1.92439	1.78373	1.78373	1.78373	1.78373	1.78373	1.78373	1.78373	1.78373	1.78373	1.78373	1.7054	1.48751	1.33798	1.48751	1.7054	1.78373	1.78373	1.78373	1.78373	1.78373	1.78373	1.67602	1.45372	1.33798	1.41032	1.41032	1.23158	1.00974	1.05783	1.2713	1.41032	1.34722	1.00974	0.99734	0.99734	0.99734	1.27124	0.804079	0.157705	0.446032	0.89201	0.446032	0.446032	0.446032	0.568576	1.05777	0.997293	0.630797	0.788478	1.27124	0.99734	1.26144	1.26144	1.00974	1.49582	1.7627	1.83858	1.99408	2.14407	2.18992	2.2569	2.04935	1.83858	2.14407	2.18992	2.40594	2.75217	2.96047	3.05929	3.15105	3.15105	3.15105	3.3932	3.24399	3.15105	3.24399	3.15105	3.15105	3.38226	3.49741	3.59166	3.67338	3.59166	3.46899	3.32319	3.15105	3.23254	3.45469	3.46899	3.32319	3.15105	3.11945	3.15105	3.24399	3.15105	3.11945	3.11945	3.02672	2.93104	2.93104	2.80573	2.67451	2.71134	2.71134	2.67451	2.67451	2.58491	2.36433	2.22925	2.27335	2.27335	2.14411	1.92439	1.78373	1.78373	1.83858	1.83858	1.78373	1.7054	1.48751	1.45369	1.27127	0.99734	0.99734	1.00974	1.20091	1.05783	0.99734	0.99734	0.99734	1.1038	0.959184	0.630797	0.473106	0.788448	0.446032	0.446032	0.446032	0.352625	0.849185	0.630797	0.650221	1.1038	1.26144	0.99734	1.05783	1.2713	1.41032	1.60789	1.41032	1.41032	1.60789	1.64608	1.7054	1.83858	1.83858	2.04935	2.44681	2.27335	2.27335	2.46703	2.58491	2.71134	2.81893	2.71134	2.71134	2.81893	2.71134	2.67451	2.71134	2.71134	2.67451	2.56564	2.34324	2.22925	2.36433	2.58491	2.56564	2.34324	2.22925	2.12082	1.8984	1.92439	2.05542
0.891927	0.445991	0.445991	0.891927	1.33776	0.891927	0.445991	0.445991	0.445991	0.891927	0.445991	0.445991	0.445991	0.891927	0.891927	0.445991	0.445991	0.445991	0.891927	0.445991	0.445991	0.445991	0	0.445991	0.891927	0.445991	0.445991	0.445991	0	0.445991	0.445991	0.445991	0.891927	0.445991	0	0.445991	0.445991	0	0.445991	0.445991	0	0.445991	0.445991	0	0.445991	0.445991	0	0	0	0	0	0	0	0	0	0	0	0	0	0	0	0	0	0	0	0	0	0	0	0	0.445991	0.445991	0	0	0	0	0	0	0	0	0	0	0.445991	0.445991	0	0.445991	0.445991	0	0	0	0	0	0	0	0	0	0.445991	0.445991	0	0	0.445991	0.445991	0.445991	0.445991	0	0.445991	0.445991	0.445991	0.891927	0.445991	0	0.445991	0.891927	0.445991	0.445991	0.445991	0.445991	0.891927	0.891927	0.445991	0.445991	0.891927	0.445991	0.891927	0.891927	0	0.445991	0.445991	0.445991	0.891927	0.891927	0.445991	0.891927	0.891927	0.445991	0.891927	0.445991	0.445991	0.891927	0.891927	0.445991	0.445991	0.445991	0.445991	1.33776	0.891927	0.445991	0.891927	0.445991	0.445991	0.891927	0.445991	0.445991	0.891927	0.445991	0.445991	0.891927	0.445991	0	0	0.445991	0.891927	0.445991	0	0.445991	0.891927	0.445991	0	0	0.445991	0.445991	0.445991	0.445991	0	0.445991	0.445991	0	0	0.445991	0.445991	0	0.445991	0.445991	0.445991	0.445991	0	0	0.445991	0.445991	0	0.445991	0.445991	0.891927	0.891927	0.445991	0.445991	0	0.445991	0.445991	0.445991	0.445991	0.445991	0.891927	0.891927	0.445991	0.445991	0.891927	0.445991	0.445991	0.445991	0.445991	0.891927	0.445991	0.445991	0.891927	0.891927	0.445991	0.445991	0.445991	0.445991	0.891927	0.445991	0.445991	0.891927	0.891927	0.445991	0.445991	0.445991	0.891927	1.33776	0.445991	0.445991	0.891927	0.445991	0.445991	0.891927	0.445991	0.445991	0.891927	0.445991	0	0.445991	0.445991	0	0	0	0	0.445991	0.445991	0	0	0	0	0	0.445991	0.445991
0.891844	0.445949	0.445949	0.891844	1.33763	0.891844	0.445949	0.445949	0.445949	0.891844	0.445949	0.445949	0.445949	0.891844	0.891844	0.445949	0.445949	0.445949	0.891844	0.445949	0.445949	0.445949	0	0.445949	0.891844	0.445949	0.445949	0.445949	0	0.445949	0.445949	0.445949	0.891844	0.445949	0	0.445949	0.445949	0	0.445949	0.445949	0	0.445949	0.445949	0	0.445949	0.445949	0	0	0	0	0	0	0	0	0	0	0	0	0	0	0	0	0	0	0	0	0	0	0	0	0.445949	0.445949	0	0	0	0	0	0	0	0	0	0	0.445949	0.445949	0	0.445949	0.445949	0	0	0	0	0	0	0	0	0	0.445949	0.445949	0	0	0.445949	0.445949	0.445949	0.445949	0	0.445949	0.445949	0.445949	0.891844	0.445949	0	0.445949	0.891844	0.445949	0.445949	0.445949	0.445949	0.891844	0.891844	0.445949	0.445949	0.891844	0.445949	0.891844	0.891844	0	0.445949	0.445949	0.445949	0.891844	0.891844	0.445949	0.891844	0.891844	0.445949	0.891844	0.445949	0.445949	0.891844	0.891844	0.445949	0.445949	0.445949	0.445949	1.33763	0.891844	0.445949	0.891844	0.445949	0.445949	0.891844	0.445949	0.445949	0.891844	0.445949	0.445949	0.891844	0.445949	0	0	0.445949	0.891844	0.445949	0	0.445949	0.891844	0.445949	0	0	0.445949	0.445949	0.445949	0.445949	0	0.445949	0.445949	0	0	0.445949	0.445949	0	0.445949	0.445949	0.445949	0.445949	0	0	0.445949	0.445949	0	0.445949	0.445949	0.891844	0.891844	0.445949	0.445949	0	0.445949	0.445949	0.445949	0.445949	0.445949	0.891844	0.891844	0.445949	0.445949	0.891844	0.445949	0.445949	0.445949	0.445949	0.891844	0.445949	0.445949	0.891844	0.891844	0.445949	0.445949	0.445949	0.445949	0.891844	0.445949	0.445949	0.891844	0.891844	0.445949	0.445949	0.445949	0.891844	1.33763	0.445949	0.445949	0.891844	0.445949	0.445949	0.891844	0.445949	0.445949	0.891844	0.445949	0	0.445949	0.445949	0	0	0	0	0.445949	0.445949	0	0	0	0	0	0.445949	0.445949
0.89176	0.445907	0.445907	0.89176	1.33751	0.89176	0.445907	0.445907	0.445907	0.89176	0.445907	0.445907	0.445907	0.89176	0.89176	0.445907	0.445907	0.445907	0.89176	0.445907	0.445907	0.445907	0	0.445907	0.89176	0.445907	0.445907	0.445907	0	0.445907	0.445907	0.445907	0.89176	0.445907	0	0.445907	0.445907	0	0.445907	0.445907	0	0.445907	0.445907	0	0.445907	0.445907	0	0	0	0	0	0	0	0	0	0	0	0	0	0	0	0	0	0	0	0	0	0	0	0	0.445907	0.445907	0	0	0	0	0	0	0	0	0	0	0.445907	0.445907	0	0.445907	0.445907	0	0	0	0	0	0	0	0	0	0.445907	0.445907	0	0	0.445907	0.445907	0.445907	0.445907	0	0.445907	0.445907	0.445907	0.89176	0.445907	0	0.445907	0.89176	0.445907	0.445907	0.445907	0.445907	0.89176	0.89176	0.445907	0.445907	0.89176	0.445907	0.89176	0.89176	0	0.445907	0.445907	0.445907	0.89176	0.89176	0.445907	0.89176	0.89176	0.445907	0.89176	0.445907	0.445907	0.89176	0.89176	0.445907	0.445907	0.445907	0.445907	1.33751	0.89176	0.445907	0.89176	0.445907	0.445907	0.89176	0.445907	0.445907	0.89176	0.445907	0.445907	0.89176	0.445907	0	0	0.445907	0.89176	0.445907	0	0.445907	0.89176	0.445907	0	0	0.445907	0.445907	0.445907	0.445907	0	0.445907	0.445907	0	0	0.445907	0.445907	0	0.445907	0.445907	0.445907	0.445907	0	0	0.445907	0.445907	0	0.445907	0.445907	0.89176	0.89176	0.445907	0.445907	0	0.445907	0.445907	0.445907	0.445907	0.445907	0.89176	0.89176	0.445907	0.445907	0.89176	0.445907	0.445907	0.445907	0.445907	0.89176	0.445907	0.445907	0.89176	0.89176	0.445907	0.445907	0.445907	0.445907	0.89176	0.445907	0.445907	0.89176	0.89176	0.445907	0.445907	0.445907	0.89176	1.33751	0.445907	0.445907	0.89176	0.445907	0.445907	0.89176	0.445907	0.445907	0.89176	0.445907	0	0.445907	0.445907	0	0	0	0	0.445907	0.445907	0	0	0	0	0	0.445907	0.445907
0.891677	0.445866	0.445866	0.891677	1.33738	0.891677	0.445866	0.445866	0.445866	0.891677	0.445866	0.445866	0.445866	0.891677	0.891677	0.445866	0.445866	0.445866	0.891677	0.445866	0.445866	0.445866	0	0.445866	0.891677	0.445866	0.445866	0.445866	0	0.445866	0.445866	0.445866	0.891677	0.445866	0	0.445866	0.445866	0	0.445866	0.445866	0	0.445866	0.445866	0	0.445866	0.445866	0	0	0	0	0	0	0	0	0	0	0	0	0	0	0	0	0	0	0	0	0	0	0	0	0.445866	0.445866	0	0	0	0	0	0	0	0	0	0	0.445866	0.445866	0	0.445866	0.445866	0	0	0	0	0	0	0	0	0	0.445866	0.445866	0	0	0.445866	0.445866	0.445866	0.445866	0	0.445866	0.445866	0.445866	0.891677	0.445866	0	0.445866	0.891677	0.445866	0.445866	0.445866	0.445866	0.891677	0.891677	0.445866	0.445866	0.891677	0.445866	0.891677	0.891677	0	0.445866	0.445866	0.445866	0.891677	0.891677	0.445866	0.891677	0.891677	0.445866	0.891677	0.445866	0.445866	0.891677	0.891677	0.445866	0.445866	0.445866	0.445866	1.33738	0.891677	0.445866	0.891677	0.445866	0.445866	0.891677	0.445866	0.445866	0.891677	0.445866	0.445866	0.891677	0.445866	0	0	0.445866	0.891677	0.445866	0	0.445866	0.891677	0.445866	0	0	0.445866	0.445866	0.445866	0.445866	0	0.445866	0.445866	0	0	0.445866	0.445866	0	0.445866	0.445866	0.445866	0.445866	0	0	0.445866	0.445866	0	0.445866	0.445866	0.891677	0.891677	0.445866	0.445866	0	0.445866	0.445866	0.445866	0.445866	0.445866	0.891677	0.891677	0.445866	0.445866	0.891677	0.445866	0.445866	0.445866	0.445866	0.891677	0.445866	0.445866	0.891677	0.891677	0.445866	0.445866	0.445866	0.445866	0.891677	0.445866	0.445866	0.891677	0.891677	0.445866	0.445866	0.445866	0.891677	1.33738	0.445866	0.445866	0.891677	0.445866	0.445866	0.891677	0.445866	0.445866	0.891677	0.445866	0	0.445866	0.445866	0	0	0	0	0.445866	0.445866	0	0	0	0	0	0.445866	0.445866
0.891594	0.445824	0.445824	0.891594	1.33726	0.891594	0.445824	0.445824	0.445824	0.891594	0.445824	0.445824	0.445824	0.891594	0.891594	0.445824	0.445824	0.445824	0.891594	0.445824	0.445824	0.445824	0	0.445824	0.891594	0.445824	0.445824	0.445824	0	0.445824	0.445824	0.445824	0.891594	0.445824	0	0.445824	0.445824	0	0.445824	0.445824	0	0.445824	0.445824	0	0.445824	0.445824	0	0	0	0	0	0	0	0	0	0	0	0	0	0	0	0	0	0	0	0	0	0	0	0	0.445824	0.445824	0	0	0	0	0	0	0	0	0	0	0.445824	0.445824	0	0.445824	0.445824	0	0	0	0	0	0	0	0	0	0.445824	0.445824	0	0	0.445824	0.445824	0.445824	0.445824	0	0.445824	0.445824	0.445824	0.891594	0.445824	0	0.445824	0.891594	0.445824	0.445824	0.445824	0.445824	0.891594	0.891594	0.445824	0.445824	0.891594	0.445824	0.891594	0.891594	0	0.445824	0.445824	0.445824	0.891594	0.891594	0.445824	0.891594	0.891594	0.445824	0.891594	0.445824	0.445824	0.891594	0.891594	0.445824	0.445824	0.445824	0.445824	1.33726	0.891594	0.445824	0.891594	0.445824	0.445824	0.891594	0.445824	0.445824	0.891594	0.445824	0.445824	0.891594	0.445824	0	0	0.445824	0.891594	0.445824	0	0.445824	0.891594	0.445824	0	0	0.445824	0.445824	0.445824	0.445824	0	0.445824	0.445824	0	0	0.445824	0.445824	0	0.445824	0.445824	0.445824	0.445824	0	0	0.445824	0.445824	0	0.445824	0.445824	0.891594	0.891594	0.445824	0.445824	0	0.445824	0.445824	0.445824	0.445824	0.445824	0.891594	0.891594	0.445824	0.445824	0.891594	0.445824	0.445824	0.445824	0.445824	0.891594	0.445824	0.445824	0.891594	0.891594	0.445824	0.445824	0.445824	0.445824	0.891594	0.445824	0.445824	0.891594	0.891594	0.445824	0.445824	0.445824	0.891594	1.33726	0.445824	0.445824	0.891594	0.445824	0.445824	0.891594	0.445824	0.445824	0.891594	0.445824	0	0.445824	0.445824	0	0	0	0	0.445824	0.445824	0	0	0	0	0	0.445824	0.445824
0.891511	0.445782	0.445782	0.891511	1.33713	0.891511	0.445782	0.445782	0.445782	0.891511	0.445782	0.445782	0.445782	0.891511	0.891511	0.445782	0.445782	0.445782	0.891511	0.445782	0.445782	0.445782	0	0.445782	0.891511	0.445782	0.445782	0.445782	0	0.445782	0.445782	0.445782	0.891511	0.445782	0	0.445782	0.445782	0	0.445782	0.445782	0	0.445782	0.445782	0	0.445782	0.445782	0	0	0	0	0	0	0	0	0	0	0	0	0	0	0	0	0	0	0	0	0	0	0	0	0.445782	0.445782	0	0	0	0	0	0	0	0	0	0	0.445782	0.445782	0	0.445782	0.445782	0	0	0	0	0	0	0	0	0	0.445782	0.445782	0	0	0.445782	0.445782	0.445782	0.445782	0	0.445782	0.445782	0.445782	0.891511	0.445782	0	0.445782	0.891511	0.445782	0.445782	0.445782	0.445782	0.891511	0.891511	0.445782	0.445782	0.891511	0.445782	0.891511	0.891511	0	0.445782	0.445782	0.445782	0.891511	0.891511	0.445782	0.891511	0.891511	0.445782	0.891511	0.445782	0.445782	0.891511	0.891511	0.445782	0.445782	0.445782	0.445782	1.33713	0.891511	0.445782	0.891511	0.445782	0.445782	0.891511	0.445782	0.445782	0.891511	0.445782	0.445782	0.891511	0.445782	0	0	0.445782	0.891511	0.445782	0	0.445782	0.891511	0.445782	0	0	0.445782	0.445782	0.445782	0.445782	0	0.445782	0.445782	0	0	0.445782	0.445782	0	0.445782	0.445782	0.445782	0.445782	0	0	0.445782	0.445782	0	0.445782	0.445782	0.891511	0.891511	0.445782	0.445782	0	0.445782	0.445782	0.445782	0.445782	0.445782	0.891511	0.891511	0.445782	0.445782	0.891511	0.445782	0.445782	0.445782	0.445782	0.891511	0.445782	0.445782	0.891511	0.891511	0.445782	0.445782	0.445782	0.445782	0.891511	0.445782	0.445782	0.891511	0.891511	0.445782	0.445782	0.445782	0.891511	1.33713	0.445782	0.445782	0.891511	0.445782	0.445782	0.891511	0.445782	0.445782	0.891511	0.445782	0	0.445782	0.445782	0	0	0	0	0.445782	0.445782	0	0	0	0	0	0.445782	0.445782
0.891414	0.445734	0.445734	0.891414	1.33699	0.891414	0.445734	0.445734	0.445734	0.891414	0.445734	0.445734	0.445734	0.891414	0.891414	0.445734	0.445734	0.445734	0.891414	0.445734	0.445734	0.445734	0	0.445734	0.891414	0.445734	0.445734	0.445734	0	0.445734	0.445734	0.445734	0.891414	0.445734	0	0.445734	0.445734	0	0.445734	0.445734	0	0.445734	0.445734	0	0.445734	0.445734	0	0	0	0	0	0	0	0	0	0	0	0	0	0	0	0	0	0	0	0	0	0	0	0	0.445734	0.445734	0	0	0	0	0	0	0	0	0	0	0.445734	0.445734	0	0.445734	0.445734	0	0	0	0	0	0	0	0	0	0.445734	0.445734	0	0	0.445734	0.445734	0.445734	0.445734	0	0.445734	0.445734	0.445734	0.891414	0.445734	0	0.445734	0.891414	0.445734	0.445734	0.445734	0.445734	0.891414	0.891414	0.445734	0.445734	0.891414	0.445734	0.891414	0.891414	0	0.445734	0.445734	0.445734	0.891414	0.891414	0.445734	0.891414	0.891414	0.445734	0.891414	0.445734	0.445734	0.891414	0.891414	0.445734	0.445734	0.445734	0.445734	1.33699	0.891414	0.445734	0.891414	0.445734	0.445734	0.891414	0.445734	0.445734	0.891414	0.445734	0.445734	0.891414	0.445734	0	0	0.445734	0.891414	0.445734	0	0.445734	0.891414	0.445734	0	0	0.445734	0.445734	0.445734	0.445734	0	0.445734	0.445734	0	0	0.445734	0.445734	0	0.445734	0.445734	0.445734	0.445734	0	0	0.445734	0.445734	0	0.445734	0.445734	0.891414	0.891414	0.445734	0.445734	0	0.445734	0.445734	0.445734	0.445734	0.445734	0.891414	0.891414	0.445734	0.445734	0.891414	0.445734	0.445734	0.445734	0.445734	0.891414	0.445734	0.445734	0.891414	0.891414	0.445734	0.445734	0.445734	0.445734	0.891414	0.445734	0.445734	0.891414	0.891414	0.445734	0.445734	0.445734	0.891414	1.33699	0.445734	0.445734	0.891414	0.445734	0.445734	0.891414	0.445734	0.445734	0.891414	0.445734	0	0.445734	0.445734	0	0	0	0	0.445734	0.445734	0	0	0	0	0	0.445734	0.445734
0.89133	0.445692	0.445692	0.89133	1.33686	0.89133	0.445692	0.445692	0.445692	0.89133	0.445692	0.445692	0.445692	0.89133	0.89133	0.445692	0.445692	0.445692	0.89133	0.445692	0.445692	0.445692	0	0.445692	0.89133	0.445692	0.445692	0.445692	0	0.445692	0.445692	0.445692	0.89133	0.445692	0	0.445692	0.445692	0	0.445692	0.445692	0	0.445692	0.445692	0	0.445692	0.445692	0	0	0	0	0	0	0	0	0	0	0	0	0	0	0	0	0	0	0	0	0	0	0	0	0.445692	0.445692	0	0	0	0	0	0	0	0	0	0	0.445692	0.445692	0	0.445692	0.445692	0	0	0	0	0	0	0	0	0	0.445692	0.445692	0	0	0.445692	0.445692	0.445692	0.445692	0	0.445692	0.445692	0.445692	0.89133	0.445692	0	0.445692	0.89133	0.445692	0.445692	0.445692	0.445692	0.89133	0.89133	0.445692	0.445692	0.89133	0.445692	0.89133	0.89133	0	0.445692	0.445692	0.445692	0.89133	0.89133	0.445692	0.89133	0.89133	0.445692	0.89133	0.445692	0.445692	0.89133	0.89133	0.445692	0.445692	0.445692	0.445692	1.33686	0.89133	0.445692	0.89133	0.445692	0.445692	0.89133	0.445692	0.445692	0.89133	0.445692	0.445692	0.89133	0.445692	0	0	0.445692	0.89133	0.445692	0	0.445692	0.89133	0.445692	0	0	0.445692	0.445692	0.445692	0.445692	0	0.445692	0.445692	0	0	0.445692	0.445692	0	0.445692	0.445692	0.445692	0.445692	0	0	0.445692	0.445692	0	0.445692	0.445692	0.89133	0.89133	0.445692	0.445692	0	0.445692	0.445692	0.445692	0.445692	0.445692	0.89133	0.89133	0.445692	0.445692	0.89133	0.445692	0.445692	0.445692	0.445692	0.89133	0.445692	0.445692	0.89133	0.89133	0.445692	0.445692	0.445692	0.445692	0.89133	0.445692	0.445692	0.89133	0.89133	0.445692	0.445692	0.445692	0.89133	1.33686	0.445692	0.445692	0.89133	0.445692	0.445692	0.89133	0.445692	0.445692	0.89133	0.445692	0	0.445692	0.445692	0	0	0	0	0.445692	0.445692	0	0	0	0	0	0.445692	0.445692
0.891247	0.445651	0.445651	0.891247	1.33674	0.891247	0.445651	0.445651	0.445651	0.891247	0.445651	0.445651	0.445651	0.891247	0.891247	0.445651	0.445651	0.445651	0.891247	0.445651	0.445651	0.445651	0	0.445651	0.891247	0.445651	0.445651	0.445651	0	0.445651	0.445651	0.445651	0.891247	0.445651	0	0.445651	0.445651	0	0.445651	0.445651	0	0.445651	0.445651	0	0.445651	0.445651	0	0	0	0	0	0	0	0	0	0	0	0	0	0	0	0	0	0	0	0	0	0	0	0	0.445651	0.445651	0	0	0	0	0	0	0	0	0	0	0.445651	0.445651	0	0.445651	0.445651	0	0	0	0	0	0	0	0	0	0.445651	0.445651	0	0	0.445651	0.445651	0.445651	0.445651	0	0.445651	0.445651	0.445651	0.891247	0.445651	0	0.445651	0.891247	0.445651	0.445651	0.445651	0.445651	0.891247	0.891247	0.445651	0.445651	0.891247	0.445651	0.891247	0.891247	0	0.445651	0.445651	0.445651	0.891247	0.891247	0.445651	0.891247	0.891247	0.445651	0.891247	0.445651	0.445651	0.891247	0.891247	0.445651	0.445651	0.445651	0.445651	1.33674	0.891247	0.445651	0.891247	0.445651	0.445651	0.891247	0.445651	0.445651	0.891247	0.445651	0.445651	0.891247	0.445651	0	0	0.445651	0.891247	0.445651	0	0.445651	0.891247	0.445651	0	0	0.445651	0.445651	0.445651	0.445651	0	0.445651	0.445651	0	0	0.445651	0.445651	0	0.445651	0.445651	0.445651	0.445651	0	0	0.445651	0.445651	0	0.445651	0.445651	0.891247	0.891247	0.445651	0.445651	0	0.445651	0.445651	0.445651	0.445651	0.445651	0.891247	0.891247	0.445651	0.445651	0.891247	0.445651	0.445651	0.445651	0.445651	0.891247	0.445651	0.445651	0.891247	0.891247	0.445651	0.445651	0.445651	0.445651	0.891247	0.445651	0.445651	0.891247	0.891247	0.445651	0.445651	0.445651	0.891247	1.33674	0.445651	0.445651	0.891247	0.445651	0.445651	0.891247	0.445651	0.445651	0.891247	0.445651	0	0.445651	0.445651	0	0	0	0	0.445651	0.445651	0	0	0	0	0	0.445651	0.445651
0.996347	0.630198	0.630198	0.996347	1.34588	1.10275	0.996394	0.996394	0.996394	1.26024	0.996394	0.996394	0.996394	1.26024	1.26024	0.996394	0.996394	0.996394	1.26024	0.996394	0.996394	0.996394	0.787759	0.78773	0.996347	0.630198	0.630198	0.64958	0.157555	0.445609	0.445609	0.35229	0.84838	0.630198	0.352312	0.568037	0.445609	0	0.445609	0.445609	0.157555	0.64958	0.630198	0.445644	0.472657	0.498211	0.352312	0.445644	0.445644	0.445644	0.445644	0.445644	0.445644	0.568078	0.787759	0.891233	0.891233	0.891233	0.891233	0.891233	0.891233	0.891233	0.891233	0.891233	0.891233	0.891233	0.891233	0.891233	0.891233	0.891233	1.05683	1.27009	1.33672	1.33672	1.33672	1.33672	1.33672	1.33672	1.33672	1.23041	1.00878	0.891233	1.13604	1.57522	1.78204	1.70379	1.4861	1.33672	1.33672	1.45234	1.67443	1.78204	1.78204	1.78204	1.78204	1.78204	1.83684	1.83684	1.78204	1.78204	1.70379	1.4861	1.40898	1.40898	1.33672	1.40898	1.40898	1.27009	1.27006	0.996394	0.891233	0.996394	1.10275	0.649604	0.630198	0.630198	0.630198	0.84838	0.7877	0.445609	0.35229	0.84838	0.630198	0.958274	1.10275	0.891233	0.996394	0.996394	0.996394	1.27006	1.45231	1.40898	1.64452	1.84355	1.83684	1.99219	1.83684	1.83684	1.99219	1.99219	1.83684	1.83684	1.83684	1.83684	2.25473	2.25476	2.36209	2.67659	2.70877	2.70877	2.81626	2.70877	2.70877	2.81626	2.70877	2.70877	2.81626	2.70877	2.56321	2.34102	2.36209	2.67659	2.70877	2.67198	2.70877	2.88998	3.02385	3.00745	2.78536	2.80307	2.92827	2.92827	3.02385	3.00745	2.83816	2.70877	2.56321	2.34102	2.36209	2.4897	2.34102	2.27119	2.27119	2.27119	2.27119	2.11881	1.8966	1.83684	1.83684	1.78204	1.83684	1.83684	1.99219	1.99219	1.92256	2.14207	2.11881	1.97345	1.83684	1.76103	1.55141	1.34594	1.42642	1.14685	0.630198	0.64958	1.1139	0.64958	0.630198	0.630198	0.78773	1.27004	0.996394	0.996394	1.26024	1.26024	0.996394	0.996394	0.996394	0.996394	1.26024	0.996394	0.996394	1.26024	1.41771	1.34594	1.55141	1.76103	1.84355	2.05341	1.76103	1.83684	2.14204	2.18785	2.27119	2.54379	2.62052	2.58246	2.46469	2.27119	2.22714	2.27119	2.27119	2.22714	2.22714	2.22714	2.34102	2.4897	2.36209	2.22714	2.34102	2.56321	2.67198	2.67198	2.58246	2.36209
0.996254	0.630139	0.630139	0.996254	1.14674	0.958208	0.996301	0.996301	0.996301	1.26013	0.996301	0.996301	0.996301	1.26013	1.26013	0.996301	0.996301	0.996301	1.26013	0.996301	0.996301	0.996301	0.848346	0.958184	0.996254	0.630139	0.630139	0.8483	0.352257	0.445567	0.445567	0.157541	0.649519	0.630139	0.472613	0.787627	0.445567	0	0.445567	0.445567	0.352257	0.8483	0.630139	0.445602	0.352279	0.498165	0.472613	0.445602	0.445602	0.445602	0.445602	0.445602	0.445602	0.649543	0.848346	0.89115	0.89115	0.89115	0.89115	0.89115	0.89115	0.89115	0.89115	0.89115	0.89115	0.89115	0.89115	0.89115	0.89115	0.89115	1.00869	1.23029	1.33659	1.33659	1.33659	1.33659	1.33659	1.33659	1.33659	1.26997	1.05673	0.89115	1.13594	1.57507	1.78187	1.67427	1.4522	1.33659	1.33659	1.48596	1.70363	1.78187	1.78187	1.78187	1.78187	1.78187	1.83666	1.83666	1.78187	1.78187	1.67427	1.4522	1.40885	1.40885	1.33659	1.40885	1.40885	1.23029	1.14679	0.996301	0.89115	0.996301	0.958208	0.568025	0.630139	0.630139	0.630139	0.649519	0.567984	0.445567	0.157541	0.649519	0.630139	0.787656	0.958208	0.89115	0.996301	0.996301	0.996301	1.14679	1.34582	1.40885	1.55127	1.76086	1.83666	1.992	1.83666	1.83666	1.992	1.992	1.83666	1.83666	1.83666	1.83666	2.14184	2.18764	2.34081	2.62027	2.70852	2.70852	2.816	2.70852	2.70852	2.816	2.70852	2.70852	2.816	2.70852	2.58221	2.36187	2.34081	2.62027	2.70852	2.67173	2.70852	2.83789	3.00717	3.02357	2.80281	2.7851	2.92799	2.92799	3.00717	3.02357	2.88971	2.70852	2.58221	2.36187	2.34081	2.48947	2.36187	2.27098	2.27098	2.27098	2.27098	2.14187	1.92238	1.83666	1.83666	1.78187	1.83666	1.83666	1.992	1.992	1.89643	2.11862	2.14187	2.04722	1.83666	1.84338	1.64436	1.45217	1.79562	1.34575	0.630139	0.8483	1.55913	0.8483	0.630139	0.630139	0.958184	1.45212	0.996301	0.996301	1.26013	1.26013	0.996301	0.996301	0.996301	0.996301	1.26013	0.996301	0.996301	1.26013	1.58285	1.45217	1.64436	1.84338	1.76086	2.05322	1.84338	1.83666	2.25452	2.25455	2.27098	2.63906	2.67634	2.56297	2.40343	2.27098	2.22693	2.27098	2.27098	2.22693	2.22693	2.22693	2.36187	2.48947	2.34081	2.22693	2.36187	2.58221	2.67173	2.67173	2.56297	2.34081
0.890998	0.445526	0.445526	0.890998	0.890998	0.445526	0.445526	0.445526	0.445526	0.890998	0.445526	0.445526	0.445526	0.890998	0.890998	0.445526	0.445526	0.445526	0.890998	0.445526	0.445526	0.445526	0.445526	0.890998	0.890998	0.445526	0.445526	0.890998	0.445526	0.445526	0.445526	0	0.445526	0.445526	0.445526	0.890998	0.445526	0	0.445526	0.445526	0.445526	0.890998	0.445526	0	0	0.445526	0.445526	0	0	0	0	0	0	0.445526	0.445526	0	0	0	0	0	0	0	0	0	0	0	0	0	0	0	0	0	0	0	0	0	0	0	0	0.445526	0.445526	0	0.445526	0.445526	0	0	0	0	0	0.445526	0.445526	0	0	0	0	0	0.445526	0.445526	0	0	0	0	0.445526	0.445526	0	0.445526	0.445526	0	0.445526	0.445526	0	0.445526	0.445526	0	0.445526	0.445526	0.445526	0.445526	0.445526	0.445526	0	0.445526	0.445526	0.445526	0.445526	0	0.445526	0.445526	0.445526	0.445526	0.445526	0.445526	0.445526	0.445526	0.445526	0.890998	0.445526	0.445526	0.890998	0.890998	0.445526	0.445526	0.445526	0.445526	0.890998	0.445526	0	0.445526	0.445526	0.445526	0.890998	0.445526	0.445526	0.890998	0.445526	0.445526	0.890998	0.445526	0.445526	0.445526	0	0.445526	0.445526	0	0.445526	0.445526	0	0.445526	0.445526	0	0.445526	0.445526	0	0.445526	0.890998	0.445526	0.445526	0.445526	0	0.445526	0.445526	0.445526	0.445526	0.445526	0.445526	0.445526	0.445526	0.445526	0.445526	0	0.445526	0.445526	0.890998	0.890998	0	0	0.445526	0.890998	0.445526	0.890998	0.890998	0.890998	1.78156	1.33636	0.445526	0.890998	1.78156	0.890998	0.445526	0.445526	0.890998	1.33636	0.445526	0.445526	0.890998	0.890998	0.445526	0.445526	0.445526	0.445526	0.890998	0.445526	0.445526	0.890998	1.33636	0.890998	0.890998	0.890998	0.445526	1.33636	0.890998	0.445526	1.33636	0.890998	0.445526	1.33636	0.890998	0	0.445526	0.445526	0	0.445526	0.445526	0	0	0	0.445526	0.445526	0	0	0.445526	0.445526	0	0	0	0
0.890915	0.445484	0.445484	0.890915	0.890915	0.445484	0.445484	0.445484	0.445484	0.890915	0.445484	0.445484	0.445484	0.890915	0.890915	0.445484	0.445484	0.445484	0.890915	0.445484	0.445484	0.445484	0.445484	0.890915	0.890915	0.445484	0.445484	0.890915	0.445484	0.445484	0.445484	0	0.445484	0.445484	0.445484	0.890915	0.445484	0	0.445484	0.445484	0.445484	0.890915	0.445484	0	0	0.445484	0.445484	0	0	0	0	0	0	0.445484	0.445484	0	0	0	0	0	0	0	0	0	0	0	0	0	0	0	0	0	0	0	0	0	0	0	0	0.445484	0.445484	0	0.445484	0.445484	0	0	0	0	0	0.445484	0.445484	0	0	0	0	0	0.445484	0.445484	0	0	0	0	0.445484	0.445484	0	0.445484	0.445484	0	0.445484	0.445484	0	0.445484	0.445484	0	0.445484	0.445484	0.445484	0.445484	0.445484	0.445484	0	0.445484	0.445484	0.445484	0.445484	0	0.445484	0.445484	0.445484	0.445484	0.445484	0.445484	0.445484	0.445484	0.445484	0.890915	0.445484	0.445484	0.890915	0.890915	0.445484	0.445484	0.445484	0.445484	0.890915	0.445484	0	0.445484	0.445484	0.445484	0.890915	0.445484	0.445484	0.890915	0.445484	0.445484	0.890915	0.445484	0.445484	0.445484	0	0.445484	0.445484	0	0.445484	0.445484	0	0.445484	0.445484	0	0.445484	0.445484	0	0.445484	0.890915	0.445484	0.445484	0.445484	0	0.445484	0.445484	0.445484	0.445484	0.445484	0.445484	0.445484	0.445484	0.445484	0.445484	0	0.445484	0.445484	0.890915	0.890915	0	0	0.445484	0.890915	0.445484	0.890915	0.890915	0.890915	1.7814	1.33624	0.445484	0.890915	1.7814	0.890915	0.445484	0.445484	0.890915	1.33624	0.445484	0.445484	0.890915	0.890915	0.445484	0.445484	0.445484	0.445484	0.890915	0.445484	0.445484	0.890915	1.33624	0.890915	0.890915	0.890915	0.445484	1.33624	0.890915	0.445484	1.33624	0.890915	0.445484	1.33624	0.890915	0	0.445484	0.445484	0	0.445484	0.445484	0	0	0	0.445484	0.445484	0	0	0.445484	0.445484	0	0	0	0
0.890832	0.445443	0.445443	0.890832	0.890832	0.445443	0.445443	0.445443	0.445443	0.890832	0.445443	0.445443	0.445443	0.890832	0.890832	0.445443	0.445443	0.445443	0.890832	0.445443	0.445443	0.445443	0.445443	0.890832	0.890832	0.445443	0.445443	0.890832	0.445443	0.445443	0.445443	0	0.445443	0.445443	0.445443	0.890832	0.445443	0	0.445443	0.445443	0.445443	0.890832	0.445443	0	0	0.445443	0.445443	0	0	0	0	0	0	0.445443	0.445443	0	0	0	0	0	0	0	0	0	0	0	0	0	0	0	0	0	0	0	0	0	0	0	0	0.445443	0.445443	0	0.445443	0.445443	0	0	0	0	0	0.445443	0.445443	0	0	0	0	0	0.445443	0.445443	0	0	0	0	0.445443	0.445443	0	0.445443	0.445443	0	0.445443	0.445443	0	0.445443	0.445443	0	0.445443	0.445443	0.445443	0.445443	0.445443	0.445443	0	0.445443	0.445443	0.445443	0.445443	0	0.445443	0.445443	0.445443	0.445443	0.445443	0.445443	0.445443	0.445443	0.445443	0.890832	0.445443	0.445443	0.890832	0.890832	0.445443	0.445443	0.445443	0.445443	0.890832	0.445443	0	0.445443	0.445443	0.445443	0.890832	0.445443	0.445443	0.890832	0.445443	0.445443	0.890832	0.445443	0.445443	0.445443	0	0.445443	0.445443	0	0.445443	0.445443	0	0.445443	0.445443	0	0.445443	0.445443	0	0.445443	0.890832	0.445443	0.445443	0.445443	0	0.445443	0.445443	0.445443	0.445443	0.445443	0.445443	0.445443	0.445443	0.445443	0.445443	0	0.445443	0.445443	0.890832	0.890832	0	0	0.445443	0.890832	0.445443	0.890832	0.890832	0.890832	1.78123	1.33611	0.445443	0.890832	1.78123	0.890832	0.445443	0.445443	0.890832	1.33611	0.445443	0.445443	0.890832	0.890832	0.445443	0.445443	0.445443	0.445443	0.890832	0.445443	0.445443	0.890832	1.33611	0.890832	0.890832	0.890832	0.445443	1.33611	0.890832	0.445443	1.33611	0.890832	0.445443	1.33611	0.890832	0	0.445443	0.445443	0	0.445443	0.445443	0	0	0	0.445443	0.445443	0	0	0.445443	0.445443	0	0	0	0
0.890735	0.445394	0.445394	0.890735	0.890735	0.445394	0.445394	0.445394	0.445394	0.890735	0.445394	0.445394	0.445394	0.890735	0.890735	0.445394	0.445394	0.445394	0.890735	0.445394	0.445394	0.445394	0.445394	0.890735	0.890735	0.445394	0.445394	0.890735	0.445394	0.445394	0.445394	0	0.445394	0.445394	0.445394	0.890735	0.445394	0	0.445394	0.445394	0.445394	0.890735	0.445394	0	0	0.445394	0.445394	0	0	0	0	0	0	0.445394	0.445394	0	0	0	0	0	0	0	0	0	0	0	0	0	0	0	0	0	0	0	0	0	0	0	0	0.445394	0.445394	0	0.445394	0.445394	0	0	0	0	0	0.445394	0.445394	0	0	0	0	0	0.445394	0.445394	0	0	0	0	0.445394	0.445394	0	0.445394	0.445394	0	0.445394	0.445394	0	0.445394	0.445394	0	0.445394	0.445394	0.445394	0.445394	0.445394	0.445394	0	0.445394	0.445394	0.445394	0.445394	0	0.445394	0.445394	0.445394	0.445394	0.445394	0.445394	0.445394	0.445394	0.445394	0.890735	0.445394	0.445394	0.890735	0.890735	0.445394	0.445394	0.445394	0.445394	0.890735	0.445394	0	0.445394	0.445394	0.445394	0.890735	0.445394	0.445394	0.890735	0.445394	0.445394	0.890735	0.445394	0.445394	0.445394	0	0.445394	0.445394	0	0.445394	0.445394	0	0.445394	0.445394	0	0.445394	0.445394	0	0.445394	0.890735	0.445394	0.445394	0.445394	0	0.445394	0.445394	0.445394	0.445394	0.445394	0.445394	0.445394	0.445394	0.445394	0.445394	0	0.445394	0.445394	0.890735	0.890735	0	0	0.445394	0.890735	0.445394	0.890735	0.890735	0.890735	1.78104	1.33597	0.445394	0.890735	1.78104	0.890735	0.445394	0.445394	0.890735	1.33597	0.445394	0.445394	0.890735	0.890735	0.445394	0.445394	0.445394	0.445394	0.890735	0.445394	0.445394	0.890735	1.33597	0.890735	0.890735	0.890735	0.445394	1.33597	0.890735	0.445394	1.33597	0.890735	0.445394	1.33597	0.890735	0	0.445394	0.445394	0	0.445394	0.445394	0	0	0	0.445394	0.445394	0	0	0.445394	0.445394	0	0	0	0
0.890652	0.445353	0.445353	0.890652	0.890652	0.445353	0.445353	0.445353	0.445353	0.890652	0.445353	0.445353	0.445353	0.890652	0.890652	0.445353	0.445353	0.445353	0.890652	0.445353	0.445353	0.445353	0.445353	0.890652	0.890652	0.445353	0.445353	0.890652	0.445353	0.445353	0.445353	0	0.445353	0.445353	0.445353	0.890652	0.445353	0	0.445353	0.445353	0.445353	0.890652	0.445353	0	0	0.445353	0.445353	0	0	0	0	0	0	0.445353	0.445353	0	0	0	0	0	0	0	0	0	0	0	0	0	0	0	0	0	0	0	0	0	0	0	0	0.445353	0.445353	0	0.445353	0.445353	0	0	0	0	0	0.445353	0.445353	0	0	0	0	0	0.445353	0.445353	0	0	0	0	0.445353	0.445353	0	0.445353	0.445353	0	0.445353	0.445353	0	0.445353	0.445353	0	0.445353	0.445353	0.445353	0.445353	0.445353	0.445353	0	0.445353	0.445353	0.445353	0.445353	0	0.445353	0.445353	0.445353	0.445353	0.445353	0.445353	0.445353	0.445353	0.445353	0.890652	0.445353	0.445353	0.890652	0.890652	0.445353	0.445353	0.445353	0.445353	0.890652	0.445353	0	0.445353	0.445353	0.445353	0.890652	0.445353	0.445353	0.890652	0.445353	0.445353	0.890652	0.445353	0.445353	0.445353	0	0.445353	0.445353	0	0.445353	0.445353	0	0.445353	0.445353	0	0.445353	0.445353	0	0.445353	0.890652	0.445353	0.445353	0.445353	0	0.445353	0.445353	0.445353	0.445353	0.445353	0.445353	0.445353	0.445353	0.445353	0.445353	0	0.445353	0.445353	0.890652	0.890652	0	0	0.445353	0.890652	0.445353	0.890652	0.890652	0.890652	1.78087	1.33584	0.445353	0.890652	1.78087	0.890652	0.445353	0.445353	0.890652	1.33584	0.445353	0.445353	0.890652	0.890652	0.445353	0.445353	0.445353	0.445353	0.890652	0.445353	0.445353	0.890652	1.33584	0.890652	0.890652	0.890652	0.445353	1.33584	0.890652	0.445353	1.33584	0.890652	0.445353	1.33584	0.890652	0	0.445353	0.445353	0	0.445353	0.445353	0	0	0	0.445353	0.445353	0	0	0.445353	0.445353	0	0	0	0
0.890569	0.445311	0.445311	0.890569	0.890569	0.445311	0.445311	0.445311	0.445311	0.890569	0.445311	0.445311	0.445311	0.890569	0.890569	0.445311	0.445311	0.445311	0.890569	0.445311	0.445311	0.445311	0.445311	0.890569	0.890569	0.445311	0.445311	0.890569	0.445311	0.445311	0.445311	0	0.445311	0.445311	0.445311	0.890569	0.445311	0	0.445311	0.445311	0.445311	0.890569	0.445311	0	0	0.445311	0.445311	0	0	0	0	0	0	0.445311	0.445311	0	0	0	0	0	0	0	0	0	0	0	0	0	0	0	0	0	0	0	0	0	0	0	0	0.445311	0.445311	0	0.445311	0.445311	0	0	0	0	0	0.445311	0.445311	0	0	0	0	0	0.445311	0.445311	0	0	0	0	0.445311	0.445311	0	0.445311	0.445311	0	0.445311	0.445311	0	0.445311	0.445311	0	0.445311	0.445311	0.445311	0.445311	0.445311	0.445311	0	0.445311	0.445311	0.445311	0.445311	0	0.445311	0.445311	0.445311	0.445311	0.445311	0.445311	0.445311	0.445311	0.445311	0.890569	0.445311	0.445311	0.890569	0.890569	0.445311	0.445311	0.445311	0.445311	0.890569	0.445311	0	0.445311	0.445311	0.445311	0.890569	0.445311	0.445311	0.890569	0.445311	0.445311	0.890569	0.445311	0.445311	0.445311	0	0.445311	0.445311	0	0.445311	0.445311	0	0.445311	0.445311	0	0.445311	0.445311	0	0.445311	0.890569	0.445311	0.445311	0.445311	0	0.445311	0.445311	0.445311	0.445311	0.445311	0.445311	0.445311	0.445311	0.445311	0.445311	0	0.445311	0.445311	0.890569	0.890569	0	0	0.445311	0.890569	0.445311	0.890569	0.890569	0.890569	1.78071	1.33572	0.445311	0.890569	1.78071	0.890569	0.445311	0.445311	0.890569	1.33572	0.445311	0.445311	0.890569	0.890569	0.445311	0.445311	0.445311	0.445311	0.890569	0.445311	0.445311	0.890569	1.33572	0.890569	0.890569	0.890569	0.445311	1.33572	0.890569	0.445311	1.33572	0.890569	0.445311	1.33572	0.890569	0	0.445311	0.445311	0	0.445311	0.445311	0	0	0	0.445311	0.445311	0	0	0.445311	0.445311	0	0	0	0
0.890486	0.44527	0.44527	0.890486	0.890486	0.44527	0.44527	0.44527	0.44527	0.890486	0.44527	0.44527	0.44527	0.890486	0.890486	0.44527	0.44527	0.44527	0.890486	0.44527	0.44527	0.44527	0.44527	0.890486	0.890486	0.44527	0.44527	0.890486	0.44527	0.44527	0.44527	0	0.44527	0.44527	0.44527	0.890486	0.44527	0	0.44527	0.44527	0.44527	0.890486	0.44527	0	0	0.44527	0.44527	0	0	0	0	0	0	0.44527	0.44527	0	0	0	0	0	0	0	0	0	0	0	0	0	0	0	0	0	0	0	0	0	0	0	0	0.44527	0.44527	0	0.44527	0.44527	0	0	0	0	0	0.44527	0.44527	0	0	0	0	0	0.44527	0.44527	0	0	0	0	0.44527	0.44527	0	0.44527	0.44527	0	0.44527	0.44527	0	0.44527	0.44527	0	0.44527	0.44527	0.44527	0.44527	0.44527	0.44527	0	0.44527	0.44527	0.44527	0.44527	0	0.44527	0.44527	0.44527	0.44527	0.44527	0.44527	0.44527	0.44527	0.44527	0.890486	0.44527	0.44527	0.890486	0.890486	0.44527	0.44527	0.44527	0.44527	0.890486	0.44527	0	0.44527	0.44527	0.44527	0.890486	0.44527	0.44527	0.890486	0.44527	0.44527	0.890486	0.44527	0.44527	0.44527	0	0.44527	0.44527	0	0.44527	0.44527	0	0.44527	0.44527	0	0.44527	0.44527	0	0.44527	0.890486	0.44527	0.44527	0.44527	0	0.44527	0.44527	0.44527	0.44527	0.44527	0.44527	0.44527	0.44527	0.44527	0.44527	0	0.44527	0.44527	0.890486	0.890486	0	0	0.44527	0.890486	0.44527	0.890486	0.890486	0.890486	1.78054	1.33559	0.44527	0.890486	1.78054	0.890486	0.44527	0.44527	0.890486	1.33559	0.44527	0.44527	0.890486	0.890486	0.44527	0.44527	0.44527	0.44527	0.890486	0.44527	0.44527	0.890486	1.33559	0.890486	0.890486	0.890486	0.44527	1.33559	0.890486	0.44527	1.33559	0.890486	0.44527	1.33559	0.890486	0	0.44527	0.44527	0	0.44527	0.44527	0	0	0	0.44527	0.44527	0	0	0.44527	0.44527	0	0	0	0
0.890402	0.445228	0.445228	0.890402	0.890402	0.445228	0.445228	0.445228	0.445228	0.890402	0.445228	0.445228	0.445228	0.890402	0.890402	0.445228	0.445228	0.445228	0.890402	0.445228	0.445228	0.445228	0.445228	0.890402	0.890402	0.445228	0.445228	0.890402	0.445228	0.445228	0.445228	0	0.445228	0.445228	0.445228	0.890402	0.445228	0	0.445228	0.445228	0.445228	0.890402	0.445228	0	0	0.445228	0.445228	0	0	0	0	0	0	0.445228	0.445228	0	0	0	0	0	0	0	0	0	0	0	0	0	0	0	0	0	0	0	0	0	0	0	0	0.445228	0.445228	0	0.445228	0.445228	0	0	0	0	0	0.445228	0.445228	0	0	0	0	0	0.445228	0.445228	0	0	0	0	0.445228	0.445228	0	0.445228	0.445228	0	0.445228	0.445228	0	0.445228	0.445228	0	0.445228	0.445228	0.445228	0.445228	0.445228	0.445228	0	0.445228	0.445228	0.445228	0.445228	0	0.445228	0.445228	0.445228	0.445228	0.445228	0.445228	0.445228	0.445228	0.445228	0.890402	0.445228	0.445228	0.890402	0.890402	0.445228	0.445228	0.445228	0.445228	0.890402	0.445228	0	0.445228	0.445228	0.445228	0.890402	0.445228	0.445228	0.890402	0.445228	0.445228	0.890402	0.445228	0.445228	0.445228	0	0.445228	0.445228	0	0.445228	0.445228	0	0.445228	0.445228	0	0.445228	0.445228	0	0.445228	0.890402	0.445228	0.445228	0.445228	0	0.445228	0.445228	0.445228	0.445228	0.445228	0.445228	0.445228	0.445228	0.445228	0.445228	0	0.445228	0.445228	0.890402	0.890402	0	0	0.445228	0.890402	0.445228	0.890402	0.890402	0.890402	1.78038	1.33547	0.445228	0.890402	1.78038	0.890402	0.445228	0.445228	0.890402	1.33547	0.445228	0.445228	0.890402	0.890402	0.445228	0.445228	0.445228	0.445228	0.890402	0.445228	0.445228	0.890402	1.33547	0.890402	0.890402	0.890402	0.445228	1.33547	0.890402	0.445228	1.33547	0.890402	0.445228	1.33547	0.890402	0	0.445228	0.445228	0	0.445228	0.445228	0	0	0	0.445228	0.445228	0	0	0.445228	0.445228	0	0	0	0
0.890319	0.445187	0.445187	0.890319	0.890319	0.445187	0.445187	0.445187	0.445187	0.890319	0.445187	0.445187	0.445187	0.890319	0.890319	0.445187	0.445187	0.445187	0.890319	0.445187	0.445187	0.445187	0.445187	0.890319	0.890319	0.445187	0.445187	0.890319	0.445187	0.445187	0.445187	0	0.445187	0.445187	0.445187	0.890319	0.445187	0	0.445187	0.445187	0.445187	0.890319	0.445187	0	0	0.445187	0.445187	0	0	0	0	0	0	0.445187	0.445187	0	0	0	0	0	0	0	0	0	0	0	0	0	0	0	0	0	0	0	0	0	0	0	0	0.445187	0.445187	0	0.445187	0.445187	0	0	0	0	0	0.445187	0.445187	0	0	0	0	0	0.445187	0.445187	0	0	0	0	0.445187	0.445187	0	0.445187	0.445187	0	0.445187	0.445187	0	0.445187	0.445187	0	0.445187	0.445187	0.445187	0.445187	0.445187	0.445187	0	0.445187	0.445187	0.445187	0.445187	0	0.445187	0.445187	0.445187	0.445187	0.445187	0.445187	0.445187	0.445187	0.445187	0.890319	0.445187	0.445187	0.890319	0.890319	0.445187	0.445187	0.445187	0.445187	0.890319	0.445187	0	0.445187	0.445187	0.445187	0.890319	0.445187	0.445187	0.890319	0.445187	0.445187	0.890319	0.445187	0.445187	0.445187	0	0.445187	0.445187	0	0.445187	0.445187	0	0.445187	0.445187	0	0.445187	0.445187	0	0.445187	0.890319	0.445187	0.445187	0.445187	0	0.445187	0.445187	0.445187	0.445187	0.445187	0.445187	0.445187	0.445187	0.445187	0.445187	0	0.445187	0.445187	0.890319	0.890319	0	0	0.445187	0.890319	0.445187	0.890319	0.890319	0.890319	1.78021	1.33534	0.445187	0.890319	1.78021	0.890319	0.445187	0.445187	0.890319	1.33534	0.445187	0.445187	0.890319	0.890319	0.445187	0.445187	0.445187	0.445187	0.890319	0.445187	0.445187	0.890319	1.33534	0.890319	0.890319	0.890319	0.445187	1.33534	0.890319	0.445187	1.33534	0.890319	0.445187	1.33534	0.890319	0	0.445187	0.445187	0	0.445187	0.445187	0	0	0	0.445187	0.445187	0	0	0.445187	0.445187	0	0	0	0
0.995307	0.629537	0.64892	1.1016	1.25892	0.995344	0.995344	0.995344	0.995344	1.25892	0.995344	1.05572	1.26875	1.60468	1.60468	1.4075	1.4075	1.4075	1.60468	1.4075	1.4075	1.4075	1.4075	1.60468	1.60468	1.4075	1.4075	1.60468	1.4075	1.48453	1.70199	1.67266	1.54978	1.4075	1.4075	1.64278	1.62005	1.4508	1.4075	1.4075	1.4075	1.64278	1.70199	1.67266	1.4508	1.4075	1.4075	1.3353	1.22911	1.00772	0.890292	0.890292	0.890292	0.995344	0.995344	0.890292	0.890292	0.786927	0.567478	0.445173	0.445173	0.445173	0.35194	0.15739	0	0	0.15739	0.35194	0.445173	0.445173	0.445173	0.445173	0.445173	0.567478	0.786927	0.890292	0.890292	0.890292	0.890292	1.05572	1.26875	1.3353	1.4075	1.4075	1.3353	1.3353	1.3353	1.3353	1.3353	1.26875	1.05572	1.00772	1.22911	1.3353	1.4508	1.67266	1.70199	1.48453	1.3353	1.3353	1.4508	1.67266	1.70199	1.48453	1.3353	1.4075	1.4075	1.3353	1.4075	1.4075	1.3353	1.4075	1.4075	1.3353	1.4075	1.4075	1.26875	1.1985	1.1985	1.05572	1.00772	1.1985	1.05572	0.995344	0.995344	0.890292	0.995344	0.995344	0.847531	0.802495	0.95729	0.995344	0.847531	0.64892	0.629537	0.847494	0.351923	0.445145	0.890236	0.78688	0.472161	0.629537	0.629537	0.64892	1.1016	0.995344	0.890292	0.995344	0.995344	0.995344	1.26873	1.26875	1.4075	1.64278	1.70199	1.8349	2.04525	2.13981	2.2688	2.2688	2.22479	2.2688	2.2688	2.22479	2.2688	2.2688	2.22479	2.2688	2.2688	2.11658	2.0513	2.0513	1.8946	1.8349	2.04525	2.13981	2.2688	2.2688	2.11658	2.0513	2.13981	2.2688	2.18554	1.97137	1.8349	1.8349	1.8349	1.92053	2.0513	1.8946	1.8349	1.8349	1.99009	1.99009	1.67266	1.4508	1.34453	1.42493	0.786904	0.995307	0.995307	0.995307	1.8348	1.40743	0.629537	0.995307	1.8348	0.995307	0.629537	0.629537	0.957271	1.45074	0.995344	0.95729	1.14565	0.995307	0.629537	0.629537	0.629537	0.629537	1.05566	0.567445	0.445145	0.890236	1.33522	0.890236	0.78688	0.847494	0.648901	1.45072	0.890236	0.445145	1.33522	0.890236	0.445145	1.33522	0.890236	0.15739	0.802476	0.95729	1.00772	1.34453	1.4075	1.57356	2.13981	2.56051	2.57973	2.35959	2.22479	2.22479	2.13981	1.92053	1.78015	1.78015	1.78015	1.78015
0.995214	0.629478	0.567425	0.957201	1.2588	0.995251	0.995251	0.995251	0.995251	1.2588	0.995251	1.00762	1.22899	1.60453	1.60453	1.40737	1.40737	1.40737	1.60453	1.40737	1.40737	1.40737	1.40737	1.60453	1.60453	1.40737	1.40737	1.60453	1.40737	1.45067	1.67251	1.70183	1.64263	1.40737	1.40737	1.54963	1.6199	1.48439	1.40737	1.40737	1.40737	1.54963	1.67251	1.70183	1.48439	1.40737	1.40737	1.33518	1.26863	1.05562	0.890209	0.890209	0.890209	0.995251	0.995251	0.890209	0.890209	0.847452	0.648859	0.445131	0.445131	0.445131	0.472117	0.35189	0	0	0.35189	0.472117	0.445131	0.445131	0.445131	0.445131	0.445131	0.648859	0.847452	0.890209	0.890209	0.890209	0.890209	1.00762	1.22899	1.33518	1.40737	1.40737	1.33518	1.33518	1.33518	1.33518	1.33518	1.22899	1.00762	1.05562	1.26863	1.33518	1.48439	1.70183	1.67251	1.45067	1.33518	1.33518	1.48439	1.70183	1.67251	1.45067	1.33518	1.40737	1.40737	1.33518	1.40737	1.40737	1.33518	1.40737	1.40737	1.33518	1.40737	1.40737	1.22899	1.19839	1.19839	1.00762	1.05562	1.19839	1.00762	0.995251	0.995251	0.890209	0.995251	0.995251	0.786854	0.80242	1.1015	0.995251	0.786854	0.567425	0.629478	0.64884	0.157376	0.445104	0.890154	0.567392	0.351908	0.629478	0.629478	0.567425	0.957201	0.995251	0.890209	0.995251	0.995251	0.995251	1.14558	1.22899	1.40737	1.54963	1.67251	1.83473	1.97119	2.11638	2.26859	2.26859	2.22458	2.26859	2.26859	2.22458	2.26859	2.26859	2.22458	2.26859	2.26859	2.13961	2.05111	2.05111	1.92035	1.83473	1.97119	2.11638	2.26859	2.26859	2.13961	2.05111	2.11638	2.26859	2.25217	2.04506	1.83473	1.83473	1.83473	1.89443	2.05111	1.92035	1.83473	1.83473	1.9899	1.9899	1.70183	1.48439	1.45064	1.79375	0.957182	0.995214	0.995214	0.995214	1.83463	1.4073	0.629478	0.995214	1.83463	0.995214	0.629478	0.629478	0.78683	1.26859	0.995251	1.1015	1.34435	0.995214	0.629478	0.629478	0.629478	0.629478	1.26856	0.786807	0.445104	0.890154	1.3351	0.890154	0.567392	0.64884	0.847415	1.6724	0.890154	0.445104	1.3351	0.890154	0.445104	1.3351	0.890154	0.35189	1.19834	1.1015	1.05562	1.45064	1.40737	1.69453	2.33831	2.57949	2.56027	2.33833	2.22458	2.22458	2.11638	1.89443	1.77999	1.77999	1.77999	1.77999
0.890057	0.445055	0	0.445055	0.890057	0.445055	0.445055	0.445055	0.445055	0.890057	0.445055	0	0	0.890057	0.890057	0.445055	0.445055	0.445055	0.890057	0.445055	0.445055	0.445055	0.445055	0.890057	0.890057	0.445055	0.445055	0.890057	0.445055	0	0	0.445055	0.890057	0.445055	0.445055	0.445055	0.445055	0.445055	0.445055	0.445055	0.445055	0.445055	0	0.445055	0.445055	0.445055	0.445055	0	0.445055	0.445055	0	0	0	0.445055	0.445055	0	0	0.445055	0.445055	0	0	0	0.445055	0.445055	0	0	0.445055	0.445055	0	0	0	0	0	0.445055	0.445055	0	0	0	0	0	0	0	0.445055	0.445055	0	0	0	0	0	0	0	0.445055	0.445055	0	0.445055	0.445055	0	0	0	0	0.445055	0.445055	0	0	0	0.445055	0.445055	0	0.445055	0.445055	0	0.445055	0.445055	0	0.445055	0.445055	0	0.445055	0.445055	0	0.445055	0.445055	0	0.445055	0.445055	0	0.445055	0.445055	0	0.445055	0.890057	0.445055	0	0	0.445055	0.445055	0	0.445055	0.890057	0.445055	0	0.445055	0.445055	0	0.445055	0.445055	0	0.445055	0.445055	0.445055	0.445055	0	0.445055	0.445055	0	0.445055	0.445055	0	0.445055	0.445055	0	0.445055	0.445055	0	0.445055	0.445055	0	0.445055	0.445055	0.445055	0.445055	0.445055	0.445055	0.445055	0.445055	0	0.445055	0.445055	0.445055	0.445055	0	0.445055	0.890057	0.890057	0.445055	0.445055	0.445055	0	0.445055	0.445055	0.445055	0.445055	0.890057	0.890057	0.445055	0.445055	0.890057	1.77968	0.890057	0.890057	0.890057	0.890057	1.77968	1.33495	0.445055	0.890057	1.77968	0.890057	0.445055	0.445055	0.445055	0.890057	0.445055	0.890057	1.33495	0.890057	0.445055	0.445055	0.445055	0.445055	1.33495	0.890057	0.445055	0.890057	1.33495	0.890057	0.445055	0.445055	0.890057	1.77968	0.890057	0.445055	1.33495	0.890057	0.445055	1.33495	0.890057	0.445055	1.33495	0.890057	0.445055	0.890057	0.445055	0.890057	1.33495	0.445055	0	0	0	0	0	0	0	0	0	0
0.889974	0.445014	0	0.445014	0.889974	0.445014	0.445014	0.445014	0.445014	0.889974	0.445014	0	0	0.889974	0.889974	0.445014	0.445014	0.445014	0.889974	0.445014	0.445014	0.445014	0.445014	0.889974	0.889974	0.445014	0.445014	0.889974	0.445014	0	0	0.445014	0.889974	0.445014	0.445014	0.445014	0.445014	0.445014	0.445014	0.445014	0.445014	0.445014	0	0.445014	0.445014	0.445014	0.445014	0	0.445014	0.445014	0	0	0	0.445014	0.445014	0	0	0.445014	0.445014	0	0	0	0.445014	0.445014	0	0	0.445014	0.445014	0	0	0	0	0	0.445014	0.445014	0	0	0	0	0	0	0	0.445014	0.445014	0	0	0	0	0	0	0	0.445014	0.445014	0	0.445014	0.445014	0	0	0	0	0.445014	0.445014	0	0	0	0.445014	0.445014	0	0.445014	0.445014	0	0.445014	0.445014	0	0.445014	0.445014	0	0.445014	0.445014	0	0.445014	0.445014	0	0.445014	0.445014	0	0.445014	0.445014	0	0.445014	0.889974	0.445014	0	0	0.445014	0.445014	0	0.445014	0.889974	0.445014	0	0.445014	0.445014	0	0.445014	0.445014	0	0.445014	0.445014	0.445014	0.445014	0	0.445014	0.445014	0	0.445014	0.445014	0	0.445014	0.445014	0	0.445014	0.445014	0	0.445014	0.445014	0	0.445014	0.445014	0.445014	0.445014	0.445014	0.445014	0.445014	0.445014	0	0.445014	0.445014	0.445014	0.445014	0	0.445014	0.889974	0.889974	0.445014	0.445014	0.445014	0	0.445014	0.445014	0.445014	0.445014	0.889974	0.889974	0.445014	0.445014	0.889974	1.77952	0.889974	0.889974	0.889974	0.889974	1.77952	1.33483	0.445014	0.889974	1.77952	0.889974	0.445014	0.445014	0.445014	0.889974	0.445014	0.889974	1.33483	0.889974	0.445014	0.445014	0.445014	0.445014	1.33483	0.889974	0.445014	0.889974	1.33483	0.889974	0.445014	0.445014	0.889974	1.77952	0.889974	0.445014	1.33483	0.889974	0.445014	1.33483	0.889974	0.445014	1.33483	0.889974	0.445014	0.889974	0.445014	0.889974	1.33483	0.445014	0	0	0	0	0	0	0	0	0	0
0.889891	0.444972	0	0.444972	0.889891	0.444972	0.444972	0.444972	0.444972	0.889891	0.444972	0	0	0.889891	0.889891	0.444972	0.444972	0.444972	0.889891	0.444972	0.444972	0.444972	0.444972	0.889891	0.889891	0.444972	0.444972	0.889891	0.444972	0	0	0.444972	0.889891	0.444972	0.444972	0.444972	0.444972	0.444972	0.444972	0.444972	0.444972	0.444972	0	0.444972	0.444972	0.444972	0.444972	0	0.444972	0.444972	0	0	0	0.444972	0.444972	0	0	0.444972	0.444972	0	0	0	0.444972	0.444972	0	0	0.444972	0.444972	0	0	0	0	0	0.444972	0.444972	0	0	0	0	0	0	0	0.444972	0.444972	0	0	0	0	0	0	0	0.444972	0.444972	0	0.444972	0.444972	0	0	0	0	0.444972	0.444972	0	0	0	0.444972	0.444972	0	0.444972	0.444972	0	0.444972	0.444972	0	0.444972	0.444972	0	0.444972	0.444972	0	0.444972	0.444972	0	0.444972	0.444972	0	0.444972	0.444972	0	0.444972	0.889891	0.444972	0	0	0.444972	0.444972	0	0.444972	0.889891	0.444972	0	0.444972	0.444972	0	0.444972	0.444972	0	0.444972	0.444972	0.444972	0.444972	0	0.444972	0.444972	0	0.444972	0.444972	0	0.444972	0.444972	0	0.444972	0.444972	0	0.444972	0.444972	0	0.444972	0.444972	0.444972	0.444972	0.444972	0.444972	0.444972	0.444972	0	0.444972	0.444972	0.444972	0.444972	0	0.444972	0.889891	0.889891	0.444972	0.444972	0.444972	0	0.444972	0.444972	0.444972	0.444972	0.889891	0.889891	0.444972	0.444972	0.889891	1.77935	0.889891	0.889891	0.889891	0.889891	1.77935	1.3347	0.444972	0.889891	1.77935	0.889891	0.444972	0.444972	0.444972	0.889891	0.444972	0.889891	1.3347	0.889891	0.444972	0.444972	0.444972	0.444972	1.3347	0.889891	0.444972	0.889891	1.3347	0.889891	0.444972	0.444972	0.889891	1.77935	0.889891	0.444972	1.3347	0.889891	0.444972	1.3347	0.889891	0.444972	1.3347	0.889891	0.444972	0.889891	0.444972	0.889891	1.3347	0.444972	0	0	0	0	0	0	0	0	0	0
0.889808	0.444931	0	0.444931	0.889808	0.444931	0.444931	0.444931	0.444931	0.889808	0.444931	0	0	0.889808	0.889808	0.444931	0.444931	0.444931	0.889808	0.444931	0.444931	0.444931	0.444931	0.889808	0.889808	0.444931	0.444931	0.889808	0.444931	0	0	0.444931	0.889808	0.444931	0.444931	0.444931	0.444931	0.444931	0.444931	0.444931	0.444931	0.444931	0	0.444931	0.444931	0.444931	0.444931	0	0.444931	0.444931	0	0	0	0.444931	0.444931	0	0	0.444931	0.444931	0	0	0	0.444931	0.444931	0	0	0.444931	0.444931	0	0	0	0	0	0.444931	0.444931	0	0	0	0	0	0	0	0.444931	0.444931	0	0	0	0	0	0	0	0.444931	0.444931	0	0.444931	0.444931	0	0	0	0	0.444931	0.444931	0	0	0	0.444931	0.444931	0	0.444931	0.444931	0	0.444931	0.444931	0	0.444931	0.444931	0	0.444931	0.444931	0	0.444931	0.444931	0	0.444931	0.444931	0	0.444931	0.444931	0	0.444931	0.889808	0.444931	0	0	0.444931	0.444931	0	0.444931	0.889808	0.444931	0	0.444931	0.444931	0	0.444931	0.444931	0	0.444931	0.444931	0.444931	0.444931	0	0.444931	0.444931	0	0.444931	0.444931	0	0.444931	0.444931	0	0.444931	0.444931	0	0.444931	0.444931	0	0.444931	0.444931	0.444931	0.444931	0.444931	0.444931	0.444931	0.444931	0	0.444931	0.444931	0.444931	0.444931	0	0.444931	0.889808	0.889808	0.444931	0.444931	0.444931	0	0.444931	0.444931	0.444931	0.444931	0.889808	0.889808	0.444931	0.444931	0.889808	1.77919	0.889808	0.889808	0.889808	0.889808	1.77919	1.33458	0.444931	0.889808	1.77919	0.889808	0.444931	0.444931	0.444931	0.889808	0.444931	0.889808	1.33458	0.889808	0.444931	0.444931	0.444931	0.444931	1.33458	0.889808	0.444931	0.889808	1.33458	0.889808	0.444931	0.444931	0.889808	1.77919	0.889808	0.444931	1.33458	0.889808	0.444931	1.33458	0.889808	0.444931	1.33458	0.889808	0.444931	0.889808	0.444931	0.889808	1.33458	0.444931	0	0	0	0	0	0	0	0	0	0
0.889725	0.444889	0	0.444889	0.889725	0.444889	0.444889	0.444889	0.444889	0.889725	0.444889	0	0	0.889725	0.889725	0.444889	0.444889	0.444889	0.889725	0.444889	0.444889	0.444889	0.444889	0.889725	0.889725	0.444889	0.444889	0.889725	0.444889	0	0	0.444889	0.889725	0.444889	0.444889	0.444889	0.444889	0.444889	0.444889	0.444889	0.444889	0.444889	0	0.444889	0.444889	0.444889	0.444889	0	0.444889	0.444889	0	0	0	0.444889	0.444889	0	0	0.444889	0.444889	0	0	0	0.444889	0.444889	0	0	0.444889	0.444889	0	0	0	0	0	0.444889	0.444889	0	0	0	0	0	0	0	0.444889	0.444889	0	0	0	0	0	0	0	0.444889	0.444889	0	0.444889	0.444889	0	0	0	0	0.444889	0.444889	0	0	0	0.444889	0.444889	0	0.444889	0.444889	0	0.444889	0.444889	0	0.444889	0.444889	0	0.444889	0.444889	0	0.444889	0.444889	0	0.444889	0.444889	0	0.444889	0.444889	0	0.444889	0.889725	0.444889	0	0	0.444889	0.444889	0	0.444889	0.889725	0.444889	0	0.444889	0.444889	0	0.444889	0.444889	0	0.444889	0.444889	0.444889	0.444889	0	0.444889	0.444889	0	0.444889	0.444889	0	0.444889	0.444889	0	0.444889	0.444889	0	0.444889	0.444889	0	0.444889	0.444889	0.444889	0.444889	0.444889	0.444889	0.444889	0.444889	0	0.444889	0.444889	0.444889	0.444889	0	0.444889	0.889725	0.889725	0.444889	0.444889	0.444889	0	0.444889	0.444889	0.444889	0.444889	0.889725	0.889725	0.444889	0.444889	0.889725	1.77902	0.889725	0.889725	0.889725	0.889725	1.77902	1.33445	0.444889	0.889725	1.77902	0.889725	0.444889	0.444889	0.444889	0.889725	0.444889	0.889725	1.33445	0.889725	0.444889	0.444889	0.444889	0.444889	1.33445	0.889725	0.444889	0.889725	1.33445	0.889725	0.444889	0.444889	0.889725	1.77902	0.889725	0.444889	1.33445	0.889725	0.444889	1.33445	0.889725	0.444889	1.33445	0.889725	0.444889	0.889725	0.444889	0.889725	1.33445	0.444889	0	0	0	0	0	0	0	0	0	0
0.889642	0.444848	0	0.444848	0.889642	0.444848	0.444848	0.444848	0.444848	0.889642	0.444848	0	0	0.889642	0.889642	0.444848	0.444848	0.444848	0.889642	0.444848	0.444848	0.444848	0.444848	0.889642	0.889642	0.444848	0.444848	0.889642	0.444848	0	0	0.444848	0.889642	0.444848	0.444848	0.444848	0.444848	0.444848	0.444848	0.444848	0.444848	0.444848	0	0.444848	0.444848	0.444848	0.444848	0	0.444848	0.444848	0	0	0	0.444848	0.444848	0	0	0.444848	0.444848	0	0	0	0.444848	0.444848	0	0	0.444848	0.444848	0	0	0	0	0	0.444848	0.444848	0	0	0	0	0	0	0	0.444848	0.444848	0	0	0	0	0	0	0	0.444848	0.444848	0	0.444848	0.444848	0	0	0	0	0.444848	0.444848	0	0	0	0.444848	0.444848	0	0.444848	0.444848	0	0.444848	0.444848	0	0.444848	0.444848	0	0.444848	0.444848	0	0.444848	0.444848	0	0.444848	0.444848	0	0.444848	0.444848	0	0.444848	0.889642	0.444848	0	0	0.444848	0.444848	0	0.444848	0.889642	0.444848	0	0.444848	0.444848	0	0.444848	0.444848	0	0.444848	0.444848	0.444848	0.444848	0	0.444848	0.444848	0	0.444848	0.444848	0	0.444848	0.444848	0	0.444848	0.444848	0	0.444848	0.444848	0	0.444848	0.444848	0.444848	0.444848	0.444848	0.444848	0.444848	0.444848	0	0.444848	0.444848	0.444848	0.444848	0	0.444848	0.889642	0.889642	0.444848	0.444848	0.444848	0	0.444848	0.444848	0.444848	0.444848	0.889642	0.889642	0.444848	0.444848	0.889642	1.77886	0.889642	0.889642	0.889642	0.889642	1.77886	1.33433	0.444848	0.889642	1.77886	0.889642	0.444848	0.444848	0.444848	0.889642	0.444848	0.889642	1.33433	0.889642	0.444848	0.444848	0.444848	0.444848	1.33433	0.889642	0.444848	0.889642	1.33433	0.889642	0.444848	0.444848	0.889642	1.77886	0.889642	0.444848	1.33433	0.889642	0.444848	1.33433	0.889642	0.444848	1.33433	0.889642	0.444848	0.889642	0.444848	0.889642	1.33433	0.444848	0	0	0	0	0	0	0	0	0	0
0.889559	0.444806	0	0.444806	0.889559	0.444806	0.444806	0.444806	0.444806	0.889559	0.444806	0	0	0.889559	0.889559	0.444806	0.444806	0.444806	0.889559	0.444806	0.444806	0.444806	0.444806	0.889559	0.889559	0.444806	0.444806	0.889559	0.444806	0	0	0.444806	0.889559	0.444806	0.444806	0.444806	0.444806	0.444806	0.444806	0.444806	0.444806	0.444806	0	0.444806	0.444806	0.444806	0.444806	0	0.444806	0.444806	0	0	0	0.444806	0.444806	0	0	0.444806	0.444806	0	0	0	0.444806	0.444806	0	0	0.444806	0.444806	0	0	0	0	0	0.444806	0.444806	0	0	0	0	0	0	0	0.444806	0.444806	0	0	0	0	0	0	0	0.444806	0.444806	0	0.444806	0.444806	0	0	0	0	0.444806	0.444806	0	0	0	0.444806	0.444806	0	0.444806	0.444806	0	0.444806	0.444806	0	0.444806	0.444806	0	0.444806	0.444806	0	0.444806	0.444806	0	0.444806	0.444806	0	0.444806	0.444806	0	0.444806	0.889559	0.444806	0	0	0.444806	0.444806	0	0.444806	0.889559	0.444806	0	0.444806	0.444806	0	0.444806	0.444806	0	0.444806	0.444806	0.444806	0.444806	0	0.444806	0.444806	0	0.444806	0.444806	0	0.444806	0.444806	0	0.444806	0.444806	0	0.444806	0.444806	0	0.444806	0.444806	0.444806	0.444806	0.444806	0.444806	0.444806	0.444806	0	0.444806	0.444806	0.444806	0.444806	0	0.444806	0.889559	0.889559	0.444806	0.444806	0.444806	0	0.444806	0.444806	0.444806	0.444806	0.889559	0.889559	0.444806	0.444806	0.889559	1.77869	0.889559	0.889559	0.889559	0.889559	1.77869	1.3342	0.444806	0.889559	1.77869	0.889559	0.444806	0.444806	0.444806	0.889559	0.444806	0.889559	1.3342	0.889559	0.444806	0.444806	0.444806	0.444806	1.3342	0.889559	0.444806	0.889559	1.3342	0.889559	0.444806	0.444806	0.889559	1.77869	0.889559	0.444806	1.3342	0.889559	0.444806	1.3342	0.889559	0.444806	1.3342	0.889559	0.444806	0.889559	0.444806	0.889559	1.3342	0.444806	0	0	0	0	0	0	0	0	0	0
0.889463	0.444758	0	0.444758	0.889463	0.444758	0.444758	0.444758	0.444758	0.889463	0.444758	0	0	0.889463	0.889463	0.444758	0.444758	0.444758	0.889463	0.444758	0.444758	0.444758	0.444758	0.889463	0.889463	0.444758	0.444758	0.889463	0.444758	0	0	0.444758	0.889463	0.444758	0.444758	0.444758	0.444758	0.444758	0.444758	0.444758	0.444758	0.444758	0	0.444758	0.444758	0.444758	0.444758	0	0.444758	0.444758	0	0	0	0.444758	0.444758	0	0	0.444758	0.444758	0	0	0	0.444758	0.444758	0	0	0.444758	0.444758	0	0	0	0	0	0.444758	0.444758	0	0	0	0	0	0	0	0.444758	0.444758	0	0	0	0	0	0	0	0.444758	0.444758	0	0.444758	0.444758	0	0	0	0	0.444758	0.444758	0	0	0	0.444758	0.444758	0	0.444758	0.444758	0	0.444758	0.444758	0	0.444758	0.444758	0	0.444758	0.444758	0	0.444758	0.444758	0	0.444758	0.444758	0	0.444758	0.444758	0	0.444758	0.889463	0.444758	0	0	0.444758	0.444758	0	0.444758	0.889463	0.444758	0	0.444758	0.444758	0	0.444758	0.444758	0	0.444758	0.444758	0.444758	0.444758	0	0.444758	0.444758	0	0.444758	0.444758	0	0.444758	0.444758	0	0.444758	0.444758	0	0.444758	0.444758	0	0.444758	0.444758	0.444758	0.444758	0.444758	0.444758	0.444758	0.444758	0	0.444758	0.444758	0.444758	0.444758	0	0.444758	0.889463	0.889463	0.444758	0.444758	0.444758	0	0.444758	0.444758	0.444758	0.444758	0.889463	0.889463	0.444758	0.444758	0.889463	1.7785	0.889463	0.889463	0.889463	0.889463	1.7785	1.33406	0.444758	0.889463	1.7785	0.889463	0.444758	0.444758	0.444758	0.889463	0.444758	0.889463	1.33406	0.889463	0.444758	0.444758	0.444758	0.444758	1.33406	0.889463	0.444758	0.889463	1.33406	0.889463	0.444758	0.444758	0.889463	1.7785	0.889463	0.444758	1.33406	0.889463	0.444758	1.33406	0.889463	0.444758	1.33406	0.889463	0.444758	0.889463	0.444758	0.889463	1.33406	0.444758	0	0	0	0	0	0	0	0	0	0
0.88938	0.444717	0	0.444717	0.88938	0.444717	0.444717	0.444717	0.444717	0.88938	0.444717	0	0	0.88938	0.88938	0.444717	0.444717	0.444717	0.88938	0.444717	0.444717	0.444717	0.444717	0.88938	0.88938	0.444717	0.444717	0.88938	0.444717	0	0	0.444717	0.88938	0.444717	0.444717	0.444717	0.444717	0.444717	0.444717	0.444717	0.444717	0.444717	0	0.444717	0.444717	0.444717	0.444717	0	0.444717	0.444717	0	0	0	0.444717	0.444717	0	0	0.444717	0.444717	0	0	0	0.444717	0.444717	0	0	0.444717	0.444717	0	0	0	0	0	0.444717	0.444717	0	0	0	0	0	0	0	0.444717	0.444717	0	0	0	0	0	0	0	0.444717	0.444717	0	0.444717	0.444717	0	0	0	0	0.444717	0.444717	0	0	0	0.444717	0.444717	0	0.444717	0.444717	0	0.444717	0.444717	0	0.444717	0.444717	0	0.444717	0.444717	0	0.444717	0.444717	0	0.444717	0.444717	0	0.444717	0.444717	0	0.444717	0.88938	0.444717	0	0	0.444717	0.444717	0	0.444717	0.88938	0.444717	0	0.444717	0.444717	0	0.444717	0.444717	0	0.444717	0.444717	0.444717	0.444717	0	0.444717	0.444717	0	0.444717	0.444717	0	0.444717	0.444717	0	0.444717	0.444717	0	0.444717	0.444717	0	0.444717	0.444717	0.444717	0.444717	0.444717	0.444717	0.444717	0.444717	0	0.444717	0.444717	0.444717	0.444717	0	0.444717	0.88938	0.88938	0.444717	0.444717	0.444717	0	0.444717	0.444717	0.444717	0.444717	0.88938	0.88938	0.444717	0.444717	0.88938	1.77833	0.88938	0.88938	0.88938	0.88938	1.77833	1.33394	0.444717	0.88938	1.77833	0.88938	0.444717	0.444717	0.444717	0.88938	0.444717	0.88938	1.33394	0.88938	0.444717	0.444717	0.444717	0.444717	1.33394	0.88938	0.444717	0.88938	1.33394	0.88938	0.444717	0.444717	0.88938	1.77833	0.88938	0.444717	1.33394	0.88938	0.444717	1.33394	0.88938	0.444717	1.33394	0.88938	0.444717	0.88938	0.444717	0.88938	1.33394	0.444717	0	0	0	0	0	0	0	0	0	0
2.39346	2.26644	2.11438	1.96932	1.98801	1.83299	1.83299	1.83299	1.91854	2.25004	2.26644	2.11438	1.89263	2.04312	2.25004	2.26644	2.26644	2.26644	2.39346	2.26644	2.26644	2.26644	2.35714	2.67099	2.81037	2.70311	2.70311	2.81037	2.70311	2.66639	2.66639	2.70311	2.81037	2.70311	2.70311	2.61503	2.48449	2.57705	2.70311	2.70311	2.79721	2.92214	2.77953	2.79721	2.92214	2.83222	2.70311	2.66639	2.70311	2.70311	2.66639	2.66639	2.55785	2.39863	2.26644	2.22248	2.11438	1.96932	1.83299	1.7783	1.7783	1.67092	1.61836	1.70022	1.67092	1.4493	1.40603	1.40603	1.22783	1.00667	0.786108	0.566887	0.44471	0.628878	0.628878	0.44471	0.351574	0.157225	0	0.157225	0.351574	0.44471	0.628878	0.628878	0.44471	0.44471	0.44471	0.566887	0.786108	1.00667	1.22783	1.26743	1.05462	1.00667	1.19725	1.05462	1.00667	1.22783	1.4493	1.67092	1.70022	1.48298	1.4493	1.67092	1.7783	1.83299	1.83299	1.7783	1.83299	1.83299	1.7783	1.83299	1.83299	1.7783	1.83299	1.83299	1.7783	1.70022	1.61836	1.67092	1.70022	1.61836	1.67092	1.70022	1.48298	1.33392	1.40603	1.40603	1.33392	1.40603	1.44926	1.05462	1.00667	1.22783	1.26743	1.19725	1.22783	1.26743	1.2674	0.994306	0.889366	0.994306	0.994306	0.889366	0.846647	0.648242	0.44471	0.628878	0.628878	0.471666	0.351552	0	0.351552	0.497167	0.157225	0.351552	0.471666	0.44471	0.628878	0.628878	0.44471	0.628878	0.628878	0.44471	0.628878	0.628878	0.44471	0.628878	0.628878	0.648242	0.801657	0.801657	0.846647	0.994306	0.994306	0.889366	0.994306	0.994306	1.05462	1.19725	1.00667	0.994306	1.2674	1.44926	1.40603	1.40603	1.40603	1.33392	1.40603	1.40603	1.40603	1.40603	1.603	1.603	1.34313	1.14449	1.2674	2.06706	1.603	1.64107	1.83969	1.98801	2.514	2.22242	1.83299	1.98801	2.514	1.98801	1.83299	1.83299	1.75734	1.7361	1.14449	1.2674	1.73607	1.41474	0.994306	0.994306	0.994306	0.994306	1.60295	1.2576	0.994306	1.2576	1.57969	1.44926	1.40603	1.40603	1.64107	2.35706	1.98801	1.75734	2.04307	1.603	1.34313	1.75726	1.2576	0.943269	1.5718	0.889297	0.566847	1.19719	0.95629	0.943269	1.13358	0.444675	0	0	0	0.157225	0.351574	0.44471	0.44471	0.44471	0.566887	0.786108
2.39324	2.26623	2.13739	2.04293	1.98783	1.83282	1.83282	1.83282	1.89246	2.18306	2.26623	2.13739	1.91836	1.96914	2.18306	2.26623	2.26623	2.26623	2.39324	2.26623	2.26623	2.26623	2.33591	2.61479	2.81011	2.70285	2.70285	2.81011	2.70285	2.66614	2.66614	2.70285	2.81011	2.70285	2.70285	2.67074	2.48426	2.55761	2.70285	2.70285	2.77927	2.92187	2.79695	2.77927	2.92187	2.88367	2.70285	2.66614	2.70285	2.70285	2.66614	2.66614	2.57681	2.45931	2.26623	2.22227	2.13739	2.04293	1.83282	1.77814	1.77814	1.70006	1.61821	1.67077	1.70006	1.48285	1.4059	1.4059	1.26731	1.05452	0.846569	0.648182	0.444668	0.628819	0.628819	0.444668	0.471623	0.351519	0	0.351519	0.471623	0.444668	0.628819	0.628819	0.444668	0.444668	0.444668	0.648182	0.846569	1.05452	1.26731	1.22772	1.00658	1.05452	1.19714	1.00658	1.05452	1.26731	1.48285	1.70006	1.67077	1.44916	1.48285	1.70006	1.77814	1.83282	1.83282	1.77814	1.83282	1.83282	1.77814	1.83282	1.83282	1.77814	1.83282	1.83282	1.77814	1.67077	1.61821	1.70006	1.67077	1.61821	1.70006	1.67077	1.44916	1.33379	1.4059	1.4059	1.33379	1.4059	1.343	1.00658	1.05452	1.26731	1.22772	1.19714	1.26731	1.22772	1.14439	0.994213	0.889283	0.994213	0.994213	0.889283	0.786035	0.566834	0.444668	0.628819	0.628819	0.351541	0.157211	0	0.157211	0.497121	0.351519	0.157211	0.351541	0.444668	0.628819	0.628819	0.444668	0.628819	0.628819	0.444668	0.628819	0.628819	0.444668	0.628819	0.628819	0.566834	0.801582	0.801582	0.786035	0.994213	0.994213	0.889283	0.994213	0.994213	1.00658	1.19714	1.05452	0.994213	1.14439	1.343	1.4059	1.4059	1.4059	1.33379	1.4059	1.4059	1.4059	1.4059	1.60285	1.60285	1.44913	1.26728	1.14439	1.89237	1.60285	1.54802	1.75718	1.98783	2.51376	2.22221	1.83282	1.98783	2.51376	1.98783	1.83282	1.83282	1.83952	2.0489	1.26728	1.14439	1.73591	1.57954	0.994213	0.994213	0.994213	0.994213	1.6028	1.25749	0.994213	1.25749	1.41461	1.343	1.4059	1.4059	1.54802	2.20548	1.98783	1.83952	2.20546	1.60285	1.44913	1.94381	1.25749	1.29615	2.01238	0.889214	0.785977	1.6181	1.10034	0.703056	0.703012	0.444634	0	0	0	0.351519	0.471623	0.444668	0.444668	0.444668	0.648182	0.846569
0.889131	0.444592	0.444592	0.889131	0.889131	0.444592	0.444592	0.444592	0	0.444592	0.444592	0.444592	0.444592	0.444592	0.444592	0.444592	0.444592	0.444592	0.889131	0.444592	0.444592	0.444592	0	0.444592	0.889131	0.444592	0.444592	0.889131	0.444592	0	0	0.444592	0.889131	0.444592	0.444592	0.889131	0.444592	0	0.444592	0.444592	0	0.444592	0.444592	0	0.444592	0.889131	0.444592	0	0.444592	0.444592	0	0	0.444592	0.889131	0.444592	0	0.444592	0.889131	0.444592	0	0	0.444592	0.444592	0	0.444592	0.444592	0.444592	0.444592	0.444592	0.444592	0.444592	0.444592	0	0.444592	0.444592	0	0.444592	0.444592	0	0.444592	0.444592	0	0.444592	0.444592	0	0	0	0.444592	0.444592	0.444592	0.444592	0	0	0.444592	0.444592	0	0.444592	0.444592	0.444592	0.444592	0	0	0.444592	0.444592	0	0.444592	0.444592	0	0.444592	0.444592	0	0.444592	0.444592	0	0.444592	0.444592	0	0	0.444592	0.444592	0	0.444592	0.444592	0	0	0	0.444592	0.444592	0	0.444592	0.444592	0	0.444592	0.444592	0	0.444592	0.444592	0	0.444592	0.444592	0	0.444592	0.444592	0	0	0	0	0.444592	0.444592	0	0	0	0	0.444592	0.444592	0	0	0	0.444592	0.444592	0	0.444592	0.444592	0	0.444592	0.444592	0	0.444592	0.444592	0	0.444592	0.444592	0	0.444592	0.444592	0	0.444592	0.444592	0	0.444592	0.444592	0.444592	0.444592	0.444592	0.444592	0.444592	0.444592	0	0.444592	0.444592	0.444592	0.444592	0.889131	0.889131	0.889131	0.889131	0.444592	1.33356	0.889131	0.444592	0.444592	0.889131	1.77783	1.33356	0.444592	0.889131	1.77783	0.889131	0.444592	0.444592	0.889131	1.77783	0.889131	0.444592	1.33356	1.33356	0.444592	0.444592	0.444592	0.444592	1.33356	0.889131	0.444592	0.889131	0.889131	0.444592	0.444592	0.444592	0.444592	1.33356	0.889131	0.889131	1.77783	0.889131	0.889131	1.77783	0.889131	1.33356	2.22189	0.889131	0.889131	1.77783	0.889131	0	0.444592	0.444592	0	0	0	0.444592	0.444592	0	0	0	0.444592	0.444592
0.889049	0.444551	0.444551	0.889049	0.889049	0.444551	0.444551	0.444551	0	0.444551	0.444551	0.444551	0.444551	0.444551	0.444551	0.444551	0.444551	0.444551	0.889049	0.444551	0.444551	0.444551	0	0.444551	0.889049	0.444551	0.444551	0.889049	0.444551	0	0	0.444551	0.889049	0.444551	0.444551	0.889049	0.444551	0	0.444551	0.444551	0	0.444551	0.444551	0	0.444551	0.889049	0.444551	0	0.444551	0.444551	0	0	0.444551	0.889049	0.444551	0	0.444551	0.889049	0.444551	0	0	0.444551	0.444551	0	0.444551	0.444551	0.444551	0.444551	0.444551	0.444551	0.444551	0.444551	0	0.444551	0.444551	0	0.444551	0.444551	0	0.444551	0.444551	0	0.444551	0.444551	0	0	0	0.444551	0.444551	0.444551	0.444551	0	0	0.444551	0.444551	0	0.444551	0.444551	0.444551	0.444551	0	0	0.444551	0.444551	0	0.444551	0.444551	0	0.444551	0.444551	0	0.444551	0.444551	0	0.444551	0.444551	0	0	0.444551	0.444551	0	0.444551	0.444551	0	0	0	0.444551	0.444551	0	0.444551	0.444551	0	0.444551	0.444551	0	0.444551	0.444551	0	0.444551	0.444551	0	0.444551	0.444551	0	0	0	0	0.444551	0.444551	0	0	0	0	0.444551	0.444551	0	0	0	0.444551	0.444551	0	0.444551	0.444551	0	0.444551	0.444551	0	0.444551	0.444551	0	0.444551	0.444551	0	0.444551	0.444551	0	0.444551	0.444551	0	0.444551	0.444551	0.444551	0.444551	0.444551	0.444551	0.444551	0.444551	0	0.444551	0.444551	0.444551	0.444551	0.889049	0.889049	0.889049	0.889049	0.444551	1.33344	0.889049	0.444551	0.444551	0.889049	1.77767	1.33344	0.444551	0.889049	1.77767	0.889049	0.444551	0.444551	0.889049	1.77767	0.889049	0.444551	1.33344	1.33344	0.444551	0.444551	0.444551	0.444551	1.33344	0.889049	0.444551	0.889049	0.889049	0.444551	0.444551	0.444551	0.444551	1.33344	0.889049	0.889049	1.77767	0.889049	0.889049	1.77767	0.889049	1.33344	2.22169	0.889049	0.889049	1.77767	0.889049	0	0.444551	0.444551	0	0	0	0.444551	0.444551	0	0	0	0.444551	0.444551
0.888966	0.44451	0.44451	0.888966	0.888966	0.44451	0.44451	0.44451	0	0.44451	0.44451	0.44451	0.44451	0.44451	0.44451	0.44451	0.44451	0.44451	0.888966	0.44451	0.44451	0.44451	0	0.44451	0.888966	0.44451	0.44451	0.888966	0.44451	0	0	0.44451	0.888966	0.44451	0.44451	0.888966	0.44451	0	0.44451	0.44451	0	0.44451	0.44451	0	0.44451	0.888966	0.44451	0	0.44451	0.44451	0	0	0.44451	0.888966	0.44451	0	0.44451	0.888966	0.44451	0	0	0.44451	0.44451	0	0.44451	0.44451	0.44451	0.44451	0.44451	0.44451	0.44451	0.44451	0	0.44451	0.44451	0	0.44451	0.44451	0	0.44451	0.44451	0	0.44451	0.44451	0	0	0	0.44451	0.44451	0.44451	0.44451	0	0	0.44451	0.44451	0	0.44451	0.44451	0.44451	0.44451	0	0	0.44451	0.44451	0	0.44451	0.44451	0	0.44451	0.44451	0	0.44451	0.44451	0	0.44451	0.44451	0	0	0.44451	0.44451	0	0.44451	0.44451	0	0	0	0.44451	0.44451	0	0.44451	0.44451	0	0.44451	0.44451	0	0.44451	0.44451	0	0.44451	0.44451	0	0.44451	0.44451	0	0	0	0	0.44451	0.44451	0	0	0	0	0.44451	0.44451	0	0	0	0.44451	0.44451	0	0.44451	0.44451	0	0.44451	0.44451	0	0.44451	0.44451	0	0.44451	0.44451	0	0.44451	0.44451	0	0.44451	0.44451	0	0.44451	0.44451	0.44451	0.44451	0.44451	0.44451	0.44451	0.44451	0	0.44451	0.44451	0.44451	0.44451	0.888966	0.888966	0.888966	0.888966	0.44451	1.33332	0.888966	0.44451	0.44451	0.888966	1.7775	1.33332	0.44451	0.888966	1.7775	0.888966	0.44451	0.44451	0.888966	1.7775	0.888966	0.44451	1.33332	1.33332	0.44451	0.44451	0.44451	0.44451	1.33332	0.888966	0.44451	0.888966	0.888966	0.44451	0.44451	0.44451	0.44451	1.33332	0.888966	0.888966	1.7775	0.888966	0.888966	1.7775	0.888966	1.33332	2.22148	0.888966	0.888966	1.7775	0.888966	0	0.44451	0.44451	0	0	0	0.44451	0.44451	0	0	0	0.44451	0.44451
0.888869	0.444461	0.444461	0.888869	0.888869	0.444461	0.444461	0.444461	0	0.444461	0.444461	0.444461	0.444461	0.444461	0.444461	0.444461	0.444461	0.444461	0.888869	0.444461	0.444461	0.444461	0	0.444461	0.888869	0.444461	0.444461	0.888869	0.444461	0	0	0.444461	0.888869	0.444461	0.444461	0.888869	0.444461	0	0.444461	0.444461	0	0.444461	0.444461	0	0.444461	0.888869	0.444461	0	0.444461	0.444461	0	0	0.444461	0.888869	0.444461	0	0.444461	0.888869	0.444461	0	0	0.444461	0.444461	0	0.444461	0.444461	0.444461	0.444461	0.444461	0.444461	0.444461	0.444461	0	0.444461	0.444461	0	0.444461	0.444461	0	0.444461	0.444461	0	0.444461	0.444461	0	0	0	0.444461	0.444461	0.444461	0.444461	0	0	0.444461	0.444461	0	0.444461	0.444461	0.444461	0.444461	0	0	0.444461	0.444461	0	0.444461	0.444461	0	0.444461	0.444461	0	0.444461	0.444461	0	0.444461	0.444461	0	0	0.444461	0.444461	0	0.444461	0.444461	0	0	0	0.444461	0.444461	0	0.444461	0.444461	0	0.444461	0.444461	0	0.444461	0.444461	0	0.444461	0.444461	0	0.444461	0.444461	0	0	0	0	0.444461	0.444461	0	0	0	0	0.444461	0.444461	0	0	0	0.444461	0.444461	0	0.444461	0.444461	0	0.444461	0.444461	0	0.444461	0.444461	0	0.444461	0.444461	0	0.444461	0.444461	0	0.444461	0.444461	0	0.444461	0.444461	0.444461	0.444461	0.444461	0.444461	0.444461	0.444461	0	0.444461	0.444461	0.444461	0.444461	0.888869	0.888869	0.888869	0.888869	0.444461	1.33317	0.888869	0.444461	0.444461	0.888869	1.77731	1.33317	0.444461	0.888869	1.77731	0.888869	0.444461	0.444461	0.888869	1.77731	0.888869	0.444461	1.33317	1.33317	0.444461	0.444461	0.444461	0.444461	1.33317	0.888869	0.444461	0.888869	0.888869	0.444461	0.444461	0.444461	0.444461	1.33317	0.888869	0.888869	1.77731	0.888869	0.888869	1.77731	0.888869	1.33317	2.22124	0.888869	0.888869	1.77731	0.888869	0	0.444461	0.444461	0	0	0	0.444461	0.444461	0	0	0	0.444461	0.444461
0.888787	0.44442	0.44442	0.888787	0.888787	0.44442	0.44442	0.44442	0	0.44442	0.44442	0.44442	0.44442	0.44442	0.44442	0.44442	0.44442	0.44442	0.888787	0.44442	0.44442	0.44442	0	0.44442	0.888787	0.44442	0.44442	0.888787	0.44442	0	0	0.44442	0.888787	0.44442	0.44442	0.888787	0.44442	0	0.44442	0.44442	0	0.44442	0.44442	0	0.44442	0.888787	0.44442	0	0.44442	0.44442	0	0	0.44442	0.888787	0.44442	0	0.44442	0.888787	0.44442	0	0	0.44442	0.44442	0	0.44442	0.44442	0.44442	0.44442	0.44442	0.44442	0.44442	0.44442	0	0.44442	0.44442	0	0.44442	0.44442	0	0.44442	0.44442	0	0.44442	0.44442	0	0	0	0.44442	0.44442	0.44442	0.44442	0	0	0.44442	0.44442	0	0.44442	0.44442	0.44442	0.44442	0	0	0.44442	0.44442	0	0.44442	0.44442	0	0.44442	0.44442	0	0.44442	0.44442	0	0.44442	0.44442	0	0	0.44442	0.44442	0	0.44442	0.44442	0	0	0	0.44442	0.44442	0	0.44442	0.44442	0	0.44442	0.44442	0	0.44442	0.44442	0	0.44442	0.44442	0	0.44442	0.44442	0	0	0	0	0.44442	0.44442	0	0	0	0	0.44442	0.44442	0	0	0	0.44442	0.44442	0	0.44442	0.44442	0	0.44442	0.44442	0	0.44442	0.44442	0	0.44442	0.44442	0	0.44442	0.44442	0	0.44442	0.44442	0	0.44442	0.44442	0.44442	0.44442	0.44442	0.44442	0.44442	0.44442	0	0.44442	0.44442	0.44442	0.44442	0.888787	0.888787	0.888787	0.888787	0.44442	1.33305	0.888787	0.44442	0.44442	0.888787	1.77715	1.33305	0.44442	0.888787	1.77715	0.888787	0.44442	0.44442	0.888787	1.77715	0.888787	0.44442	1.33305	1.33305	0.44442	0.44442	0.44442	0.44442	1.33305	0.888787	0.44442	0.888787	0.888787	0.44442	0.44442	0.44442	0.44442	1.33305	0.888787	0.888787	1.77715	0.888787	0.888787	1.77715	0.888787	1.33305	2.22103	0.888787	0.888787	1.77715	0.888787	0	0.44442	0.44442	0	0	0	0.44442	0.44442	0	0	0	0.44442	0.44442
0.888704	0.444379	0.444379	0.888704	0.888704	0.444379	0.444379	0.444379	0	0.444379	0.444379	0.444379	0.444379	0.444379	0.444379	0.444379	0.444379	0.444379	0.888704	0.444379	0.444379	0.444379	0	0.444379	0.888704	0.444379	0.444379	0.888704	0.444379	0	0	0.444379	0.888704	0.444379	0.444379	0.888704	0.444379	0	0.444379	0.444379	0	0.444379	0.444379	0	0.444379	0.888704	0.444379	0	0.444379	0.444379	0	0	0.444379	0.888704	0.444379	0	0.444379	0.888704	0.444379	0	0	0.444379	0.444379	0	0.444379	0.444379	0.444379	0.444379	0.444379	0.444379	0.444379	0.444379	0	0.444379	0.444379	0	0.444379	0.444379	0	0.444379	0.444379	0	0.444379	0.444379	0	0	0	0.444379	0.444379	0.444379	0.444379	0	0	0.444379	0.444379	0	0.444379	0.444379	0.444379	0.444379	0	0	0.444379	0.444379	0	0.444379	0.444379	0	0.444379	0.444379	0	0.444379	0.444379	0	0.444379	0.444379	0	0	0.444379	0.444379	0	0.444379	0.444379	0	0	0	0.444379	0.444379	0	0.444379	0.444379	0	0.444379	0.444379	0	0.444379	0.444379	0	0.444379	0.444379	0	0.444379	0.444379	0	0	0	0	0.444379	0.444379	0	0	0	0	0.444379	0.444379	0	0	0	0.444379	0.444379	0	0.444379	0.444379	0	0.444379	0.444379	0	0.444379	0.444379	0	0.444379	0.444379	0	0.444379	0.444379	0	0.444379	0.444379	0	0.444379	0.444379	0.444379	0.444379	0.444379	0.444379	0.444379	0.444379	0	0.444379	0.444379	0.444379	0.444379	0.888704	0.888704	0.888704	0.888704	0.444379	1.33292	0.888704	0.444379	0.444379	0.888704	1.77698	1.33292	0.444379	0.888704	1.77698	0.888704	0.444379	0.444379	0.888704	1.77698	0.888704	0.444379	1.33292	1.33292	0.444379	0.444379	0.444379	0.444379	1.33292	0.888704	0.444379	0.888704	0.888704	0.444379	0.444379	0.444379	0.444379	1.33292	0.888704	0.888704	1.77698	0.888704	0.888704	1.77698	0.888704	1.33292	2.22083	0.888704	0.888704	1.77698	0.888704	0	0.444379	0.444379	0	0	0	0.444379	0.444379	0	0	0	0.444379	0.444379
0.888621	0.444337	0.444337	0.888621	0.888621	0.444337	0.444337	0.444337	0	0.444337	0.444337	0.444337	0.444337	0.444337	0.444337	0.444337	0.444337	0.444337	0.888621	0.444337	0.444337	0.444337	0	0.444337	0.888621	0.444337	0.444337	0.888621	0.444337	0	0	0.444337	0.888621	0.444337	0.444337	0.888621	0.444337	0	0.444337	0.444337	0	0.444337	0.444337	0	0.444337	0.888621	0.444337	0	0.444337	0.444337	0	0	0.444337	0.888621	0.444337	0	0.444337	0.888621	0.444337	0	0	0.444337	0.444337	0	0.444337	0.444337	0.444337	0.444337	0.444337	0.444337	0.444337	0.444337	0	0.444337	0.444337	0	0.444337	0.444337	0	0.444337	0.444337	0	0.444337	0.444337	0	0	0	0.444337	0.444337	0.444337	0.444337	0	0	0.444337	0.444337	0	0.444337	0.444337	0.444337	0.444337	0	0	0.444337	0.444337	0	0.444337	0.444337	0	0.444337	0.444337	0	0.444337	0.444337	0	0.444337	0.444337	0	0	0.444337	0.444337	0	0.444337	0.444337	0	0	0	0.444337	0.444337	0	0.444337	0.444337	0	0.444337	0.444337	0	0.444337	0.444337	0	0.444337	0.444337	0	0.444337	0.444337	0	0	0	0	0.444337	0.444337	0	0	0	0	0.444337	0.444337	0	0	0	0.444337	0.444337	0	0.444337	0.444337	0	0.444337	0.444337	0	0.444337	0.444337	0	0.444337	0.444337	0	0.444337	0.444337	0	0.444337	0.444337	0	0.444337	0.444337	0.444337	0.444337	0.444337	0.444337	0.444337	0.444337	0	0.444337	0.444337	0.444337	0.444337	0.888621	0.888621	0.888621	0.888621	0.444337	1.3328	0.888621	0.444337	0.444337	0.888621	1.77682	1.3328	0.444337	0.888621	1.77682	0.888621	0.444337	0.444337	0.888621	1.77682	0.888621	0.444337	1.3328	1.3328	0.444337	0.444337	0.444337	0.444337	1.3328	0.888621	0.444337	0.888621	0.888621	0.444337	0.444337	0.444337	0.444337	1.3328	0.888621	0.888621	1.77682	0.888621	0.888621	1.77682	0.888621	1.3328	2.22062	0.888621	0.888621	1.77682	0.888621	0	0.444337	0.444337	0	0	0	0.444337	0.444337	0	0	0	0.444337	0.444337
0.888539	0.444296	0.444296	0.888539	0.888539	0.444296	0.444296	0.444296	0	0.444296	0.444296	0.444296	0.444296	0.444296	0.444296	0.444296	0.444296	0.444296	0.888539	0.444296	0.444296	0.444296	0	0.444296	0.888539	0.444296	0.444296	0.888539	0.444296	0	0	0.444296	0.888539	0.444296	0.444296	0.888539	0.444296	0	0.444296	0.444296	0	0.444296	0.444296	0	0.444296	0.888539	0.444296	0	0.444296	0.444296	0	0	0.444296	0.888539	0.444296	0	0.444296	0.888539	0.444296	0	0	0.444296	0.444296	0	0.444296	0.444296	0.444296	0.444296	0.444296	0.444296	0.444296	0.444296	0	0.444296	0.444296	0	0.444296	0.444296	0	0.444296	0.444296	0	0.444296	0.444296	0	0	0	0.444296	0.444296	0.444296	0.444296	0	0	0.444296	0.444296	0	0.444296	0.444296	0.444296	0.444296	0	0	0.444296	0.444296	0	0.444296	0.444296	0	0.444296	0.444296	0	0.444296	0.444296	0	0.444296	0.444296	0	0	0.444296	0.444296	0	0.444296	0.444296	0	0	0	0.444296	0.444296	0	0.444296	0.444296	0	0.444296	0.444296	0	0.444296	0.444296	0	0.444296	0.444296	0	0.444296	0.444296	0	0	0	0	0.444296	0.444296	0	0	0	0	0.444296	0.444296	0	0	0	0.444296	0.444296	0	0.444296	0.444296	0	0.444296	0.444296	0	0.444296	0.444296	0	0.444296	0.444296	0	0.444296	0.444296	0	0.444296	0.444296	0	0.444296	0.444296	0.444296	0.444296	0.444296	0.444296	0.444296	0.444296	0	0.444296	0.444296	0.444296	0.444296	0.888539	0.888539	0.888539	0.888539	0.444296	1.33267	0.888539	0.444296	0.444296	0.888539	1.77665	1.33267	0.444296	0.888539	1.77665	0.888539	0.444296	0.444296	0.888539	1.77665	0.888539	0.444296	1.33267	1.33267	0.444296	0.444296	0.444296	0.444296	1.33267	0.888539	0.444296	0.888539	0.888539	0.444296	0.444296	0.444296	0.444296	1.33267	0.888539	0.888539	1.77665	0.888539	0.888539	1.77665	0.888539	1.33267	2.22041	0.888539	0.888539	1.77665	0.888539	0	0.444296	0.444296	0	0	0	0.444296	0.444296	0	0	0	0.444296	0.444296
0.888456	0.444255	0.444255	0.888456	0.888456	0.444255	0.444255	0.444255	0	0.444255	0.444255	0.444255	0.444255	0.444255	0.444255	0.444255	0.444255	0.444255	0.888456	0.444255	0.444255	0.444255	0	0.444255	0.888456	0.444255	0.444255	0.888456	0.444255	0	0	0.444255	0.888456	0.444255	0.444255	0.888456	0.444255	0	0.444255	0.444255	0	0.444255	0.444255	0	0.444255	0.888456	0.444255	0	0.444255	0.444255	0	0	0.444255	0.888456	0.444255	0	0.444255	0.888456	0.444255	0	0	0.444255	0.444255	0	0.444255	0.444255	0.444255	0.444255	0.444255	0.444255	0.444255	0.444255	0	0.444255	0.444255	0	0.444255	0.444255	0	0.444255	0.444255	0	0.444255	0.444255	0	0	0	0.444255	0.444255	0.444255	0.444255	0	0	0.444255	0.444255	0	0.444255	0.444255	0.444255	0.444255	0	0	0.444255	0.444255	0	0.444255	0.444255	0	0.444255	0.444255	0	0.444255	0.444255	0	0.444255	0.444255	0	0	0.444255	0.444255	0	0.444255	0.444255	0	0	0	0.444255	0.444255	0	0.444255	0.444255	0	0.444255	0.444255	0	0.444255	0.444255	0	0.444255	0.444255	0	0.444255	0.444255	0	0	0	0	0.444255	0.444255	0	0	0	0	0.444255	0.444255	0	0	0	0.444255	0.444255	0	0.444255	0.444255	0	0.444255	0.444255	0	0.444255	0.444255	0	0.444255	0.444255	0	0.444255	0.444255	0	0.444255	0.444255	0	0.444255	0.444255	0.444255	0.444255	0.444255	0.444255	0.444255	0.444255	0	0.444255	0.444255	0.444255	0.444255	0.888456	0.888456	0.888456	0.888456	0.444255	1.33255	0.888456	0.444255	0.444255	0.888456	1.77648	1.33255	0.444255	0.888456	1.77648	0.888456	0.444255	0.444255	0.888456	1.77648	0.888456	0.444255	1.33255	1.33255	0.444255	0.444255	0.444255	0.444255	1.33255	0.888456	0.444255	0.888456	0.888456	0.444255	0.444255	0.444255	0.444255	1.33255	0.888456	0.888456	1.77648	0.888456	0.888456	1.77648	0.888456	1.33255	2.22021	0.888456	0.888456	1.77648	0.888456	0	0.444255	0.444255	0	0	0	0.444255	0.444255	0	0	0	0.444255	0.444255
1.14329	1.57026	1.91652	2.31777	2.74542	3.01435	3.13817	3.13817	2.998	2.82924	2.70026	2.79426	3.01435	3.04679	2.82924	2.70026	2.70026	2.79426	3.0948	3.13817	3.13817	3.13817	3.1067	3.13817	3.30961	3.45482	3.577	3.74127	3.89542	3.88282	3.66175	3.577	3.74127	3.89542	4.01626	4.08881	4.01626	3.99178	4.01626	4.01626	3.88282	3.7966	3.89542	3.88282	3.70173	3.74127	3.89542	3.88282	3.70173	3.577	3.44058	3.21933	3.13817	3.30961	3.45482	3.44058	3.26479	3.23074	3.13817	2.998	2.77661	2.70026	2.70026	2.66358	2.70026	2.70026	2.61228	2.3961	2.26405	2.26405	2.26405	2.18097	1.89064	1.83106	1.83106	1.77643	1.83106	1.75549	1.44777	1.40455	1.34171	1.00561	0.993261	0.993261	0.78528	0.56629	0.444241	0.628219	0.647543	0.566257	0.444213	0.157061	0.351204	0.628219	0.628219	0.444241	0.628219	0.628219	0.785257	0.955287	0.888428	0.888428	0.993261	1.14329	1.22654	1.40455	1.40455	1.33251	1.40455	1.40455	1.33251	1.40455	1.40455	1.33251	1.40455	1.40455	1.33251	1.44777	1.61666	1.48142	1.44777	1.61666	1.48142	1.44777	1.66916	1.77643	1.83106	1.83106	1.77643	1.83106	1.83106	1.77643	1.83106	1.83106	1.77643	1.83106	1.83106	1.77643	1.69843	1.61666	1.66916	1.69843	1.48142	1.33251	1.44777	1.66916	1.77643	1.69843	1.48142	1.44777	1.66916	1.77643	1.77643	1.83106	1.83106	1.77643	1.77643	1.77643	1.69843	1.48142	1.44777	1.61666	1.48142	1.33251	1.40455	1.40455	1.33251	1.2661	1.05351	0.888428	0.993261	0.993261	0.888428	0.845757	0.800815	0.78528	0.845757	0.647562	0.56629	0.800815	0.647562	0.471173	0.496649	0.496649	0.351186	0.444213	0.444213	0	0.444213	0.444213	0.444213	0.444213	0.785233	0.845721	0.955267	1.09929	0.993261	1.57804	1.44774	1.40455	1.40455	1.60132	2.22005	1.89057	1.14329	1.25629	1.98585	1.25629	0.955287	0.785257	0.955267	1.83769	1.25629	0.955287	1.48965	1.4477	0.993261	0.993261	0.993261	0.993261	1.57804	1.44774	1.40455	1.60132	1.60132	1.40455	1.34171	1.14329	0.955287	1.48965	1.09929	1.25629	1.98585	1.25629	1.25629	1.98585	1.25629	1.57804	2.43674	1.60132	1.63935	2.35982	2.24767	2.22014	2.26405	2.26405	2.11215	1.89064	1.77643	1.83106	1.75549	1.44777	1.33251	1.33251	1.40455	1.34171
1.00552	1.57012	1.89046	2.23099	2.67255	2.99772	3.13788	3.13788	3.01407	2.88063	2.70001	2.77635	2.99772	3.09451	2.88063	2.70001	2.70001	2.77635	3.0465	3.13788	3.13788	3.13788	3.10641	3.13788	3.26448	3.44027	3.57667	3.70138	3.88246	3.89506	3.67478	3.57667	3.70138	3.88246	4.01589	4.08843	4.01589	3.99141	4.01589	4.01589	3.89506	3.79624	3.88246	3.89506	3.74092	3.70138	3.88246	3.89506	3.74092	3.57667	3.4545	3.23426	3.13788	3.26448	3.44027	3.4545	3.3093	3.23044	3.13788	3.01407	2.794	2.70001	2.70001	2.66333	2.70001	2.70001	2.66793	2.45672	2.26384	2.26384	2.26384	2.24746	1.91634	1.83089	1.83089	1.77626	1.83089	1.83758	1.48128	1.40442	1.4476	1.05341	0.993165	0.993165	0.845676	0.647499	0.4442	0.628156	0.845631	0.785148	0.444165	0.351149	0.471125	0.628156	0.628156	0.4442	0.628156	0.628156	0.955169	1.09918	0.888346	0.888346	0.993165	1.26595	1.26598	1.40442	1.40442	1.33239	1.40442	1.40442	1.33239	1.40442	1.40442	1.33239	1.40442	1.40442	1.33239	1.48128	1.6165	1.44763	1.48128	1.6165	1.44763	1.48128	1.69827	1.77626	1.83089	1.83089	1.77626	1.83089	1.83089	1.77626	1.83089	1.83089	1.77626	1.83089	1.83089	1.77626	1.66901	1.6165	1.69827	1.66901	1.44763	1.33239	1.48128	1.69827	1.77626	1.66901	1.44763	1.48128	1.69827	1.77626	1.77626	1.83089	1.83089	1.77626	1.77626	1.77626	1.66901	1.44763	1.48128	1.6165	1.44763	1.33239	1.40442	1.40442	1.33239	1.22642	1.00552	0.888346	0.993165	0.993165	0.888346	0.785207	0.800737	0.845676	0.785207	0.566237	0.647499	0.800737	0.566237	0.35117	0.496597	0.496597	0.157045	0.444165	0.444165	0	0.444165	0.444165	0.444165	0.444165	0.566196	0.647475	0.785177	0.955193	0.993165	1.41312	1.34158	1.40442	1.40442	1.60116	2.21982	2.06469	1.26595	1.25616	1.98564	1.25616	1.09918	0.955169	0.785177	1.63912	1.25616	1.09918	1.48949	1.26592	0.993165	0.993165	0.993165	0.993165	1.41312	1.34158	1.40442	1.60116	1.60116	1.40442	1.4476	1.26595	1.09918	1.48949	0.955193	1.25616	1.98564	1.25616	1.25616	1.98564	1.25616	1.41312	2.24736	1.60116	1.54639	2.09435	2.18076	2.21993	2.26384	2.26384	2.13514	1.91634	1.77626	1.83089	1.83758	1.48128	1.33239	1.33239	1.40442	1.4476
0.444124	0.444124	0	0	0	0	0.444124	0.444124	0.444124	0.888194	0.444124	0	0	0.888194	0.888194	0.444124	0.444124	0	0.444124	0.444124	0.444124	0.444124	0	0.444124	0.444124	0	0.444124	0.444124	0	0.444124	0.444124	0.444124	0.444124	0	0.444124	0.888194	0.444124	0	0.444124	0.444124	0.444124	0.444124	0	0.444124	0.888194	0.444124	0	0.444124	0.888194	0.444124	0.444124	0.444124	0.444124	0.444124	0	0.444124	0.888194	0.888194	0.444124	0.444124	0.444124	0.444124	0.444124	0	0.444124	0.444124	0.888194	0.888194	0.444124	0.444124	0.444124	0.888194	0.444124	0.444124	0.444124	0	0.444124	0.888194	0.444124	0.444124	0.888194	0.444124	0.444124	0.444124	0.444124	0.444124	0	0.444124	0.888194	0.888194	0.444124	0.444124	0.444124	0.444124	0.444124	0	0.444124	0.444124	0.888194	0.888194	0	0	0.444124	0.888194	0.444124	0.444124	0.444124	0	0.444124	0.444124	0	0.444124	0.444124	0	0.444124	0.444124	0	0.444124	0.444124	0	0.444124	0.444124	0	0.444124	0.444124	0	0.444124	0.444124	0	0.444124	0.444124	0	0.444124	0.444124	0	0.444124	0.444124	0	0	0.444124	0.444124	0	0	0	0.444124	0.444124	0	0	0	0.444124	0.444124	0	0	0.444124	0.444124	0	0	0	0	0	0.444124	0.444124	0	0	0.444124	0.444124	0	0	0	0	0.444124	0.444124	0	0	0.444124	0.444124	0	0	0.444124	0.444124	0	0	0.444124	0.444124	0	0.444124	0.444124	0	0.444124	0.444124	0.444124	0.444124	0.444124	0.444124	0.444124	0.444124	0.444124	0.888194	0.444124	0.444124	0.444124	0.888194	1.77596	1.77596	0.888194	0.888194	1.77596	0.888194	0.888194	0.888194	0.444124	1.33216	0.888194	0.888194	1.33216	0.888194	0.444124	0.444124	0.444124	0.444124	0.888194	0.444124	0.444124	0.888194	0.888194	0.444124	0.888194	0.888194	0.888194	1.33216	0.444124	0.888194	1.77596	0.888194	0.888194	1.77596	0.888194	0.888194	1.77596	0.888194	0.444124	0.888194	0.444124	0	0.444124	0.444124	0.444124	0.444124	0	0.444124	0.888194	0.444124	0	0	0.444124	0.888194
0.444082	0.444082	0	0	0	0	0.444082	0.444082	0.444082	0.888112	0.444082	0	0	0.888112	0.888112	0.444082	0.444082	0	0.444082	0.444082	0.444082	0.444082	0	0.444082	0.444082	0	0.444082	0.444082	0	0.444082	0.444082	0.444082	0.444082	0	0.444082	0.888112	0.444082	0	0.444082	0.444082	0.444082	0.444082	0	0.444082	0.888112	0.444082	0	0.444082	0.888112	0.444082	0.444082	0.444082	0.444082	0.444082	0	0.444082	0.888112	0.888112	0.444082	0.444082	0.444082	0.444082	0.444082	0	0.444082	0.444082	0.888112	0.888112	0.444082	0.444082	0.444082	0.888112	0.444082	0.444082	0.444082	0	0.444082	0.888112	0.444082	0.444082	0.888112	0.444082	0.444082	0.444082	0.444082	0.444082	0	0.444082	0.888112	0.888112	0.444082	0.444082	0.444082	0.444082	0.444082	0	0.444082	0.444082	0.888112	0.888112	0	0	0.444082	0.888112	0.444082	0.444082	0.444082	0	0.444082	0.444082	0	0.444082	0.444082	0	0.444082	0.444082	0	0.444082	0.444082	0	0.444082	0.444082	0	0.444082	0.444082	0	0.444082	0.444082	0	0.444082	0.444082	0	0.444082	0.444082	0	0.444082	0.444082	0	0	0.444082	0.444082	0	0	0	0.444082	0.444082	0	0	0	0.444082	0.444082	0	0	0.444082	0.444082	0	0	0	0	0	0.444082	0.444082	0	0	0.444082	0.444082	0	0	0	0	0.444082	0.444082	0	0	0.444082	0.444082	0	0	0.444082	0.444082	0	0	0.444082	0.444082	0	0.444082	0.444082	0	0.444082	0.444082	0.444082	0.444082	0.444082	0.444082	0.444082	0.444082	0.444082	0.888112	0.444082	0.444082	0.444082	0.888112	1.7758	1.7758	0.888112	0.888112	1.7758	0.888112	0.888112	0.888112	0.444082	1.33203	0.888112	0.888112	1.33203	0.888112	0.444082	0.444082	0.444082	0.444082	0.888112	0.444082	0.444082	0.888112	0.888112	0.444082	0.888112	0.888112	0.888112	1.33203	0.444082	0.888112	1.7758	0.888112	0.888112	1.7758	0.888112	0.888112	1.7758	0.888112	0.444082	0.888112	0.444082	0	0.444082	0.444082	0.444082	0.444082	0	0.444082	0.888112	0.444082	0	0	0.444082	0.888112
0.444041	0.444041	0	0	0	0	0.444041	0.444041	0.444041	0.888029	0.444041	0	0	0.888029	0.888029	0.444041	0.444041	0	0.444041	0.444041	0.444041	0.444041	0	0.444041	0.444041	0	0.444041	0.444041	0	0.444041	0.444041	0.444041	0.444041	0	0.444041	0.888029	0.444041	0	0.444041	0.444041	0.444041	0.444041	0	0.444041	0.888029	0.444041	0	0.444041	0.888029	0.444041	0.444041	0.444041	0.444041	0.444041	0	0.444041	0.888029	0.888029	0.444041	0.444041	0.444041	0.444041	0.444041	0	0.444041	0.444041	0.888029	0.888029	0.444041	0.444041	0.444041	0.888029	0.444041	0.444041	0.444041	0	0.444041	0.888029	0.444041	0.444041	0.888029	0.444041	0.444041	0.444041	0.444041	0.444041	0	0.444041	0.888029	0.888029	0.444041	0.444041	0.444041	0.444041	0.444041	0	0.444041	0.444041	0.888029	0.888029	0	0	0.444041	0.888029	0.444041	0.444041	0.444041	0	0.444041	0.444041	0	0.444041	0.444041	0	0.444041	0.444041	0	0.444041	0.444041	0	0.444041	0.444041	0	0.444041	0.444041	0	0.444041	0.444041	0	0.444041	0.444041	0	0.444041	0.444041	0	0.444041	0.444041	0	0	0.444041	0.444041	0	0	0	0.444041	0.444041	0	0	0	0.444041	0.444041	0	0	0.444041	0.444041	0	0	0	0	0	0.444041	0.444041	0	0	0.444041	0.444041	0	0	0	0	0.444041	0.444041	0	0	0.444041	0.444041	0	0	0.444041	0.444041	0	0	0.444041	0.444041	0	0.444041	0.444041	0	0.444041	0.444041	0.444041	0.444041	0.444041	0.444041	0.444041	0.444041	0.444041	0.888029	0.444041	0.444041	0.444041	0.888029	1.77563	1.77563	0.888029	0.888029	1.77563	0.888029	0.888029	0.888029	0.444041	1.33191	0.888029	0.888029	1.33191	0.888029	0.444041	0.444041	0.444041	0.444041	0.888029	0.444041	0.444041	0.888029	0.888029	0.444041	0.888029	0.888029	0.888029	1.33191	0.444041	0.888029	1.77563	0.888029	0.888029	1.77563	0.888029	0.888029	1.77563	0.888029	0.444041	0.888029	0.444041	0	0.444041	0.444041	0.444041	0.444041	0	0.444041	0.888029	0.444041	0	0	0.444041	0.888029
0.444	0.444	0	0	0	0	0.444	0.444	0.444	0.887946	0.444	0	0	0.887946	0.887946	0.444	0.444	0	0.444	0.444	0.444	0.444	0	0.444	0.444	0	0.444	0.444	0	0.444	0.444	0.444	0.444	0	0.444	0.887946	0.444	0	0.444	0.444	0.444	0.444	0	0.444	0.887946	0.444	0	0.444	0.887946	0.444	0.444	0.444	0.444	0.444	0	0.444	0.887946	0.887946	0.444	0.444	0.444	0.444	0.444	0	0.444	0.444	0.887946	0.887946	0.444	0.444	0.444	0.887946	0.444	0.444	0.444	0	0.444	0.887946	0.444	0.444	0.887946	0.444	0.444	0.444	0.444	0.444	0	0.444	0.887946	0.887946	0.444	0.444	0.444	0.444	0.444	0	0.444	0.444	0.887946	0.887946	0	0	0.444	0.887946	0.444	0.444	0.444	0	0.444	0.444	0	0.444	0.444	0	0.444	0.444	0	0.444	0.444	0	0.444	0.444	0	0.444	0.444	0	0.444	0.444	0	0.444	0.444	0	0.444	0.444	0	0.444	0.444	0	0	0.444	0.444	0	0	0	0.444	0.444	0	0	0	0.444	0.444	0	0	0.444	0.444	0	0	0	0	0	0.444	0.444	0	0	0.444	0.444	0	0	0	0	0.444	0.444	0	0	0.444	0.444	0	0	0.444	0.444	0	0	0.444	0.444	0	0.444	0.444	0	0.444	0.444	0.444	0.444	0.444	0.444	0.444	0.444	0.444	0.887946	0.444	0.444	0.444	0.887946	1.77547	1.77547	0.887946	0.887946	1.77547	0.887946	0.887946	0.887946	0.444	1.33179	0.887946	0.887946	1.33179	0.887946	0.444	0.444	0.444	0.444	0.887946	0.444	0.444	0.887946	0.887946	0.444	0.887946	0.887946	0.887946	1.33179	0.444	0.887946	1.77547	0.887946	0.887946	1.77547	0.887946	0.887946	1.77547	0.887946	0.444	0.887946	0.444	0	0.444	0.444	0.444	0.444	0	0.444	0.887946	0.444	0	0	0.444	0.887946
0.443959	0.443959	0	0	0	0	0.443959	0.443959	0.443959	0.887864	0.443959	0	0	0.887864	0.887864	0.443959	0.443959	0	0.443959	0.443959	0.443959	0.443959	0	0.443959	0.443959	0	0.443959	0.443959	0	0.443959	0.443959	0.443959	0.443959	0	0.443959	0.887864	0.443959	0	0.443959	0.443959	0.443959	0.443959	0	0.443959	0.887864	0.443959	0	0.443959	0.887864	0.443959	0.443959	0.443959	0.443959	0.443959	0	0.443959	0.887864	0.887864	0.443959	0.443959	0.443959	0.443959	0.443959	0	0.443959	0.443959	0.887864	0.887864	0.443959	0.443959	0.443959	0.887864	0.443959	0.443959	0.443959	0	0.443959	0.887864	0.443959	0.443959	0.887864	0.443959	0.443959	0.443959	0.443959	0.443959	0	0.443959	0.887864	0.887864	0.443959	0.443959	0.443959	0.443959	0.443959	0	0.443959	0.443959	0.887864	0.887864	0	0	0.443959	0.887864	0.443959	0.443959	0.443959	0	0.443959	0.443959	0	0.443959	0.443959	0	0.443959	0.443959	0	0.443959	0.443959	0	0.443959	0.443959	0	0.443959	0.443959	0	0.443959	0.443959	0	0.443959	0.443959	0	0.443959	0.443959	0	0.443959	0.443959	0	0	0.443959	0.443959	0	0	0	0.443959	0.443959	0	0	0	0.443959	0.443959	0	0	0.443959	0.443959	0	0	0	0	0	0.443959	0.443959	0	0	0.443959	0.443959	0	0	0	0	0.443959	0.443959	0	0	0.443959	0.443959	0	0	0.443959	0.443959	0	0	0.443959	0.443959	0	0.443959	0.443959	0	0.443959	0.443959	0.443959	0.443959	0.443959	0.443959	0.443959	0.443959	0.443959	0.887864	0.443959	0.443959	0.443959	0.887864	1.7753	1.7753	0.887864	0.887864	1.7753	0.887864	0.887864	0.887864	0.443959	1.33166	0.887864	0.887864	1.33166	0.887864	0.443959	0.443959	0.443959	0.443959	0.887864	0.443959	0.443959	0.887864	0.887864	0.443959	0.887864	0.887864	0.887864	1.33166	0.443959	0.887864	1.7753	0.887864	0.887864	1.7753	0.887864	0.887864	1.7753	0.887864	0.443959	0.887864	0.443959	0	0.443959	0.443959	0.443959	0.443959	0	0.443959	0.887864	0.443959	0	0	0.443959	0.887864
0.44391	0.44391	0	0	0	0	0.44391	0.44391	0.44391	0.887768	0.44391	0	0	0.887768	0.887768	0.44391	0.44391	0	0.44391	0.44391	0.44391	0.44391	0	0.44391	0.44391	0	0.44391	0.44391	0	0.44391	0.44391	0.44391	0.44391	0	0.44391	0.887768	0.44391	0	0.44391	0.44391	0.44391	0.44391	0	0.44391	0.887768	0.44391	0	0.44391	0.887768	0.44391	0.44391	0.44391	0.44391	0.44391	0	0.44391	0.887768	0.887768	0.44391	0.44391	0.44391	0.44391	0.44391	0	0.44391	0.44391	0.887768	0.887768	0.44391	0.44391	0.44391	0.887768	0.44391	0.44391	0.44391	0	0.44391	0.887768	0.44391	0.44391	0.887768	0.44391	0.44391	0.44391	0.44391	0.44391	0	0.44391	0.887768	0.887768	0.44391	0.44391	0.44391	0.44391	0.44391	0	0.44391	0.44391	0.887768	0.887768	0	0	0.44391	0.887768	0.44391	0.44391	0.44391	0	0.44391	0.44391	0	0.44391	0.44391	0	0.44391	0.44391	0	0.44391	0.44391	0	0.44391	0.44391	0	0.44391	0.44391	0	0.44391	0.44391	0	0.44391	0.44391	0	0.44391	0.44391	0	0.44391	0.44391	0	0	0.44391	0.44391	0	0	0	0.44391	0.44391	0	0	0	0.44391	0.44391	0	0	0.44391	0.44391	0	0	0	0	0	0.44391	0.44391	0	0	0.44391	0.44391	0	0	0	0	0.44391	0.44391	0	0	0.44391	0.44391	0	0	0.44391	0.44391	0	0	0.44391	0.44391	0	0.44391	0.44391	0	0.44391	0.44391	0.44391	0.44391	0.44391	0.44391	0.44391	0.44391	0.44391	0.887768	0.44391	0.44391	0.44391	0.887768	1.77511	1.77511	0.887768	0.887768	1.77511	0.887768	0.887768	0.887768	0.44391	1.33152	0.887768	0.887768	1.33152	0.887768	0.44391	0.44391	0.44391	0.44391	0.887768	0.44391	0.44391	0.887768	0.887768	0.44391	0.887768	0.887768	0.887768	1.33152	0.44391	0.887768	1.77511	0.887768	0.887768	1.77511	0.887768	0.887768	1.77511	0.887768	0.44391	0.887768	0.44391	0	0.44391	0.44391	0.44391	0.44391	0	0.44391	0.887768	0.44391	0	0	0.44391	0.887768
0.443869	0.443869	0	0	0	0	0.443869	0.443869	0.443869	0.887685	0.443869	0	0	0.887685	0.887685	0.443869	0.443869	0	0.443869	0.443869	0.443869	0.443869	0	0.443869	0.443869	0	0.443869	0.443869	0	0.443869	0.443869	0.443869	0.443869	0	0.443869	0.887685	0.443869	0	0.443869	0.443869	0.443869	0.443869	0	0.443869	0.887685	0.443869	0	0.443869	0.887685	0.443869	0.443869	0.443869	0.443869	0.443869	0	0.443869	0.887685	0.887685	0.443869	0.443869	0.443869	0.443869	0.443869	0	0.443869	0.443869	0.887685	0.887685	0.443869	0.443869	0.443869	0.887685	0.443869	0.443869	0.443869	0	0.443869	0.887685	0.443869	0.443869	0.887685	0.443869	0.443869	0.443869	0.443869	0.443869	0	0.443869	0.887685	0.887685	0.443869	0.443869	0.443869	0.443869	0.443869	0	0.443869	0.443869	0.887685	0.887685	0	0	0.443869	0.887685	0.443869	0.443869	0.443869	0	0.443869	0.443869	0	0.443869	0.443869	0	0.443869	0.443869	0	0.443869	0.443869	0	0.443869	0.443869	0	0.443869	0.443869	0	0.443869	0.443869	0	0.443869	0.443869	0	0.443869	0.443869	0	0.443869	0.443869	0	0	0.443869	0.443869	0	0	0	0.443869	0.443869	0	0	0	0.443869	0.443869	0	0	0.443869	0.443869	0	0	0	0	0	0.443869	0.443869	0	0	0.443869	0.443869	0	0	0	0	0.443869	0.443869	0	0	0.443869	0.443869	0	0	0.443869	0.443869	0	0	0.443869	0.443869	0	0.443869	0.443869	0	0.443869	0.443869	0.443869	0.443869	0.443869	0.443869	0.443869	0.443869	0.443869	0.887685	0.443869	0.443869	0.443869	0.887685	1.77494	1.77494	0.887685	0.887685	1.77494	0.887685	0.887685	0.887685	0.443869	1.33139	0.887685	0.887685	1.33139	0.887685	0.443869	0.443869	0.443869	0.443869	0.887685	0.443869	0.443869	0.887685	0.887685	0.443869	0.887685	0.887685	0.887685	1.33139	0.443869	0.887685	1.77494	0.887685	0.887685	1.77494	0.887685	0.887685	1.77494	0.887685	0.443869	0.887685	0.443869	0	0.443869	0.443869	0.443869	0.443869	0	0.443869	0.887685	0.443869	0	0	0.443869	0.887685
0.443828	0.443828	0	0	0	0	0.443828	0.443828	0.443828	0.887603	0.443828	0	0	0.887603	0.887603	0.443828	0.443828	0	0.443828	0.443828	0.443828	0.443828	0	0.443828	0.443828	0	0.443828	0.443828	0	0.443828	0.443828	0.443828	0.443828	0	0.443828	0.887603	0.443828	0	0.443828	0.443828	0.443828	0.443828	0	0.443828	0.887603	0.443828	0	0.443828	0.887603	0.443828	0.443828	0.443828	0.443828	0.443828	0	0.443828	0.887603	0.887603	0.443828	0.443828	0.443828	0.443828	0.443828	0	0.443828	0.443828	0.887603	0.887603	0.443828	0.443828	0.443828	0.887603	0.443828	0.443828	0.443828	0	0.443828	0.887603	0.443828	0.443828	0.887603	0.443828	0.443828	0.443828	0.443828	0.443828	0	0.443828	0.887603	0.887603	0.443828	0.443828	0.443828	0.443828	0.443828	0	0.443828	0.443828	0.887603	0.887603	0	0	0.443828	0.887603	0.443828	0.443828	0.443828	0	0.443828	0.443828	0	0.443828	0.443828	0	0.443828	0.443828	0	0.443828	0.443828	0	0.443828	0.443828	0	0.443828	0.443828	0	0.443828	0.443828	0	0.443828	0.443828	0	0.443828	0.443828	0	0.443828	0.443828	0	0	0.443828	0.443828	0	0	0	0.443828	0.443828	0	0	0	0.443828	0.443828	0	0	0.443828	0.443828	0	0	0	0	0	0.443828	0.443828	0	0	0.443828	0.443828	0	0	0	0	0.443828	0.443828	0	0	0.443828	0.443828	0	0	0.443828	0.443828	0	0	0.443828	0.443828	0	0.443828	0.443828	0	0.443828	0.443828	0.443828	0.443828	0.443828	0.443828	0.443828	0.443828	0.443828	0.887603	0.443828	0.443828	0.443828	0.887603	1.77478	1.77478	0.887603	0.887603	1.77478	0.887603	0.887603	0.887603	0.443828	1.33127	0.887603	0.887603	1.33127	0.887603	0.443828	0.443828	0.443828	0.443828	0.887603	0.443828	0.443828	0.887603	0.887603	0.443828	0.887603	0.887603	0.887603	1.33127	0.443828	0.887603	1.77478	0.887603	0.887603	1.77478	0.887603	0.887603	1.77478	0.887603	0.443828	0.887603	0.443828	0	0.443828	0.443828	0.443828	0.443828	0	0.443828	0.887603	0.443828	0	0	0.443828	0.887603
0.443787	0.443787	0	0	0	0	0.443787	0.443787	0.443787	0.88752	0.443787	0	0	0.88752	0.88752	0.443787	0.443787	0	0.443787	0.443787	0.443787	0.443787	0	0.443787	0.443787	0	0.443787	0.443787	0	0.443787	0.443787	0.443787	0.443787	0	0.443787	0.88752	0.443787	0	0.443787	0.443787	0.443787	0.443787	0	0.443787	0.88752	0.443787	0	0.443787	0.88752	0.443787	0.443787	0.443787	0.443787	0.443787	0	0.443787	0.88752	0.88752	0.443787	0.443787	0.443787	0.443787	0.443787	0	0.443787	0.443787	0.88752	0.88752	0.443787	0.443787	0.443787	0.88752	0.443787	0.443787	0.443787	0	0.443787	0.88752	0.443787	0.443787	0.88752	0.443787	0.443787	0.443787	0.443787	0.443787	0	0.443787	0.88752	0.88752	0.443787	0.443787	0.443787	0.443787	0.443787	0	0.443787	0.443787	0.88752	0.88752	0	0	0.443787	0.88752	0.443787	0.443787	0.443787	0	0.443787	0.443787	0	0.443787	0.443787	0	0.443787	0.443787	0	0.443787	0.443787	0	0.443787	0.443787	0	0.443787	0.443787	0	0.443787	0.443787	0	0.443787	0.443787	0	0.443787	0.443787	0	0.443787	0.443787	0	0	0.443787	0.443787	0	0	0	0.443787	0.443787	0	0	0	0.443787	0.443787	0	0	0.443787	0.443787	0	0	0	0	0	0.443787	0.443787	0	0	0.443787	0.443787	0	0	0	0	0.443787	0.443787	0	0	0.443787	0.443787	0	0	0.443787	0.443787	0	0	0.443787	0.443787	0	0.443787	0.443787	0	0.443787	0.443787	0.443787	0.443787	0.443787	0.443787	0.443787	0.443787	0.443787	0.88752	0.443787	0.443787	0.443787	0.88752	1.77461	1.77461	0.88752	0.88752	1.77461	0.88752	0.88752	0.88752	0.443787	1.33115	0.88752	0.88752	1.33115	0.88752	0.443787	0.443787	0.443787	0.443787	0.88752	0.443787	0.443787	0.88752	0.88752	0.443787	0.88752	0.88752	0.88752	1.33115	0.443787	0.88752	1.77461	0.88752	0.88752	1.77461	0.88752	0.88752	1.77461	0.88752	0.443787	0.88752	0.443787	0	0.443787	0.443787	0.443787	0.443787	0	0.443787	0.88752	0.443787	0	0	0.443787	0.88752
0.443745	0.443745	0	0	0	0	0.443745	0.443745	0.443745	0.887438	0.443745	0	0	0.887438	0.887438	0.443745	0.443745	0	0.443745	0.443745	0.443745	0.443745	0	0.443745	0.443745	0	0.443745	0.443745	0	0.443745	0.443745	0.443745	0.443745	0	0.443745	0.887438	0.443745	0	0.443745	0.443745	0.443745	0.443745	0	0.443745	0.887438	0.443745	0	0.443745	0.887438	0.443745	0.443745	0.443745	0.443745	0.443745	0	0.443745	0.887438	0.887438	0.443745	0.443745	0.443745	0.443745	0.443745	0	0.443745	0.443745	0.887438	0.887438	0.443745	0.443745	0.443745	0.887438	0.443745	0.443745	0.443745	0	0.443745	0.887438	0.443745	0.443745	0.887438	0.443745	0.443745	0.443745	0.443745	0.443745	0	0.443745	0.887438	0.887438	0.443745	0.443745	0.443745	0.443745	0.443745	0	0.443745	0.443745	0.887438	0.887438	0	0	0.443745	0.887438	0.443745	0.443745	0.443745	0	0.443745	0.443745	0	0.443745	0.443745	0	0.443745	0.443745	0	0.443745	0.443745	0	0.443745	0.443745	0	0.443745	0.443745	0	0.443745	0.443745	0	0.443745	0.443745	0	0.443745	0.443745	0	0.443745	0.443745	0	0	0.443745	0.443745	0	0	0	0.443745	0.443745	0	0	0	0.443745	0.443745	0	0	0.443745	0.443745	0	0	0	0	0	0.443745	0.443745	0	0	0.443745	0.443745	0	0	0	0	0.443745	0.443745	0	0	0.443745	0.443745	0	0	0.443745	0.443745	0	0	0.443745	0.443745	0	0.443745	0.443745	0	0.443745	0.443745	0.443745	0.443745	0.443745	0.443745	0.443745	0.443745	0.443745	0.887438	0.443745	0.443745	0.443745	0.887438	1.77445	1.77445	0.887438	0.887438	1.77445	0.887438	0.887438	0.887438	0.443745	1.33102	0.887438	0.887438	1.33102	0.887438	0.443745	0.443745	0.443745	0.443745	0.887438	0.443745	0.443745	0.887438	0.887438	0.443745	0.887438	0.887438	0.887438	1.33102	0.443745	0.887438	1.77445	0.887438	0.887438	1.77445	0.887438	0.887438	1.77445	0.887438	0.443745	0.887438	0.443745	0	0.443745	0.443745	0.443745	0.443745	0	0.443745	0.887438	0.443745	0	0	0.443745	0.887438
3.79231	3.67098	3.4367	3.2157	2.99462	2.77347	2.69721	2.69721	2.79111	3.0913	3.13463	2.99462	2.77347	2.87765	3.0913	3.13463	3.13463	3.10319	3.13463	3.13463	3.23091	3.45093	3.4367	3.2611	3.13463	3.10319	3.13463	3.13463	3.10319	3.13463	3.13463	3.23091	3.35372	3.2157	3.13463	3.30588	3.35372	3.2157	3.23091	3.45093	3.57296	3.4792	3.2157	3.23091	3.52118	3.4792	3.2157	3.23091	3.52118	3.57296	3.57296	3.57296	3.67098	3.79231	3.65762	3.57296	3.65426	3.65426	3.57296	3.57296	3.57296	3.57296	3.4792	3.2157	3.04335	2.82604	2.80424	2.80424	2.69721	2.69721	2.69721	2.80424	2.69721	2.60933	2.39339	2.10976	1.96502	1.98368	1.82899	1.82899	1.98368	1.82899	1.82899	1.82899	1.82899	1.7535	1.44613	1.40296	1.57626	1.41166	0.992135	0.992135	0.992135	0.992135	0.954202	0.565649	0.627504	0.627504	0.992089	0.992089	0.350806	0.156882	0.443704	0.887355	0.443704	0.443704	0.443704	0.156882	0.646803	0.627504	0.443739	0.627504	0.784363	0.784392	0.844799	0.646827	0.565649	0.954202	0.992135	0.887424	0.992135	1.14199	1.22515	1.40296	1.40296	1.331	1.40296	1.40296	1.44613	1.7535	1.82899	1.77442	1.82899	1.82899	1.77442	1.82899	1.82899	1.77442	1.8885	2.0447	1.91435	1.77442	1.77442	1.8885	2.0447	1.91435	1.8885	2.10976	2.21763	2.13292	2.0447	2.10976	2.21763	2.26149	2.26149	2.21763	2.21763	2.21763	2.33103	2.55227	2.57143	2.352	2.21763	2.21763	2.13292	1.91435	1.77442	1.8885	2.10976	2.21763	2.13292	1.91435	1.77442	1.8885	2.0447	1.91435	1.77442	1.77442	1.69651	1.61483	1.66728	1.77442	1.69651	1.61483	1.66728	1.69651	1.47975	1.44613	1.61483	1.47975	1.40296	1.40296	1.40296	1.40296	1.26466	1.05231	0.992135	1.25486	0.992135	0.992135	0.992135	1.25486	1.83559	1.7534	0.992089	0.844753	1.66715	0.887355	0.784333	0.844753	0.646803	1.34925	0.844753	0.954178	1.44605	1.25486	0.992135	0.954202	0.784363	0.627504	0.992089	0.627504	0.627504	0.992089	1.05225	0.565609	0.784333	0.844753	0.954178	1.44605	0.992135	1.26463	2.06255	1.5995	1.63749	2.35714	2.24513	2.45417	3.07934	3.0913	3.13463	3.22709	3.13463	2.99462	2.82604	2.69721	2.69721	2.60933	2.33103	2.26149	2.45417	2.57143	2.55227	2.33103	2.26149	2.38824
3.79191	3.65722	3.45055	3.23056	3.01062	2.7908	2.69692	2.69692	2.77317	3.04302	3.13429	3.01062	2.7908	2.82574	3.04302	3.13429	3.13429	3.10286	3.13429	3.13429	3.21535	3.43633	3.45055	3.30552	3.13429	3.10286	3.13429	3.13429	3.10286	3.13429	3.13429	3.21535	3.35336	3.23056	3.13429	3.26075	3.35336	3.23056	3.21535	3.43633	3.57258	3.5208	3.23056	3.21535	3.47882	3.5208	3.23056	3.21535	3.47882	3.57258	3.57258	3.57258	3.65722	3.79191	3.67058	3.57258	3.65386	3.65386	3.57258	3.57258	3.57258	3.57258	3.5208	3.23056	3.09097	2.87734	2.80394	2.80394	2.69692	2.69692	2.69692	2.80394	2.69692	2.66488	2.45391	2.13269	2.03845	1.98347	1.82879	1.82879	1.98347	1.82879	1.82879	1.82879	1.82879	1.83548	1.47959	1.40281	1.72501	1.57608	0.99203	0.99203	0.99203	0.99203	1.09793	0.646759	0.627441	0.627441	0.991994	0.991994	0.470589	0.350751	0.443663	0.887273	0.443663	0.443663	0.443663	0.350751	0.844673	0.627441	0.44369	0.627441	0.954084	0.844709	0.784307	0.565588	0.646759	1.09793	0.99203	0.887328	0.99203	1.2645	1.26453	1.40281	1.40281	1.33086	1.40281	1.40281	1.47959	1.83548	1.82879	1.77423	1.82879	1.82879	1.77423	1.82879	1.82879	1.77423	1.91414	2.04448	1.8883	1.77423	1.77423	1.91414	2.04448	1.8883	1.91414	2.13269	2.21739	2.10953	2.04448	2.13269	2.21739	2.26125	2.26125	2.21739	2.21739	2.21739	2.35175	2.57115	2.55199	2.33077	2.21739	2.21739	2.10953	1.8883	1.77423	1.91414	2.13269	2.21739	2.10953	1.8883	1.77423	1.91414	2.04448	1.8883	1.77423	1.77423	1.66709	1.61465	1.69632	1.77423	1.66709	1.61465	1.69632	1.66709	1.44598	1.47959	1.61465	1.44598	1.40281	1.40281	1.40281	1.40281	1.22502	1.00436	0.99203	1.25473	0.99203	0.99203	0.99203	1.25473	1.63726	1.54455	0.991994	0.64674	1.44589	0.887273	0.565556	0.64674	0.844673	1.34913	0.64674	0.784284	1.26448	1.25473	0.99203	1.09793	0.954084	0.627441	0.991994	0.627441	0.627441	0.991994	1.26446	0.78426	0.565556	0.64674	0.784284	1.26448	0.99203	1.14187	1.88823	1.59933	1.54462	2.09196	2.17827	2.39314	2.88159	3.04302	3.13429	3.22675	3.13429	3.01062	2.87734	2.69692	2.69692	2.66488	2.35175	2.26125	2.39314	2.55199	2.57115	2.35175	2.26125	2.38799
0.443615	0	0.443615	0.443615	0.443615	0.443615	0.443615	0.443615	0	0.443615	0.443615	0.443615	0.443615	0.443615	0.443615	0.443615	0.443615	0	0.443615	0.443615	0	0	0.443615	0.887177	0.443615	0	0.443615	0.443615	0	0.443615	0.443615	0	0.443615	0.443615	0.443615	0.443615	0.443615	0.443615	0	0	0.443615	0.887177	0.443615	0	0.443615	0.887177	0.443615	0	0.443615	0.443615	0.443615	0.443615	0	0.443615	0.443615	0.443615	0.887177	0.887177	0.443615	0.443615	0.443615	0.443615	0.887177	0.443615	0.887177	0.887177	0.887177	0.887177	0.443615	0.443615	0.443615	0.887177	0.443615	0.887177	0.887177	0.443615	0.887177	0.887177	0.443615	0.443615	0.887177	0.443615	0.443615	0.443615	0.443615	0.887177	0.443615	0.443615	1.33063	1.33063	0.443615	0.443615	0.443615	0.443615	0.887177	0.443615	0.443615	0.443615	0.887177	0.887177	0.443615	0.443615	0.443615	0.887177	0.443615	0.443615	0.443615	0.443615	0.887177	0.443615	0	0.443615	0.887177	0.443615	0	0	0.443615	0.887177	0.443615	0	0.443615	0.887177	0.443615	0.443615	0.443615	0	0.443615	0.443615	0.443615	0.887177	0.443615	0	0.443615	0.443615	0	0.443615	0.443615	0	0.443615	0.443615	0	0	0	0.443615	0.443615	0	0.443615	0.443615	0	0	0.443615	0.443615	0	0.443615	0.443615	0	0	0	0.443615	0.443615	0	0	0	0	0	0	0	0.443615	0.443615	0	0	0	0	0.443615	0.443615	0	0	0	0	0.443615	0.443615	0	0	0.443615	0.443615	0	0	0.443615	0.443615	0	0.443615	0.443615	0.443615	0.443615	0	0	0.443615	0.887177	0.443615	0.443615	0.443615	0.887177	1.33063	1.33063	0.887177	0.443615	1.33063	0.887177	0.443615	0.443615	0.887177	1.33063	0.443615	0.443615	0.887177	0.887177	0.443615	0.887177	0.887177	0.443615	0.887177	0.443615	0.443615	0.887177	1.33063	0.887177	0.443615	0.443615	0.443615	0.887177	0.443615	0.443615	1.33063	0.887177	0.443615	0.887177	0.443615	0.443615	0.887177	0.443615	0.443615	0.887177	0.443615	0.443615	0.887177	0.443615	0.443615	0.887177	0.443615	0.443615	0.443615	0	0.443615	0.443615	0.443615	0.887177
0.443574	0	0.443574	0.443574	0.443574	0.443574	0.443574	0.443574	0	0.443574	0.443574	0.443574	0.443574	0.443574	0.443574	0.443574	0.443574	0	0.443574	0.443574	0	0	0.443574	0.887094	0.443574	0	0.443574	0.443574	0	0.443574	0.443574	0	0.443574	0.443574	0.443574	0.443574	0.443574	0.443574	0	0	0.443574	0.887094	0.443574	0	0.443574	0.887094	0.443574	0	0.443574	0.443574	0.443574	0.443574	0	0.443574	0.443574	0.443574	0.887094	0.887094	0.443574	0.443574	0.443574	0.443574	0.887094	0.443574	0.887094	0.887094	0.887094	0.887094	0.443574	0.443574	0.443574	0.887094	0.443574	0.887094	0.887094	0.443574	0.887094	0.887094	0.443574	0.443574	0.887094	0.443574	0.443574	0.443574	0.443574	0.887094	0.443574	0.443574	1.33051	1.33051	0.443574	0.443574	0.443574	0.443574	0.887094	0.443574	0.443574	0.443574	0.887094	0.887094	0.443574	0.443574	0.443574	0.887094	0.443574	0.443574	0.443574	0.443574	0.887094	0.443574	0	0.443574	0.887094	0.443574	0	0	0.443574	0.887094	0.443574	0	0.443574	0.887094	0.443574	0.443574	0.443574	0	0.443574	0.443574	0.443574	0.887094	0.443574	0	0.443574	0.443574	0	0.443574	0.443574	0	0.443574	0.443574	0	0	0	0.443574	0.443574	0	0.443574	0.443574	0	0	0.443574	0.443574	0	0.443574	0.443574	0	0	0	0.443574	0.443574	0	0	0	0	0	0	0	0.443574	0.443574	0	0	0	0	0.443574	0.443574	0	0	0	0	0.443574	0.443574	0	0	0.443574	0.443574	0	0	0.443574	0.443574	0	0.443574	0.443574	0.443574	0.443574	0	0	0.443574	0.887094	0.443574	0.443574	0.443574	0.887094	1.33051	1.33051	0.887094	0.443574	1.33051	0.887094	0.443574	0.443574	0.887094	1.33051	0.443574	0.443574	0.887094	0.887094	0.443574	0.887094	0.887094	0.443574	0.887094	0.443574	0.443574	0.887094	1.33051	0.887094	0.443574	0.443574	0.443574	0.887094	0.443574	0.443574	1.33051	0.887094	0.443574	0.887094	0.443574	0.443574	0.887094	0.443574	0.443574	0.887094	0.443574	0.443574	0.887094	0.443574	0.443574	0.887094	0.443574	0.443574	0.443574	0	0.443574	0.443574	0.443574	0.887094
0.443532	0	0.443532	0.443532	0.443532	0.443532	0.443532	0.443532	0	0.443532	0.443532	0.443532	0.443532	0.443532	0.443532	0.443532	0.443532	0	0.443532	0.443532	0	0	0.443532	0.887012	0.443532	0	0.443532	0.443532	0	0.443532	0.443532	0	0.443532	0.443532	0.443532	0.443532	0.443532	0.443532	0	0	0.443532	0.887012	0.443532	0	0.443532	0.887012	0.443532	0	0.443532	0.443532	0.443532	0.443532	0	0.443532	0.443532	0.443532	0.887012	0.887012	0.443532	0.443532	0.443532	0.443532	0.887012	0.443532	0.887012	0.887012	0.887012	0.887012	0.443532	0.443532	0.443532	0.887012	0.443532	0.887012	0.887012	0.443532	0.887012	0.887012	0.443532	0.443532	0.887012	0.443532	0.443532	0.443532	0.443532	0.887012	0.443532	0.443532	1.33038	1.33038	0.443532	0.443532	0.443532	0.443532	0.887012	0.443532	0.443532	0.443532	0.887012	0.887012	0.443532	0.443532	0.443532	0.887012	0.443532	0.443532	0.443532	0.443532	0.887012	0.443532	0	0.443532	0.887012	0.443532	0	0	0.443532	0.887012	0.443532	0	0.443532	0.887012	0.443532	0.443532	0.443532	0	0.443532	0.443532	0.443532	0.887012	0.443532	0	0.443532	0.443532	0	0.443532	0.443532	0	0.443532	0.443532	0	0	0	0.443532	0.443532	0	0.443532	0.443532	0	0	0.443532	0.443532	0	0.443532	0.443532	0	0	0	0.443532	0.443532	0	0	0	0	0	0	0	0.443532	0.443532	0	0	0	0	0.443532	0.443532	0	0	0	0	0.443532	0.443532	0	0	0.443532	0.443532	0	0	0.443532	0.443532	0	0.443532	0.443532	0.443532	0.443532	0	0	0.443532	0.887012	0.443532	0.443532	0.443532	0.887012	1.33038	1.33038	0.887012	0.443532	1.33038	0.887012	0.443532	0.443532	0.887012	1.33038	0.443532	0.443532	0.887012	0.887012	0.443532	0.887012	0.887012	0.443532	0.887012	0.443532	0.443532	0.887012	1.33038	0.887012	0.443532	0.443532	0.443532	0.887012	0.443532	0.443532	1.33038	0.887012	0.443532	0.887012	0.443532	0.443532	0.887012	0.443532	0.443532	0.887012	0.443532	0.443532	0.887012	0.443532	0.443532	0.887012	0.443532	0.443532	0.443532	0	0.443532	0.443532	0.443532	0.887012
0.443491	0	0.443491	0.443491	0.443491	0.443491	0.443491	0.443491	0	0.443491	0.443491	0.443491	0.443491	0.443491	0.443491	0.443491	0.443491	0	0.443491	0.443491	0	0	0.443491	0.886929	0.443491	0	0.443491	0.443491	0	0.443491	0.443491	0	0.443491	0.443491	0.443491	0.443491	0.443491	0.443491	0	0	0.443491	0.886929	0.443491	0	0.443491	0.886929	0.443491	0	0.443491	0.443491	0.443491	0.443491	0	0.443491	0.443491	0.443491	0.886929	0.886929	0.443491	0.443491	0.443491	0.443491	0.886929	0.443491	0.886929	0.886929	0.886929	0.886929	0.443491	0.443491	0.443491	0.886929	0.443491	0.886929	0.886929	0.443491	0.886929	0.886929	0.443491	0.443491	0.886929	0.443491	0.443491	0.443491	0.443491	0.886929	0.443491	0.443491	1.33026	1.33026	0.443491	0.443491	0.443491	0.443491	0.886929	0.443491	0.443491	0.443491	0.886929	0.886929	0.443491	0.443491	0.443491	0.886929	0.443491	0.443491	0.443491	0.443491	0.886929	0.443491	0	0.443491	0.886929	0.443491	0	0	0.443491	0.886929	0.443491	0	0.443491	0.886929	0.443491	0.443491	0.443491	0	0.443491	0.443491	0.443491	0.886929	0.443491	0	0.443491	0.443491	0	0.443491	0.443491	0	0.443491	0.443491	0	0	0	0.443491	0.443491	0	0.443491	0.443491	0	0	0.443491	0.443491	0	0.443491	0.443491	0	0	0	0.443491	0.443491	0	0	0	0	0	0	0	0.443491	0.443491	0	0	0	0	0.443491	0.443491	0	0	0	0	0.443491	0.443491	0	0	0.443491	0.443491	0	0	0.443491	0.443491	0	0.443491	0.443491	0.443491	0.443491	0	0	0.443491	0.886929	0.443491	0.443491	0.443491	0.886929	1.33026	1.33026	0.886929	0.443491	1.33026	0.886929	0.443491	0.443491	0.886929	1.33026	0.443491	0.443491	0.886929	0.886929	0.443491	0.886929	0.886929	0.443491	0.886929	0.443491	0.443491	0.886929	1.33026	0.886929	0.443491	0.443491	0.443491	0.886929	0.443491	0.443491	1.33026	0.886929	0.443491	0.886929	0.443491	0.443491	0.886929	0.443491	0.443491	0.886929	0.443491	0.443491	0.886929	0.443491	0.443491	0.886929	0.443491	0.443491	0.443491	0	0.443491	0.443491	0.443491	0.886929
0.44345	0	0.44345	0.44345	0.44345	0.44345	0.44345	0.44345	0	0.44345	0.44345	0.44345	0.44345	0.44345	0.44345	0.44345	0.44345	0	0.44345	0.44345	0	0	0.44345	0.886847	0.44345	0	0.44345	0.44345	0	0.44345	0.44345	0	0.44345	0.44345	0.44345	0.44345	0.44345	0.44345	0	0	0.44345	0.886847	0.44345	0	0.44345	0.886847	0.44345	0	0.44345	0.44345	0.44345	0.44345	0	0.44345	0.44345	0.44345	0.886847	0.886847	0.44345	0.44345	0.44345	0.44345	0.886847	0.44345	0.886847	0.886847	0.886847	0.886847	0.44345	0.44345	0.44345	0.886847	0.44345	0.886847	0.886847	0.44345	0.886847	0.886847	0.44345	0.44345	0.886847	0.44345	0.44345	0.44345	0.44345	0.886847	0.44345	0.44345	1.33014	1.33014	0.44345	0.44345	0.44345	0.44345	0.886847	0.44345	0.44345	0.44345	0.886847	0.886847	0.44345	0.44345	0.44345	0.886847	0.44345	0.44345	0.44345	0.44345	0.886847	0.44345	0	0.44345	0.886847	0.44345	0	0	0.44345	0.886847	0.44345	0	0.44345	0.886847	0.44345	0.44345	0.44345	0	0.44345	0.44345	0.44345	0.886847	0.44345	0	0.44345	0.44345	0	0.44345	0.44345	0	0.44345	0.44345	0	0	0	0.44345	0.44345	0	0.44345	0.44345	0	0	0.44345	0.44345	0	0.44345	0.44345	0	0	0	0.44345	0.44345	0	0	0	0	0	0	0	0.44345	0.44345	0	0	0	0	0.44345	0.44345	0	0	0	0	0.44345	0.44345	0	0	0.44345	0.44345	0	0	0.44345	0.44345	0	0.44345	0.44345	0.44345	0.44345	0	0	0.44345	0.886847	0.44345	0.44345	0.44345	0.886847	1.33014	1.33014	0.886847	0.44345	1.33014	0.886847	0.44345	0.44345	0.886847	1.33014	0.44345	0.44345	0.886847	0.886847	0.44345	0.886847	0.886847	0.44345	0.886847	0.44345	0.44345	0.886847	1.33014	0.886847	0.44345	0.44345	0.44345	0.886847	0.44345	0.44345	1.33014	0.886847	0.44345	0.886847	0.44345	0.44345	0.886847	0.44345	0.44345	0.886847	0.44345	0.44345	0.886847	0.44345	0.44345	0.886847	0.44345	0.44345	0.44345	0	0.44345	0.44345	0.44345	0.886847
0.443409	0	0.443409	0.443409	0.443409	0.443409	0.443409	0.443409	0	0.443409	0.443409	0.443409	0.443409	0.443409	0.443409	0.443409	0.443409	0	0.443409	0.443409	0	0	0.443409	0.886765	0.443409	0	0.443409	0.443409	0	0.443409	0.443409	0	0.443409	0.443409	0.443409	0.443409	0.443409	0.443409	0	0	0.443409	0.886765	0.443409	0	0.443409	0.886765	0.443409	0	0.443409	0.443409	0.443409	0.443409	0	0.443409	0.443409	0.443409	0.886765	0.886765	0.443409	0.443409	0.443409	0.443409	0.886765	0.443409	0.886765	0.886765	0.886765	0.886765	0.443409	0.443409	0.443409	0.886765	0.443409	0.886765	0.886765	0.443409	0.886765	0.886765	0.443409	0.443409	0.886765	0.443409	0.443409	0.443409	0.443409	0.886765	0.443409	0.443409	1.33001	1.33001	0.443409	0.443409	0.443409	0.443409	0.886765	0.443409	0.443409	0.443409	0.886765	0.886765	0.443409	0.443409	0.443409	0.886765	0.443409	0.443409	0.443409	0.443409	0.886765	0.443409	0	0.443409	0.886765	0.443409	0	0	0.443409	0.886765	0.443409	0	0.443409	0.886765	0.443409	0.443409	0.443409	0	0.443409	0.443409	0.443409	0.886765	0.443409	0	0.443409	0.443409	0	0.443409	0.443409	0	0.443409	0.443409	0	0	0	0.443409	0.443409	0	0.443409	0.443409	0	0	0.443409	0.443409	0	0.443409	0.443409	0	0	0	0.443409	0.443409	0	0	0	0	0	0	0	0.443409	0.443409	0	0	0	0	0.443409	0.443409	0	0	0	0	0.443409	0.443409	0	0	0.443409	0.443409	0	0	0.443409	0.443409	0	0.443409	0.443409	0.443409	0.443409	0	0	0.443409	0.886765	0.443409	0.443409	0.443409	0.886765	1.33001	1.33001	0.886765	0.443409	1.33001	0.886765	0.443409	0.443409	0.886765	1.33001	0.443409	0.443409	0.886765	0.886765	0.443409	0.886765	0.886765	0.443409	0.886765	0.443409	0.443409	0.886765	1.33001	0.886765	0.443409	0.443409	0.443409	0.886765	0.443409	0.443409	1.33001	0.886765	0.443409	0.886765	0.443409	0.443409	0.886765	0.443409	0.443409	0.886765	0.443409	0.443409	0.886765	0.443409	0.443409	0.886765	0.443409	0.443409	0.443409	0	0.443409	0.443409	0.443409	0.886765
0.443361	0	0.443361	0.443361	0.443361	0.443361	0.443361	0.443361	0	0.443361	0.443361	0.443361	0.443361	0.443361	0.443361	0.443361	0.443361	0	0.443361	0.443361	0	0	0.443361	0.886669	0.443361	0	0.443361	0.443361	0	0.443361	0.443361	0	0.443361	0.443361	0.443361	0.443361	0.443361	0.443361	0	0	0.443361	0.886669	0.443361	0	0.443361	0.886669	0.443361	0	0.443361	0.443361	0.443361	0.443361	0	0.443361	0.443361	0.443361	0.886669	0.886669	0.443361	0.443361	0.443361	0.443361	0.886669	0.443361	0.886669	0.886669	0.886669	0.886669	0.443361	0.443361	0.443361	0.886669	0.443361	0.886669	0.886669	0.443361	0.886669	0.886669	0.443361	0.443361	0.886669	0.443361	0.443361	0.443361	0.443361	0.886669	0.443361	0.443361	1.32987	1.32987	0.443361	0.443361	0.443361	0.443361	0.886669	0.443361	0.443361	0.443361	0.886669	0.886669	0.443361	0.443361	0.443361	0.886669	0.443361	0.443361	0.443361	0.443361	0.886669	0.443361	0	0.443361	0.886669	0.443361	0	0	0.443361	0.886669	0.443361	0	0.443361	0.886669	0.443361	0.443361	0.443361	0	0.443361	0.443361	0.443361	0.886669	0.443361	0	0.443361	0.443361	0	0.443361	0.443361	0	0.443361	0.443361	0	0	0	0.443361	0.443361	0	0.443361	0.443361	0	0	0.443361	0.443361	0	0.443361	0.443361	0	0	0	0.443361	0.443361	0	0	0	0	0	0	0	0.443361	0.443361	0	0	0	0	0.443361	0.443361	0	0	0	0	0.443361	0.443361	0	0	0.443361	0.443361	0	0	0.443361	0.443361	0	0.443361	0.443361	0.443361	0.443361	0	0	0.443361	0.886669	0.443361	0.443361	0.443361	0.886669	1.32987	1.32987	0.886669	0.443361	1.32987	0.886669	0.443361	0.443361	0.886669	1.32987	0.443361	0.443361	0.886669	0.886669	0.443361	0.886669	0.886669	0.443361	0.886669	0.443361	0.443361	0.886669	1.32987	0.886669	0.443361	0.443361	0.443361	0.886669	0.443361	0.443361	1.32987	0.886669	0.443361	0.886669	0.443361	0.443361	0.886669	0.443361	0.443361	0.886669	0.443361	0.443361	0.886669	0.443361	0.443361	0.886669	0.443361	0.443361	0.443361	0	0.443361	0.443361	0.443361	0.886669
0.44332	0	0.44332	0.44332	0.44332	0.44332	0.44332	0.44332	0	0.44332	0.44332	0.44332	0.44332	0.44332	0.44332	0.44332	0.44332	0	0.44332	0.44332	0	0	0.44332	0.886586	0.44332	0	0.44332	0.44332	0	0.44332	0.44332	0	0.44332	0.44332	0.44332	0.44332	0.44332	0.44332	0	0	0.44332	0.886586	0.44332	0	0.44332	0.886586	0.44332	0	0.44332	0.44332	0.44332	0.44332	0	0.44332	0.44332	0.44332	0.886586	0.886586	0.44332	0.44332	0.44332	0.44332	0.886586	0.44332	0.886586	0.886586	0.886586	0.886586	0.44332	0.44332	0.44332	0.886586	0.44332	0.886586	0.886586	0.44332	0.886586	0.886586	0.44332	0.44332	0.886586	0.44332	0.44332	0.44332	0.44332	0.886586	0.44332	0.44332	1.32975	1.32975	0.44332	0.44332	0.44332	0.44332	0.886586	0.44332	0.44332	0.44332	0.886586	0.886586	0.44332	0.44332	0.44332	0.886586	0.44332	0.44332	0.44332	0.44332	0.886586	0.44332	0	0.44332	0.886586	0.44332	0	0	0.44332	0.886586	0.44332	0	0.44332	0.886586	0.44332	0.44332	0.44332	0	0.44332	0.44332	0.44332	0.886586	0.44332	0	0.44332	0.44332	0	0.44332	0.44332	0	0.44332	0.44332	0	0	0	0.44332	0.44332	0	0.44332	0.44332	0	0	0.44332	0.44332	0	0.44332	0.44332	0	0	0	0.44332	0.44332	0	0	0	0	0	0	0	0.44332	0.44332	0	0	0	0	0.44332	0.44332	0	0	0	0	0.44332	0.44332	0	0	0.44332	0.44332	0	0	0.44332	0.44332	0	0.44332	0.44332	0.44332	0.44332	0	0	0.44332	0.886586	0.44332	0.44332	0.44332	0.886586	1.32975	1.32975	0.886586	0.44332	1.32975	0.886586	0.44332	0.44332	0.886586	1.32975	0.44332	0.44332	0.886586	0.886586	0.44332	0.886586	0.886586	0.44332	0.886586	0.44332	0.44332	0.886586	1.32975	0.886586	0.44332	0.44332	0.44332	0.886586	0.44332	0.44332	1.32975	0.886586	0.44332	0.886586	0.44332	0.44332	0.886586	0.44332	0.44332	0.886586	0.44332	0.44332	0.886586	0.44332	0.44332	0.886586	0.44332	0.44332	0.44332	0	0.44332	0.44332	0.44332	0.886586
0.443279	0	0.443279	0.443279	0.443279	0.443279	0.443279	0.443279	0	0.443279	0.443279	0.443279	0.443279	0.443279	0.443279	0.443279	0.443279	0	0.443279	0.443279	0	0	0.443279	0.886504	0.443279	0	0.443279	0.443279	0	0.443279	0.443279	0	0.443279	0.443279	0.443279	0.443279	0.443279	0.443279	0	0	0.443279	0.886504	0.443279	0	0.443279	0.886504	0.443279	0	0.443279	0.443279	0.443279	0.443279	0	0.443279	0.443279	0.443279	0.886504	0.886504	0.443279	0.443279	0.443279	0.443279	0.886504	0.443279	0.886504	0.886504	0.886504	0.886504	0.443279	0.443279	0.443279	0.886504	0.443279	0.886504	0.886504	0.443279	0.886504	0.886504	0.443279	0.443279	0.886504	0.443279	0.443279	0.443279	0.443279	0.886504	0.443279	0.443279	1.32962	1.32962	0.443279	0.443279	0.443279	0.443279	0.886504	0.443279	0.443279	0.443279	0.886504	0.886504	0.443279	0.443279	0.443279	0.886504	0.443279	0.443279	0.443279	0.443279	0.886504	0.443279	0	0.443279	0.886504	0.443279	0	0	0.443279	0.886504	0.443279	0	0.443279	0.886504	0.443279	0.443279	0.443279	0	0.443279	0.443279	0.443279	0.886504	0.443279	0	0.443279	0.443279	0	0.443279	0.443279	0	0.443279	0.443279	0	0	0	0.443279	0.443279	0	0.443279	0.443279	0	0	0.443279	0.443279	0	0.443279	0.443279	0	0	0	0.443279	0.443279	0	0	0	0	0	0	0	0.443279	0.443279	0	0	0	0	0.443279	0.443279	0	0	0	0	0.443279	0.443279	0	0	0.443279	0.443279	0	0	0.443279	0.443279	0	0.443279	0.443279	0.443279	0.443279	0	0	0.443279	0.886504	0.443279	0.443279	0.443279	0.886504	1.32962	1.32962	0.886504	0.443279	1.32962	0.886504	0.443279	0.443279	0.886504	1.32962	0.443279	0.443279	0.886504	0.886504	0.443279	0.886504	0.886504	0.443279	0.886504	0.443279	0.443279	0.886504	1.32962	0.886504	0.443279	0.443279	0.443279	0.886504	0.443279	0.443279	1.32962	0.886504	0.443279	0.886504	0.443279	0.443279	0.886504	0.443279	0.443279	0.886504	0.443279	0.443279	0.886504	0.443279	0.443279	0.886504	0.443279	0.443279	0.443279	0	0.443279	0.443279	0.443279	0.886504
1.05121	0.88649	1.05121	1.26333	1.40149	1.40149	1.47819	1.69472	1.77256	1.82706	1.82706	1.91234	2.13068	2.25912	2.25912	2.34953	2.56873	2.54959	2.47646	2.56873	2.54959	2.32858	2.34953	2.66236	2.60659	2.32858	2.34953	2.47646	2.32858	2.34953	2.56873	2.54959	2.47646	2.56873	2.69438	2.60659	2.47646	2.56873	2.54959	2.32858	2.34953	2.66236	2.69438	2.54959	2.47646	2.66236	2.69438	2.65778	2.69438	2.69438	2.69438	2.69438	2.54959	2.39088	2.25912	2.34953	2.66236	2.8013	2.69438	2.69438	2.69438	2.69438	2.8013	2.69438	2.8013	2.8013	2.8013	2.8013	2.60659	2.39088	2.25912	2.38573	2.25912	2.38573	2.38573	2.25912	2.38573	2.38573	2.25912	2.17621	2.13065	1.82706	1.82706	1.82706	1.82706	1.98159	1.82706	1.82706	2.24274	2.39595	1.96296	1.82706	1.82706	1.82706	1.93778	1.54316	1.40149	1.40149	1.5746	1.41017	0.991091	0.991091	0.991091	1.25354	0.991091	0.991091	0.991091	0.991091	1.25354	0.953198	0.565054	0.626844	0.991045	0.626844	0.350437	0.156717	0.443237	0.886422	0.565014	0.350437	0.626844	0.991045	0.626844	0.626844	0.626844	0.565054	0.799064	0.646146	0.626844	0.991045	0.783537	0.783567	0.991091	0.991091	1.00342	1.33878	1.40149	1.3296	1.40149	1.54316	1.66552	1.77256	1.77256	1.82706	1.82706	1.77256	1.82706	1.82706	1.77256	1.88652	2.04255	1.91234	1.88652	2.04255	1.91234	1.77256	1.88652	2.10755	2.13068	1.91234	1.77256	1.77256	1.88652	2.10755	2.2153	2.2153	2.2153	2.25912	2.25912	2.2153	2.2153	2.32858	2.54959	2.56873	2.47646	2.54959	2.65778	2.65778	2.77056	2.91271	2.78817	2.65778	2.77056	2.91271	2.78817	2.65778	2.65778	2.56873	2.47646	2.54959	2.56873	2.34953	2.25912	2.25912	2.2153	2.2153	2.25912	2.38573	2.25912	2.25912	2.25912	2.1017	1.90587	1.72337	1.2633	0.991091	1.44453	0.953174	0.626844	0.626844	0.843865	1.10798	0.470141	0.626844	0.991045	0.991045	0.626844	0.953174	1.09689	0.991091	1.25354	0.991091	0.991091	1.25354	1.57458	1.44458	1.40149	1.40149	1.33878	1.41017	0.991091	0.991091	1.57458	1.44458	1.40149	1.59782	1.40149	1.40149	1.59782	1.40149	1.40149	1.59782	1.40149	1.40149	1.59782	1.40149	1.47819	1.83375	1.82706	1.82706	1.82706	1.77256	1.82706	1.82706	1.82706	2.03652
1.00332	0.886408	1.00332	1.22375	1.40136	1.40136	1.44448	1.66537	1.77239	1.8269	1.8269	1.88634	2.10735	2.25891	2.25891	2.32836	2.54935	2.56849	2.47623	2.54935	2.56849	2.34931	2.32836	2.60635	2.66211	2.34931	2.32836	2.47623	2.34931	2.32836	2.54935	2.56849	2.47623	2.54935	2.69413	2.66211	2.47623	2.54935	2.56849	2.34931	2.32836	2.60635	2.69413	2.56849	2.47623	2.60635	2.69413	2.65753	2.69413	2.69413	2.69413	2.69413	2.56849	2.45136	2.25891	2.32836	2.60635	2.80104	2.69413	2.69413	2.69413	2.69413	2.80104	2.69413	2.80104	2.80104	2.80104	2.80104	2.66211	2.45136	2.25891	2.38551	2.25891	2.38551	2.38551	2.25891	2.38551	2.38551	2.25891	2.24256	2.24253	1.8269	1.8269	1.8269	1.8269	1.98141	1.8269	1.8269	2.13045	2.39573	2.03633	1.8269	1.8269	1.8269	2.06024	1.63561	1.40136	1.40136	1.72321	1.57443	0.990999	0.990999	0.990999	1.25342	0.990999	0.990999	0.990999	0.990999	1.25342	1.09679	0.646086	0.626786	0.990953	0.626786	0.470098	0.350383	0.443196	0.886339	0.783436	0.470098	0.626786	0.990953	0.626786	0.626786	0.626786	0.646086	0.79899	0.565002	0.626786	0.990953	0.953086	0.843831	0.990999	0.990999	1.05111	1.44445	1.40136	1.32948	1.40136	1.63561	1.69457	1.77239	1.77239	1.8269	1.8269	1.77239	1.8269	1.8269	1.77239	1.91216	2.04236	1.88634	1.91216	2.04236	1.88634	1.77239	1.91216	2.13048	2.10735	1.88634	1.77239	1.77239	1.91216	2.13048	2.21509	2.21509	2.21509	2.25891	2.25891	2.21509	2.21509	2.34931	2.56849	2.54935	2.47623	2.56849	2.65753	2.65753	2.78792	2.91244	2.7703	2.65753	2.78792	2.91244	2.7703	2.65753	2.65753	2.54935	2.47623	2.56849	2.54935	2.32836	2.25891	2.25891	2.21509	2.21509	2.25891	2.38551	2.25891	2.25891	2.25891	2.00603	1.6873	1.57446	1.14069	0.990999	1.26316	0.783465	0.626786	0.626786	0.646063	0.664778	0.350404	0.626786	0.990953	0.990953	0.626786	0.783465	0.953109	0.990999	1.25342	0.990999	0.990999	1.25342	1.41004	1.33866	1.40136	1.40136	1.44445	1.57443	0.990999	0.990999	1.41004	1.33866	1.40136	1.59767	1.40136	1.40136	1.59767	1.40136	1.40136	1.59767	1.40136	1.40136	1.59767	1.40136	1.44448	1.7515	1.8269	1.8269	1.8269	1.77239	1.8269	1.8269	1.8269	1.96278
0	0	0	0	0.443155	0.443155	0	0	0	0.443155	0.443155	0	0	0.443155	0.443155	0	0	0.443155	0.443155	0	0.443155	0.443155	0	0.443155	0.886257	0.443155	0	0.443155	0.443155	0	0	0.443155	0.443155	0	0.443155	0.886257	0.443155	0	0.443155	0.443155	0	0.443155	0.443155	0.443155	0.443155	0.443155	0.443155	0	0.443155	0.443155	0.443155	0.443155	0.443155	0.886257	0.443155	0	0.443155	0.886257	0.443155	0.443155	0.443155	0.443155	0.886257	0.443155	0.886257	0.886257	0.886257	0.886257	0.886257	0.886257	0.443155	0.886257	0.443155	0.886257	0.886257	0.443155	0.886257	0.886257	0.443155	0.886257	1.32925	0.443155	0.443155	0.443155	0.443155	0.886257	0.443155	0.443155	0.886257	1.32925	0.886257	0.443155	0.443155	0.443155	1.32925	0.886257	0.443155	0.443155	1.32925	1.32925	0.443155	0.443155	0.443155	0.886257	0.443155	0.443155	0.443155	0.443155	0.886257	0.886257	0.443155	0.443155	0.886257	0.443155	0.443155	0.443155	0.443155	0.886257	0.886257	0.443155	0.443155	0.886257	0.443155	0.443155	0.443155	0.443155	0.443155	0	0.443155	0.886257	0.886257	0.443155	0.443155	0.443155	0.443155	0.886257	0.443155	0	0.443155	0.886257	0.443155	0	0	0.443155	0.443155	0	0.443155	0.443155	0	0.443155	0.443155	0	0.443155	0.443155	0	0	0.443155	0.443155	0	0	0	0	0.443155	0.443155	0	0	0	0.443155	0.443155	0	0	0.443155	0.443155	0	0.443155	0.443155	0	0	0.443155	0.443155	0	0	0.443155	0.443155	0	0	0	0	0.443155	0.443155	0	0	0.443155	0.443155	0	0	0.443155	0.886257	0.443155	0.443155	0.443155	0	0.443155	0.886257	0.443155	0.443155	0.886257	0.443155	0.443155	0.443155	0.443155	0.443155	0	0.443155	0.886257	0.886257	0.443155	0.443155	0.443155	0.443155	0.886257	0.443155	0.443155	0.886257	0.886257	0.443155	0.443155	0.443155	0.886257	1.32925	0.443155	0.443155	0.886257	0.443155	0.443155	0.886257	0.443155	0.443155	0.886257	0.443155	0.443155	0.886257	0.443155	0.443155	0.886257	0.443155	0	0.443155	0.443155	0.443155	0.443155	0	0.443155	0.443155	0.443155	0.443155
0	0	0	0	0.443107	0.443107	0	0	0	0.443107	0.443107	0	0	0.443107	0.443107	0	0	0.443107	0.443107	0	0.443107	0.443107	0	0.443107	0.886161	0.443107	0	0.443107	0.443107	0	0	0.443107	0.443107	0	0.443107	0.886161	0.443107	0	0.443107	0.443107	0	0.443107	0.443107	0.443107	0.443107	0.443107	0.443107	0	0.443107	0.443107	0.443107	0.443107	0.443107	0.886161	0.443107	0	0.443107	0.886161	0.443107	0.443107	0.443107	0.443107	0.886161	0.443107	0.886161	0.886161	0.886161	0.886161	0.886161	0.886161	0.443107	0.886161	0.443107	0.886161	0.886161	0.443107	0.886161	0.886161	0.443107	0.886161	1.32911	0.443107	0.443107	0.443107	0.443107	0.886161	0.443107	0.443107	0.886161	1.32911	0.886161	0.443107	0.443107	0.443107	1.32911	0.886161	0.443107	0.443107	1.32911	1.32911	0.443107	0.443107	0.443107	0.886161	0.443107	0.443107	0.443107	0.443107	0.886161	0.886161	0.443107	0.443107	0.886161	0.443107	0.443107	0.443107	0.443107	0.886161	0.886161	0.443107	0.443107	0.886161	0.443107	0.443107	0.443107	0.443107	0.443107	0	0.443107	0.886161	0.886161	0.443107	0.443107	0.443107	0.443107	0.886161	0.443107	0	0.443107	0.886161	0.443107	0	0	0.443107	0.443107	0	0.443107	0.443107	0	0.443107	0.443107	0	0.443107	0.443107	0	0	0.443107	0.443107	0	0	0	0	0.443107	0.443107	0	0	0	0.443107	0.443107	0	0	0.443107	0.443107	0	0.443107	0.443107	0	0	0.443107	0.443107	0	0	0.443107	0.443107	0	0	0	0	0.443107	0.443107	0	0	0.443107	0.443107	0	0	0.443107	0.886161	0.443107	0.443107	0.443107	0	0.443107	0.886161	0.443107	0.443107	0.886161	0.443107	0.443107	0.443107	0.443107	0.443107	0	0.443107	0.886161	0.886161	0.443107	0.443107	0.443107	0.443107	0.886161	0.443107	0.443107	0.886161	0.886161	0.443107	0.443107	0.443107	0.886161	1.32911	0.443107	0.443107	0.886161	0.443107	0.443107	0.886161	0.443107	0.443107	0.886161	0.443107	0.443107	0.886161	0.443107	0.443107	0.886161	0.443107	0	0.443107	0.443107	0.443107	0.443107	0	0.443107	0.443107	0.443107	0.443107
0	0	0	0	0.443066	0.443066	0	0	0	0.443066	0.443066	0	0	0.443066	0.443066	0	0	0.443066	0.443066	0	0.443066	0.443066	0	0.443066	0.886079	0.443066	0	0.443066	0.443066	0	0	0.443066	0.443066	0	0.443066	0.886079	0.443066	0	0.443066	0.443066	0	0.443066	0.443066	0.443066	0.443066	0.443066	0.443066	0	0.443066	0.443066	0.443066	0.443066	0.443066	0.886079	0.443066	0	0.443066	0.886079	0.443066	0.443066	0.443066	0.443066	0.886079	0.443066	0.886079	0.886079	0.886079	0.886079	0.886079	0.886079	0.443066	0.886079	0.443066	0.886079	0.886079	0.443066	0.886079	0.886079	0.443066	0.886079	1.32899	0.443066	0.443066	0.443066	0.443066	0.886079	0.443066	0.443066	0.886079	1.32899	0.886079	0.443066	0.443066	0.443066	1.32899	0.886079	0.443066	0.443066	1.32899	1.32899	0.443066	0.443066	0.443066	0.886079	0.443066	0.443066	0.443066	0.443066	0.886079	0.886079	0.443066	0.443066	0.886079	0.443066	0.443066	0.443066	0.443066	0.886079	0.886079	0.443066	0.443066	0.886079	0.443066	0.443066	0.443066	0.443066	0.443066	0	0.443066	0.886079	0.886079	0.443066	0.443066	0.443066	0.443066	0.886079	0.443066	0	0.443066	0.886079	0.443066	0	0	0.443066	0.443066	0	0.443066	0.443066	0	0.443066	0.443066	0	0.443066	0.443066	0	0	0.443066	0.443066	0	0	0	0	0.443066	0.443066	0	0	0	0.443066	0.443066	0	0	0.443066	0.443066	0	0.443066	0.443066	0	0	0.443066	0.443066	0	0	0.443066	0.443066	0	0	0	0	0.443066	0.443066	0	0	0.443066	0.443066	0	0	0.443066	0.886079	0.443066	0.443066	0.443066	0	0.443066	0.886079	0.443066	0.443066	0.886079	0.443066	0.443066	0.443066	0.443066	0.443066	0	0.443066	0.886079	0.886079	0.443066	0.443066	0.443066	0.443066	0.886079	0.443066	0.443066	0.886079	0.886079	0.443066	0.443066	0.443066	0.886079	1.32899	0.443066	0.443066	0.886079	0.443066	0.443066	0.886079	0.443066	0.443066	0.886079	0.443066	0.443066	0.886079	0.443066	0.443066	0.886079	0.443066	0	0.443066	0.443066	0.443066	0.443066	0	0.443066	0.443066	0.443066	0.443066
0	0	0	0	0.443025	0.443025	0	0	0	0.443025	0.443025	0	0	0.443025	0.443025	0	0	0.443025	0.443025	0	0.443025	0.443025	0	0.443025	0.885997	0.443025	0	0.443025	0.443025	0	0	0.443025	0.443025	0	0.443025	0.885997	0.443025	0	0.443025	0.443025	0	0.443025	0.443025	0.443025	0.443025	0.443025	0.443025	0	0.443025	0.443025	0.443025	0.443025	0.443025	0.885997	0.443025	0	0.443025	0.885997	0.443025	0.443025	0.443025	0.443025	0.885997	0.443025	0.885997	0.885997	0.885997	0.885997	0.885997	0.885997	0.443025	0.885997	0.443025	0.885997	0.885997	0.443025	0.885997	0.885997	0.443025	0.885997	1.32886	0.443025	0.443025	0.443025	0.443025	0.885997	0.443025	0.443025	0.885997	1.32886	0.885997	0.443025	0.443025	0.443025	1.32886	0.885997	0.443025	0.443025	1.32886	1.32886	0.443025	0.443025	0.443025	0.885997	0.443025	0.443025	0.443025	0.443025	0.885997	0.885997	0.443025	0.443025	0.885997	0.443025	0.443025	0.443025	0.443025	0.885997	0.885997	0.443025	0.443025	0.885997	0.443025	0.443025	0.443025	0.443025	0.443025	0	0.443025	0.885997	0.885997	0.443025	0.443025	0.443025	0.443025	0.885997	0.443025	0	0.443025	0.885997	0.443025	0	0	0.443025	0.443025	0	0.443025	0.443025	0	0.443025	0.443025	0	0.443025	0.443025	0	0	0.443025	0.443025	0	0	0	0	0.443025	0.443025	0	0	0	0.443025	0.443025	0	0	0.443025	0.443025	0	0.443025	0.443025	0	0	0.443025	0.443025	0	0	0.443025	0.443025	0	0	0	0	0.443025	0.443025	0	0	0.443025	0.443025	0	0	0.443025	0.885997	0.443025	0.443025	0.443025	0	0.443025	0.885997	0.443025	0.443025	0.885997	0.443025	0.443025	0.443025	0.443025	0.443025	0	0.443025	0.885997	0.885997	0.443025	0.443025	0.443025	0.443025	0.885997	0.443025	0.443025	0.885997	0.885997	0.443025	0.443025	0.443025	0.885997	1.32886	0.443025	0.443025	0.885997	0.443025	0.443025	0.885997	0.443025	0.443025	0.885997	0.443025	0.443025	0.885997	0.443025	0.443025	0.885997	0.443025	0	0.443025	0.443025	0.443025	0.443025	0	0.443025	0.443025	0.443025	0.443025
0	0	0	0	0.442984	0.442984	0	0	0	0.442984	0.442984	0	0	0.442984	0.442984	0	0	0.442984	0.442984	0	0.442984	0.442984	0	0.442984	0.885915	0.442984	0	0.442984	0.442984	0	0	0.442984	0.442984	0	0.442984	0.885915	0.442984	0	0.442984	0.442984	0	0.442984	0.442984	0.442984	0.442984	0.442984	0.442984	0	0.442984	0.442984	0.442984	0.442984	0.442984	0.885915	0.442984	0	0.442984	0.885915	0.442984	0.442984	0.442984	0.442984	0.885915	0.442984	0.885915	0.885915	0.885915	0.885915	0.885915	0.885915	0.442984	0.885915	0.442984	0.885915	0.885915	0.442984	0.885915	0.885915	0.442984	0.885915	1.32874	0.442984	0.442984	0.442984	0.442984	0.885915	0.442984	0.442984	0.885915	1.32874	0.885915	0.442984	0.442984	0.442984	1.32874	0.885915	0.442984	0.442984	1.32874	1.32874	0.442984	0.442984	0.442984	0.885915	0.442984	0.442984	0.442984	0.442984	0.885915	0.885915	0.442984	0.442984	0.885915	0.442984	0.442984	0.442984	0.442984	0.885915	0.885915	0.442984	0.442984	0.885915	0.442984	0.442984	0.442984	0.442984	0.442984	0	0.442984	0.885915	0.885915	0.442984	0.442984	0.442984	0.442984	0.885915	0.442984	0	0.442984	0.885915	0.442984	0	0	0.442984	0.442984	0	0.442984	0.442984	0	0.442984	0.442984	0	0.442984	0.442984	0	0	0.442984	0.442984	0	0	0	0	0.442984	0.442984	0	0	0	0.442984	0.442984	0	0	0.442984	0.442984	0	0.442984	0.442984	0	0	0.442984	0.442984	0	0	0.442984	0.442984	0	0	0	0	0.442984	0.442984	0	0	0.442984	0.442984	0	0	0.442984	0.885915	0.442984	0.442984	0.442984	0	0.442984	0.885915	0.442984	0.442984	0.885915	0.442984	0.442984	0.442984	0.442984	0.442984	0	0.442984	0.885915	0.885915	0.442984	0.442984	0.442984	0.442984	0.885915	0.442984	0.442984	0.885915	0.885915	0.442984	0.442984	0.442984	0.885915	1.32874	0.442984	0.442984	0.885915	0.442984	0.442984	0.885915	0.442984	0.442984	0.885915	0.442984	0.442984	0.885915	0.442984	0.442984	0.885915	0.442984	0	0.442984	0.442984	0.442984	0.442984	0	0.442984	0.442984	0.442984	0.442984
0	0	0	0	0.442943	0.442943	0	0	0	0.442943	0.442943	0	0	0.442943	0.442943	0	0	0.442943	0.442943	0	0.442943	0.442943	0	0.442943	0.885832	0.442943	0	0.442943	0.442943	0	0	0.442943	0.442943	0	0.442943	0.885832	0.442943	0	0.442943	0.442943	0	0.442943	0.442943	0.442943	0.442943	0.442943	0.442943	0	0.442943	0.442943	0.442943	0.442943	0.442943	0.885832	0.442943	0	0.442943	0.885832	0.442943	0.442943	0.442943	0.442943	0.885832	0.442943	0.885832	0.885832	0.885832	0.885832	0.885832	0.885832	0.442943	0.885832	0.442943	0.885832	0.885832	0.442943	0.885832	0.885832	0.442943	0.885832	1.32862	0.442943	0.442943	0.442943	0.442943	0.885832	0.442943	0.442943	0.885832	1.32862	0.885832	0.442943	0.442943	0.442943	1.32862	0.885832	0.442943	0.442943	1.32862	1.32862	0.442943	0.442943	0.442943	0.885832	0.442943	0.442943	0.442943	0.442943	0.885832	0.885832	0.442943	0.442943	0.885832	0.442943	0.442943	0.442943	0.442943	0.885832	0.885832	0.442943	0.442943	0.885832	0.442943	0.442943	0.442943	0.442943	0.442943	0	0.442943	0.885832	0.885832	0.442943	0.442943	0.442943	0.442943	0.885832	0.442943	0	0.442943	0.885832	0.442943	0	0	0.442943	0.442943	0	0.442943	0.442943	0	0.442943	0.442943	0	0.442943	0.442943	0	0	0.442943	0.442943	0	0	0	0	0.442943	0.442943	0	0	0	0.442943	0.442943	0	0	0.442943	0.442943	0	0.442943	0.442943	0	0	0.442943	0.442943	0	0	0.442943	0.442943	0	0	0	0	0.442943	0.442943	0	0	0.442943	0.442943	0	0	0.442943	0.885832	0.442943	0.442943	0.442943	0	0.442943	0.885832	0.442943	0.442943	0.885832	0.442943	0.442943	0.442943	0.442943	0.442943	0	0.442943	0.885832	0.885832	0.442943	0.442943	0.442943	0.442943	0.885832	0.442943	0.442943	0.885832	0.885832	0.442943	0.442943	0.442943	0.885832	1.32862	0.442943	0.442943	0.885832	0.442943	0.442943	0.885832	0.442943	0.442943	0.885832	0.442943	0.442943	0.885832	0.442943	0.442943	0.885832	0.442943	0	0.442943	0.442943	0.442943	0.442943	0	0.442943	0.442943	0.442943	0.442943
0	0	0	0	0.442902	0.442902	0	0	0	0.442902	0.442902	0	0	0.442902	0.442902	0	0	0.442902	0.442902	0	0.442902	0.442902	0	0.442902	0.88575	0.442902	0	0.442902	0.442902	0	0	0.442902	0.442902	0	0.442902	0.88575	0.442902	0	0.442902	0.442902	0	0.442902	0.442902	0.442902	0.442902	0.442902	0.442902	0	0.442902	0.442902	0.442902	0.442902	0.442902	0.88575	0.442902	0	0.442902	0.88575	0.442902	0.442902	0.442902	0.442902	0.88575	0.442902	0.88575	0.88575	0.88575	0.88575	0.88575	0.88575	0.442902	0.88575	0.442902	0.88575	0.88575	0.442902	0.88575	0.88575	0.442902	0.88575	1.32849	0.442902	0.442902	0.442902	0.442902	0.88575	0.442902	0.442902	0.88575	1.32849	0.88575	0.442902	0.442902	0.442902	1.32849	0.88575	0.442902	0.442902	1.32849	1.32849	0.442902	0.442902	0.442902	0.88575	0.442902	0.442902	0.442902	0.442902	0.88575	0.88575	0.442902	0.442902	0.88575	0.442902	0.442902	0.442902	0.442902	0.88575	0.88575	0.442902	0.442902	0.88575	0.442902	0.442902	0.442902	0.442902	0.442902	0	0.442902	0.88575	0.88575	0.442902	0.442902	0.442902	0.442902	0.88575	0.442902	0	0.442902	0.88575	0.442902	0	0	0.442902	0.442902	0	0.442902	0.442902	0	0.442902	0.442902	0	0.442902	0.442902	0	0	0.442902	0.442902	0	0	0	0	0.442902	0.442902	0	0	0	0.442902	0.442902	0	0	0.442902	0.442902	0	0.442902	0.442902	0	0	0.442902	0.442902	0	0	0.442902	0.442902	0	0	0	0	0.442902	0.442902	0	0	0.442902	0.442902	0	0	0.442902	0.88575	0.442902	0.442902	0.442902	0	0.442902	0.88575	0.442902	0.442902	0.88575	0.442902	0.442902	0.442902	0.442902	0.442902	0	0.442902	0.88575	0.88575	0.442902	0.442902	0.442902	0.442902	0.88575	0.442902	0.442902	0.88575	0.88575	0.442902	0.442902	0.442902	0.88575	1.32849	0.442902	0.442902	0.88575	0.442902	0.442902	0.88575	0.442902	0.442902	0.88575	0.442902	0.442902	0.88575	0.442902	0.442902	0.88575	0.442902	0	0.442902	0.442902	0.442902	0.442902	0	0.442902	0.442902	0.442902	0.442902
0	0	0	0	0.442854	0.442854	0	0	0	0.442854	0.442854	0	0	0.442854	0.442854	0	0	0.442854	0.442854	0	0.442854	0.442854	0	0.442854	0.885654	0.442854	0	0.442854	0.442854	0	0	0.442854	0.442854	0	0.442854	0.885654	0.442854	0	0.442854	0.442854	0	0.442854	0.442854	0.442854	0.442854	0.442854	0.442854	0	0.442854	0.442854	0.442854	0.442854	0.442854	0.885654	0.442854	0	0.442854	0.885654	0.442854	0.442854	0.442854	0.442854	0.885654	0.442854	0.885654	0.885654	0.885654	0.885654	0.885654	0.885654	0.442854	0.885654	0.442854	0.885654	0.885654	0.442854	0.885654	0.885654	0.442854	0.885654	1.32835	0.442854	0.442854	0.442854	0.442854	0.885654	0.442854	0.442854	0.885654	1.32835	0.885654	0.442854	0.442854	0.442854	1.32835	0.885654	0.442854	0.442854	1.32835	1.32835	0.442854	0.442854	0.442854	0.885654	0.442854	0.442854	0.442854	0.442854	0.885654	0.885654	0.442854	0.442854	0.885654	0.442854	0.442854	0.442854	0.442854	0.885654	0.885654	0.442854	0.442854	0.885654	0.442854	0.442854	0.442854	0.442854	0.442854	0	0.442854	0.885654	0.885654	0.442854	0.442854	0.442854	0.442854	0.885654	0.442854	0	0.442854	0.885654	0.442854	0	0	0.442854	0.442854	0	0.442854	0.442854	0	0.442854	0.442854	0	0.442854	0.442854	0	0	0.442854	0.442854	0	0	0	0	0.442854	0.442854	0	0	0	0.442854	0.442854	0	0	0.442854	0.442854	0	0.442854	0.442854	0	0	0.442854	0.442854	0	0	0.442854	0.442854	0	0	0	0	0.442854	0.442854	0	0	0.442854	0.442854	0	0	0.442854	0.885654	0.442854	0.442854	0.442854	0	0.442854	0.885654	0.442854	0.442854	0.885654	0.442854	0.442854	0.442854	0.442854	0.442854	0	0.442854	0.885654	0.885654	0.442854	0.442854	0.442854	0.442854	0.885654	0.442854	0.442854	0.885654	0.885654	0.442854	0.442854	0.442854	0.885654	1.32835	0.442854	0.442854	0.885654	0.442854	0.442854	0.885654	0.442854	0.442854	0.885654	0.442854	0.442854	0.885654	0.442854	0.442854	0.885654	0.442854	0	0.442854	0.442854	0.442854	0.442854	0	0.442854	0.442854	0.442854	0.442854
0	0	0	0	0.442813	0.442813	0	0	0	0.442813	0.442813	0	0	0.442813	0.442813	0	0	0.442813	0.442813	0	0.442813	0.442813	0	0.442813	0.885572	0.442813	0	0.442813	0.442813	0	0	0.442813	0.442813	0	0.442813	0.885572	0.442813	0	0.442813	0.442813	0	0.442813	0.442813	0.442813	0.442813	0.442813	0.442813	0	0.442813	0.442813	0.442813	0.442813	0.442813	0.885572	0.442813	0	0.442813	0.885572	0.442813	0.442813	0.442813	0.442813	0.885572	0.442813	0.885572	0.885572	0.885572	0.885572	0.885572	0.885572	0.442813	0.885572	0.442813	0.885572	0.885572	0.442813	0.885572	0.885572	0.442813	0.885572	1.32823	0.442813	0.442813	0.442813	0.442813	0.885572	0.442813	0.442813	0.885572	1.32823	0.885572	0.442813	0.442813	0.442813	1.32823	0.885572	0.442813	0.442813	1.32823	1.32823	0.442813	0.442813	0.442813	0.885572	0.442813	0.442813	0.442813	0.442813	0.885572	0.885572	0.442813	0.442813	0.885572	0.442813	0.442813	0.442813	0.442813	0.885572	0.885572	0.442813	0.442813	0.885572	0.442813	0.442813	0.442813	0.442813	0.442813	0	0.442813	0.885572	0.885572	0.442813	0.442813	0.442813	0.442813	0.885572	0.442813	0	0.442813	0.885572	0.442813	0	0	0.442813	0.442813	0	0.442813	0.442813	0	0.442813	0.442813	0	0.442813	0.442813	0	0	0.442813	0.442813	0	0	0	0	0.442813	0.442813	0	0	0	0.442813	0.442813	0	0	0.442813	0.442813	0	0.442813	0.442813	0	0	0.442813	0.442813	0	0	0.442813	0.442813	0	0	0	0	0.442813	0.442813	0	0	0.442813	0.442813	0	0	0.442813	0.885572	0.442813	0.442813	0.442813	0	0.442813	0.885572	0.442813	0.442813	0.885572	0.442813	0.442813	0.442813	0.442813	0.442813	0	0.442813	0.885572	0.885572	0.442813	0.442813	0.442813	0.442813	0.885572	0.442813	0.442813	0.885572	0.885572	0.442813	0.442813	0.442813	0.885572	1.32823	0.442813	0.442813	0.885572	0.442813	0.442813	0.885572	0.442813	0.442813	0.885572	0.442813	0.442813	0.885572	0.442813	0.442813	0.885572	0.442813	0	0.442813	0.442813	0.442813	0.442813	0	0.442813	0.442813	0.442813	0.442813
0.885559	0.885559	0.782743	0.56446	0.469647	0.350047	0	0	0.156552	0.495039	0.350047	0	0	0.350047	0.469647	0.350069	0.156552	0.350047	0.469647	0.442806	0.626185	0.626185	0.442806	0.626185	0.952172	0.843023	0.782743	0.798225	0.843023	0.782743	0.56446	0.645467	0.843023	0.885559	0.99005	1.25222	0.99005	0.885559	0.99005	0.99005	0.885559	0.99005	0.99005	1.0501	1.19213	1.19213	1.262	1.22258	1.13959	0.99005	0.99005	0.99005	1.0501	1.44306	1.40001	1.22258	1.13959	1.25222	0.99005	0.99005	0.99005	0.99005	1.25222	0.99005	1.26197	1.44306	1.57295	1.40869	1.26197	1.44306	1.40001	1.59614	1.40001	1.63405	1.83182	1.82515	1.97951	1.93575	1.54154	1.63405	2.05827	1.82515	1.82515	1.82515	1.82515	1.97951	1.82515	1.74982	1.74979	1.88447	1.83182	1.82515	1.82515	1.74982	2.04034	1.83182	1.82515	1.82515	2.21291	2.21291	1.82515	1.82515	1.82515	1.97951	1.82515	1.74982	1.54154	1.40001	1.59614	1.59614	1.40001	1.40001	1.59614	1.40001	1.40001	1.40001	1.40001	1.59614	1.57295	1.13959	0.99005	1.25222	0.99005	0.99005	0.99005	0.99005	0.952196	0.56446	0.626185	0.990004	0.990004	0.626185	0.626185	0.626185	0.626185	0.990004	0.626185	0.350069	0.56442	0.88549	0.442772	0.156552	0.350069	0.626185	0.626185	0.442806	0.626185	0.782714	0.782743	0.99005	0.99005	0.885559	0.99005	0.99005	0.885559	1.00236	1.19213	1.0501	1.00236	1.22258	1.32821	1.32821	1.40001	1.40001	1.44309	1.66377	1.77069	1.82515	1.82515	1.77069	1.88453	2.0404	1.91033	1.88453	2.17393	2.25675	2.21297	2.21297	2.12844	2.0404	2.10533	2.21297	2.25675	2.25675	2.21297	2.21297	2.21297	2.32613	2.47386	2.34706	2.32613	2.54691	2.69155	2.69155	2.65499	2.65499	2.56603	2.44902	2.25675	2.12844	1.91033	1.88453	2.17393	2.24041	1.91033	1.82515	1.97951	1.82515	1.82515	1.82515	1.69294	1.61144	1.66377	1.82515	1.97951	1.97951	1.82515	1.69294	1.47664	1.40001	1.59614	1.40001	1.40001	1.59614	1.44306	1.0501	0.99005	0.99005	1.09573	1.33731	0.626185	0.626185	0.990004	0.626185	0.626185	0.842978	0.350047	0.442772	0.88549	0.442772	0.442772	0.88549	0.442772	0.350047	0.842978	0.626185	0.442806	0.626185	0.626185	0.645467	0.798225	0.56446	0.645467	0.843023	0.99005	0.952196
0.885477	0.885477	0.842945	0.645407	0.350036	0.156538	0	0	0.350015	0.494993	0.156538	0	0	0.156538	0.350036	0.469604	0.350015	0.156538	0.350036	0.442765	0.626127	0.626127	0.442765	0.626127	0.782641	0.782671	0.842945	0.798151	0.782671	0.842945	0.645407	0.564408	0.782671	0.885477	0.989958	1.2521	0.989958	0.885477	0.989958	0.989958	0.885477	0.989958	0.989958	1.00227	1.19202	1.19202	1.22246	1.26189	1.26186	0.989958	0.989958	0.989958	1.00227	1.33725	1.39988	1.26189	1.26186	1.2521	0.989958	0.989958	0.989958	0.989958	1.2521	0.989958	1.13949	1.33725	1.7214	1.57278	1.13949	1.33725	1.39988	1.59599	1.39988	1.54139	1.74966	1.82498	1.97933	2.05807	1.6339	1.54139	1.93557	1.82498	1.82498	1.82498	1.82498	1.97933	1.82498	1.83165	1.8843	1.74963	1.74966	1.82498	1.82498	1.83165	2.04016	1.74966	1.82498	1.82498	2.21271	2.21271	1.82498	1.82498	1.82498	1.97933	1.82498	1.83165	1.6339	1.39988	1.59599	1.59599	1.39988	1.39988	1.59599	1.39988	1.39988	1.39988	1.39988	1.59599	1.7214	1.26186	0.989958	1.2521	0.989958	0.989958	0.989958	0.989958	1.09563	0.645407	0.626127	0.989912	0.989912	0.626127	0.626127	0.626127	0.626127	0.989912	0.626127	0.469604	0.782612	0.885408	0.44273	0.350015	0.469604	0.626127	0.626127	0.442765	0.626127	0.952084	0.842945	0.989958	0.989958	0.885477	0.989958	0.989958	0.885477	1.05	1.19202	1.00227	1.05	1.26189	1.32808	1.32808	1.39988	1.39988	1.4765	1.69279	1.77053	1.82498	1.82498	1.77053	1.91015	2.04021	1.88436	1.91015	2.24021	2.25654	2.21277	2.21277	2.10514	2.04021	2.12825	2.21277	2.25654	2.25654	2.21277	2.21277	2.21277	2.34684	2.47364	2.32592	2.34684	2.56579	2.6913	2.6913	2.65474	2.65474	2.54667	2.38815	2.25654	2.10514	1.88436	1.91015	2.24021	2.17373	1.88436	1.82498	1.97933	1.82498	1.82498	1.82498	1.66362	1.61129	1.69279	1.82498	1.97933	1.97933	1.82498	1.66362	1.44296	1.39988	1.59599	1.39988	1.39988	1.59599	1.33725	1.00227	0.989958	0.989958	0.952108	1.13944	0.626127	0.626127	0.989912	0.626127	0.626127	0.645384	0.156538	0.44273	0.885408	0.44273	0.44273	0.885408	0.44273	0.156538	0.645384	0.626127	0.442765	0.626127	0.626127	0.564408	0.798151	0.645407	0.564408	0.782671	0.989958	1.09563
0	0	0.442689	0.442689	0	0	0	0	0.442689	0.442689	0	0	0	0	0	0.442689	0.442689	0	0	0	0.442689	0.442689	0	0.442689	0.442689	0	0.442689	0.442689	0	0.442689	0.442689	0	0	0	0.442689	0.885326	0.442689	0	0.442689	0.442689	0	0.442689	0.442689	0	0.442689	0.442689	0	0.442689	0.885326	0.442689	0.442689	0.442689	0	0.442689	0.442689	0.442689	0.885326	0.885326	0.442689	0.442689	0.442689	0.442689	0.885326	0.442689	0.442689	0.442689	1.32786	1.32786	0.442689	0.442689	0.442689	0.885326	0.442689	0.442689	0.442689	0.442689	0.885326	1.32786	0.885326	0.442689	0.885326	0.442689	0.442689	0.442689	0.442689	0.885326	0.442689	0.885326	1.32786	0.885326	0.442689	0.442689	0.442689	0.885326	1.32786	0.442689	0.442689	0.442689	1.32786	1.32786	0.442689	0.442689	0.442689	0.885326	0.442689	0.885326	0.885326	0.442689	0.885326	0.885326	0.442689	0.442689	0.885326	0.442689	0.442689	0.442689	0.442689	0.885326	1.32786	0.885326	0.442689	0.885326	0.442689	0.442689	0.442689	0.442689	0.885326	0.442689	0.442689	0.885326	0.885326	0.442689	0.442689	0.442689	0.442689	0.885326	0.442689	0.442689	0.885326	0.885326	0.442689	0.442689	0.442689	0.442689	0.442689	0	0.442689	0.885326	0.442689	0.442689	0.442689	0	0.442689	0.442689	0	0.442689	0.442689	0	0.442689	0.442689	0	0	0.442689	0.442689	0.442689	0.442689	0	0.442689	0.442689	0	0.442689	0.442689	0	0.442689	0.885326	0.442689	0	0	0	0.442689	0.442689	0	0.442689	0.442689	0	0	0	0.442689	0.442689	0	0.442689	0.442689	0.442689	0.442689	0	0	0	0.442689	0.442689	0	0	0.442689	0.885326	0.442689	0	0.442689	0.885326	0.442689	0.442689	0.442689	0	0.442689	0.442689	0.442689	0.885326	0.885326	0.442689	0	0	0.442689	0.885326	0.442689	0.442689	0.885326	0.442689	0	0.442689	0.442689	0.442689	0.885326	0.442689	0.442689	0.885326	0.442689	0.442689	0.442689	0	0.442689	0.885326	0.442689	0.442689	0.885326	0.442689	0	0.442689	0.442689	0	0.442689	0.442689	0	0.442689	0.442689	0	0	0.442689	0.885326
0	0	0.442648	0.442648	0	0	0	0	0.442648	0.442648	0	0	0	0	0	0.442648	0.442648	0	0	0	0.442648	0.442648	0	0.442648	0.442648	0	0.442648	0.442648	0	0.442648	0.442648	0	0	0	0.442648	0.885244	0.442648	0	0.442648	0.442648	0	0.442648	0.442648	0	0.442648	0.442648	0	0.442648	0.885244	0.442648	0.442648	0.442648	0	0.442648	0.442648	0.442648	0.885244	0.885244	0.442648	0.442648	0.442648	0.442648	0.885244	0.442648	0.442648	0.442648	1.32773	1.32773	0.442648	0.442648	0.442648	0.885244	0.442648	0.442648	0.442648	0.442648	0.885244	1.32773	0.885244	0.442648	0.885244	0.442648	0.442648	0.442648	0.442648	0.885244	0.442648	0.885244	1.32773	0.885244	0.442648	0.442648	0.442648	0.885244	1.32773	0.442648	0.442648	0.442648	1.32773	1.32773	0.442648	0.442648	0.442648	0.885244	0.442648	0.885244	0.885244	0.442648	0.885244	0.885244	0.442648	0.442648	0.885244	0.442648	0.442648	0.442648	0.442648	0.885244	1.32773	0.885244	0.442648	0.885244	0.442648	0.442648	0.442648	0.442648	0.885244	0.442648	0.442648	0.885244	0.885244	0.442648	0.442648	0.442648	0.442648	0.885244	0.442648	0.442648	0.885244	0.885244	0.442648	0.442648	0.442648	0.442648	0.442648	0	0.442648	0.885244	0.442648	0.442648	0.442648	0	0.442648	0.442648	0	0.442648	0.442648	0	0.442648	0.442648	0	0	0.442648	0.442648	0.442648	0.442648	0	0.442648	0.442648	0	0.442648	0.442648	0	0.442648	0.885244	0.442648	0	0	0	0.442648	0.442648	0	0.442648	0.442648	0	0	0	0.442648	0.442648	0	0.442648	0.442648	0.442648	0.442648	0	0	0	0.442648	0.442648	0	0	0.442648	0.885244	0.442648	0	0.442648	0.885244	0.442648	0.442648	0.442648	0	0.442648	0.442648	0.442648	0.885244	0.885244	0.442648	0	0	0.442648	0.885244	0.442648	0.442648	0.885244	0.442648	0	0.442648	0.442648	0.442648	0.885244	0.442648	0.442648	0.885244	0.442648	0.442648	0.442648	0	0.442648	0.885244	0.442648	0.442648	0.885244	0.442648	0	0.442648	0.442648	0	0.442648	0.442648	0	0.442648	0.442648	0	0	0.442648	0.885244
0	0	0.442601	0.442601	0	0	0	0	0.442601	0.442601	0	0	0	0	0	0.442601	0.442601	0	0	0	0.442601	0.442601	0	0.442601	0.442601	0	0.442601	0.442601	0	0.442601	0.442601	0	0	0	0.442601	0.885148	0.442601	0	0.442601	0.442601	0	0.442601	0.442601	0	0.442601	0.442601	0	0.442601	0.885148	0.442601	0.442601	0.442601	0	0.442601	0.442601	0.442601	0.885148	0.885148	0.442601	0.442601	0.442601	0.442601	0.885148	0.442601	0.442601	0.442601	1.32759	1.32759	0.442601	0.442601	0.442601	0.885148	0.442601	0.442601	0.442601	0.442601	0.885148	1.32759	0.885148	0.442601	0.885148	0.442601	0.442601	0.442601	0.442601	0.885148	0.442601	0.885148	1.32759	0.885148	0.442601	0.442601	0.442601	0.885148	1.32759	0.442601	0.442601	0.442601	1.32759	1.32759	0.442601	0.442601	0.442601	0.885148	0.442601	0.885148	0.885148	0.442601	0.885148	0.885148	0.442601	0.442601	0.885148	0.442601	0.442601	0.442601	0.442601	0.885148	1.32759	0.885148	0.442601	0.885148	0.442601	0.442601	0.442601	0.442601	0.885148	0.442601	0.442601	0.885148	0.885148	0.442601	0.442601	0.442601	0.442601	0.885148	0.442601	0.442601	0.885148	0.885148	0.442601	0.442601	0.442601	0.442601	0.442601	0	0.442601	0.885148	0.442601	0.442601	0.442601	0	0.442601	0.442601	0	0.442601	0.442601	0	0.442601	0.442601	0	0	0.442601	0.442601	0.442601	0.442601	0	0.442601	0.442601	0	0.442601	0.442601	0	0.442601	0.885148	0.442601	0	0	0	0.442601	0.442601	0	0.442601	0.442601	0	0	0	0.442601	0.442601	0	0.442601	0.442601	0.442601	0.442601	0	0	0	0.442601	0.442601	0	0	0.442601	0.885148	0.442601	0	0.442601	0.885148	0.442601	0.442601	0.442601	0	0.442601	0.442601	0.442601	0.885148	0.885148	0.442601	0	0	0.442601	0.885148	0.442601	0.442601	0.885148	0.442601	0	0.442601	0.442601	0.442601	0.885148	0.442601	0.442601	0.885148	0.442601	0.442601	0.442601	0	0.442601	0.885148	0.442601	0.442601	0.885148	0.442601	0	0.442601	0.442601	0	0.442601	0.442601	0	0.442601	0.442601	0	0	0.442601	0.885148
0	0	0.44256	0.44256	0	0	0	0	0.44256	0.44256	0	0	0	0	0	0.44256	0.44256	0	0	0	0.44256	0.44256	0	0.44256	0.44256	0	0.44256	0.44256	0	0.44256	0.44256	0	0	0	0.44256	0.885066	0.44256	0	0.44256	0.44256	0	0.44256	0.44256	0	0.44256	0.44256	0	0.44256	0.885066	0.44256	0.44256	0.44256	0	0.44256	0.44256	0.44256	0.885066	0.885066	0.44256	0.44256	0.44256	0.44256	0.885066	0.44256	0.44256	0.44256	1.32747	1.32747	0.44256	0.44256	0.44256	0.885066	0.44256	0.44256	0.44256	0.44256	0.885066	1.32747	0.885066	0.44256	0.885066	0.44256	0.44256	0.44256	0.44256	0.885066	0.44256	0.885066	1.32747	0.885066	0.44256	0.44256	0.44256	0.885066	1.32747	0.44256	0.44256	0.44256	1.32747	1.32747	0.44256	0.44256	0.44256	0.885066	0.44256	0.885066	0.885066	0.44256	0.885066	0.885066	0.44256	0.44256	0.885066	0.44256	0.44256	0.44256	0.44256	0.885066	1.32747	0.885066	0.44256	0.885066	0.44256	0.44256	0.44256	0.44256	0.885066	0.44256	0.44256	0.885066	0.885066	0.44256	0.44256	0.44256	0.44256	0.885066	0.44256	0.44256	0.885066	0.885066	0.44256	0.44256	0.44256	0.44256	0.44256	0	0.44256	0.885066	0.44256	0.44256	0.44256	0	0.44256	0.44256	0	0.44256	0.44256	0	0.44256	0.44256	0	0	0.44256	0.44256	0.44256	0.44256	0	0.44256	0.44256	0	0.44256	0.44256	0	0.44256	0.885066	0.44256	0	0	0	0.44256	0.44256	0	0.44256	0.44256	0	0	0	0.44256	0.44256	0	0.44256	0.44256	0.44256	0.44256	0	0	0	0.44256	0.44256	0	0	0.44256	0.885066	0.44256	0	0.44256	0.885066	0.44256	0.44256	0.44256	0	0.44256	0.44256	0.44256	0.885066	0.885066	0.44256	0	0	0.44256	0.885066	0.44256	0.44256	0.885066	0.44256	0	0.44256	0.44256	0.44256	0.885066	0.44256	0.44256	0.885066	0.44256	0.44256	0.44256	0	0.44256	0.885066	0.44256	0.44256	0.885066	0.44256	0	0.44256	0.44256	0	0.44256	0.44256	0	0.44256	0.44256	0	0	0.44256	0.885066
0	0	0.442518	0.442518	0	0	0	0	0.442518	0.442518	0	0	0	0	0	0.442518	0.442518	0	0	0	0.442518	0.442518	0	0.442518	0.442518	0	0.442518	0.442518	0	0.442518	0.442518	0	0	0	0.442518	0.884984	0.442518	0	0.442518	0.442518	0	0.442518	0.442518	0	0.442518	0.442518	0	0.442518	0.884984	0.442518	0.442518	0.442518	0	0.442518	0.442518	0.442518	0.884984	0.884984	0.442518	0.442518	0.442518	0.442518	0.884984	0.442518	0.442518	0.442518	1.32734	1.32734	0.442518	0.442518	0.442518	0.884984	0.442518	0.442518	0.442518	0.442518	0.884984	1.32734	0.884984	0.442518	0.884984	0.442518	0.442518	0.442518	0.442518	0.884984	0.442518	0.884984	1.32734	0.884984	0.442518	0.442518	0.442518	0.884984	1.32734	0.442518	0.442518	0.442518	1.32734	1.32734	0.442518	0.442518	0.442518	0.884984	0.442518	0.884984	0.884984	0.442518	0.884984	0.884984	0.442518	0.442518	0.884984	0.442518	0.442518	0.442518	0.442518	0.884984	1.32734	0.884984	0.442518	0.884984	0.442518	0.442518	0.442518	0.442518	0.884984	0.442518	0.442518	0.884984	0.884984	0.442518	0.442518	0.442518	0.442518	0.884984	0.442518	0.442518	0.884984	0.884984	0.442518	0.442518	0.442518	0.442518	0.442518	0	0.442518	0.884984	0.442518	0.442518	0.442518	0	0.442518	0.442518	0	0.442518	0.442518	0	0.442518	0.442518	0	0	0.442518	0.442518	0.442518	0.442518	0	0.442518	0.442518	0	0.442518	0.442518	0	0.442518	0.884984	0.442518	0	0	0	0.442518	0.442518	0	0.442518	0.442518	0	0	0	0.442518	0.442518	0	0.442518	0.442518	0.442518	0.442518	0	0	0	0.442518	0.442518	0	0	0.442518	0.884984	0.442518	0	0.442518	0.884984	0.442518	0.442518	0.442518	0	0.442518	0.442518	0.442518	0.884984	0.884984	0.442518	0	0	0.442518	0.884984	0.442518	0.442518	0.884984	0.442518	0	0.442518	0.442518	0.442518	0.884984	0.442518	0.442518	0.884984	0.442518	0.442518	0.442518	0	0.442518	0.884984	0.442518	0.442518	0.884984	0.442518	0	0.442518	0.442518	0	0.442518	0.442518	0	0.442518	0.442518	0	0	0.442518	0.884984
0	0	0.442477	0.442477	0	0	0	0	0.442477	0.442477	0	0	0	0	0	0.442477	0.442477	0	0	0	0.442477	0.442477	0	0.442477	0.442477	0	0.442477	0.442477	0	0.442477	0.442477	0	0	0	0.442477	0.884902	0.442477	0	0.442477	0.442477	0	0.442477	0.442477	0	0.442477	0.442477	0	0.442477	0.884902	0.442477	0.442477	0.442477	0	0.442477	0.442477	0.442477	0.884902	0.884902	0.442477	0.442477	0.442477	0.442477	0.884902	0.442477	0.442477	0.442477	1.32722	1.32722	0.442477	0.442477	0.442477	0.884902	0.442477	0.442477	0.442477	0.442477	0.884902	1.32722	0.884902	0.442477	0.884902	0.442477	0.442477	0.442477	0.442477	0.884902	0.442477	0.884902	1.32722	0.884902	0.442477	0.442477	0.442477	0.884902	1.32722	0.442477	0.442477	0.442477	1.32722	1.32722	0.442477	0.442477	0.442477	0.884902	0.442477	0.884902	0.884902	0.442477	0.884902	0.884902	0.442477	0.442477	0.884902	0.442477	0.442477	0.442477	0.442477	0.884902	1.32722	0.884902	0.442477	0.884902	0.442477	0.442477	0.442477	0.442477	0.884902	0.442477	0.442477	0.884902	0.884902	0.442477	0.442477	0.442477	0.442477	0.884902	0.442477	0.442477	0.884902	0.884902	0.442477	0.442477	0.442477	0.442477	0.442477	0	0.442477	0.884902	0.442477	0.442477	0.442477	0	0.442477	0.442477	0	0.442477	0.442477	0	0.442477	0.442477	0	0	0.442477	0.442477	0.442477	0.442477	0	0.442477	0.442477	0	0.442477	0.442477	0	0.442477	0.884902	0.442477	0	0	0	0.442477	0.442477	0	0.442477	0.442477	0	0	0	0.442477	0.442477	0	0.442477	0.442477	0.442477	0.442477	0	0	0	0.442477	0.442477	0	0	0.442477	0.884902	0.442477	0	0.442477	0.884902	0.442477	0.442477	0.442477	0	0.442477	0.442477	0.442477	0.884902	0.884902	0.442477	0	0	0.442477	0.884902	0.442477	0.442477	0.884902	0.442477	0	0.442477	0.442477	0.442477	0.884902	0.442477	0.442477	0.884902	0.442477	0.442477	0.442477	0	0.442477	0.884902	0.442477	0.442477	0.884902	0.442477	0	0.442477	0.442477	0	0.442477	0.442477	0	0.442477	0.442477	0	0	0.442477	0.884902
0	0	0.442436	0.442436	0	0	0	0	0.442436	0.442436	0	0	0	0	0	0.442436	0.442436	0	0	0	0.442436	0.442436	0	0.442436	0.442436	0	0.442436	0.442436	0	0.442436	0.442436	0	0	0	0.442436	0.88482	0.442436	0	0.442436	0.442436	0	0.442436	0.442436	0	0.442436	0.442436	0	0.442436	0.88482	0.442436	0.442436	0.442436	0	0.442436	0.442436	0.442436	0.88482	0.88482	0.442436	0.442436	0.442436	0.442436	0.88482	0.442436	0.442436	0.442436	1.3271	1.3271	0.442436	0.442436	0.442436	0.88482	0.442436	0.442436	0.442436	0.442436	0.88482	1.3271	0.88482	0.442436	0.88482	0.442436	0.442436	0.442436	0.442436	0.88482	0.442436	0.88482	1.3271	0.88482	0.442436	0.442436	0.442436	0.88482	1.3271	0.442436	0.442436	0.442436	1.3271	1.3271	0.442436	0.442436	0.442436	0.88482	0.442436	0.88482	0.88482	0.442436	0.88482	0.88482	0.442436	0.442436	0.88482	0.442436	0.442436	0.442436	0.442436	0.88482	1.3271	0.88482	0.442436	0.88482	0.442436	0.442436	0.442436	0.442436	0.88482	0.442436	0.442436	0.88482	0.88482	0.442436	0.442436	0.442436	0.442436	0.88482	0.442436	0.442436	0.88482	0.88482	0.442436	0.442436	0.442436	0.442436	0.442436	0	0.442436	0.88482	0.442436	0.442436	0.442436	0	0.442436	0.442436	0	0.442436	0.442436	0	0.442436	0.442436	0	0	0.442436	0.442436	0.442436	0.442436	0	0.442436	0.442436	0	0.442436	0.442436	0	0.442436	0.88482	0.442436	0	0	0	0.442436	0.442436	0	0.442436	0.442436	0	0	0	0.442436	0.442436	0	0.442436	0.442436	0.442436	0.442436	0	0	0	0.442436	0.442436	0	0	0.442436	0.88482	0.442436	0	0.442436	0.88482	0.442436	0.442436	0.442436	0	0.442436	0.442436	0.442436	0.88482	0.88482	0.442436	0	0	0.442436	0.88482	0.442436	0.442436	0.88482	0.442436	0	0.442436	0.442436	0.442436	0.88482	0.442436	0.442436	0.88482	0.442436	0.442436	0.442436	0	0.442436	0.88482	0.442436	0.442436	0.88482	0.442436	0	0.442436	0.442436	0	0.442436	0.442436	0	0.442436	0.442436	0	0	0.442436	0.88482
0	0	0.442395	0.442395	0	0	0	0	0.442395	0.442395	0	0	0	0	0	0.442395	0.442395	0	0	0	0.442395	0.442395	0	0.442395	0.442395	0	0.442395	0.442395	0	0.442395	0.442395	0	0	0	0.442395	0.884738	0.442395	0	0.442395	0.442395	0	0.442395	0.442395	0	0.442395	0.442395	0	0.442395	0.884738	0.442395	0.442395	0.442395	0	0.442395	0.442395	0.442395	0.884738	0.884738	0.442395	0.442395	0.442395	0.442395	0.884738	0.442395	0.442395	0.442395	1.32698	1.32698	0.442395	0.442395	0.442395	0.884738	0.442395	0.442395	0.442395	0.442395	0.884738	1.32698	0.884738	0.442395	0.884738	0.442395	0.442395	0.442395	0.442395	0.884738	0.442395	0.884738	1.32698	0.884738	0.442395	0.442395	0.442395	0.884738	1.32698	0.442395	0.442395	0.442395	1.32698	1.32698	0.442395	0.442395	0.442395	0.884738	0.442395	0.884738	0.884738	0.442395	0.884738	0.884738	0.442395	0.442395	0.884738	0.442395	0.442395	0.442395	0.442395	0.884738	1.32698	0.884738	0.442395	0.884738	0.442395	0.442395	0.442395	0.442395	0.884738	0.442395	0.442395	0.884738	0.884738	0.442395	0.442395	0.442395	0.442395	0.884738	0.442395	0.442395	0.884738	0.884738	0.442395	0.442395	0.442395	0.442395	0.442395	0	0.442395	0.884738	0.442395	0.442395	0.442395	0	0.442395	0.442395	0	0.442395	0.442395	0	0.442395	0.442395	0	0	0.442395	0.442395	0.442395	0.442395	0	0.442395	0.442395	0	0.442395	0.442395	0	0.442395	0.884738	0.442395	0	0	0	0.442395	0.442395	0	0.442395	0.442395	0	0	0	0.442395	0.442395	0	0.442395	0.442395	0.442395	0.442395	0	0	0	0.442395	0.442395	0	0	0.442395	0.884738	0.442395	0	0.442395	0.884738	0.442395	0.442395	0.442395	0	0.442395	0.442395	0.442395	0.884738	0.884738	0.442395	0	0	0.442395	0.884738	0.442395	0.442395	0.884738	0.442395	0	0.442395	0.442395	0.442395	0.884738	0.442395	0.442395	0.884738	0.442395	0.442395	0.442395	0	0.442395	0.884738	0.442395	0.442395	0.884738	0.442395	0	0.442395	0.442395	0	0.442395	0.442395	0	0.442395	0.442395	0	0	0.442395	0.884738
0	0	0.442348	0.442348	0	0	0	0	0.442348	0.442348	0	0	0	0	0	0.442348	0.442348	0	0	0	0.442348	0.442348	0	0.442348	0.442348	0	0.442348	0.442348	0	0.442348	0.442348	0	0	0	0.442348	0.884643	0.442348	0	0.442348	0.442348	0	0.442348	0.442348	0	0.442348	0.442348	0	0.442348	0.884643	0.442348	0.442348	0.442348	0	0.442348	0.442348	0.442348	0.884643	0.884643	0.442348	0.442348	0.442348	0.442348	0.884643	0.442348	0.442348	0.442348	1.32683	1.32683	0.442348	0.442348	0.442348	0.884643	0.442348	0.442348	0.442348	0.442348	0.884643	1.32683	0.884643	0.442348	0.884643	0.442348	0.442348	0.442348	0.442348	0.884643	0.442348	0.884643	1.32683	0.884643	0.442348	0.442348	0.442348	0.884643	1.32683	0.442348	0.442348	0.442348	1.32683	1.32683	0.442348	0.442348	0.442348	0.884643	0.442348	0.884643	0.884643	0.442348	0.884643	0.884643	0.442348	0.442348	0.884643	0.442348	0.442348	0.442348	0.442348	0.884643	1.32683	0.884643	0.442348	0.884643	0.442348	0.442348	0.442348	0.442348	0.884643	0.442348	0.442348	0.884643	0.884643	0.442348	0.442348	0.442348	0.442348	0.884643	0.442348	0.442348	0.884643	0.884643	0.442348	0.442348	0.442348	0.442348	0.442348	0	0.442348	0.884643	0.442348	0.442348	0.442348	0	0.442348	0.442348	0	0.442348	0.442348	0	0.442348	0.442348	0	0	0.442348	0.442348	0.442348	0.442348	0	0.442348	0.442348	0	0.442348	0.442348	0	0.442348	0.884643	0.442348	0	0	0	0.442348	0.442348	0	0.442348	0.442348	0	0	0	0.442348	0.442348	0	0.442348	0.442348	0.442348	0.442348	0	0	0	0.442348	0.442348	0	0	0.442348	0.884643	0.442348	0	0.442348	0.884643	0.442348	0.442348	0.442348	0	0.442348	0.442348	0.442348	0.884643	0.884643	0.442348	0	0	0.442348	0.884643	0.442348	0.442348	0.884643	0.442348	0	0.442348	0.442348	0.442348	0.884643	0.442348	0.442348	0.884643	0.442348	0.442348	0.442348	0	0.442348	0.884643	0.442348	0.442348	0.884643	0.442348	0	0.442348	0.442348	0	0.442348	0.442348	0	0.442348	0.442348	0	0	0.442348	0.884643
0	0	0.442307	0.442307	0	0	0	0	0.442307	0.442307	0	0	0	0	0	0.442307	0.442307	0	0	0	0.442307	0.442307	0	0.442307	0.442307	0	0.442307	0.442307	0	0.442307	0.442307	0	0	0	0.442307	0.884561	0.442307	0	0.442307	0.442307	0	0.442307	0.442307	0	0.442307	0.442307	0	0.442307	0.884561	0.442307	0.442307	0.442307	0	0.442307	0.442307	0.442307	0.884561	0.884561	0.442307	0.442307	0.442307	0.442307	0.884561	0.442307	0.442307	0.442307	1.32671	1.32671	0.442307	0.442307	0.442307	0.884561	0.442307	0.442307	0.442307	0.442307	0.884561	1.32671	0.884561	0.442307	0.884561	0.442307	0.442307	0.442307	0.442307	0.884561	0.442307	0.884561	1.32671	0.884561	0.442307	0.442307	0.442307	0.884561	1.32671	0.442307	0.442307	0.442307	1.32671	1.32671	0.442307	0.442307	0.442307	0.884561	0.442307	0.884561	0.884561	0.442307	0.884561	0.884561	0.442307	0.442307	0.884561	0.442307	0.442307	0.442307	0.442307	0.884561	1.32671	0.884561	0.442307	0.884561	0.442307	0.442307	0.442307	0.442307	0.884561	0.442307	0.442307	0.884561	0.884561	0.442307	0.442307	0.442307	0.442307	0.884561	0.442307	0.442307	0.884561	0.884561	0.442307	0.442307	0.442307	0.442307	0.442307	0	0.442307	0.884561	0.442307	0.442307	0.442307	0	0.442307	0.442307	0	0.442307	0.442307	0	0.442307	0.442307	0	0	0.442307	0.442307	0.442307	0.442307	0	0.442307	0.442307	0	0.442307	0.442307	0	0.442307	0.884561	0.442307	0	0	0	0.442307	0.442307	0	0.442307	0.442307	0	0	0	0.442307	0.442307	0	0.442307	0.442307	0.442307	0.442307	0	0	0	0.442307	0.442307	0	0	0.442307	0.884561	0.442307	0	0.442307	0.884561	0.442307	0.442307	0.442307	0	0.442307	0.442307	0.442307	0.884561	0.884561	0.442307	0	0	0.442307	0.884561	0.442307	0.442307	0.884561	0.442307	0	0.442307	0.442307	0.442307	0.884561	0.442307	0.442307	0.884561	0.442307	0.442307	0.442307	0	0.442307	0.884561	0.442307	0.442307	0.884561	0.442307	0	0.442307	0.442307	0	0.442307	0.442307	0	0.442307	0.442307	0	0	0.442307	0.884561
0.884547	0.884547	1.0489	1.26056	1.32669	1.32669	1.32669	1.32669	1.26056	1.0489	0.884547	0.884547	0.884547	0.884547	0.884547	0.84206	0.64473	0.4423	0.563815	0.781849	0.84206	0.64473	0.563815	0.797313	0.797313	0.781849	0.84206	0.797313	0.781849	0.84206	0.64473	0.4423	0.563815	0.781849	0.84206	0.951085	0.62547	0.4423	0.62547	0.62547	0.4423	0.62547	0.62547	0.4423	0.62547	0.78182	0.781849	0.988919	1.09448	0.64473	0.62547	0.62547	0.563815	0.797313	0.64473	0.62547	0.988873	0.988873	0.62547	0.62547	0.62547	0.62547	0.842015	0.349647	0.442266	0.442266	1.22109	1.26048	0.62547	0.62547	0.62547	0.988873	0.62547	0.62547	0.62547	0.62547	0.951085	1.41572	1.44141	1.39841	1.59432	1.39841	1.39841	1.39841	1.39841	1.59432	1.39841	1.63218	2.05592	1.97725	1.82306	1.82306	1.82306	1.97725	2.21038	1.82306	1.82306	1.82306	2.23783	2.42617	2.25417	2.25417	2.25417	2.32344	1.95866	2.03206	2.23786	2.25417	2.38051	2.38051	2.25417	2.17145	2.12598	1.82306	1.82306	1.82306	1.82306	1.97725	2.23783	2.23786	2.17145	2.12598	1.82306	1.82306	1.82306	1.82306	1.97725	1.82306	1.82306	1.97725	1.97725	1.82306	1.82306	1.82306	1.82306	1.93354	1.53978	1.39841	1.59432	1.59432	1.39841	1.39841	1.39841	1.39841	1.33585	1.00122	0.951109	1.10558	0.84206	0.988919	0.951109	0.563815	0.62547	0.62547	0.4423	0.62547	0.644706	0.156373	0.442266	0.442266	0	0.156373	0.644706	0.62547	0.469111	0.494473	0.349669	0.62547	0.62547	0.563815	0.797313	0.797313	0.781849	0.84206	0.951085	0.62547	0.563815	0.781849	0.884547	0.988919	0.988919	0.884547	0.988919	0.988919	0.884547	1.00122	1.22118	1.39841	1.39841	1.32669	1.39841	1.39841	1.39841	1.39841	1.44145	1.66187	1.76867	1.82306	1.82306	1.88238	2.10293	2.12601	2.03206	1.95866	2.10293	2.12601	2.03206	1.82306	1.82306	1.82306	1.76867	1.82306	1.82306	1.82306	1.82973	1.63218	1.39841	1.44145	1.66187	1.82306	1.82973	1.47495	1.39841	1.59432	1.53978	1.66187	1.69101	1.47495	1.39841	1.59432	1.39841	1.26056	1.26053	0.988919	0.988919	0.988919	0.884547	0.988919	1.25079	0.988919	0.84206	0.951085	0.62547	0.4423	0.62547	0.62547	0.563815	0.797313	0.64473	0.563815	0.797313	0.64473	0.4423	0.4423	0.62547	0.842015
0.884465	0.884465	1.00112	1.22107	1.32657	1.32657	1.32657	1.32657	1.22107	1.00112	0.884465	0.884465	0.884465	0.884465	0.884465	0.781776	0.563763	0.442259	0.64467	0.841982	0.781776	0.563763	0.64467	0.797239	0.797239	0.841982	0.781776	0.797239	0.841982	0.781776	0.563763	0.442259	0.64467	0.841982	0.781776	0.781748	0.625412	0.442259	0.625412	0.625412	0.442259	0.625412	0.625412	0.442259	0.625412	0.950997	0.841982	0.988827	0.95102	0.563763	0.625412	0.625412	0.64467	0.797239	0.563763	0.625412	0.988781	0.988781	0.625412	0.625412	0.625412	0.625412	0.644647	0.156359	0.442225	0.442225	1.00105	1.04874	0.625412	0.625412	0.625412	0.988781	0.625412	0.625412	0.625412	0.625412	0.781748	1.1055	1.33573	1.39828	1.59417	1.39828	1.39828	1.39828	1.39828	1.59417	1.39828	1.53963	1.93336	1.97707	1.82289	1.82289	1.82289	1.97707	2.21018	1.82289	1.82289	1.82289	2.12579	2.32323	2.25396	2.25396	2.25396	2.42594	2.03187	1.95848	2.17124	2.25396	2.38029	2.38029	2.25396	2.23765	2.23762	1.82289	1.82289	1.82289	1.82289	1.97707	2.12579	2.17124	2.23765	2.23762	1.82289	1.82289	1.82289	1.82289	1.97707	1.82289	1.82289	1.97707	1.97707	1.82289	1.82289	1.82289	1.82289	2.05573	1.63203	1.39828	1.59417	1.59417	1.39828	1.39828	1.39828	1.39828	1.44128	1.0488	1.09438	1.10548	0.781776	0.988827	1.09438	0.64467	0.625412	0.625412	0.442259	0.625412	0.841937	0.349615	0.442225	0.442225	0	0.349615	0.841937	0.625412	0.349636	0.494428	0.469067	0.625412	0.625412	0.64467	0.797239	0.797239	0.841982	0.781776	0.781748	0.625412	0.64467	0.841982	0.884465	0.988827	0.988827	0.884465	0.988827	0.988827	0.884465	1.0488	1.26045	1.39828	1.39828	1.32657	1.39828	1.39828	1.39828	1.39828	1.47482	1.69085	1.76851	1.82289	1.82289	1.90797	2.12582	2.10273	1.95848	2.03187	2.12582	2.10273	1.95848	1.82289	1.82289	1.82289	1.76851	1.82289	1.82289	1.82289	1.74766	1.53963	1.39828	1.47482	1.69085	1.82289	1.74766	1.44131	1.39828	1.59417	1.63203	1.69085	1.66172	1.44131	1.39828	1.59417	1.39828	1.22107	1.13819	0.988827	0.988827	0.988827	0.884465	0.988827	1.25067	0.988827	0.781776	0.781748	0.625412	0.442259	0.625412	0.625412	0.64467	0.797239	0.563763	0.64467	0.797239	0.563763	0.442259	0.442259	0.625412	0.644647
0	0	0	0	0	0	0	0	0	0	0	0	0	0	0	0	0	0	0.442184	0.442184	0	0	0.442184	0.442184	0.442184	0.442184	0	0.442184	0.442184	0	0	0	0.442184	0.442184	0	0.442184	0.442184	0	0.442184	0.442184	0	0.442184	0.442184	0	0.442184	0.884315	0.442184	0.442184	0.442184	0	0.442184	0.442184	0.442184	0.442184	0	0.442184	0.884315	0.884315	0.442184	0.442184	0.442184	0.442184	0.442184	0	0.442184	0.442184	0.884315	0.884315	0.442184	0.442184	0.442184	0.884315	0.442184	0.442184	0.442184	0.442184	0.442184	0.442184	0.442184	0.442184	0.884315	0.442184	0.442184	0.442184	0.442184	0.884315	0.442184	0.442184	0.884315	0.884315	0.442184	0.442184	0.442184	0.884315	1.32634	0.442184	0.442184	0.442184	0.884315	0.884315	0.442184	0.442184	0.442184	1.32634	0.884315	0.442184	0.442184	0.442184	0.884315	0.884315	0.442184	0.884315	1.32634	0.442184	0.442184	0.442184	0.442184	0.884315	0.884315	0.442184	0.884315	1.32634	0.442184	0.442184	0.442184	0.442184	0.884315	0.442184	0.442184	0.884315	0.884315	0.442184	0.442184	0.442184	0.442184	1.32634	0.884315	0.442184	0.884315	0.884315	0.442184	0.442184	0.442184	0.442184	0.884315	0.442184	0.884315	0.884315	0	0.442184	0.884315	0.442184	0.442184	0.442184	0	0.442184	0.884315	0.442184	0.442184	0.442184	0	0.442184	0.884315	0.442184	0	0.442184	0.442184	0.442184	0.442184	0.442184	0.442184	0.442184	0.442184	0	0.442184	0.442184	0.442184	0.442184	0	0.442184	0.442184	0	0.442184	0.442184	0	0.442184	0.442184	0.442184	0.442184	0	0.442184	0.442184	0.442184	0.442184	0.442184	0.442184	0	0.442184	0.442184	0.442184	0.442184	0	0.442184	0.884315	0.442184	0	0.442184	0.442184	0.442184	0.442184	0	0.442184	0.442184	0.442184	0.442184	0.442184	0.442184	0.442184	0.442184	0.442184	0.442184	0	0.442184	0.884315	0.884315	0.442184	0	0	0.442184	0.884315	0.442184	0	0.442184	0.442184	0.442184	0.442184	0	0.442184	0.884315	0.442184	0	0.442184	0.442184	0	0.442184	0.442184	0.442184	0.442184	0	0.442184	0.442184	0	0	0	0.442184	0.442184
0	0	0	0	0	0	0	0	0	0	0	0	0	0	0	0	0	0	0.442143	0.442143	0	0	0.442143	0.442143	0.442143	0.442143	0	0.442143	0.442143	0	0	0	0.442143	0.442143	0	0.442143	0.442143	0	0.442143	0.442143	0	0.442143	0.442143	0	0.442143	0.884233	0.442143	0.442143	0.442143	0	0.442143	0.442143	0.442143	0.442143	0	0.442143	0.884233	0.884233	0.442143	0.442143	0.442143	0.442143	0.442143	0	0.442143	0.442143	0.884233	0.884233	0.442143	0.442143	0.442143	0.884233	0.442143	0.442143	0.442143	0.442143	0.442143	0.442143	0.442143	0.442143	0.884233	0.442143	0.442143	0.442143	0.442143	0.884233	0.442143	0.442143	0.884233	0.884233	0.442143	0.442143	0.442143	0.884233	1.32622	0.442143	0.442143	0.442143	0.884233	0.884233	0.442143	0.442143	0.442143	1.32622	0.884233	0.442143	0.442143	0.442143	0.884233	0.884233	0.442143	0.884233	1.32622	0.442143	0.442143	0.442143	0.442143	0.884233	0.884233	0.442143	0.884233	1.32622	0.442143	0.442143	0.442143	0.442143	0.884233	0.442143	0.442143	0.884233	0.884233	0.442143	0.442143	0.442143	0.442143	1.32622	0.884233	0.442143	0.884233	0.884233	0.442143	0.442143	0.442143	0.442143	0.884233	0.442143	0.884233	0.884233	0	0.442143	0.884233	0.442143	0.442143	0.442143	0	0.442143	0.884233	0.442143	0.442143	0.442143	0	0.442143	0.884233	0.442143	0	0.442143	0.442143	0.442143	0.442143	0.442143	0.442143	0.442143	0.442143	0	0.442143	0.442143	0.442143	0.442143	0	0.442143	0.442143	0	0.442143	0.442143	0	0.442143	0.442143	0.442143	0.442143	0	0.442143	0.442143	0.442143	0.442143	0.442143	0.442143	0	0.442143	0.442143	0.442143	0.442143	0	0.442143	0.884233	0.442143	0	0.442143	0.442143	0.442143	0.442143	0	0.442143	0.442143	0.442143	0.442143	0.442143	0.442143	0.442143	0.442143	0.442143	0.442143	0	0.442143	0.884233	0.884233	0.442143	0	0	0.442143	0.884233	0.442143	0	0.442143	0.442143	0.442143	0.442143	0	0.442143	0.884233	0.442143	0	0.442143	0.442143	0	0.442143	0.442143	0.442143	0.442143	0	0.442143	0.442143	0	0	0	0.442143	0.442143
0	0	0	0	0	0	0	0	0	0	0	0	0	0	0	0	0	0	0.442095	0.442095	0	0	0.442095	0.442095	0.442095	0.442095	0	0.442095	0.442095	0	0	0	0.442095	0.442095	0	0.442095	0.442095	0	0.442095	0.442095	0	0.442095	0.442095	0	0.442095	0.884138	0.442095	0.442095	0.442095	0	0.442095	0.442095	0.442095	0.442095	0	0.442095	0.884138	0.884138	0.442095	0.442095	0.442095	0.442095	0.442095	0	0.442095	0.442095	0.884138	0.884138	0.442095	0.442095	0.442095	0.884138	0.442095	0.442095	0.442095	0.442095	0.442095	0.442095	0.442095	0.442095	0.884138	0.442095	0.442095	0.442095	0.442095	0.884138	0.442095	0.442095	0.884138	0.884138	0.442095	0.442095	0.442095	0.884138	1.32607	0.442095	0.442095	0.442095	0.884138	0.884138	0.442095	0.442095	0.442095	1.32607	0.884138	0.442095	0.442095	0.442095	0.884138	0.884138	0.442095	0.884138	1.32607	0.442095	0.442095	0.442095	0.442095	0.884138	0.884138	0.442095	0.884138	1.32607	0.442095	0.442095	0.442095	0.442095	0.884138	0.442095	0.442095	0.884138	0.884138	0.442095	0.442095	0.442095	0.442095	1.32607	0.884138	0.442095	0.884138	0.884138	0.442095	0.442095	0.442095	0.442095	0.884138	0.442095	0.884138	0.884138	0	0.442095	0.884138	0.442095	0.442095	0.442095	0	0.442095	0.884138	0.442095	0.442095	0.442095	0	0.442095	0.884138	0.442095	0	0.442095	0.442095	0.442095	0.442095	0.442095	0.442095	0.442095	0.442095	0	0.442095	0.442095	0.442095	0.442095	0	0.442095	0.442095	0	0.442095	0.442095	0	0.442095	0.442095	0.442095	0.442095	0	0.442095	0.442095	0.442095	0.442095	0.442095	0.442095	0	0.442095	0.442095	0.442095	0.442095	0	0.442095	0.884138	0.442095	0	0.442095	0.442095	0.442095	0.442095	0	0.442095	0.442095	0.442095	0.442095	0.442095	0.442095	0.442095	0.442095	0.442095	0.442095	0	0.442095	0.884138	0.884138	0.442095	0	0	0.442095	0.884138	0.442095	0	0.442095	0.442095	0.442095	0.442095	0	0.442095	0.884138	0.442095	0	0.442095	0.442095	0	0.442095	0.442095	0.442095	0.442095	0	0.442095	0.442095	0	0	0	0.442095	0.442095
0	0	0	0	0	0	0	0	0	0	0	0	0	0	0	0	0	0	0.442054	0.442054	0	0	0.442054	0.442054	0.442054	0.442054	0	0.442054	0.442054	0	0	0	0.442054	0.442054	0	0.442054	0.442054	0	0.442054	0.442054	0	0.442054	0.442054	0	0.442054	0.884056	0.442054	0.442054	0.442054	0	0.442054	0.442054	0.442054	0.442054	0	0.442054	0.884056	0.884056	0.442054	0.442054	0.442054	0.442054	0.442054	0	0.442054	0.442054	0.884056	0.884056	0.442054	0.442054	0.442054	0.884056	0.442054	0.442054	0.442054	0.442054	0.442054	0.442054	0.442054	0.442054	0.884056	0.442054	0.442054	0.442054	0.442054	0.884056	0.442054	0.442054	0.884056	0.884056	0.442054	0.442054	0.442054	0.884056	1.32595	0.442054	0.442054	0.442054	0.884056	0.884056	0.442054	0.442054	0.442054	1.32595	0.884056	0.442054	0.442054	0.442054	0.884056	0.884056	0.442054	0.884056	1.32595	0.442054	0.442054	0.442054	0.442054	0.884056	0.884056	0.442054	0.884056	1.32595	0.442054	0.442054	0.442054	0.442054	0.884056	0.442054	0.442054	0.884056	0.884056	0.442054	0.442054	0.442054	0.442054	1.32595	0.884056	0.442054	0.884056	0.884056	0.442054	0.442054	0.442054	0.442054	0.884056	0.442054	0.884056	0.884056	0	0.442054	0.884056	0.442054	0.442054	0.442054	0	0.442054	0.884056	0.442054	0.442054	0.442054	0	0.442054	0.884056	0.442054	0	0.442054	0.442054	0.442054	0.442054	0.442054	0.442054	0.442054	0.442054	0	0.442054	0.442054	0.442054	0.442054	0	0.442054	0.442054	0	0.442054	0.442054	0	0.442054	0.442054	0.442054	0.442054	0	0.442054	0.442054	0.442054	0.442054	0.442054	0.442054	0	0.442054	0.442054	0.442054	0.442054	0	0.442054	0.884056	0.442054	0	0.442054	0.442054	0.442054	0.442054	0	0.442054	0.442054	0.442054	0.442054	0.442054	0.442054	0.442054	0.442054	0.442054	0.442054	0	0.442054	0.884056	0.884056	0.442054	0	0	0.442054	0.884056	0.442054	0	0.442054	0.442054	0.442054	0.442054	0	0.442054	0.884056	0.442054	0	0.442054	0.442054	0	0.442054	0.442054	0.442054	0.442054	0	0.442054	0.442054	0	0	0	0.442054	0.442054
0	0	0	0	0	0	0	0	0	0	0	0	0	0	0	0	0	0	0.442013	0.442013	0	0	0.442013	0.442013	0.442013	0.442013	0	0.442013	0.442013	0	0	0	0.442013	0.442013	0	0.442013	0.442013	0	0.442013	0.442013	0	0.442013	0.442013	0	0.442013	0.883974	0.442013	0.442013	0.442013	0	0.442013	0.442013	0.442013	0.442013	0	0.442013	0.883974	0.883974	0.442013	0.442013	0.442013	0.442013	0.442013	0	0.442013	0.442013	0.883974	0.883974	0.442013	0.442013	0.442013	0.883974	0.442013	0.442013	0.442013	0.442013	0.442013	0.442013	0.442013	0.442013	0.883974	0.442013	0.442013	0.442013	0.442013	0.883974	0.442013	0.442013	0.883974	0.883974	0.442013	0.442013	0.442013	0.883974	1.32583	0.442013	0.442013	0.442013	0.883974	0.883974	0.442013	0.442013	0.442013	1.32583	0.883974	0.442013	0.442013	0.442013	0.883974	0.883974	0.442013	0.883974	1.32583	0.442013	0.442013	0.442013	0.442013	0.883974	0.883974	0.442013	0.883974	1.32583	0.442013	0.442013	0.442013	0.442013	0.883974	0.442013	0.442013	0.883974	0.883974	0.442013	0.442013	0.442013	0.442013	1.32583	0.883974	0.442013	0.883974	0.883974	0.442013	0.442013	0.442013	0.442013	0.883974	0.442013	0.883974	0.883974	0	0.442013	0.883974	0.442013	0.442013	0.442013	0	0.442013	0.883974	0.442013	0.442013	0.442013	0	0.442013	0.883974	0.442013	0	0.442013	0.442013	0.442013	0.442013	0.442013	0.442013	0.442013	0.442013	0	0.442013	0.442013	0.442013	0.442013	0	0.442013	0.442013	0	0.442013	0.442013	0	0.442013	0.442013	0.442013	0.442013	0	0.442013	0.442013	0.442013	0.442013	0.442013	0.442013	0	0.442013	0.442013	0.442013	0.442013	0	0.442013	0.883974	0.442013	0	0.442013	0.442013	0.442013	0.442013	0	0.442013	0.442013	0.442013	0.442013	0.442013	0.442013	0.442013	0.442013	0.442013	0.442013	0	0.442013	0.883974	0.883974	0.442013	0	0	0.442013	0.883974	0.442013	0	0.442013	0.442013	0.442013	0.442013	0	0.442013	0.883974	0.442013	0	0.442013	0.442013	0	0.442013	0.442013	0.442013	0.442013	0	0.442013	0.442013	0	0	0	0.442013	0.442013
0	0	0	0	0	0	0	0	0	0	0	0	0	0	0	0	0	0	0.441972	0.441972	0	0	0.441972	0.441972	0.441972	0.441972	0	0.441972	0.441972	0	0	0	0.441972	0.441972	0	0.441972	0.441972	0	0.441972	0.441972	0	0.441972	0.441972	0	0.441972	0.883892	0.441972	0.441972	0.441972	0	0.441972	0.441972	0.441972	0.441972	0	0.441972	0.883892	0.883892	0.441972	0.441972	0.441972	0.441972	0.441972	0	0.441972	0.441972	0.883892	0.883892	0.441972	0.441972	0.441972	0.883892	0.441972	0.441972	0.441972	0.441972	0.441972	0.441972	0.441972	0.441972	0.883892	0.441972	0.441972	0.441972	0.441972	0.883892	0.441972	0.441972	0.883892	0.883892	0.441972	0.441972	0.441972	0.883892	1.32571	0.441972	0.441972	0.441972	0.883892	0.883892	0.441972	0.441972	0.441972	1.32571	0.883892	0.441972	0.441972	0.441972	0.883892	0.883892	0.441972	0.883892	1.32571	0.441972	0.441972	0.441972	0.441972	0.883892	0.883892	0.441972	0.883892	1.32571	0.441972	0.441972	0.441972	0.441972	0.883892	0.441972	0.441972	0.883892	0.883892	0.441972	0.441972	0.441972	0.441972	1.32571	0.883892	0.441972	0.883892	0.883892	0.441972	0.441972	0.441972	0.441972	0.883892	0.441972	0.883892	0.883892	0	0.441972	0.883892	0.441972	0.441972	0.441972	0	0.441972	0.883892	0.441972	0.441972	0.441972	0	0.441972	0.883892	0.441972	0	0.441972	0.441972	0.441972	0.441972	0.441972	0.441972	0.441972	0.441972	0	0.441972	0.441972	0.441972	0.441972	0	0.441972	0.441972	0	0.441972	0.441972	0	0.441972	0.441972	0.441972	0.441972	0	0.441972	0.441972	0.441972	0.441972	0.441972	0.441972	0	0.441972	0.441972	0.441972	0.441972	0	0.441972	0.883892	0.441972	0	0.441972	0.441972	0.441972	0.441972	0	0.441972	0.441972	0.441972	0.441972	0.441972	0.441972	0.441972	0.441972	0.441972	0.441972	0	0.441972	0.883892	0.883892	0.441972	0	0	0.441972	0.883892	0.441972	0	0.441972	0.441972	0.441972	0.441972	0	0.441972	0.883892	0.441972	0	0.441972	0.441972	0	0.441972	0.441972	0.441972	0.441972	0	0.441972	0.441972	0	0	0	0.441972	0.441972
0	0	0	0	0	0	0	0	0	0	0	0	0	0	0	0	0	0	0.441931	0.441931	0	0	0.441931	0.441931	0.441931	0.441931	0	0.441931	0.441931	0	0	0	0.441931	0.441931	0	0.441931	0.441931	0	0.441931	0.441931	0	0.441931	0.441931	0	0.441931	0.88381	0.441931	0.441931	0.441931	0	0.441931	0.441931	0.441931	0.441931	0	0.441931	0.88381	0.88381	0.441931	0.441931	0.441931	0.441931	0.441931	0	0.441931	0.441931	0.88381	0.88381	0.441931	0.441931	0.441931	0.88381	0.441931	0.441931	0.441931	0.441931	0.441931	0.441931	0.441931	0.441931	0.88381	0.441931	0.441931	0.441931	0.441931	0.88381	0.441931	0.441931	0.88381	0.88381	0.441931	0.441931	0.441931	0.88381	1.32558	0.441931	0.441931	0.441931	0.88381	0.88381	0.441931	0.441931	0.441931	1.32558	0.88381	0.441931	0.441931	0.441931	0.88381	0.88381	0.441931	0.88381	1.32558	0.441931	0.441931	0.441931	0.441931	0.88381	0.88381	0.441931	0.88381	1.32558	0.441931	0.441931	0.441931	0.441931	0.88381	0.441931	0.441931	0.88381	0.88381	0.441931	0.441931	0.441931	0.441931	1.32558	0.88381	0.441931	0.88381	0.88381	0.441931	0.441931	0.441931	0.441931	0.88381	0.441931	0.88381	0.88381	0	0.441931	0.88381	0.441931	0.441931	0.441931	0	0.441931	0.88381	0.441931	0.441931	0.441931	0	0.441931	0.88381	0.441931	0	0.441931	0.441931	0.441931	0.441931	0.441931	0.441931	0.441931	0.441931	0	0.441931	0.441931	0.441931	0.441931	0	0.441931	0.441931	0	0.441931	0.441931	0	0.441931	0.441931	0.441931	0.441931	0	0.441931	0.441931	0.441931	0.441931	0.441931	0.441931	0	0.441931	0.441931	0.441931	0.441931	0	0.441931	0.88381	0.441931	0	0.441931	0.441931	0.441931	0.441931	0	0.441931	0.441931	0.441931	0.441931	0.441931	0.441931	0.441931	0.441931	0.441931	0.441931	0	0.441931	0.88381	0.88381	0.441931	0	0	0.441931	0.88381	0.441931	0	0.441931	0.441931	0.441931	0.441931	0	0.441931	0.88381	0.441931	0	0.441931	0.441931	0	0.441931	0.441931	0.441931	0.441931	0	0.441931	0.441931	0	0	0	0.441931	0.441931
0	0	0	0	0	0	0	0	0	0	0	0	0	0	0	0	0	0	0.441884	0.441884	0	0	0.441884	0.441884	0.441884	0.441884	0	0.441884	0.441884	0	0	0	0.441884	0.441884	0	0.441884	0.441884	0	0.441884	0.441884	0	0.441884	0.441884	0	0.441884	0.883715	0.441884	0.441884	0.441884	0	0.441884	0.441884	0.441884	0.441884	0	0.441884	0.883715	0.883715	0.441884	0.441884	0.441884	0.441884	0.441884	0	0.441884	0.441884	0.883715	0.883715	0.441884	0.441884	0.441884	0.883715	0.441884	0.441884	0.441884	0.441884	0.441884	0.441884	0.441884	0.441884	0.883715	0.441884	0.441884	0.441884	0.441884	0.883715	0.441884	0.441884	0.883715	0.883715	0.441884	0.441884	0.441884	0.883715	1.32544	0.441884	0.441884	0.441884	0.883715	0.883715	0.441884	0.441884	0.441884	1.32544	0.883715	0.441884	0.441884	0.441884	0.883715	0.883715	0.441884	0.883715	1.32544	0.441884	0.441884	0.441884	0.441884	0.883715	0.883715	0.441884	0.883715	1.32544	0.441884	0.441884	0.441884	0.441884	0.883715	0.441884	0.441884	0.883715	0.883715	0.441884	0.441884	0.441884	0.441884	1.32544	0.883715	0.441884	0.883715	0.883715	0.441884	0.441884	0.441884	0.441884	0.883715	0.441884	0.883715	0.883715	0	0.441884	0.883715	0.441884	0.441884	0.441884	0	0.441884	0.883715	0.441884	0.441884	0.441884	0	0.441884	0.883715	0.441884	0	0.441884	0.441884	0.441884	0.441884	0.441884	0.441884	0.441884	0.441884	0	0.441884	0.441884	0.441884	0.441884	0	0.441884	0.441884	0	0.441884	0.441884	0	0.441884	0.441884	0.441884	0.441884	0	0.441884	0.441884	0.441884	0.441884	0.441884	0.441884	0	0.441884	0.441884	0.441884	0.441884	0	0.441884	0.883715	0.441884	0	0.441884	0.441884	0.441884	0.441884	0	0.441884	0.441884	0.441884	0.441884	0.441884	0.441884	0.441884	0.441884	0.441884	0.441884	0	0.441884	0.883715	0.883715	0.441884	0	0	0.441884	0.883715	0.441884	0	0.441884	0.441884	0.441884	0.441884	0	0.441884	0.883715	0.441884	0	0.441884	0.441884	0	0.441884	0.441884	0.441884	0.441884	0	0.441884	0.441884	0	0	0	0.441884	0.441884
0	0	0	0	0	0	0	0	0	0	0	0	0	0	0	0	0	0	0.441843	0.441843	0	0	0.441843	0.441843	0.441843	0.441843	0	0.441843	0.441843	0	0	0	0.441843	0.441843	0	0.441843	0.441843	0	0.441843	0.441843	0	0.441843	0.441843	0	0.441843	0.883633	0.441843	0.441843	0.441843	0	0.441843	0.441843	0.441843	0.441843	0	0.441843	0.883633	0.883633	0.441843	0.441843	0.441843	0.441843	0.441843	0	0.441843	0.441843	0.883633	0.883633	0.441843	0.441843	0.441843	0.883633	0.441843	0.441843	0.441843	0.441843	0.441843	0.441843	0.441843	0.441843	0.883633	0.441843	0.441843	0.441843	0.441843	0.883633	0.441843	0.441843	0.883633	0.883633	0.441843	0.441843	0.441843	0.883633	1.32532	0.441843	0.441843	0.441843	0.883633	0.883633	0.441843	0.441843	0.441843	1.32532	0.883633	0.441843	0.441843	0.441843	0.883633	0.883633	0.441843	0.883633	1.32532	0.441843	0.441843	0.441843	0.441843	0.883633	0.883633	0.441843	0.883633	1.32532	0.441843	0.441843	0.441843	0.441843	0.883633	0.441843	0.441843	0.883633	0.883633	0.441843	0.441843	0.441843	0.441843	1.32532	0.883633	0.441843	0.883633	0.883633	0.441843	0.441843	0.441843	0.441843	0.883633	0.441843	0.883633	0.883633	0	0.441843	0.883633	0.441843	0.441843	0.441843	0	0.441843	0.883633	0.441843	0.441843	0.441843	0	0.441843	0.883633	0.441843	0	0.441843	0.441843	0.441843	0.441843	0.441843	0.441843	0.441843	0.441843	0	0.441843	0.441843	0.441843	0.441843	0	0.441843	0.441843	0	0.441843	0.441843	0	0.441843	0.441843	0.441843	0.441843	0	0.441843	0.441843	0.441843	0.441843	0.441843	0.441843	0	0.441843	0.441843	0.441843	0.441843	0	0.441843	0.883633	0.441843	0	0.441843	0.441843	0.441843	0.441843	0	0.441843	0.441843	0.441843	0.441843	0.441843	0.441843	0.441843	0.441843	0.441843	0.441843	0	0.441843	0.883633	0.883633	0.441843	0	0	0.441843	0.883633	0.441843	0	0.441843	0.441843	0.441843	0.441843	0	0.441843	0.883633	0.441843	0	0.441843	0.441843	0	0.441843	0.441843	0.441843	0.441843	0	0.441843	0.441843	0	0	0	0.441843	0.441843
0.441836	0.441836	0.563224	0.781029	0.883619	0.883619	0.883619	0.883619	1.00017	1.2199	1.3253	1.3253	1.3253	1.3253	1.3253	1.43993	1.66013	1.76682	1.82115	1.82115	1.76682	1.76682	1.82115	1.82115	1.68924	1.47341	1.43993	1.60791	1.47341	1.3253	1.3253	1.43993	1.60791	1.47341	1.3253	1.25924	1.0478	0.883619	0.987882	0.987882	0.883619	0.987882	0.987882	1.00017	1.33445	1.59265	1.39695	1.39695	1.53816	1.66013	1.82115	1.82115	1.68924	1.60791	1.66013	1.82115	1.82781	1.63047	1.39695	1.25924	1.0478	0.987882	1.1371	1.2199	1.25924	1.0478	1.09334	0.950088	0.624814	0.624814	0.624814	0.841132	0.34928	0.441802	0.441802	0.441802	0.441802	0.441802	0.441802	0.441802	0.780971	0.468619	0.624814	0.624814	0.624814	0.950088	0.841177	0.987882	1.24948	1.24948	0.987882	0.987882	0.987882	1.25921	1.71779	1.39695	1.47341	1.68924	1.97518	1.97518	1.82115	1.82115	1.82115	2.23548	2.23551	2.25181	2.25181	2.25181	2.37802	2.32101	1.9566	2.02993	2.42363	2.25181	2.25181	2.25181	2.25181	2.37802	2.37802	2.25181	2.37802	2.57459	2.25181	2.25181	2.25181	2.25181	2.37802	2.25181	2.25181	2.37802	2.37802	2.25181	2.25181	2.25181	2.25181	2.61679	2.65375	2.59816	2.52208	2.37802	2.25181	2.25181	2.25181	2.25181	2.37802	2.25181	2.44366	2.58405	2.32104	2.16917	2.12375	1.82115	1.82115	1.74599	1.43993	1.39695	1.59265	1.39695	1.47341	1.68924	1.66013	1.53816	1.63047	1.68924	1.66013	1.53816	1.39695	1.47341	1.68924	1.82115	1.74599	1.53816	1.39695	1.2199	1.1371	0.987882	0.987882	0.987882	0.781029	0.781	0.624814	0.349302	0.563184	0.441802	0	0.441802	0.441802	0.441802	0.563184	0.349302	0.468619	0.34928	0.563184	0.64403	0.624814	0.624814	0.563224	0.796477	0.644054	0.624814	0.624814	0.563224	0.950111	1.24948	0.987882	1.00017	1.18952	1.0478	0.987882	0.987882	1.00017	1.18952	1.0478	0.987882	1.1371	1.33445	1.39695	1.25924	1.0478	0.987882	1.1371	1.2199	1.25924	1.25921	1.24948	0.987882	0.883619	0.883619	0.987882	1.24948	0.987882	0.883619	0.987882	0.987882	0.987882	0.987882	0.883619	0.987882	1.24948	0.987882	0.883619	0.987882	0.987882	0.883619	0.987882	0.987882	0.987882	0.987882	0.883619	0.987882	0.987882	0.883619	0.883619	0.883619	0.987882	0.987882
0.441795	0.441795	0.643994	0.841099	0.883538	0.883538	0.883538	0.883538	1.04771	1.25913	1.32518	1.32518	1.32518	1.32518	1.32518	1.47327	1.68908	1.76666	1.82098	1.82098	1.76666	1.76666	1.82098	1.82098	1.65998	1.4398	1.47327	1.60776	1.4398	1.32518	1.32518	1.47327	1.60776	1.4398	1.32518	1.21979	1.00007	0.883538	0.98779	0.98779	0.883538	0.98779	0.98779	1.04771	1.43977	1.5925	1.39682	1.39682	1.63032	1.68908	1.82098	1.82098	1.65998	1.60776	1.68908	1.82098	1.74583	1.53802	1.39682	1.21979	1.00007	0.98779	1.2591	1.25913	1.21979	1.00007	0.950023	0.780928	0.624756	0.624756	0.624756	0.643971	0.156195	0.441761	0.441761	0.441761	0.441761	0.441761	0.441761	0.441761	0.563132	0.34927	0.624756	0.624756	0.624756	0.780928	0.780957	0.98779	1.24936	1.24936	0.98779	0.98779	0.98779	1.13699	1.56936	1.39682	1.4398	1.65998	1.97499	1.97499	1.82098	1.82098	1.82098	2.12356	2.16897	2.2516	2.2516	2.2516	2.3778	2.4234	2.02974	1.95642	2.3208	2.2516	2.2516	2.2516	2.2516	2.3778	2.3778	2.2516	2.3778	2.57435	2.2516	2.2516	2.2516	2.2516	2.3778	2.2516	2.2516	2.3778	2.3778	2.2516	2.2516	2.2516	2.2516	2.52185	2.59792	2.65351	2.61655	2.3778	2.2516	2.2516	2.2516	2.2516	2.3778	2.2516	2.38292	2.58381	2.34171	2.23531	2.23528	1.82098	1.82098	1.82764	1.47327	1.39682	1.5925	1.39682	1.4398	1.65998	1.68908	1.63032	1.53802	1.65998	1.68908	1.63032	1.39682	1.4398	1.65998	1.82098	1.82764	1.63032	1.39682	1.25913	1.2591	0.98779	0.98779	0.98779	0.841099	0.95	0.624756	0.468575	0.780899	0.441761	0	0.441761	0.441761	0.441761	0.780899	0.468575	0.34927	0.156195	0.780899	0.841054	0.624756	0.624756	0.643994	0.796403	0.563172	0.624756	0.624756	0.643994	1.09323	1.24936	0.98779	1.04771	1.18941	1.00007	0.98779	0.98779	1.04771	1.18941	1.00007	0.98779	1.2591	1.43977	1.39682	1.21979	1.00007	0.98779	1.2591	1.25913	1.21979	1.13699	1.24936	0.98779	0.883538	0.883538	0.98779	1.24936	0.98779	0.883538	0.98779	0.98779	0.98779	0.98779	0.883538	0.98779	1.24936	0.98779	0.883538	0.98779	0.98779	0.883538	0.98779	0.98779	0.98779	0.98779	0.883538	0.98779	0.98779	0.883538	0.883538	0.883538	0.98779	0.98779
0	0	0.44172	0.44172	0	0	0	0	0.44172	0.44172	0	0	0	0	0	0.44172	0.44172	0	0.44172	0.44172	0	0	0.44172	0.44172	0	0	0.44172	0.44172	0	0	0	0.44172	0.44172	0	0	0	0	0	0.44172	0.44172	0	0.44172	0.44172	0.44172	0.883388	0.883388	0.44172	0.44172	0.883388	0.44172	0.44172	0.44172	0	0.44172	0.44172	0.44172	0.44172	0.44172	0.44172	0	0	0.44172	0.883388	0.44172	0	0	0.44172	0.44172	0.44172	0.44172	0.44172	0.44172	0	0.44172	0.44172	0.44172	0.44172	0.44172	0.44172	0.44172	0.44172	0	0.44172	0.44172	0.44172	0.44172	0	0.44172	0.883388	0.883388	0.44172	0.44172	0.44172	0.44172	0.883388	0.44172	0	0	0.883388	0.883388	0.44172	0.44172	0.44172	0.883388	0.44172	0.44172	0.44172	0.44172	0.883388	1.32495	0.883388	0.44172	0.883388	0.44172	0.44172	0.44172	0.44172	0.883388	0.883388	0.44172	0.883388	1.32495	0.44172	0.44172	0.44172	0.44172	0.883388	0.44172	0.44172	0.883388	0.883388	0.44172	0.44172	0.44172	0.44172	0.883388	0.44172	0.883388	1.32495	0.883388	0.44172	0.44172	0.44172	0.44172	0.883388	0.44172	0.44172	0.883388	0.44172	0.883388	1.32495	0.44172	0.44172	0.883388	0.44172	0.44172	0.883388	0.44172	0	0	0.44172	0.883388	0.44172	0	0.44172	0.883388	0.44172	0	0	0.44172	0.883388	0.883388	0.44172	0.44172	0.883388	0.44172	0.44172	0.44172	0.44172	0.883388	0.44172	0.44172	0.883388	0.44172	0	0.44172	0.44172	0.44172	0.883388	0.44172	0	0	0.883388	0.883388	0.44172	0.44172	0.44172	0.44172	0	0.44172	0.44172	0.44172	0.883388	0.883388	0.44172	0.44172	0.44172	0	0.44172	0.44172	0.44172	0.44172	0	0.44172	0.883388	0.883388	0.44172	0	0	0.44172	0.883388	0.44172	0	0.44172	0.883388	0.44172	0	0	0.44172	0.883388	0.44172	0	0.44172	0.44172	0.44172	0.44172	0	0.44172	0.883388	0.44172	0	0.44172	0.44172	0	0.44172	0.44172	0.44172	0.44172	0	0.44172	0.44172	0	0	0	0.44172	0.44172
0	0	0.441679	0.441679	0	0	0	0	0.441679	0.441679	0	0	0	0	0	0.441679	0.441679	0	0.441679	0.441679	0	0	0.441679	0.441679	0	0	0.441679	0.441679	0	0	0	0.441679	0.441679	0	0	0	0	0	0.441679	0.441679	0	0.441679	0.441679	0.441679	0.883306	0.883306	0.441679	0.441679	0.883306	0.441679	0.441679	0.441679	0	0.441679	0.441679	0.441679	0.441679	0.441679	0.441679	0	0	0.441679	0.883306	0.441679	0	0	0.441679	0.441679	0.441679	0.441679	0.441679	0.441679	0	0.441679	0.441679	0.441679	0.441679	0.441679	0.441679	0.441679	0.441679	0	0.441679	0.441679	0.441679	0.441679	0	0.441679	0.883306	0.883306	0.441679	0.441679	0.441679	0.441679	0.883306	0.441679	0	0	0.883306	0.883306	0.441679	0.441679	0.441679	0.883306	0.441679	0.441679	0.441679	0.441679	0.883306	1.32483	0.883306	0.441679	0.883306	0.441679	0.441679	0.441679	0.441679	0.883306	0.883306	0.441679	0.883306	1.32483	0.441679	0.441679	0.441679	0.441679	0.883306	0.441679	0.441679	0.883306	0.883306	0.441679	0.441679	0.441679	0.441679	0.883306	0.441679	0.883306	1.32483	0.883306	0.441679	0.441679	0.441679	0.441679	0.883306	0.441679	0.441679	0.883306	0.441679	0.883306	1.32483	0.441679	0.441679	0.883306	0.441679	0.441679	0.883306	0.441679	0	0	0.441679	0.883306	0.441679	0	0.441679	0.883306	0.441679	0	0	0.441679	0.883306	0.883306	0.441679	0.441679	0.883306	0.441679	0.441679	0.441679	0.441679	0.883306	0.441679	0.441679	0.883306	0.441679	0	0.441679	0.441679	0.441679	0.883306	0.441679	0	0	0.883306	0.883306	0.441679	0.441679	0.441679	0.441679	0	0.441679	0.441679	0.441679	0.883306	0.883306	0.441679	0.441679	0.441679	0	0.441679	0.441679	0.441679	0.441679	0	0.441679	0.883306	0.883306	0.441679	0	0	0.441679	0.883306	0.441679	0	0.441679	0.883306	0.441679	0	0	0.441679	0.883306	0.441679	0	0.441679	0.441679	0.441679	0.441679	0	0.441679	0.883306	0.441679	0	0.441679	0.441679	0	0.441679	0.441679	0.441679	0.441679	0	0.441679	0.441679	0	0	0	0.441679	0.441679
0	0	0.441632	0.441632	0	0	0	0	0.441632	0.441632	0	0	0	0	0	0.441632	0.441632	0	0.441632	0.441632	0	0	0.441632	0.441632	0	0	0.441632	0.441632	0	0	0	0.441632	0.441632	0	0	0	0	0	0.441632	0.441632	0	0.441632	0.441632	0.441632	0.883211	0.883211	0.441632	0.441632	0.883211	0.441632	0.441632	0.441632	0	0.441632	0.441632	0.441632	0.441632	0.441632	0.441632	0	0	0.441632	0.883211	0.441632	0	0	0.441632	0.441632	0.441632	0.441632	0.441632	0.441632	0	0.441632	0.441632	0.441632	0.441632	0.441632	0.441632	0.441632	0.441632	0	0.441632	0.441632	0.441632	0.441632	0	0.441632	0.883211	0.883211	0.441632	0.441632	0.441632	0.441632	0.883211	0.441632	0	0	0.883211	0.883211	0.441632	0.441632	0.441632	0.883211	0.441632	0.441632	0.441632	0.441632	0.883211	1.32469	0.883211	0.441632	0.883211	0.441632	0.441632	0.441632	0.441632	0.883211	0.883211	0.441632	0.883211	1.32469	0.441632	0.441632	0.441632	0.441632	0.883211	0.441632	0.441632	0.883211	0.883211	0.441632	0.441632	0.441632	0.441632	0.883211	0.441632	0.883211	1.32469	0.883211	0.441632	0.441632	0.441632	0.441632	0.883211	0.441632	0.441632	0.883211	0.441632	0.883211	1.32469	0.441632	0.441632	0.883211	0.441632	0.441632	0.883211	0.441632	0	0	0.441632	0.883211	0.441632	0	0.441632	0.883211	0.441632	0	0	0.441632	0.883211	0.883211	0.441632	0.441632	0.883211	0.441632	0.441632	0.441632	0.441632	0.883211	0.441632	0.441632	0.883211	0.441632	0	0.441632	0.441632	0.441632	0.883211	0.441632	0	0	0.883211	0.883211	0.441632	0.441632	0.441632	0.441632	0	0.441632	0.441632	0.441632	0.883211	0.883211	0.441632	0.441632	0.441632	0	0.441632	0.441632	0.441632	0.441632	0	0.441632	0.883211	0.883211	0.441632	0	0	0.441632	0.883211	0.441632	0	0.441632	0.883211	0.441632	0	0	0.441632	0.883211	0.441632	0	0.441632	0.441632	0.441632	0.441632	0	0.441632	0.883211	0.441632	0	0.441632	0.441632	0	0.441632	0.441632	0.441632	0.441632	0	0.441632	0.441632	0	0	0	0.441632	0.441632
0	0	0.441591	0.441591	0	0	0	0	0.441591	0.441591	0	0	0	0	0	0.441591	0.441591	0	0.441591	0.441591	0	0	0.441591	0.441591	0	0	0.441591	0.441591	0	0	0	0.441591	0.441591	0	0	0	0	0	0.441591	0.441591	0	0.441591	0.441591	0.441591	0.883129	0.883129	0.441591	0.441591	0.883129	0.441591	0.441591	0.441591	0	0.441591	0.441591	0.441591	0.441591	0.441591	0.441591	0	0	0.441591	0.883129	0.441591	0	0	0.441591	0.441591	0.441591	0.441591	0.441591	0.441591	0	0.441591	0.441591	0.441591	0.441591	0.441591	0.441591	0.441591	0.441591	0	0.441591	0.441591	0.441591	0.441591	0	0.441591	0.883129	0.883129	0.441591	0.441591	0.441591	0.441591	0.883129	0.441591	0	0	0.883129	0.883129	0.441591	0.441591	0.441591	0.883129	0.441591	0.441591	0.441591	0.441591	0.883129	1.32456	0.883129	0.441591	0.883129	0.441591	0.441591	0.441591	0.441591	0.883129	0.883129	0.441591	0.883129	1.32456	0.441591	0.441591	0.441591	0.441591	0.883129	0.441591	0.441591	0.883129	0.883129	0.441591	0.441591	0.441591	0.441591	0.883129	0.441591	0.883129	1.32456	0.883129	0.441591	0.441591	0.441591	0.441591	0.883129	0.441591	0.441591	0.883129	0.441591	0.883129	1.32456	0.441591	0.441591	0.883129	0.441591	0.441591	0.883129	0.441591	0	0	0.441591	0.883129	0.441591	0	0.441591	0.883129	0.441591	0	0	0.441591	0.883129	0.883129	0.441591	0.441591	0.883129	0.441591	0.441591	0.441591	0.441591	0.883129	0.441591	0.441591	0.883129	0.441591	0	0.441591	0.441591	0.441591	0.883129	0.441591	0	0	0.883129	0.883129	0.441591	0.441591	0.441591	0.441591	0	0.441591	0.441591	0.441591	0.883129	0.883129	0.441591	0.441591	0.441591	0	0.441591	0.441591	0.441591	0.441591	0	0.441591	0.883129	0.883129	0.441591	0	0	0.441591	0.883129	0.441591	0	0.441591	0.883129	0.441591	0	0	0.441591	0.883129	0.441591	0	0.441591	0.441591	0.441591	0.441591	0	0.441591	0.883129	0.441591	0	0.441591	0.441591	0	0.441591	0.441591	0.441591	0.441591	0	0.441591	0.441591	0	0	0	0.441591	0.441591
0	0	0.44155	0.44155	0	0	0	0	0.44155	0.44155	0	0	0	0	0	0.44155	0.44155	0	0.44155	0.44155	0	0	0.44155	0.44155	0	0	0.44155	0.44155	0	0	0	0.44155	0.44155	0	0	0	0	0	0.44155	0.44155	0	0.44155	0.44155	0.44155	0.883048	0.883048	0.44155	0.44155	0.883048	0.44155	0.44155	0.44155	0	0.44155	0.44155	0.44155	0.44155	0.44155	0.44155	0	0	0.44155	0.883048	0.44155	0	0	0.44155	0.44155	0.44155	0.44155	0.44155	0.44155	0	0.44155	0.44155	0.44155	0.44155	0.44155	0.44155	0.44155	0.44155	0	0.44155	0.44155	0.44155	0.44155	0	0.44155	0.883048	0.883048	0.44155	0.44155	0.44155	0.44155	0.883048	0.44155	0	0	0.883048	0.883048	0.44155	0.44155	0.44155	0.883048	0.44155	0.44155	0.44155	0.44155	0.883048	1.32444	0.883048	0.44155	0.883048	0.44155	0.44155	0.44155	0.44155	0.883048	0.883048	0.44155	0.883048	1.32444	0.44155	0.44155	0.44155	0.44155	0.883048	0.44155	0.44155	0.883048	0.883048	0.44155	0.44155	0.44155	0.44155	0.883048	0.44155	0.883048	1.32444	0.883048	0.44155	0.44155	0.44155	0.44155	0.883048	0.44155	0.44155	0.883048	0.44155	0.883048	1.32444	0.44155	0.44155	0.883048	0.44155	0.44155	0.883048	0.44155	0	0	0.44155	0.883048	0.44155	0	0.44155	0.883048	0.44155	0	0	0.44155	0.883048	0.883048	0.44155	0.44155	0.883048	0.44155	0.44155	0.44155	0.44155	0.883048	0.44155	0.44155	0.883048	0.44155	0	0.44155	0.44155	0.44155	0.883048	0.44155	0	0	0.883048	0.883048	0.44155	0.44155	0.44155	0.44155	0	0.44155	0.44155	0.44155	0.883048	0.883048	0.44155	0.44155	0.44155	0	0.44155	0.44155	0.44155	0.44155	0	0.44155	0.883048	0.883048	0.44155	0	0	0.44155	0.883048	0.44155	0	0.44155	0.883048	0.44155	0	0	0.44155	0.883048	0.44155	0	0.44155	0.44155	0.44155	0.44155	0	0.44155	0.883048	0.44155	0	0.44155	0.44155	0	0.44155	0.44155	0.44155	0.44155	0	0.44155	0.44155	0	0	0	0.44155	0.44155
0	0	0.441509	0.441509	0	0	0	0	0.441509	0.441509	0	0	0	0	0	0.441509	0.441509	0	0.441509	0.441509	0	0	0.441509	0.441509	0	0	0.441509	0.441509	0	0	0	0.441509	0.441509	0	0	0	0	0	0.441509	0.441509	0	0.441509	0.441509	0.441509	0.882966	0.882966	0.441509	0.441509	0.882966	0.441509	0.441509	0.441509	0	0.441509	0.441509	0.441509	0.441509	0.441509	0.441509	0	0	0.441509	0.882966	0.441509	0	0	0.441509	0.441509	0.441509	0.441509	0.441509	0.441509	0	0.441509	0.441509	0.441509	0.441509	0.441509	0.441509	0.441509	0.441509	0	0.441509	0.441509	0.441509	0.441509	0	0.441509	0.882966	0.882966	0.441509	0.441509	0.441509	0.441509	0.882966	0.441509	0	0	0.882966	0.882966	0.441509	0.441509	0.441509	0.882966	0.441509	0.441509	0.441509	0.441509	0.882966	1.32432	0.882966	0.441509	0.882966	0.441509	0.441509	0.441509	0.441509	0.882966	0.882966	0.441509	0.882966	1.32432	0.441509	0.441509	0.441509	0.441509	0.882966	0.441509	0.441509	0.882966	0.882966	0.441509	0.441509	0.441509	0.441509	0.882966	0.441509	0.882966	1.32432	0.882966	0.441509	0.441509	0.441509	0.441509	0.882966	0.441509	0.441509	0.882966	0.441509	0.882966	1.32432	0.441509	0.441509	0.882966	0.441509	0.441509	0.882966	0.441509	0	0	0.441509	0.882966	0.441509	0	0.441509	0.882966	0.441509	0	0	0.441509	0.882966	0.882966	0.441509	0.441509	0.882966	0.441509	0.441509	0.441509	0.441509	0.882966	0.441509	0.441509	0.882966	0.441509	0	0.441509	0.441509	0.441509	0.882966	0.441509	0	0	0.882966	0.882966	0.441509	0.441509	0.441509	0.441509	0	0.441509	0.441509	0.441509	0.882966	0.882966	0.441509	0.441509	0.441509	0	0.441509	0.441509	0.441509	0.441509	0	0.441509	0.882966	0.882966	0.441509	0	0	0.441509	0.882966	0.441509	0	0.441509	0.882966	0.441509	0	0	0.441509	0.882966	0.441509	0	0.441509	0.441509	0.441509	0.441509	0	0.441509	0.882966	0.441509	0	0.441509	0.441509	0	0.441509	0.441509	0.441509	0.441509	0	0.441509	0.441509	0	0	0	0.441509	0.441509
0	0	0.441468	0.441468	0	0	0	0	0.441468	0.441468	0	0	0	0	0	0.441468	0.441468	0	0.441468	0.441468	0	0	0.441468	0.441468	0	0	0.441468	0.441468	0	0	0	0.441468	0.441468	0	0	0	0	0	0.441468	0.441468	0	0.441468	0.441468	0.441468	0.882884	0.882884	0.441468	0.441468	0.882884	0.441468	0.441468	0.441468	0	0.441468	0.441468	0.441468	0.441468	0.441468	0.441468	0	0	0.441468	0.882884	0.441468	0	0	0.441468	0.441468	0.441468	0.441468	0.441468	0.441468	0	0.441468	0.441468	0.441468	0.441468	0.441468	0.441468	0.441468	0.441468	0	0.441468	0.441468	0.441468	0.441468	0	0.441468	0.882884	0.882884	0.441468	0.441468	0.441468	0.441468	0.882884	0.441468	0	0	0.882884	0.882884	0.441468	0.441468	0.441468	0.882884	0.441468	0.441468	0.441468	0.441468	0.882884	1.3242	0.882884	0.441468	0.882884	0.441468	0.441468	0.441468	0.441468	0.882884	0.882884	0.441468	0.882884	1.3242	0.441468	0.441468	0.441468	0.441468	0.882884	0.441468	0.441468	0.882884	0.882884	0.441468	0.441468	0.441468	0.441468	0.882884	0.441468	0.882884	1.3242	0.882884	0.441468	0.441468	0.441468	0.441468	0.882884	0.441468	0.441468	0.882884	0.441468	0.882884	1.3242	0.441468	0.441468	0.882884	0.441468	0.441468	0.882884	0.441468	0	0	0.441468	0.882884	0.441468	0	0.441468	0.882884	0.441468	0	0	0.441468	0.882884	0.882884	0.441468	0.441468	0.882884	0.441468	0.441468	0.441468	0.441468	0.882884	0.441468	0.441468	0.882884	0.441468	0	0.441468	0.441468	0.441468	0.882884	0.441468	0	0	0.882884	0.882884	0.441468	0.441468	0.441468	0.441468	0	0.441468	0.441468	0.441468	0.882884	0.882884	0.441468	0.441468	0.441468	0	0.441468	0.441468	0.441468	0.441468	0	0.441468	0.882884	0.882884	0.441468	0	0	0.441468	0.882884	0.441468	0	0.441468	0.882884	0.441468	0	0	0.441468	0.882884	0.441468	0	0.441468	0.441468	0.441468	0.441468	0	0.441468	0.882884	0.441468	0	0.441468	0.441468	0	0.441468	0.441468	0.441468	0.441468	0	0.441468	0.441468	0	0	0	0.441468	0.441468
0	0	0.441421	0.441421	0	0	0	0	0.441421	0.441421	0	0	0	0	0	0.441421	0.441421	0	0.441421	0.441421	0	0	0.441421	0.441421	0	0	0.441421	0.441421	0	0	0	0.441421	0.441421	0	0	0	0	0	0.441421	0.441421	0	0.441421	0.441421	0.441421	0.882789	0.882789	0.441421	0.441421	0.882789	0.441421	0.441421	0.441421	0	0.441421	0.441421	0.441421	0.441421	0.441421	0.441421	0	0	0.441421	0.882789	0.441421	0	0	0.441421	0.441421	0.441421	0.441421	0.441421	0.441421	0	0.441421	0.441421	0.441421	0.441421	0.441421	0.441421	0.441421	0.441421	0	0.441421	0.441421	0.441421	0.441421	0	0.441421	0.882789	0.882789	0.441421	0.441421	0.441421	0.441421	0.882789	0.441421	0	0	0.882789	0.882789	0.441421	0.441421	0.441421	0.882789	0.441421	0.441421	0.441421	0.441421	0.882789	1.32405	0.882789	0.441421	0.882789	0.441421	0.441421	0.441421	0.441421	0.882789	0.882789	0.441421	0.882789	1.32405	0.441421	0.441421	0.441421	0.441421	0.882789	0.441421	0.441421	0.882789	0.882789	0.441421	0.441421	0.441421	0.441421	0.882789	0.441421	0.882789	1.32405	0.882789	0.441421	0.441421	0.441421	0.441421	0.882789	0.441421	0.441421	0.882789	0.441421	0.882789	1.32405	0.441421	0.441421	0.882789	0.441421	0.441421	0.882789	0.441421	0	0	0.441421	0.882789	0.441421	0	0.441421	0.882789	0.441421	0	0	0.441421	0.882789	0.882789	0.441421	0.441421	0.882789	0.441421	0.441421	0.441421	0.441421	0.882789	0.441421	0.441421	0.882789	0.441421	0	0.441421	0.441421	0.441421	0.882789	0.441421	0	0	0.882789	0.882789	0.441421	0.441421	0.441421	0.441421	0	0.441421	0.441421	0.441421	0.882789	0.882789	0.441421	0.441421	0.441421	0	0.441421	0.441421	0.441421	0.441421	0	0.441421	0.882789	0.882789	0.441421	0	0	0.441421	0.882789	0.441421	0	0.441421	0.882789	0.441421	0	0	0.441421	0.882789	0.441421	0	0.441421	0.441421	0.441421	0.441421	0	0.441421	0.882789	0.441421	0	0.441421	0.441421	0	0.441421	0.441421	0.441421	0.441421	0	0.441421	0.441421	0	0	0	0.441421	0.441421
0	0	0.44138	0.44138	0	0	0	0	0.44138	0.44138	0	0	0	0	0	0.44138	0.44138	0	0.44138	0.44138	0	0	0.44138	0.44138	0	0	0.44138	0.44138	0	0	0	0.44138	0.44138	0	0	0	0	0	0.44138	0.44138	0	0.44138	0.44138	0.44138	0.882707	0.882707	0.44138	0.44138	0.882707	0.44138	0.44138	0.44138	0	0.44138	0.44138	0.44138	0.44138	0.44138	0.44138	0	0	0.44138	0.882707	0.44138	0	0	0.44138	0.44138	0.44138	0.44138	0.44138	0.44138	0	0.44138	0.44138	0.44138	0.44138	0.44138	0.44138	0.44138	0.44138	0	0.44138	0.44138	0.44138	0.44138	0	0.44138	0.882707	0.882707	0.44138	0.44138	0.44138	0.44138	0.882707	0.44138	0	0	0.882707	0.882707	0.44138	0.44138	0.44138	0.882707	0.44138	0.44138	0.44138	0.44138	0.882707	1.32393	0.882707	0.44138	0.882707	0.44138	0.44138	0.44138	0.44138	0.882707	0.882707	0.44138	0.882707	1.32393	0.44138	0.44138	0.44138	0.44138	0.882707	0.44138	0.44138	0.882707	0.882707	0.44138	0.44138	0.44138	0.44138	0.882707	0.44138	0.882707	1.32393	0.882707	0.44138	0.44138	0.44138	0.44138	0.882707	0.44138	0.44138	0.882707	0.44138	0.882707	1.32393	0.44138	0.44138	0.882707	0.44138	0.44138	0.882707	0.44138	0	0	0.44138	0.882707	0.44138	0	0.44138	0.882707	0.44138	0	0	0.44138	0.882707	0.882707	0.44138	0.44138	0.882707	0.44138	0.44138	0.44138	0.44138	0.882707	0.44138	0.44138	0.882707	0.44138	0	0.44138	0.44138	0.44138	0.882707	0.44138	0	0	0.882707	0.882707	0.44138	0.44138	0.44138	0.44138	0	0.44138	0.44138	0.44138	0.882707	0.882707	0.44138	0.44138	0.44138	0	0.44138	0.44138	0.44138	0.44138	0	0.44138	0.882707	0.882707	0.44138	0	0	0.44138	0.882707	0.44138	0	0.44138	0.882707	0.44138	0	0	0.44138	0.882707	0.44138	0	0.44138	0.44138	0.44138	0.44138	0	0.44138	0.882707	0.44138	0	0.44138	0.44138	0	0.44138	0.44138	0.44138	0.44138	0	0.44138	0.44138	0	0	0	0.44138	0.44138
1.76497	1.76497	1.68747	1.60622	1.65839	1.76497	1.76497	1.76497	1.68747	1.47186	1.32391	1.43843	1.65839	1.87844	2.09853	2.24945	2.24945	2.20582	2.24945	2.24945	2.20582	2.20582	2.12156	2.03381	2.09853	2.20582	2.24945	2.24945	2.20582	2.31861	2.53868	2.68285	2.68285	2.64641	2.75871	2.97868	3.08668	3.08668	2.99493	2.77625	2.64641	2.55774	2.33948	2.12156	2.02781	1.8259	1.47186	1.25792	1.25789	0.986847	0.986847	0.986847	0.882694	0.986847	0.986847	0.986847	1.13591	1.18827	1.0467	0.999118	1.21862	1.25792	1.25789	0.986847	0.882694	0.882694	0.986847	0.986847	0.840296	0.643379	0.624159	0.624159	0.441373	0.624159	0.624159	0.468128	0.493437	0.493437	0.348914	0.441339	0.441339	0	0.441339	0.441339	0.348914	0.493437	0.156046	0.441339	0.780153	0.840251	0.624159	0.624159	0.624159	0.643379	1.09219	0.986847	0.780211	0.562634	0.949092	1.09219	0.986847	0.986847	0.986847	1.24817	0.986847	1.0467	1.25792	1.39549	1.59098	1.87838	1.8259	1.81924	2.02781	2.12156	2.24945	2.24945	2.24945	2.37553	2.37553	2.24945	2.4411	2.81097	2.68285	2.68285	2.68285	2.68285	2.78932	2.68285	2.68285	2.72325	2.51944	2.24945	2.24945	2.24945	2.24945	2.37553	2.24945	2.4411	2.81097	2.78932	2.68285	2.68285	2.68285	2.68285	2.78932	2.68285	2.68285	2.78932	2.68285	2.86234	3.15657	2.811	2.68285	2.78932	2.68285	2.77625	3.07486	3.11795	2.97868	2.75871	2.68285	2.78932	2.59544	2.31861	2.24945	2.37553	2.24945	2.09853	1.87844	1.81924	1.97311	1.97311	1.81924	1.81924	1.97311	1.81924	1.81924	1.81924	1.81924	1.97311	1.81924	1.81924	1.97311	1.74416	1.43843	1.39549	1.39549	1.39549	1.62876	1.68747	1.65839	1.43843	1.59098	1.59098	1.39549	1.39549	1.39549	1.33305	0.999118	0.986847	0.986847	0.986847	1.24817	1.24817	0.986847	0.986847	0.949116	0.562634	0.624159	0.624159	0.643379	0.795642	0.562634	0.624159	0.986801	0.986801	0.624159	0.348936	0.156046	0.348914	0.840251	0.624159	0.348936	0.493437	0.840251	0.624159	0.348936	0.156046	0.441339	0.780153	0.468128	0.348936	0.562594	0.441339	0.441339	0.441339	0	0.441339	0.882626	0.441339	0	0.441339	0.441339	0.156046	0.643356	0.624159	0.468128	0.493437	0.348936	0.624159	0.624159	0.441373	0.562634	0.780211	0.986847	0.986847
1.76481	1.76481	1.65824	1.60608	1.68731	1.76481	1.76481	1.76481	1.65824	1.43829	1.32379	1.47173	1.68731	1.90398	2.12137	2.24924	2.24924	2.20562	2.24924	2.24924	2.20562	2.20562	2.09833	2.03362	2.12137	2.20562	2.24924	2.24924	2.20562	2.33926	2.5575	2.68261	2.68261	2.64616	2.77599	2.99465	3.0864	3.0864	2.97841	2.75845	2.64616	2.53845	2.3184	2.09833	1.95438	1.744	1.43829	1.21851	1.1358	0.986756	0.986756	0.986756	0.882612	0.986756	0.986756	0.986756	1.25778	1.18816	0.999026	1.04661	1.25781	1.21851	1.1358	0.986756	0.882612	0.882612	0.986756	0.986756	0.780139	0.562582	0.624102	0.624102	0.441332	0.624102	0.624102	0.348904	0.493392	0.493392	0.156031	0.441298	0.441298	0	0.441298	0.441298	0.156031	0.493392	0.348882	0.441298	0.562542	0.643296	0.624102	0.624102	0.624102	0.562582	0.949028	0.986756	0.840218	0.643319	0.78011	0.949028	0.986756	0.986756	0.986756	1.24806	0.986756	0.999026	1.21851	1.39536	1.59083	1.74397	1.744	1.81908	1.95438	2.09833	2.24924	2.24924	2.24924	2.37531	2.37531	2.24924	2.38043	2.723	2.68261	2.68261	2.68261	2.68261	2.78906	2.68261	2.68261	2.81071	2.61381	2.24924	2.24924	2.24924	2.24924	2.37531	2.24924	2.38043	2.723	2.78906	2.68261	2.68261	2.68261	2.68261	2.78906	2.68261	2.68261	2.78906	2.68261	2.81074	3.15628	2.86207	2.68261	2.78906	2.68261	2.75845	3.02688	3.11767	2.99465	2.77599	2.68261	2.78906	2.65073	2.33926	2.24924	2.37531	2.24924	2.12137	1.90398	1.81908	1.97293	1.97293	1.81908	1.81908	1.97293	1.81908	1.81908	1.81908	1.81908	1.97293	1.81908	1.81908	1.97293	1.82573	1.47173	1.39536	1.39536	1.39536	1.53641	1.65824	1.68731	1.47173	1.59083	1.59083	1.39536	1.39536	1.39536	1.43826	1.04661	0.986756	0.986756	0.986756	1.24806	1.24806	0.986756	0.986756	1.09209	0.643319	0.624102	0.624102	0.562582	0.795569	0.643319	0.624102	0.98671	0.98671	0.624102	0.468084	0.348882	0.156031	0.643296	0.624102	0.468084	0.493392	0.643296	0.624102	0.468084	0.348882	0.441298	0.562542	0.348904	0.468084	0.780081	0.441298	0.441298	0.441298	0	0.441298	0.882544	0.441298	0	0.441298	0.441298	0.348882	0.840173	0.624102	0.348904	0.493392	0.468084	0.624102	0.624102	0.441332	0.643319	0.840218	0.986756	0.986756
0	0	0	0.441258	0.441258	0	0	0	0	0	0	0.441258	0.441258	0.441258	0.441258	0.441258	0.441258	0	0.441258	0.441258	0	0	0	0.441258	0.441258	0	0.441258	0.441258	0	0.441258	0.441258	0.441258	0.441258	0	0.441258	0.441258	0	0	0	0	0	0	0	0	0.441258	0.441258	0	0	0.441258	0.441258	0.441258	0.441258	0	0.441258	0.441258	0.441258	0.882463	0.441258	0	0.441258	0.441258	0	0.441258	0.441258	0	0	0.441258	0.441258	0	0	0.441258	0.441258	0	0.441258	0.441258	0	0.441258	0.441258	0	0.441258	0.441258	0	0.441258	0.441258	0	0.441258	0.441258	0.441258	0.441258	0.441258	0.441258	0.441258	0.441258	0	0.441258	0.441258	0.441258	0.441258	0.441258	0.441258	0.441258	0.441258	0.441258	0.882463	0.441258	0	0	0.441258	0.882463	0.882463	0.441258	0.441258	0.441258	0	0.441258	0.441258	0.441258	0.882463	0.882463	0.441258	0.441258	0.882463	0.441258	0.441258	0.441258	0.441258	0.882463	0.441258	0.441258	1.32356	1.32356	0.441258	0.441258	0.441258	0.441258	0.882463	0.441258	0.441258	0.882463	0.882463	0.441258	0.441258	0.441258	0.441258	0.882463	0.441258	0.441258	0.882463	0.441258	0.441258	1.32356	0.882463	0.441258	0.882463	0.441258	0	0.441258	0.441258	0.441258	0.441258	0.441258	0.882463	0.882463	0.441258	0.441258	0.882463	0.441258	0.441258	0.441258	0.441258	0.882463	0.882463	0.441258	0.441258	0.882463	0.441258	0.441258	0.441258	0.441258	0.882463	0.441258	0.441258	0.882463	0.882463	0.441258	0.441258	0.441258	0.441258	0.441258	0	0.441258	0.441258	0.882463	0.882463	0.441258	0.441258	0.441258	0.882463	0.441258	0.441258	0.441258	0.441258	0.882463	0.882463	0.441258	0.441258	0.882463	0.441258	0.441258	0.441258	0	0.441258	0.441258	0.441258	0.882463	0.882463	0.441258	0.441258	0.441258	0	0.441258	0.441258	0.441258	0.441258	0.441258	0.441258	0.441258	0.441258	0.441258	0.441258	0	0.441258	0.882463	0.441258	0.441258	0.441258	0	0.441258	0.882463	0.441258	0	0.441258	0.441258	0.441258	0.882463	0.441258	0	0.441258	0.441258	0.441258	0.441258	0	0.441258	0.441258	0.441258	0.441258
0	0	0	0.441217	0.441217	0	0	0	0	0	0	0.441217	0.441217	0.441217	0.441217	0.441217	0.441217	0	0.441217	0.441217	0	0	0	0.441217	0.441217	0	0.441217	0.441217	0	0.441217	0.441217	0.441217	0.441217	0	0.441217	0.441217	0	0	0	0	0	0	0	0	0.441217	0.441217	0	0	0.441217	0.441217	0.441217	0.441217	0	0.441217	0.441217	0.441217	0.882381	0.441217	0	0.441217	0.441217	0	0.441217	0.441217	0	0	0.441217	0.441217	0	0	0.441217	0.441217	0	0.441217	0.441217	0	0.441217	0.441217	0	0.441217	0.441217	0	0.441217	0.441217	0	0.441217	0.441217	0.441217	0.441217	0.441217	0.441217	0.441217	0.441217	0	0.441217	0.441217	0.441217	0.441217	0.441217	0.441217	0.441217	0.441217	0.441217	0.882381	0.441217	0	0	0.441217	0.882381	0.882381	0.441217	0.441217	0.441217	0	0.441217	0.441217	0.441217	0.882381	0.882381	0.441217	0.441217	0.882381	0.441217	0.441217	0.441217	0.441217	0.882381	0.441217	0.441217	1.32344	1.32344	0.441217	0.441217	0.441217	0.441217	0.882381	0.441217	0.441217	0.882381	0.882381	0.441217	0.441217	0.441217	0.441217	0.882381	0.441217	0.441217	0.882381	0.441217	0.441217	1.32344	0.882381	0.441217	0.882381	0.441217	0	0.441217	0.441217	0.441217	0.441217	0.441217	0.882381	0.882381	0.441217	0.441217	0.882381	0.441217	0.441217	0.441217	0.441217	0.882381	0.882381	0.441217	0.441217	0.882381	0.441217	0.441217	0.441217	0.441217	0.882381	0.441217	0.441217	0.882381	0.882381	0.441217	0.441217	0.441217	0.441217	0.441217	0	0.441217	0.441217	0.882381	0.882381	0.441217	0.441217	0.441217	0.882381	0.441217	0.441217	0.441217	0.441217	0.882381	0.882381	0.441217	0.441217	0.882381	0.441217	0.441217	0.441217	0	0.441217	0.441217	0.441217	0.882381	0.882381	0.441217	0.441217	0.441217	0	0.441217	0.441217	0.441217	0.441217	0.441217	0.441217	0.441217	0.441217	0.441217	0.441217	0	0.441217	0.882381	0.441217	0.441217	0.441217	0	0.441217	0.882381	0.441217	0	0.441217	0.441217	0.441217	0.882381	0.441217	0	0.441217	0.441217	0.441217	0.441217	0	0.441217	0.441217	0.441217	0.441217
0	0	0	0.441169	0.441169	0	0	0	0	0	0	0.441169	0.441169	0.441169	0.441169	0.441169	0.441169	0	0.441169	0.441169	0	0	0	0.441169	0.441169	0	0.441169	0.441169	0	0.441169	0.441169	0.441169	0.441169	0	0.441169	0.441169	0	0	0	0	0	0	0	0	0.441169	0.441169	0	0	0.441169	0.441169	0.441169	0.441169	0	0.441169	0.441169	0.441169	0.882286	0.441169	0	0.441169	0.441169	0	0.441169	0.441169	0	0	0.441169	0.441169	0	0	0.441169	0.441169	0	0.441169	0.441169	0	0.441169	0.441169	0	0.441169	0.441169	0	0.441169	0.441169	0	0.441169	0.441169	0.441169	0.441169	0.441169	0.441169	0.441169	0.441169	0	0.441169	0.441169	0.441169	0.441169	0.441169	0.441169	0.441169	0.441169	0.441169	0.882286	0.441169	0	0	0.441169	0.882286	0.882286	0.441169	0.441169	0.441169	0	0.441169	0.441169	0.441169	0.882286	0.882286	0.441169	0.441169	0.882286	0.441169	0.441169	0.441169	0.441169	0.882286	0.441169	0.441169	1.3233	1.3233	0.441169	0.441169	0.441169	0.441169	0.882286	0.441169	0.441169	0.882286	0.882286	0.441169	0.441169	0.441169	0.441169	0.882286	0.441169	0.441169	0.882286	0.441169	0.441169	1.3233	0.882286	0.441169	0.882286	0.441169	0	0.441169	0.441169	0.441169	0.441169	0.441169	0.882286	0.882286	0.441169	0.441169	0.882286	0.441169	0.441169	0.441169	0.441169	0.882286	0.882286	0.441169	0.441169	0.882286	0.441169	0.441169	0.441169	0.441169	0.882286	0.441169	0.441169	0.882286	0.882286	0.441169	0.441169	0.441169	0.441169	0.441169	0	0.441169	0.441169	0.882286	0.882286	0.441169	0.441169	0.441169	0.882286	0.441169	0.441169	0.441169	0.441169	0.882286	0.882286	0.441169	0.441169	0.882286	0.441169	0.441169	0.441169	0	0.441169	0.441169	0.441169	0.882286	0.882286	0.441169	0.441169	0.441169	0	0.441169	0.441169	0.441169	0.441169	0.441169	0.441169	0.441169	0.441169	0.441169	0.441169	0	0.441169	0.882286	0.441169	0.441169	0.441169	0	0.441169	0.882286	0.441169	0	0.441169	0.441169	0.441169	0.882286	0.441169	0	0.441169	0.441169	0.441169	0.441169	0	0.441169	0.441169	0.441169	0.441169
0	0	0	0.441128	0.441128	0	0	0	0	0	0	0.441128	0.441128	0.441128	0.441128	0.441128	0.441128	0	0.441128	0.441128	0	0	0	0.441128	0.441128	0	0.441128	0.441128	0	0.441128	0.441128	0.441128	0.441128	0	0.441128	0.441128	0	0	0	0	0	0	0	0	0.441128	0.441128	0	0	0.441128	0.441128	0.441128	0.441128	0	0.441128	0.441128	0.441128	0.882205	0.441128	0	0.441128	0.441128	0	0.441128	0.441128	0	0	0.441128	0.441128	0	0	0.441128	0.441128	0	0.441128	0.441128	0	0.441128	0.441128	0	0.441128	0.441128	0	0.441128	0.441128	0	0.441128	0.441128	0.441128	0.441128	0.441128	0.441128	0.441128	0.441128	0	0.441128	0.441128	0.441128	0.441128	0.441128	0.441128	0.441128	0.441128	0.441128	0.882205	0.441128	0	0	0.441128	0.882205	0.882205	0.441128	0.441128	0.441128	0	0.441128	0.441128	0.441128	0.882205	0.882205	0.441128	0.441128	0.882205	0.441128	0.441128	0.441128	0.441128	0.882205	0.441128	0.441128	1.32318	1.32318	0.441128	0.441128	0.441128	0.441128	0.882205	0.441128	0.441128	0.882205	0.882205	0.441128	0.441128	0.441128	0.441128	0.882205	0.441128	0.441128	0.882205	0.441128	0.441128	1.32318	0.882205	0.441128	0.882205	0.441128	0	0.441128	0.441128	0.441128	0.441128	0.441128	0.882205	0.882205	0.441128	0.441128	0.882205	0.441128	0.441128	0.441128	0.441128	0.882205	0.882205	0.441128	0.441128	0.882205	0.441128	0.441128	0.441128	0.441128	0.882205	0.441128	0.441128	0.882205	0.882205	0.441128	0.441128	0.441128	0.441128	0.441128	0	0.441128	0.441128	0.882205	0.882205	0.441128	0.441128	0.441128	0.882205	0.441128	0.441128	0.441128	0.441128	0.882205	0.882205	0.441128	0.441128	0.882205	0.441128	0.441128	0.441128	0	0.441128	0.441128	0.441128	0.882205	0.882205	0.441128	0.441128	0.441128	0	0.441128	0.441128	0.441128	0.441128	0.441128	0.441128	0.441128	0.441128	0.441128	0.441128	0	0.441128	0.882205	0.441128	0.441128	0.441128	0	0.441128	0.882205	0.441128	0	0.441128	0.441128	0.441128	0.882205	0.441128	0	0.441128	0.441128	0.441128	0.441128	0	0.441128	0.441128	0.441128	0.441128
0	0	0	0.441088	0.441088	0	0	0	0	0	0	0.441088	0.441088	0.441088	0.441088	0.441088	0.441088	0	0.441088	0.441088	0	0	0	0.441088	0.441088	0	0.441088	0.441088	0	0.441088	0.441088	0.441088	0.441088	0	0.441088	0.441088	0	0	0	0	0	0	0	0	0.441088	0.441088	0	0	0.441088	0.441088	0.441088	0.441088	0	0.441088	0.441088	0.441088	0.882123	0.441088	0	0.441088	0.441088	0	0.441088	0.441088	0	0	0.441088	0.441088	0	0	0.441088	0.441088	0	0.441088	0.441088	0	0.441088	0.441088	0	0.441088	0.441088	0	0.441088	0.441088	0	0.441088	0.441088	0.441088	0.441088	0.441088	0.441088	0.441088	0.441088	0	0.441088	0.441088	0.441088	0.441088	0.441088	0.441088	0.441088	0.441088	0.441088	0.882123	0.441088	0	0	0.441088	0.882123	0.882123	0.441088	0.441088	0.441088	0	0.441088	0.441088	0.441088	0.882123	0.882123	0.441088	0.441088	0.882123	0.441088	0.441088	0.441088	0.441088	0.882123	0.441088	0.441088	1.32305	1.32305	0.441088	0.441088	0.441088	0.441088	0.882123	0.441088	0.441088	0.882123	0.882123	0.441088	0.441088	0.441088	0.441088	0.882123	0.441088	0.441088	0.882123	0.441088	0.441088	1.32305	0.882123	0.441088	0.882123	0.441088	0	0.441088	0.441088	0.441088	0.441088	0.441088	0.882123	0.882123	0.441088	0.441088	0.882123	0.441088	0.441088	0.441088	0.441088	0.882123	0.882123	0.441088	0.441088	0.882123	0.441088	0.441088	0.441088	0.441088	0.882123	0.441088	0.441088	0.882123	0.882123	0.441088	0.441088	0.441088	0.441088	0.441088	0	0.441088	0.441088	0.882123	0.882123	0.441088	0.441088	0.441088	0.882123	0.441088	0.441088	0.441088	0.441088	0.882123	0.882123	0.441088	0.441088	0.882123	0.441088	0.441088	0.441088	0	0.441088	0.441088	0.441088	0.882123	0.882123	0.441088	0.441088	0.441088	0	0.441088	0.441088	0.441088	0.441088	0.441088	0.441088	0.441088	0.441088	0.441088	0.441088	0	0.441088	0.882123	0.441088	0.441088	0.441088	0	0.441088	0.882123	0.441088	0	0.441088	0.441088	0.441088	0.882123	0.441088	0	0.441088	0.441088	0.441088	0.441088	0	0.441088	0.441088	0.441088	0.441088
0	0	0	0.441047	0.441047	0	0	0	0	0	0	0.441047	0.441047	0.441047	0.441047	0.441047	0.441047	0	0.441047	0.441047	0	0	0	0.441047	0.441047	0	0.441047	0.441047	0	0.441047	0.441047	0.441047	0.441047	0	0.441047	0.441047	0	0	0	0	0	0	0	0	0.441047	0.441047	0	0	0.441047	0.441047	0.441047	0.441047	0	0.441047	0.441047	0.441047	0.882042	0.441047	0	0.441047	0.441047	0	0.441047	0.441047	0	0	0.441047	0.441047	0	0	0.441047	0.441047	0	0.441047	0.441047	0	0.441047	0.441047	0	0.441047	0.441047	0	0.441047	0.441047	0	0.441047	0.441047	0.441047	0.441047	0.441047	0.441047	0.441047	0.441047	0	0.441047	0.441047	0.441047	0.441047	0.441047	0.441047	0.441047	0.441047	0.441047	0.882042	0.441047	0	0	0.441047	0.882042	0.882042	0.441047	0.441047	0.441047	0	0.441047	0.441047	0.441047	0.882042	0.882042	0.441047	0.441047	0.882042	0.441047	0.441047	0.441047	0.441047	0.882042	0.441047	0.441047	1.32293	1.32293	0.441047	0.441047	0.441047	0.441047	0.882042	0.441047	0.441047	0.882042	0.882042	0.441047	0.441047	0.441047	0.441047	0.882042	0.441047	0.441047	0.882042	0.441047	0.441047	1.32293	0.882042	0.441047	0.882042	0.441047	0	0.441047	0.441047	0.441047	0.441047	0.441047	0.882042	0.882042	0.441047	0.441047	0.882042	0.441047	0.441047	0.441047	0.441047	0.882042	0.882042	0.441047	0.441047	0.882042	0.441047	0.441047	0.441047	0.441047	0.882042	0.441047	0.441047	0.882042	0.882042	0.441047	0.441047	0.441047	0.441047	0.441047	0	0.441047	0.441047	0.882042	0.882042	0.441047	0.441047	0.441047	0.882042	0.441047	0.441047	0.441047	0.441047	0.882042	0.882042	0.441047	0.441047	0.882042	0.441047	0.441047	0.441047	0	0.441047	0.441047	0.441047	0.882042	0.882042	0.441047	0.441047	0.441047	0	0.441047	0.441047	0.441047	0.441047	0.441047	0.441047	0.441047	0.441047	0.441047	0.441047	0	0.441047	0.882042	0.441047	0.441047	0.441047	0	0.441047	0.882042	0.441047	0	0.441047	0.441047	0.441047	0.882042	0.441047	0	0.441047	0.441047	0.441047	0.441047	0	0.441047	0.441047	0.441047	0.441047
0	0	0	0.441006	0.441006	0	0	0	0	0	0	0.441006	0.441006	0.441006	0.441006	0.441006	0.441006	0	0.441006	0.441006	0	0	0	0.441006	0.441006	0	0.441006	0.441006	0	0.441006	0.441006	0.441006	0.441006	0	0.441006	0.441006	0	0	0	0	0	0	0	0	0.441006	0.441006	0	0	0.441006	0.441006	0.441006	0.441006	0	0.441006	0.441006	0.441006	0.88196	0.441006	0	0.441006	0.441006	0	0.441006	0.441006	0	0	0.441006	0.441006	0	0	0.441006	0.441006	0	0.441006	0.441006	0	0.441006	0.441006	0	0.441006	0.441006	0	0.441006	0.441006	0	0.441006	0.441006	0.441006	0.441006	0.441006	0.441006	0.441006	0.441006	0	0.441006	0.441006	0.441006	0.441006	0.441006	0.441006	0.441006	0.441006	0.441006	0.88196	0.441006	0	0	0.441006	0.88196	0.88196	0.441006	0.441006	0.441006	0	0.441006	0.441006	0.441006	0.88196	0.88196	0.441006	0.441006	0.88196	0.441006	0.441006	0.441006	0.441006	0.88196	0.441006	0.441006	1.32281	1.32281	0.441006	0.441006	0.441006	0.441006	0.88196	0.441006	0.441006	0.88196	0.88196	0.441006	0.441006	0.441006	0.441006	0.88196	0.441006	0.441006	0.88196	0.441006	0.441006	1.32281	0.88196	0.441006	0.88196	0.441006	0	0.441006	0.441006	0.441006	0.441006	0.441006	0.88196	0.88196	0.441006	0.441006	0.88196	0.441006	0.441006	0.441006	0.441006	0.88196	0.88196	0.441006	0.441006	0.88196	0.441006	0.441006	0.441006	0.441006	0.88196	0.441006	0.441006	0.88196	0.88196	0.441006	0.441006	0.441006	0.441006	0.441006	0	0.441006	0.441006	0.88196	0.88196	0.441006	0.441006	0.441006	0.88196	0.441006	0.441006	0.441006	0.441006	0.88196	0.88196	0.441006	0.441006	0.88196	0.441006	0.441006	0.441006	0	0.441006	0.441006	0.441006	0.88196	0.88196	0.441006	0.441006	0.441006	0	0.441006	0.441006	0.441006	0.441006	0.441006	0.441006	0.441006	0.441006	0.441006	0.441006	0	0.441006	0.88196	0.441006	0.441006	0.441006	0	0.441006	0.88196	0.441006	0	0.441006	0.441006	0.441006	0.88196	0.441006	0	0.441006	0.441006	0.441006	0.441006	0	0.441006	0.441006	0.441006	0.441006
0	0	0	0.440959	0.440959	0	0	0	0	0	0	0.440959	0.440959	0.440959	0.440959	0.440959	0.440959	0	0.440959	0.440959	0	0	0	0.440959	0.440959	0	0.440959	0.440959	0	0.440959	0.440959	0.440959	0.440959	0	0.440959	0.440959	0	0	0	0	0	0	0	0	0.440959	0.440959	0	0	0.440959	0.440959	0.440959	0.440959	0	0.440959	0.440959	0.440959	0.881865	0.440959	0	0.440959	0.440959	0	0.440959	0.440959	0	0	0.440959	0.440959	0	0	0.440959	0.440959	0	0.440959	0.440959	0	0.440959	0.440959	0	0.440959	0.440959	0	0.440959	0.440959	0	0.440959	0.440959	0.440959	0.440959	0.440959	0.440959	0.440959	0.440959	0	0.440959	0.440959	0.440959	0.440959	0.440959	0.440959	0.440959	0.440959	0.440959	0.881865	0.440959	0	0	0.440959	0.881865	0.881865	0.440959	0.440959	0.440959	0	0.440959	0.440959	0.440959	0.881865	0.881865	0.440959	0.440959	0.881865	0.440959	0.440959	0.440959	0.440959	0.881865	0.440959	0.440959	1.32267	1.32267	0.440959	0.440959	0.440959	0.440959	0.881865	0.440959	0.440959	0.881865	0.881865	0.440959	0.440959	0.440959	0.440959	0.881865	0.440959	0.440959	0.881865	0.440959	0.440959	1.32267	0.881865	0.440959	0.881865	0.440959	0	0.440959	0.440959	0.440959	0.440959	0.440959	0.881865	0.881865	0.440959	0.440959	0.881865	0.440959	0.440959	0.440959	0.440959	0.881865	0.881865	0.440959	0.440959	0.881865	0.440959	0.440959	0.440959	0.440959	0.881865	0.440959	0.440959	0.881865	0.881865	0.440959	0.440959	0.440959	0.440959	0.440959	0	0.440959	0.440959	0.881865	0.881865	0.440959	0.440959	0.440959	0.881865	0.440959	0.440959	0.440959	0.440959	0.881865	0.881865	0.440959	0.440959	0.881865	0.440959	0.440959	0.440959	0	0.440959	0.440959	0.440959	0.881865	0.881865	0.440959	0.440959	0.440959	0	0.440959	0.440959	0.440959	0.440959	0.440959	0.440959	0.440959	0.440959	0.440959	0.440959	0	0.440959	0.881865	0.440959	0.440959	0.440959	0	0.440959	0.881865	0.440959	0	0.440959	0.440959	0.440959	0.881865	0.440959	0	0.440959	0.440959	0.440959	0.440959	0	0.440959	0.440959	0.440959	0.440959
0	0	0	0.440918	0.440918	0	0	0	0	0	0	0.440918	0.440918	0.440918	0.440918	0.440918	0.440918	0	0.440918	0.440918	0	0	0	0.440918	0.440918	0	0.440918	0.440918	0	0.440918	0.440918	0.440918	0.440918	0	0.440918	0.440918	0	0	0	0	0	0	0	0	0.440918	0.440918	0	0	0.440918	0.440918	0.440918	0.440918	0	0.440918	0.440918	0.440918	0.881784	0.440918	0	0.440918	0.440918	0	0.440918	0.440918	0	0	0.440918	0.440918	0	0	0.440918	0.440918	0	0.440918	0.440918	0	0.440918	0.440918	0	0.440918	0.440918	0	0.440918	0.440918	0	0.440918	0.440918	0.440918	0.440918	0.440918	0.440918	0.440918	0.440918	0	0.440918	0.440918	0.440918	0.440918	0.440918	0.440918	0.440918	0.440918	0.440918	0.881784	0.440918	0	0	0.440918	0.881784	0.881784	0.440918	0.440918	0.440918	0	0.440918	0.440918	0.440918	0.881784	0.881784	0.440918	0.440918	0.881784	0.440918	0.440918	0.440918	0.440918	0.881784	0.440918	0.440918	1.32255	1.32255	0.440918	0.440918	0.440918	0.440918	0.881784	0.440918	0.440918	0.881784	0.881784	0.440918	0.440918	0.440918	0.440918	0.881784	0.440918	0.440918	0.881784	0.440918	0.440918	1.32255	0.881784	0.440918	0.881784	0.440918	0	0.440918	0.440918	0.440918	0.440918	0.440918	0.881784	0.881784	0.440918	0.440918	0.881784	0.440918	0.440918	0.440918	0.440918	0.881784	0.881784	0.440918	0.440918	0.881784	0.440918	0.440918	0.440918	0.440918	0.881784	0.440918	0.440918	0.881784	0.881784	0.440918	0.440918	0.440918	0.440918	0.440918	0	0.440918	0.440918	0.881784	0.881784	0.440918	0.440918	0.440918	0.881784	0.440918	0.440918	0.440918	0.440918	0.881784	0.881784	0.440918	0.440918	0.881784	0.440918	0.440918	0.440918	0	0.440918	0.440918	0.440918	0.881784	0.881784	0.440918	0.440918	0.440918	0	0.440918	0.440918	0.440918	0.440918	0.440918	0.440918	0.440918	0.440918	0.440918	0.440918	0	0.440918	0.881784	0.440918	0.440918	0.440918	0	0.440918	0.881784	0.440918	0	0.440918	0.440918	0.440918	0.881784	0.440918	0	0.440918	0.440918	0.440918	0.440918	0	0.440918	0.440918	0.440918	0.440918
1.32252	1.32252	1.32252	1.25661	1.04561	0.88177	0.998073	1.21735	1.43692	1.65666	1.76312	1.81734	1.81734	1.81734	1.81734	1.6857	1.47032	1.43692	1.74234	1.81734	1.76312	1.76312	1.76312	1.81734	1.81734	1.76312	1.81734	1.81734	1.76312	1.81734	1.81734	1.6857	1.47032	1.32252	1.25661	1.18703	1.21735	1.32252	1.32252	1.32252	1.32252	1.32252	1.32252	1.43692	1.60454	1.47032	1.32252	1.32252	1.39403	1.39403	1.25661	1.04561	0.88177	0.985814	0.985814	0.985814	1.09105	0.79481	0.779394	0.839416	0.642706	0.562045	0.79481	0.642706	0.562045	0.779394	0.839416	0.642706	0.562045	0.779394	0.839416	0.642706	0.440911	0.623506	0.623506	0.440911	0.623506	0.623506	0.440911	0.623506	0.623506	0.440911	0.623506	0.623506	0.440911	0.623506	0.623506	0.467638	0.492921	0.642682	0.623506	0.467638	0.348549	0.155882	0.492921	0.348549	0.440877	0.440877	0.440877	0.440877	0.440877	0.440877	0.348549	0.839372	0.623506	0.440911	0.440911	0.623506	0.948099	1.09105	0.985814	0.985814	0.985814	0.88177	0.985814	0.985814	0.985814	1.24687	1.25658	1.25661	1.39403	1.58931	1.39403	1.39403	1.39403	1.39403	1.58931	1.39403	1.39403	1.87642	2.04947	1.81734	1.81734	1.81734	1.81734	1.97105	1.81734	1.81734	1.97105	1.97105	1.81734	1.81734	1.81734	1.81734	1.97105	1.81734	1.90216	2.23084	2.2471	2.2471	2.61132	2.6482	2.68005	2.7864	2.68005	2.53603	2.37816	2.2471	2.2471	2.2471	2.2471	2.37304	2.37304	2.2471	2.2471	2.37304	2.2471	2.33703	2.55507	2.68005	2.7864	2.7864	2.68005	2.68005	2.7864	2.68005	2.68005	2.68005	2.68005	2.7864	2.68005	2.77335	3.07165	3.20657	3.1147	3.1147	3.1147	3.1147	3.02399	2.75583	2.68005	2.68005	2.7864	2.7864	2.59273	2.37816	2.2471	2.37304	2.2471	2.2471	2.2471	2.2471	2.37304	2.37304	2.2471	2.2471	2.37304	2.2471	2.2471	2.2471	2.09633	1.95251	1.81734	1.81734	1.97105	1.97105	1.81734	1.81734	1.81734	1.65666	1.53494	1.39403	1.47032	1.60454	1.53494	1.39403	1.39403	1.39403	1.39403	1.33166	0.998073	0.985814	1.25658	1.25661	1.39403	1.33166	0.998073	0.985814	1.24687	0.985814	0.88177	0.985814	0.985814	0.985814	1.24687	0.985814	0.779394	0.779366	0.623506	0.642706	0.79481	0.562045	0.623506	0.623506	0.623506	0.642682
1.3224	1.3224	1.3224	1.21723	0.997981	0.881689	1.04551	1.25649	1.47019	1.68555	1.76296	1.81717	1.81717	1.81717	1.81717	1.6565	1.43679	1.47019	1.82382	1.81717	1.76296	1.76296	1.76296	1.81717	1.81717	1.76296	1.81717	1.81717	1.76296	1.81717	1.81717	1.6565	1.43679	1.3224	1.21723	1.18692	1.25649	1.3224	1.3224	1.3224	1.3224	1.3224	1.3224	1.47019	1.6044	1.43679	1.3224	1.3224	1.3939	1.3939	1.21723	0.997981	0.881689	0.985723	0.985723	0.985723	0.948035	0.794736	0.839339	0.779322	0.561993	0.642646	0.794736	0.561993	0.642646	0.839339	0.779322	0.561993	0.642646	0.839339	0.779322	0.561993	0.440871	0.623449	0.623449	0.440871	0.623449	0.623449	0.440871	0.623449	0.623449	0.440871	0.623449	0.623449	0.440871	0.623449	0.623449	0.348539	0.492875	0.839294	0.623449	0.348539	0.155868	0.348517	0.492875	0.155868	0.440837	0.440837	0.440837	0.440837	0.440837	0.440837	0.155868	0.642623	0.623449	0.440871	0.440871	0.623449	0.779294	0.948035	0.985723	0.985723	0.985723	0.881689	0.985723	0.985723	0.985723	1.24675	1.13461	1.21723	1.3939	1.58917	1.3939	1.3939	1.3939	1.3939	1.58917	1.3939	1.3939	1.74215	1.92729	1.81717	1.81717	1.81717	1.81717	1.97086	1.81717	1.81717	1.97086	1.97086	1.81717	1.81717	1.81717	1.81717	1.97086	1.81717	1.8763	2.16443	2.24689	2.24689	2.51658	2.59249	2.6798	2.78615	2.6798	2.55483	2.43833	2.24689	2.24689	2.24689	2.24689	2.37282	2.37282	2.24689	2.24689	2.37282	2.24689	2.31598	2.53579	2.6798	2.78615	2.78615	2.6798	2.6798	2.78615	2.6798	2.6798	2.6798	2.6798	2.78615	2.6798	2.75557	3.02371	3.20628	3.11441	3.11441	3.11441	3.11441	3.07136	2.77309	2.6798	2.6798	2.78615	2.78615	2.64796	2.43833	2.24689	2.37282	2.24689	2.24689	2.24689	2.24689	2.37282	2.37282	2.24689	2.24689	2.37282	2.24689	2.24689	2.24689	2.11915	2.0255	1.81717	1.81717	1.97086	1.97086	1.81717	1.81717	1.81717	1.68555	1.62691	1.3939	1.43679	1.6044	1.62691	1.3939	1.3939	1.3939	1.3939	1.43676	1.04551	0.985723	1.13461	1.21723	1.3939	1.43676	1.04551	0.985723	1.24675	0.985723	0.881689	0.985723	0.985723	0.985723	1.24675	0.985723	0.839339	0.948012	0.623449	0.561993	0.794736	0.642646	0.623449	0.623449	0.623449	0.839294
0	0	0	0	0	0	0.440796	0.440796	0.440796	0.440796	0	0.440796	0.440796	0.440796	0.440796	0	0	0.440796	0.88154	0.440796	0	0	0	0.440796	0.440796	0	0.440796	0.440796	0	0.440796	0.440796	0	0	0	0	0.440796	0.440796	0	0	0	0	0	0	0.440796	0.440796	0	0	0	0.440796	0.440796	0	0	0	0.440796	0.440796	0.440796	0.440796	0.440796	0.440796	0	0	0.440796	0.440796	0	0.440796	0.440796	0	0	0.440796	0.440796	0	0	0	0.440796	0.440796	0	0.440796	0.440796	0	0.440796	0.440796	0	0.440796	0.440796	0	0.440796	0.440796	0	0.440796	0.88154	0.440796	0	0	0.440796	0.440796	0	0.440796	0.440796	0.440796	0.440796	0.440796	0.440796	0	0.440796	0.440796	0	0	0.440796	0.440796	0.440796	0.440796	0.440796	0.440796	0	0.440796	0.440796	0.440796	0.88154	0.440796	0	0.440796	0.88154	0.440796	0.440796	0.440796	0.440796	0.88154	0.440796	0.440796	0.88154	0.88154	0.440796	0.440796	0.440796	0.440796	0.88154	0.440796	0.440796	0.88154	0.88154	0.440796	0.440796	0.440796	0.440796	0.88154	0.440796	0	0.440796	0.440796	0.440796	0.88154	0.440796	0.440796	0.88154	0.440796	0.440796	0.88154	0.440796	0.440796	0.440796	0.440796	0.88154	0.88154	0.440796	0.440796	0.88154	0.440796	0	0	0.440796	0.88154	0.88154	0.440796	0.440796	0.88154	0.440796	0.440796	0.440796	0.440796	0.88154	0.440796	0	0.440796	0.88154	0.440796	0.440796	0.440796	0.440796	0.88154	0.440796	0.440796	0.440796	0.88154	0.88154	0.88154	0.88154	0.440796	0.88154	0.440796	0.440796	0.440796	0.440796	0.88154	0.88154	0.440796	0.440796	0.88154	0.440796	0.440796	0.440796	0.440796	0.88154	0.440796	0.440796	0.88154	0.88154	0.440796	0.440796	0.440796	0.440796	0.88154	0.440796	0	0.440796	0.88154	0.440796	0.440796	0.440796	0.440796	0.88154	0.440796	0.440796	0.440796	0	0.440796	0.88154	0.440796	0.440796	0.88154	0.440796	0	0.440796	0.440796	0.440796	0.88154	0.440796	0.440796	0.88154	0.440796	0	0.440796	0.440796	0.440796	0.440796	0.440796	0.88154