0.654988	1.02756	0.406236	1.38334	2.00584	1.72296	0.406218	0	0	0.812396	1.08991	0.812431	0.749006	0.25693	0.406218	0	0	0	0.812396	0.749006	0.256916	0.181673	0.749006	1.28444	1.71343	1.30987	0.65502	0.25693	0.65502	0.51385	0.90829	0.749006	0.749025	1.56247	1.71343	1.30987	0.908314	0.908314	1.14887	0.812431	0.749006	0.574473	0.406218	0.908267	0.545003	0.749025	0.978264	1.14887	1.2715	0.926285	0.908314	0.908314	0.574491	0.256916	1.05918	0.256916	0.574491	1.71335	1.21849	1.41859	2.29674	2.18656	1.46441	1.95596	1.85209	0.90829	0.574473	0.654988	0.513822	0.513822	0	0.908267	0.978227	0.406236	0.574473	0.25693	0.256916	0.25693	0.181673	0.363342	0.65502	0.574491	0.406218	0.654988	0.256916	0.749025	1.02762	0.749025	0.574473	1.2844	0.545003	0.513822	1.3098	2.43588	1.30987	1.9976	1.05923	0.65502	0.812396	0.406218	0.256916	1.05918	0.654988	1.2715	1.55187	1.49779	1.14883	0.545003	1.72296	2.52873	2.90993	1.89606	3.52292	2.74713	2.07055	1.67451	1.62453	1.67451	1.93053	2.12549	1.82519	1.32235	0.406218	0	0	0	0	0	0	0	0	0	0	0	0	0	0	0	0	0	0	0	0	0	0	0	0	0	0	0	0	0	9.29595	9.80208	1.67442	2.36732	2.19405	1.72296	1.32235	0.749006	0.256916	1.71335	3.21068	3.08539	3.28661	4.79876	3.80952	2.59943	2.90993	3.40923	2.5222	0.978227	0.256916	2.03028	4.42627	3.08004	1.78866	2.69872	4.4152	4.47778	0.908267	1.41866	1.86982	2.36737	4.27956	5.38547	3.99435	3.33124	5.36432	3.60146	3.00453	2.77686	2.87003	3.21068	1.82517	1.56247	0.574473	1.41866	2.24605	1.72301	0.978264	1.10495	1.72301	1.82517	0.51385	2.81809	3.00453	4.54669	5.32763	1.78866	2.84124	3.13301	2.46956	2.99354	4.02713	2.38817	1.49779	1.46437	1.86973	4.35917	0.256916	5.87447	4.768	3.96154	6.72019	6.94526	3.72228	1.67449	8.77858	8.3677	4.32545	2.87018	5.97605	8.01673	5.62545	5.49954	5.3279	6.3199	5.62542	2.21644	3.78798	5.89403	6.42421	3.27161	3.57384	7.03091	4.86968	2.72907	6.58378	7.84642	14.0755	11.7735	9.06721	9.86068	9.42065	7.93041
0.908185	1.02747	0.748939	1.38322	1.72286	0.926201	0.181656	0	0	0.363309	0.812358	1.08981	0.97814	0.256907	0.181656	0	0	0	0.363309	0.97814	0.770638	0.406182	0.406199	1.64453	1.67436	1.30975	0.908209	1.05909	0.748958	0.513804	1.10483	0.406199	1.10483	1.72286	1.67436	1.49766	0.978176	0.978176	1.14876	0.812358	0.97814	0.574421	0.181656	0.654929	0.406199	0.654961	0.908232	1.14876	1.10485	0.926201	0.978176	0.978176	0.57444	0.770638	1.05909	0.256893	0.926182	0.97814	0.544955	0.181656	1.45294	2.38792	1.41853	2.20888	1.54108	0.654961	0.574421	0.908185	0.513776	0.513776	0	0.654929	0.748939	0.544955	0.574421	0.256907	0.256893	0.256907	0.406182	0.363309	0.748958	0.57444	0.181656	0.908185	0.770638	1.32223	1.02752	1.32223	1.56225	1.28428	1.21838	0.513776	0.812323	1.95571	1.30975	1.82502	1.05914	0.748958	0.363309	0.181656	0.256893	1.05909	0.181656	1.89583	1.67434	1.30975	0.513804	1.21838	1.7228	3.00414	3.96107	3.16923	6.30108	2.90969	2.19394	1.71328	1.62439	1.71328	1.9642	2.03018	1.46428	0.748958	0.181656	0	0	0	0	0	0	0	0	0	0	0	0	0	0	0	0	0	0	0	0	0	0	0	0	0	0	0	0	0	9.54512	10.0503	0.908185	1.86957	2.19385	1.7228	1.55167	0.97814	0.770638	1.9641	2.4424	1.89583	2.56732	4.58931	3.99409	2.52209	2.38796	2.69848	2.27491	0.748939	0.770638	2.77065	3.9236	2.05428	2.03009	3.40893	5.11466	3.56434	1.41846	1.55173	1.86965	2.77661	5.5431	5.89329	3.73954	5.57826	6.91903	3.67332	2.82371	1.72286	2.36711	2.4424	1.16304	1.56233	2.58002	1.99742	2.38796	2.00566	1.46424	0.908232	2.00566	1.16304	2.11745	4.02677	2.82371	5.75077	5.57826	2.03009	2.12523	2.36718	2.44253	2.99328	4.23307	2.90967	1.81596	1.6743	1.38316	3.84763	0.770638	4.13909	3.64635	3.84353	5.10191	5.43322	3.97754	1.99742	6.60045	8.36696	5.01162	3.21564	8.47718	11.1951	6.53382	5.49905	5.50797	6.06756	3.97773	1.7132	3.78764	5.62211	5.07632	2.81784	2.20884	5.76206	6.39568	1.79777	5.92916	9.02364	12.4198	8.48309	9.24059	9.89192	9.47371	8.0584
1.82486	1.72265	1.41833	0.978052	0.406145	0	0	0	0	0	0	0.908104	1.05899	0.25687	0.406163	0.406163	0.256884	0.406163	0.406163	0.908104	1.02738	0.51373	0.363277	1.46411	1.28421	1.05904	0.926099	1.16288	0.726524	0.406163	1.16288	0.406163	1.64437	1.64438	1.05904	0.926099	0.57437	0.544906	0.812285	1.14866	1.08971	0.363277	0.544906	0.926118	0.654903	0.406163	0.256884	0.574388	0.978088	1.14866	1.14866	0.812285	0.544906	0.65487	1.10475	1.05904	1.10473	1.45281	1.41841	0.544906	0.544906	1.46408	1.02743	1.32211	0.544906	0.812285	1.30963	1.89572	1.71313	1.46415	1.16294	1.10475	0.926099	0.65487	0.51373	0.18164	0.25687	0.748891	0.812285	0.748872	0.544906	0.363277	0	0.748872	0.926099	1.16288	0.654903	1.55153	1.81575	0.726524	1.82486	1.41841	1.08971	1.55153	0.574388	0.65487	0.726524	0.544906	0.18164	0	0.51373	1.16288	0.654903	2.29633	1.55153	0.25687	0.574388	1.67415	1.85171	2.99293	4.38469	3.81313	6.69238	2.18612	0.748872	0.978088	0.978088	0.748891	0.544906	0.406145	0	0	0	0	0	0	0	0	0	0	0	0	0	0	0	0	0	0	0	0	0	0	0	0	0	0	0	0	0	0	0	0	9.66831	10.0431	0.574388	1.72265	2.46899	1.67412	1.28414	0.926118	1.78834	3.24574	2.72256	1.55159	1.27128	2.8233	2.72256	3.42319	3.2711	2.42197	2.24559	1.14866	1.62417	3.34539	3.62786	1.46408	2.44218	4.22876	4.72575	1.81575	2.59886	1.46411	1.30963	2.99293	5.9176	6.39523	6.04013	6.63169	6.32881	1.54086	1.27128	1.56219	2.72858	2.77636	1.38309	1.46415	4.05474	2.43545	1.46408	1.41833	1.30957	0.363277	1.14862	1.85175	3.69957	2.61777	2.02997	5.28056	4.67706	2.7466	2.61777	1.85171	1.81585	2.56709	5.53975	5.89298	5.68217	7.21377	7.66268	7.60337	2.7466	2.44218	1.64438	2.90943	4.23269	4.30932	3.92325	2.61777	3.92325	6.52069	3.78719	2.92634	9.57758	12.9352	7.44692	4.1348	2.61777	2.21605	1.38309	5.05323	5.61573	3.16905	1.30957	1.62417	2.12504	6.24883	6.9557	0.770611	4.48789	8.01329	10.1747	8.39134	9.20348	8.36841	8.05768	7.51176
1.32197	1.96372	1.67394	0.6548	0.363237	0.181621	0	0	0	0	0	0.6548	0.977947	0.748791	0.513675	0.406119	0.812198	1.38294	1.46399	0.812198	0.6548	0.181621	0.256856	0.363237	0.770528	0.654832	0.90803	0.90803	0.748791	0.363237	1.16275	0.406102	0.977947	1.1485	0.726446	0.544847	0.256842	0	0.926019	1.21819	0.654832	0.256842	0.513675	0.574308	0.181621	0.574327	0.406119	0.406119	0.654832	0.926019	0.977983	0.908053	0.654832	0.256842	0.908053	1.05893	0.544847	1.67394	0.513702	1.71286	0.256842	0.574327	0.908053	0.363237	0.181621	0.181621	0.256856	0.726446	1.14854	1.46399	1.46399	1.46397	1.49733	1.05888	0.406102	0.363237	0.574327	1.63415	1.41825	1.46397	1.16281	1.28408	1.16281	1.05893	0.654832	0.406102	0.406119	0.908006	1.49733	0.812163	1.16281	1.46397	1.41818	0.812163	0.654832	0.256842	0.544847	0.181621	0.574308	0.812198	0.977983	1.1485	0.181621	2.18589	1.67394	0.406119	0.574327	0.908006	1.55137	2.06993	4.24394	3.98108	4.13828	2.36665	0.406102	0.908053	0.908053	0.654832	0.406119	0.181621	0	0	0	0	0	0	0	0	0	0	0	0	0	0	0	0	0	0	0	0	0	0	0	0	0	0	0	0	0	0	0	0.181621	9.67057	9.66729	0.574327	1.64419	3.42266	2.18589	0.513675	1.14854	3.00355	4.74249	1.78814	0.406119	0.812163	1.56194	1.54078	2.69804	2.31047	1.41825	1.624	0.406102	2.32455	2.95388	3.57739	1.8692	3.08982	5.37486	3.48916	0.908053	2.72829	2.00526	1.81565	3.27067	5.43529	6.24574	6.70885	6.24574	5.28009	3.10579	2.00524	1.0896	1.21814	2.72227	2.18601	1.49736	3.98089	2.86924	1.27114	1.38289	0.6548	0.256856	0.256856	2.06987	3.16858	0.726446	4.53468	4.72538	2.64253	2.7222	4.78369	2.92603	1.41825	1.21814	6.58183	5.49781	2.92607	5.57724	4.78391	10.2278	5.82832	3.20993	5.90899	7.27098	7.14776	6.46281	5.40228	3.04171	4.32401	6.26886	2.95388	1.46392	6.95496	11.6624	11.3434	9.42118	6.59927	5.10429	4.92856	6.69908	7.40713	5.12663	3.24553	3.80843	5.4443	8.7177	7.22629	3.9604	4.92178	7.26198	11.0922	13.6175	13.2724	11.0412	9.92839	11.1188
2.19331	1.634	1.02717	0.726381	0.544798	0.406065	0	0	0	0	0	0.513629	0.654741	0.748724	0.977859	0.256819	0.925917	1.27103	1.14843	0.907948	0.181604	0.654741	0.574275	0.748743	0.513656	0.406083	1.16265	1.0895	1.27103	0.654773	0.81209	0.363205	1.10451	1.28392	0.574275	0.406065	0.363205	0.544798	1.28389	0.181604	0.406065	0.574257	0.544798	1.14843	1.1484	0.181604	0.406065	0.181604	0.256833	0.574257	0.181604	0.181604	0.256833	0.907925	0.513629	0.513629	0.363205	1.67382	1.10453	1.54056	0.544798	0.181604	0.406065	0.544798	0.513656	0.654773	1.05883	1.16271	1.32185	0.770417	0.574257	1.05878	1.5618	1.41805	0.181604	0.406083	0.726381	1.62385	0.654773	1.28392	0.770459	1.05883	1.21809	0.907948	0.406065	0	0.363205	0.812125	1.45253	1.95515	0.81209	1.81539	2.02951	0.406083	0.181604	0.907925	0.181604	0.256833	0.977859	1.0895	0.907972	0.544798	0.726381	2.69771	1.28392	0.977859	1.14843	0.812125	1.21803	0.574257	1.21809	1.30938	1.71271	2.21561	1.30931	0	0	0	0	0	0	0	0	0	0	0	0	0	0	0	0	0	0	0	0	0	0	0	0	0	0	0	0	0	0	0	0	0	0	0	0	0.406065	9.66972	9.29251	0.513629	0.81209	3.99285	2.82275	0.256819	1.05878	3.22987	5.07474	2.00506	1.05883	1.10451	1.30931	0.544798	1.46382	0.907972	0.907948	1.32185	0.907972	2.43497	1.46379	3.50294	3.08423	3.20947	6.01447	2.31014	1.78798	1.89529	1.32185	0.726381	1.67382	3.21462	3.81231	3.32999	3.50294	3.56332	3.31026	2.7461	2.52787	1.55128	0.544798	1.10453	1.92971	3.08954	2.36643	0.574275	1.46379	0.406083	0.256819	0.574257	1.86903	2.84018	2.29587	5.26408	3.08963	2.19331	3.91416	5.68082	1.49723	1.71271	1.71279	7.59327	6.08167	2.69783	6.0146	3.48895	9.54909	9.44702	4.00527	5.04593	5.1134	4.7042	4.97421	4.14203	2.35957	5.76042	6.87008	3.38866	2.38728	3.42236	6.01453	8.38945	9.1179	6.8679	4.70077	3.6001	4.41354	6.51941	2.56658	3.34486	4.71454	5.30119	7.84351	5.01008	3.80809	4.35391	4.71117	5.72388	5.76072	4.63071	3.64531	2.72202	9.82595
1.55114	1.32177	1.0894	0.748676	1.28384	1.7879	1.10443	0.181588	0	0	0.181588	0.748657	0.907867	0.748676	0.654682	0.544749	1.10441	1.38264	0.406046	1.55114	1.7879	0.977808	0.181588	0.907867	0.90789	1.02714	0.977772	0.925853	1.10443	0.363172	0.513583	0	0.812017	1.0894	1.02714	0.977808	0.925853	0.748676	1.30919	0	0.406029	0.544749	0.977772	0.544749	1.55109	0.574224	0.256796	0.181588	0.181588	0.256796	0.406046	0.406046	0.256796	0.907844	0.363172	0.726316	0.726316	1.10441	1.2838	1.10441	0.726316	0.363172	0.406046	0.977808	0.90789	0.544749	0.363172	1.14833	1.63385	0.574205	0.574205	0.770348	1.38264	1.64389	1.418	1.5405	1.46373	1.82432	1.16261	1.67371	1.30926	0.812052	0.726316	1.14829	0.726316	0.406046	0.256796	0.25681	0.770348	1.86886	1.2838	1.71255	2.05351	0.51361	1.02714	1.0894	0.406046	0.406029	1.49706	1.4524	1.02714	0.726316	2.12443	3.13155	1.71263	2.24501	2.21552	1.92963	2.02939	0.977808	0.181588	0.654682	0.907867	2.43475	1.81523	0	0	0	0	0	0	0	0	0	0	0	0	0	0	0	0	0	0	0	0	0	0	0	0	0	0	0	0	0	0	0	0	0	0	0	0	1.32173	9.74731	8.42856	0.406029	0.812017	3.59047	2.69747	1.56174	0.406046	3.57675	4.02518	1.10441	1.3827	1.67371	2.29574	2.69759	2.67923	2.18561	2.5664	3.24495	2.52114	2.7278	1.72221	3.67176	3.84618	2.8687	6.18696	2.69744	1.82432	2.46838	3.34461	5.00982	6.12132	5.34679	4.16916	2.52755	3.48381	2.69747	3.13155	2.0049	0.748676	1.14829	1.14833	1.81528	3.34449	1.85118	1.81533	3.8549	3.27016	1.86895	1.27091	0.181588	1.38264	2.42122	2.7278	5.12547	1.30919	1.418	3.95958	5.27293	2.95351	3.08935	1.67373	6.31682	7.79163	7.91458	9.10511	10.8035	12.3443	10.5122	4.00491	2.56631	2.02935	2.24495	2.61702	0.726316	2.99208	6.17384	6.26774	3.16801	2.00488	2.42122	3.67179	6.08113	7.81819	6.54871	3.98849	2.32413	2.99208	6.95139	0.748676	1.86895	4.20432	5.05179	8.00706	5.81623	5.04548	5.50584	3.46503	1.46369	0.770348	2.36622	3.97607	4.71066	11.1687
1.6236	1.89497	1.82414	1.54033	2.69727	3.17299	3.089	0.925734	0.544691	1.72202	2.46814	2.06936	1.38255	1.05863	0.654644	0	0.748576	1.55092	1.30905	0.977703	1.7877	1.46353	0.748576	0.726237	0.544691	0.654644	0.363133	0.925753	0.811965	0.654612	0.405985	0.181568	0.363133	0.811965	1.02703	0.907793	0.977703	0.907793	0.748576	0	0.405985	0.363133	0.748576	0.406003	1.02697	0.654612	0.181568	0.363133	0.513527	0.181568	0.256769	0.748576	1.28368	0.977703	0.405985	0.405985	0.513527	0.574162	1.55098	1.7877	1.6236	1.46353	1.14817	1.21785	0.925734	0.907746	0.256769	1.21779	0.405985	0.574162	0.925753	0.748595	0.513527	1.10431	1.30912	1.28371	1.16248	1.1043	0.363133	0.811965	1.46357	1.21785	0.907769	1.1043	1.05863	1.41785	1.30912	0.811965	0.748595	1.64372	1.64374	1.08928	1.7968	0.654612	0.363133	0.811965	1.21785	1.67353	1.45224	0.363133	1.46357	2.77533	4.16872	3.10494	1.67355	1.96325	2.18538	2.06936	2.52737	2.27391	1.46355	1.41777	1.30912	3.26967	2.61674	0	0	0	0	0	0	0	0	0	0	0	0	0	0	0	0	0	0	0	0	0	0	0	0	0	0	0	0	0	0	0	0	0	0	0	0.544691	3.52096	9.65968	6.61923	0.406003	2.00467	2.52728	1.08928	1.46357	1.92932	4.71007	3.69811	1.41785	0.654644	0.363133	1.71245	3.17299	3.34425	2.97535	3.48831	3.52108	3.08369	2.46804	1.62353	4.7823	4.4569	2.99175	6.23596	4.05315	0.363133	1.92943	3.2446	4.64387	5.6656	4.89392	1.6236	2.18538	3.99218	1.14821	3.01904	2.17778	2.30981	1.81513	0.405985	2.59786	3.52096	0.977666	4.18437	4.24662	3.26978	2.00469	1.85099	0.81193	0.907769	1.89497	3.26974	3.33427	1.85102	3.67155	5.4458	7.08445	7.28891	6.29839	4.92716	6.30865	9.00383	9.56104	9.99394	11.7779	10.6009	6.06729	2.06933	1.46353	1.86866	1.71237	1.38249	1.86875	4.38297	5.32464	3.99207	2.72753	3.9219	4.83343	4.76528	5.22579	6.86891	8.1377	8.38795	6.70924	0.770307	5.7509	4.74129	2.35902	3.81156	5.9509	8.5015	6.03767	3.90513	5.49624	4.61897	3.48821	4.58365	7.61745	11.2182	13.4748	16.3843
0.181552	1.14807	1.32147	0.977615	2.24451	1.55084	3.89202	1.71221	1.21768	2.77502	2.36587	1.8948	0.654586	0.544642	0.726172	0.544642	0.574092	0.907665	1.78747	1.38237	0.256746	2.30948	1.05848	0.181552	0.726172	0.544642	0.654553	1.02688	0.907665	0.654553	0.181552	0.405949	0	0	0	0	0.181552	0.25676	0.181552	0	0.811857	0.748528	0.92567	0.770238	0.907688	0.748509	0.181552	0.181552	0.907665	0.181552	0.405966	1.49676	1.45211	0.811892	0.977579	0.405966	0.726172	0.654553	0.654586	1.14811	1.14811	2.2736	2.18507	0.811857	1.71221	0.925651	0.574092	1.1042	1.02694	0.811892	0.726172	0.748528	0.57411	0.181552	0.181552	0.25676	0.25676	0.57411	0.907711	0.907688	0.181552	0.977579	0.907665	0.654553	0.57411	1.05853	1.38242	1.28357	0.748528	1.14807	1.14807	0.405966	1.28352	0.748528	1.4968	1.5402	1.62346	1.4968	0.363101	1.81492	2.69703	3.48795	3.08873	0.907688	0	0	0	0.181552	0.748528	1.4968	2.29522	2.56576	1.1042	3.52059	3.34378	0	0	0	0	0	0	0	0	0	0	0	0	0	0	0	0	0	0	0	0	0	0	0	0	0	0	0	0	0	0	0	0	0	0	0	1.21768	4.7853	8.64988	5.03456	0.925651	2.52705	1.64357	0.748509	0.907665	3.37309	5.07329	3.50194	2.06917	2.02902	1.32151	1.71221	1.71221	0.770238	0.92567	1.72181	0.405966	3.34378	2.52053	2.52705	5.67918	4.4565	3.00242	5.82614	4.38251	1.89475	0.811857	1.30894	2.43427	2.76906	1.56135	4.2151	3.73754	3.6712	2.59769	3.89202	2.82194	2.02899	2.64161	2.46782	3.20855	2.441	2.76906	4.82267	0.405966	2.83356	1.30894	1.67331	1.41765	0.181552	0.405966	2.52053	1.16232	3.57147	2.59769	3.2138	4.14085	4.38645	4.0246	3.61267	2.72131	2.3238	2.35885	1.41772	1.309	0.513481	1.46344	1.64359	1.1042	1.78747	1.72181	1.05853	1.64359	3.89202	4.22672	2.11624	0.907711	2.6787	4.56169	5.77289	3.7374	3.09929	3.98771	6.77341	8.00555	4.2653	1.64357	4.91993	5.22533	5.03133	6.64547	7.79187	4.48573	2.29522	6.5498	6.48021	5.14993	5.61305	8.83283	11.8175	11.2284	12.3531
0.181536	1.38225	0.748442	0.654495	1.67316	0.907607	3.87901	1.92898	1.67316	2.95251	0.40593	2.06891	1.3823	1.3823	1.21763	0.811819	0.748442	0.574059	1.63339	2.17739	1.30888	1.9628	1.05839	0.405913	0.405913	0.654495	0.405913	0.977491	0.811784	0.405913	0.181536	0.513435	0	0	0	0	0	0	0	0.181536	0.907607	1.148	0.654527	0.181536	0.363068	0.811819	0.90763	0.574059	0.770127	0.256723	0.748461	1.67319	0.925568	0.57404	1.05839	0.256723	0.748442	0.654495	0.654527	1.148	1.148	2.43405	2.32347	0.907583	1.9628	0.748442	0.405913	0.363068	0.513463	0.40593	0.405913	0.405913	0.256723	0.40593	0.513463	0.513463	0.40593	0.181536	0	0.907583	0.544593	0.977491	0.654495	0.811819	0.811819	0.181536	0.57404	0.770127	0.544593	1.1041	1.28345	1.56129	1.72172	1.05844	1.28343	0.574059	0.57404	0.574059	2.18492	3.26412	2.46767	2.00431	1.21757	0	0	0	0	0	0	0.405913	2.2734	3.24388	1.49663	3.20827	3.48282	0.363068	0	0	0	0	0.181536	0.256737	0.181536	0	0	0	0	0	0	0	0.181536	0.256737	0.181536	0	0	0	0	0	0	0	0	0	0	0	0	0	0	0	0	0.726107	3.10434	5.83961	7.36864	4.10855	1.41752	2.92458	1.45198	1.62331	3.34361	5.06975	4.83245	2.92458	0.181536	1.05839	0.907583	1.55064	2.35864	1.71214	1.3823	2.2735	3.89184	5.27771	4.44155	4.05255	4.87612	2.97467	3.26909	5.1778	4.38583	2.6967	1.85069	1.85069	1.67319	2.02877	3.69753	5.53659	3.08314	1.5507	2.20738	4.13243	4.48175	2.99122	1.32135	2.95251	3.12011	2.17739	2.4676	3.48753	2.83923	3.98735	1.9629	0.925568	1.38225	0.654527	0.977527	2.77477	1.72166	3.33368	2.72702	0.40593	1.08909	1.08909	1.41752	2.06888	0.57404	0.405913	1.49663	2.2735	3.08854	3.61235	2.72107	2.24436	0.977527	1.41752	2.11605	0.90763	1.79648	3.52028	3.71948	1.92898	1.08909	1.82379	3.37279	5.87008	4.18358	2.72702	2.77483	5.62121	8.3	8.32319	5.04404	4.3635	6.57887	7.33147	8.13608	7.14422	2.57831	4.44146	7.19599	5.6787	4.78487	6.0794	9.66625	10.6727	7.50737	9.12492
0.654424	1.86813	0.405886	0.907486	0.907486	1.10398	3.37243	1.67298	1.92877	2.69638	0.748362	2.52655	1.38215	1.38215	1.16215	0.811732	0.977386	0.573997	1.2175	2.17716	1.49651	0.748362	1.05827	0.181516	0.181516	0.907486	0.181516	0.748362	0.363029	0.181516	0.405869	0.51338	0	0	0	0	0	0	0	0.405869	0.654457	1.14788	0.907509	0.405869	0.363029	0.811732	0.977422	0.925469	0.256695	0.770044	1.32121	1.46311	0.573997	0.573979	1.05827	0.770044	0.977386	0.181516	0.907509	1.14788	1.14788	1.9542	1.81452	0.654424	1.71188	0.977386	0.181516	0.363029	0.513408	0.544535	0.181516	0.181516	0.256695	0.544535	0.513408	0.513408	0.544535	0.405869	0	0.654424	0.405886	0.748362	0.181516	0.811732	0.811732	0.654424	0.573979	0.256695	0.405886	0.907509	1.05832	1.72153	1.56112	1.28331	1.28329	0.925469	0.573979	0.573997	3.26874	3.64351	2.21465	1.38215	0.544535	0	0	0	0	0	0	0.181516	1.55048	3.24354	1.9542	2.44052	3.22831	0.811697	0	0	0	0	0.405869	0.256709	0.405869	0	0	0	0	0	0	0	0.405869	0.256709	0.405869	0	0	0	0	0	0	0	0	0	0	0	0	0	0	0	0	1.62307	4.64238	5.83899	5.42309	3.08805	2.18464	3.4207	1.45183	1.62314	4.36304	5.06921	3.28383	1.49647	0.405869	1.05827	0.654424	0.654457	1.89443	2.02859	1.38215	2.46741	4.44108	4.97182	4.30654	3.78473	2.90743	0.748362	3.03988	4.17135	4.89227	3.40631	1.85049	1.85049	0.907533	1.63321	4.34804	4.72264	2.59718	1.41744	1.81456	3.28379	4.92555	3.90387	0.748381	2.69638	2.11582	1.62314	1.2175	1.28331	3.16687	3.64355	2.12367	0.925469	0.925469	0.748381	1.46311	2.36534	3.67032	1.64327	3.5616	1.71188	0.811732	1.49647	2.18464	2.06866	0.573979	0.181516	0.811732	2.90745	3.17208	3.73681	2.92999	1.96269	1.27041	1.16209	3.11977	0.977422	3.33329	3.26871	2.95219	2.69638	0.811732	1.63321	1.86813	4.13591	4.41142	2.72673	2.36541	4.44108	6.94888	8.65398	6.874	3.98693	7.70744	7.96178	7.71376	5.14892	0.573979	6.47894	6.75053	4.08821	4.78436	7.98786	11.4751	10.2376	6.70733	8.66488
2.02835	2.06847	0.573946	1.38203	2.18456	2.59697	2.77423	1.21733	1.62292	2.5458	2.19206	2.24386	0.544486	0.907404	1.14778	1.16204	0.405832	0.725964	0.513362	1.62292	1.30856	0	0.907404	0.256686	0.256686	0.925386	0.654398	0.1815	0.256686	0.40585	0.725964	0.362997	0	0	0	0	0	0	0.1815	0.405832	0.362997	0.544486	0.769975	0.654366	0.362997	0.725964	0.725964	0.811624	0.725964	1.63306	1.46298	0.811624	0	0.654366	1.21733	0.977299	0.907404	0.405832	1.05818	0.256672	0.573946	1.55034	1.30856	0.405832	1.38197	1.38197	0.256672	0.256672	0.256686	0.405832	0	0	0.405832	0.544486	0.513362	0.654398	0.748314	0.362997	0	0.405832	0.256686	0.405832	0.405832	0.573946	0.748314	0.654366	0.573927	0.1815	0.1815	0.256672	0.748314	1.08887	0.40585	1.05818	1.16198	0.907404	0.544486	1.4517	3.73636	2.5198	0	0	0	0	0	0	0	0	0	0	1.02659	2.83275	2.11563	2.11563	3.11949	0.811624	0	0	0.1815	0.925405	2.95203	4.42231	4.45542	2.46719	0.748314	0.1815	0	0	0	0.1815	1.28318	2.19206	3.33318	3.71895	2.76245	1.08887	0	0	0	0	0	0	0	0	0	0	0	0.1815	1.2832	4.17107	6.21288	5.00722	3.32809	2.32301	2.61576	3.24325	1.85033	1.89421	4.48445	3.48213	1.55034	1.14778	1.08887	1.08887	1.21739	0.907451	1.02659	1.62292	0.748314	2.5778	3.51958	2.11563	1.62292	1.89426	2.67793	2.72054	3.62517	4.05167	4.53878	3.07713	1.53967	1.85029	1.49637	3.22802	3.73633	2.97408	1.38197	0.925405	1.32113	2.59694	5.27661	5.62015	4.36278	4.30615	3.00168	1.78703	0.40585	0.573927	1.96241	1.85033	4.40743	5.84422	6.39563	6.54825	5.53865	4.36269	5.52367	0.362997	3.58873	2.4403	0.925405	2.18449	1.62292	1.9541	3.22819	2.86745	2.19206	2.77423	1.64312	2.46711	2.02835	0.256686	1.38197	0.1815	3.2835	2.56516	3.24325	2.5198	2.92962	3.51958	0.573927	1.28318	0.573927	2.86731	3.89091	2.56507	1.41731	1.9957	3.50093	5.82451	6.62663	5.49435	8.86631	8.30796	6.45087	2.90717	2.83275	6.90138	5.26105	2.67781	4.57104	8.71917	12.029	9.03713	4.78051	6.77137
3.97378	2.64055	1.81429	2.32292	2.72029	2.61565	1.72122	0.544437	0.725899	1.78687	2.0684	1.32101	0.405814	1.41711	1.16188	0.654307	1.1038	1.05813	0.573894	1.79597	1.71157	0.513288	0.748228	0.256649	0.181484	0.811552	0.925322	1.05813	0.90737	0.977247	1.32101	1.16194	1.02655	1.02655	0.90737	0.654339	0.654339	0.769948	0.654339	0.181484	0.925322	1.46289	1.02655	0.405796	0.181484	0.654307	0.544437	0.90737	2.00375	1.85016	0.977247	0.362964	0	0.769906	1.16188	0.748247	1.46289	1.67277	1.49624	1.16194	1.41719	1.46287	0.748228	0.181484	0.907347	1.82327	1.27018	0.405814	0.256663	0.181484	0	0	0.181484	0.405814	0.513316	0.573894	0.573894	0.513316	0.513316	0.405814	0.181484	0.256649	0.256663	0.513316	0.181484	0.513316	0.977247	1.05813	0.977247	0.654339	0.748228	0.405796	0.405796	1.21723	1.05808	0.573894	1.56084	3.10349	3.46301	1.28306	0	0	0	0	0	0	0	0	0	0	1.02649	1.95385	2.64062	2.99044	2.64055	0.362964	0	0	0.573876	2.56484	5.43122	5.58491	6.0779	5.89074	4.24076	2.20678	0.544437	0	0	0.573876	2.64055	4.00262	5.186	6.13638	6.18369	4.22914	2.32292	1.62285	0.811586	0.405814	0.181484	0	0	0	0	0	0	1.10378	4.17069	7.04452	6.72306	4.2638	1.82329	1.56076	2.46689	2.90693	2.77404	3.32779	4.99366	2.95166	1.96224	0.573876	1.21723	0.181484	0.513316	0.811552	2.19177	1.64295	0.748228	3.91989	4.47314	1.67275	0.405814	2.83842	3.87811	3.46313	4.3623	4.3623	2.56484	1.81424	3.34265	3.66532	2.83842	5.32527	5.61093	4.44028	3.00142	2.46687	3.21259	3.08766	2.11544	3.08226	3.59772	3.73617	2.83264	2.77404	2.46687	2.83842	5.07165	8.78084	14.6078	16.0289	15.1763	14.6975	13.6792	11.9715	10.0977	3.91167	2.67758	2.83249	1.46289	2.74428	2.69604	3.42026	3.00142	2.20674	0.544437	1.56076	1.27018	1.71157	2.02817	0.811586	1.14764	2.02817	3.46313	4.62765	1.92853	1.28308	3.56097	4.29422	1.71157	1.05813	1.92853	2.92379	2.67758	1.4962	2.21425	3.73619	5.83812	7.47743	8.04081	9.17489	11.1795	9.06303	4.97093	0.725899	5.66564	7.61376	4.94124	2.38566	3.01764	7.92802	12.9851	11.8722	9.00134	9.6802
5.39745	3.00097	1.38176	1.05802	0.573833	0.181464	0	0	0	0	0	0	0	1.3083	1.27005	1.64279	1.28295	0.573833	0.769824	2.36461	1.78661	1.53937	0.725821	0.811464	0.405753	1.72098	1.67257	1.16181	0.748166	0.725821	1.10366	0.907272	1.02644	1.02644	0.977142	0.748166	0.748166	0.769865	0.573833	0.769824	1.3817	1.28295	1.28295	0.573814	0.40577	1.10366	0.907272	1.21715	1.64278	0.544379	0	0	0	0.654237	0.925203	1.05802	1.56067	1.79587	1.56067	1.16181	0.907272	0.573833	0.181464	0	0.181464	1.10366	1.67253	0.748147	0	0	0	0	0	0	0	0.181464	0.405753	0.362925	0.513261	0.513261	0.544379	0.405753	0.405753	0.256622	0.925203	0.654269	0.654269	0.907272	1.14755	0.907249	0.256635	0.748166	0.725821	1.55003	0.544379	0.748147	1.63274	2.59638	1.72098	0.181464	0	0	0	0	0	0	0	0	0	0	1.02638	0.725821	1.81409	2.11532	1.08866	0	0	0	0.907226	3.66927	5.27548	2.12298	1.99531	3.84371	4.71092	3.61082	1.21709	0	0	0.907226	3.37146	3.97748	3.16589	2.51943	4.9703	4.38047	2.4332	2.17653	1.08866	0.544379	0.405753	0	0	0	0	0	0	2.11522	5.66213	5.84287	3.43887	1.46269	0.573833	0.769824	1.55003	1.63274	2.67729	4.3542	4.86412	2.36461	2.06809	1.38176	1.63274	0.977142	0.748166	1.55003	2.67729	0.925203	1.5606	4.97023	4.3804	0.907272	1.92822	2.7618	1.49608	1.08866	3.41973	2.7618	0.362925	1.49608	2.92356	4.4103	3.98999	5.8568	5.65359	3.78365	2.32267	6.27385	5.97753	5.50219	3.87769	2.06817	0.925223	1.05797	0.256622	1.55003	5.1188	4.43971	4.67279	9.53048	14.0484	10.8904	9.28594	8.41195	8.86487	11.5681	11.4923	5.74762	0.925223	3.98978	2.59643	3.80954	3.22756	1.53945	2.71986	3.21215	1.71147	1.95372	2.27261	1.56067	0.769824	0.925203	1.2829	3.37146	2.81479	2.71993	2.83799	0.748147	3.51889	4.27467	2.51931	1.3083	1.89389	3.08726	2.38544	0.811499	1.95364	2.64034	4.07113	5.96939	4.55955	5.61033	7.57272	4.18198	0.513261	3.50025	7.60445	7.48509	4.20153	2.27261	0.362925	4.58448	10.6612	11.4802	9.59362	9.0569
5.62705	3.07624	0.513187	0	0	0	0	0	0	0	0	0	0	1.02629	0.513187	1.02629	0.513187	0.513187	1.02629	2.56429	1.53923	2.05193	0.513187	1.02629	0.513187	2.05193	1.02629	0.513187	0.513187	0.513187	1.02629	0	0	0	0.513187	0.513187	0.513187	0	0.513187	1.02629	1.53923	1.02629	1.02629	1.02629	0	1.02629	0	0.513187	1.02629	0	0	0	0	0.513187	0.513187	0.513187	0.513187	0	0	0	0	0	0	0	0	0.513187	1.53923	1.02629	0	0	0	0	0	0	0	0	0.513187	0.513187	0	0	0.513187	0.513187	0.513187	0.513187	1.02629	0	0	0	0.513187	1.02629	0.513187	0.513187	0.513187	1.53923	0	1.02629	1.53923	2.05193	1.02629	0	0	0	0	0	0	0	0	0	0	0	1.02629	0	1.02629	0	0	0	0	0	1.02629	4.0986	5.11835	1.53923	0.513187	1.53923	4.0986	4.0986	1.53923	0	0	1.02629	3.58771	4.0986	3.07624	1.02629	4.0986	3.58771	1.02629	2.05193	1.02629	0.513187	0.513187	0	0	0	0	0	0	2.56429	6.13486	5.11835	2.56429	1.02629	0.513187	0.513187	1.02629	1.02629	3.07624	4.60884	4.60884	2.05193	1.53923	0.513187	1.02629	0.513187	0.513187	1.53923	2.56429	0.513187	2.05193	5.11835	4.0986	0	2.56429	3.07624	1.02629	1.02629	3.58771	2.56429	1.02629	1.53923	0	1.53923	0	4.60884	4.60884	1.53923	1.02629	8.15568	6.13486	2.05193	1.53923	0.513187	1.02629	1.02629	0.513187	1.02629	6.13486	5.11835	1.53923	8.15568	11.6408	1.53923	3.07624	0	3.58771	10.1563	11.1476	6.13486	0.513187	4.60884	2.56429	1.02629	1.02629	1.02629	3.58771	3.07624	0.513187	0.513187	0.513187	0.513187	0	1.02629	1.53923	3.58771	3.07624	2.05193	3.58771	1.02629	3.58771	4.0986	2.56429	2.05193	1.53923	2.05193	1.02629	1.02629	2.56429	2.05193	1.02629	4.60884	3.07624	4.60884	6.13486	2.05193	1.02629	4.0986	7.65219	6.6417	2.05193	0	1.02629	2.05193	7.65219	8.15568	5.11835	3.58771
5.00535	2.21351	0.748032	0.57373	0.181432	0	0	0	0	0	0	0	0	0.811319	0.725691	0.513141	0.811354	0.654152	0.573711	2.36424	2.92863	2.81436	1.71116	1.89355	1.28274	1.56032	1.16155	0.36286	0.748032	0.748032	0.811319	0	0	0	0.40568	0.544281	0.544281	0.256589	0.654119	0.811319	1.46245	2.19123	2.19123	1.72073	1.28274	1.28272	0.769727	0.748032	0.811319	0	0	0	0	0.40568	0.544281	0.544281	0.40568	0	0	0	0	0	0	0	0	0.40568	1.38145	1.26982	1.02625	1.02625	0.90711	0.544281	0.181432	0.57373	0.544281	0.181432	0.573711	0.573711	0.256589	0.405697	0.544281	0.40568	0.654119	0.654152	1.45115	0.90711	0.90711	1.02625	0.976967	0.748013	0.36286	0.544281	0.573711	1.38145	0.90711	1.81372	2.17614	1.84959	0.811319	0	0	0	0	0	0	0	0	0	0	0	0.811319	0.513169	0.811319	0	0	0	0	0	0.907063	3.98907	5.25908	1.79545	0.654152	1.82277	4.1695	5.67848	5.34525	4.13024	3.01692	2.19123	4.52631	5.00535	3.26726	1.32063	3.73495	3.98917	3.877	5.18452	5.8226	5.78905	5.32088	4.07042	2.35734	0.976967	0.405697	0.256589	0.925057	4.08631	7.02176	5.04747	2.41914	1.2827	1.28274	2.19123	2.19123	1.21693	2.83168	4.60843	4.48277	2.57683	1.72067	0.405697	1.16155	0.90711	2.32226	3.09735	2.90044	1.95337	2.9061	5.67546	4.52631	2.43951	2.90044	2.43266	0.725691	1.71116	4.43892	3.98508	3.09735	2.9061	1.56039	1.2827	0.256576	4.22778	4.22393	2.24308	2.19123	6.91283	5.86674	2.02761	2.24302	1.62238	1.49581	1.26982	0.925057	1.32063	5.91086	6.14755	2.71937	7.15138	10.1958	5.6757	5.04117	3.11848	3.16532	8.80515	10.6769	7.26548	3.16542	3.32684	2.18367	2.35734	2.12268	1.54981	2.97297	2.67681	1.54981	1.46247	1.21693	1.14734	1.02625	1.46243	1.78629	3.97264	3.97677	3.00056	5.25924	3.73507	2.69515	3.41911	2.95087	2.72546	2.36424	2.46619	1.46243	0.925038	2.0677	2.19114	0.405697	4.37969	5.00546	5.60644	5.77757	2.02761	1.56032	4.81949	8.09979	6.78794	2.00316	0.544281	1.16155	1.67223	7.18515	8.43669	7.18537	8.89028
2.29352	0.907013	2.43925	2.59571	1.64232	0.362821	0	0	0	0	0	0	0	0.405654	1.05772	0.976862	0.654049	0.747952	0.654049	1.46231	2.46602	2.1835	1.2826	1.32049	1.28256	0.57365	1.62214	0.405636	0.654082	0.654082	0.362821	0	0	0	0.181412	0.405654	0.405654	0.256562	0.747933	0.811267	1.41663	2.06758	2.06758	1.56023	1.2826	1.05772	0.769644	0.654082	0.362821	0	0	0	0	0.181412	0.405654	0.405654	0.181412	0	0	0	0	0	0	0	0	0.181412	0.906989	1.32049	0.976862	0.405636	0.544223	0.924938	0.57365	0.513086	1.21675	0.654082	0.906966	0.747933	0.405654	0.405636	0.181412	0.513113	1.2168	1.46231	1.28258	0.976862	0.976862	0.654082	0.573668	0.57365	0.362821	0.573668	0.362821	0.747952	1.95316	2.77295	2.24284	1.14722	0.362821	0	0	0	0	0	0	0	0	0	0	0	0.362821	0.513113	0.362821	0	0	0	0	0	0.769603	3.84248	5.37175	2.18339	0.544223	0.976862	2.59571	5.02771	6.96593	7.6888	8.00378	8.18979	9.43761	8.09926	5.005	2.76706	3.28192	3.34134	3.73472	4.61526	5.63202	6.29302	6.41529	6.30327	5.98411	5.42625	5.62625	5.88023	5.82198	6.21	5.96219	3.00011	1.41655	1.46225	1.46229	1.49565	0.654082	0.513086	3.3705	5.25854	3.97224	2.86593	0.924958	2.4325	2.76111	3.43799	4.94273	5.17456	4.47158	3.82133	4.00926	6.41508	5.4381	4.36068	3.6684	2.191	1.86714	3.24182	7.03947	8.38852	8.64376	9.04033	8.6898	7.07621	4.77843	5.09519	6.05947	6.18135	5.62625	5.07914	3.84248	2.90579	4.54031	3.85119	2.71922	1.78617	1.95316	2.30782	5.35668	7.13943	5.24627	7.09655	11.2158	12.815	11.3955	10.2044	9.18871	6.70358	6.36432	7.5749	6.00841	1.86714	2.191	3.97653	3.73472	2.5187	0.906966	2.466	2.86607	2.06758	1.56023	1.78617	1.67211	2.02743	2.53812	5.32004	6.01627	3.73033	5.78835	5.7967	1.45099	3.08112	5.34468	5.74617	5.60884	5.37804	5.12079	4.73733	3.51806	3.10227	3.8723	4.873	5.37804	5.18077	4.00101	0.181412	2.98919	5.74594	7.21791	5.27398	2.8373	2.61462	2.63958	3.34139	7.64262	12.3854	15.1102	17.5407
1.32034	1.81336	1.95298	2.38454	2.69462	0.811159	0	0	0	0	0	0	0	0.4056	0.573617	1.10327	1.78594	0.256525	1.41643	0.181396	0.256539	0.573598	0.544174	0.725548	1.62199	0.513068	1.96129	0.906885	0	0	0	0	0	0	0	0	0	0	0.362789	0.513068	0.362789	0	0	0	0	0	0	0	0	0	0	0	0	0	0	0	0	0	0	0	0	0	0	0	0	0	0.181396	0.573598	1.16132	1.46214	1.38124	0.976775	0.976739	0.573617	1.72034	0.573617	1.67188	1.10325	0.747885	0.725548	0.513068	0.747885	1.38124	2.0674	2.0674	1.86698	1.86698	1.71083	1.46218	1.54945	1.14708	0.976775	0.573617	0.653991	1.89312	1.64216	0.544174	0	0	0	0	0	0	0	0	0	0	0	0	0	0	0	0	0	0	0	0	0	0.906885	3.98829	5.25805	2.18319	0.362789	0.513068	0.544174	0.573598	1.7952	3.59599	5.03052	6.32068	7.396	4.87259	3.34104	2.56361	2.76668	1.41643	0.653991	0.405617	0.653991	0.573617	1.64216	2.41872	3.83804	4.49667	5.28302	5.62574	4.99152	3.21104	2.4389	2.56361	2.02721	2.21307	1.16132	0.769576	1.46218	1.21669	5.12325	5.98603	2.98892	1.81331	2.17571	3.03796	2.4658	3.26662	3.44713	2.36384	2.36384	1.96139	2.3845	5.09779	3.73425	1.9276	1.56009	1.28249	1.64218	2.3845	7.58256	7.6774	5.82146	6.81304	7.21763	7.02061	5.81018	4.47842	4.7058	4.37896	3.66807	3.21104	1.63213	3.72982	4.47831	2.3218	2.3845	0.924875	1.64216	1.16138	4.41956	5.52052	4.04944	5.66025	7.00918	7.60828	7.11872	7.16387	7.534	5.76544	1.95298	3.60947	5.14865	3.8208	3.01618	2.35683	1.81341	2.29324	1.30781	1.4165	1.4165	1.32034	0.544174	1.10325	0.747885	1.08825	2.02721	6.68347	7.65422	2.19071	2.52488	5.12008	4.48189	2.74295	3.56855	4.12937	4.40491	4.3037	4.1688	4.2426	3.76927	3.60958	3.98429	2.92238	2.76668	2.46568	1.41643	2.06732	3.55925	4.87236	4.92225	4.18045	4.13337	2.97254	2.46578	2.95034	4.56865	7.6672	9.28253	9.52552
2.41845	2.18306	1.32025	2.0671	3.08573	0.906803	0	0	0	0	0	0	0	0.653964	1.79504	2.06721	1.82223	0.405564	1.4163	0	0	0.405564	0.544125	0.747818	1.63198	1.53874	1.84906	0.811087	0	0	0	0	0	0	0	0	0	0	0	0	0	0	0	0	0	0	0	0	0	0	0	0	0	0	0	0	0	0	0	0	0	0	0	0	0	0	0	0.405564	1.55987	1.67173	0.512994	0	1.02591	0.362756	1.49534	0.811121	1.81315	1.16121	0.573566	0.976687	1.02596	0.976687	0.924773	0.256516	0.256516	0.405564	0.405564	0.544125	0.747818	2.19052	1.78578	0.725483	0.906827	1.46201	1.95274	0.811087	0	0	0	0	0	0	0	0	0	0	0	0	0	0	0	0	0	0	0	0	0	0.18138	1.38106	4.02059	4.48149	2.02703	1.41638	0.976687	1.16121	1.46201	1.08815	1.32022	0.90685	1.30769	3.09636	1.92742	2.77239	2.69438	3.08043	1.72018	0.976687	0.90685	1.32022	0.362756	0.906803	0.544125	1.14702	1.81325	2.12207	1.79504	1.86681	1.67182	1.67179	2.06713	1.86672	2.183	1.30776	2.92779	3.37007	2.76657	7.21663	6.52382	1.16121	1.81325	3.0805	2.36358	2.21299	2.71867	1.86672	0.573547	0.573566	1.54937	2.89961	3.72949	2.29304	2.61416	3.34079	3.58656	3.4183	3.51738	7.98193	6.46657	0.544125	1.10315	1.55987	5.27304	6.18	3.49875	1.30776	1.10317	2.36363	3.33095	3.33097	5.78717	5.03955	1.16127	2.67604	1.16127	2.24244	3.01606	5.82911	2.63903	2.61416	3.73401	2.02707	2.18304	2.77245	2.46558	1.82225	2.122	1.95274	1.10317	5.24533	6.9181	6.83364	5.90941	4.61443	2.86553	1.54931	0.512994	0.653932	1.55987	1.05753	2.57623	3.08589	2.30741	1.46203	5.52003	8.09167	5.94496	4.29195	4.69829	5.61629	3.95506	3.37007	4.53957	5.17985	4.47802	3.62287	3.09647	2.18304	1.38106	2.30729	2.69435	2.63903	3.82053	2.83679	3.64078	3.62728	4.89874	5.80966	4.22672	2.95008	2.97227	4.53957	5.77612	6.68075	6.76011	6.76728	6.01549
2.94966	1.72	0.544067	3.16921	2.83637	0.573485	0	0	0	0	0	0	0	0.906706	0.747719	0.405537	0.362717	1.08804	0.976546	0	0	0.18136	0.405537	0.653894	1.21645	1.53857	1.14689	0.362717	0	0	0	0	0	0	0	0	0	0	0	0	0	0	0	0	0	0	0	0	0	0	0	0	0	0	0.362717	1.32011	2.21275	2.21275	1.38096	0.573504	0.18136	0	0	0	0	0	0	0.18136	1.46183	1.9609	0.573485	0.405537	1.32008	1.28221	1.72005	1.67164	1.63181	1.32008	0.653894	0.906753	1.02585	0.906753	0.573504	0.256488	0.256488	0.18136	0.18136	0.405537	0.653894	2.00237	2.59495	2.46532	2.27131	2.06696	1.45058	0.362717	0	0	0	0	0	0	0	0	0	0	0	0	0	0	0	0	0	0	0	0	0	0.924673	2.5631	3.83716	2.9718	1.28221	1.4619	1.45058	2.21264	1.5597	0.544067	1.0258	0.362717	0.769424	2.46529	3.08556	2.81325	2.20524	2.61375	1.5597	0.405537	0.573504	1.5597	1.14686	1.38096	1.79484	2.32134	2.76627	2.46532	1.71049	1.4619	1.92722	2.92748	3.26604	2.69418	1.46187	1.89275	3.44648	3.11725	3.21041	8.88641	6.96362	2.76627	4.06883	3.88809	2.76032	2.02688	0.811034	1.28224	2.19037	1.79484	3.28102	4.26091	2.69418	0.725405	2.98841	3.34043	3.01573	1.32011	1.32008	7.05788	5.98486	1.16115	1.63181	3.64039	6.84924	6.17408	2.02688	2.00237	1.62167	2.99938	5.14781	5.90058	8.35363	8.55393	6.21616	4.94132	4.27245	5.24491	6.31944	7.14885	4.77709	4.47754	4.55695	4.17968	3.11725	1.41622	0.747719	1.41615	1.72005	3.34038	2.71837	1.10305	4.61387	6.52586	6.54569	5.91977	4.56776	3.08556	2.05104	1.67157	1.46183	1.2164	0.653862	0.18136	0.924673	1.62174	4.61391	8.82382	9.95733	8.4072	6.6291	6.86111	6.32185	4.02036	3.38421	3.98351	4.02029	2.99938	3.12764	2.69409	1.08804	1.67155	1.54914	2.71844	4.53901	2.57596	3.62239	4.21084	5.65914	6.86819	5.43655	5.49908	8.24977	8.8329	8.77313	10.3304	11.2225	11.7595	10.7903
3.40308	2.35611	1.49505	3.72876	2.02661	0.181344	0	0	0	0	0	0	0	0.72534	1.46176	1.67149	1.4161	0.976495	0.362685	0	0	0	0	0	0	0	0	0	0	0	0	0	0	0	0	0	0	0	0	0	0	0	0	0	0	0	0	0	0	0	0	0	0	0	0.810927	2.24194	2.46507	2.46507	2.00219	0.924591	0.405484	0	0	0	0	0	0	0	1.16098	2.0667	0.573434	0.544018	1.54901	1.28208	0.92461	0.906672	1.10295	0.924591	0.181344	0	0	0	0	0	0	0	0	0	0	0.72534	1.6216	1.92705	1.55964	0.976495	0.362685	0	0	0	0	0	0	0	0	0	0	0	0	0	0	0	0	0	0	0	0	0	0	1.71025	2.99899	2.99899	1.86636	0.181344	0.512893	1.16098	2.36305	2.02661	0.544018	0.747671	1.16104	1.05732	0.906672	1.16104	0.976495	0.906625	2.21244	1.62153	0.512921	0.405501	1.96073	1.95235	1.16104	1.46176	1.3075	1.10295	0.573453	1.16098	0.405501	1.05727	2.41798	2.38386	2.02669	1.38084	3.22526	2.69383	0.573434	1.41602	8.71179	6.46033	2.98814	2.3562	1.55964	0.769355	0.256465	1.63166	2.20508	2.20508	1.3075	3.16377	3.21003	1.54906	2.61351	2.05075	0.512893	2.02661	3.46035	3.58585	7.87125	7.27082	1.7199	2.72415	4.61336	5.41797	3.87493	1.64171	1.28205	3.22526	2.61351	3.90018	2.98814	5.61531	6.68176	5.43914	3.84974	3.2406	3.41763	3.49806	3.84111	3.47933	6.51047	7.02784	5.58356	4.52431	3.88775	2.81886	1.28212	1.31996	2.29266	3.98316	3.09586	1.71034	2.18257	2.271	1.82187	2.38386	2.43834	2.29266	2.75997	1.31996	1.54906	2.69397	3.20506	2.92163	3.03709	3.16908	4.00775	5.27216	4.4699	4.10444	5.62973	4.61336	2.51764	3.09575	2.56287	2.02661	2.19009	2.99899	2.0667	0.573434	1.16098	0.512921	1.82189	2.06672	0.653803	1.30744	1.53843	2.35615	6.03821	3.26562	4.52779	5.88624	4.48085	4.16751	6.91661	5.49849	5.12206	5.43914
2.97127	2.06651	1.54887	3.33966	1.53821	0	0	0	0	0	0	0	0	0	0	0	0	0	0	0	0	0	0	0	0	0	0	0	0	0	0	0	0	0	0	0	0	0	0	0	0	0	0	0	0	0	0.181328	0.747604	1.30738	1.5383	1.30738	0.810889	0.512875	1.14669	2.56268	3.07962	1.82172	1.82172	2.72392	2.41782	1.64156	0.543969	0	0	0	0	0	0.543969	1.82171	2.02645	0.181328	1.26909	1.64154	0.924508	0.543969	0.512875	0.543969	0.405447	0	0	0	0	0	0	0	0	0	0	0	0	0	0	0	0	0	0	0	0	0	0	0	0	0	0	0	0	0	0.181328	0.573401	1.05722	1.28201	0.976408	0.362652	0	0.181328	0.573401	1.71974	3.44586	3.44584	2.41776	1.54887	0.810889	1.14669	1.26909	2.02643	1.96055	0.405447	0.181328	0.924527	1.41597	1.21623	0.653777	0.362652	0.362652	2.43799	2.02643	1.02567	0.810889	2.21224	1.96055	0.653777	1.05722	1.16094	1.10285	0.924527	1.54887	0.405465	1.55942	2.36284	1.71969	0.906567	1.49492	3.57164	2.21224	0.512847	1.46157	8.04958	5.37531	1.21618	1.05722	1.5595	2.6937	4.04797	5.01565	4.93716	4.93716	4.6693	3.55801	1.55942	1.28198	1.86619	2.81275	3.22514	3.66218	3.33971	0.512875	6.01349	7.43427	4.93716	4.17893	4.40319	3.73282	2.51742	1.46157	0.906544	3.47883	2.69358	3.43629	3.33978	2.56264	3.09547	3.62626	3.08501	4.13575	4.4695	4.16724	4.08407	3.69331	3.07438	2.76578	2.18998	2.06659	2.46485	2.43137	2.18242	2.18989	0.924527	2.36284	1.55942	0.924508	2.18237	3.09547	1.78534	0.573401	0.747585	3.10079	3.44584	1.21623	0.653745	0.924527	0.573401	0.405447	1.14665	2.32093	4.407	3.90832	1.5595	0.653777	3.56707	3.63974	3.5163	3.01505	1.10283	2.06659	3.46008	4.01957	3.55801	2.43812	1.62145	1.14669	2.56264	2.12146	2.18998	3.3691	4.6693	5.09288	8.09526	3.7807	4.77599	3.08485	0.976408	3.5163	6.38423	3.01505	0.512875	2.75972
2.71753	1.05706	1.3197	2.82976	1.53805	0	0	0	0	0	0	0	0	0	0	0	0	0	0	0	0	0	0	0	0	0	0	0	0	0	0	0	0	0	0	0	0	0	0	0	0	0	0	0	0	0	0.405404	1.3197	1.49479	1.53813	1.49479	1.08772	0.51282	1.84834	3.28004	2.59421	1.46148	1.46148	2.41756	2.72363	2.4175	1.21605	0	0	0	0	0	1.21605	2.46451	1.46145	1.41574	1.89221	1.28184	0.57334	0.405421	0.51282	0.405421	0.181308	0	0	0	0	0	0	0	0	0	0	0	0	0	0	0	0	0	0	0	0	0	0	0	0	0	0	0	0	0	0.405404	0.924409	1.28184	1.28187	1.46143	0.810767	0	0.405404	0.924409	2.7713	3.80619	2.77136	1.64138	1.3197	1.08772	1.14656	1.10273	1.78507	1.70992	0.181308	0.405404	1.7195	1.46148	1.63134	0.747523	0.810767	0.362613	3.20425	2.76535	1.02556	1.08772	2.46449	1.70992	0.747523	1.05711	1.2161	1.26896	0.924428	1.3197	0.543911	1.55925	1.86599	1.7195	1.10271	1.95197	3.32458	1.46141	0.512792	2.212	7.79801	4.86666	0.543911	1.05711	1.71956	3.44073	4.75856	5.10512	4.87025	4.87025	4.77912	3.16845	1.55925	1.05711	0.924409	2.43786	3.20443	3.26511	2.20465	1.14653	3.56669	5.42302	5.20603	3.76745	3.62135	2.59415	2.27056	1.21605	1.67107	3.22462	1.92656	1.84837	3.09525	1.84837	1.30724	3.45971	3.08468	4.61255	4.46903	4.10364	3.73256	3.69291	3.07405	2.69344	2.0664	2.06637	2.21212	2.63807	3.265	2.18965	0.924428	1.86599	1.55925	1.38051	3.4596	4.534	1.67116	1.38051	1.96034	4.63708	2.77136	1.46145	1.92656	0.924428	0.924409	0.181308	0.51282	3.63935	4.78927	3.32966	2.00182	0.747523	2.20461	3.26004	2.54313	1.78507	0.747523	1.79433	3.03649	3.87009	3.84041	2.51726	1.62128	1.14656	3.43592	2.0263	2.0664	4.19793	4.77912	5.49742	9.48558	5.17766	4.01901	3.08452	1.26896	4.17836	5.41691	1.78507	1.14653	2.75943
3.30459	1.67101	1.71935	2.69305	1.53791	0	0	0	0	0	0	0	0	0	0	0	0	0	0	0	0	0	0	0	0	0	0	0	0	0	0	0	0	0	0	0	0	0	0	0	0	0	0	0	0	0	1.14643	2.38314	1.71941	1.28175	1.71941	2.27045	2.97084	3.73221	3.25975	0.976215	0.181292	0	1.30706	2.59389	2.52344	1.21594	0	0	0	0	0	1.30706	2.29193	1.70985	2.18199	1.78491	0.405368	0	0	0	0	0.362581	0.976215	1.28175	1.05701	0.573288	0.181292	0	0	0	0	0	0	0	0	0	0	0	0	0	0	0	0	0	0	0	0	0	0	0	0	0.810695	1.49462	1.45003	1.16071	2.02609	2.35552	2.18206	2.11331	2.12105	3.20911	2.99813	1.10262	0.725133	0.976179	1.21594	0.725133	0.362581	1.30706	1.54856	0.653648	0.725133	2.11321	1.08763	1.81232	1.62113	2.02611	2.6932	4.89634	4.88639	3.84014	3.88664	4.37639	3.48297	1.79417	1.21599	1.21599	1.67098	1.46135	1.10263	0.906365	1.28169	1.28171	2.02609	2.43089	2.56218	2.27035	0.906389	1.30713	3.33905	6.71342	3.64345	2.06621	1.63119	1.14643	2.75918	4.047	2.43079	1.14646	2.56218	3.16296	2.94866	3.16289	1.28175	2.41728	1.28171	0.747438	1.45003	0.810729	1.54856	2.36237	2.8179	1.96017	1.16071	1.71935	1.28169	2.18194	1.62106	2.29193	3.41649	1.62106	0.362581	1.02541	2.21181	1.31962	2.74135	1.64124	3.59374	1.21594	0.512774	1.14643	1.67092	0.747457	1.31962	1.70985	2.8122	3.2245	4.06728	4.70649	2.29201	1.30706	1.16065	1.26884	2.29201	3.6074	3.98601	1.62113	2.56214	3.09487	5.53206	1.70976	1.95186	3.63902	1.84821	1.26884	0.653648	1.08763	3.76693	2.57485	0.747438	1.70976	1.16065	2.20441	2.35548	1.71935	1.16065	0.747438	1.28175	2.06619	2.18199	2.11321	0.747438	1.38044	2.18955	3.90746	1.28175	0.653616	3.16286	2.35548	2.32035	8.70204	6.69666	2.90385	2.21181	2.12097	4.23996	4.06711	2.02611	2.59397	2.20441
3.5153	1.78483	2.67451	2.94829	1.53777	0	0	0	0	0	0	0	0	0	0	0	0	0	0	0	0	0	0	0	0	0	0	0	0	0	0	0	0	0	0	0	0	0	0	0	0	0	0	0	0	0	2.11302	3.03586	1.55906	1.28164	1.55906	2.18186	3.16271	3.60719	2.43067	1.26873	0.405331	0	1.81211	3.32399	2.06595	0.543813	0	0	0	0	0	0.810622	1.4499	1.67086	1.67083	1.10252	0.181276	0	0	0	0	0.810622	1.46117	1.28164	1.28162	0.924243	0.405331	0	0	0	0	0	0	0	0	0	0	0	0	0	0	0	0	0	0	0	0	0	0	0	0	1.30695	1.95162	1.4499	1.21588	1.70969	2.27025	2.21172	2.11312	2.02593	2.77081	2.52321	0.906307	0.725068	0.747371	1.46115	0.725068	0.362548	0.810622	1.31946	0.74739	0.725068	2.11302	1.49449	1.49453	1.62099	1.92632	2.76499	5.09132	5.24543	3.8398	3.96942	4.53691	4.16593	2.066	1.16061	1.16061	1.54848	1.41556	0.906331	1.67077	0.769025	0.769066	1.70969	2.32026	2.11312	0.74739	0.65359	1.30701	3.77962	4.71632	1.63105	2.18935	2.69284	1.14632	1.84801	4.53319	2.9204	1.14636	3.27945	3.30435	2.59377	2.54266	1.28164	2.41707	2.18926	1.95999	1.4499	0.810657	1.31946	2.86378	3.32889	0.747371	1.21588	0.924262	0.769025	2.43729	2.61253	2.29173	3.91541	1.62092	0.810622	1.02532	1.46115	1.16061	2.94834	2.41707	4.61156	1.46115	0.512728	1.14632	0.906284	1.31946	1.46119	2.02591	3.26448	3.40195	4.17774	4.22431	2.2918	2.82925	0.405331	0.976128	2.05009	2.18181	1.70961	1.62099	2.56191	3.56605	6.288	2.97042	1.95169	4.04669	2.56191	1.10254	0.74739	1.49449	3.01419	1.55898	0.405349	0.976092	2.43729	3.56605	1.89192	2.67451	1.41549	0.405349	1.64109	2.066	1.67083	1.14632	0.405349	1.38032	2.41713	3.4826	1.64109	1.92622	2.02587	2.54266	0.362548	6.30601	6.91403	2.02593	0.543813	2.83505	4.49346	2.83505	1.92632	2.46415	1.30701
2.8635	2.4169	3.12587	2.51643	1.41534	0.181258	0	0	0	0	0	0	0	0	0	0	0	0	0	0	0	0	0	0	0	0	0	0	0	0	0	0	0	0	0	0	0	0	0	0	0	0	0	0	0	0.181258	2.86347	3.32363	1.02528	1.1605	1.55891	1.70954	1.44976	1.02521	0.405312	1.05676	0.976038	1.1605	2.36197	4.00571	2.41682	0.54376	0	0	0	0	0	0.405289	0.54376	0.512682	0.54376	0.405289	0.181258	0.924175	1.70954	1.81205	1.21577	0.747294	1.30681	0.405312	0.768942	0.906218	1.14625	0.747319	0.181258	0	0	0	0	0	0	0	0	0	0	0	0	0	0	0	0	0	0	0	0	0	0.181258	2.18903	2.94804	2.12066	1.86557	1.67071	1.49438	1.14625	1.14625	1.14625	1.62075	1.70943	0.924149	0.653488	0.512645	1.30681	0.747319	0.747319	0.747294	1.16042	0.653488	0.653531	2.1816	2.71684	0.747319	0.573184	0.924175	1.10241	4.41618	4.69161	1.79385	2.362	3.45871	4.34562	3.88594	4.22401	3.98551	3.23909	2.21152	1.95991	2.94811	2.76474	2.32006	2.32006	2.4372	1.86557	1.2686	0.810537	0.810537	3.91499	3.41582	0.405312	0.906187	2.61225	1.49438	1.95151	4.82507	4.34565	3.1676	3.62485	2.53597	1.62084	2.17406	1.53772	2.59342	3.07834	3.073	1.49433	1.21577	1.67067	3.49626	3.97294	0.573159	0.653531	1.30689	1.81205	3.26417	4.17729	4.12626	5.25419	3.32874	1.67071	0.405312	1.64091	0.256346	2.26991	2.43031	4.73303	1.46099	0.653531	1.31938	1.62084	1.08742	0.724996	2.02563	3.97294	4.01804	4.23552	3.26423	3.0996	4.04621	0.906187	1.28149	1.28147	0.653488	0.512645	0.405289	1.95978	2.29149	6.51961	6.86914	5.74135	3.73152	1.78457	0.405289	0.512682	1.49433	1.62075	2.21152	3.20357	3.76644	4.19678	2.8635	1.89175	4.70214	3.40163	1.78466	0.724996	1.89175	1.67067	1.1462	0.512682	1.46103	2.18151	2.3199	2.43031	3.16228	2.02572	2.53597	2.5617	3.88571	5.16987	2.81168	3.71404	4.78797	4.22381	1.71902	0.768942	0.768942	1.10241
2.00105	2.72261	2.36176	1.3192	1.16032	0.405252	0	0	0	0	0	0	0	0	0	0	0	0	0	0	0	0	0	0	0	0	0	0	0	0	0	0	0	0	0	0	0	0	0	0	0	0	0	0	0	0.405252	3.36731	3.56992	1.02517	1.21564	1.71891	1.67053	1.02517	0	0.543706	0.256319	0.906152	1.21564	2.00107	4.00534	3.32826	1.21559	0	0	0	0	0	0.18124	0.405269	0.512627	0.405269	0.18124	0.405252	1.71886	2.02551	1.95131	1.63073	0.405269	0.810463	0.543706	0.256305	0.653461	1.14613	1.3192	0.405252	0	0	0	0	0	0	0	0	0	0	0	0	0	0	0	0	0	0	0	0	0	0.405252	3.16712	3.60637	2.02553	1.86537	1.70936	1.81181	1.14613	1.14613	1.14613	0.724925	0.9759	1.38	0.906106	0.512599	0.810463	0.653461	0.653461	0.9759	1.41521	0.906106	0.906129	1.67053	3.30364	2.2697	0.573124	0.92408	0.906129	4.91805	5.42386	1.79366	2.36176	2.90304	3.81764	3.73119	4.23897	4.12983	3.69153	2.46366	1.92594	2.59326	2.83462	2.31981	2.4302	2.46369	2.36176	1.8915	1.30669	1.30669	4.41578	2.91982	0.543706	0.653429	1.6206	1.30675	1.81185	3.99723	4.17688	3.08352	3.09934	2.20382	1.62067	2.17385	1.53755	2.81132	3.81753	4.09392	1.95123	1.16038	1.54817	3.73102	4.46714	1.55867	0.906129	1.49423	1.81185	2.81139	3.73114	4.12584	5.06474	3.16727	2.94776	1.70927	2.06554	1.05666	1.54812	1.95123	3.96846	1.21559	0.747243	1.16038	1.62067	1.08732	0.724925	2.76431	6.46164	5.29062	4.04602	2.94786	3.73105	4.5323	2.69228	1.05671	2.18883	0.906106	0.512599	0.18124	1.70927	1.44962	4.53609	6.86844	6.17545	3.49606	0.653461	0.18124	1.1461	1.08732	0.724925	2.35485	3.26391	3.81771	3.66491	1.38005	4.06597	5.07435	3.22358	3.38188	1.6206	1.78447	2.18137	2.11261	1.1461	1.67047	3.4583	1.81176	3.91464	3.38188	2.18138	2.20382	2.56145	2.24066	3.16712	2.43694	3.96864	4.40488	2.6924	0.92408	1.28132	0.256305	1.7844
1.64062	1.89133	0.975813	0.405215	0.72486	1.30664	1.41516	1.05662	0.573073	0.181224	0	0	0	0	0	0	0	0	0	0	0	0	0	0	0	0	0	0	0	0	0	0	0	0	0	0	0	0	0	0	0	0	0	0	0.181224	1.28123	4.29949	3.95167	1.92577	2.2696	2.35464	2.18124	2.57402	2.76419	2.18124	1.7092	1.41516	0.768846	1.2812	3.20277	3.51425	1.86512	0.181224	0	0	0	0	0	0	0	0	0.181224	0.923979	2.02527	1.46073	0.975849	2.24051	2.12025	1.02508	0.362445	0.181224	0.573055	0.768805	1.55853	0.405215	0	0	0	0	0	0	0	0	0	0	0	0	0	0.543658	1.71876	2.8631	3.20294	2.35464	0.906048	0.181224	0.747176	1.67035	3.66445	3.16683	0.405215	0.512553	0.512553	1.14599	1.67038	2.21109	1.41516	0.543658	0.405215	1.46073	1.14599	0.747157	0.65337	0.362445	0.810425	1.46077	2.02529	1.46075	1.28125	1.28125	2.30531	3.26346	1.30657	1.4941	1.30664	3.96811	5.20344	2.7164	2.06541	1.28123	1.46073	0.747176	0.405233	1.67032	2.51598	1.46073	0.256282	0.543658	1.14599	0.747157	0.768805	0.181224	1.82066	2.74036	3.1618	3.80451	5.96967	4.71507	1.10222	0.256282	0.906048	0.72486	0.181224	1.71871	3.16178	3.58348	2.61191	0.975849	0.747157	1.46073	0.181224	3.26346	5.43536	5.35115	2.94755	1.81169	1.46077	3.66443	4.37462	2.54193	2.2696	3.58348	4.98681	5.31482	4.26925	3.83857	3.88501	1.08722	2.51598	3.12535	3.55597	3.03508	2.83436	3.38167	4.35604	2.2696	1.71876	1.26837	0	1.49406	1.46075	2.43659	7.1049	5.41441	2.02533	1.4608	3.80435	4.46674	2.81685	0.906071	2.2695	1.89133	2.46344	2.817	3.56977	4.91781	3.81737	2.94749	2.71626	3.5696	2.75815	3.11491	2.61191	0.747157	2.41638	2.90278	3.09381	3.07792	2.67387	3.1617	5.42037	3.7263	1.81169	4.40434	2.59294	1.14603	2.18119	3.44387	2.81107	0.906025	3.66445	3.83871	6.16174	2.63685	1.8116	0.747157	1.67035	1.95113	1.67032	0.768805	2.06533	1.70912	0.975849	0.923998	1.92567	0.362445	2.04939
1.64046	1.26824	0.74708	0.181206	0.724789	1.30652	1.46067	1.28113	0.923885	0.405173	0	0	0	0	0	0	0	0	0	0	0	0	0	0	0	0	0	0	0	0	0	0	0	0	0	0	0	0	0	0	0	0	0	0	0.405173	2.18841	5.01206	3.73033	1.95935	2.35442	2.2694	2.21089	2.57379	2.8341	2.2694	1.67023	1.46067	1.2811	1.79321	2.43633	3.26311	2.36123	0.405173	0	0	0	0	0	0	0	0	0.405173	1.37973	1.78406	1.21536	1.26824	1.95935	2.5417	1.44935	0.362409	0.405173	0.572995	1.28107	1.55836	0.181206	0	0	0	0	0	0	0	0	0	0	0	0	0	1.21536	2.76973	3.2077	3.22301	3.45772	2.02505	0.405173	1.31895	2.18095	3.20758	2.18841	0.181206	0.512498	0.512498	0.512535	2.18098	2.18104	1.99247	1.21536	0.181206	1.21536	1.14588	0.975711	0.905928	0.810305	1.08711	1.319	2.24023	1.67015	1.05652	1.64044	0.768722	3.51387	2.82814	1.81146	1.30652	1.67011	3.65966	2.92502	1.79333	0.768777	0.405196	1.31895	1.46058	1.46061	2.26926	1.21536	0.768722	0.405196	1.14588	0.975711	0.256254	0.653301	1.16017	2.35442	2.96946	3.66428	5.78173	6.39517	3.07746	0.256254	0.653344	1.62029	0.405173	0.92391	2.69195	3.58316	2.98588	1.26824	0.975711	1.21536	0.405173	4.52061	7.09512	5.14016	2.59279	1.95095	2.02509	3.66404	3.6417	2.35436	2.18104	4.12509	5.02532	5.27757	4.37443	5.60228	4.12884	1.49391	0.653344	2.57379	3.32778	2.92502	2.76395	3.51404	3.98014	2.18104	2.00069	1.89113	1.02491	1.08711	1.67015	1.16009	5.85945	5.41384	2.18098	1.41503	3.80395	3.97181	1.28107	0.975759	1.54782	3.07746	3.26321	2.81675	3.47672	4.70092	4.57808	1.67023	0.975711	4.31415	5.71108	3.43411	2.98588	2.96925	3.32762	3.45772	3.33756	3.0132	2.57379	4.29904	5.92264	2.75786	1.95095	4.17599	1.99247	1.14592	1.67023	3.44353	4.44801	0.405173	2.3613	4.91067	5.43503	3.25821	2.31923	0.405196	1.46067	1.81153	0.90599	1.28107	2.06511	1.95922	1.46061	1.71853	2.69176	0.810305	2.04917
1.281	1.2153	0.975657	0.653274	1.14577	0.724718	0.543551	0.905846	1.02482	0.512453	0	0	0	0	0	0	0	0	0	0	0	0	0	0	0	0	0	0	0	0	0	0	0	0	0	0	0	0	0	0	0	0	0	0	0.975621	3.16106	4.71405	2.56063	0.724718	1.21524	0.768653	0.572942	0.572942	0.975621	1.14577	0.51248	0.747029	1.66999	2.29062	2.24001	3.20728	3.26285	1.14577	0	0	0	0	0	0	0	0	0.512453	1.53703	1.66996	1.21524	1.46044	0.256245	1.86475	1.71837	0.923797	0.405136	0.810231	1.46049	2.38182	1.62021	0.747029	0.181188	0.181188	0.405153	0.51248	0.51248	0.653274	0.905893	1.02488	0.905893	0.768695	1.37965	2.67334	3.66386	3.44322	2.18074	1.41488	3.83782	3.81655	2.96914	2.86251	2.90221	2.73978	1.46047	0.653274	0.923816	0.975657	0.810265	1.30631	1.46051	2.54143	1.63026	0.543551	1.15999	1.05636	0.768653	0.923816	1.46049	1.087	0.810265	2.18076	3.07732	3.84645	4.37022	3.73013	3.80367	3.32731	2.06495	1.79314	1.92539	1.31882	1.281	2.30498	2.86254	2.76365	2.11983	1.3796	0.975621	2.112	1.30631	0.74701	0.768695	0.923797	0.768653	0.181188	0.905846	0.768653	1.05641	2.21065	2.6114	4.70379	7.74558	5.48481	1.41488	0.810265	2.112	0.810231	1.10198	2.06503	3.08264	3.12474	1.82032	1.4492	1.70879	0.543551	5.25206	7.17781	4.13242	1.86484	2.41596	3.62348	4.89355	4.16395	2.52209	1.86484	3.45739	2.56071	1.46049	3.20728	7.03074	4.39981	1.4938	0.362373	1.53711	2.5156	2.92471	2.18081	2.72183	3.45743	2.69166	1.37965	1.31882	2.2907	2.31915	1.4938	0.747029	4.40348	5.78956	4.93338	4.98583	4.64819	2.59243	0.405153	1.102	1.63026	3.80361	3.49494	1.95914	2.35418	2.69163	4.55265	4.20686	2.91912	4.20669	6.50708	1.84711	3.33714	3.56433	2.35409	3.86753	4.63419	4.06498	3.1143	4.23373	5.5054	1.95905	0.975621	2.86239	1.95914	3.07732	3.36652	2.24007	3.64137	3.16636	3.01288	5.13967	3.83788	3.72998	2.26905	0.653242	0.810231	1.31886	2.35418	2.81059	2.72183	2.18074	1.66999	2.00048	3.48092	2.1883	2.72181
1.05632	1.15994	0.905812	0.746962	1.14567	0.724653	0.405117	0.653184	1.02473	0.512407	0	0	0	0	0	0	0	0	0	0	0	0	0	0	0	0	0	0	0	0	0	0	0	0	0	0	0	0	0	0	0	0	0	0	1.70863	3.8839	3.72523	1.53689	0.724653	1.46031	1.28084	0.572891	0.572891	0.746943	1.14567	0.512434	0.653216	1.46034	2.29042	2.02471	2.76922	3.967	2.11181	0	0	0	0	0	0	0	0	0.512407	1.53689	1.92512	1.46031	1.21514	0.256222	1.37948	1.71821	1.37948	0.181172	1.3062	1.21519	2.23987	2.17303	1.31871	0.405099	0.405099	0.543502	0.512434	0.512434	0.746962	0.975569	1.02479	0.975569	0.768626	2.0003	3.44291	3.66353	2.6731	1.66988	1.54759	3.0823	3.65904	2.94676	2.6731	2.73957	2.18057	0.975569	0.746962	0.923733	0.905812	0.810193	0.362341	1.82016	2.35392	1.21519	1.21514	1.41468	1.05627	0.256209	0.923733	1.31874	0.810193	0.810193	1.6699	2.96887	3.91337	4.36984	3.88407	2.86226	2.41569	2.52177	2.06482	2.02477	0.905789	1.28088	2.52186	2.86228	2.83355	1.95897	0.572909	0.746943	2.11181	1.81108	0.405117	0.768626	0.572909	0.256209	0.405099	0.653184	1.28084	2.06477	2.46274	2.61117	3.86719	8.19436	6.86567	1.54759	0.810193	2.11181	1.3062	0.746962	2.41574	3.16608	2.57329	1.46038	1.44907	2.96872	0.405117	5.50491	6.17291	3.66341	1.86467	2.72159	4.17527	5.08842	3.83754	2.30477	1.86467	2.90195	3.27758	2.02471	4.60896	7.73452	3.61864	1.49367	1.3062	1.84699	2.43603	3.03422	2.26895	2.41574	3.03422	2.7634	2.0003	0.905789	2.04892	2.31894	1.49367	0.653216	2.54122	4.75501	4.86661	4.99841	3.96719	1.54759	0.746943	1.268	1.82014	3.80327	3.72963	2.23987	2.26895	2.46276	3.80342	4.51999	3.63666	3.03412	5.23922	1.1457	3.77746	2.20296	1.10191	3.22237	4.53439	4.29843	3.43345	2.91878	4.23716	1.70863	0.746943	1.37948	2.11964	3.38071	3.36622	2.54122	1.15994	3.08237	2.94676	4.53428	4.16358	2.3816	1.54754	0.905765	0.362341	2.23981	2.73957	2.69139	2.41574	1.66988	1.46034	1.37953	3.08228	2.06485	2.72157
0	0	0	0.405056	0.975429	0.724575	0.512379	0.543444	0.905668	0.512352	0	0.362302	0.810106	0.810106	0.362302	0	0	0	0	0	0	0	0	0	0	0	0	0	0	0	0	0	0	0	0	0	0	0	0	0	0	0	0.181153	0.746882	2.4624	3.66299	2.69099	1.30606	0.512352	1.30606	1.54737	0.975465	1.14558	0.653146	0.768502	0.181153	0.181153	1.05615	1.79269	1.37933	2.00008	4.60846	3.26218	0	0	0	0	0	0	0	0	0.653113	2.02447	2.4624	1.63996	1.28073	1.0562	1.62994	2.02447	1.66963	0.543444	1.89058	1.08679	1.08679	2.1728	2.6911	2.96855	3.11369	3.26234	3.45682	3.58208	3.61834	3.76423	4.37684	5.3644	5.87187	5.26672	3.90456	2.23963	1.30612	0.975465	1.63996	2.02453	2.90164	1.95876	1.30612	1.49347	0.975429	0.256195	0.256181	0.572829	0.256195	0.572829	0.768502	1.28073	2.0646	2.43577	2.63581	1.84679	0.905692	0.256195	0.923615	0.975465	1.02468	1.14558	1.10179	1.26787	1.49351	1.62994	0.905668	1.08679	1.49347	1.92491	1.63998	1.89064	1.62994	1.37933	1.41453	0.512379	1.54743	2.02453	1.81093	0.653146	1.79269	1.95866	0.746863	0.256195	0.405073	0.512379	0.746882	0.746882	1.30606	2.43564	1.26787	2.46247	3.03389	6.80367	6.63099	1.53673	0.724575	1.53673	1.54737	1.46016	2.31857	1.14554	0.746863	0.256181	1.21501	3.33644	0	5.02354	5.33687	3.99534	3.61834	3.43309	3.68967	3.88348	2.35362	1.4146	1.95876	2.59198	3.83707	3.08197	6.27611	8.15245	2.29025	1.95029	2.11159	1.54737	1.0562	1.28073	0.653113	1.10179	1.86447	2.59201	3.62275	2.72129	1.95876	2.11169	1.6697	0.653113	0.905715	2.38131	1.89064	2.18787	2.46247	2.90162	2.0001	1.62994	1.84679	4.08005	4.77482	2.99583	2.83325	2.61089	1.84679	2.63574	3.33649	2.1728	3.11353	3.23719	4.71326	2.4625	2.76893	1.37933	1.558	3.97085	5.76055	7.17676	7.36011	4.73059	2.92414	1.84679	1.14554	1.81088	0.905692	2.7152	1.66963	0.746882	1.21506	3.07665	4.39903	3.45682	2.67282	2.76311	3.20168	3.30211	1.99188	1.28073	1.46018	1.49351	2.20276	2.0487	2.91846	1.14558	1.95866
0	0	0	0.181137	0.746796	0.746815	0.905634	0.905634	0.72451	0.40502	0	0.653055	0.572778	0.653055	0.512306	0	0	0	0	0	0	0	0	0	0	0	0	0	0	0	0	0	0	0	0	0	0	0	0	0	0.543395	1.37926	2.1115	2.92387	3.65832	2.90136	1.7083	1.46002	0.746815	1.26775	1.63983	1.66957	1.86431	1.61974	1.05611	0.975378	1.21495	1.8198	1.6298	0.40502	1.30601	4.82187	5.14133	1.08669	0	0	0	0	0	0	0	1.89041	4.17446	3.72901	2.51488	2.29004	1.95858	2.20252	2.71495	1.55778	1.81978	2.53427	1.55786	1.55786	2.57278	4.09181	4.86233	4.47574	4.01541	3.98281	4.22115	4.37645	4.71294	5.89333	6.81522	7.13574	6.63075	5.23847	3.84535	3.16546	2.82723	3.55426	3.61802	4.23267	3.72467	3.08176	2.67258	2.26851	2.18019	2.18019	1.81082	1.30601	1.08669	1.02459	2.61065	4.35408	4.73017	3.08176	0.975378	0.256172	0.405037	0.181137	0.905634	1.41448	1.54729	1.44879	1.08669	0.975378	0.746815	0.36227	1.46005	0.905611	0.72451	1.66957	2.02438	1.46009	0.72451	0.923533	1.14548	0.768475	1.2149	1.55778	0.36227	1.66949	1.66949	0.746796	0.653087	0.975378	1.02459	1.15972	0.905634	0.653055	2.20991	1.21495	3.25696	3.09232	4.93506	5.2382	2.61053	1.14544	1.44879	1.46005	1.30594	2.06436	2.26851	2.36046	2.26851	2.63557	2.59169	0.40502	3.51255	4.17446	4.5335	4.41348	3.9126	3.86643	3.27694	2.46218	1.71793	2.06444	2.41527	3.61793	3.89587	7.34834	7.57399	2.11923	2.51476	2.43542	1.37921	0.512306	0.36227	0.256172	0.572796	0.512333	0.923552	2.76868	2.90138	2.56003	3.01202	2.36046	2.18758	0.256172	1.86422	0.256172	1.81077	2.11923	3.38004	4.04371	4.46481	5.10988	6.43819	7.73308	5.60017	2.31836	1.28061	1.78338	1.89047	4.1314	3.71152	1.02453	4.8922	4.63287	3.07644	3.60432	2.71495	1.54723	1.78345	3.51273	6.47567	5.9778	4.6082	3.20636	2.91816	2.96829	4.37272	4.37645	3.66281	3.12384	2.51488	2.02438	2.46228	3.94988	3.09757	1.37926	2.42881	4.37272	5.26626	4.74389	4.01541	3.16546	2.42881	2.20256	1.14548	2.82708	1.02453	2.20991
0	0	0	0	0.51226	0.18112	0.543347	0.512288	0.405001	0.18112	0	0.652997	0.572745	0.90553	0.362237	0	0	0	0	0	0	0	0	0	0	0	0	0	0	0	0	0	0	0	0	0	0	0	0	0	1.21479	1.99972	2.11904	2.55975	2.53404	1.45994	0.92345	0.905506	0.653029	1.10157	0.90553	0.768406	0.923469	1.10159	1.02449	1.14538	1.14538	1.81962	1.31837	0.90553	0.768365	2.99529	5.73392	2.42849	0	0	0	0	0	0	0	3.41326	5.03238	2.28984	1.41435	1.63968	0.905553	2.69051	3.08132	0.905506	2.42849	1.89024	0.768406	0.768406	1.28052	2.02417	1.95841	1.54715	0.809961	0.724445	0.746748	0.923469	1.66936	3.09194	1.81964	1.28054	1.55772	2.0242	1.95841	2.06423	1.95841	2.89547	1.95841	2.54048	2.02417	1.86414	1.86414	1.86414	1.95841	2.17999	2.06426	1.71778	1.63966	1.28052	2.72079	2.86144	2.52114	2.67222	1.78322	0.905553	0.746748	0.543347	0.768365	0.543347	0.975254	1.41428	0.905506	0.543347	0.512288	0.746729	1.15955	0.18112	0.543347	0.405001	0.572727	0.256149	0.256135	0.653029	1.53654	2.17999	2.18747	1.99974	0.905553	2.17988	1.55764	0.256135	0.543347	0.724445	0.512288	0.512288	0.809926	0.18112	2.06415	1.05596	2.69051	1.41428	3.59035	3.96584	3.11298	2.04822	1.84642	1.84646	0.653029	1.28054	2.69065	2.69065	2.26831	2.23923	1.31837	1.15955	2.30399	1.71772	1.81962	1.49321	1.0866	2.23917	1.66936	1.81056	1.41428	0.404983	1.41428	1.55764	1.37914	5.75925	5.62271	1.66934	2.94576	3.2616	1.81962	1.63966	0.572745	0.18112	0.746729	1.37914	1.66942	1.45992	1.41428	0.746748	1.26764	1.66936	3.0116	1.45994	2.71478	1.99153	1.71772	0.256149	1.05601	2.36025	3.22145	3.6177	5.28714	7.82287	6.73594	4.93139	1.86414	1.66936	1.21479	2.06426	2.90112	4.62874	4.51852	1.31833	1.61953	4.22055	3.20094	1.26764	2.35329	3.0761	4.93132	1.44866	3.81501	4.37213	5.36925	3.83222	4.01506	3.71119	2.96802	2.94587	1.79247	1.71772	0.572727	2.17988	3.72417	1.49324	2.46193	2.99529	3.09729	3.33602	3.20111	2.20982	1.02449	0.51226	1.84642	3.43236	1.14538	3.0707
0	0	0	0	0.40494	0.181101	0.40494	0.181101	0	0	0	0.40494	0.256121	0.40494	0	0.181101	0.256121	0.181101	0	0	0	0	0	0	0	0	0	0	0	0	0	0	0	0	0	0	0	0	0	0.724368	2.02392	1.89004	1.31819	1.89004	1.84622	1.14525	1.14525	0.975186	0.768323	1.28036	0.746668	0.404957	0.572665	0.40494	0.905433	1.8901	1.9582	1.81945	0.809874	1.21466	1.05585	1.45974	5.3323	3.96544	0.543288	0	0	0	0	0	0.181101	4.51804	5.20924	0.975186	0.572684	0.652927	0.905433	3.16469	2.71442	0.404957	2.51427	1.45974	0.572684	0.768323	0.923351	1.28033	0.746649	0.80984	0.543288	1.28038	1.37899	1.0559	1.37894	2.81494	1.05585	0.181101	0.362198	0.746668	0.92337	1.28036	0.404957	1.70796	0.572684	1.55747	1.28038	1.55755	2.02398	2.11108	1.9582	1.66925	1.54698	1.66922	2.28959	2.26806	1.89004	1.21466	1.37894	2.96755	2.20209	1.4142	1.37899	1.8901	2.46177	1.92446	2.11098	2.28952	0.975186	0.256121	0.905456	1.14525	1.45978	1.15949	0.809874	0.512233	0.181101	0.746668	1.14525	1.31823	1.37899	1.15949	1.14525	1.4485	1.10147	2.52078	1.99951	0.975186	0.362198	0.404957	0.768323	0.652959	0.97515	0.404957	1.81943	2.59124	4.15802	3.6621	4.16193	4.6072	5.2404	5.73632	4.93101	3.07054	2.20213	1.81945	1.2675	0.543288	2.06401	2.02398	1.10147	1.92436	2.42823	1.4485	0.652927	1.66922	2.11881	2.7205	1.54698	0.97515	1.45974	0.362198	1.14522	1.49308	1.30575	4.2201	4.68759	2.38067	3.37929	2.76219	1.2675	1.4485	0.543288	0.92337	2.35995	2.18724	1.2675	0.809874	1.81945	0.652927	1.81046	2.98414	3.27629	2.42823	2.61001	2.17971	3.16484	3.66212	2.80924	1.30575	0.905456	0.905433	4.35299	6.64852	4.97018	5.62229	4.56125	2.43507	2.41474	1.63951	2.69024	5.41671	4.35299	0.905409	1.86385	4.66324	3.16469	0.768323	0.404957	2.11098	4.77007	2.59126	3.8656	3.96954	4.77004	2.59118	0.652959	0.404957	0.905456	2.02392	1.37899	2.59116	0.181101	2.17964	3.72377	1.31823	2.57214	3.36472	2.67193	0.975186	1.66922	1.8901	1.02438	0.652959	2.52078	2.83232	0.512205	3.91164
0.181085	0	0	0	0.181085	0.512159	0.809802	1.41407	1.2146	0.54324	0	0.181085	0.256099	0.181085	0.181085	1.26739	2.26786	2.35283	1.08638	0	0	0	0	0	0	0	0.181085	0.404921	0.512187	0.404921	0.181085	0.362166	1.66907	3.01116	3.45553	3.08088	2.57205	2.43485	2.82642	3.07556	2.63482	1.66907	1.63934	2.06377	1.49291	0.181085	0.54324	0.54324	0.404904	1.14511	0.572632	0.652901	0.746601	0.404921	1.53615	1.61921	0.809802	0.905352	0.512187	1.37881	1.21455	0.809802	4.52136	6.5308	4.84754	3.16455	1.86377	1.15938	1.02429	1.30563	2.18704	5.13987	4.52843	0.572632	0.746583	0.724303	1.8461	2.69	1.45961	1.78294	2.72025	1.81928	1.37887	1.15938	0.809802	0.975062	0.724303	1.05581	1.66907	2.20193	2.11089	1.61928	0.362166	2.35274	1.66903	0.54324	0.652868	0.181085	0.572632	1.28026	1.10135	0.923288	1.10137	0.905375	2.69012	3.58983	3.61699	3.3646	3.20048	2.8609	2.67182	2.76207	2.96744	2.35979	0.54324	1.41407	2.11862	2.02374	1.15932	0.362166	1.10135	2.53998	2.46155	1.78294	3.66162	3.36442	1.30563	1.31807	0.572614	0.746601	1.14515	1.2146	0.809802	0.652901	0.746583	1.37881	1.31811	1.66907	1.15938	0.746583	0.652868	0.905328	0.905328	1.79202	1.45961	0.923268	0.362166	0.572614	0.512187	0.652901	1.26739	1.71744	2.46157	3.33531	5.07002	4.13023	4.43056	6.32252	7.56351	7.4246	5.86969	4.51781	3.09668	2.52065	2.99483	3.12295	2.59095	0.809802	2.2019	2.91737	2.59095	1.26739	1.15932	2.35283	3.56703	3.77575	2.46157	1.08638	1.08638	0.975099	0.54324	1.92429	3.07026	3.08081	2.18696	2.52065	2.76789	0.905328	1.61928	2.20939	2.67182	4.57149	5.17151	3.23598	2.86076	2.02374	2.23879	2.86079	0.905328	1.15932	1.81025	3.68829	2.28931	0.905328	1.28024	2.35979	3.62141	2.51416	2.31782	2.60991	3.903	4.854	3.26105	4.84754	5.59878	4.3453	3.77575	3.91149	4.69081	5.64184	3.903	1.49295	2.35279	4.7833	4.53214	3.45553	3.76282	4.9141	7.19194	7.67508	6.70853	3.96525	1.92419	2.91741	2.63482	1.54685	0.923288	1.78287	0.923288	3.89462	4.06264	4.01427	1.10135	1.70789	1.81926	2.20928	2.73825	3.32556	3.63945	2.5593	1.63936	1.66907	3.63487	2.35974	1.92419	5.08909
0.404868	0	0	0	0	0.905247	1.31795	1.30551	1.62918	1.21444	0	0	0	0	0.404868	2.18676	2.71401	2.89464	2.42779	0	0	0	0	0	0	0	0.404868	0.543191	0.512141	0.543191	0.404868	0.809695	3.03239	3.51136	3.47405	3.16427	2.67158	2.46136	2.9172	2.43464	1.15928	0.724238	1.21444	1.66886	0.809695	1.10127	1.41395	1.49282	1.31795	1.05566	0.404868	0.362134	0.404885	0.256076	1.54665	2.02355	1.21449	1.08629	0.362134	1.15922	1.41387	1.70766	1.86361	4.7283	4.99549	3.83535	2.35953	1.21449	1.0242	1.49282	2.53977	4.06213	2.82602	0.543191	0.65281	1.70766	1.66888	1.21444	0.768186	1.63921	2.02355	1.44825	0.80973	0.543191	0.256076	0.974975	0.905294	1.28017	1.28015	1.71723	0.923205	1.37869	1.05566	1.8897	2.26755	0.572563	0.746516	0.512141	0.362134	0.362134	1.81004	0.746516	1.70766	2.02353	2.02359	2.11071	1.66895	1.37874	1.28017	1.45952	1.31799	1.37874	1.10127	1.66886	1.86352	1.28015	1.66892	1.84593	1.54671	1.15928	1.78271	2.81443	0.768145	1.05566	3.58932	4.37459	0.543191	2.11836	1.10126	0.404885	0.181069	0.512114	0.512114	0.404868	1.05566	1.92402	0.905247	1.05566	0.65281	1.49278	1.26728	1.10127	1.44825	1.84589	1.4595	0.543191	0.512114	0.65281	0.256076	0.256062	1.37869	2.02355	1.30551	1.54665	4.48834	1.61907	2.83181	5.9753	6.05052	4.1297	1.45952	3.56655	2.51382	0.975011	1.92412	3.51136	4.34112	2.76183	3.07522	2.53975	1.31795	0.65281	2.06356	2.67146	1.99917	1.99917	1.63919	2.20908	0.404885	1.10126	1.66886	1.31795	2.20174	2.20919	1.10126	0.746516	1.41387	0.512141	1.54665	1.31799	2.90029	4.88037	3.16427	3.96883	3.98111	2.20908	0.923186	3.15897	2.11843	2.71408	3.33507	3.63458	0.724238	2.53332	3.25574	1.49282	1.81004	1.31799	1.41395	1.92412	2.72001	2.8605	1.05566	0.572563	2.51382	2.80866	2.41436	2.57182	3.81403	4.37095	2.72001	1.66892	2.26766	4.37101	4.99549	4.23497	4.2157	4.35245	5.1742	5.31028	4.35245	2.92278	1.28013	1.10127	2.35258	2.06364	1.88976	2.20174	2.11071	5.31007	5.59817	4.28461	3.37868	1.14501	1.10127	0.65281	1.41395	2.46136	2.11071	1.66888	1.55719	2.18676	3.32512	0.975011	3.20002	6.1694
0.543133	0.512086	0.404842	0.181049	0.543133	1.45934	1.14489	0.362095	1.30531	1.41372	0.181049	0	0	0.362095	0.543133	1.78252	2.89433	2.71372	2.51355	0.362095	1.14493	1.66877	1.55711	0.974907	0.362095	0	0.404824	0.65274	0.724161	1.41379	1.95764	2.80843	4.54911	3.08021	1.78259	1.84573	1.88956	1.86341	1.7171	1.26714	0.746436	0.746436	1.14489	1.30531	0.65274	0.923106	1.28004	1.28001	1.21431	0.746436	1.0556	1.37859	1.15916	1.02409	1.08617	1.1591	0.57252	1.37859	2.06345	2.18661	1.99896	2.23829	1.14493	2.17907	3.44058	4.57411	4.57059	4.12155	4.08984	3.76208	2.68957	2.26731	1.78252	1.21436	1.21436	1.61889	1.14489	1.41379	2.0234	2.28894	2.2015	1.66874	1.28004	1.45939	1.80994	2.1182	1.55711	1.0556	0.57252	1.27997	0.543133	1.30531	1.30531	1.45932	2.30308	0.65274	0.65274	0.256048	0.181049	0.974907	1.8895	0.512059	2.11038	2.17902	1.31781	1.14493	0.652772	0.768063	0.404842	1.14489	0.746436	0.90515	1.49262	2.28886	2.28886	1.26714	1.10114	0.974871	0.404824	0.181049	1.66868	2.68948	1.86341	1.7171	2.67117	4.74136	1.8457	2.55871	1.81893	0.923106	0.572501	0.974907	1.14493	0.974907	1.28001	2.35926	2.06342	2.1182	1.94925	1.62901	1.37854	0.768063	0.974871	1.61889	1.21431	0.181049	0.404824	0.90515	1.49266	2.26741	2.4141	2.53948	1.92391	2.52015	4.46247	2.53948	3.68757	5.81846	5.2727	3.08011	1.27999	3.51086	2.7614	1.0556	1.28001	0.572501	3.08019	2.86032	2.35928	1.81891	0.652772	0.404842	2.11813	2.30308	1.63902	1.62901	1.66871	2.35921	0.746436	1.10116	2.37995	2.23829	2.68945	0.974907	2.41405	1.28001	1.37854	0.746455	2.73768	3.03216	3.99306	4.04164	1.41372	5.73168	3.39756	1.45932	1.14493	2.11038	0.404842	0.905197	0.905197	1.54649	1.94918	2.63423	2.28886	1.1591	1.05555	0.746436	0.512059	1.8099	2.37999	1.99894	1.27999	1.28001	1.8895	1.66868	0.974871	1.14493	3.33459	3.15866	1.27999	0.65274	0.809643	1.1591	2.37999	3.01057	2.20895	1.30537	1.44809	1.45934	1.26714	2.17907	2.71974	1.86341	0.923087	1.05555	1.1591	0.90515	0.404824	4.1253	5.48062	0.768104	4.15684	4.76891	3.88144	2.71379	2.0234	0.905197	0.572501	1.86332	0.923106	3.12228	2.18653	0.923106	3.80069	6.31093
0.404805	0.51204	0.543085	0.404788	1.2142	1.66856	0.51204	0.362062	0.809536	1.15899	0.404788	0	0	0.809536	0.404805	0.652714	2.28873	2.02322	1.31769	0.809536	1.84553	1.7074	1.71695	1.45921	0.809536	0	0.181033	0.905069	1.61875	1.5464	1.92374	3.26012	4.5487	2.51993	1.88939	1.84557	1.78243	1.86324	1.55697	1.88933	0.974784	0.974784	1.14479	0.809536	0.905069	0.923024	1.27992	1.0555	0.543085	0.404805	1.0555	1.37847	1.21425	1.024	0.80957	0.404788	0.572469	1.37847	2.06326	2.06326	1.71695	2.02316	1.14482	1.66859	2.67105	4.17216	4.57018	4.12119	4.08947	3.70941	2.51344	0.746388	1.10104	1.15905	1.15905	0.724096	0.51204	1.5464	2.11802	2.28873	1.94908	1.5464	1.27992	1.41367	1.94908	2.02322	1.55697	1.2799	0.572469	0.767994	0.404805	0.809536	0.809536	1.2142	1.79151	0.905069	0.905069	0.256025	0.652682	1.45921	1.26703	0.512013	2.11019	1.41359	0.746388	1.14482	0.905093	1.27985	0.543085	1.14479	0.974784	1.66853	1.949	2.28866	2.28866	1.10106	0.905093	0.746369	0.181033	0.404788	0.905069	1.62886	1.86324	1.55697	1.71689	4.99432	2.75524	2.55848	1.99057	1.71689	1.55689	0.905116	1.14482	0.905116	1.0555	1.99878	2.06324	2.02322	1.80978	1.21425	1.86316	1.27985	0.746369	1.61875	1.45919	0.404788	0.181033	1.66853	2.63399	2.35216	2.18642	2.35211	2.02322	2.51993	3.55214	3.15838	3.68724	4.84595	4.51635	2.06315	1.27988	3.26003	3.01015	1.2799	1.63887	1.55689	2.18642	3.12206	1.86324	1.62886	0.905093	1.45919	1.88933	0.767994	1.2799	1.81874	1.45921	1.86316	0.974784	0.905116	2.17887	2.9221	3.96393	1.45921	2.41383	1.63887	1.86316	1.31769	3.83025	3.45447	3.99271	2.91658	4.21852	6.46181	1.81874	0.404805	1.14482	1.14479	0.746369	0.97482	0.97482	1.31769	1.49248	2.20127	1.44796	0.404788	1.05545	0.974784	1.53571	3.09045	2.23815	1.37847	1.27988	1.63887	1.26703	0.905069	0.746369	1.84553	3.77457	2.53925	0.768035	0.181033	1.08607	0.652682	2.11802	3.07468	2.35216	1.30526	1.44796	1.66856	1.10106	1.66859	2.41389	2.35907	0.923005	1.05545	1.41359	0.652682	0.181033	2.02316	5.03643	4.16028	2.96659	4.86286	4.4293	2.92221	1.92374	1.66856	1.55689	1.37842	1.71689	3.122	0.768035	1.71689	3.80035	5.55924
1.30514	1.02391	1.14472	1.08597	1.30508	1.53557	0.511967	0.511967	0.652623	1.05536	0.404752	0	0	1.02385	0.543036	1.45913	2.26701	1.86307	1.26692	0.809463	1.54621	1.45913	1.49239	1.49235	0.809463	0	0	1.30508	2.58996	1.8186	1.53566	2.11775	2.85969	1.37835	1.4591	1.26692	0.746321	0.724031	0.36203	1.80953	1.10094	1.27976	1.10094	0.724031	0.974697	0.904989	0	0	0.181017	0.652656	1.14472	0.652656	0.404752	0.181017	0.572418	0.905035	1.21415	1.66845	1.61867	1.41354	1.37835	1.99858	1.27978	0.746321	0.511995	1.45906	1.79135	0.572418	0.905035	1.14472	1.81858	1.37829	1.05541	1.45913	0.724031	0.543036	1.10096	1.26692	1.10094	0.974697	0.255989	0.572418	0.652656	0.404769	1.27974	1.27976	1.55683	2.11783	2.02304	1.41354	0.809498	0.724031	0.809498	1.44783	1.66841	0.922922	0.767925	0.181017	0.904989	1.37829	1.05541	1.4591	1.7822	0.767925	0.256002	0.572399	1.05536	1.45906	0.724031	0.809463	0.904989	2.17863	2.46053	2.02295	1.80953	0.511967	0.404752	0.543036	0.511995	0.543036	0.404752	0.404752	0.543036	0.511995	0.809463	3.96361	4.21829	3.56111	2.46063	2.35884	1.88916	0.36203	0.511967	0.181017	0.404769	0.809463	0.904989	0.572399	0.404769	0.652656	2.02298	2.23795	2.51322	2.98276	2.98276	2.46065	2.17875	2.71323	3.20425	1.63875	1.7168	2.1787	1.49239	1.80957	2.98268	2.92184	3.80001	4.79842	4.17166	2.53259	2.51322	4.17174	4.75094	3.8933	2.1101	1.95719	0.181017	1.45908	2.51322	2.76104	2.3519	2.6088	1.95719	0.905035	0.809498	1.02385	0.974697	1.27974	1.41347	1.26692	2.11775	3.5792	4.08889	1.49239	4.69591	6.49877	7.41328	7.10398	7.69293	6.49877	6.16269	5.80937	7.02657	5.99524	1.02391	0.904989	1.45908	1.45913	1.7822	0.974697	0.905012	0.404752	1.10094	0.746302	1.7168	1.37835	1.31758	1.14472	2.91628	3.94717	1.88922	1.66847	2.41367	2.59004	2.1101	1.95729	1.05541	2.30267	3.32414	1.45906	0.543036	0.255989	0.905012	0.974697	1.62872	2.11783	1.9986	0.905035	0.652623	1.37829	0.974733	1.41354	2.3589	3.60205	4.04105	4.06114	3.47774	2.7133	2.82536	3.33412	5.42631	7.90787	3.66027	1.79135	2.76091	1.81858	1.37829	3.15807	3.07434	2.18622	3.09548	3.4304	0.543036	2.92194	5.05533	6.62611
2.23771	1.15883	1.21402	1.66827	0.974628	1.05525	0.572356	0.404708	0.904892	1.05525	0.180997	0	0	1.61843	2.17846	2.46039	2.51295	2.37931	2.02276	0.255975	1.0238	1.92336	1.66829	1.10084	0.361991	0	0.180997	1.2796	2.42684	1.88896	0.361991	1.0553	3.03129	2.92163	1.27967	0.404708	0.404726	0.723954	0.904915	1.66823	1.26678	0.922823	0.511912	0.572338	0.723954	1.1446	0.974628	0.361991	0.404708	0.904915	1.1446	0.922823	0.255975	0.746241	0.746241	0.180997	0.180997	0.542978	0.974628	1.15883	1.66829	2.75481	3.23442	2.81348	2.55807	2.18599	1.26678	0.255975	0.361991	0.255961	1.10082	2.42684	1.53541	1.05525	1.61843	1.81841	2.1176	2.18599	2.02282	1.305	0.652553	0.974628	1.21402	0.922842	1.70699	1.79116	0.746241	1.45897	1.94869	1.5461	1.10084	0.974628	1.6185	2.63355	2.51943	1.80942	1.45897	1.45897	1.71661	1.88902	1.92336	1.86287	1.27965	0.361991	0.180997	0.746222	0.974592	0.809377	1.0553	1.0553	0.723954	2.1784	2.94376	1.53541	1.27963	1.45897	1.66829	1.92336	1.92336	1.53549	1.15883	0.904938	0.652586	0.404726	0.542978	2.26677	4.80824	4.74026	3.19894	2.1176	1.08586	0.767843	1.27963	2.46036	3.36298	2.94392	1.66829	0.404708	2.20087	3.41111	4.41011	5.36586	6.20381	6.40074	6.15421	5.87238	5.63645	4.70933	3.37745	2.28828	2.98244	3.15786	2.43368	2.73693	3.07931	2.91597	6.51274	7.73764	6.32981	5.00655	4.01234	4.53003	6.25042	7.93154	7.92148	7.17069	6.8968	8.03552	8.83529	7.56009	6.29659	5.26208	3.56059	0.974592	1.15883	0.904938	1.05525	1.02374	1.4589	1.45893	2.1859	3.97955	2.85938	2.3517	7.10527	8.66822	8.99711	10.1816	12.43	12.6759	11.9314	11.0551	9.01999	5.00655	2.28828	2.02276	2.82491	1.94869	3.27442	2.17844	1.10084	1.66827	1.86287	1.31743	0.767843	1.05525	0.723954	1.27967	2.1859	3.06862	1.15876	1.63857	3.45379	3.89289	3.19894	1.66827	1.70699	2.26666	2.46026	1.66827	1.80942	1.45897	0.652586	1.31747	3.00971	3.19894	1.66829	0.904892	0.904938	1.66827	1.45897	1.305	1.55666	2.3517	3.21927	4.52646	4.74026	4.47232	4.51569	4.35074	5.20958	9.03903	7.83621	5.9543	4.68513	3.00971	3.79969	5.7835	4.56929	3.58811	3.99192	4.86173	2.68868	1.15883	3.68652	7.56608
2.26646	0.404672	0.180981	0.746174	0.904834	0.255952	0.572305	0.180981	1.02365	1.02365	0	0	0	2.60829	2.63324	1.02371	0.361959	1.66805	2.06257	0.767774	0.974505	0.511894	0.542929	0.180981	0	0	0.404672	0.572287	1.88885	3.25417	1.94852	2.23751	2.35149	2.80731	1.41319	0.809339	1.02371	1.1445	1.10074	1.54591	1.30482	0.361959	0.652527	0.92276	0.904857	1.15872	1.4588	0.809304	0.511867	1.02365	0.511867	1.41319	0.542929	0.723889	0.180981	1.27951	1.27956	1.0552	0.652527	0.361959	0.746156	1.27956	2.1858	2.20813	2.04676	1.66814	0.904857	0.809339	1.15872	1.0552	0.572305	2.06257	2.06259	1.6284	2.28801	1.845	1.44755	1.45882	1.37808	1.10074	1.66805	0.974505	0.723889	0.974505	1.70683	1.94845	1.26667	0.572305	0.652495	1.02365	0.652495	0.40469	1.49206	2.20064	1.54596	1.27956	1.45884	1.61836	1.66812	1.45882	0.904857	0.652527	0.40469	0.255952	0.542929	1.10072	0.904834	0.180981	0.572305	0.767816	0.652527	1.80917	2.82466	1.31732	1.0552	1.41326	1.53536	1.53536	1.45884	1.21391	1.02371	1.02371	1.02371	0.974541	0.746174	1.49206	1.30489	1.99	1.27953	0.40469	0.180981	1.05515	2.18571	3.47695	3.07381	2.92137	2.06265	2.20802	3.49095	3.15755	3.19865	3.47238	3.96299	3.87999	3.63737	3.47238	3.565	2.71277	1.41326	1.27951	2.51912	1.63842	1.21391	1.88879	1.86262	2.76036	8.38186	7.51453	4.22905	3.00944	2.35837	1.27953	2.51921	4.23293	5.87186	6.76206	7.05956	7.28979	6.37749	5.60135	5.99411	6.27021	5.24612	2.10959	0.746156	0.904857	1.78185	1.27949	0.572305	1.86271	2.02262	3.21882	1.86262	2.11734	6.80908	7.0592	3.8924	3.56041	5.96999	7.5931	6.95178	5.7326	3.81227	2.20068	1.845	2.28801	4.26333	1.95681	2.80731	2.7187	1.55652	1.99819	1.15872	2.28801	1.53536	1.61836	1.15866	0.572287	1.27953	3.29893	2.55775	2.46004	3.2591	2.58947	1.81822	3.11059	2.58947	1.31732	1.45877	1.0552	1.45884	1.66812	1.37808	2.35837	2.35839	1.63842	1.41319	1.94845	1.1445	1.26667	0.922741	0.180981	0.809339	1.1445	0.904834	2.46004	1.54596	1.79109	1.78193	1.44755	2.46004	5.09576	5.87176	5.87186	5.10552	4.12001	4.35026	5.20899	2.3791	1.53536	3.39629	5.75203	3.11059	1.53536	2.55775	6.11919
2.55747	0.511821	0	0	1.02356	0.511821	0.511821	0	1.02356	1.02356	0	0	0	3.06807	2.55747	0.511821	0	1.53514	2.04647	1.02356	1.02356	0	0.511821	0	0	0	0.511821	0	0	2.55747	1.02356	1.53514	1.02356	3.06807	2.04647	0.511821	0	0.511821	0.511821	1.53514	1.53514	0	0	0.511821	0	0	1.53514	1.02356	0.511821	1.02356	0.511821	1.53514	0.511821	0.511821	0.511821	1.53514	0	0.511821	0	0.511821	1.02356	0.511821	0.511821	0.511821	0	0.511821	0.511821	0.511821	0	0.511821	0	1.53514	1.53514	1.02356	2.04647	1.53514	1.02356	1.02356	0.511821	1.02356	2.04647	1.02356	0.511821	1.02356	1.53514	1.53514	1.02356	0.511821	0.511821	1.02356	0.511821	0	1.53514	2.04647	0.511821	0	0.511821	0.511821	1.02356	1.02356	0	0	0	0	0.511821	1.02356	0.511821	0.511821	0.511821	0	0	1.53514	2.55747	1.02356	0	0	0	0	0.511821	0.511821	0	0	0	0.511821	0.511821	1.53514	0.511821	1.53514	1.02356	0.511821	0	1.02356	2.55747	3.57818	1.02356	1.53514	1.53514	3.06807	4.08773	2.04647	0	0.511821	1.53514	1.02356	1.02356	0.511821	1.02356	1.02356	0.511821	1.02356	2.55747	1.02356	0.511821	1.53514	1.53514	3.06807	9.13483	7.12867	1.53514	0	2.55747	0.511821	2.04647	0.511821	0.511821	0.511821	1.02356	1.53514	0.511821	3.57818	5.10479	6.11865	5.61216	2.55747	1.02356	0	2.04647	1.53514	0.511821	0	0.511821	2.55747	1.53514	2.04647	6.62418	7.12867	4.08773	2.55747	1.02356	4.08773	3.57818	2.55747	2.04647	2.04647	1.53514	2.04647	4.59662	2.55747	2.04647	2.04647	0	1.53514	0	2.04647	0.511821	0	2.04647	1.02356	0	2.55747	2.55747	3.06807	3.57818	2.55747	2.04647	4.08773	2.04647	0.511821	1.02356	0	0.511821	1.02356	0.511821	2.04647	1.53514	1.53514	2.04647	2.04647	0.511821	1.02356	1.02356	0.511821	0	0.511821	1.02356	3.06807	1.02356	0	0.511821	1.53514	2.55747	3.06807	2.04647	0	0.511821	1.02356	2.55747	4.08773	1.02356	0	3.57818	6.11865	2.55747	0.511821	1.53514	5.10479
2.26602	1.10053	0.652399	0.511793	1.30456	1.31706	1.66782	1.70658	0.40461	1.21367	1.79074	1.79074	2.06227	2.76577	1.55614	2.06224	2.85871	2.83001	1.44726	1.45849	1.63808	0.922578	0.542823	0.80918	0.80918	0.511766	0.904656	0.652399	0.361888	2.02216	1.66779	1.26642	1.27924	2.81253	1.95642	0.723747	0.652399	1.05499	1.37781	0.746009	1.45853	1.55622	0.97435	0.180946	0.255902	0.255902	1.37775	1.31706	0.746009	0.904656	1.3171	1.63808	0.572193	0.255888	0.572174	1.55614	0.746028	1.30463	1.41299	1.3171	1.45853	1.3171	0.511793	0.361888	0.652399	1.05499	1.37781	1.05499	0.767665	0.922578	0.652399	1.30456	1.30456	0.809145	1.7065	1.71607	1.31706	1.14423	0.746009	0.652367	1.94806	1.45851	0.746028	1.31706	1.71607	1.37775	0.767624	0.542823	0.723747	0.974314	0.404593	0	1.53497	2.17777	0.922559	1.05499	1.37781	1.21367	1.4918	1.94814	2.04636	2.04636	1.92281	1.55622	1.21367	1.26642	0.572193	0.767624	0.746009	0.511793	0.652399	1.5456	2.04625	1.10051	0.652399	0.40461	0.255902	0.40461	0.746028	1.15849	1.66782	1.45855	0.80918	0.723747	0.80918	1.66775	0.572193	1.55614	1.15843	0.361888	1.14427	2.10927	3.68554	5.10442	4.70799	4.05955	3.15695	3.45277	4.45993	3.43859	3.07852	3.36202	3.32299	2.66977	2.02224	1.45855	1.66779	1.84468	1.61804	1.4918	1.95642	0.922559	0.746028	1.7065	2.35786	4.17003	8.86641	6.84541	1.88842	0.904679	2.45959	2.17789	4.18956	4.76961	5.66346	5.61762	4.87721	3.81152	3.00885	4.52864	5.8705	6.9016	7.37993	6.32802	5.41535	4.37186	3.32299	2.58902	2.31604	2.31604	2.02224	3.07314	3.03043	2.06224	5.05643	7.07381	6.15235	5.24522	1.61804	3.08896	4.33816	4.15839	3.47627	2.75982	1.66773	1.79065	4.05936	3.08896	1.45849	2.06216	0.255902	1.05494	1.37781	1.63808	1.05494	0.767665	2.18528	0.255888	1.37781	2.76577	2.35094	2.68791	3.25846	2.68794	2.23702	3.75975	1.79065	0.767624	0.904633	0.361888	1.08555	1.4918	1.70658	1.9978	1.37775	1.27926	2.41267	2.51862	0.904656	1.49177	1.80886	1.61804	1.53505	0.904679	1.55614	2.7121	0.904633	0.572193	1.27931	1.81789	1.95642	2.75982	2.20021	1.41299	1.66782	2.82426	3.86237	4.0754	1.84468	1.53505	3.77275	5.9929	5.35526	7.63373	8.23116	7.2927
1.81771	1.71597	1.45842	1.15839	1.88825	2.31571	0.904575	1.27915	2.35073	3.55939	4.09509	3.70729	3.6139	2.45947	0.904552	2.89242	3.08879	2.56984	1.70643	2.37838	1.62793	1.31694	1.21356	2.35082	2.23687	1.95625	1.10041	0.723682	0.904552	1.45842	2.71199	2.35777	2.23682	2.58871	2.18508	0.745942	0.542774	0.809108	1.30451	1.2663	0.723682	1.37768	1.45838	0.652309	0.18093	0.361855	0.974227	1.30445	0.809073	0.361855	1.62793	1.66764	1.0549	0.572123	0.745942	1.30445	0.904552	0.404574	0.572141	0.904575	1.14417	1.54552	1.49167	0.745961	0.51172	0.572141	0.974263	1.02341	1.02341	1.14417	1.0549	0.723682	0.723682	0.809108	0.904552	1.45836	1.31694	1.31698	1.86218	1.66767	1.10041	1.05485	0.922496	1.99762	2.17012	1.49167	0.652341	0.361855	0.542774	0.904575	0.904599	1.15839	1.63794	1.95625	1.15833	0.922477	1.10043	0.904599	1.0549	1.66767	2.1777	2.43277	2.81243	3.21806	2.824	1.80875	1.27919	1.63796	1.4584	0.904599	0.723682	1.14413	1.66764	2.35777	2.56984	2.45947	1.86218	0.904599	0.767596	1.37768	0.974263	1.78135	1.61789	0.809108	1.8087	3.2028	2.60767	2.55706	2.41251	2.31583	3.77253	4.9099	6.30712	7.9286	8.91599	8.63767	7.63517	6.54997	6.39826	6.08068	5.80659	6.41595	6.41595	5.48609	4.01084	2.68782	2.51201	2.75378	2.71199	2.85845	2.26592	1.02341	0.652309	1.54547	3.50855	5.55608	8.3795	5.90553	2.28735	1.41286	2.85845	5.89484	7.68309	7.25468	6.8075	6.88025	6.88025	5.66296	4.36774	5.13246	6.50796	7.37718	9.00081	10.3761	10.4708	9.50313	8.38371	7.28115	7.01196	7.75765	8.05632	8.27288	8.17412	6.30455	2.68779	3.60021	5.34262	6.92652	4.48491	3.70729	6.52782	7.81502	7.80675	5.95192	3.50867	3.2583	4.60295	5.59976	4.21634	2.68779	1.14417	0.904599	2.17765	1.21356	2.35765	1.41286	2.5378	1.78142	1.81772	2.35772	2.89807	3.32257	2.75958	2.17763	2.89807	3.5086	1.98943	1.99764	1.15839	1.30445	1.2663	0.974227	0.745942	1.45836	1.78135	1.37768	2.41245	2.85834	1.45838	1.15833	1.45836	0.745961	0.767596	1.44713	2.76552	2.37838	0.745961	2.41245	4.79628	4.8568	2.55711	1.61782	1.45842	3.21806	4.55695	6.15192	5.91401	3.55939	2.23687	2.31583	3.99043	5.69416	7.13889	9.06742	8.91599	7.01196
1.14403	0.904495	0.922414	0.745895	1.78119	2.82939	1.447	1.45825	4.28077	3.45215	2.42582	1.95617	1.55594	1.45825	2.68744	2.56948	1.27901	0.65225	0.652283	2.06182	0.180913	0.904471	1.71576	1.98925	2.45915	3.21761	1.02327	0.904471	1.45823	1.08535	1.3044	1.98925	2.68746	2.58848	2.71161	0.904471	0.572072	0.572072	0.255842	1.37751	1.54533	0.361823	1.5347	1.02327	0.404521	0.922395	1.26619	1.45825	0.904495	0.97414	1.79033	0.97414	0.723617	1.30433	0.904471	0.767486	0.922395	0.904518	0.904518	0.57209	0.180913	0.361823	1.08535	1.26619	1.10031	0.723617	0.404538	0.255842	0.255856	0.572072	0.404538	0.361823	0.361823	0.511702	0.723617	1.2134	0.767486	0.652283	1.41273	1.86201	1.41273	0.745895	1.15823	2.0218	1.71576	0.922414	0.745895	0.745895	0.904518	1.14407	1.02332	1.21345	1.27905	1.05476	1.2134	1.14403	0.97414	0.255856	0.255856	0.404521	0.404521	0.542726	1.10033	1.66752	2.02186	1.10033	0.809035	1.49154	1.84435	1.45829	1.45827	1.31686	1.41273	1.66752	1.92247	2.1089	2.16993	1.14403	0.404521	0.65225	1.94772	3.68481	2.31563	2.19981	3.61339	2.89779	2.4123	2.35751	2.23667	2.1089	3.63144	3.33216	3.19746	3.72448	4.34873	4.76537	4.73807	4.23135	4.52787	4.3486	3.02989	3.3224	3.36142	3.15639	2.89216	1.49154	1.14407	1.447	1.15829	1.71582	1.79042	1.71582	1.71576	0.572072	3.63586	7.19826	8.63278	4.85611	2.43242	0.57209	2.35056	5.45883	4.72426	2.58858	1.21345	1.63781	2.0619	2.89779	2.19981	2.63226	4.05866	3.47565	3.3224	4.61316	5.70219	5.4944	5.36338	5.12893	4.80602	5.55587	6.20096	6.15138	5.92978	5.6165	3.65831	1.95617	1.30433	7.25368	7.83846	3.25797	3.36142	4.85964	7.5139	6.68279	3.68488	3.25801	3.37589	4.11842	4.03874	2.75946	1.99744	0.652283	1.70619	1.41266	3.33204	0.745895	1.88809	1.66752	2.82951	3.40953	3.99008	5.16955	2.81203	0.572072	2.51817	2.85808	1.98925	2.16993	1.447	2.55674	0.404521	2.11654	2.55683	3.15629	3.19729	1.14403	2.04588	2.31551	1.80849	0.652283	1.88814	2.1775	2.30148	2.11662	2.63226	1.84431	0.809035	4.90922	5.51772	3.94503	2.89781	1.21345	1.66743	2.53115	3.33216	4.01041	2.82951	1.62779	1.45823	1.08535	2.19981	2.53115	2.91461	3.15627	0.922414	1.54533
1.1581	0.808914	1.08524	1.14394	1.66728	2.5114	0.808914	1.45807	4.23068	2.71132	1.10019	0.72354	0.404495	1.27887	3.07748	2.45886	1.08524	0.652213	0.767404	1.27887	0.572011	0.745796	1.81735	2.45896	3.07226	3.48927	1.08524	1.41251	1.86173	1.2789	0.404495	1.8083	2.75904	2.82909	3.07219	1.10019	0.72354	0.745815	0.974071	1.26606	1.37736	0.255829	1.37736	1.2789	0.572029	1.05464	1.21327	1.14391	0.542667	1.05464	1.86173	1.26606	1.14394	1.49134	0.51162	0.904421	1.45814	1.53462	1.53462	1.41258	1.15816	0.904421	0.572029	0.767404	0.974035	0.745815	0.542667	1.14391	1.15816	1.31672	0.745815	0.904374	0.904398	0.767445	1.27891	1.45811	0.808949	0.72354	0.72354	0.542667	0.404477	0	1.53453	1.92216	1.37736	0.922315	0.745815	0.745815	0.767445	0.255829	0.572029	0.745815	0.904398	0.922315	1.2789	1.2789	0.745796	0.361784	0.652213	0.922315	0.904398	0.72354	1.14391	0.904374	1.2789	1.66731	1.45814	1.31672	1.44685	1.41258	2.3573	2.85789	2.68729	2.96432	3.72408	3.90738	3.98965	2.89748	0.572029	0.652213	2.10857	3.10909	0.904421	2.35719	4.34056	2.94208	1.44685	2.1772	1.63761	1.63763	4.07424	2.91434	1.92227	1.66734	1.53462	1.61758	1.49138	0.745815	2.43216	2.94208	1.2789	2.02164	2.02167	1.45811	1.61751	2.10867	2.42556	2.19962	1.53462	1.84415	1.41258	1.63761	2.0216	1.95596	3.47528	7.23745	8.50773	4.12178	3.07226	2.51152	3.50791	5.41356	2.71739	2.71146	2.71146	3.07219	1.66731	3.47528	2.76498	2.5179	3.75868	2.60703	0.72354	0.808949	2.58823	2.71139	2.04577	2.35035	1.41258	0.745796	1.63763	1.99723	2.99156	3.45171	1.81735	2.17727	2.91439	7.4015	7.80498	2.20695	0.652213	1.21327	5.99117	6.98972	4.51307	4.36688	4.9254	5.16924	5.5056	5.64468	5.36276	3.90738	2.26547	2.26537	3.57678	0.65218	1.26606	1.15816	1.05464	1.10019	3.23244	5.49651	2.75904	0.808949	2.45886	2.85775	1.37736	0.922296	2.1772	3.08808	1.02321	2.68717	2.35031	3.42808	2.94208	3.2576	4.03826	3.08819	1.80835	0	0.72354	0.404477	0.404495	0	1.80835	2.63205	2.31538	5.35348	4.65793	3.11961	2.23638	1.31672	4.18831	3.2974	1.62761	2.06157	1.54516	1.8083	1.41251	0.904398	1.66728	0.904374	2.26537	2.20695	0.404495	1.54516
1.78084	1.44672	1.44672	0.973984	1.31656	2.20676	0.180878	2.18446	3.07721	2.02142	1.45801	0.808876	0.542619	0.652122	2.75288	2.71717	2.8232	2.85764	2.75299	2.75299	2.17707	1.78091	1.95579	2.71122	2.68703	2.45867	0.542619	2.04548	1.92199	0.723475	1.71548	3.07199	3.45148	3.11933	2.35006	0.511574	0.404441	0.180878	0.511602	1.08514	0.922213	0.255806	0.904317	1.49124	1.41246	1.45798	1.27878	0.652122	0.404458	0.973948	1.05455	1.30414	2.02149	1.78091	0.904317	1.1001	1.66719	2.04559	2.04559	2.06149	1.95579	1.61743	1.0546	0.745748	0.922213	0.922232	3.61728	6.09751	5.88499	4.3961	2.53708	2.20676	1.66716	1.30414	1.44672	1.2788	1.02312	1.14384	1.14384	0.90434	0.973984	1.15806	1.45796	1.41238	0.922232	1.55563	1.53448	1.30414	1.27883	1.3166	1.10011	0.808876	1.21316	0.808842	1.14381	1.49121	0.767377	0.745729	0.404458	0.542619	0.511574	0.542619	1.10011	1.80818	0.652154	0.542619	0.652154	1.05455	1.02307	0.745729	1.37729	2.30103	3.33156	4.05804	4.0097	3.79726	4.52694	3.94415	1.71542	0.404441	1.14381	2.55629	1.78091	1.54502	3.72356	3.96055	1.45801	2.98047	3.39449	4.73709	6.34592	4.4072	2.9197	1.49124	0.90434	1.41246	2.18455	2.35015	2.17701	2.45864	0.361752	0.973984	1.54508	1.0546	0.723475	2.10848	2.63181	2.55633	2.31517	2.58808	2.31517	2.80578	3.2574	4.68205	5.36228	5.94475	6.36849	3.5076	2.94193	2.51777	4.12536	5.35301	2.26527	3.79726	4.05804	5.94475	3.0878	2.35698	2.76473	3.20179	3.89018	3.07728	2.1162	1.41246	2.19942	3.0293	2.8232	2.85764	2.80578	1.61736	1.63747	1.81719	1.95569	2.19938	3.19683	4.51272	4.95449	7.45263	6.94764	2.06147	0.90434	1.15806	4.16851	6.66231	6.12916	6.25406	7.39471	8.77914	9.43384	9.40702	9.2308	8.6205	7.19723	7.24156	8.51484	7.56358	4.29147	1.79007	3.07199	4.29144	4.81513	3.20179	1.99707	2.51129	2.53065	3.32162	1.99707	1.37729	2.20676	2.82305	0.973984	2.63181	4.59466	5.08352	1.92209	4.45824	3.98926	2.43207	1.15806	0.723475	0.90434	2.02146	2.35709	2.51129	1.45801	0.404441	0.571978	3.50755	3.63072	3.63076	2.51777	3.47503	5.60096	3.2574	1.66716	1.15806	2.18455	1.08514	0.904317	1.80823	1.94741	0.745748	2.06139	1.66713	1.78091	2.23623
2.42502	1.08504	0.80877	0.180862	1.05446	2.0612	0.542571	2.20656	1.92182	1.08504	0.808804	0.36172	0.511528	0.180862	1.71527	1.8876	2.04541	2.26507	2.66853	2.85736	2.02131	1.30402	0.808804	0.511556	0.36172	1.30396	0.542571	2.17676	1.45781	1.37717	2.37753	2.89696	2.76449	2.11594	1.02298	0.652096	0.652096	0.511556	0.542571	0.904213	0.511528	0	0.180862	0.571927	0.90426	1.10002	0.542571	0.404422	0.767308	0.904236	0.36172	0.745663	1.26583	0.90426	1.54489	1.80798	0.80877	0.511556	0.511556	0.652096	0.92215	1.1	0.723411	0.745682	1.26583	1.81704	6.16248	6.67138	5.19327	4.95388	3.96431	3.58523	1.27867	0.922131	0.767267	0.904213	0.36172	0.723411	0.723411	0.511556	1.08504	1.21311	0.973897	0.80877	0.36172	0.808804	0.973897	0.745682	0.511556	0.973897	1.54494	1.45788	2.06123	1.37711	1.05446	1.78981	0.404422	0.904236	1.05451	1.15796	0.652096	0.180862	0.404422	1.45785	1.66702	1.05451	0.767308	1.66698	1.44659	1.44659	1.44659	1.1437	1.54489	1.27869	0.255783	1.55541	3.70571	4.0854	1.80798	0.808804	1.14374	1.84378	1.49107	0.404405	3.21669	4.85473	1.70571	1.45785	2.17688	4.15255	4.74682	2.1083	2.91373	1.70571	0.745682	0.652064	0.767308	1.71533	1.37717	1.86139	0.571927	0.767308	0.571927	0.652064	1.53426	1.02298	1.53426	1.30396	1.08504	1.10002	0.90426	1.66702	2.06131	3.43702	3.47472	3.11905	3.96019	2.91373	1.80798	1.41226	4.48323	4.85473	0.745663	2.11594	1.49111	5.65774	4.77743	1.61729	1.53426	3.10854	3.07164	2.35682	2.17681	0.904236	0.745663	1.08504	1.08504	0.652096	2.06123	3.31641	1.80798	1.1579	1.1	1.45788	2.41161	2.51754	2.18435	6.20411	5.99011	2.17688	1.55549	0.767308	2.0612	3.31641	2.53043	2.04541	2.8287	3.86485	4.27974	4.60123	4.68505	5.13373	5.24289	6.27407	8.1711	8.79807	6.84008	3.07178	3.80965	4.70568	3.42758	1.31648	0.973897	1.78075	1.66702	2.91373	2.2865	1.94723	3.33114	3.71887	1.1579	1.31648	3.65278	3.32148	3.47466	5.60035	3.90649	0.745663	0.652064	0.511556	1.54494	2.35683	2.11601	2.45855	3.02903	2.26507	1.86148	3.11905	2.76449	2.06123	1.62732	3.37483	3.87726	0.511556	2.31485	2.34985	1.41233	0.723411	0.723411	1.45785	0.90426	1.1437	1.66698	1.63734	1.63734	1.63734
2.17653	0.571847	0.571847	0.255756	1.05434	1.71509	1.71514	2.17658	1.6668	1.27855	1.21298	0.652026	0.180842	0.808718	1.44644	0.973793	0.652026	1.08493	1.49095	1.44644	0.973757	0.404379	0.180842	0.404379	0.404379	1.21292	1.62715	2.73459	2.6865	2.18412	2.35658	2.89665	2.53015	1.44644	0.361681	0.361681	0.808718	0.904163	0.571866	0.904116	0.808683	0.973793	1.27857	1.15783	1.02292	0.973793	0.767226	0.922051	0.652026	0.745602	0.767226	0.922032	0.767185	0.571866	1.71509	1.86119	1.05434	0.180842	0.361681	0.361681	0.361681	1.30382	0.651994	0.767185	1.37697	2.06101	6.59299	4.48276	3.80917	5.64284	4.52599	3.50686	1.02287	0.904116	0.255742	1.05434	0.767185	0.652026	1.14362	0.808718	1.31631	1.27855	1.27857	1.05439	0.904139	0.745583	0.404362	0.651994	0.571866	1.05439	1.37702	1.21298	1.94695	1.15777	0.922051	2.34964	1.80788	1.15783	0.904139	0.511501	0.542512	0.255742	0.571866	0.745602	0.808683	0.511474	0.361681	1.54472	1.37697	0.767185	0.922032	1.71509	2.35652	0.571866	1.63717	2.71664	4.24868	3.99657	1.27853	0.255742	0.571847	1.66677	1.5341	0	2.94124	5.22973	2.60629	1.30388	1.61711	2.58746	2.66812	2.2358	3.0872	1.4121	1.0999	1.62715	1.54478	1.80788	1.70561	0.922032	0.651994	0.542512	1.05439	1.37702	1.81683	1.08493	1.70552	0.973757	1.31631	1.4577	1.66686	1.78056	1.94702	3.80924	3.83057	2.66824	3.37447	4.81407	4.4648	4.19885	4.36551	3.46954	1.09988	1.80778	0.404362	3.96389	4.1677	3.95998	4.45758	4.07317	2.16908	1.02287	1.84359	1.94702	1.8874	1.31631	1.30382	0.973793	2.17658	3.39369	2.18403	1.63715	1.37702	0.973793	2.04508	2.02103	2.51727	6.2216	5.4832	1.55533	2.06109	2.35663	3.15505	3.00699	1.31631	1.45772	2.89667	2.10807	2.60629	2.91342	1.78049	1.37697	2.02107	2.10807	2.60642	6.50479	8.08584	5.81762	2.76425	3.58485	0.922032	1.70552	0.745583	0.255756	1.09988	2.42476	2.17653	0.404362	2.42476	4.29047	2.45818	1.70552	2.85694	1.0999	3.5621	5.10769	3.65673	1.37702	1.71514	2.17665	2.75245	3.0287	3.07145	2.82265	2.45826	1.71514	1.31634	1.95531	2.18403	1.45768	0.904116	2.80516	3.61656	3.07676	3.83057	3.25667	1.49095	1.54472	0.542512	1.4577	1.37702	1.63717	1.4577	1.08493	1.14358	1.0999
1.41198	0.571796	0.571796	0.255733	1.05425	0.921969	1.9965	1.66669	1.45755	1.637	1.15773	0.904059	0.651936	1.08483	1.44631	0.904082	0.745535	1.49078	1.80767	1.02283	0.745516	0.542464	0.651936	0.542464	0.542464	1.45752	2.68617	2.34947	2.80498	2.06091	2.35637	3.09223	2.19879	1.02283	0.361649	0.808611	1.08483	0.973706	0.571815	0.651936	1.3037	1.45755	1.27846	1.21287	1.02283	0.904082	0.767158	0.921969	0.745535	0.651968	0.767158	0.571815	0.255719	0.92195	1.71493	1.37684	1.05425	0.404326	0.808611	0.808611	0.361649	1.80762	0.904035	1.27839	1.86103	2.51696	6.34392	3.21606	5.05311	6.12454	3.82589	2.26452	1.02277	0.651936	0.255719	1.05425	1.27839	0.904059	1.14352	1.08483	1.54458	1.637	1.27846	1.0543	1.09978	0.97367	0.180826	0.904035	0.92195	1.27844	1.3769	1.15773	1.49078	0.404326	0.921969	1.88723	1.94685	1.31623	1.09978	0.511455	0.404343	0.767117	0.571815	0.651968	0.361649	0.511428	0.808611	1.31619	1.86103	0.255719	0.571815	1.71493	2.85668	0.571815	2.41108	3.0764	4.24831	3.11844	0.767158	0.767117	0.571796	1.92144	1.53396	0	2.68614	5.48269	3.61165	1.30377	1.61697	1.45755	0.921969	2.37706	1.80767	0.180826	1.26558	1.81667	1.66669	1.80771	2.02089	0.92195	0.904035	1.21282	1.27844	1.3769	1.627	0.808645	1.95513	0.745516	1.54458	2.02085	1.70545	1.88723	2.19879	4.42416	4.15565	2.668	3.15477	6.61919	4.74596	4.12042	2.91887	1.21282	0.904059	1.3037	0.180826	2.51696	3.02843	4.00855	4.45719	3.46941	1.61697	0	1.14352	1.80771	2.34943	2.51046	1.80762	1.45755	2.37702	2.68617	2.18384	2.06083	1.3769	1.45755	3.06572	3.15475	3.07642	5.52967	4.76287	1.55519	2.06091	2.35642	4.29009	3.75727	0.745535	1.81669	3.45049	2.10788	4.62126	3.40773	1.09978	0.571815	1.70545	2.10788	2.60619	4.98883	7.42699	7.37509	2.764	2.56824	0.571815	0.97367	0.404343	1.05425	1.78033	1.94678	1.41198	0.180826	1.08483	4.05671	3.63411	1.95513	2.35631	1.26558	3.31576	4.09254	2.66789	1.3769	1.9965	2.26462	2.75221	2.91887	3.00687	2.9133	2.20624	1.55519	1.45757	0.745516	1.27842	0.973706	0.404326	1.81669	3.09227	3.16004	3.54819	2.45804	1.80767	2.26452	0.97367	1.31623	1.3769	1.63702	1.31623	0.808645	1.14348	0.904082
0.74544	0.361613	0.74544	0.180808	1.02267	0	1.53379	0.511373	1.02267	1.66645	0.404306	1.30356	1.45737	1.4574	1.26546	0.571762	0.542411	1.30356	1.21269	0.404306	0.651867	0.404283	0.903939	0.651867	0.808572	2.3492	2.68589	0.808526	1.66645	0.180808	1.66645	2.3	0.973569	0.542411	0.255692	0.903939	0.808526	0.723198	0.90397	0.90397	1.70519	1.45737	0.404306	0.571737	0.25571	0.25571	0.571762	0.921882	0.745465	0.404306	0.255692	0.571762	0.767089	1.27829	1.63684	1.66653	1.84329	1.45746	1.45743	1.45743	1.27831	1.27825	1.3161	2.3492	2.89611	3.09192	4.59967	3.0709	6.69818	5.81635	2.85641	1.3767	0.903939	0.404283	0.571762	1.4574	1.49063	0.651867	0.180808	1.14341	1.62684	1.21269	0	0.511373	0.808526	1.08472	1.02274	1.62684	1.63686	1.45743	1.14341	1.02274	1.26546	0.767089	1.26546	0.973617	1.09967	0.973569	0.651867	0.651909	0.767089	1.3161	1.80755	2.04482	1.92137	1.86094	2.18372	1.86094	1.54442	0.180808	0.25571	1.3767	2.76366	2.82789	4.52526	4.95254	4.54315	2.58707	1.61682	1.81651	1.0542	1.70519	1.30356	0.51141	2.75771	5.65885	4.4565	1.71483	1.41193	0.808572	0.808572	1.84329	2.10769	1.5339	1.08472	1.61673	0.973569	0.404283	1.30356	1.4574	1.63686	1.4574	0.808526	0.511373	0.808526	0.404306	1.3767	1.7894	2.76374	2.71613	1.55505	1.63684	1.54442	4.40526	3.72213	2.41091	2.71611	6.80258	3.71775	2.19858	1.54449	0.651867	0.723198	1.66648	2.18372	3.65625	4.36859	3.72236	2.60595	1.94667	2.17617	1.27831	0.767089	0.767089	1.55494	2.75771	2.34914	2.06058	3.32033	3.97553	3.42659	2.37683	0.767089	2.82773	4.98821	4.15522	2.71611	4.61025	4.52152	1.94667	1.5339	1.14336	4.11584	3.95903	1.45746	1.14336	3.19541	1.55505	5.98842	5.79149	4.25953	4.2097	4.21357	4.22894	3.75712	3.47371	4.79289	6.16066	5.52934	5.0111	3.83844	3.40758	2.55542	2.52968	2.58699	1.99631	2.56815	3.86375	4.73538	5.69039	5.232	3.37395	2.02069	1.55494	3.35927	3.50618	1.95492	0.571762	1.66648	1.45743	1.45743	1.08472	0	1.14341	1.41193	1.27835	1.78024	1.92137	1.27835	0.571762	0.767034	0.255692	1.31605	1.08472	1.15754	0.542411	1.45737	3.0064	2.73403	2.68605	2.82214	1.95505	0.651909	0	0.808572	2.63082
1.66639	1.41178	1.14329	0.511355	0.651808	0.65184	1.54428	0.542358	0.571684	1.81633	2.17603	2.58681	3.07582	2.68573	1.66639	1.08462	0.65184	0.74537	0.571702	0.921788	1.05404	0.255683	1.09957	1.26533	2.52943	3.11789	1.88686	1.37657	1.70504	0.180791	1.61658	2.11511	1.37663	1.27821	0.808487	0.903881	0.921788	0.745389	0.921769	1.05404	1.78911	1.05404	0.542358	0.571684	0.404263	0.511355	0.723127	0.903881	0.973515	1.05409	1.09958	0.921769	0.180791	0.903858	0.973479	0.903881	1.27818	1.1575	1.09958	1.14329	1.6367	0.571684	2.45756	5.37774	6.71922	6.52285	3.2156	3.89668	6.3047	4.15092	1.81631	1.14325	1.09957	1.02263	1.41178	1.6367	0.903881	0.180791	0.542358	0.571684	0.542358	0.571702	0.903904	0.571702	0.404263	1.80736	2.55515	2.34901	1.88686	2.06048	2.26418	2.0605	1.61665	1.41178	1.86075	1.78921	1.21263	0.723127	0.723127	1.78005	2.04461	2.17603	2.17603	2.17603	2.55515	3.19529	4.08402	4.59246	4.09196	3.58402	3.57493	4.00777	5.26548	6.69773	7.61674	7.01572	5.81048	4.59951	3.80827	3.48741	2.70992	1.78005	1.08462	0.404263	3.06512	5.74602	4.76191	1.27817	0.723127	0.255683	0.745389	1.66639	2.45758	2.28567	1.30351	2.02045	1.49053	1.1575	1.80736	3.32017	3.75672	2.68576	1.30351	0	0.723127	0.651808	1.54433	4.05606	5.24085	4.25907	2.66748	2.34897	2.17598	5.09042	4.16647	2.26418	2.11518	5.22825	4.40487	1.92107	1.30345	1.6663	1.62668	3.61104	4.68322	5.10651	4.85641	3.65586	2.70992	2.37659	2.35589	1.81633	0.973515	0.404263	1.21258	2.35584	2.66736	3.59745	5.02972	4.34566	2.51008	1.27821	0.903858	4.85618	5.75728	2.89585	1.62668	4.25886	4.48148	0.651808	1.80731	3.09166	3.11783	2.31394	1.49053	0.903904	3.21543	2.51647	3.97513	5.61272	4.19766	3.79544	4.70398	5.10017	4.34579	4.51404	5.33843	5.30213	7.19379	7.24919	6.30232	5.65577	4.90615	5.02344	5.02985	4.40509	5.3507	6.24333	6.69535	6.60116	4.85638	2.31406	0.903858	2.80436	3.48728	2.56774	1.62668	1.66639	0.255669	2.56787	2.68576	1.1575	0.808487	1.1575	0.903904	0.973479	2.10747	2.60568	2.11518	1.49053	0.404263	0.255683	0.511355	1.88686	2.02051	1.41178	1.86066	3.58383	3.00613	1.8431	2.29992	1.81633	1.4117	0.767007	1.27814	3.02775
1.3034	1.66624	1.41165	0.903801	0.180775	0.745322	1.31581	0.404227	0.571633	1.55474	2.56764	2.5866	2.89557	1.7145	1.27805	1.05395	0.25566	0.180775	0.40421	0.745303	1.45711	0.542309	1.49035	1.44589	2.75131	1.88664	0.571651	1.55467	1.37645	1.05395	1.09947	2.11492	0.903824	0.973428	0.921706	0.921706	0.921687	0.180775	0.65175	1.45711	1.70488	0.65175	0.511282	0.511282	0.40421	0.25566	0.255646	0.903777	0.80838	0.651782	1.09949	1.44589	0.973428	0.903801	1.09947	0.921706	0.571651	0.25566	0.571633	0.180775	0.80838	1.80711	3.71708	5.55143	5.59782	4.52091	4.52437	6.80138	4.46659	1.66615	0.65175	1.27803	1.37645	0.973428	0.903824	0.542309	0.180775	0.571633	0.571651	1.27805	0.766939	0.973428	0.973428	0.571651	1.15734	1.8429	1.5336	1.02254	0.745303	1.77982	1.45715	1.27807	0.651782	0.745322	0.903824	0.973428	0.571651	0.180775	1.70488	1.63653	1.2781	1.054	0.745303	0.40421	0.903801	1.5442	2.1833	2.85601	3.44962	3.44962	3.31988	3.44962	3.72163	4.33789	4.52441	2.94025	2.41045	2.43069	2.73357	2.3557	1.88669	1.3034	1.14319	0.973428	3.50555	5.99794	4.7342	1.08452	1.09949	0.571651	0.903777	0.903777	0.404227	1.61644	0.511309	2.02025	1.26522	1.02254	1.84293	2.68549	2.43069	1.94629	1.8429	1.02248	0.80838	1.30333	2.34872	3.9419	3.29523	2.3488	2.28539	1.77982	2.06024	4.85574	3.10704	0.180775	0.180775	3.40676	4.68956	3.09135	1.31585	1.80711	2.50974	4.05556	3.68199	1.5336	2.45724	1.15734	0.65175	1.92089	1.66615	1.21247	1.15734	0.542309	1.92089	2.91793	3.37321	4.39346	4.03548	2.68538	0.745322	1.09947	1.31581	5.35901	5.35901	1.31581	1.09947	4.11511	4.05553	1.95467	3.62869	3.65103	2.51633	1.31585	0.40421	0.404227	2.82144	2.60531	1.49035	2.94014	2.56751	1.8605	2.45724	0.973428	1.09947	3.61062	4.05553	1.70497	2.17583	2.50986	2.80418	2.89559	2.42396	3.32961	4.15055	2.85601	3.15395	2.63031	2.23496	1.99593	0.651782	1.54414	2.76315	3.15387	2.34872	1.21247	1.5336	2.17583	3.31481	2.58652	2.35568	1.21247	1.08452	2.3488	2.51633	2.82722	1.70488	1.09947	1.31581	1.27805	1.21247	0.361545	1.15734	2.11492	1.94629	1.94629	3.07017	3.72143	2.75131	2.45726	0.571651	2.35563	2.18321	0.766939	2.18321	3.31481
0.921619	1.0539	1.45704	1.84276	1.45701	0.921593	0.921593	0.903743	1.62638	1.6364	1.21241	0.808341	1.53336	0.722991	1.30319	0.808295	0.651723	0.571598	0.766815	0.542256	1.4902	0.973339	1.54398	1.66601	2.51598	1.21234	0.511227	1.41143	1.15721	1.53336	0.65168	2.05999	0.255637	0.404168	0.511227	0.65168	1.21234	0.511264	0.722991	1.30319	1.41143	0.65168	0.511227	0.511227	0.65168	0.404191	0.511264	0.808295	0.808295	0.404191	0.255619	0.921593	0.973339	0.973339	1.09936	0.903712	0.903743	1.15729	1.5546	1.78889	1.70481	2.73325	4.76101	5.05114	3.35832	2.06013	5.37659	7.00494	3.83707	1.4902	1.14308	1.84271	1.84271	1.09938	0.651723	0.511264	0.404191	0.180757	0.511264	0.65168	0.404191	0.36151	0.511227	0.36151	1.61627	2.02003	0.76687	0.571598	0.65168	1.80691	1.09936	0.921593	0.255637	0.542256	0.511264	0.722991	0.722991	0.511264	1.66597	1.31568	1.15729	1.37638	1.27795	0.903712	1.21234	1.27789	1.37631	1.81597	1.9545	2.17564	1.92083	2.06013	2.50963	2.91214	2.73325	1.09938	0.903681	0.903743	1.61627	1.21234	1.27792	0.903712	0.36151	0.65168	3.72104	6.13263	4.083	0.745252	0.745252	0.722991	1.08441	1.49025	1.41152	1.63637	0.76687	2.06003	1.6364	0.973339	2.0441	1.77963	0.921593	1.05384	1.8603	1.77963	0.65168	1.5545	2.45698	3.80735	2.3761	1.62638	1.92069	1.45699	2.06003	3.58313	2.80392	4.11496	4.34502	4.85547	5.9463	4.87201	1.63637	1.2651	3.48661	4.45523	3.15866	0.571598	2.45698	1.45701	1.31573	2.28516	1.88644	1.27792	1.62638	1.70481	2.76287	3.15352	2.60504	3.50518	3.19964	2.70934	2.02015	1.71434	1.27795	4.46612	4.60894	2.26377	2.75117	4.90502	4.11474	2.1148	3.11724	3.25513	2.45714	2.06013	1.78889	1.5546	3.06984	2.4303	1.15721	2.82114	3.10671	2.20526	3.58313	1.27798	2.0601	3.89594	4.21217	2.10709	1.41152	1.37638	2.26364	2.60504	0.973339	1.37631	2.56724	1.41152	2.73331	2.1831	1.21241	0.36151	1.14308	2.1147	2.50948	1.80691	1.88652	2.26377	1.66609	1.41152	4.68908	3.72111	2.76287	2.35545	2.5161	3.19976	2.68524	3.25507	1.41143	1.31568	1.27792	1.99571	2.89531	2.60521	3.02729	3.80749	3.15369	2.35554	2.20526	3.25513	3.79466	3.65501	0.921593	2.56724	2.20526	0.808341	2.16805	3.65061
0.571521	0.745157	0.651654	1.26497	1.71411	1.21223	0.571539	0.973237	1.81579	1.63623	1.15717	0.903646	0.745157	0.404131	1.05374	0.921506	0.903646	1.14296	1.44561	1.05379	1.54389	2.10687	2.6298	2.91185	2.35524	0.651654	0.808221	1.37618	2.05983	2.16784	1.77947	2.82667	1.80684	1.92062	1.55444	1.66589	2.17536	1.66591	1.61619	0.973237	0.9036	1.15711	0.745157	0.745176	1.14293	0.808221	0.766788	0.571539	0.404131	0.404131	0.745176	1.41137	1.92062	1.66591	0.973237	1.09925	0.808256	0.973237	1.45689	1.7887	1.80684	3.09074	3.95754	2.82667	4.03486	5.55055	6.54057	5.48016	2.01985	1.09927	1.37623	1.99554	2.37592	2.11458	1.61619	1.05379	0.808256	0.808256	0.651654	0.571539	0.404148	0.180739	0.511182	0	1.30308	1.71411	1.02234	1.02234	1.27782	1.81579	1.4901	1.05379	0.651654	0.571539	0.511209	0.72292	0.542203	0.180739	0.921506	1.66591	2.60493	2.85545	2.29927	1.84254	1.66582	1.45682	1.4113	2.20506	1.8068	1.80684	1.80684	1.86022	1.77954	1.98734	1.84254	0.404148	0.571539	1.05379	0.72292	0.571521	1.4113	1.66585	2.10687	2.82679	4.21177	5.34893	2.96163	0.921525	0.404148	0.542203	0.72292	0.72292	0.571539	1.14293	0.511209	1.49006	1.45687	1.44561	2.6666	1.88627	1.26497	0.571521	1.27782	2.55437	2.3134	2.93967	2.53516	2.04391	2.19773	1.80684	1.08431	0.404131	1.02228	2.28502	4.80141	5.94586	5.44786	5.35819	6.30293	6.46142	3.8872	0.404131	3.22967	4.8548	3.31416	0.651622	1.77954	2.82679	2.3483	2.68485	1.86013	0.511182	1.41137	3.56024	5.02201	3.82418	1.63623	2.55428	2.68485	1.7886	1.05374	0.745176	0.921525	3.32889	4.71973	4.5982	4.70264	6.54057	7.05241	6.50131	6.12449	5.5272	4.09079	3.50504	3.19438	2.68497	4.03469	2.82667	1.81579	2.35517	2.6666	1.15711	3.76846	2.28502	1.66589	2.6666	2.82089	1.31555	0.766788	1.14296	3.35802	3.32884	0.745176	1.09925	1.53322	1.09925	1.45682	0.973237	3.25488	4.70264	4.85171	4.11844	2.6298	0.255596	2.42348	3.7209	3.9741	3.7034	5.40609	5.25467	3.72087	2.93967	2.01994	2.37592	1.86022	1.21223	1.41137	2.05989	1.4901	2.62972	3.11694	2.42348	3.15852	4.45502	4.9507	4.61928	2.51584	1.21228	4.14974	5.20205	2.40992	1.77947	2.76261	1.54389	1.45687	2.6666
0.722856	0.903543	0.76672	0.903543	1.7044	1.15701	0	0.511136	1.53308	1.02219	0	0.180723	0.542154	0.404112	1.27766	1.71395	1.5543	1.5543	1.27771	0.745109	0.651596	1.62607	2.17516	1.98716	1.08421	0.808149	1.30296	1.5437	2.9171	2.16765	3.40579	4.00607	1.71401	1.78854	1.5543	1.63609	1.99534	1.21218	1.14286	0.903543	0.255573	1.78844	0.973114	0.651596	1.5437	1.66567	0.255587	0.255587	0.542154	0.722856	1.09915	0.97315	1.02225	1.08421	0.361442	1.02219	0.180723	0.57147	0.903519	0	0.404095	2.56678	2.56678	1.78854	3.35789	3.55992	3.61417	2.85508	0.542154	0.180723	0.57147	0.921424	1.45672	1.44548	1.26486	0.921424	0.404112	0.903566	1.21218	0.903543	0.255573	0.180723	0.511136	0.361442	0.808149	1.15701	0.255587	0.571488	1.09917	1.6657	1.09915	0.511163	0.542154	0.404095	0	0.511136	0.180723	0.542154	0.651596	1.27771	1.66574	1.61605	1.48997	2.96137	2.35496	0.973114	0.973114	2.66636	2.01967	0.404112	0.180723	0.361442	0.808184	1.6657	1.5437	0.722856	0.745091	0.180723	0	0.404095	2.26323	2.97785	2.62956	2.75064	3.26947	3.50455	2.20487	1.15701	0.255587	0.180723	0.808149	1.08421	0.903566	1.37606	0.255587	1.05365	0.651564	1.15701	2.18259	1.99536	1.45676	0.722856	0.722856	1.66574	2.26333	3.29429	2.35508	0.903566	0.542154	0.745109	0.745109	0.76672	1.0537	2.05971	3.07467	1.86005	2.05965	2.50903	4.85102	6.23812	4.36627	1.27769	2.45654	4.71916	3.44846	1.7044	1.63609	1.99536	3.35772	4.05438	2.17514	0.921443	1.55422	3.54607	3.82805	2.35508	0.921443	2.75643	3.48598	2.70883	2.58584	2.20498	1.94574	2.3757	3.11672	2.50914	2.28482	3.80677	4.79083	4.59779	4.19609	3.08527	2.01973	1.54376	1.45676	2.34805	4.47981	2.18259	1.99534	0.57147	1.99534	1.37606	2.40976	3.65447	3.25461	3.32866	2.89476	1.66574	0.903543	0.57147	3.70287	3.32854	0.808149	0.903519	1.05365	0.921443	1.86005	3.50468	5.09817	4.51962	3.83659	3.06414	1.77938	2.05962	2.26323	1.61605	2.31319	2.31319	4.11399	3.85755	1.95411	1.09917	1.45669	1.45672	0.745109	1.14286	1.61605	1.21218	0.571488	2.29894	2.70876	1.30296	0.404112	1.45674	1.95411	2.51561	3.72043	2.75053	2.1751	4.60811	3.9035	0.903566	2.89474	2.26333	2.91721	3.64999
0.511081	0.511081	0	0.511081	1.53292	1.02208	0	0.511081	1.53292	1.02208	0	0	0.511081	0	1.53292	2.04351	0.511081	0	0.511081	0.511081	0	1.53292	1.53292	1.02208	0.511081	1.02208	1.53292	1.53292	3.06365	1.53292	4.08184	4.59001	1.02208	0	0.511081	1.02208	1.53292	0.511081	0.511081	1.02208	0	2.04351	1.02208	0	1.53292	2.04351	0	0	0.511081	0.511081	1.02208	0.511081	0	1.02208	0.511081	1.02208	0	0.511081	1.02208	0	0.511081	2.55378	2.04351	1.02208	1.02208	0.511081	2.04351	2.04351	0	0	0.511081	0.511081	1.02208	1.02208	1.02208	1.02208	0	0.511081	0.511081	1.02208	0.511081	0	0.511081	0.511081	0.511081	1.02208	0	0.511081	0.511081	1.53292	1.02208	0	0.511081	0.511081	0	0.511081	0	0.511081	0	1.02208	1.02208	0.511081	1.02208	3.57303	2.55378	0.511081	0.511081	2.55378	2.04351	0	0	0	0	1.53292	1.53292	0.511081	0.511081	0	0	0.511081	2.55378	3.06365	1.53292	1.02208	2.04351	2.55378	2.04351	1.53292	0	0	1.02208	1.02208	0	1.53292	0	1.02208	0.511081	1.02208	1.53292	1.02208	0	1.02208	1.02208	0.511081	1.02208	2.04351	0	1.02208	0	0.511081	0.511081	0	0	1.53292	2.04351	0	2.04351	2.55378	5.09746	6.10987	4.08184	1.02208	2.04351	4.59001	3.57303	2.04351	1.53292	1.53292	4.08184	4.59001	1.53292	1.02208	2.04351	4.08184	2.55378	1.53292	1.02208	3.06365	3.57303	2.04351	1.53292	0.511081	1.02208	1.02208	1.53292	1.02208	1.02208	1.53292	1.53292	0.511081	1.02208	0.511081	1.53292	0.511081	0.511081	2.55378	4.59001	1.53292	1.53292	0.511081	1.02208	2.55378	0	1.53292	0.511081	1.53292	1.53292	0.511081	1.02208	0.511081	3.57303	3.06365	1.02208	1.02208	1.02208	0	0	2.55378	3.57303	1.02208	0.511081	0.511081	1.53292	2.55378	2.55378	1.02208	0	0.511081	3.57303	3.06365	0	0	2.04351	1.02208	0.511081	1.02208	0.511081	0	0	2.04351	2.55378	1.53292	0.511081	0.511081	0	1.02208	3.57303	3.06365	1.53292	4.08184	4.59001	1.02208	2.04351	0.511081	1.53292	2.04351
1.48967	1.09896	0.766569	0.744963	1.15678	0.972923	0.511063	0.542048	1.70406	1.31518	0.651468	0.651468	0.921262	0.766569	1.66537	2.23383	1.37584	0.972959	0.903342	0.571376	0.766569	1.05344	1.27744	1.71367	1.95373	1.94536	1.62576	1.37579	2.93873	1.66535	3.86094	4.65264	1.45641	0.361371	0.808025	1.26461	1.21189	0.361371	0.808025	1.45645	1.15684	1.45641	0.921243	0.571376	1.15678	1.88573	1.27748	1.15684	1.09896	0.903365	1.1426	0.722714	0.651468	0.921243	0.180687	1.1426	0.651468	0.921262	1.09894	0.651468	1.45645	3.32794	1.98677	1.66535	1.31518	1.09896	2.1139	1.70406	0.180687	0.255537	0.542048	0.744945	1.05344	1.05344	1.15678	1.02199	0.180687	0.542048	0.542048	1.05344	0.571358	0.255537	0.404015	0.404015	0.571358	0.921243	0.766569	0.744963	0.722714	1.5434	1.26461	0.903389	0.972959	1.21194	1.05349	0.571376	0.255537	0.542048	0.404033	1.05344	1.15678	0.651436	1.27741	3.58179	2.29849	0.571376	1.05349	2.85452	2.58525	0.361371	0.180687	0.921262	1.554	2.37524	2.62905	2.31274	1.80633	1.66544	2.35461	3.63148	5.16018	5.33551	4.11727	3.10571	2.01934	1.91997	2.20443	1.66535	0.180687	0.571376	1.27744	1.09894	0.651468	1.62576	1.41097	0.921262	0.404015	1.02199	1.3027	1.1426	0.404033	0.903365	1.45645	0.903389	1.4109	1.91997	0.361371	1.1426	0.511063	0.722714	0.542048	0.180687	0.361371	1.45643	2.3752	1.53286	3.26883	4.14856	5.54877	5.7986	3.6536	0.903342	2.04333	4.22587	3.47127	2.34763	2.82598	3.65376	4.36179	2.96079	2.11398	1.53286	1.53278	4.11313	2.60406	1.3027	0.722714	3.39079	3.31322	1.66535	1.31518	0.972959	0.571358	0.903365	1.84205	2.34767	2.37524	2.16722	2.50865	4.22609	5.0495	4.46469	4.16422	2.76188	1.37579	2.56627	4.2105	1.91997	1.37579	0.180687	1.31518	2.3545	0.255537	1.27744	1.71367	2.17474	1.98677	0.766569	1.15678	0.972923	3.80592	3.22875	1.80628	2.37524	2.34767	1.80633	1.80633	3.08986	2.98815	0.542048	1.31522	0.903389	0.903342	2.51503	2.76183	2.11398	1.45645	0.921262	3.80599	4.33199	2.45618	2.17478	3.15243	3.15246	2.05933	1.71362	0.766528	0.255537	0.180687	1.5434	2.7083	3.15246	3.70235	3.83584	3.21377	2.98827	4.00536	2.62897	1.70406	3.86094	4.27544	2.11398	2.52799	1.45647	2.1139	2.20443
2.988	2.68396	1.70399	1.15674	1.09886	1.0839	0.766501	0.744897	2.05904	1.55378	0.65141	0.807953	0.255514	0.92118	1.62561	1.54326	0.744878	1.27732	1.6356	1.02195	0.903308	0.571325	0.403979	0.51099	0.180671	0.571307	0.651378	1.0219	2.45584	1.84185	3.15719	4.21012	2.05904	0.972837	1.21183	1.54332	0.972873	0.807953	1.15674	1.61559	1.80617	1.02195	0.255514	0.92118	0.361339	1.09886	1.53273	1.37572	1.2645	1.0839	1.2645	1.21183	1.30265	0.65141	0.744878	0.921161	0.361339	0.2555	0.722649	1.0219	3.44755	5.59464	3.31307	3.95604	2.55341	2.42258	2.19691	0.903285	0.403979	0.180671	0.2555	0.76646	1.0219	0.903262	1.1425	1.2645	0.92118	0.403997	0.511018	1.2645	1.09886	0.542	0.2555	0.180671	0.651378	0.361339	0.807953	1.0534	1.21183	1.84188	2.01918	2.05914	2.05914	1.95356	1.77888	1.41084	1.15674	1.0534	0.92118	1.1425	1.2645	1.61559	2.35436	3.48499	1.45628	1.09886	1.53273	3.15205	3.00415	0.744897	0.972873	1.80612	1.77888	2.34747	3.21348	3.95625	4.47877	5.54848	6.48652	6.84716	7.11079	6.28539	4.71807	3.8355	2.96068	1.45634	1.9198	1.61552	0.807953	0.92118	1.2645	1.27734	0.92118	0.180671	1.15674	1.41084	1.02195	1.09884	0.651378	0.92118	1.53273	1.9199	1.99479	1.05335	1.85944	1.41077	0.744878	2.01912	2.50843	2.91081	1.95356	1.09886	0.744897	0.722649	1.21178	1.61559	4.91922	5.95163	5.96514	4.53965	1.95346	1.21183	2.19687	3.0737	2.74975	2.11379	2.68399	3.59519	4.16381	1.45634	1.3151	2.19687	0.51099	3.63101	3.08959	1.77888	0.921161	3.75406	2.6656	0.651378	1.80617	2.68399	2.01918	0.722649	1.0534	1.94518	2.55338	1.99479	2.91638	4.62102	4.61756	3.71513	3.62663	3.79285	3.15208	2.58504	4.06924	3.42867	2.18206	1.61559	1.44507	2.18197	1.71352	3.07386	3.50373	2.3544	1.45632	1.2773	1.84185	1.84185	3.80558	3.22847	1.94511	2.42917	1.98659	2.55346	3.40498	3.02584	0.744878	2.23368	3.06855	2.66572	1.55386	1.45628	1.63562	2.93862	3.82696	2.89392	1.0219	3.29329	2.37503	1.45634	2.68399	4.11691	3.62663	2.91067	1.45628	0.766501	0.807953	0	2.04326	4.47877	6.01628	5.54848	4.12083	3.06855	3.24861	1.09886	1.9198	3.19302	3.50355	1.30259	1.27732	1.30265	2.11371	1.6652
1.71336	2.3541	1.45615	0.510972	1.0838	1.45618	1.27725	1.27722	2.50805	1.95325	0.255473	0.180654	1.14238	2.16682	2.28395	1.94501	1.88544	2.01896	1.45618	0.571272	0.403937	0.361304	1.09875	1.71336	1.78787	1.71336	1.27722	1.37552	1.85924	1.45618	2.62847	3.50318	2.17424	1.41062	0.972735	0.722579	0.510972	0.722579	0.40396	0.40396	0.651351	1.09873	0.807834	0.361304	0.541946	0.255473	0.255491	0.903165	1.02179	0.651308	0.744802	0.651351	0.651351	1.15655	1.05323	0.255473	0.40396	0.80788	1.15663	2.50805	5.1964	5.29794	3.99239	6.61766	2.37475	1.54317	0.972783	0.361304	0.510935	0.403937	0.541946	0.744802	1.05323	0.651308	0.541946	1.09875	1.26437	0.766432	0.972783	1.31498	1.45618	1.31493	0.403937	0	0.903165	0.255491	0.766378	0.541946	0.651351	1.09875	1.14243	1.15663	1.21172	1.0838	0.903196	0.903227	0.972783	0.744827	0.972735	1.05323	0.766432	1.66514	2.1967	2.68359	0.541946	1.70373	0.571272	3.70142	2.81953	0.40396	0.921093	1.37552	0.651308	0.361304	1.09875	1.77871	3.02556	4.33502	4.27486	3.39032	3.25328	1.9864	1.0838	0.80788	1.4894	1.4894	1.14238	0.972735	0.903227	1.30253	1.77871	1.88544	1.66511	1.27722	1.05323	0.651351	0.972783	0.903196	0.40396	0.571248	1.31498	1.30253	2.45557	2.26235	1.5431	0.766378	0.651308	3.00383	2.7078	2.62857	2.16682	1.48935	0.903227	1.45621	1.02186	1.53248	5.29787	5.077	3.59471	1.88537	0.40396	1.30253	1.80594	2.01888	1.78774	0.571248	0.255473	1.91959	3.10494	2.28386	1.94491	2.31217	0	2.26235	2.58478	1.41072	2.05885	4.36456	2.42891	0.361304	2.2334	1.78787	2.17433	2.01891	1.37552	0.972735	2.204	0.766378	2.05882	2.29804	0.40396	2.34713	2.1135	2.31217	3.39013	2.17433	3.67952	3.24829	2.60372	1.77871	0.541946	2.31217	2.62847	2.62857	1.95338	1.09873	0.361304	2.42222	2.2334	2.17431	3.76666	3.67952	2.88802	3.76666	2.91037	1.48935	1.84171	0.80788	1.5431	2.7613	2.05893	2.17433	1.77871	1.45621	0.807834	1.44493	3.08928	3.61281	2.58489	1.63544	2.35404	0.921093	1.78774	1.27722	4.15155	3.82642	1.95325	0.510972	0.651351	1.09873	1.91959	2.7613	2.51467	2.93822	2.75535	0.651308	1.66502	0.541946	2.10576	2.7077	3.75366	2.93822	2.56595	2.70789	1.94501	0.361304
2.50794	3.07319	2.91581	3.06266	2.60345	1.9448	1.53243	1.9448	3.25298	3.54446	3.35627	3.07326	3.19761	2.938	1.61527	1.31484	1.9944	2.23325	1.95317	1.95317	2.31208	1.91952	0.403917	1.08369	0.807795	0.80776	1.0217	1.53234	1.41049	0.571213	2.51431	3.31719	2.05866	1.71313	1.27707	0.920999	0.76635	0.744751	0.651282	0.76635	0.76635	1.27707	1.3148	0.361268	0.361268	0.744751	0.76635	0.92098	0.65125	0.807795	1.14231	0.903131	0.76635	1.6649	1.44479	1.02175	0.903131	1.27709	1.55355	3.59438	6.48495	5.62497	4.5883	7.87319	2.10557	0.722508	0.651282	1.05319	1.45606	1.61527	1.61527	1.9448	2.45545	1.78768	0.972682	0.722508	0.972646	0.255464	0.541893	0.541893	0.903084	1.41049	0.65125	0.361268	1.14228	0.510917	1.14228	0.722508	0.807795	1.66494	2.01878	1.91952	1.15651	0.51089	0.722508	0.510917	0.722508	0.722508	1.09864	1.77853	2.10567	1.80581	1.14231	1.53234	0.403917	1.26425	3.08379	4.69983	2.70753	1.31484	1.09864	1.31484	1.80581	1.48925	1.95308	2.17412	2.52727	2.28364	0.80776	0.51089	1.91942	1.05314	0.766309	0.571213	0.920999	1.27707	1.09864	1.31484	1.41057	1.3024	0.651282	0.65125	1.08369	1.48925	2.23325	2.35394	2.20392	2.20392	2.05874	1.21159	0.65125	0.92098	3.31227	2.9157	1.45603	0.972682	0.920999	3.65256	2.7551	1.30233	1.80572	1.45601	1.37545	1.21159	1.21159	2.40854	5.6507	5.23616	3.54437	2.26224	2.91024	2.81943	2.10567	1.26425	0.92098	1.26425	0.51089	2.31196	3.83455	2.10557	2.55283	2.31196	0.903108	2.1133	2.31196	0.541893	2.45536	5.12084	2.10557	1.48921	3.50292	2.7076	3.63045	4.33457	3.80495	0.903131	1.77846	1.08369	1.80572	2.17405	0.571213	2.66508	2.17405	2.28364	3.4232	1.48925	2.04275	2.28372	2.9601	3.07319	1.66496	2.1133	2.35383	1.99438	1.81478	1.62529	0.766309	2.45538	2.55291	3.67925	5.05755	5.09573	4.39025	4.51019	3.29265	1.45599	0.972682	2.55291	3.26794	2.70753	1.09864	1.44479	1.91952	2.29796	2.7611	2.7611	2.17412	1.6152	2.26214	1.66496	3.48431	0.403917	2.81928	0.807795	4.6059	4.05246	3.02525	3.19256	2.7076	2.8538	4.15129	4.33078	3.06795	4.163	4.85222	5.29766	4.75809	3.11522	2.51431	2.35388	4.59542	4.45233	0.65125	1.0217	1.31484	1.41057
2.58439	3.07291	2.70736	3.06239	2.60322	1.80565	1.53229	1.80565	2.80178	3.31702	3.35598	3.15644	3.19732	2.58439	1.61512	1.4559	2.35367	2.37435	1.91935	1.91935	2.31187	2.37435	1.70343	0.807723	1.08359	0.361236	1.02161	1.53221	1.15635	0.571162	2.98703	3.31689	1.63513	1.71298	1.27696	0.920917	0.766282	0.651224	0.744684	0.766282	0.766282	1.27696	1.54282	0.807688	0.361236	0.651224	0.766282	0.571162	0.18062	0.807723	1.14221	0.972595	0.766282	1.45589	1.44466	1.02166	0.972595	1.63513	1.71303	3.82154	6.97913	6.63101	4.58789	8.37291	2.10538	0.722443	0.744684	1.05309	1.41044	1.61512	1.61512	2.19628	2.58436	2.05853	1.45589	0.722443	0.744666	0.255441	0.403881	0.403881	0.651192	1.15635	0.903004	0.807688	1.14217	0.510872	1.14217	0.722443	1.08359	2.1739	2.11318	1.953	1.8146	0.510844	0.722443	0.510872	0.722443	0.722443	0.90305	1.66481	2.10548	1.80565	1.14221	0.510844	0.541845	1.66475	3.9673	3.98362	2.0186	1.4559	1.26414	1.15641	1.80565	2.62799	3.71826	2.73119	2.19628	1.44466	0.361236	0.510844	1.66472	1.05305	0.255427	0.920898	0.920917	1.27696	1.26414	1.4559	1.45593	1.48912	0.903027	0.18062	0.807723	1.30228	1.953	2.35373	2.17397	2.17397	2.18143	1.4559	0.18062	1.37527	3.55773	3.15116	1.31472	0.90305	0.920917	3.65224	3.0033	0.807688	1.30222	0.972595	1.37533	1.15641	1.15641	2.40833	5.4054	4.99595	3.54405	2.17397	3.08352	2.81918	2.10548	0.972595	0.920898	1.88502	1.53221	2.81903	4.34147	2.10538	3.57137	2.81903	2.01852	2.8248	2.81903	1.21143	3.2124	6.12807	1.14217	2.90984	4.16254	2.91555	3.46546	4.33419	5.12362	2.58428	1.09853	1.48908	1.30222	2.42848	0.920898	2.66485	3.44649	3.22755	3.4229	1.30228	0	2.28351	2.93779	3.82581	1.70351	1.09855	0.920898	1.9942	1.98603	1.21148	2.29763	1.8146	2.10548	4.32665	5.40254	5.09528	4.28537	3.8931	2.11318	0.403881	1.26414	3.26761	3.26765	2.0186	0.90305	1.02166	2.0186	2.29775	2.76085	2.76085	1.66481	0.722443	3.50256	1.77837	4.67519	0.744666	3.32664	0.807723	4.36009	3.37033	2.68322	3.21257	2.91555	3.11495	4.50977	4.16263	3.00344	3.7184	4.36029	5.47673	4.85184	5.02499	2.98703	1.55341	4.18199	6.35951	1.91925	2.04257	2.23299	1.54288
0.766159	1.71279	1.55325	1.91915	2.28327	1.91915	1.55325	1.15628	1.45573	1.27682	1.15628	1.94442	2.01836	1.05298	1.264	1.08348	1.95269	2.34646	2.2618	2.80732	2.85326	3.46971	3.79137	1.85879	0.920818	0.403821	1.14205	1.30208	0.902907	1.09841	3.71789	3.54368	1.54271	1.84112	1.4445	0.651154	0.1806	0	0.51079	0.361197	0.651154	0.9208	1.15622	1.09843	1.45577	1.41029	0.972491	0.510817	1.264	1.54271	1.54271	1.37518	1.41029	1.88488	2.11296	2.17374	2.455	3.32641	3.06735	4.63306	7.48394	7.33109	4.43324	8.13372	2.31151	0.902931	0.403838	0.403821	0.1806	0.51079	0.51079	1.41022	1.55317	1.05293	1.66457	0.972491	0.744605	0.403838	0.403838	0.651154	0.920818	1.09841	0.972455	0.902907	1.30208	0.807636	1.45575	1.55325	2.05831	2.35342	1.45575	1.14209	2.2832	1.45573	0.571101	0.1806	0.51079	0.403821	1.09841	1.48896	1.77818	2.05834	2.45497	2.31163	3.71803	4.85127	4.16218	1.81442	0.403821	1.05293	1.2113	0.744605	0.920818	3.00297	4.20848	2.45487	1.2113	0.541787	0.403838	0.571083	1.55317	1.15622	0.541787	1.31458	1.30214	1.08348	1.30208	1.15622	0.2554	1.05293	0.766159	0.541787	0.651154	0.7662	0.651154	0.722366	0.403838	0.2554	0.972455	1.54266	1.15628	2.28327	4.32991	4.50931	3.06735	2.10525	1.02155	3.0619	2.90953	0.972491	1.27682	1.05298	1.31458	0.807636	0.972491	2.23275	4.47679	3.9586	3.43207	2.93747	1.77818	0.9208	0.9208	1.27682	1.63496	2.05826	0.920818	5.07245	5.23523	3.50223	4.29981	3.31163	2.42152	3.44612	2.93732	1.53204	4.11116	6.68803	1.14209	3.48362	4.45146	2.35343	1.66463	1.66457	4.59445	3.85909	0.1806	2.75457	2.56518	4.28478	2.04235	2.58403	4.38924	4.03166	4.03173	4.61575	4.75717	3.46976	1.66461	4.47679	2.05831	1.66461	0.651122	1.2113	1.41022	0.744605	3.2272	1.54271	2.05834	4.06765	4.55917	3.32634	1.62497	1.37513	0.403821	1.4445	2.3465	2.68282	1.2113	0.902931	1.31458	2.20349	1.61495	0.807636	1.80537	1.53204	0.807636	1.95279	3.48362	0.403821	4.46231	1.41029	3.54368	0.651122	4.35962	2.34646	1.0215	0.807636	1.8144	2.7605	4.50565	3.60725	1.80546	2.20337	0.744586	2.10515	1.66455	5.48764	3.21206	1.45573	3.2673	7.94412	4.35969	2.05826	2.42822	1.30214
0.255377	0.920736	1.7127	1.95262	2.28307	1.95262	1.7127	1.21125	1.66442	1.27671	1.31447	1.8053	1.70317	1.05289	1.09833	0.807564	1.70309	3.55703	2.89255	2.80707	2.85301	3.4694	4.18117	2.35323	0.920736	1.15612	1.14195	0.80753	0.651064	1.77795	4.43284	3.54336	1.41017	1.84096	1.44437	0.90285	0.403785	0	0.510744	0.80753	0.744538	0.57105	0.403785	0.902873	1.41017	1.45564	1.4556	0.510772	1.88465	1.66446	1.66446	1.37506	1.45564	1.77802	2.01821	2.20329	2.42813	3.62489	3.00285	5.29595	7.72619	7.33044	3.71756	7.13177	2.81848	1.09831	0.74452	0.180584	0.403785	0.510744	0.510744	1.15612	1.55303	0.255391	1.4556	0.902873	0.651096	0.541739	0.541739	0.744538	0.920736	0.90285	0.74452	0.651064	1.80521	1.08338	1.31447	1.55311	2.05813	1.99383	1.31447	1.14199	2.28299	1.66442	0.57105	0.403785	0.510744	0.180584	1.77795	1.80525	1.88471	2.05815	2.58386	2.42141	4.6882	4.72944	3.31148	1.54257	1.15612	1.05284	1.45558	0.651096	0.920736	2.75432	3.44582	2.20318	1.45558	0.403802	0.541739	0.571032	1.55303	1.41009	1.21119	1.15618	1.30202	0.807564	1.80521	1.41009	0.255377	1.05284	0.255377	0.403802	0.744538	0.766132	0.744538	0.722302	0.541739	0.766091	0.74452	1.31443	1.31447	2.04227	3.80386	4.50891	3.36976	2.55219	1.44437	2.04217	2.42131	0.902873	1.27671	1.27673	1.45562	1.08338	1.4556	2.01815	3.21177	2.5136	2.66444	3.00285	2.01819	1.375	0.57105	1.27671	1.27673	1.63481	2.66432	6.54469	4.35936	5.08464	4.54807	3.55703	1.94418	4.2081	2.68256	1.53191	5.11939	6.68744	1.14199	2.80116	4.45106	2.35323	1.70317	0.902873	3.57975	4.36293	0.651064	5.00786	2.85298	6.35576	4.07916	1.98564	4.16173	3.62485	3.40334	4.8342	4.71581	3.46945	3.0243	6.24367	2.71275	3.0243	1.91888	0.541739	1.15612	1.31443	3.22692	1.41017	2.18101	3.8546	4.55876	2.90932	1.21125	0.920717	1.15612	2.28299	2.53297	1.62483	0.74452	2.01812	3.15054	2.17355	1.61481	1.08338	2.3113	1.53191	1.94418	2.23261	1.98564	0.902827	3.19148	2.17348	2.71275	2.93706	4.6046	1.66442	2.04217	0.807564	1.62483	3.19661	5.18517	3.60693	2.52655	3.4646	0.972368	2.10497	0.902827	5.23465	3.4646	2.58378	2.55224	7.94342	5.86157	1.05289	2.17343	3.0828
2.56472	2.42792	2.58365	2.35306	2.58365	2.507	2.45454	2.01803	2.35302	2.05794	2.23241	2.45456	2.93695	3.00259	2.6642	2.42792	3.15036	4.41788	2.73041	1.41004	2.11258	3.25181	5.05567	4.38489	3.02412	2.71251	1.66428	0.722237	0.744472	2.34604	5.00421	3.42192	1.48869	1.8408	1.44424	1.44424	1.14188	0.902793	0.744472	1.09821	0.920654	0.54169	0.54169	0.920654	0.54169	0.361133	1.54238	0.902793	2.11251	0.920635	1.05274	0.54169	0.54169	0.570981	0.54169	0.722237	0.510726	2.90902	1.14188	6.23282	8.30596	5.79478	4.35515	6.75357	3.32575	1.66431	1.62468	1.15608	1.37493	1.21114	0.972318	0.920635	1.40997	0.510699	0.807458	0.651038	0.570999	0.766023	0.54169	0.744453	0.766023	0.744453	0.90277	0.920654	1.55289	0.920635	0.570999	0.570981	0.972282	1.14185	0.722237	0.54169	1.9187	1.40997	0.570999	0.972318	1.14188	0.902793	2.35295	1.78691	1.05274	0.570981	1.31435	2.97538	3.6778	1.02132	1.02137	1.14185	1.40997	1.27657	1.55289	0.403749	1.08328	2.74818	3.40288	2.01794	1.66428	0.744472	0.570999	1.15608	2.16579	2.16579	2.34608	2.01803	1.88454	0.920654	1.85838	1.63469	1.70302	1.48869	1.15608	1.27664	1.26378	0.361133	0.510699	0.510699	0.403749	0.920635	1.27661	1.63469	1.62468	1.08328	1.66425	2.85261	2.11251	2.23236	1.98546	1.62468	1.85838	0.403766	1.14185	1.09821	0.920635	0.651006	1.30184	1.14185	2.62724	2.1733	1.66434	1.81408	2.35295	1.78691	0.570999	0.920635	0.403766	1.26378	4.14963	6.43788	2.51337	5.65143	4.94581	3.87099	2.10478	4.46152	3.35485	1.99365	4.94581	6.11059	0.90277	1.40997	3.71723	2.82412	4.08694	4.35905	2.73045	3.4643	2.31122	5.64862	1.21109	7.13114	5.40087	1.61466	4.16136	3.15028	1.53185	2.01797	0.972318	2.17328	3.85426	7.40342	4.00273	2.35295	2.51337	0.920635	0.920654	2.71251	4.00273	2.45456	3.02412	4.86364	4.86695	2.05794	0.570981	0.54169	1.15602	2.35295	2.35295	0.766023	1.45545	2.17324	4.08673	0.920635	1.85846	2.4077	3.55672	2.2613	2.85264	2.05789	1.40997	1.80509	3.40288	2.3111	1.61459	3.69971	4.59363	1.55289	2.66409	0.920635	1.21109	3.3257	5.22185	2.42779	2.01794	4.05094	2.28286	2.88666	2.10488	5.41581	4.1808	4.68776	3.25184	7.86426	6.21224	3.3161	4.67749	5.04607
2.66392	2.4543	2.50673	2.35281	2.50673	2.58338	2.58335	2.11236	2.35276	2.05772	2.37342	2.68215	2.95868	3.06648	2.85243	2.4543	3.29112	3.80308	2.17307	1.45536	2.53249	2.93664	4.73872	5.04233	3.44525	3.54267	2.34579	0.72216	0.650969	2.58327	5.4949	3.42156	1.8049	1.8406	1.44409	1.44409	1.14176	0.972214	0.650969	0.902673	0.920556	1.21096	1.21096	0.920556	1.21096	0.361094	1.31417	0.972214	1.88429	0.570938	1.05263	0.403723	0.403723	0.57092	0.403723	0.72216	0.510671	3.40251	1.14176	8.49174	9.28195	3.06634	6.2911	6.28092	2.90875	1.54227	1.81388	1.21101	1.37479	1.15595	0.902696	0.570938	1.15589	0.510644	0.361094	0.744392	0.920537	1.27643	0.403723	0.972178	1.27643	0.972178	1.0981	0.920556	0.57092	0.570938	0.570938	0.57092	0.744374	1.14173	0.72216	0.403723	1.66407	1.15589	0.570938	0.902696	1.14176	0.972214	2.85231	2.29673	1.05263	0.57092	1.62451	3.60622	2.28262	1.02121	1.02126	0.510671	1.15589	1.78672	1.55273	1.15589	1.4885	2.74789	3.89975	1.7776	1.45531	1.31417	0.570938	1.31421	2.16556	2.16556	2.53247	2.11236	2.34583	1.71231	1.37473	1.2765	1.66416	1.30177	1.21101	1.2765	1.88429	0.807371	0.510644	0.510644	0.180549	0.570938	1.63449	1.63451	1.81388	1.4885	0.90265	2.3527	1.88429	2.01775	1.8139	1.21101	1.37473	0.541632	1.14173	0.902673	0.570938	0.180549	0.807371	0.510671	2.19539	2.01779	1.70284	2.4542	2.85231	2.29673	0.920537	0.570938	1.45529	1.09812	4.14919	5.93935	2.98586	5.65083	5.44189	4.11394	3.10318	4.20728	4.86632	1.71236	3.46862	5.09945	1.0981	0.180549	2.5833	2.7063	4.45035	4.84989	2.45427	1.21096	2.62704	4.06649	0.744374	7.13038	5.90135	1.61449	4.388	3.36901	1.53169	1.45533	0.902696	1.66414	3.2514	6.93972	5.07097	0.570938	2.05767	2.3527	0.920556	3.54267	4.20735	2.42766	3.44525	5.42718	4.18041	2.05772	1.55273	0.403723	0.403706	1.85818	2.85231	1.27643	1.21096	1.40982	4.08629	2.3527	1.85826	2.71224	5.29486	3.50119	2.85233	2.51311	3.19086	1.48853	4.89938	1.80485	1.61442	2.93648	4.59314	2.56431	2.6638	1.37473	1.45529	3.83271	5.47433	2.173	0.902673	3.36901	2.28262	2.88635	2.10465	5.18416	3.79029	5.27055	3.19103	8.58074	5.52124	3.46877	4.94545	4.28367
2.34562	0.807334	1.08307	0.972127	0.920455	0.972091	1.54208	1.31405	1.80469	0.902569	2.1803	2.35254	2.01763	2.28242	2.58312	2.20266	2.16537	1.95196	0.920455	0.902593	2.10437	0.902569	2.45396	4.84594	3.59233	4.06613	1.84044	0.807334	1.53155	2.62673	5.11793	2.70592	1.71215	1.95196	1.02112	1.02112	0.40367	0.570869	0.403687	0.722096	0.744326	1.63435	1.98507	1.30165	1.31405	0.40367	1.02112	0.650879	1.55259	0.180533	1.02112	0	0.180533	0.920455	0.902616	1.09802	0.765913	3.3153	2.8522	10.3172	8.89101	0	7.87686	5.31871	2.05749	0.570887	1.45516	1.08307	1.31409	1.27639	1.27639	1.27639	1.27636	0.570887	0.255304	0.570869	0.765872	1.45516	0.650911	1.27634	1.88412	1.62437	1.27636	0.920474	0.650911	0.361062	0.40367	0.570887	1.05259	1.63435	1.05254	0.403687	1.61428	1.21085	0.180533	0.972127	1.45523	1.45523	3.14964	2.74764	1.44396	0.972127	2.01755	2.95826	0.255318	2.05746	0.40367	0.744326	0.920455	1.66392	1.48836	1.48836	1.15579	2.42731	3.83237	1.61428	1.21085	1.45516	0.902593	0.920455	1.66392	1.40969	2.66356	2.17288	2.90849	2.68182	1.31405	0.722096	0.510626	0.510626	0.541584	0.180533	2.04158	1.02112	0.40367	0.744307	0.361062	0.361062	1.70261	1.15579	1.53147	1.66392	0.541584	2.10437	1.54208	1.71215	1.26353	1.30165	1.84047	1.45523	1.63437	1.55267	1.66401	1.45518	0.570869	0.920455	1.63435	1.77751	2.10447	3.25111	3.93665	3.71647	2.8917	3.19075	3.78995	1.71221	3.80267	4.7279	3.25106	4.89894	5.00644	5.24858	6.13836	6.49381	7.89503	0.807299	2.10437	4.10963	1.48836	0.744326	1.88412	1.44396	2.82345	2.42731	2.42062	0.722096	2.90845	3.3251	2.53225	7.12305	6.29054	1.88412	3.35419	3.3153	0.920474	0.255318	0.765913	1.27636	4.00194	7.74672	6.65932	3.50105	3.08193	3.75119	2.17288	4.45708	4.20698	2.29665	3.61038	4.55747	2.01757	2.01757	2.58312	3.50105	4.07821	4.21861	4.68687	3.54245	1.91843	1.80469	3.96937	2.93622	1.15579	1.77744	5.89267	4.33198	3.61038	3.42605	5.02259	3.57892	7.02614	4.14903	2.3526	2.98559	4.19152	3.6104	4.002	2.42072	2.28234	3.69899	5.36991	2.93622	2.45406	4.24153	3.65064	2.93633	2.10447	5.01613	3.24612	5.58741	3.21102	9.01086	6.12532	5.47411	5.63631	3.06092
4.20668	3.07124	2.82332	2.05738	1.81356	1.09792	1.63422	1.99308	2.53202	2.10428	3.43046	3.07116	3.08176	3.75105	4.19132	3.44471	2.45386	1.14156	0.180517	0.920392	2.16518	2.66345	3.64584	5.24812	3.5557	2.80587	1.30154	2.97453	3.32493	3.93641	4.76836	2.53202	2.01743	3.25082	2.34546	2.28221	1.95189	1.77735	1.55253	1.6142	1.66386	2.18019	2.82332	2.93612	2.17273	1.55253	2.01745	2.7475	2.68167	1.66384	1.31394	0.650853	0.902535	1.48823	0.650821	0.744241	0.807262	2.58289	4.5037	8.17866	4.95422	7.10477	9.83242	5.68126	3.5513	2.81757	2.98545	3.38773	3.25091	3.06065	3.06065	3.06065	2.81757	2.20247	1.71206	1.05249	0.97204	1.63422	1.70254	1.71206	1.84027	1.48823	0.570836	0.403634	0.180517	0.541536	0.403651	0.180517	0.180517	2.05728	2.58284	1.91826	2.35235	2.16518	1.0979	1.21074	1.02108	1.4551	2.85183	2.7474	2.16518	2.50629	2.62657	2.28214	0.403651	1.94345	1.27623	0.255295	0.403634	1.09792	1.84031	0.51058	1.05249	2.23172	2.68155	1.94352	2.75928	2.35233	1.09792	0.570836	2.0414	1.45503	3.44453	2.26065	2.62649	3.07116	3.46816	3.19046	2.6817	2.20247	1.21079	0.570836	2.01737	1.37449	0.36103	0.744241	0.722031	0.902512	1.80458	2.17268	1.80458	2.40696	1.7865	2.93607	3.08176	3.08699	2.18019	3.59212	5.23295	5.09881	4.6031	4.33178	3.42106	3.44453	1.30154	1.70246	0.920392	2.10428	2.85194	3.61008	4.5924	5.95722	4.89851	2.90832	5.02214	2.0573	2.50617	3.82369	5.71799	4.55721	1.77728	7.88029	8.25405	7.18283	10.6243	2.8232	1.31394	3.80234	2.70568	2.34546	3.24584	1.21079	2.4271	1.66378	2.0414	1.45503	4.11321	4.10931	3.46811	7.49969	7.22696	3.57841	2.55119	3.81936	1.6638	0.807228	0.902512	3.07116	6.51041	8.05367	5.24818	2.18019	4.60288	4.50352	1.85785	4.339	3.8573	1.94352	4.32792	3.96911	1.542	1.44383	1.91826	3.71629	4.79554	6.29028	7.18735	5.74882	4.1603	4.2027	3.71614	2.20235	1.6638	0.510553	4.8322	4.14857	5.09239	4.89871	7.00733	6.51305	8.81924	7.38011	5.95749	5.39948	4.53584	5.14915	7.16962	6.74487	6.54244	4.84903	5.36951	5.85668	6.28001	6.44381	5.54369	3.25091	2.70582	5.29705	3.82369	4.95422	2.05738	7.53363	7.07551	8.27151	8.05985	6.45369
2.71145	2.35214	1.95168	1.62405	2.01715	0.721954	0.902416	1.4549	1.98468	1.91805	2.55092	1.94324	2.34512	1.66369	2.52534	1.48811	0.971936	0.74418	0.541478	0.180497	1.14144	2.50602	3.89047	3.11279	2.17987	2.89116	2.42025	2.52534	1.94331	2.89116	3.85275	2.55096	2.4536	3.43012	2.26051	2.28197	1.94331	1.66366	1.15562	1.14144	1.02097	1.14144	1.3014	1.66369	1.71187	1.45494	1.91805	2.79989	2.20223	2.4067	1.54178	0.74418	1.05238	1.99285	1.63403	0.570775	0.765722	0.971936	2.68129	4.11277	4.84525	7.70629	6.65084	3.19516	2.51248	2.35214	2.50602	2.68138	2.05716	1.78631	1.78631	1.78631	1.78631	1.8838	1.84011	1.3014	0.971936	1.0978	1.14144	0.807176	0.902393	1.21061	0.510526	0.650783	0.570775	0.180497	0.510526	0.650783	0.902439	3.08132	3.36805	1.55236	1.99285	2.23148	1.94324	1.61396	0.541478	0.765722	2.17239	2.55087	2.60133	2.16495	1.70236	0.902416	0.403591	1.37434	1.4549	0.971936	0.74418	0.807176	1.48807	1.80434	1.21066	1.63403	1.15556	1.48811	2.70546	3.14903	0.360991	0	2.42684	1.85765	3.80193	2.7471	1.61396	1.15562	2.70553	2.75313	2.20223	2.01721	1.71182	0.403608	1.77709	1.85765	0.541478	0.807176	0.807176	0.744161	0.902439	2.16495	1.48811	2.68129	1.45494	2.11176	2.58262	3.14905	1.45492	4.15973	4.5175	3.86965	3.48177	2.81727	4.1907	6.15009	1.55236	2.82289	0.360991	1.70227	0.920293	2.8515	3.50019	6.48002	6.82861	1.70227	5.09167	3.10229	1.84011	2.68141	4.00129	3.55092	3.06016	8.1836	5.71433	6.48248	11.339	2.753	1.45492	4.47424	4.84834	3.62315	4.50316	2.34521	1.84007	2.04118	2.42014	1.88375	3.96859	4.33854	1.62405	7.17523	8.39754	5.50795	2.05708	4.22144	1.6636	0.920275	1.91795	4.02932	5.71433	5.48453	2.91347	1.66366	3.95225	4.27096	2.58262	5.24144	5.31767	2.35203	3.85689	2.26041	0.360991	0.902393	0.570757	2.56358	2.753	2.31031	5.41372	3.64539	3.76343	6.40043	3.56896	1.1414	1.84007	0.902416	3.44416	1.84007	3.81896	3.08662	6.27914	3.96869	5.12017	3.40171	4.5175	5.80644	3.25047	2.50602	5.23226	4.47448	6.13723	4.20245	5.05366	6.76282	5.26906	4.20616	4.43072	0.807176	0.650783	3.95635	3.15416	3.00127	1.62405	3.71575	2.28197	3.96462	3.14915	6.20983
1.6239	1.54169	1.05229	1.63388	2.37249	1.48798	1.14134	1.48798	1.83995	1.40936	1.45477	1.15546	2.45326	0.807069	1.54164	1.66351	1.45479	0.971814	0.510453	0.510453	0.360959	1.15546	1.95141	1.2105	0.902335	1.88364	2.82276	3.42039	2.90775	2.37253	2.98474	1.71167	0.902358	2.62598	2.28177	3.10217	3.71124	3.5506	2.70529	2.17976	1.78615	2.29599	3.07064	3.18984	2.9077	0.72189	0.72189	2.041	1.48798	3.26515	3.32423	2.04111	1.45481	1.98451	2.16475	1.53112	2.01706	2.75288	3.88182	4.75402	4.75402	4.86131	3.78887	2.85136	3.14887	3.32428	3.3096	1.78615	0.650725	0.650725	0.902358	1.30128	1.80427	2.345	2.45336	2.10387	2.55078	3.44404	3.18984	1.88364	0.403555	1.48798	1.0977	1.27598	2.68114	2.81702	2.10387	1.14134	0.403555	2.75275	3.08105	1.30128	0.807069	1.81323	3.11257	3.06527	1.45477	0.971814	1.83991	2.93543	3.71544	2.28169	1.77701	2.42675	2.23134	1.0977	1.31368	1.6339	2.17976	2.56349	3.71556	3.32423	1.53112	2.16475	2.26031	2.71122	2.35187	3.30945	0.403555	0.403572	2.93538	2.66281	3.86914	3.10202	1.15546	1.15552	2.3101	2.10387	1.30128	2.37249	3.07054	2.05698	2.71122	3.78889	3.25027	2.5058	1.45481	1.30128	1.61389	1.26317	1.05224	2.50568	0.180481	1.81323	2.55073	3.49993	2.05695	5.07222	3.71544	1.98451	1.63388	1.276	6.35216	7.72805	2.68114	3.64947	1.276	1.98451	2.10387	1.94307	2.74686	6.79045	7.23654	1.70212	4.86451	3.57771	0.650725	0.650725	0.255245	2.68103	5.62019	8.1751	4.54549	7.0399	10.915	2.62598	1.54164	5.34434	5.4723	2.70515	4.11241	2.52511	2.1946	2.62598	3.08105	2.52511	3.93553	4.75383	1.48798	8.11281	9.86685	6.03105	2.53153	4.99214	2.70515	1.81323	3.08635	4.27058	4.59143	4.47385	2.30998	0.403572	3.25011	3.83128	1.02082	4.45938	4.94344	3.44397	5.41032	4.10862	2.42003	0.360959	0.807104	1.88358	3.80166	3.44404	5.8253	3.2452	3.55046	7.18125	4.02896	2.11157	2.75874	2.01706	3.71107	1.40929	3.46263	2.70515	6.61147	3.30945	4.39736	0.744095	2.66281	5.24709	3.78461	2.42003	5.01471	1.80427	4.69574	1.08276	4.84793	7.37837	5.93729	5.93731	6.35477	2.85136	1.31372	3.71542	3.35324	2.51217	2.17224	3.08105	1.2105	2.85124	1.45475	5.62019
1.21045	1.66336	1.27588	1.27588	2.17202	1.80405	1.14123	1.30117	1.83977	1.45468	0.971761	0.403512	2.20169	1.30108	0.650667	1.54155	2.01679	1.70194	0.510398	0.510398	0.806984	0.403512	1.70194	1.45459	0.650667	1.70205	3.14855	3.42007	2.81677	1.91771	2.51191	1.71149	0.971761	3.08073	2.88499	3.1019	3.7109	3.76286	2.91305	2.40632	1.78599	2.51203	3.15375	3.20982	4.0286	2.60082	0.721819	3.05956	2.62571	2.74672	3.62248	2.28155	1.40924	1.81305	2.16454	1.53098	1.91771	2.68093	3.60465	4.5453	4.5453	4.06469	3.42948	3.11227	3.24995	3.32398	3.59109	2.71094	0.744044	0.744044	0.971761	1.48784	1.94296	2.26011	2.58214	2.10368	2.74672	3.49974	3.48114	3.14845	2.17196	1.30117	2.11128	3.15355	3.42474	2.81677	2.55049	1.83972	1.15534	2.01676	2.62571	1.30117	0.806984	1.54155	2.8511	4.06457	2.58204	0.744019	1.14123	2.72883	4.42986	2.28146	2.53128	2.45316	3.08604	0.902278	1.54148	2.40624	2.40632	2.56326	4.15905	2.81677	1.83977	2.97357	2.34479	3.07024	1.9925	2.58204	1.15534	0.541377	3.69754	3.64906	4.11198	4.10802	1.40914	2.01679	2.41981	2.10368	1.30117	3.02227	3.46702	2.17956	3.07024	4.53445	3.3093	3.08609	1.81305	1.30117	1.61374	0.971761	2.05665	2.25997	1.40914	2.79928	2.55049	3.28951	2.05676	5.55633	3.48097	1.81305	1.27588	1.63372	8.0275	7.72726	3.42474	4.11592	1.63372	1.40924	2.10368	1.08266	1.83972	8.03537	7.48675	0.971713	4.35999	3.57733	0.902247	0.902247	0.255222	2.93507	6.62527	8.17424	4.29653	6.78974	10.4244	3.08073	2.25997	5.84933	5.2188	1.9512	4.8474	2.90738	2.52486	2.19434	3.55009	2.90738	3.71509	4.51653	1.80405	10.1022	11.0843	5.31665	2.34473	5.23116	4.97865	2.79928	2.89059	3.31401	3.57733	4.22061	2.81657	0.744019	3.49951	4.3377	1.02072	4.20526	3.46696	2.70505	5.40979	4.10824	4.0286	2.81657	1.94287	0.902278	2.93521	3.49974	5.23128	2.41981	3.08073	7.1805	4.51293	2.5313	2.75848	1.91771	4.69524	2.17196	3.2096	2.9571	7.61527	3.55463	4.89703	0.971713	1.71149	3.88964	3.96795	2.3099	5.01419	1.94296	5.68783	1.48779	6.51082	8.28595	6.31369	5.93673	7.18507	3.7885	2.23105	3.96782	2.85094	2.98443	2.37226	3.55009	2.453	2.35157	2.20169	4.61199
1.55192	2.2309	1.77666	0.570613	1.27575	2.45288	2.5053	2.17188	2.34454	2.35147	2.17188	1.80392	1.48765	1.09749	1.77666	0.721748	1.81287	3.06467	1.88327	1.55192	2.01664	1.53082	2.17183	2.37203	0.971659	1.63356	2.58183	1.98412	1.27577	1.66321	2.70469	1.4545	0.360888	2.93486	3.42914	2.7582	0.570613	2.01664	3.08056	3.24957	1.27575	1.27571	0.971624	0.360888	3.40058	3.88092	0.743968	3.15326	3.64874	0.570613	2.91264	1.83955	1.45453	2.05655	2.3445	1.40909	1.05208	0.255182	1.05208	0.765504	2.58188	3.24961	2.7582	1.99229	1.54134	0.721748	2.01658	3.0646	1.09749	0.743968	0.721748	0.806911	0.902135	0.403476	1.40901	1.05208	3.06996	2.05658	2.85069	3.71469	3.24948	0.765545	2.85069	4.08397	3.18904	0.51038	2.17181	2.70469	2.58188	2.2309	1.48765	0.806946	2.17183	2.5818	0.721748	4.3965	3.32345	0.510353	0.180446	2.20149	4.33731	1.80382	5.06809	5.87101	7.02285	3.31383	2.93492	2.3445	0.902135	2.97329	6.47836	5.31336	4.06428	3.60865	2.28132	3.24957	3.31383	3.71483	3.26451	1.94276	4.02817	3.89754	3.99995	4.64645	0.902135	2.28125	1.83959	2.37207	2.82221	4.35598	4.64645	2.98428	5.97663	6.55696	6.22897	7.85934	6.8736	3.96767	3.10157	3.49937	4.72584	5.23091	5.8792	6.36878	5.49204	5.01391	3.60426	6.20555	5.29208	5.14714	4.20511	2.4529	8.56114	8.05635	4.00008	5.57906	4.44783	4.00015	4.54482	5.06824	2.70476	7.74498	7.39841	1.21032	3.95523	2.6805	2.17188	4.44783	5.50668	6.31069	7.63767	7.86507	3.71472	6.43356	9.66614	3.96349	3.97976	6.97248	4.60108	2.58191	5.41219	2.71067	2.95684	1.48769	4.06418	3.54065	3.46665	3.86838	1.80387	9.85701	10.6202	6.33089	4.20511	3.46665	5.83508	3.89754	3.0646	3.46669	3.82214	3.98784	2.35136	1.05208	3.31371	3.57701	1.63356	4.04819	2.74632	0.806946	3.62649	2.8508	5.60203	5.71558	3.42912	4.06428	4.89685	4.89685	5.79938	4.58374	4.72584	7.54545	5.15321	2.90714	2.72861	2.68065	5.82416	4.55894	3.9798	3.44326	7.85897	3.71034	5.09341	1.66319	2.42627	4.67092	6.60564	5.79118	5.04268	2.68062	6.75139	3.78387	10.6027	10.8804	8.91718	8.88894	11.7083	11.936	11.0039	9.36134	5.7993	1.40901	2.85071	2.80477	3.46196	1.48765	2.90714	5.44482
1.71123	2.37186	1.66306	1.85695	1.27564	2.20141	2.58168	2.20141	2.25967	2.35126	2.20141	1.94259	0.806874	1.45436	1.8831	2.60036	1.54125	3.24926	2.34429	1.55178	2.17164	1.53068	2.01646	3.02172	0.902101	2.05631	2.79877	1.81271	1.27566	1.7765	2.53083	1.21021	1.80366	2.01646	3.11168	3.42882	2.85043	1.7765	2.90693	4.20459	2.51145	0.765436	0.743883	0.360856	1.94252	3.88058	2.25957	2.17906	4.64604	1.85695	3.14785	1.83939	1.81271	2.05637	2.53081	1.4544	1.05199	1.78555	1.27564	3.31339	3.85132	3.14797	2.35126	1.37388	1.31331	0.721684	1.77643	2.82184	1.26281	0.65054	0.721684	0.360856	0.650508	0.18043	1.15513	2.05631	3.8218	2.40586	4.35922	3.96711	3.49888	0.765477	3.35229	4.08361	3.44288	1.14097	1.66304	2.53083	2.45266	1.95095	0.806874	1.94252	2.01646	4.29577	0.721684	4.89616	3.83019	0.510308	0.40344	2.45256	3.83019	1.30085	8.57517	7.05851	9.26251	4.14658	3.08551	1.66306	0.40344	6.77677	8.36438	6.20511	4.85994	3.08551	2.28112	2.79884	3.54043	3.5904	3.97941	2.19398	3.54945	3.40028	3.74906	4.64604	0.40344	1.44314	1.83942	2.89006	3.14795	4.97784	7.64726	5.80428	6.38074	6.27701	6.6749	7.78558	8.42664	4.50154	3.10129	3.44306	4.42926	5.04234	5.97613	6.36821	5.39704	4.69463	3.60394	5.40879	4.84676	5.09637	4.42926	3.08551	8.31301	9.51985	3.3861	5.24573	4.67392	4.04802	4.75267	5.47094	4.15823	5.98659	6.89821	1.15519	3.46634	0.902055	3.24926	5.24573	5.79064	6.0296	6.28968	6.47767	2.5816	5.93547	8.44891	3.6218	4.80315	8.45451	3.38597	2.45268	4.76608	2.05637	4.72522	1.48755	3.85132	4.44727	3.95488	3.14785	1.48755	7.36325	8.02611	5.63311	4.97796	1.05199	5.09296	5.39676	4.793	3.88893	3.8218	3.11162	0.91993	1.63342	2.4058	1.5517	2.05631	3.80051	2.74608	0.806874	2.45258	2.56276	5.22109	7.04024	3.42882	5.62157	4.84345	4.84345	5.79887	4.58333	4.42926	6.88208	4.73554	2.62531	2.89008	2.7521	5.23032	4.7117	3.41942	2.89008	7.11903	3.71001	4.84653	1.54125	2.93466	4.54442	6.28728	6.31013	3.86821	2.79884	7.47695	5.63295	13.8317	10.7011	8.91639	8.42121	10.921	11.8679	12.0716	11.8247	9.29968	1.91724	3.78773	1.27559	4.21986	0.806874	2.30945	5.85388
0.919862	2.01627	2.10308	2.54971	1.48736	0.40342	1.05183	0.541222	0.743832	0.971484	1.09729	1.31317	1.09726	2.0561	1.27551	3.20869	1.6628	2.4523	2.30908	0.806755	1.45424	1.78548	2.05618	3.46604	2.29513	2.71019	2.9343	2.01627	2.05621	2.85029	3.19367	2.91222	3.64367	1.05189	1.05183	3.46128	4.75195	1.99191	1.27551	4.35875	3.06927	0.919837	1.09729	1.1409	1.45424	3.53998	3.78316	2.74593	4.0474	2.17883	2.20106	1.54111	2.93438	2.54976	2.82154	0.570485	0.541222	2.344	1.85687	5.2909	4.80266	2.25946	1.37376	0.541222	0.901959	0.765354	1.45418	2.60008	1.21003	0.180412	0.403397	0.180412	0.650438	0.25515	0.919837	2.5047	3.05869	2.41899	5.33927	4.11081	2.81577	0.971484	3.46597	3.71397	3.3228	1.80347	0.806801	2.60025	3.99944	4.08346	4.04766	4.95156	4.21971	4.4541	0.90199	5.09556	4.32901	1.27549	2.05618	3.24894	3.76164	1.66288	10.3946	6.1053	8.00347	4.50464	2.66193	1.77624	1.45427	9.19844	6.92752	4.4721	3.99917	2.40556	3.11138	3.31324	2.75769	1.99194	3.58992	2.68013	4.14615	3.78742	4.14615	5.57514	4.15793	2.1715	2.01627	3.06409	3.4191	5.26657	8.15061	6.00736	4.2386	4.14615	4.67331	0.919837	6.11322	4.76573	3.78754	1.95077	1.48741	1.91717	3.06937	3.19355	1.37376	1.37376	1.62328	3.80011	0.919862	1.2101	2.54976	3.96275	7.54395	8.98377	1.83925	2.79848	1.45418	2.01627	2.71016	3.78742	5.58668	6.46726	6.19658	1.31322	3.1008	0.971484	3.78733	3.95446	2.82154	2.54971	4.4541	5.51706	2.75769	5.75648	8.04904	5.71474	7.01013	10.1504	4.20417	1.31322	4.4286	3.08	6.48944	4.84629	3.49868	3.49851	3.99917	2.95626	0.510289	5.62947	6.41994	3.88866	5.2206	4.99048	6.12127	6.97126	6.62353	4.14226	2.40556	1.45418	1.30079	2.01622	1.21003	0.510289	2.19377	4.32169	4.45425	3.80035	3.49868	2.41912	4.02746	7.61944	1.99191	5.21732	0.971436	2.51131	4.86276	3.18865	3.22401	6.53847	5.22057	3.80035	3.4191	1.95077	3.78733	3.19355	1.71107	1.81251	6.53837	3.35193	4.58964	0.541222	3.064	3.11131	2.85032	4.86279	3.46152	3.28865	7.77832	7.03952	14.6828	7.70241	4.91539	1.15509	2.74579	3.22383	6.90677	10.665	12.0866	6.47712	3.67462	1.09729	4.44678	1.71107	2.05621	5.3664
2.10286	3.06916	3.60324	3.22367	3.07968	3.8549	4.79231	4.20006	2.67986	1.37361	1.27537	1.5514	0.570432	1.45407	0.901925	2.17115	1.94214	1.40861	2.53031	3.02122	3.57619	3.49837	2.98343	4.04721	4.8425	4.99965	4.28005	3.22367	2.85002	3.36623	3.5897	3.62561	4.9118	4.35487	3.44239	3.49825	4.58923	1.45407	1.81235	4.51124	2.90622	1.14075	0.91975	0.743737	0.360786	2.34383	3.49833	2.67988	1.88268	1.37356	0.360786	1.61311	1.62312	2.10276	3.06373	1.66274	2.42558	3.28832	2.01609	4.54331	4.69349	1.40868	1.77608	0.765286	0.65038	0.971347	1.37356	2.30887	0.971347	1.15497	1.85667	2.20098	2.10286	1.45411	1.09718	1.66265	2.2806	2.4521	5.25374	3.71364	1.37356	1.48726	2.66153	2.93398	2.90622	2.2806	1.91686	2.88951	3.82119	3.36623	1.81233	1.62312	1.45409	1.45409	3.32268	5.82251	5.67732	4.50066	4.66959	3.22367	1.15491	3.64788	12.5181	9.65069	9.64907	6.47653	2.54947	1.85667	7.46083	9.82589	2.53031	4.67975	3.22353	4.58926	7.02087	7.23345	5.98574	5.14568	5.63202	4.84582	4.94124	4.94124	5.46995	7.3816	7.99318	5.71414	3.79995	4.11062	5.00288	5.85286	6.70919	4.02703	2.93398	3.46097	4.79207	2.37139	5.06675	5.57757	5.34804	4.75515	4.9641	5.6178	5.55451	4.78217	4.14586	4.50072	4.75515	5.9749	4.64537	4.39548	5.34207	7.81666	8.98508	7.63552	3.55347	4.66959	5.48171	6.99141	8.25257	9.52014	11.3087	10.5531	8.02487	5.78951	5.64622	3.69636	3.08486	3.069	2.93398	3.39961	5.34786	5.88826	3.81691	5.57748	7.3577	6.77578	9.20642	12.3363	8.59578	3.24869	4.84559	3.67427	5.64344	7.87126	6.39714	3.70946	4.10654	4.80221	3.95429	6.29101	7.18023	5.34804	5.80887	6.99143	8.44763	8.71075	8.09552	5.31185	2.75156	0.570432	2.28067	1.40868	1.31309	2.90636	3.20857	4.2383	4.51501	4.75515	5.01889	3.69636	4.5149	7.43287	4.44659	4.67984	2.5239	5.04123	6.3795	5.34809	5.43754	7.18687	5.75603	4.44659	4.24978	3.22367	4.17679	4.04721	4.47194	3.89662	5.80866	2.20087	4.4717	0.180395	3.576	3.86728	2.82141	4.76525	3.87996	3.64338	7.28587	6.70447	12.4593	6.82476	4.26854	1.77615	3.08486	2.016	4.61381	8.55884	11.9232	8.44733	0.255122	2.25922	2.45208	2.50459	4.1067	6.27579
1.63297	1.45398	1.61297	1.61297	2.88363	4.06276	4.50032	4.55724	3.53933	1.20981	1.40849	1.9503	0.403342	0.650322	0.403325	1.37344	1.88251	0.360753	1.45398	3.08463	2.50437	2.53009	1.44273	1.66259	2.66141	2.98317	2.35059	1.45398	0.806644	1.70115	1.9503	1.08215	2.52367	3.24843	3.79961	2.41865	2.45186	2.20078	2.67962	3.98635	2.51074	1.27527	1.54082	1.66257	1.09708	0.403325	1.55126	0.901798	0.510162	1.30048	1.09706	0.180379	1.30054	2.16352	1.53016	1.54082	2.17852	3.11074	2.42524	3.87947	5.79706	0.806644	2.50425	0.541121	0.510162	0.541121	1.66253	1.94196	0	1.44273	2.23007	2.35059	1.91679	1.62298	1.20981	0.721478	1.83886	1.20981	4.86175	3.64738	0.919687	0.541121	1.80315	2.59962	2.59962	1.94196	3.06345	3.71331	0.180379	3.86694	3.96201	3.32239	3.41845	3.62529	4.04687	5.39834	5.67682	4.32463	2.75132	1.66253	3.08459	6.17488	13.8236	10	10.0885	8.49316	3.95375	3.86694	9.2378	5.22887	3.56662	4.95045	2.34362	7.36117	8.33162	4.6275	3.7135	3.60292	4.33583	3.24336	2.62449	3.87947	2.45199	3.3126	5.21961	5.06625	2.03995	1.80324	1.95039	3.14698	5.22874	3.49794	3.99853	5.26561	5.4693	3.08463	2.90601	2.91155	2.40512	2.70375	3.7135	3.74818	3.39947	3.07941	3.07941	3.30772	3.62529	5.05038	4.02684	3.20829	3.64753	5.15459	6.08081	5.93395	5.04092	5.98252	5.11385	5.9286	7.05204	7.00904	7.30292	5.73331	4.75472	5.01844	5.57699	3.19306	0.650354	2.41855	3.22325	4.39487	6.09897	5.39523	2.23001	3.62514	4.54291	1.37349	5.19173	9.94819	9.16775	4.67934	3.8291	4.39487	1.83886	3.38514	4.35441	2.95589	4.15705	5.97425	3.64753	5.36542	5.71341	3.19297	1.99156	2.51083	4.87179	5.44279	5.19173	2.25902	3.24829	2.42524	1.94196	1.80315	3.41834	2.41865	1.66257	2.35048	1.20981	1.26245	3.02086	1.45398	4.50009	5.39523	4.32089	3.49806	1.66257	6.08056	4.38387	2.17107	2.51083	4.51443	3.49789	1.77592	1.20987	2.23001	3.0793	2.17107	2.95589	2.67964	3.71333	0.650322	4.24918	0.510189	3.748	4.50009	2.17096	2.20067	2.6795	1.55126	4.27951	2.7453	9.14022	7.82986	5.50151	3.07941	3.64305	1.70123	2.42524	7.11029	10.7327	9.7657	3.82072	3.06889	1.54082	2.82104	2.40517	3.42786
0.510108	0.806558	1.14056	1.14056	2.58059	3.44161	2.30854	3.07897	3.96557	1.85623	1.20969	1.80296	0.360715	0.510108	0.403299	1.45379	1.66235	1.45379	1.66239	2.35028	1.05158	2.66101	1.45376	0.650253	2.05551	2.75687	2.93356	2.93356	2.35034	0.74361	1.81198	1.55117	1.45381	0.806558	0.510108	0.743592	0.541063	1.3004	1.66239	2.50399	1.70097	0.74361	0.721401	1.31279	1.09694	0.403282	1.70097	0.650253	1.45379	2.34337	1.88236	1.54065	1.6228	1.44257	1.20974	1.27514	0.91957	2.51047	3.88741	1.88231	5.22819	2.4517	1.77573	0.255072	0.255059	0.255072	1.15468	1.45381	2.67933	4.45293	5.80774	6.3959	6.3959	5.74384	4.20303	2.10244	1.6228	0.901725	4.29409	3.53895	2.45172	2.54906	2.4517	2.40486	2.35023	1.5511	2.56162	3.53895	2.93356	3.24795	2.70939	4.49984	5.8955	7.39528	8.62184	9.98045	10.8869	10.2943	8.98873	10.2199	12.2684	12.4022	12.6419	4.49966	10.4186	8.98126	4.66868	9.49832	9.20452	2.56175	6.25645	4.97583	0.180359	9.08575	8.27929	2.54892	0.403282	1.27512	3.0632	4.61307	5.87639	5.67633	3.46048	3.30736	4.87131	6.11159	4.24895	4.33546	5.08807	5.64234	5.9333	4.68238	4.14105	3.30721	3.54806	2.62428	2.88332	1.80296	2.0157	2.70346	2.45172	2.35034	2.20055	2.62428	3.32198	3.22304	3.39911	4.84482	5.24378	4.97609	4.3503	4.37983	5.67633	7.35418	6.13268	5.46888	4.49984	3.96568	3.87906	1.44257	2.54897	2.0157	1.71056	2.72726	4.41278	3.7991	2.16329	1.77573	2.67922	4.19905	6.3479	6.1455	3.82037	3.46503	3.85395	0.403299	3.39895	8.05253	8.77557	7.36277	5.47768	4.51402	2.1782	0.403282	2.16329	4.1059	5.58222	5.79653	2.79775	5.24363	7.0081	5.79661	3.76067	2.11014	3.64699	3.69544	3.89567	1.09696	2.80343	2.79768	2.88895	1.81198	3.07897	2.59947	2.28022	1.77573	0.919589	1.27514	2.95542	0.971157	5.14442	3.69544	5.78814	3.85415	3.95352	4.35752	4.32783	1.85631	1.85623	3.71291	2.30842	2.17079	2.35034	3.4275	3.78634	2.51056	1.6328	0.180359	2.90565	1.3004	4.21443	1.80305	3.06313	4.08201	2.75089	1.40833	2.91124	1.812	3.08426	2.91135	5.88705	5.62787	6.15083	6.13268	5.71023	5.3979	5.22841	7.489	9.02321	8.89852	5.85431	1.20969	2.56162	3.5753	1.05153	2.1782
0.510062	0.806486	1.14046	1.14046	1.98299	2.88869	2.30834	1.80284	3.71258	2.35002	0.541015	1.30022	0.806451	0.510062	0.743525	1.6622	1.45366	1.6622	2.17058	1.99117	1.05148	2.66077	2.20024	0.901621	3.46468	3.42717	2.95531	2.95531	2.75663	2.01543	1.15464	1.55104	1.31271	1.08193	0.510062	0.97107	0.97107	1.48684	1.54051	1.31267	0.97107	0.650227	0.721337	1.54046	0.901645	1.15458	1.94992	0.180343	2.58033	2.52959	1.77565	1.66224	1.81182	1.44245	1.15464	1.05148	0.570287	1.27502	3.46472	1.45366	3.14636	3.2477	0.650227	0.25505	0.255036	0.25505	0.403246	1.20963	3.42246	5.39432	6.55326	6.47484	6.47484	6.68119	5.42103	2.54878	1.20963	1.09684	3.55229	2.70913	2.42489	2.54883	2.20035	1.63265	1.85606	1.55096	1.55096	2.05538	2.95531	1.4537	2.70915	4.84442	5.89498	7.39463	8.62108	9.77071	10.7887	10.5619	9.05073	11.0595	12.9066	12.0814	9.10608	3.2477	10.9068	5.72068	5.9409	9.661	6.75962	3.42719	7.50733	5.73189	1.66218	9.82132	6.53595	2.5487	0.180343	2.17801	2.20035	4.21806	5.97328	4.91048	3.62458	3.24779	4.41249	5.93008	4.29392	4.39423	5.18782	5.39742	4.93984	4.85761	3.36527	0.971106	2.19289	2.41818	2.28002	0.806451	2.22963	2.67912	2.42489	2.35013	2.17065	2.90548	3.62006	3.22275	3.32174	4.35364	5.14422	5.09076	4.10554	4.37944	7.19591	7.78177	5.97333	5.55003	4.84442	3.06299	2.9716	1.44245	1.83854	2.10995	1.55104	2.1706	3.79876	4.41239	2.9716	1.09684	1.91632	3.22262	5.17829	5.71235	4.14459	2.4047	2.35002	0.541015	2.9054	6.59195	6.7948	6.58489	5.08762	3.14646	0.765109	0.180343	2.1631	4.80096	5.34652	4.37944	2.67909	3.88716	6.46728	6.4648	4.67851	1.95001	2.66077	2.93314	3.39865	1.2622	1.27498	1.81184	2.72705	1.45368	1.30029	2.59923	2.03955	0.650227	0.919507	1.63263	3.71258	1.70082	5.14396	1.91632	7.4734	4.5881	4.88739	0.570287	3.88707	2.35009	3.35068	3.96521	0.806451	1.66227	2.35013	3.78598	3.786	3.06822	2.40465	1.40821	3.39865	1.48684	3.76023	1.94165	1.88214	3.06813	2.99871	0.180343	2.22958	1.98299	2.22963	3.02036	3.24766	2.52318	4.99823	6.07968	5.53847	5.33754	5.03993	5.79602	5.78761	6.03976	7.93491	3.45999	3.57498	3.57498	0.25505	2.17801
1.94148	2.10207	2.10207	1.94984	1.54038	0.970984	0.765041	1.54038	3.38404	2.20004	0.180327	0.919406	1.26209	1.09677	0.919406	1.8559	1.99097	2.88843	3.26236	2.41797	2.01534	3.31153	2.7504	1.66205	4.26695	3.14606	0.806414	0.80638	1.80264	2.90514	1.08184	0.721273	1.02001	2.01531	2.0552	2.01531	2.19269	1.44232	1.09677	1.05139	1.78462	2.29403	1.91625	1.44232	0.901564	1.6325	2.70891	2.05522	2.67877	1.94974	0.743459	1.09675	1.8559	0.970984	1.14036	1.66212	1.66212	1.08184	2.81447	2.03926	1.30011	3.05728	1.61244	1.02001	1.20952	1.27493	1.40816	2.01531	3.02	3.96486	4.24798	2.10197	1.09675	5.06791	5.46768	2.74452	0.40321	0.901541	2.59888	1.80268	1.40816	1.27493	1.70075	2.25838	1.71026	1.05134	1.27487	0.743478	1.94984	4.88695	5.99679	4.61226	2.90527	0.360651	2.67888	2.82036	2.30801	4.73285	4.49904	9.16186	8.95884	6.02349	3.60189	7.3591	9.47655	4.58774	8.41627	4.76338	1.61251	2.90519	6.19366	7.1084	4.49899	10.0577	5.14978	2.54852	2.03937	3.08371	2.67886	3.41747	2.37051	0.570237	1.3731	2.5613	3.46447	4.85718	4.6088	5.18736	4.84401	4.44493	5.62992	6.44697	4.0815	2.79718	0.743459	0.970984	0.806414	3.79842	4.9394	5.22751	5.22751	4.0815	2.75053	2.70291	3.28703	2.45126	2.5613	2.84895	2.75053	2.97141	2.20015	2.22938	5.61542	5.01045	1.91625	1.7102	2.42455	0.721273	2.19273	2.99858	2.5613	0.570218	2.01534	2.90527	3.99746	5.26412	4.31966	2.95505	2.67886	2.72677	3.95263	4.6434	3.30663	1.30017	2.1704	1.70075	2.88841	5.75381	5.75387	5.32493	4.59828	4.32724	4.75	4.39384	2.37051	3.06785	2.34981	1.78453	0.901541	1.4535	3.57466	4.35305	4.33456	3.89517	3.87851	3.44103	3.64196	1.94148	1.45355	0.901564	1.48667	2.1629	2.343	1.91625	1.02001	0.510017	1.14032	0.901541	3.58825	3.32139	6.02331	2.52939	7.64296	3.85326	3.71228	3.24741	2.93293	1.61244	3.07842	4.69184	2.74462	0.901587	0.901541	2.52937	3.88681	3.71239	3.24243	2.70291	2.82024	0.743478	2.34981	1.05139	2.0552	2.05514	2.05514	2.67888	2.25838	0.570218	0.901564	1.15447	1.91614	0.650169	0.650169	1.08184	1.52981	2.45126	2.01531	3.70791	4.1983	4.49881	7.41294	5.39384	4.51326	2.51002	1.81166	1.98281
2.54833	3.20703	3.20703	3.06769	2.56103	1.37295	0.901445	1.31242	2.19981	1.45339	2.19992	2.56103	3.0992	3.4967	3.32109	3.32104	3.61935	4.17485	3.24713	1.66194	1.55073	3.96453	4.35272	4.15551	5.21757	3.61935	2.055	2.0151	2.1925	3.24709	2.91052	2.75024	3.62388	4.10865	3.06769	2.62353	3.10958	2.91052	2.57993	1.94963	1.30003	1.0199	1.05128	0.806328	0.919308	1.0199	2.34275	2.6786	2.05498	1.71002	1.09663	1.20939	2.52269	2.25814	2.67857	2.56103	2.25814	2.57983	2.81417	1.70057	3.14585	3.60142	2.3427	1.15441	1.15441	1.40801	1.70057	2.0151	2.05492	2.56089	3.53795	3.60592	2.42442	3.86543	4.60807	3.5516	1.55065	1.09665	1.27473	1.31245	1.55073	1.52965	2.2292	2.57993	1.88183	0.254986	1.77523	2.34266	5.79497	9.15247	8.32875	6.23451	4.54136	4.21323	2.84853	2.17767	0.74338	2.79695	6.50802	11.046	8.85373	6.27284	5.39327	10.2546	5.8745	7.42959	8.65766	5.21464	3.71202	3.0782	4.50204	7.04931	8.89644	9.29367	3.60142	1.94127	2.6786	2.54828	2.01506	2.37022	1.94963	2.03915	1.94963	2.055	3.64613	6.47359	8.37043	8.63769	8.12114	7.64255	7.06741	5.17746	3.712	4.69134	3.60151	5.01009	6.66325	8.60467	8.60836	8.30789	8.86811	9.04899	8.17548	5.34554	4.55546	4.11257	4.10474	4.45535	5.11186	5.83093	5.93178	4.58728	4.02515	3.18661	1.09663	0.509962	2.25804	1.45335	0.360612	0.570176	1.29997	2.90483	3.06762	3.96465	5.79507	7.53141	5.14928	1.70057	1.94127	2.70262	4.10457	4.51267	3.54706	2.17767	3.4967	3.81936	3.78526	4.98737	3.75949	3.81508	5.59794	6.72765	6.85684	6.74657	4.98758	2.57991	2.57983	2.01504	0.254986	2.01504	2.17011	3.0676	4.34907	6.11789	7.60714	8.05065	7.8534	6.23451	4.84345	2.72652	1.63231	2.34967	5.11186	6.00427	5.1868	3.9971	3.151	3.18678	4.58725	5.39637	7.87129	4.27784	6.2853	4.84327	1.71008	4.93895	5.58358	4.21724	2.30789	1.91594	2.50976	1.40793	2.05492	2.70269	4.54136	4.3565	3.58798	3.32104	1.94127	0.806294	0.919308	1.71008	1.54021	0.360612	1.30003	1.78443	1.3729	1.9826	2.59873	2.17022	2.22914	0.6501	0.6501	1.55073	2.82006	2.50339	3.20687	4.18632	3.94813	4.49833	4.42608	4.55196	4.44446	2.6786	3.01968	1.37295
1.08163	1.15431	1.15431	1.20928	1.45326	1.66173	1.45324	1.94103	1.48638	1.61219	2.10166	2.03897	2.17003	2.5608	2.80253	2.50962	2.75579	2.91015	0.403148	1.3123	0.970794	1.81132	3.61903	3.32074	4.02479	2.16998	1.37283	1.81132	1.83802	2.3425	2.229	2.34254	3.08315	2.41749	1.80233	1.3123	1.63219	2.16998	1.83802	1.66173	0.919226	1.27468	0.901411	0.36058	0.65001	0.570107	0.180292	0.650042	0.650042	1.20923	1.05113	0.570125	1.63219	1.85562	1.66177	0.901411	1.37278	3.44025	2.10156	2.16998	3.14555	2.97083	1.20928	0.403131	0	0.403131	0.570107	0.76485	1.20923	1.77507	2.22894	2.72628	3.06742	3.44036	3.14545	3.69407	2.70231	0.919245	0.570125	0.180292	0.180292	0.254977	1.55052	1.05113	1.91577	1.29985	1.77507	4.58663	7.69738	6.93229	3.31101	2.17748	2.52887	5.79429	4.18594	0.901388	1.3123	1.20923	5.70786	7.45641	3.86508	2.10156	5.84933	10.7276	3.06733	5.51343	2.93236	2.5608	5.00005	5.499	4.04476	2.05482	5.97152	4.10432	0.806256	0.36058	0.743332	0.180292	1.48641	3.14547	1.78418	1.55059	1.09653	0.721132	1.94103	3.14557	3.95204	3.57415	3.45919	3.32079	1.70042	0.764891	1.66173	2.3425	4.18612	5.88506	6.48773	6.37589	4.732	3.41681	3.71172	5.00005	6.37589	4.35233	2.90462	2.52887	1.55059	1.77514	2.4242	3.20675	3.86525	3.62355	3.32074	2.88787	1.37283	0.764891	2.17739	1.8816	1.61219	2.50317	2.50962	2.98162	2.95432	2.22894	2.4242	7.86647	6.85587	1.48641	1.3123	2.56066	3.95186	3.55128	3.20658	2.17739	1.85562	2.19972	4.54073	6.22594	3.44032	1.14014	2.22894	2.45081	2.25794	2.88787	3.96012	2.45081	2.37001	1.54002	0.65001	1.80228	0.970794	1.45324	1.29992	3.2418	4.76254	5.64024	5.62601	4.84304	5.29049	3.64565	2.05472	3.15058	4.13951	4.19768	4.34868	4.18612	3.57415	3.06742	2.8198	2.79671	8.48914	6.60459	5.22624	5.94985	2.67822	3.0195	3.85271	3.71172	3.70735	2.93246	2.3494	2.17739	2.5796	1.83798	1.15431	1.20928	1.45324	2.10928	0.970829	1.45324	1.01981	0.721132	0.403148	0.919245	0.570107	1.26184	2.93236	2.72624	1.91587	2.17748	1.27466	0.254964	0.254964	1.70987	1.6222	0.806222	5.48712	5.28742	3.79768	3.54674	2.30756	0.806222	1.09655	1.70042	3.6011	2.75
1.45312	1.27457	1.27457	1.45315	1.66161	1.81112	1.44189	1.94083	0.509862	1.48623	1.14003	1.15421	1.40776	1.2998	0.743263	0.403089	1.91557	2.2576	0.97074	0.901269	1.77489	1.3727	2.84811	3.31071	3.06702	0.919158	0.649941	0.806137	1.14003	2.27916	2.81955	2.19953	0.806137	1.94928	3.28614	1.40776	0.570072	2.05453	1.31217	2.01465	1.66156	1.01972	0.97074	0.919158	0.919158	0.743263	0.540808	0.403112	0.649983	0.743238	0.721061	1.2998	1.45315	1.53993	1.9157	2.42399	2.79644	2.84799	0.9013	2.19204	1.61196	0.743238	0.919158	0.743263	0.649983	1.15421	1.80221	2.19953	2.65989	3.19123	3.10901	2.50939	2.29338	2.22879	1.83779	2.70202	3.0828	2.70221	2.9322	3.05657	2.9322	2.45059	1.14003	0.90133	1.99039	0.901269	1.45307	5.46601	8.60266	6.25347	2.57944	3.39754	4.15475	6.64986	6.58242	5.59695	5.50151	6.43526	6.64267	4.93775	3.24636	1.81112	7.13973	9.61646	2.88196	5.28709	6.97998	5.36249	2.36982	3.82686	4.99926	2.50927	5.2257	1.45312	0.901269	0.901269	1.09642	1.80221	2.67812	1.632	2.75551	2.01468	1.44189	2.74384	4.1391	1.88148	0.509899	1.66164	2.05464	1.70977	0.403112	1.94092	1.94092	1.80221	3.24148	3.32033	2.5477	2.88756	3.58733	3.75892	2.97055	1.53993	3.06693	4.54025	1.09642	2.79635	0.721061	0.806137	0.743263	0.570048	0.9013	2.10134	1.14003	2.62306	2.30748	1.70026	1.05102	1.66161	1.61205	0.721061	0.403112	2.01473	4.15475	5.78571	5.48689	6.74263	6.86678	2.34925	1.81115	2.59809	3.60063	3.14512	3.14515	3.24648	3.15044	3.20646	4.84237	5.86513	3.06175	2.10916	2.0545	1.15421	1.48628	1.31217	2.0545	1.27454	1.99039	3.06705	4.20116	5.14852	4.02455	2.90438	1.2998	3.54637	4.04435	2.75551	2.16975	2.90438	5.76054	6.14796	5.57963	3.97603	3.24636	0.540808	1.83784	2.81955	3.44013	2.99773	2.36977	2.59809	8.80002	6.48433	4.98641	6.34739	4.44342	2.93206	1.45315	1.31222	1.4531	0.919133	0.764768	2.0545	2.56039	1.45307	0.649983	0.919158	1.31222	2.52222	1.94928	1.88148	1.20917	0.540808	0.509899	1.2998	1.80221	2.72602	2.88756	1.83779	0.180274	1.4531	0.743263	0.570048	0.570072	2.2576	1.40766	1.37263	6.03472	5.28681	2.45046	2.88759	3.42115	1.83784	1.80215	1.94928	3.08285	2.52862
1.453	1.78393	1.78393	1.80202	1.453	1.27439	1.31204	1.53972	0.649882	2.40349	2.17705	2.45033	2.5603	2.41702	1.99021	0.649915	1.40753	1.63185	1.27443	0.570013	1.37251	1.44175	0.403069	1.05093	1.40753	0	0.649882	0.540755	0.649915	1.27443	1.88129	1.31204	1.09632	0.919046	1.2616	2.36958	2.10894	2.70783	2.16956	2.34896	2.50913	2.42373	2.1696	2.2575	2.65961	2.95389	2.5603	1.453	0.806098	0.970639	0.743168	1.63187	2.90414	3.39718	3.18587	2.80198	2.01455	0.403052	1.88129	2.40355	1.70959	0.901234	1.01955	1.09634	1.453	1.55029	1.40761	1.29966	1.55029	2.4503	3.36366	3.85196	4.72095	4.72095	3.57346	1.77479	0.901211	2.1696	2.84784	3.32014	3.57346	3.64509	3.22121	2.40355	1.81097	1.13991	0.806064	4.34766	8.33561	8.94127	4.79855	0.403052	1.99019	4.1387	6.19153	8.22911	9.71317	9.80284	5.03752	1.70008	5.39473	3.55076	9.37826	8.55238	1.31208	2.90405	6.14226	8.85125	6.66854	5.47457	5.06284	3.71083	6.10012	2.17696	1.45293	0.901188	1.2616	1.6614	0.901188	0.901211	1.45293	2.95374	1.13991	1.98204	2.2574	0.180257	0.919065	1.94907	2.67783	3.01891	2.67781	2.05439	2.05431	0.919065	2.8477	1.63185	2.65961	3.99597	5.03752	5.78511	5.87307	5.22545	3.24623	3.05608	1.80202	2.62271	1.45296	1.13991	1.37256	2.36958	2.10125	3.55059	0.806064	1.66138	1.09634	0.743187	0.570013	1.29966	1.55029	0.919065	0.509817	0.806098	2.30723	4.21604	5.34397	2.54756	4.20057	3.74566	2.05442	1.01955	2.93178	3.60489	3.93075	4.34783	4.58598	4.70729	3.01891	2.98103	3.26109	1.61188	0.403052	0.570013	0.180257	1.29966	3.69354	5.46581	5.2866	5.84841	6.50375	7.80465	7.85119	7.14602	4.55067	3.14486	4.04395	1.77472	1.52913	1.05098	4.3255	6.63974	7.46166	6.10044	3.70663	2.45033	2.81352	3.31039	3.06682	2.79608	4.04395	4.97308	6.03418	4.85859	4.85861	5.94869	5.24059	4.15428	3.711	4.10357	4.42502	3.6406	0.919046	2.10887	2.81913	1.44175	1.453	1.453	1.40761	2.19187	1.78393	1.37256	1.31208	1.53977	1.45298	0.7647	1.45298	1.81095	1.2996	0.901211	1.45298	1.08141	1.01955	0.649915	1.15408	1.94065	1.40753	1.83762	5.58173	4.83856	2.03846	1.15402	2.2574	1.99021	1.81097	0.919065	1.70953	2.98103
0.360477	0.509799	0.509799	0.540707	0.254891	0.743102	1.45281	1.40741	1.40741	2.84744	1.6317	1.37244	1.15398	1.44162	2.10868	0.918965	0.764632	0.743102	0.540707	0.743102	1.15398	2.3488	2.99715	3.07705	2.70161	0.918984	0.254891	0.403016	0.403033	0.918984	1.6317	2.75501	0.970553	1.81081	3.64477	3.34894	1.40748	1.94048	1.83746	1.62174	1.53964	1.45287	1.27432	1.66129	2.19168	2.41681	2.45009	2.05416	0.180241	1.13978	1.66126	2.80158	2.36933	2.01437	1.37244	0.743102	0.720926	1.45285	1.6317	1.27428	1.2743	1.37244	2.17677	1.55008	0.918984	0.403033	0.743102	0.970553	1.01952	0.743121	0.743102	1.61173	2.67757	2.80173	2.65938	2.17686	1.63172	0.918965	0.901108	0.805992	0.649857	1.20894	2.27872	3.24592	3.28551	2.01431	0.180241	2.34183	6.1076	9.80166	8.18188	3.71062	2.67757	1.70944	1.37239	3.14465	5.11302	3.69321	6.98515	4.15388	5.43865	2.90383	9.8982	6.26261	3.79653	5.96971	3.09788	5.68094	4.67595	4.8913	4.45001	5.51187	7.35777	1.69985	1.37239	0.254891	1.55015	3.01864	3.2608	0.970517	2.70161	2.5473	0.509772	1.31196	2.50891	1.99004	1.99002	3.98344	4.74773	4.21567	2.05424	2.29281	4.11088	2.56007	4.14222	2.84759	2.56007	2.05424	1.85509	2.57895	3.49534	3.98344	3.62253	1.26148	2.57897	2.819	1.66129	1.48599	2.22836	2.7255	1.98186	4.72028	0.806027	3.99548	3.24595	2.41681	0.806027	0.649825	0.254891	1.05083	0.743102	0.970553	1.81081	1.48599	2.10096	1.29948	1.44162	1.98186	2.01428	0.720926	2.01431	2.34873	2.34875	2.16936	1.52907	1.52907	1.48595	0.720926	2.95348	1.45281	0.180241	0.649857	1.20894	2.70161	4.05966	4.46813	3.96317	3.78383	3.88486	2.98089	4.40998	5.74835	5.57842	0.743102	4.14213	1.45283	1.66129	2.40328	0.254891	2.22831	2.7255	3.31007	2.99715	2.03839	1.29955	0.649857	1.45281	4.34727	5.80373	4.94668	1.55008	3.14468	1.91533	4.95962	6.35127	3.87651	2.41681	2.93163	3.64474	4.84152	3.09788	1.77457	2.997	0.901131	0.918984	0.649857	0.360477	1.01946	0.403016	0.403033	0	1.01952	2.01435	2.40328	1.53958	1.13981	1.77464	1.69993	1.13981	0.403016	1.31193	1.09624	1.77464	1.53964	0.254891	3.19053	5.24013	3.86399	3.14455	2.75506	1.85509	0.254891	0.180241	1.20894	2.01435	2.01428
1.31184	1.01943	1.01943	0.970464	0.254882	1.27415	1.98982	1.63154	1.85481	3.30956	1.69967	0.720856	0.509754	1.09614	2.34852	2.57873	2.44989	2.05405	1.55001	1.05079	0.918897	0.764605	0.918897	1.37224	2.16906	1.20876	0.402997	1.08121	1.31184	1.45274	1.08121	1.88088	1.85492	2.22808	0.901012	1.27417	1.81063	1.80164	1.31179	0.649756	0.805954	1.13971	0.901074	1.09611	1.1538	0.918897	1.81061	2.25696	0.56991	1.62158	1.62158	2.80129	2.36909	2.30682	2.74306	2.74306	2.57873	1.69978	0.540654	0.918872	1.27417	1.05079	1.78348	1.98982	1.85492	1.27421	0.254864	1.15388	1.52894	1.40736	0.970464	0.509717	1.4858	0.805954	0.649756	0.901043	1.83732	2.41659	2.81875	3.06097	2.93137	2.44989	1.8017	1.66114	1.85481	2.05395	1.94873	1.94873	2.34154	6.58754	7.9517	6.66735	5.59537	4.46774	5.00777	6.02277	7.93207	9.7532	10.029	3.67087	3.96267	5.38493	10.0969	5.23348	6.27978	4.07098	4.73011	4.6754	2.10087	1.69978	3.18531	6.32304	6.50221	1.29943	2.70144	3.64444	3.95057	3.34865	2.88677	2.79555	3.36292	2.79565	2.44989	1.44148	0.360442	3.31932	3.38207	2.17654	0.764551	0.918872	2.05395	3.3096	3.18508	2.90917	3.2852	0.720856	0.901074	1.66117	2.1989	2.50868	2.70135	2.22808	1.77438	2.99668	1.98985	2.84733	3.24566	3.30489	3.7103	3.63993	1.45271	4.39105	1.61159	4.02318	1.48585	2.27851	2.52793	0.764551	1.55001	1.70928	0.901074	0.805908	2.16922	4.07919	4.14196	2.50223	1.5395	2.0141	2.6772	1.63156	1.45268	1.29934	1.40726	1.45265	0.360442	0.360442	1.80158	0.180223	3.24544	2.10074	0.509754	1.09614	0.970416	2.95316	3.30469	1.13971	1.44148	1.6115	3.20533	0.254882	1.63154	4.14181	7.03004	4.27601	2.50856	1.45274	1.88095	3.14935	1.27412	1.37224	1.37224	1.05072	0.901043	1.20883	1.31184	1.66105	4.17282	5.95038	5.01398	2.34843	2.34859	2.25709	3.09776	6.11484	7.65316	4.70625	2.25709	1.69978	2.34154	4.44213	4.14184	3.49508	2.19142	0.402974	0.254882	0.901074	0.970464	0.918872	0.254864	0.254882	0.254864	0.649798	2.3416	3.78346	2.8473	1.85492	0.569886	1.40736	1.8017	1.83727	1.66105	2.5279	3.24562	2.74897	1.88088	3.71008	4.07098	2.99668	3.38207	2.5279	1.27421	0.402997	0.509717	1.6115	2.70135	2.1989
1.45256	1.01932	1.01932	0.900978	1.05063	2.17634	1.98963	1.27405	2.34822	3.81698	1.94842	0.720785	0.509699	0.900978	1.85473	2.50197	2.42304	2.05384	1.54985	1.05068	0.918804	0.764524	0.918804	0.918785	1.40713	1.45252	0.540601	1.48566	1.45256	1.40721	1.08111	0.900978	1.85473	1.31171	0.402937	1.63138	1.98147	1.4857	0.742975	0.180205	0.805869	1.13959	0.970363	0.900955	0.402937	0.918804	1.62142	1.53928	0.918785	1.2087	1.2087	1.274	1.53934	2.30657	2.74277	2.74277	2.50197	1.88076	0.970327	0.569851	1.05068	1.05068	0.254841	1.37217	1.85473	1.6314	1.274	1.31171	1.52878	1.45259	1.45255	0.509672	1.08111	1.08111	0.180205	0.64973	1.52878	2.30657	2.74868	2.99656	2.95305	2.67705	1.80151	1.53934	0.569851	1.05068	1.91495	1.91495	0.970363	3.31908	6.14561	6.57997	5.73062	4.59519	4.68881	5.75017	7.60496	10.1287	7.80855	3.6705	2.70115	5.09006	8.1803	3.59937	6.27922	1.01926	3.07645	3.75747	2.10065	1.66099	4.1531	5.3932	3.92953	1.80146	2.81845	3.57244	3.95015	3.34829	2.25686	2.57838	4.04283	3.24524	2.67705	3.22016	0.360407	4.83719	3.62166	1.27403	0.254841	1.37212	2.50833	3.3093	0.402937	4.35019	2.70115	2.59712	1.09603	1.77429	2.16899	2.50842	3.28482	2.90876	2.01389	2.74855	1.54985	3.19	3.30455	3.24531	3.62182	4.51018	1.81043	2.90318	1.61142	3.54504	1.80146	2.03799	3.49459	3.30927	1.7091	1.54985	1.09603	2.30645	3.24522	4.26426	4.14152	2.67705	1.66097	2.22787	2.44953	1.6314	0.970363	0.805835	1.15369	1.20865	0.805835	0.805835	1.29923	0.402937	2.50185	3.09728	1.13955	1.26124	1.69952	3.70975	3.54958	1.13959	1.44134	0.720785	2.44951	1.05063	1.05068	2.98031	6.10643	5.56878	1.63138	1.66097	2.34137	4.14132	1.78332	0.918785	1.85464	1.05063	0.64973	1.15375	1.45256	3.94587	6.36516	5.94981	3.10781	1.37212	2.34834	2.34142	3.41517	6.11425	7.00211	4.13753	2.16899	1.66099	3.54958	2.98019	3.06595	3.62182	1.4857	0.180205	1.05063	0.970363	0.900978	0.569851	0.254841	0.254855	0.254841	0.900955	3.36261	4.17242	2.65886	2.34829	2.55944	1.98147	1.94017	2.74266	2.9309	4.04283	3.63956	3.28487	4.0428	3.96219	3.05521	2.74855	2.67696	2.34137	1.6314	0.742957	0.509672	2.59712	4.15302	2.34142
1.63126	1.40708	1.66085	2.05365	2.57821	2.72469	1.27391	0.402919	3.41476	4.71899	2.70684	1.69945	1.29918	0.649672	0.254832	0.569801	0.764456	0.900875	0.720721	0.742909	0.918722	0.649672	0.540553	0.569782	0.900852	1.20854	0.742909	1.29911	0.900852	0.254832	1.15359	1.08101	1.2086	1.40708	1.66082	1.27391	1.05054	0.900875	0.509627	1.01923	1.69945	1.69945	1.61128	1.5392	0.918722	0.540553	1.48557	1.83697	1.81029	0.970277	0.509654	0.742909	0.649672	0.360375	0.742891	1.27393	1.37205	1.09591	1.13945	0.805797	0.402901	0.64964	0.970241	0.764456	0.900875	1.53914	2.01373	1.94	1.91478	1.54971	1.45242	0.64964	1.09591	1.8013	1.45246	0.764456	0.254832	0.900898	0.970277	0.742909	0.540553	1.15359	0.742891	0.402901	0.649672	1.66085	1.91478	1.54971	0.900898	1.09591	2.34806	3.30913	4.6643	5.48428	5.49889	4.97142	4.04264	3.28452	2.30625	2.41602	5.22342	4.58427	3.81245	1.45243	5.43112	2.34806	3.20492	2.10046	1.08101	2.10815	3.88376	2.50163	2.16868	2.19836	1.61121	0.805797	1.61128	2.50174	2.67684	2.3687	3.20476	2.278	1.44121	2.74242	3.8922	7.00156	3.63924	0.742891	0.900898	2.01373	2.17615	2.01377	4.50989	5.74952	4.10596	5.84901	6.50136	6.71614	5.23887	2.55934	2.6585	2.80079	1.94825	2.22767	2.05363	1.63124	1.54963	0.569801	0.569801	3.88376	3.81678	2.17624	0.918703	2.50811	2.34808	2.05365	3.88376	3.34782	1.91478	3.8922	4.10204	2.3687	2.6585	2.72469	1.44121	2.57813	2.16875	2.34116	1.7089	0.569782	0.764456	0.918722	1.27391	1.27391	1.63124	1.63126	1.45243	1.13949	2.19102	3.63918	3.3816	3.24502	2.40265	3.34782	3.34782	0.918703	0.569782	0.900898	1.61121	1.20854	1.27393	1.27396	2.84664	4.26369	3.78278	3.58562	2.44939	3.99428	2.30625	0.900898	2.34116	2.16125	0.509627	1.77413	3.53572	5.81593	5.33275	3.78278	5.46378	5.63705	3.45722	2.8182	4.32011	5.26011	5.23865	2.34112	0.742891	0.254832	3.38146	2.93075	2.98004	3.64371	4.44152	3.96205	2.74843	1.40708	0.900898	0.649672	0.900898	1.54971	1.85456	1.88059	2.90292	2.99615	1.54971	3.06558	4.5841	2.05363	2.50163	3.6701	3.58551	3.99428	1.88053	4.3498	6.72303	6.10589	6.44208	6.99261	5.82712	4.44155	3.6215	2.74843	2.05365	3.01769	4.53816	2.29228
1.63108	1.4523	1.69927	2.17601	2.44913	2.16851	0.764374	1.45224	4.34558	4.94475	2.40239	1.66067	1.48541	0.900779	0.254805	0.56974	0.764374	1.09579	0.720644	0.649602	0.918624	0.74283	0.402876	0.569721	0.64957	0.540496	0.649602	0.805677	0.64957	0.254805	0.402858	0.805711	1.15353	1.4523	1.53903	0.764374	0.254805	1.09579	1.52839	1.44106	1.66067	1.66067	1.6111	1.66064	1.70871	0.970138	1.29904	1.83678	1.98109	1.45226	0.509599	0.649602	0.74283	0.360336	0.402876	1.05047	1.3719	0.74283	0.509599	1.0809	1.15347	0.900756	1.69919	0.764374	1.09579	1.31141	1.45228	1.80116	1.94814	1.54955	0.970173	0.18017	1.77387	2.19078	1.40693	1.27378	1.05042	0.970173	0.900802	0.649602	0.402876	0.402858	0.970138	0.18017	1.53898	1.77394	1.94814	1.70877	1.09581	0.900779	1.54955	3.06535	4.45195	5.38931	5.53318	5.0859	3.96162	1.91458	3.82469	1.48537	7.34638	4.90905	1.88039	1.20847	3.9492	4.58357	3.38124	4.10145	0.805711	3.28417	2.70655	1.31141	2.42244	2.44903	1.61104	1.0809	1.6111	2.42257	2.70063	1.91458	1.45224	1.44106	1.01912	1.13937	5.04457	6.46112	2.99598	2.95233	0.970173	2.22744	1.27378	3.14335	5.11103	4.97082	3.96162	5.28408	6.47116	6.82834	6.34399	3.78236	1.70871	2.29191	1.69919	1.31145	2.05341	1.05047	2.55894	0.56974	1.37185	2.70655	3.53534	2.70655	1.37185	1.2738	2.34783	2.05343	3.4614	0.918605	3.08103	4.44827	4.10161	2.70056	0.918624	2.93038	1.01912	3.30375	2.7244	1.88039	0.918624	0.569721	0.764374	0.918624	1.27378	1.27378	2.05335	1.63108	1.31145	1.13937	1.80111	2.72444	3.20458	3.18434	2.05343	1.85428	2.84633	1.37185	0.569721	0.970173	0.720644	0.540496	1.05047	1.27382	1.37185	2.40234	3.18938	3.70917	2.25641	2.74801	2.81202	1.09581	1.88039	2.96875	2.54625	2.52716	4.49859	5.22282	1.81008	3.18938	5.63648	5.22298	4.05808	2.74814	4.86618	4.67747	3.88334	1.66061	0.970138	0.254805	1.81008	2.57796	2.97973	3.34764	4.26343	4.10552	2.9083	1.53903	0.970173	0.74283	1.09581	1.70877	1.85436	1.77394	1.48537	1.77387	1.54955	3.4614	5.01254	2.05341	5.24724	3.66971	2.93038	2.74801	0.900802	5.84821	7.34638	6.28069	7.52574	7.09126	5.74905	4.32348	3.45685	2.67655	2.05343	2.3684	4.2896	3.81631
1.0808	1.09571	1.05033	2.05317	1.5389	0.180154	1.88022	2.70032	4.10497	3.94475	1.27367	0.569689	0.649513	1.20831	0.402823	0.80564	1.15343	1.27368	0.742764	0.40284	0.180154	0.742764	0.649545	0.360304	0.360304	0.509554	0.509554	0.360304	0.40284	1.05038	1.27371	1.05038	0.649545	0.80564	1.20836	1.20836	0.970087	1.3113	2.09995	1.48524	1.15343	1.27371	1.37178	1.09571	1.29886	1.83661	1.91441	1.70862	1.45213	1.15337	0.40284	0.649545	0.918542	0.918542	0.970087	1.01903	0.970087	1.27367	1.45215	2.10005	3.01719	2.19804	2.01334	1.05038	1.63094	1.62096	1.20836	1.15343	1.0808	0.742745	0.254769	0.254769	1.63092	2.70032	1.5389	1.37173	2.01332	1.83661	2.30592	2.54616	2.54616	2.30592	0.900722	1.27368	1.98906	0.918523	0.649545	1.61096	2.34075	2.17581	1.27371	0.402823	0.80564	1.31133	2.52696	4.19826	5.22249	6.2599	5.70652	5.06306	7.99814	2.74188	3.07547	1.88022	4.14015	5.20994	1.5389	4.10497	1.80095	4.55151	3.14317	3.54874	4.5833	3.88309	2.17581	1.09571	1.3113	1.09571	1.20836	1.31133	1.13927	1.6605	1.8542	1.98906	3.69125	4.02167	1.3113	3.46105	2.05325	3.54874	4.95751	4.52676	1.91431	2.67629	3.43781	3.09656	2.22729	1.20831	4.34519	4.70447	2.84622	2.34762	1.27367	0.180154	0.72058	1.26088	1.94787	2.27763	3.25924	2.99571	3.78211	5.01223	4.77582	2.90804	2.19059	0.509554	1.80992	2.81765	3.4377	2.05315	1.45213	3.70435	2.19063	3.66946	3.01719	2.97934	2.70025	0.360304	0.900699	2.34762	2.16837	1.52834	1.0808	0.805605	1.80091	1.20831	1.05033	1.45215	1.83661	1.83661	1.66052	1.8542	2.01338	1.31133	1.91431	1.45213	1.6605	1.61096	1.40681	1.15343	1.01903	1.01903	1.13927	1.44093	0.900699	1.3113	2.16083	1.48524	2.70025	1.27368	1.70862	3.53494	4.15184	3.2592	2.74777	3.30848	6.37115	6.59504	3.89144	2.19059	2.59638	2.41565	4.86575	3.2443	1.93955	0.72058	1.44093	0.900722	0.180154	1.01903	1.31133	0.569671	1.53884	1.66046	1.54933	0.918523	1.05038	1.37178	0.569689	0.918523	0.970051	0.402823	1.05038	2.34767	2.42235	2.96849	3.82435	2.25611	6.09668	3.06491	2.05315	1.63092	3.10693	6.5803	6.66452	4.83918	5.72873	3.14817	1.63094	1.70862	0.970087	0.80564	1.40681	2.16832	3.39509	3.54404
0.805568	1.26077	2.05296	3.46074	1.40668	2.42201	2.3405	2.52673	2.90767	2.67593	1.27355	0.918442	0.180138	1.45198	1.15326	0.805568	1.20825	1.05029	0.649487	0.5404	0.649455	0.649487	0.742698	0.360272	0.360272	0.509509	0.509509	0.360272	0.742679	1.27357	1.2736	1.27357	0.742698	0.805568	1.15332	1.15332	0.900641	1.53871	2.09977	1.0807	1.20825	1.2736	1.37166	0.900641	0.360272	1.5282	1.94779	1.54927	0.970001	0.402787	0.5404	0.742698	0.918461	0.918461	0.900641	1.01894	0.900641	1.27355	2.01316	2.09987	2.90778	2.34054	1.45202	1.27357	1.63079	1.80976	1.15332	1.20825	1.48511	0.969965	0.764197	0.254746	1.05029	2.52673	2.36798	0.918442	2.74752	2.54585	2.41543	2.54593	2.54593	2.41543	2.5774	2.50739	1.37166	0.569638	0.900618	1.61082	2.25601	2.40197	1.63079	0.900595	0.805568	1.45202	3.49328	5.4149	5.74796	6.52885	4.82899	8.482	8.74333	2.74164	2.62099	1.77363	6.13794	4.45093	1.80978	2.01316	4.02132	4.7584	3.24408	3.8115	4.5829	3.46089	2.17562	0.900641	1.53871	1.26077	1.15332	1.45202	1.13916	2.16811	1.85403	1.37166	1.91414	3.54372	0.900618	2.05299	2.05307	3.70853	4.9958	3.6427	1.40661	2.50103	3.45624	3.4139	3.08048	0.742679	2.54585	4.13599	2.84597	1.85403	0.764238	0.402787	0.720516	1.09562	0.5404	2.87979	3.25895	2.92996	3.6427	4.58295	5.28609	4.34857	2.62099	1.13913	1.45202	3.14287	2.34054	0.254759	1.66031	3.70403	3.31784	3.21909	4.15152	1.63077	2.9518	0.360272	2.01314	3.1066	2.19785	1.83645	0.805568	0.360272	1.29874	1.45198	2.05296	2.01316	1.83645	1.83645	1.69897	1.85403	2.16813	1.15332	0.649455	0.970001	1.53876	1.61082	1.45205	1.20825	1.01894	1.01894	1.13916	1.4408	0.649487	0.900618	2.16064	0.805568	1.9477	1.05029	1.98891	3.53462	4.37805	3.25891	0.649487	4.49779	6.97239	6.11217	4.20942	4.50485	1.61075	4.02137	4.31889	2.44869	0.805568	0.720516	1.4408	0.970001	1.40661	1.4408	1.15332	1.54919	2.25591	1.452	0.56962	0.569638	1.05029	1.37166	1.37161	0.569638	1.69888	0.180138	2.05299	2.34746	2.50103	2.16064	2.30559	2.50092	5.0879	3.06464	2.05296	1.05029	4.17087	6.13801	5.96632	4.60728	4.7482	3.14789	1.2736	1.98891	1.452	0.805568	1.53876	2.0132	1.93937	1.48515
1.05017	1.80958	2.96791	3.54788	1.53854	4.04089	2.16788	1.31104	1.54903	2.01295	1.83625	1.80958	1.31108	1.48495	1.45182	0.7426	0.720439	0.509454	0.402761	0.649386	1.01877	0	0.509427	0.402744	0.569559	0.254732	0.402761	0.540342	0.649386	1.0955	1.1532	0.900522	0.254719	0.569559	0.402761	0.509454	0.402761	1.54903	2.05274	0.649418	1.66017	1.91403	2.19761	2.34721	2.44843	1.93924	1.1532	0.649418	0.805482	1.29867	1.61065	1.01883	1.45182	1.87985	1.80065	1.20812	0.569578	1.05012	1.77337	1.48499	1.66017	1.45185	0.720439	1.08059	0.720439	1.08059	1.6602	1.85384	2.34716	1.98867	1.31104	0.720439	0.805448	1.20807	2.36773	2.09964	2.96791	1.94749	0.900522	1.29867	2.41517	3.54348	3.59765	2.09954	0.969897	1.69878	2.69986	3.64231	3.06448	1.20812	1.08059	2.1679	1.6306	3.53425	7.34657	7.97312	5.84674	3.88234	2.79395	10.3331	8.84784	2.59588	1.66011	0.569578	6.6152	4.31469	3.70814	1.6306	5.72761	4.60679	3.08019	3.46048	3.06441	1.85384	2.57723	2.99512	1.54911	0.569578	1.05017	0.7426	1.31104	3.28324	3.21875	3.8238	3.7428	2.8851	0.805448	0.969862	0.540342	2.19016	2.69986	4.17048	4.13945	2.67576	1.40653	2.10726	2.90183	3.01661	1.91403	1.20807	2.67579	3.69072	3.84902	3.64231	2.42188	1.01883	1.48495	2.52004	3.41353	3.59774	3.31761	2.596	3.75556	4.66228	2.3402	0.7426	2.50721	3.81529	2.17539	1.0955	2.44836	4.66576	3.46042	1.27344	3.86138	0.720439	2.54558	2.30547	2.90183	3.07487	1.40653	2.40171	2.05285	1.45189	1.26063	2.2268	3.31749	2.69979	2.05277	1.85375	1.54911	1.85384	1.98869	1.05017	0.569578	0.254732	0.569578	0.969897	1.20812	1.45189	1.6602	1.91403	1.80065	1.31108	0.918363	1.6306	1.09548	0.720439	1.13901	0.360234	1.45182	2.55821	3.64216	3.58422	4.83842	6.30173	4.17043	1.77344	3.361	5.45262	3.14253	3.70363	2.95149	1.0955	1.2986	2.19016	2.44843	2.67579	3.70812	3.53434	2.29138	1.80957	1.91393	1.27344	1.1532	0.900545	0.742619	0.805482	2.22686	2.67579	1.66017	0.7426	3.24362	2.7532	3.24376	3.24376	2.01301	3.20351	4.71711	2.67565	1.62064	3.84477	6.99205	7.54048	6.2891	3.60212	2.41507	4.15116	4.74453	3.89068	1.94759	1.05012	0.900499	0.900499	0.918363	1.87985
1.45172	2.70554	3.05885	1.4517	3.1881	3.64184	0.918262	0.540294	1.37139	2.34009	2.74121	2.90721	2.90166	2.347	1.83609	1.48486	1.05008	0.569527	0.402708	0.649328	0.900442	1.01874	0.805411	0.402725	0.254696	0.402725	0.402725	0.180103	0.900465	1.52791	1.53846	0.540294	0.402725	0.360202	0.180103	0.25471	0.180103	1.20796	2.10707	1.70813	3.28301	3.31732	3.20339	3.09568	3.37998	3.46022	3.20339	3.0642	2.95138	2.69962	2.16775	1.6205	2.55798	1.27328	0.402708	0.720375	1.05008	1.77328	2.50699	2.59577	2.19742	0.805411	1.45172	1.29855	1.01874	1.77328	2.30526	2.17519	2.44822	3.36079	3.79382	3.6904	2.67555	2.347	3.05891	2.92939	1.83609	0.900465	3.24347	3.96015	3.61976	2.577	1.0954	0.742553	1.66002	2.05264	2.81685	4.35157	5.74692	5.38132	3.07471	1.0954	1.78231	5.85964	7.46355	3.98028	1.53841	1.20796	3.24331	10.3772	8.28484	2.88483	1.80942	0.969811	4.10775	4.15079	2.18997	6.05297	7.71625	5.22092	3.6375	3.46017	2.67553	2.09946	2.55811	3.45557	3.94791	3.54773	2.54544	1.77328	1.48482	3.45539	2.62048	2.577	2.01283	1.8094	4.43942	5.10607	4.9561	5.08401	4.32932	3.88199	3.06413	1.6105	1.61043	1.94732	0.805376	1.66002	1.80044	1.29849	2.01281	2.05267	2.30526	2.81685	2.67553	2.09946	2.81112	4.4503	5.63724	5.63724	4.8546	3.96015	4.15075	4.27301	1.45172	0.805376	1.05008	2.7937	2.16771	2.09946	4.50763	5.78835	3.24344	2.50699	3.96006	3.6018	0.569509	1.66005	2.36752	2.34	0.918281	1.53846	1.70813	1.45174	1.0954	2.25547	2.5453	1.6205	3.28295	3.25827	2.16775	2.19742	1.77328	1.05008	0.918281	0.764089	0.900465	1.1531	1.29855	1.40641	1.54897	1.69863	1.7824	1.52791	1.45176	2.01283	1.91386	1.29855	1.29855	1.45176	1.26052	1.29849	2.54539	3.94384	5.50786	5.25768	2.92934	1.66002	2.88483	4.75757	5.57433	1.7824	2.87923	3.39429	3.53403	3.42263	2.27698	2.09946	3.30267	4.82137	4.88757	3.94384	2.44824	1.1531	0.64936	0.180103	0.720375	1.37139	3.37998	5.22104	5.28211	4.58205	5.25768	4.62046	2.65735	1.31092	0.805411	3.70769	5.2576	4.67239	5.60877	8.8403	10.9228	8.4061	4.42125	1.6105	0.569527	0.509382	0.742534	0.402708	1.31092	1.65999	0.540294	0.764089	2.577	3.21846
2.16741	2.7467	1.53825	0.918169	3.05846	2.16741	0.900385	1.01865	1.01865	1.13884	1.44038	1.48472	1.77312	1.54883	1.31084	1.0953	0.569474	0.763966	0.56945	0.254669	0.649302	1.01865	0.805337	0.509364	0.360167	0.402666	0.254669	0.918169	0.918194	0.649302	1.29835	1.29835	0.402689	0.254669	0.569474	0.764021	0.569474	0.402666	1.77303	1.65982	3.07428	1.40628	1.2732	0.918194	1.2732	1.70797	2.05248	2.42145	2.16756	1.40628	0.900354	1.91356	2.25523	1.87951	1.6599	0.742483	0.720305	1.40628	1.87951	1.48472	0.805337	1.91356	2.79342	2.03665	1.61036	1.45157	0.649302	1.29835	0.540241	1.69848	3.05337	3.24318	2.67528	1.94724	1.70797	1.0953	0.509328	2.62021	3.258	2.67531	1.20791	1.0953	1.6599	1.153	0.918169	1.15292	1.52766	2.4146	2.8166	4.75712	4.68561	2.59554	1.13884	5.48082	7.75423	5.28158	4.82093	3.79338	2.17488	9.61627	7.49877	1.98015	1.80026	1.65987	0.402666	2.7467	6.5753	8.49816	6.14146	2.54515	1.61027	2.03651	0.900324	0.56945	0.649259	0.720305	2.30506	4.04034	3.78069	2.70528	0.402666	3.41277	3.75484	1.98015	2.70526	5.63649	5.11183	4.70287	4.57465	4.27272	2.52597	1.01857	1.48467	0.969722	2.57663	2.62021	1.52777	1.29844	1.53825	1.91356	1.44038	1.6599	1.54883	0.969722	1.01857	1.01865	2.27677	2.8166	2.65711	2.40127	1.98833	1.53832	2.57666	2.65695	0.254669	0.900324	1.29844	2.52597	0.540241	1.80922	4.43878	4.26121	1.2604	1.48472	2.51957	4.37674	2.845	0.649302	1.94711	1.69837	0.900354	0.649302	1.13879	0.805292	0.509328	1.61027	2.1898	3.05337	3.63715	2.3467	0.649302	0.402689	0.180085	0.509328	0.360167	0.509364	0.402689	0.254687	0.402666	0	0.180085	0.56945	0.254669	0.402689	0.649302	0.900385	1.29844	1.80033	1.80033	1.153	0.569474	0.254669	0.569474	1.27318	2.34664	2.16741	0.649259	1.04992	1.04992	1.53832	3.84396	4.13853	2.57677	4.24255	3.34609	1.63032	0.402666	0.900354	0.763966	1.54883	2.65711	2.84516	2.65711	2.19722	1.80033	1.44038	1.15292	1.37119	3.30707	3.10575	3.94755	4.90352	6.13124	6.7572	6.19602	5.04221	2.44789	1.98833	4.52505	4.59217	4.59217	7.42031	7.27348	2.19722	1.61027	0.969722	1.9883	3.86086	4.32893	3.70751	2.65711	1.31084	0.360167	1.53825	2.72311	1.40628
2.30469	2.22617	2.9508	3.70709	3.28237	1.6597	0.569416	0.180067	0.360131	0.720234	0.649201	0.569416	1.04988	1.54867	1.6983	1.2983	1.20778	1.63016	1.26027	0.402646	0.569397	0.25466	0.569397	0.180067	0.402629	0.540188	0.540188	0.900243	0.402629	0.402646	1.29824	1.29824	0.50931	0.720234	1.08028	1.01854	1.08028	0.402646	1.15281	1.01848	2.57642	2.29073	1.85331	0.569416	1.04988	2.05227	2.16733	1.91349	1.63016	1.04983	0.763898	1.70774	1.98813	2.05227	2.67503	3.21784	3.01575	2.10673	1.31071	1.45144	1.31071	1.54859	2.72289	3.68968	3.34574	2.97803	2.55761	1.87932	0.900289	0.969621	1.2983	1.48457	1.13868	0.402629	0.918083	1.27305	1.65964	3.86029	3.28231	2.19699	2.84474	2.97791	1.85331	1.31067	0.509282	1.29824	2.10666	3.30677	2.57642	2.92877	4.90294	4.5033	3.99179	4.85352	5.54137	1.77286	1.31067	3.6677	5.14575	8.4788	4.95488	4.19625	5.22	4.34693	2.10666	4.68502	8.95124	7.84878	4.27218	1.6983	1.13872	1.13868	2.30481	3.82272	5.07988	5.77911	5.70385	3.84793	2.92877	3.43605	3.28237	4.05578	5.21067	3.97963	3.63679	4.82023	1.53811	2.65683	3.99179	4.96801	3.99172	2.59527	2.74068	2.50006	2.16726	1.80004	0.805253	0.649201	1.80905	2.15979	1.45148	0.969621	0.180067	0.25466	0.402646	2.01241	2.05224	0.742407	0.805219	1.45144	2.01241	2.19699	2.16728	1.29824	0.402646	0.742407	1.31071	0.569397	1.20778	2.27647	3.45471	2.84474	2.65683	2.69909	2.27654	2.95065	2.79316	1.80013	2.51933	2.675	2.74658	2.01244	0.742407	0.360131	0.540188	0.649201	1.01854	1.77293	1.45145	0.509282	0.50931	0.50931	0.50931	0.540188	0.254646	0.569416	0.649233	0.360131	0.402629	0.402646	0.50931	0.540188	0.402629	0.180067	0.402646	0.649233	0.900289	1.15287	1.53816	1.45148	1.04988	0.540188	0.360131	1.08028	2.15979	2.88428	2.17477	1.37112	0.25466	0.402646	2.90096	5.21978	3.42196	2.69909	2.74658	2.79905	2.44776	1.93869	2.15979	1.61019	1.61019	1.45148	1.45145	0.649233	0.402646	1.83573	2.675	3.37932	5.05761	4.96801	3.31667	1.80013	1.15281	2.44774	5.07036	7.55521	7.86716	5.30529	1.01854	1.53816	1.37112	4.63675	5.59035	4.74316	4.09923	3.30203	4.5246	4.27229	2.9011	1.48457	0.402629	0.25466	0.569397	1.77286	2.54485	1.94703
1.54845	1.40601	2.97777	4.10674	3.79274	2.92856	2.49983	2.19679	1.79997	1.15277	0.360099	0.742341	0.900209	0.649143	1.371	2.16714	1.91332	0.969535	0.805147	0.900209	0.969535	0.649175	0.72017	0.54014	0.360099	0.402611	0.254637	0.54014	0.805181	0.805181	0.742323	0.72017	1.15277	1.20767	0.900186	0.254637	0.918001	0.805181	0.72017	0.569365	1.44011	1.15277	0.900209	1.45128	1.60998	1.15277	1.13862	0.742323	1.79988	1.77271	0.742341	0.509237	1.09509	1.40601	1.69815	2.10654	2.75218	3.05805	3.18225	2.97777	2.34634	1.52747	0.54014	0.72017	0.900209	1.69815	2.67479	3.06333	3.18225	3.31637	3.06333	2.16714	1.01845	0.402611	0.402593	1.01839	3.30158	5.33775	3.41693	1.94686	4.34642	4.32786	1.15271	1.79988	0.649175	1.83553	2.84446	3.3162	2.81593	2.44755	4.50646	4.90583	5.33798	7.86647	7.36122	4.19595	2.09876	4.77311	7.06648	4.34655	2.7988	6.39994	5.21954	6.45689	4.90243	6.17653	10.1244	7.92028	4.13791	2.42098	1.85314	1.40593	2.61981	2.90084	1.91332	1.48443	2.70477	3.37902	3.61874	3.43578	2.34627	2.01223	4.14957	4.82	4.59128	2.88403	0.569347	2.0122	2.33938	2.70476	1.80889	1.27298	2.44755	3.45458	3.18225	1.79997	1.48443	2.70477	3.10517	2.27634	1.27298	1.27296	0.969535	0.900209	1.45133	2.0122	0.969535	0.742341	0.742341	1.08018	1.13858	0.509237	0.900209	2.30461	3.06333	3.06326	1.31055	0.649175	1.15277	2.33938	3.49169	4.63657	5.47135	5.33197	4.70196	3.24255	1.98795	1.83557	2.18938	0.569347	2.49983	4.1921	4.09892	3.5694	2.99401	2.17458	0.900209	0.805147	1.44011	1.91332	1.69815	1.15277	1.01845	0.969535	0.569365	0.742323	0.569365	0.742323	0.402611	0.402611	0.254624	0.509264	1.29818	1.79997	1.29818	0.649175	1.45133	2.25493	2.19679	1.40601	1.08018	1.15271	1.09507	1.20767	1.65955	2.34629	2.49983	2.7988	2.65659	2.30461	2.5255	2.95039	2.79298	3.06333	3.77996	4.46347	4.42	3.35984	2.75218	2.44755	2.59504	2.42098	1.94686	1.31059	1.09507	0.360099	0.569347	0.91802	2.70476	3.81387	3.61874	2.79298	1.54845	3.64093	5.59003	8.28292	10.9213	11.578	8.37926	2.92845	2.61981	2.54467	1.80889	2.57627	1.83557	1.371	2.87841	3.41693	2.70477	2.57627	3.24255	2.74634	1.29818	0.649175	2.8446	3.95903
0.917908	0.254615	1.91301	2.19645	1.27284	1.54839	2.01208	2.09867	1.6099	0.900098	0.900068	0.900068	0.649074	2.57593	3.49136	3.43555	3.14625	2.33921	0.900098	0.569312	0.649117	0.540087	0.569288	0.569288	0.402551	0	0.402551	0.569312	0.742272	0.402574	0.180034	0.360064	0.742272	0.649117	0.402551	0.763803	0.254615	0.402574	0.742272	0.569312	1.45113	1.20756	0.900129	1.40578	1.85287	0.900129	1.45119	1.98776	2.34604	1.65935	0.742272	0.763803	0.649117	0.649117	1.04969	1.31047	0.742247	1.04969	2.0519	1.94668	1.15267	1.27287	2.55716	3.30144	2.57603	1.45119	0.900068	1.6594	2.3044	2.44733	2.05187	1.45116	0.7201	0.509219	0.742272	1.27281	4.43749	5.32813	1.60981	0.805063	4.44833	3.77941	2.10635	1.45116	0.900098	1.79975	3.70623	3.94619	3.34492	1.78161	1.04962	2.05176	2.79262	6.57354	5.16966	4.37197	5.8218	5.72489	2.36666	2.69843	4.5059	2.52528	1.27278	3.94619	5.70253	5.42642	10.4551	7.38164	2.33909	0.763803	1.27281	3.20197	2.03593	1.13851	3.70639	4.53452	3.31608	0.900098	1.62983	0.917908	1.20756	1.79981	1.09496	1.04969	1.54839	0.742272	0.969399	1.80874	2.90051	3.07875	2.40059	1.62985	0.900068	1.13851	1.79981	2.09867	2.27613	2.88372	1.97959	0.509219	0.402551	0.402551	0.805108	1.20756	0.917933	0.917908	1.09499	0	0.540087	1.15259	2.22575	2.44729	2.5948	2.74018	2.67456	3.95855	3.75378	1.8789	2.29033	2.8158	3.39302	3.31608	2.95028	2.69861	2.67456	2.84435	3.05777	3.75392	3.70209	3.77525	3.56883	2.16694	3.45428	3.84725	3.6406	2.88372	1.91301	1.53788	3.18175	2.10635	2.44729	1.698	1.52734	1.48429	0.7201	0.649074	0.180034	0.649074	0.254615	0.254596	0.917908	0.969446	1.80874	1.65943	1.65935	0.254596	2.05176	1.62983	0.917933	0.763749	1.04962	1.54829	1.45113	0.540087	1.15259	1.20749	0.540087	1.6099	2.41405	2.67456	2.57603	1.48429	0.402551	0.540087	2.33909	2.01204	2.90046	2.90598	1.70741	0.900129	1.13851	1.01836	0.805108	1.13846	1.13851	1.79981	2.1966	2.44733	2.33921	1.61988	0.649074	2.49945	4.2106	2.90598	1.45116	1.77261	3.74107	7.53697	9.90609	7.93936	4.43749	2.79855	2.49961	2.09867	2.09867	1.91315	1.98776	2.8442	1.70741	1.61988	3.0525	3.49136	2.34604	1.78161	1.62985	2.17438
1.77243	1.48411	1.43983	3.28138	2.0118	0.360029	0.360029	0.805024	1.45104	1.65923	1.87879	2.10613	1.93814	2.73979	2.1666	0.569254	1.27269	1.20739	1.13836	1.29793	1.52717	1.01825	0	0.742196	0.969346	0.900033	0.90001	0.742178	0.254574	0.402532	0.649048	0.90001	0.899987	0.569254	1.27271	1.15254	0.805024	0.509165	0.540035	0.569254	1.9794	2.09845	1.65925	1.62969	2.01184	2.16671	2.17415	1.62969	1.20739	0.80499	0.742196	0.649048	0.509165	0.402532	0.180016	0.402515	0.254587	0.763681	0.540035	0.509165	0.540035	0.763681	1.45102	2.4205	4.03877	4.81907	4.40452	3.06265	1.31033	0.969346	1.53767	1.60966	0.360029	0.540035	1.27271	1.62969	3.435	4.49114	3.37836	3.05745	4.05454	1.60966	0.180016	1.20744	2.4138	2.25449	3.14065	3.435	3.24178	2.87785	1.60973	2.44697	3.53224	7.30763	2.74567	3.68844	7.09615	6.09205	2.19636	5.96238	2.16665	2.79244	4.2409	4.88519	4.44438	5.47	9.97387	6.56314	3.14075	2.92799	2.49935	2.90571	1.54815	2.0516	3.14065	1.61972	2.17415	3.70604	4.2711	3.45391	3.09419	2.69833	1.62969	1.53767	1.94648	2.44704	1.83521	1.07997	1.53767	2.0516	1.98756	2.40035	2.79244	2.7399	2.4205	2.05168	2.01184	2.54413	1.83517	0.540035	1.91294	2.80977	2.92799	2.16671	1.20744	0.763722	0.917822	0.180016	1.07997	1.65919	2.19625	1.79953	1.25991	1.09488	0.402515	2.42037	4.09791	3.07313	1.40573	1.04958	0.254587	0.649048	1.20744	1.37073	1.15254	1.20744	1.09488	1.52709	1.20739	3.06258	5.03059	1.48411	0.509165	0.72003	1.40566	2.70423	4.14876	3.18163	5.18136	3.66666	3.94193	3.64025	2.94996	2.57568	2.5057	2.67427	2.80977	1.60973	0.509138	0.899987	1.37068	1.27271	1.80854	1.15254	2.34581	1.77243	1.93807	1.13836	1.25991	1.45102	1.07997	0.72003	2.16667	0.91784	1.27269	1.61972	0.90001	0.899987	0.402515	0.254587	0.569254	1.40573	1.09486	0.900033	2.90022	3.54147	3.31568	2.79236	1.20739	0.360029	0.90001	0.900033	1.09488	1.27271	1.69782	2.25449	2.34588	2.05168	1.04958	0.569254	1.40573	2.90019	5.33671	3.61351	3.30109	3.64022	3.5687	4.85215	7.94457	9.10152	5.84046	0.402515	0.96931	0.72003	0.900033	1.54823	2.40035	2.88344	1.48414	2.52501	2.55689	3.6001	2.87785	2.10606	1.54815	1.04953
1.87862	2.89988	1.4397	3.49062	3.14037	0.804918	0.359997	0.804953	1.31022	1.53759	1.77227	2.01169	1.79946	1.83501	1.40553	0.91774	1.27258	0.539987	0.509119	1.29781	1.52704	1.4397	1.0181	0.648991	0.899953	0.96926	1.09476	0.969224	0.254551	0.539987	0.74213	1.09476	1.65902	0.91774	1.04948	1.20733	0.804953	0.509119	0.402496	0.569203	1.40561	2.09826	1.77227	1.62955	1.69767	2.19617	2.0515	1.27262	0.539987	0.359997	0.648991	0.74213	0.509119	0.539987	0.402479	0.18	0.254565	0.254551	0.402496	0.509119	0.402496	1.27256	2.57543	2.92768	3.9579	4.81864	5.57396	4.31925	1.45091	0.899953	1.31018	1.60952	0.359997	1.20728	1.62953	1.62955	1.15238	2.72188	3.4722	2.99316	3.05711	0.719966	0.648959	2.44675	2.30395	2.16652	2.01162	2.16641	2.16645	2.87759	1.60959	2.67392	2.70399	8.2802	3.9901	3.94139	7.09553	5.08403	3.84217	6.16194	3.47208	4.8351	4.19476	4.66974	2.30395	7.22624	8.73675	4.34519	2.81525	2.9497	2.42029	1.45091	0.569185	2.50548	2.90546	1.80838	2.17396	3.43488	4.37486	3.61771	3.09392	2.90556	3.30554	3.24147	2.2254	2.57551	2.5439	1.48397	1.31018	1.62953	1.70716	2.17396	2.67401	2.73965	2.44685	2.0515	2.16647	2.5439	2.73955	2.19606	2.36621	2.90001	2.9497	2.57551	1.61958	0.763654	0.569203	0.648959	1.48397	1.45089	1.45087	2.30383	1.87856	0.899953	1.15238	2.16641	3.09376	2.61899	1.45094	1.04948	1.04943	0.89993	1.15244	1.37061	1.20733	1.15244	0.899953	0.509092	1.45087	2.0514	4.78164	1.93789	0.509119	0.719966	0.18	1.78139	3.70568	3.24163	4.96605	4.31186	3.85902	3.77889	3.14049	4.65923	4.93033	2.74556	2.90001	2.96596	1.52696	1.65902	1.85253	1.62953	1.61958	1.20733	1.98739	1.87862	0.804953	0.509119	1.09478	1.65904	0.804953	1.60952	2.01166	2.65572	0.763654	1.80838	0.648991	0.648959	0.18	0.254565	1.85253	1.45094	2.74543	1.65904	2.30395	3.39236	2.80952	1.8084	0.539987	0.804918	1.09476	0.96926	1.2598	1.04948	2.01166	2.33876	2.34567	2.0515	2.05142	1.85253	1.45094	2.51839	4.88461	3.31538	3.24163	3.6399	3.56839	4.16775	6.25433	8.10705	5.33619	1.15238	0.742112	0.719966	1.09478	1.70716	2.70401	2.36621	1.29781	1.77227	2.55666	3.43481	2.27569	1.09478	1.54801	1.04943
1.31004	3.59482	1.93769	3.21616	3.85844	1.62937	0.899857	0	1.07976	0.969156	0.254538	0.648921	1.01805	1.07976	0.648889	0.899811	0.804832	0.509065	0.359959	0.402436	0.179981	1.29761	1.48382	1.01805	1.01805	0.969156	0.917642	0.763532	0.569142	1.04937	1.37046	1.09466	1.40538	1.54792	2.84349	2.79771	1.45078	0.402436	0.402453	0.899834	0.917661	0.899834	1.09464	1.25967	0.899857	0.569142	0.254524	0.569124	0.254538	0.254538	0.254538	0.539929	0.509065	0.719889	0.742033	0.179981	0	0	0.179981	0.402453	0.509065	1.48382	2.89962	3.75281	4.28533	3.94525	4.49026	3.55878	1.48385	1.65893	1.87842	1.43955	0.899811	1.69741	1.45072	0.899811	0.179981	0.569142	1.6194	1.15232	0.899811	1.15226	1.70692	3.80806	2.74526	3.45324	2.94939	1.53742	0.359959	2.16622	1.98717	1.54785	2.0512	7.59521	4.34473	2.80908	6.01183	6.60802	5.39847	2.4199	6.12748	4.50095	0.969156	2.74526	4.54374	7.91722	6.80926	2.65544	1.45078	2.16629	3.56801	4.579	4.46173	4.72388	4.37068	3.94116	4.34493	4.83146	5.46626	6.099	6.83988	6.63215	4.83471	2.73926	1.43955	1.79923	2.09794	1.13814	1.45076	1.6194	1.2072	1.54792	2.25405	2.99284	2.7511	1.78111	1.98716	1.87836	2.09794	3.2808	4.57897	4.83476	3.94118	2.17373	0.569142	2.05128	2.05128	2.01141	2.03535	1.31004	1.45074	2.25395	1.37041	1.87842	2.36596	2.7037	3.1039	2.7037	1.85242	1.40546	0.648889	1.54792	2.42003	2.30371	1.79927	1.29768	0.648921	0.179981	1.40538	1.27242	3.94507	2.70372	1.9461	1.29768	1.29768	1.83485	0.719889	1.13817	2.67361	3.4156	3.392	2.90525	2.22516	4.88404	5.2783	2.17373	2.01147	3.05672	1.78111	1.78111	1.85234	1.70692	1.37041	0.648889	0.804832	1.07976	1.2072	1.37046	1.31008	1.79923	1.52687	2.27537	1.13814	3.4902	0.917642	1.15226	0.742051	0.402453	0.539929	0.899857	2.09794	0.509038	2.81483	2.72159	2.33851	1.54792	2.05126	2.67375	2.22516	0.569142	2.17373	2.17373	0.648921	1.83485	3.31503	3.05685	2.55639	2.34542	3.45778	3.30519	0.917661	1.37041	3.14516	2.39988	2.10572	2.18849	0.804867	2.57516	5.69809	7.39887	4.49021	1.20715	1.09466	1.31008	1.6194	1.53737	1.946	1.20715	0.254524	0.179981	0.402436	1.946	0.804832	0.359959	1.15226	0.899834
1.9123	2.80883	2.01129	3.95702	4.05339	1.87825	1.37034	1.13804	1.45059	0.804795	0.969035	0.569074	0.648864	0.741985	0.254515	0.539881	1.04928	1.15222	0.899777	0.648864	0.569092	1.07967	1.53729	1.9124	1.9124	1.52674	0.763505	0.254515	0.899777	1.01796	1.09456	0.359927	0.899777	2.10553	2.50508	2.01127	1.77186	0.741967	0.569092	0.917561	0.719825	0.741967	0.4024	0.96907	1.40533	1.29756	1.13804	0.804761	0.50902	0.402417	0.179965	0.254501	0	0.508993	0.763464	0.254501	0.179965	0.569092	0.648864	0.254501	1.13807	1.83469	0.539881	2.0511	3.82055	4.07334	3.13986	1.2975	1.65878	2.44637	2.34521	1.52674	1.70677	1.77186	1.45063	1.65876	1.01796	1.20709	2.0511	2.34521	1.37034	0.96907	2.7508	3.70484	1.62921	0.96907	0.741967	0.179965	1.20709	2.75086	2.61855	3.241	5.78959	6.65052	3.13978	1.48372	4.05348	5.56438	3.2805	4.85077	7.54881	2.44637	2.79157	3.30015	3.87903	4.43583	4.44312	4.5043	4.2397	4.34454	5.77582	7.49426	8.84088	9.19687	6.95432	5.13349	7.69422	10.4814	9.97161	7.64267	5.58737	3.85827	1.30996	1.69734	4.09696	5.93941	6.51536	5.83364	4.69971	3.34384	1.65876	1.27233	1.9124	1.70683	3.31461	3.54487	1.62921	0.804761	1.40533	3.56769	5.10219	5.81992	5.4775	4.0376	2.52429	0.917561	0.4024	2.16598	2.3451	1.45061	1.62923	2.44635	2.94913	2.8147	1.93759	1.70677	2.28931	1.94583	0.741967	0.359927	0.899754	1.65876	1.94593	2.03528	2.1661	2.34521	2.09785	1.69734	2.05108	1.60927	1.69726	2.50508	2.67349	1.53729	0.648864	1.07967	1.20704	0.741985	1.45063	5.38321	7.09453	5.83911	3.82055	2.6734	3.4341	4.19395	4.57859	4.26989	3.13988	3.13988	3.77815	4.17856	4.14763	3.07236	1.45065	0.539881	1.65878	1.79907	1.40526	0.569092	2.34521	1.69734	1.20704	2.73901	1.97884	0.254501	1.27237	1.45059	2.69749	3.34384	2.44637	0.569074	1.2975	1.13807	2.22496	1.69734	1.62921	0.804795	2.33821	1.93752	0	1.20704	2.25375	2.89936	1.79907	0.741985	2.8147	3.73962	3.2805	2.44625	0.96907	0.719825	1.45063	2.94913	3.9449	4.48999	3.45293	4.85079	6.91985	5.96063	3.06171	1.04923	0.648864	1.69734	2.57501	3.43414	3.18576	2.3383	1.85226	1.69734	0.917579	1.27235	2.18833	1.43942	0.899754	0.899777
3.09283	1.29736	1.45049	3.13946	2.73873	0.741891	0.741891	1.60904	1.94562	0.402358	1.15203	0.741891	0.539828	0.402358	0.179948	0.569039	0.763437	0.741916	0.648806	0.763437	0.648806	0.719755	0.648806	0.968982	0.968982	0.741916	0.804677	0.804677	0.402381	0.254474	0.968934	1.09444	0.917493	0.968934	0.719755	2.22468	1.7066	0.254492	0.899697	1.30984	1.37022	1.04918	0.569039	0.254474	0.569039	0.917493	1.85198	1.27217	0.254492	0.402358	0.402358	0.539828	0.508975	0.719755	0.741891	0.179948	0.402358	0.917468	0.569039	1.45043	2.15836	2.61831	2.44612	2.39937	0.741891	0.359891	0.719755	0.359891	1.20692	0.917493	0.648806	0.719755	1.77167	1.62905	1.54765	1.98681	1.09446	1.09444	0.968982	1.30984	1.80784	1.01787	2.41276	2.30314	1.77176	2.65508	2.65508	1.62907	3.24053	4.40286	3.84541	3.92405	5.73907	5.07643	2.89919	1.60913	1.30979	2.8428	5.69981	8.19944	4.66829	3.8577	3.84514	1.37015	0.917493	3.10339	4.0531	3.70465	3.18546	2.39944	3.48959	4.32546	4.58868	7.61679	6.73052	1.40521	6.01339	6.19132	5.39753	2.18812	2.61821	3.95666	3.531	3.13956	3.66528	5.45642	6.17329	6.35647	5.92005	4.58868	3.9688	2.89901	0.359891	2.57469	4.31797	3.05613	0.804677	0.648806	1.65855	1.45047	0.763437	1.27223	2.16582	3.13946	3.24059	2.73887	2.16591	1.62905	1.37015	1.70667	2.19554	2.80873	2.5748	1.04918	0.179948	1.13797	2.51765	2.72109	2.33809	1.65863	0.917493	0.899636	0.719755	0.359891	0.741891	1.04918	1.53714	1.60913	1.77176	1.54765	0.741916	0.359891	1.60904	1.65852	0.899667	0.804722	1.40511	0.741891	4.01705	4.69909	3.81178	3.70462	2.69723	0.402381	1.29744	2.19554	2.74477	3.21572	2.99231	2.99231	3.21572	3.37709	3.98908	3.43381	2.52405	1.94562	0.917468	2.79701	2.84283	2.65492	1.7066	1.53707	1.40511	1.20692	2.10524	1.9121	0.741916	3.30452	4.10419	2.5748	2.36553	2.55576	1.6191	1.30984	0.569015	0.899636	0.804722	1.91223	1.27223	1.62907	2.17334	2.01108	3.07194	1.79883	1.60913	4.36988	5.73084	6.02427	4.74009	1.69718	0.179948	0.254474	0.539828	1.09446	1.91223	3.43381	2.81445	4.75338	5.56361	3.14455	2.1954	1.9121	1.98681	2.84299	3.63885	4.16654	3.37709	2.54327	1.79895	1.60913	2.10524	1.30979	2.15836	2.18807	1.07956	0.359891
3.55777	0.508893	1.52636	2.54286	2.03477	0.508893	0.508893	1.52636	2.03477	0.508893	1.01771	0.508893	0.508893	0.508893	0	0.508893	0	0.508893	0	0	0	0.508893	0	0.508893	0.508893	0.508893	1.01771	1.01771	0	0.508893	1.01771	1.01771	0.508893	0.508893	0	2.03477	1.01771	0.508893	0	0.508893	0.508893	0	0.508893	0.508893	0.508893	0.508893	2.03477	1.52636	0	0.508893	0.508893	0.508893	0	0.508893	0.508893	0	0.508893	1.01771	0.508893	2.03477	2.03477	1.52636	1.52636	2.54286	1.01771	0.508893	0.508893	0.508893	1.52636	0.508893	0	0.508893	1.52636	1.01771	0	1.52636	1.01771	1.01771	0.508893	0.508893	1.52636	0	2.03477	1.52636	0	1.01771	0.508893	2.03477	4.57044	3.05055	0	2.03477	4.57044	2.54286	0	1.01771	1.52636	3.55777	6.08391	8.08835	2.54286	5.07575	4.06442	1.01771	0.508893	1.01771	2.03477	1.52636	2.03477	1.01771	3.05055	4.06442	2.03477	7.08831	7.58891	0.508893	6.58662	3.05055	3.55777	3.05055	3.55777	3.05055	1.52636	1.52636	2.54286	4.06442	2.54286	0.508893	1.52636	2.03477	4.06442	3.55777	0.508893	3.05055	3.55777	2.03477	0.508893	0	1.52636	1.01771	0	0.508893	1.52636	2.54286	2.03477	1.01771	0.508893	0.508893	0.508893	0.508893	0	0	1.52636	1.01771	0.508893	0	1.52636	1.52636	1.01771	0.508893	0	0.508893	0.508893	0.508893	1.01771	0	0.508893	0.508893	0.508893	0.508893	1.01771	0	1.52636	2.03477	1.01771	0	1.01771	0.508893	4.57044	4.57044	0	2.54286	2.54286	1.01771	0.508893	0.508893	1.01771	1.01771	0.508893	0.508893	1.01771	1.01771	2.54286	2.54286	2.54286	2.54286	1.01771	3.55777	3.05055	3.55777	2.03477	2.03477	1.52636	0.508893	2.03477	2.54286	0.508893	4.06442	4.57044	1.01771	2.03477	3.55777	1.52636	1.01771	0	1.01771	0.508893	0.508893	0.508893	0	1.01771	1.01771	2.54286	1.01771	1.52636	3.55777	3.05055	1.01771	2.03477	2.03477	0	0.508893	0.508893	1.01771	0.508893	2.03477	1.01771	4.06442	4.57044	2.03477	2.03477	2.54286	2.03477	1.01771	1.52636	2.54286	1.01771	0.508893	0	0.508893	2.54286	2.03477	1.52636	2.03477	1.01771	0.508893
2.59293	1.45024	3.27957	3.43317	2.16544	0.508875	0.648647	1.27194	1.85165	0.968795	1.43901	1.13775	0.648679	0.254443	0.763288	0.899499	0.402303	0.179914	0.804567	1.01767	1.01767	1.13775	0.804567	0.359824	0.508848	0.508848	0.899476	0.968759	0.508875	1.2592	1.80753	0.968795	0.179914	0.804567	1.15189	1.53679	0.741756	0.741774	0.402303	0.899476	1.07936	0.899522	0.402303	0.402303	1.15189	1.45024	1.70629	1.40486	0.179914	0.9173	0.741774	0.539728	0.254443	0.402286	0.508848	0	0.402286	0.968759	0.359824	1.79851	2.30273	1.65822	1.78044	2.5553	0.763247	0.539728	0.804567	0.968795	0.899476	0.804567	1.15189	0.899522	0.899476	1.27197	0.56893	1.54727	0.968759	0.968759	0.741756	1.01767	2.22433	2.16548	2.51718	2.33759	2.05052	2.65456	2.94829	2.96462	3.69943	2.49781	1.04898	2.34443	4.45984	2.69666	0.179914	1.29713	1.93696	3.39058	5.70716	7.51496	2.88181	4.73895	3.17966	1.30959	1.15189	1.27197	2.05044	2.05044	2.10486	1.2592	2.5553	3.84446	2.10486	6.60533	7.46427	1.27199	6.29462	6.89052	7.24721	6.29223	4.66061	2.52358	1.45017	1.40486	2.09716	3.66451	4.09575	3.81947	3.2151	1.13775	3.24001	5.89725	6.62969	7.14592	6.74135	5.93503	5.74094	5.832	5.93773	5.13825	3.29922	1.54735	0.763247	2.34448	3.13897	3.2151	2.99173	2.28878	1.40493	0.968795	0.763288	0.648679	1.29713	1.15183	0.402286	0.179914	1.27194	1.30955	1.53685	1.94537	1.91186	1.54735	1.20675	1.13775	1.43901	0.741774	1.2067	1.4833	1.60882	1.01767	0.508848	0.402303	1.15183	1.93696	1.48326	0.402303	0.9173	0.899499	3.93951	4.53126	0.741774	2.28866	2.92617	2.01066	1.69685	1.01767	0.508848	1.07936	1.20675	1.53685	1.65829	1.27199	1.91176	2.22427	3.05565	3.59357	3.09244	5.738	4.09575	4.73895	2.44555	1.69677	1.70629	0.917319	2.01066	3.07138	1.52622	3.80665	5.23069	1.98642	1.69677	3.19987	1.65825	0.899499	0.741774	1.91186	2.84244	2.84244	3.29922	4.23849	5.35189	5.35189	3.61598	0.71962	3.07666	4.34319	3.25487	1.13775	2.419	2.19501	0.402286	1.4502	2.61781	3.2151	2.54277	2.89858	2.8139	4.22695	4.57708	2.75002	2.34448	2.01064	1.69677	1.2592	1.79855	2.89858	3.29922	2.92633	2.54277	2.44568	2.16542	1.52622	0.804532	2.16544	2.65456	2.50437
0.71955	2.57396	3.77238	3.0129	1.65816	1.13759	0.89938	0.763166	1.36976	0.899442	1.43887	1.13764	0.899411	1.04882	0.76322	1.09412	0.539675	0.648579	1.07925	1.01758	1.01758	1.13764	1.07925	0.359789	0.508794	0.508794	0.648579	0.74168	0.50883	1.87747	1.97808	1.25908	0.648579	0.804494	1.20664	0.648621	0.402267	0.648621	0.539675	1.65805	1.48311	0.968706	0.74168	0.74168	1.30947	1.40481	0.917232	1.15171	0.402244	1.36976	0.648621	0.402267	0.25442	0.179896	0.508794	0	0.179896	0.74168	0.359789	1.29699	2.80773	1.91155	2.28842	2.55503	0.254402	0.402267	0.804494	0.899442	0.402244	0.804494	1.20664	1.09415	0.402244	1.27184	0.917207	1.5471	0.74168	0.74168	0.968659	1.43887	1.9452	2.19492	2.1875	2.52333	2.17272	2.55521	2.92607	2.59282	1.83394	1.30942	1.27187	2.84199	4.20739	2.94782	0.402244	1.79832	2.41208	2.89819	4.95015	6.27102	2.36486	3.57968	1.40471	1.15179	1.30947	1.27184	1.62858	2.50402	1.87747	1.09415	1.5471	3.34237	1.87747	5.60204	7.21327	3.45609	4.25701	6.55918	6.88761	6.01194	4.07182	1.6967	1.20657	1.15171	1.13759	2.27439	3.69927	3.81913	3.05018	2.73795	2.926	5.35141	6.70537	6.96549	6.42188	5.9345	5.7737	5.83148	6.01194	5.83682	4.14602	2.34425	0.763166	1.54721	2.81365	3.21481	3.05544	2.50414	1.53671	0.899442	0.76322	0.741705	0.804448	1.40471	0.179896	0.402244	0.763166	0.741705	1.40481	1.91169	1.9452	1.54721	1.15179	1.13764	1.43887	1.30942	2.44529	1.79838	1.60867	1.43887	0.508794	0.539675	0.402244	1.48311	1.93676	0.539675	0.568878	1.09412	2.67233	4.28308	1.30942	1.78025	3.68595	3.13854	1.65816	1.43887	0.508794	0.804494	1.15179	1.65813	1.53671	1.04889	0.648579	1.30947	2.57404	3.59322	3.09216	6.48822	3.55733	6.42153	3.19953	0.968659	1.70611	0.917232	1.45008	3.53896	3.55707	2.72026	5.6982	2.84203	0.968659	2.44529	1.45005	0.648621	1.30942	2.52335	2.84218	2.84218	3.57983	4.60131	5.35141	5.35141	3.80642	3.5931	4.6011	4.14597	2.54248	1.13764	3.17932	2.44529	1.15171	2.57393	3.61107	3.21481	2.73809	2.61757	2.744	3.4187	4.10303	3.18444	1.98624	0.899411	0.968659	1.09415	1.48316	2.30264	3.23979	2.99146	2.54255	2.41891	1.40481	0.508794	0.804448	1.65816	2.55521	3.06063
0.741611	2.94756	2.44508	1.48301	1.44996	1.44991	0.648521	0.539622	1.20646	0.254379	0.96857	0.71948	0.804375	1.13749	1.15166	1.27174	0.568819	0.763098	1.04873	0.254379	0.402225	0.74163	1.25895	1.13753	1.09404	0.917121	0.568801	0.539622	0.508776	1.52593	1.48297	1.13749	0.804375	0.74163	0.968606	0.648553	0.179879	0.402225	0.254379	1.70595	2.01031	1.79825	1.13753	0.508749	1.13753	1.52601	1.40466	1.65796	1.15166	1.04873	0.254393	0.179879	0.179879	0.402225	0.71948	0.508776	0.402225	0.254379	0.568819	0.917121	2.34398	2.33713	2.54219	2.25267	0.568819	0.763139	0.899323	0.402225	0.763098	0.539622	0.74163	1.09402	0.804375	1.15161	1.20646	1.44989	0.568801	0.539622	1.07915	1.80718	1.78019	1.54704	1.65796	2.5231	2.33713	0.8993	0.763139	0.539622	0.402225	1.40466	2.80763	4.75168	6.04563	6.81738	6.51959	5.47489	4.03567	2.88126	4.34227	5.21431	1.44989	2.39852	3.05512	1.53655	1.15161	1.15161	0.8993	1.8773	2.65405	3.34224	2.99114	2.54219	0.804375	5.62717	7.60761	4.9368	2.90361	3.93895	4.4986	3.69888	3.23938	2.50379	0.763098	1.2717	0.568801	0.402207	0.71948	1.15161	1.44993	3.69871	3.17904	0.648521	1.52593	2.03419	2.03419	1.79816	1.13753	1.79825	2.15753	3.04969	3.35653	3.41366	2.96404	2.33718	1.27176	0.741611	0.741611	1.61848	1.93666	2.16506	2.28833	2.4452	2.16506	1.09404	0.179879	0.568801	0.402207	0.359754	0.539622	0.179879	0.508749	0.402207	0.254393	0.179879	1.13753	1.61848	2.28821	1.62843	1.36969	1.27172	0.8993	0.359754	0.804409	1.7982	2.72	2.01033	1.53655	0.254379	1.69644	3.38992	2.18728	2.18728	3.38992	3.31303	0.648521	1.62845	2.05009	1.36969	0.539622	0.8993	0.539622	0.402207	0.74163	1.15166	1.44993	1.40458	3.23938	5.7396	2.36462	6.65443	4.85839	3.55695	2.90361	2.49744	2.4452	2.67212	3.78894	0.74163	4.8152	4.05145	1.40466	1.15161	1.91149	3.3132	3.21447	2.51669	1.29688	0.899323	2.34398	2.55481	1.2717	0.96857	3.19925	5.71723	5.62717	3.0125	0.71948	1.60843	3.69871	2.41186	1.44991	3.13828	4.05145	2.44518	1.13753	1.29694	3.04985	3.07089	3.07078	2.67209	0.91714	1.27176	1.27174	0.91714	1.04878	1.36969	1.27172	1.69644	1.29694	1.29694	0.179879	0.899346	0.648521	1.27176	2.19469	2.87565
0.968484	2.69589	1.20636	1.29682	1.40453	0.96852	0.179863	0.402189	1.44976	0.76303	0.741545	0.719416	0.359722	0.508731	1.20641	1.04868	0.568768	0.254357	1.04863	0.76303	0.539574	0.648495	1.09394	1.13742	1.25884	1.36951	0.56875	0.402189	0.508731	0.508704	1.07905	0.508731	0.359722	0.648495	0.899266	0.899243	0.648463	0.539574	0.254357	0.917058	1.69637	1.79809	1.13742	0.508704	1.13742	1.52587	1.44983	1.53641	1.30922	0.25437	0.25437	0.402172	0.402172	0.539574	0.719416	0.508731	0.539574	0.254357	0.568768	0.568768	0.917039	1.87718	1.83365	1.53636	0.917039	0.763071	1.09392	0.539574	0.254357	0.402189	0.648495	0.899243	0.359722	1.40446	1.44976	1.20636	0.56875	0.402189	0.804338	1.44983	1.78003	1.54691	1.53641	2.10434	3.35624	2.67185	0.763071	1.20636	0.741545	1.97771	3.07062	4.37153	5.3742	6.51168	6.66367	5.33242	3.6855	2.25257	3.6148	4.45858	2.19438	2.3983	3.35633	3.23902	1.40446	1.40446	0.648463	0.899266	2.65381	3.34194	2.9255	1.52587	0.804304	6.36064	8.08929	4.71049	3.59704	4.17619	4.38257	3.55663	4.19142	3.94249	0.254357	1.77994	0.56875	1.1515	0.719416	2.41831	2.01009	2.73746	2.41831	0.89922	1.52579	2.03401	2.03401	1.29676	1.13742	1.93649	1.60836	1.01733	2.33693	3.23909	2.96377	2.7198	1.6283	0.402189	0.402189	1.20641	1.79809	2.19449	2.28813	2.41844	2.25257	1.44979	0.402172	0.56875	0.179863	0.804304	0.402189	0.402172	0.508704	0.179863	0.25437	0.648463	1.13742	1.20641	0.76303	1.27163	1.36956	0.763071	0.648463	0.359722	1.07905	2.18705	2.92539	2.10434	2.36437	1.27158	0.968484	1.93642	1.93649	1.93649	1.93642	2.80723	1.91121	1.27165	2.04991	1.98585	1.20636	0.648463	0.402189	1.1515	1.30918	1.20641	1.30922	0.89922	5.05179	4.6969	2.88099	5.05179	4.40078	3.69855	2.69603	2.57357	2.41844	1.15156	2.10426	2.01007	2.9637	4.71049	1.53641	0.648463	3.07579	3.31291	3.04958	1.79809	2.80723	1.09392	2.84149	2.55458	1.77994	0.741545	3.4508	6.97066	6.36064	2.36437	0.719416	2.59219	3.69839	1.93642	0.96852	2.52286	3.83925	2.57355	1.83361	3.07051	3.21419	2.80738	1.79804	1.91121	0.917058	1.27165	1.62828	0.917058	1.04868	1.36956	2.17221	2.9473	1.48288	1.48288	1.65775	0.96852	1.1515	1.6283	2.44496	2.27395
0.254343	2.34356	2.55444	2.92519	2.59204	1.60819	1.1373	1.01727	1.48268	0.804218	0.402129	0.56869	0.25433	0.56869	0.25433	0.254343	0.25433	0.402146	1.13727	0.968381	0.25433	0.568708	0.741485	0.719339	1.13727	1.29662	0.402129	0.402146	0.804252	1.15144	1.20628	1.1373	1.01727	1.01727	1.01727	1.48272	1.87698	1.40438	0.804252	0.402146	0.25433	0.56869	0.762949	0.899147	1.48272	1.29669	0.804252	0.539517	0.762949	0.539517	0.648426	0.91696	0.741485	0.179844	0.76299	1.40438	1.44967	1.04857	0.741485	0.804252	1.29669	1.29669	1.07894	1.09381	1.25871	0.804252	0.648394	0.539517	0.508677	0.508677	0.402146	0.539517	0.648426	1.20623	1.13727	1.48272	1.53625	1.27152	1.54674	1.91111	1.91111	1.69619	1.29669	0.508677	2.81269	3.83884	1.93628	0.648394	1.27149	2.94699	2.57319	2.10404	1.40431	0.762949	1.62811	2.00991	1.87693	0.741466	3.07018	4.7775	3.05965	1.27147	3.23874	3.07018	1.40431	1.44961	0.719339	0.648394	1.27149	2.41818	3.38942	4.01494	4.6657	6.42968	6.90823	3.73691	3.07018	2.54169	1.53625	1.04857	3.98664	5.02579	2.33672	4.01494	4.48703	3.94225	3.23881	4.40022	3.23865	3.23868	3.41772	2.49695	1.65764	1.40431	1.80682	2.94714	3.54264	3.14291	2.55444	2.41818	3.07029	3.83891	3.46919	3.13774	2.39805	1.54674	1.36942	1.15144	0.804252	0	1.1373	1.52571	1.1373	1.40431	1.04857	1.65766	2.0339	1.93628	1.40438	1.25871	0.741466	0.254343	0.254343	0.916942	1.25871	0.741485	0.179844	0.359684	0.741485	1.04857	1.53625	1.93628	2.10411	1.62811	1.77066	2.09644	2.69567	1.53619	0.402146	1.36942	2.16464	2.8975	3.05452	2.52261	1.65758	0.91696	0.741466	1.60812	1.83341	1.13727	1.25871	2.8807	2.27371	1.01727	0.359684	2.61671	4.73708	2.34356	4.31186	3.9503	1.43845	1.1373	1.91111	1.04857	0.254343	1.04852	0.762949	3.70233	2.30195	5.73855	3.87642	2.70166	3.78827	2.57327	0.648426	0.648394	3.17842	1.65758	2.71947	3.59664	3.05973	2.49695	4.54371	7.75415	5.71892	0.968417	2.78976	3.59664	3.07018	0.741466	1.40438	1.61817	3.938	3.78831	4.05076	3.66308	1.30904	0.916942	0.402146	1.13727	0.719339	0.539517	1.53619	1.07894	1.52571	2.30195	2.69567	2.55431	1.44961	1.01727	3.35588	1.36937	2.04961	1.77975	1.27145	0.648394
2.54151	0.968331	0.254307	0.899068	1.48259	1.79769	1.09373	0.762922	1.27136	0.916879	0.719275	0.762881	0.91686	1.09373	0.899091	0.648368	0.648368	0.804181	0.91686	0.402093	0.804181	0.804181	0.179828	0.568639	1.04843	0.968295	0.762922	1.53611	1.85084	1.65752	1.40426	1.3693	1.40426	1.52557	1.52557	1.91094	2.6955	2.84107	2.41797	2.41797	2.41128	1.83329	1.07884	0.648368	1.04848	1.3693	1.15134	0.899091	0.568657	0.179828	0.179828	0.568657	1.01718	1.44955	1.60805	1.2714	0.648368	0.254307	0.359652	0.899045	1.07884	0.899091	1.30892	0.91686	0.91686	0.7414	0	0.40211	0.40211	0.254307	0.539469	0.402093	1.48259	1.29657	0.179828	1.01718	1.85084	1.91094	1.5466	1.01718	0.741419	0.40211	0.402093	0.899068	1.87676	2.78944	2.34336	1.29651	1.5466	4.34111	4.13279	2.57305	1.83325	0.40211	1.30896	2.57305	3.4548	2.17179	2.87484	5.95611	4.5749	2.1644	4.13279	2.44451	0.899068	0.91686	1.29657	1.15134	0.568639	1.48255	2.34338	2.92488	2.71927	2.67133	5.07298	5.7852	6.25627	6.57357	7.08917	8.0998	8.87838	8.23264	6.17692	5.85106	5.29526	3.34129	2.33652	4.61332	5.17597	5.1387	3.48723	1.40426	0.804181	0.968331	3.77528	5.91609	6.35222	5.96707	6.08604	6.4688	6.45649	6.00962	5.17307	4.98402	5.22841	5.32538	4.94857	4.03455	3.05425	2.41128	2.22326	1.91094	2.30175	2.84107	2.92493	2.67147	2.41797	2.04954	1.69604	1.97733	1.4495	0.648336	0.899091	0.508631	0.648368	1.60805	1.69604	1.29657	1.15134	1.5466	1.77057	1.83329	1.53611	0.762922	0.968331	2.74293	2.44451	0.648368	0.899068	1.44955	2.09625	2.50317	2.41128	1.94444	0.762922	0.508631	1.20617	1.09373	1.29651	1.65743	2.25203	2.50308	0.804181	0.804147	1.60798	3.06991	3.29749	1.98548	5.73527	3.78804	1.83325	3.4127	4.20605	3.23844	0.91686	1.27138	0.91686	4.44329	2.44441	4.48658	6.7264	7.45262	7.75991	8.17906	8.1463	6.96058	6.18719	6.45644	7.71098	9.83386	9.89373	8.58585	7.76801	6.29163	2.55408	2.73703	1.93611	1.07884	3.10131	2.54156	2.74293	3.29764	5.95618	6.29169	5.85103	4.52931	1.87682	0.804147	0.179828	0.254307	0.254307	1.83325	2.36395	1.60805	1.1372	1.44955	2.00974	1.61802	1.7705	1.48255	3.37469	2.57297	1.65743	1.85076	1.30896	1.77057
2.34315	2.41776	2.59158	2.61631	1.29645	1.29637	0.898949	0.254298	1.2712	0.916768	1.20599	1.29637	1.13705	1.0936	0.899011	0.968242	0.64831	0.402074	0.25428	0.568605	0.916793	0.568581	0.916768	0.916793	1.27123	1.0936	0.74135	1.6278	1.04838	0.568605	0.254298	0.568581	0.539416	0.508586	0.508586	0.74135	1.04838	1.53597	1.65737	2.04935	2.50294	2.70113	1.70529	0.25428	0.254298	0.25428	0.402074	0.508586	0.508586	0.508586	0.804108	1.29645	1.69589	1.54647	0.762854	0.648268	1.07874	1.1371	0.968242	1.5359	1.13705	0.402074	1.15116	0.898949	0.968195	0.741325	0.17981	0	0.402051	0.916768	0.916793	1.54636	1.77032	0.968242	1.0936	0.804062	0.402074	0.74135	0.50855	1.09363	1.36917	1.27129	1.65734	1.20606	2.28732	2.17156	1.54636	2.41758	1.60781	2.89692	4.613	3.14235	1.30884	0.539416	2.1641	1.60781	4.69539	2.94641	1.4824	5.29447	5.6108	1.87657	3.73619	1.30884	0.916793	0.17981	0.804108	1.1371	1.48245	2.33624	2.74843	2.16417	2.25193	3.34099	4.65796	4.93511	4.99636	4.98357	5.77095	7.29975	8.07177	6.49026	3.84248	2.39761	2.98983	2.09593	1.43818	2.54115	4.09326	6.91156	5.2975	1.04838	0.89898	2.2732	4.04989	3.48703	2.92467	2.94662	3.59163	4.09348	3.59163	2.73678	2.00958	2.71901	3.66249	3.8173	3.73644	3.45457	2.5728	2.41106	3.05398	3.45	3.31197	2.74268	2.00958	1.1371	0.539416	0.254298	0.568581	1.3691	1.85057	1.94414	1.20606	1.27126	1.04832	0.968242	1.6079	1.43818	0.508586	0.719205	0.359617	0.804062	0.719205	0.359617	1.79746	1.5359	0.916768	1.2712	1.04832	0.648268	0.648268	0.916768	1.0936	0.50855	0.89898	1.04832	1.27123	1.44942	1.48245	1.5359	2.04921	2.22298	1.29645	1.07874	1.79746	3.0485	2.80639	3.55537	5.27328	1.09363	3.55537	5.38127	2.34321	5.56795	2.41092	1.29645	1.60781	4.0932	3.37434	0.7628	3.05926	5.3816	5.66768	5.83417	7.51113	7.12416	6.16861	6.51708	6.40645	7.2976	8.13389	6.26846	4.67861	1.6079	1.6079	1.69589	1.77032	3.7018	4.31485	2.5728	1.79752	2.54127	5.3306	5.06292	3.05389	2.44429	3.9413	1.70529	1.3691	0.568605	0.568605	2.74251	2.1864	1.07874	0.508586	1.25847	1.54636	1.65729	1.43818	0.804062	2.59141	2.44412	0.968195	1.13705	1.15124	1.54647
1.13698	1.52528	1.69571	2.444	2.67093	1.5463	0.402015	0.648242	0.762732	1.36903	1.80631	1.30867	0.762732	0.898892	1.15111	1.36903	1.40399	1.52528	1.40399	0.762773	0.179793	0.80399	0.898869	0.254258	0.968106	1.13694	0.359582	1.40391	0.402015	0.741274	0.539364	0.402032	0.968142	1.01698	0.898915	0.916681	0.568528	0.916681	1.20594	1.69571	1.53581	2.09575	1.7973	0.719135	0.648242	0.762773	0.898915	1.29632	1.20594	0.568528	0.539364	0.741256	0.64821	0.179793	0.916681	0.916681	0.64821	0.741256	0.179793	1.43804	1.93573	1.69571	0.9167	0.898869	0.80399	0.898915	1.40399	1.40399	0.898915	0.64821	0.539364	1.65711	1.77016	0.968142	0.916681	0.568528	1.04827	1.04827	0.741256	0.741256	1.04827	1.5463	2.25169	2.4175	2.92425	2.27299	1.61771	2.33597	1.20589	2.39737	2.04911	0.9167	1.65717	0.804024	2.57254	1.77934	4.23543	3.53695	2.1565	4.49983	3.84187	2.50268	2.97337	0.402015	0.741274	1.44926	1.53581	0.898915	0.359582	1.13694	2.51549	3.01115	2.17145	1.04827	2.10352	4.09695	5.22737	4.65408	3.69711	2.71874	1.27109	2.28724	4.09695	4.8297	3.8084	1.70514	0.968106	1.53576	2.57246	6.17544	5.69502	4.06944	4.3441	4.48571	5.21194	3.35502	1.93573	0.648242	0.762732	0.539364	0.402032	0.568528	0.539364	1.8764	2.69491	2.80629	2.74239	1.80629	1.0935	1.36903	1.36903	0.762773	0.741256	1.79734	1.4823	0.359582	1.15111	2.19364	2.80629	3.21293	3.63125	3.77021	2.41081	1.60773	1.48226	1.30867	1.15111	2.22283	2.16402	1.94406	1.91057	2.41081	2.74239	2.44403	2.89659	2.18624	2.10352	1.62767	0.916681	0.402015	0.359582	1.01698	2.09584	2.61605	1.40399	1.20589	1.40391	0.568528	0.568546	1.25835	1.79734	2.22283	2.34297	2.19364	2.36349	2.84041	2.28712	3.56409	4.92467	1.36903	3.30171	5.71731	0.968142	5.66687	3.70133	1.5463	2.39731	3.29685	2.19353	2.34292	3.05885	0.539364	2.92431	3.05894	1.98508	2.65266	2.74817	3.35493	3.13678	1.85048	4.49983	2.1565	1.40399	2.00934	2.81201	3.19788	3.41203	2.84041	2.50259	2.7187	2.18624	2.36345	4.73913	4.58449	2.73639	1.79739	5.38091	4.89549	1.60773	1.30867	2.17145	3.23781	2.00931	1.62765	1.3087	1.07863	2.57246	3.10065	2.34297	2.16402	2.89663	3.35502	3.19788	2.67095	2.04914	1.77934
0.179777	0	0.254235	0.568478	1.25824	1.36891	1.20583	0.916619	0.968056	1.85032	1.94389	1.20583	0.568496	0	0.35955	0.401979	0.254235	0.179777	0.401996	0.898789	0.898812	0.401996	0.719071	0.568478	0.74119	1.20578	0.254235	1.29614	1.01684	0.401996	0.9166	0.648152	0.968056	1.94389	2.41728	2.52167	1.36886	1.27097	1.83273	1.69556	0.916619	1.0934	2.04893	2.34276	1.9104	1.2962	1.53568	2.33585	2.44379	1.9849	0.968056	1.80615	1.77007	1.30859	1.30855	0.803953	1.27104	1.77007	1.60759	0.568496	0.648184	1.271	0.401996	0.96802	0.35955	0.568478	0.568496	0.568496	0.539316	0.179777	0.762705	0.568478	1.44913	2.16383	1.40386	0.648152	0.968056	1.54617	1.52514	0.74119	1.30859	1.85032	2.03315	2.67072	3.18243	3.07436	2.61581	2.7185	2.19344	3.45382	1.27102	2.67057	2.36328	3.14174	5.47179	6.56446	4.59823	3.10038	2.10326	3.41645	5.7143	6.98588	4.48536	1.80613	0.401979	0.508487	1.13688	1.40386	1.40386	0.762705	0.568478	1.43792	1.9849	1.36891	2.27287	3.44932	4.5386	4.22383	2.19344	0.35955	1.87629	3.06915	3.70109	3.57743	1.9104	0.74119	1.85032	2.44379	3.31127	6.15443	8.38175	9.32406	9.07976	8.42476	7.3716	4.96009	4.04925	2.22263	0.401979	1.2962	1.69556	1.43792	0.898789	1.65698	1.0934	0.179777	0.254235	0.568496	1.27104	1.48217	1.09342	1.04813	2.10326	2.51526	2.09566	2.00919	1.83273	1.93549	2.34276	3.05339	3.92032	4.87872	4.65367	3.21265	1.15101	2.10326	3.01089	4.20486	4.45668	3.93672	3.30159	2.89642	2.34276	2.04893	2.87963	3.56397	4.38048	4.20486	3.953	3.55493	2.94604	2.41059	1.60759	0.803918	0.9166	0.254235	1.27102	1.9104	2.55349	2.98945	3.2967	3.59093	3.84173	3.43062	2.49602	1.44909	1.13688	2.44372	2.78865	2.9241	2.52167	4.06097	1.94379	3.43051	5.44249	5.1716	3.85424	3.05332	1.27102	0.35955	2.52165	2.96228	2.00913	3.09008	4.14318	2.10326	2.41049	2.6946	3.23745	1.2962	4.22374	3.61323	3.70114	4.44227	5.96539	5.96539	4.52803	3.57743	3.77421	5.27261	5.73658	3.953	3.05325	3.80375	3.66172	2.94589	4.82599	8.14392	5.83571	3.63539	3.40707	2.84024	1.87629	1.85032	2.59108	2.84027	3.76987	3.43051	2.00919	2.41728	3.45397	4.48536	5.21164	4.98583	4.18573	2.98945
1.15091	1.52501	1.69541	1.94372	1.52501	0.359515	1.0168	1.65687	0.967967	1.13673	0.508442	0.508442	0.508442	0.648126	0.898755	1.15091	1.40374	1.449	1.04809	1.30842	1.13673	1.15083	0.40196	1.296	0.508406	1.40364	0.568419	1.40364	1.15083	0.254226	0.401937	1.13673	1.5249	1.44895	1.54603	3.01049	2.80559	1.60735	2.67029	0.762584	1.76982	1.15091	1.54603	1.85015	1.62737	0.916507	1.36871	1.65682	1.83255	2.27256	1.48203	2.51502	1.79707	1.79701	1.61741	1.27093	1.15091	1.29609	1.76991	1.98473	1.20572	1.44895	0.40196	1.296	0.508442	0.898725	0.898755	0.898755	0.568443	0.568419	0.539263	0.648084	1.27087	1.27093	1.44895	1.44892	0.898694	1.13673	1.15091	2.17095	1.65678	0.359515	0.179759	1.04802	2.00893	2.16355	1.61741	2.18578	2.96208	5.90822	3.38764	4.52733	0.568443	3.0583	4.48481	4.82883	4.81893	3.0584	2.67044	4.20449	5.32039	4.69439	5.02355	4.01286	0.508442	0.967967	0.40196	0.719001	1.15091	1.36878	1.54603	1.76991	1.07843	0.359515	1.40364	0.916507	2.17095	3.05293	2.16355	2.36305	2.16358	0.916507	1.70481	1.9847	1.61741	2.22235	1.40374	1.8326	2.10314	3.45366	4.98539	5.3294	4.82557	4.48496	3.54101	2.27266	3.13618	2.83986	1.9101	1.44895	1.36878	2.17095	2.3424	2.70037	2.6523	2.92384	2.7419	1.6569	0.648126	1.27084	0.96792	1.60735	2.59068	2.09534	1.07843	1.6569	3.2372	3.70059	1.36871	0.648084	1.13673	2.00898	2.87935	2.96198	1.44892	3.05818	3.63489	2.28683	2.34255	2.17106	1.53554	0.508442	0.40196	1.30842	0.539263	2.04874	2.57211	2.98918	3.44902	3.44902	3.29641	3.38785	3.69645	2.73601	0.898755	0.539263	0.898755	1.76991	2.09547	2.09547	2.10314	1.69541	1.60744	1.48203	0.719001	0.40196	1.2709	1.25812	0.40196	1.6569	2.00901	2.83986	2.3424	1.15091	3.05311	3.97286	2.4958	1.79701	1.53554	1.70488	0.539263	2.90155	4.25352	0.254208	4.98505	2.16349	1.70481	2.83986	3.94019	0.568443	2.00889	1.94372	2.34255	3.18213	3.45366	3.18213	2.04877	2.36305	2.54061	3.59061	3.93637	3.41612	0.539263	3.31096	5.07104	6.11209	3.85367	4.85513	5.75803	2.6945	1.2709	0.96792	0.719001	0.80388	1.40374	2.17106	2.70037	1.44892	0.96792	1.04802	1.04809	1.54603	2.17106	2.50223	2.70039	2.22235
0.568367	0.568385	0.91644	0.741064	0.718931	1.09319	0.967867	1.07833	0.967867	1.84996	1.94351	1.20559	0.568385	0.254185	0.254199	0.179742	0.179742	0.568385	0.967867	1.25799	1.09319	1.43764	1.52484	1.43764	0.741064	1.65666	1.09321	1.04793	0.898637	1.15079	1.27079	0.568385	1.62721	2.97265	3.33969	3.23691	2.74149	1.40351	2.92337	0.648026	1.93511	1.0167	1.0167	1.13666	0.803761	1.29595	1.83241	0.803761	1.01664	1.8058	2.17084	2.16334	1.0167	1.87586	1.3083	0.648058	0.89866	1.0167	1.20559	1.98453	1.94351	1.93518	1.60727	2.18562	1.79688	1.15079	0.568385	0.254185	0.401918	0.53921	0.4019	0.718931	1.93518	2.67019	2.50197	1.62721	0.916421	1.04793	1.20559	2.78811	2.04847	0.568367	0.254199	2.19291	2.78811	2.34225	2.04853	3.41577	3.77341	6.04092	6.26588	5.56603	2.04856	2.04845	4.06808	1.36864	2.04856	2.74162	2.98886	2.3354	1.30833	0.898637	4.37941	4.89396	1.84996	1.69523	1.44885	1.27077	0.762557	0.967867	1.13666	1.48188	1.79688	2.16341	2.65202	3.05807	3.35407	2.36278	1.3083	2.3354	3.14113	2.94547	2.67017	2.90139	3.53608	3.91956	3.30095	3.54064	3.3875	2.69421	2.04856	1.84996	1.84996	1.69523	1.52484	2.18562	3.25179	4.36489	4.82831	4.36859	2.92353	2.16334	2.09515	2.89581	3.29606	3.05807	2.3423	1.40359	0.648058	1.04793	1.27077	1.98451	3.05266	2.30053	1.01664	0.4019	2.55286	3.93575	1.52476	0.4019	0.53921	0.718931	1.83237	3.23193	3.74783	3.94807	3.70026	0.762557	0.91644	1.27077	1.6567	1.48188	1.07833	1.07833	1.30833	1.80578	1.25799	0.916421	0.4019	0.4019	0.916421	0.967867	1.44883	2.36278	1.60727	1.44885	1.04798	0.741045	0.35948	0.35948	0.741045	0.967867	1.13666	1.48184	1.29589	0.401918	1.27077	1.44885	2.18562	2.09525	1.79688	1.65666	1.65664	1.09319	0.648058	1.29589	1.8058	1.53538	1.61725	2.16341	3.95223	5.2259	4.84479	1.54586	4.82813	2.96171	1.48188	2.25095	4.06808	1.27075	1.6567	1.65672	1.94351	2.33535	1.44883	2.22214	1.30833	1.83237	1.13666	1.25799	1.70471	4.18868	5.06123	4.34287	4.51639	6.55321	5.09562	2.89572	4.5832	1.44885	1.40359	1.09321	0.718931	0.53921	0.568367	1.20554	1.60721	0.718931	0.803761	1.29589	0.803796	1.94351	3.44865	3.73499	2.83969	1.87586
0.568316	0.91634	0.916359	0.648	0.718867	0.898557	0.89858	0.803724	1.44868	1.84979	2.222	1.61711	0.91634	0.762448	0.254176	0.401865	0.401865	0.568335	0.89858	1.09311	0.898557	1.01661	1.52471	1.01661	0.648	1.44868	1.25788	0.254176	0.648	1.20549	1.27068	1.36847	1.62706	2.79374	3.3394	2.44312	1.09309	1.15062	2.66982	0.179726	1.48171	1.01661	1.01661	1.13656	0.80369	1.79667	1.52471	0.80369	0	1.53524	2.04837	1.65655	1.01661	2.10266	1.53519	0.740998	0.967781	1.01661	1.15068	1.70456	1.90986	1.79672	1.60713	1.93501	1.93501	1.30822	0.91634	0.762448	0.539163	0.401882	0.179726	0.718867	1.93501	2.69397	2.28639	1.27068	0.568335	0.254176	1.61711	2.57153	1.62704	1.54565	0.254176	3.44817	3.46679	2.34205	2.04835	4.22254	3.77307	5.22531	5.44971	4.59693	3.05771	1.04783	5.07632	1.36852	2.04837	2.66996	3.05252	2.19282	1.15068	1.09309	3.88202	4.17284	1.84979	1.65658	1.40346	1.04788	0.762489	0.89858	1.13656	1.79667	1.93501	2.19282	2.55277	3.0578	3.05252	1.44872	0.898557	2.19282	3.0578	3.13571	2.78794	2.69397	3.74749	3.8028	3.30066	3.48543	3.53577	2.90114	2.17064	1.84979	1.84979	1.65658	1.52471	1.93501	2.73548	3.86562	4.70705	4.74765	3.23667	1.40346	0.508343	2.30044	3.23669	3.14085	2.34209	1.53524	0.898557	0.254176	1.04788	1.98434	3.78572	2.8051	1.01655	0.179726	2.55263	3.6825	1.52463	0.179726	0.401882	0.718867	1.13656	2.40991	3.53577	3.06828	2.57153	0.762489	0.916359	1.04788	1.53524	1.79667	1.48171	0.803724	1.4487	1.61711	1.09311	0.568335	0.179726	0.179726	0.568335	0.89858	1.30822	2.16315	1.60713	1.40346	1.04788	0.401882	0.359448	0.359448	0.401882	0.89858	1.13656	1.93494	1.79663	0.740979	1.04788	1.40346	2.51455	2.09506	1.79672	0.89858	0.898534	0.898557	0.740998	0.359448	1.44872	1.40346	1.80562	2.71773	4.48404	5.22543	3.63438	1.98436	4.09525	2.96144	1.29583	1.53519	4.06772	2.17056	1.53524	1.69508	1.90986	1.87575	1.30822	2.00856	1.4487	1.83221	1.13656	1.09311	2.74715	3.42965	4.97155	4.34249	3.18153	5.31911	5.09517	2.40981	4.33859	1.40346	1.44872	0.89858	0.718867	0.401882	0.568316	1.44866	1.60706	0.718867	0.359448	0.80369	1.07823	2.8788	3.54032	3.68269	2.55277	0.89858
0.401822	0.916242	0.967678	1.0165	0.967678	0.568274	0.254136	0.401839	1.60689	1.30804	1.62687	1.97599	1.87555	2.25061	2.80494	3.08888	2.81066	1.97599	0.508261	0.539105	0.401822	0.401822	0.179706	0.359409	0.647931	1.36837	2.17041	2.25061	2.00841	1.76938	1.40331	1.70432	1.65631	0.740919	1.09299	1.13644	0.898485	0.568256	2.04808	2.04816	2.33494	2.03235	2.03235	2.09484	1.65637	1.54548	0.568256	1.40324	0.508261	1.65631	0.401839	0	0.803639	1.76931	1.1505	0.539105	0.568256	0.401839	0.647931	1.04777	1.40331	1.40331	1.2705	0.898439	1.1364	0.803605	0.740919	1.8496	2.44286	2.53984	2.53984	2.61479	2.51428	1.60696	1.2957	0.508288	0.539105	0.967678	1.79648	2.5398	2.52069	0.647931	3.38684	4.4835	3.00962	1.60689	2.36232	4.48344	1.65634	3.42911	2.09474	1.43735	3.46642	2.17041	5.36933	0.916261	0.254149	1.15056	1.48159	1.07812	0.359409	0.740901	3.23621	3.98368	2.65151	2.04816	1.6564	1.40331	1.04777	0.647931	0.71879	2.61472	3.30998	3.17617	2.34184	1.15056	0.539105	2.16292	1.43735	0.508261	0.508288	1.01644	1.44853	1.27055	1.70432	1.27048	0.254136	0.568274	1.61693	2.16294	2.00838	1.53508	1.30808	0.803639	0.359409	0.508261	0.401822	0.916242	1.98413	3.4104	3.8024	4.03184	4.09499	3.53995	2.53984	1.76938	1.09299	0.508261	1.13644	1.79653	2.03235	1.65637	2.65139	3.87348	4.4297	3.95146	3.13535	2.81054	1.29563	0.508288	0.359409	0.508288	0.898485	0.568274	0.967642	0	1.44855	1.90966	2.09484	2.03235	1.94313	1.62689	1.04772	0.401839	1.30804	1.09297	0.179706	0.740919	1.76938	2.28614	1.8496	1.04777	0.401839	1.29563	0.740901	0.179706	0.647899	0.401822	0.359409	0.539105	0.254136	0.401839	0.71879	1.52446	1.80543	1.70438	1.40331	1.79653	2.51428	1.44857	1.36837	1.27052	0.254149	0.568274	1.15056	1.87555	1.36837	0.401839	1.09297	2.71744	4.30858	3.78543	2.16299	2.16292	2.94474	1.97599	3.69535	4.52627	3.95137	2.10244	0.898485	1.9348	1.90966	1.27055	0.568274	1.2705	1.65637	1.43735	0.539105	0.401822	2.58994	1.69482	1.30808	2.18519	1.15056	4.3418	5.34547	2.04808	4.33813	1.44857	2.04816	1.98415	0.179706	0.401839	0.762367	1.69482	1.60689	0.71879	0.647931	1.27052	1.76938	3.58944	3.46655	3.05748	2.49505	1.9348
0.401803	0.803567	1.27043	1.52441	1.54543	1.52441	1.53494	1.13634	1.84935	1.79628	1.44844	2.39601	1.98397	1.04768	1.48146	1.93463	2.50126	3.4101	2.44262	2.1628	2.41613	2.34164	1.70422	0.740853	0.508216	0.740853	1.52441	2.44264	3.08861	3.48475	3.56226	3.08861	1.84943	0.76234	0.916161	0.740835	0.359377	0.740853	1.60682	1.79637	1.36825	1.60682	2.44264	2.83891	2.19239	1.13634	0.740853	1.43723	0.76234	1.2052	0.967592	0.91618	0.740853	0.647842	1.20525	1.27043	0.803567	0.401803	0.359377	0.740853	1.20525	1.29558	1.98395	1.80527	1.44842	1.54543	1.94296	2.03217	2.04797	2.03217	1.79637	2.18496	2.22151	1.44844	1.52441	1.79637	2.25042	2.03217	1.53494	0.718727	2.69331	4.01141	4.42928	3.05193	1.27039	2.25031	3.57562	1.90939	4.53643	5.95181	2.8047	1.53489	1.93456	1.70422	4.27823	1.65623	2.44264	2.55227	2.69345	2.83891	2.55227	2.00823	2.69934	3.41482	3.1351	2.57111	1.76922	1.20525	1.13634	1.15046	1.36825	2.81029	2.29987	0.740835	1.27039	0.179691	1.3682	2.416	1.27041	1.15046	0.898405	0.91618	1.07802	0.539057	0.740853	1.76922	2.00823	1.54543	0.967592	0.7623	1.25764	1.60682	2.00823	1.93463	1.48142	1.30793	1.29558	1.04768	0.401786	1.65623	2.89503	3.58921	4.18373	4.58212	4.37839	3.68197	3.04667	2.44264	1.60682	0.803567	0.647874	1.29558	2.55227	3.73393	4.18373	3.9389	3.0572	2.39601	1.48146	1.01641	1.13634	1.13634	0.91618	0.803533	0.7623	1.30793	2.09466	2.66944	2.03217	1.13634	0.254127	0.401786	0.568224	0.647874	0.7623	0.967592	1.15046	0.91618	1.3682	0.359377	1.76915	1.87539	2.04797	2.16273	1.94286	2.50126	3.29513	2.40944	1.1504	1.20525	1.04768	0.740853	0.718727	1.0929	1.79637	2.19239	2.34164	2.89503	2.90057	2.1628	2.19239	2.39601	1.62674	0.898405	1.15046	0.967592	0.967556	0.898382	1.20525	0.967592	2.04787	2.74661	1.84943	1.27041	1.27039	3.45232	4.99303	3.80632	1.77833	1.2052	2.00817	2.96094	3.30001	3.29513	2.34164	2.04797	2.58984	2.55227	1.69475	0.539057	1.76915	2.65115	1.87533	3.33875	4.20285	4.30447	4.82677	1.65617	4.18735	1.30793	1.76922	3.13507	3.33875	3.8399	4.18373	4.09853	2.58984	0.740853	0.401786	1.29552	1.20525	3.05193	4.52587	4.34164	3.30974	2.41613
0.254104	0.254104	0.539005	0.508198	0.740784	1.04758	1.5348	1.65607	2.50091	2.69303	0.740759	1.53473	2.41574	1.30784	1.83172	1.79615	0.401767	2.04768	2.33452	2.53939	2.53939	2.44239	2.16252	1.25751	1.09277	0.898294	0.916068	0.568147	1.15036	1.79621	2.1626	2.28574	2.00805	1.44831	1.5348	1.65607	1.15036	1.09279	0.568171	1.04752	0.898325	1.60658	1.20508	0.916093	1.27026	0.762272	0.898325	1.30784	1.27026	0.568171	1.36813	0.762272	0.179673	0.803495	1.01632	0.967503	0.568171	0.254086	0.401767	0.967456	0.568147	0.179673	1.13618	1.79615	1.76906	1.77817	1.27032	0.568147	0.539005	0.508198	1.07791	2.27147	1.53473	0.179673	0.359342	1.48132	2.53939	2.94437	2.6692	2.53939	3.6066	4.7326	1.70399	1.04752	0.740784	3.42844	3.05672	2.6991	7.33501	5.37457	4.6612	2.71689	0.647816	0.508198	4.03087	3.23556	2.69321	3.68165	3.95076	3.63335	2.97154	2.34134	2.19205	1.65599	1.20508	1.44822	1.27023	0.568147	0.254086	0.568171	0.916093	1.20508	2.7347	3.69469	3.08833	2.18474	0.967503	3.77186	1.77804	1.15036	1.44831	1.27026	1.15028	1.44825	1.44831	1.65611	2.00805	2.09447	2.03199	1.65611	0.762272	0.179673	0.803495	1.43709	2.58944	2.49445	1.44831	1.52428	1.44831	1.04758	0.647816	0.401767	0.401744	1.13623	1.93446	2.09447	2.1626	2.4946	2.7347	2.58961	2.69321	2.74059	1.79621	0.967456	1.04752	1.15028	0.401767	1.61663	1.60667	1.52428	1.29547	0.508198	0.898264	1.04752	0.967456	2.00793	1.65602	0.803495	1.01624	1.83167	1.6946	1.5348	0.803495	0.359342	0.740784	1.54529	1.36813	0.401744	1.30784	2.17002	3.40977	3.00917	2.41591	3.37177	4.1291	3.40977	3.21082	3.42854	3.19557	1.07791	1.13623	1.13623	1.13623	0.967503	0.647816	0.740784	1.25751	1.43709	1.09279	0.762272	0.898325	1.83167	1.83167	1.5348	2.34143	2.55204	1.65611	1.43709	2.18479	3.08833	2.98775	1.65607	0.740759	0.401767	1.44828	3.07254	1.43709	1.53473	1.61663	1.60658	2.80425	2.40908	1.5348	2.22136	2.18479	1.29547	1.15036	1.54529	1.98375	1.54518	1.40297	2.44226	3.5617	2.34134	3.05693	2.83862	2.74042	2.33441	3.93831	1.70399	1.69449	1.15036	3.23577	4.27805	4.12937	3.53932	2.53933	2.16245	0.916093	1.70399	1.36806	0.967456	1.29547	1.79615	1.25751	0.740784
0	0	0.508117	0	0.508117	0.508117	0.508117	1.01615	2.53899	3.04591	1.01615	1.52403	3.04591	1.01615	1.01615	1.52403	0.508117	1.01615	0.508117	0	0	1.52403	2.03167	1.01615	1.01615	0.508117	1.01615	1.01615	0.508117	0	0	0	1.01615	0.508117	0.508117	1.01615	0	0.508117	0.508117	1.52403	0	2.03167	1.52403	0.508117	1.01615	0	0	0.508117	1.52403	1.01615	0.508117	0.508117	0.508117	0.508117	0	0.508117	0.508117	0.508117	0	1.01615	0.508117	0	0.508117	1.01615	0.508117	0	0.508117	1.01615	0.508117	0	1.01615	2.03167	1.01615	0	0.508117	1.52403	0.508117	0.508117	0	0	2.53899	4.05824	1.01615	1.52403	0.508117	4.05824	2.53899	3.55235	6.57666	0	4.5635	2.53899	0.508117	0.508117	4.05824	4.5635	1.01615	0.508117	0.508117	1.01615	1.52403	2.53899	2.53899	1.52403	1.01615	1.52403	1.52403	0.508117	0	0.508117	0.508117	0	0	1.01615	0	3.04591	0.508117	4.05824	2.53899	0.508117	0.508117	1.52403	1.52403	1.52403	0.508117	0	0.508117	0.508117	0	0.508117	0.508117	0.508117	0	1.01615	3.04591	3.04591	0.508117	0	0.508117	0.508117	0	0	0	0	0.508117	0.508117	0	0.508117	1.01615	0.508117	0.508117	0.508117	1.01615	1.52403	1.01615	1.01615	0.508117	1.52403	0.508117	0	0	0.508117	1.01615	1.01615	1.01615	2.03167	1.52403	0.508117	1.52403	2.03167	0.508117	1.01615	0.508117	0.508117	1.01615	0.508117	1.01615	1.01615	0	1.01615	2.53899	1.52403	0.508117	4.05824	5.06805	3.04591	1.01615	3.55235	4.05824	1.01615	0.508117	0.508117	0.508117	0.508117	0	0.508117	1.01615	1.01615	0.508117	0	0	1.52403	1.52403	1.01615	1.01615	0.508117	0.508117	1.01615	2.03167	1.01615	0	0	0.508117	0	1.52403	2.53899	0	2.03167	1.01615	2.03167	3.04591	2.53899	1.01615	1.01615	1.52403	0.508117	0	0.508117	2.03167	2.03167	1.52403	2.03167	4.05824	3.04591	0	0.508117	1.52403	2.53899	3.55235	1.52403	2.03167	1.01615	1.52403	1.01615	0.508117	0.508117	2.53899	3.04591	0.508117	1.52403	1.52403	1.52403	0	1.52403	1.01615	0.508117
0.401689	0.401689	0.803339	1.15013	1.54499	1.94241	1.79586	1.13601	1.79577	2.96003	2.16214	0.568044	2.78653	2.16212	0.17964	1.80477	1.76872	0.967317	0.17964	0.401689	0.254041	1.40272	1.69419	1.27005	1.70374	2.04739	2.57038	2.73417	2.58911	2.19177	1.44803	0.803339	0.508072	0.740643	0.967317	1.48104	1.52398	1.44803	1.27005	2.04729	0.91592	2.33403	2.66866	2.69269	1.79586	0.718523	0.17964	0.740625	0.898104	1.54499	2.34097	2.04739	1.40279	0.508099	0.359276	0.718523	0.538904	0.17964	0.64769	0.915901	0.254041	0.740643	1.30759	1.44801	1.13601	1.01612	0.803339	0.508072	0.89815	1.54499	2.24978	3.2301	2.15467	1.15013	1.36786	1.98339	1.70374	1.84891	1.44803	0.718523	2.09396	4.18235	1.90884	1.76872	2.29934	3.53394	1.90884	3.78391	5.69851	0.64769	3.29404	3.45129	3.23515	2.5389	4.59458	4.76208	2.44193	2.09406	2.57038	3.29905	3.29905	3.41385	3.05625	1.98341	1.44801	1.481	1.29515	0.647658	0.401689	0.718523	0.718523	0.401689	0.17964	0.740625	1.04738	2.97085	1.62628	4.14007	4.39534	3.73287	3.0458	1.93408	0.967282	1.27003	1.44803	1.29521	0.508099	0.401689	0.89815	1.40279	2.16218	2.8039	3.17499	2.98717	3.07198	2.49401	0.401672	0.17964	0.508072	0.508072	0	0	0.17964	0.401689	0.718523	0.718523	0.401689	0.17964	1.09259	1.44803	1.29521	0.967317	1.30759	2.22094	2.65052	3.05106	2.5389	1.48104	0.17964	0.568062	1.04738	1.36786	1.27005	1.09257	1.13598	1.6557	1.27003	1.53451	1.97526	1.70369	0.17964	0.803305	0.359276	0.803339	1.53451	2.04739	2.16961	1.53451	1.01612	1.07771	2.29922	1.5239	0.401672	4.18616	5.19514	2.34086	1.94241	3.83449	3.93355	1.43682	1.40279	2.16218	2.49412	2.16961	1.54499	1.04738	0.740625	0.898104	0.762083	0.401689	0.508099	1.43682	2.18438	1.60636	1.25728	0.967317	1.20491	1.09259	1.40272	1.25728	0.740643	0.568044	0.740643	0.803305	2.19177	4.14011	2.15467	1.481	1.83133	1.6557	2.83797	2.44185	1.79581	0.359276	1.44801	1.84891	1.54499	0.89815	1.8748	2.34093	2.92182	3.42794	3.69819	2.03149	1.44803	2.04739	2.7866	1.79581	2.53881	3.06681	2.00763	0.568044	1.44796	1.29515	0.803305	0.898127	2.34091	3.76701	2.29934	1.25728	1.27001	1.54491	0.568044	1.62628	2.00763	1.60629
0.803254	0.803254	0.762043	0.647621	0.647621	0.898054	0.898054	0.568002	0.567984	1.97505	2.71614	2.00742	0.762002	2.44159	1.53429	0.568002	1.36772	1.44788	1.20478	1.04727	1.30745	1.0776	0.718446	1.54482	1.9422	2.03138	2.34072	2.8939	3.0874	3.05074	2.98685	3.19483	2.94349	2.04718	1.04727	0.359237	1.44788	1.65561	1.83118	3.13376	1.36767	1.29501	0.508018	0.359237	0.567984	0.915804	0.967215	1.09247	0.803254	0.967215	1.0776	0.40163	0.401647	0.740564	0.915822	0.898031	0.568002	0.915822	0.898054	0.17962	0.803254	1.44785	1.48088	1.13589	0.740564	0.647621	0.762043	0.567984	1.61616	3.06649	4.20122	5.43779	4.99746	3.55185	2.79211	2.39507	2.39507	2.24954	2.00742	1.62611	1.44783	3.30828	3.56069	2.51949	2.83781	0.567984	3.58781	6.00267	3.94947	0.508018	1.93381	2.39502	2.78631	2.94349	2.4084	3.91692	6.12075	6.26184	5.09247	4.40946	4.33625	4.09694	3.52459	3.2987	3.53826	3.0874	1.79567	0.568002	0.401647	0.915822	0.915822	0.803254	0.647621	0.647621	0.568002	1.94211	2.19143	2.09384	5.07047	6.46141	6.51031	5.37296	3.94958	2.6684	1.54482	0.967215	1.26991	1.44788	1.54482	1.84871	2.49386	3.05601	3.30845	3.04548	2.1015	0.898009	0.898054	1.04727	0.967215	0.740564	0.647621	1.04727	1.40264	1.30745	0.898031	0.803254	1.20478	1.15001	0.898031	0.401647	0.967215	1.76853	2.55127	3.33745	3.4834	3.29384	2.73388	1.53434	0.718446	0.567984	0.538847	0.718446	0.718446	0.915804	1.09245	1.48088	2.04718	2.24954	1.87466	0.915822	0.359237	0.568002	0.898054	1.15001	1.40264	1.52382	1.29508	0.762043	0.803254	1.48088	2.36119	1.62609	0.803254	4.09286	5.15765	3.63226	4.59081	4.36566	3.05592	0.898031	0.359237	0.538847	0.915822	1.53434	2.04718	2.04718	1.20478	0.567984	1.01596	0.17962	0.568002	0.401647	0.718446	1.01601	1.26991	1.40264	2.03138	1.60619	0.359237	1.69409	2.00742	1.70351	0.508018	1.54474	2.10143	3.41349	4.5941	0.915804	2.7456	2.73388	2.69829	1.13586	1.26991	1.70356	0.803254	0.740546	1.0776	1.70356	0.898054	1.84871	3.57433	3.27424	2.33378	0.718446	0.762002	0.359237	1.26991	1.09245	1.53434	2.57011	1.48088	2.16189	4.31035	6.15698	6.7587	6.86791	4.92021	2.00742	3.24957	4.33996	4.59426	3.52449	1.54474	1.04722	1.76846	3.7452
0.401611	0.401611	0.253992	0.567952	0.897975	1.01592	0.897975	0.567952	0.253992	0.647532	1.13576	1.97487	1.53421	1.2949	1.93364	0.967129	0.401611	0.508	1.29496	1.40252	1.30734	0.647564	0.647532	0.508	0.538799	0.253992	0.179604	0.359205	0.718383	1.0775	1.52368	2.41497	2.98659	2.89919	2.22051	1.83098	1.14985	0.254005	0.915722	3.2934	1.79546	2.51926	2.44148	2.44148	1.54469	0.253992	0.915741	0.567952	1.25703	2.49364	3.29841	2.56986	1.13579	0.401594	1.04718	1.44772	0.967129	0.897952	0.359205	1.20462	0.915741	0.915722	0.647532	0.179604	0.401611	0.538799	0.253992	1.04713	2.55091	2.83744	2.39486	3.41319	4.12765	2.49364	1.83101	1.0775	1.60598	0.967093	1.54461	0.915741	1.65543	1.93364	4.18535	3.56038	1.36755	2.97027	4.83781	4.78139	2.5384	2.24924	3.57391	5.38423	6.11497	5.45785	3.27395	2.5698	3.94923	4.49531	3.00801	1.44772	2.00721	1.48075	1.83098	2.53832	2.61331	2.29889	1.83101	0.967093	1.26978	1.3676	1.3676	1.14991	0.803183	0.359205	0.718383	1.65543	3.35143	2.24924	1.62597	2.83755	3.60978	3.86302	3.69325	3.53794	3.1336	2.16176	1.70341	1.04718	0.647564	0.74048	1.04713	0.567933	0.179604	0.179604	0.253992	0.567952	0.761975	0.897975	0.897975	0.647564	0.740499	1.2698	1.54469	1.98302	1.44772	1.29496	1.60605	1.13579	1.79542	1.01592	1.44768	1.70335	1.65543	1.44775	1.4477	1.2949	1.5236	1.14985	0.74048	0.803183	1.40252	1.84855	1.70341	1.44772	1.30734	1.40252	1.29496	0.803183	0.359205	0	0.401611	0.761975	0.647564	0.401611	0.253992	0.567952	0.761975	0.647564	0.803149	1.60598	2.22045	1.2698	0.740499	3.20944	4.0095	3.04521	2.69216	1.84855	0.897952	0.401611	1.14991	1.79551	1.65546	0.740499	0.718383	1.13579	1.48071	0.401611	0.761935	0.567952	1.2698	1.40252	1.29496	0.718383	0.897929	0.915722	0.967129	1.76831	1.65537	0.803183	1.83098	2.27062	1.3073	0.915722	3.29829	1.3073	4.95511	2.55091	1.26983	2.56988	2.61331	1.65546	1.04713	1.3676	2.00727	2.33362	2.50007	2.78606	2.51286	3.04505	1.48071	1.01587	1.2949	0.718383	1.44775	1.84855	1.40252	1.53415	1.40244	0.967093	1.94193	4.73083	4.60773	5.82749	6.96111	7.47731	7.63362	4.3763	6.44837	5.37544	5.73099	6.25845	2.03109	2.73353	3.22947	4.43425
0.253969	0.567901	0.91566	0.91566	0.897895	0.897895	0.567901	0.179589	0.401558	0.538752	0.740433	1.25692	1.43641	0.507955	1.20452	0.915641	0.647474	0.401558	0.253983	0.179589	0.401558	0.567883	0.897849	0.179589	0.740415	0.897872	0.897895	0.897895	0.567901	0.567883	0.567901	1.04708	1.53407	1.7953	1.48058	1.40232	1.70326	2.41476	2.29869	2.10106	0.967043	1.83082	0.359174	0.401558	0.915641	1.26969	1.30722	0.740415	2.007	1.83082	1.80426	2.69783	2.39465	1.98284	1.04708	1.09226	1.07741	1.29485	1.01583	0.740415	1.54455	1.65529	1.09226	0.253969	0.401576	0.538752	0.253969	0.897849	2.58825	3.1332	2.04673	2.33332	3.53294	2.00707	2.69783	2.16899	2.44116	0.359174	2.00709	3.05547	3.13846	2.80882	3.4034	2.8087	4.51261	7.16617	5.82688	2.40807	1.60584	2.4933	4.26086	5.37188	5.60701	4.56905	4.84067	3.52387	0.401576	2.71562	3.09714	1.94186	2.92094	1.30718	2.24904	3.17902	1.80426	1.13569	1.7953	2.16152	2.36081	2.00709	1.84838	1.65531	1.14981	0.179589	1.40239	2.80882	2.87102	1.44758	4.23086	6.09367	5.82698	3.81258	1.65531	0.401558	1.44758	1.36748	1.04708	0.761908	1.04708	1.53407	1.65529	1.20457	1.14981	1.40239	1.60591	1.53407	1.14981	1.01583	0.897895	0.761908	0.91566	1.44755	0.647474	2.19104	2.33337	2.34031	2.16899	1.36748	2.04671	0.253983	1.77722	1.76815	1.4476	1.20457	1.30718	1.04703	1.61587	1.87432	1.70326	0.967043	0.179589	0.567883	0.761867	0.915641	1.04708	1.54455	2.04681	2.16157	2.03102	2.03102	1.79535	1.52355	1.65531	1.65531	1.43641	1.01578	0.647506	0.567901	1.26965	1.9083	1.60584	1.20457	1.20457	1.79526	2.18372	2.03102	1.9084	1.54455	1.04708	0.897872	0.740415	0.253969	0.538752	1.20452	1.04703	0.567883	1.54447	0.401576	0.718319	0.179589	0.897872	0.897895	0.740433	0.803077	0.803077	1.13565	0.803077	1.53402	2.39465	3.17409	3.2093	2.18376	1.13565	0.359174	2.53805	1.07741	4.37569	3.0867	1.83082	2.18376	1.60591	1.07741	1.93346	1.14981	1.53407	1.7953	1.69371	1.54447	2.10106	4.00914	3.2093	3.42704	4.4268	5.12281	5.70836	6.50916	7.11545	7.61241	7.99739	8.02875	6.34384	4.15819	2.64965	2.04679	1.65531	1.76822	4.77076	1.09228	5.22125	1.04703	5.48039	7.09284	1.43641	4.43386	4.30204	4.30204
0.915563	1.26955	1.36733	1.20444	0.8978	0.740354	0.740336	0.401516	0.179569	0.359135	0.401516	0.647406	0.966905	1.01567	1.04697	1.80405	1.20439	0.253942	0.179569	0.538694	0.253955	0.507874	0.647406	0.179569	0.761786	0.761786	0.253942	0.253942	0.179569	0.567823	0.401516	0.803026	1.26955	1.07729	0.647406	0.803026	1.84819	2.29844	2.16134	1.40224	0.718243	0.96694	1.79516	1.9082	1.40224	0.401533	0.740354	1.94156	2.89295	1.80405	1.44747	2.49958	3.29777	3.44995	1.97449	0.401516	0.966905	0.507901	1.25679	2.10091	2.66764	2.8763	2.16123	1.09216	0.8978	0.401533	0.718243	1.26955	1.29465	2.36052	3.23386	3.87053	3.96049	2.3944	2.33312	1.8481	3.53709	2.27025	2.98601	3.3365	2.92073	2.0466	0.507874	3.48241	7.72641	7.57414	2.837	2.92063	4.26052	1.9082	2.04657	4.74355	5.3744	5.46553	2.73311	1.13553	2.34001	3.05506	3.07078	1.9082	3.4125	3.04981	3.69237	3.17358	0.567823	0	1.29471	2.837	4.12696	4.42633	3.98078	3.81218	3.5868	3.06562	2.15383	1.53385	1.79516	4.76039	5.90766	5.82637	4.97689	3.60457	2.28428	2.66762	2.95895	1.94156	1.76803	2.2844	2.16876	1.87407	1.87407	2.09325	2.29844	2.03081	1.70308	1.44744	1.04697	1.14968	1.40224	1.40224	1.36733	2.15383	2.09325	3.42657	3.2338	2.55055	2.89862	2.19092	1.44744	0.507901	1.44744	2.5881	3.69689	3.6795	2.4145	0.803026	0.647437	1.69361	2.27025	2.10091	1.79516	2.0466	2.441	2.69164	2.92073	2.66764	2.0466	1.79516	1.77713	1.77713	1.54438	1.26958	1.44747	1.65514	2.49958	3.36999	3.3365	2.66764	2.74482	2.71537	1.14968	0.359135	0.647437	0.966905	1.04692	0.253955	0	0.567841	1.04697	1.60574	2.00688	2.00688	1.40224	1.26953	1.13553	0.803026	1.87413	2.53791	2.55055	2.16134	2.16134	2.4145	2.4145	2.0466	1.40224	1.07729	1.48042	1.54438	2.53791	3.3365	3.04462	1.79516	0.507901	0.647406	1.26955	4.0446	5.73821	4.53688	3.35087	2.44098	1.44747	1.48042	1.44742	1.14968	0.915563	1.53385	2.58797	1.9081	2.19092	5.51485	7.25315	6.95068	6.47919	6.5787	7.57635	8.74703	8.98481	8.49115	7.67751	6.7192	5.04374	1.48046	1.53391	2.56938	2.92073	4.00884	4.31645	1.93333	4.15775	4.56857	5.38314	3.93608	5.06904	6.93919	5.3862	2.16876
0.802955	1.13543	0.718179	0.401497	0.253919	0.567772	0.647348	0.507829	0	0.40148	0.915463	0.915481	0.897697	1.60553	0.740289	2.00661	1.79491	0.40148	0.538647	0.718179	0.538647	0.567772	0.567772	0.253919	0.74027	0.897697	0.89772	0.89772	0.64738	0.718179	0.966819	0.567772	0.74027	0.718179	0.64738	0.64738	0.802921	0.179554	0.179554	0.507856	1.44734	1.94148	2.09306	2.03063	1.94148	1.80391	0.718179	2.53755	3.4262	1.14952	0	0.359104	1.13547	3.06524	2.94224	0.56779	1.20433	1.795	2.21988	1.98246	1.14958	3.5863	3.5863	1.09206	0.56779	0.761719	1.36716	1.25668	0.802955	0.359104	1.90803	2.78527	2.18329	1.20428	0.74027	3.40274	4.53285	2.18333	1.13547	0.359104	0.40148	0.897697	2.15363	3.96014	5.65943	2.49281	4.75981	6.29975	4.59255	4.15739	1.69338	2.66726	0.253933	2.16848	2.64914	2.2842	1.65497	2.19061	2.16104	0	1.76781	2.74452	4.7295	3.5729	1.69346	1.43613	1.01558	1.44731	2.16115	2.78527	2.33296	2.16115	2.49293	3.13269	3.62644	3.53239	4.19581	4.33458	1.65499	1.29453	2.26998	3.69204	4.7295	3.41222	3.79904	4.76983	3.13269	3.04435	3.20867	4.00836	3.5863	1.44729	1.14958	0.897697	1.2694	1.04683	0.179554	0.40148	0.56779	0.740289	0.718179	1.30697	2.16115	2.51215	2.09296	0.359104	1.30693	1.09206	0.89772	0.761759	1.14958	2.0067	2.55032	2.64925	2.33981	1.62549	0.915463	0.253919	0.915463	1.26944	1.65499	2.29824	2.44078	2.19072	1.90803	1.44731	1.01558	0.401497	0.253933	0.253933	0.567772	0.253933	0.567772	0.253919	1.36721	3.17347	4.02842	3.29262	2.61257	2.53764	2.00667	1.44729	0.507856	1.40205	2.33979	2.2842	2.0067	1.13547	0.507829	0.89772	1.54425	2.0067	1.93316	1.20433	1.26942	1.04688	1.94148	2.98574	3.05488	2.33985	1.54425	1.54425	1.77697	1.77697	1.69346	1.29459	1.83046	0.89772	0.56779	0.647348	0.507829	1.01558	0.507829	0.647348	1.62549	4.95379	5.01467	3.69651	1.94148	0.401497	0.647348	1.52317	0.647348	0.253919	0.64738	1.09204	2.41416	2.66726	3.29736	3.57301	4.23004	3.76954	2.56913	1.52325	2.89274	3.23351	1.94148	2.10065	2.44066	3.40274	4.13806	2.39413	0.64738	0.897697	1.62551	3.04954	2.92043	2.80828	4.00848	4.97645	2.92047	1.98246	4.60643	4.67184	1.69346	2.49927
0.802882	1.09193	0.966766	1.01554	0.802882	0.359069	0.507775	0.64728	0.401461	0.538594	0.761638	0.64728	0.802837	1.29439	0.401438	1.65473	1.87371	1.44721	1.69331	1.84786	1.40199	0.647322	0.253892	0.567738	0.915395	0.74022	0.401461	0.179536	0	0.401438	0.91537	0.966766	1.20423	1.44721	1.52311	1.29448	0.647322	0.25391	0.401461	1.25655	1.54411	1.26935	0.401461	0	0.507775	1.29439	1.09196	2.33263	3.04386	1.13532	0.401461	0.25391	0.74022	3.04915	3.05439	0.567714	0.179536	0.802837	1.3068	0.91537	0.25391	3.44918	4.2596	2.33275	1.40199	0.89761	1.26926	1.04672	0.179536	0.401438	0.966719	1.29439	1.1494	0.538594	1.44721	2.80786	3.2082	2.33275	2.16096	2.16096	2.19053	1.93298	3.0702	4.21809	3.76899	0.761692	5.99965	5.76186	2.87579	5.01738	5.43528	3.79882	2.29804	3.24809	3.57253	0.647322	0.401461	1.65473	1.93289	0.740195	1.14948	2.92015	5.38503	4.08705	1.48019	1.79478	2.21967	2.8981	3.08598	2.56892	1.53363	0.89764	0.567738	1.4019	1.90773	1.04672	1.65473	1.93289	1.07709	1.94118	1.44712	3.23322	6.25877	5.4761	3.24804	5.06782	3.1323	0.802882	1.65476	3.78171	3.58592	2.21967	2.284	2.00652	1.25655	0.567714	1.04679	1.53363	1.60545	1.60545	1.60545	1.40199	0.761692	0.64728	1.53356	0.915395	1.09193	1.07709	1.44721	1.90786	2.09287	2.33275	2.33965	2.00652	1.83027	1.01547	1.07709	1.13536	0.966766	0.74022	0.718109	0.718109	0.538594	0.567714	0.401461	1.1494	1.3068	1.01554	0.802882	0.359069	0.401461	1.04679	1.36709	1.36709	1.62532	1.2693	1.26932	2.10043	0.647322	2.39396	2.0462	2.16087	1.65484	1.80371	2.16081	0.401438	1.09196	1.62532	1.44712	0.507775	0.179536	0.91537	1.09193	0.359069	1.01547	0.64728	0.897579	0.897579	0.179536	1.09196	1.54411	1.84786	1.90786	2.16096	2.33965	2.284	2.0462	0.966766	0.647322	0.567738	0.761638	0.567714	1.40199	2.53746	4.18392	5.79498	3.95975	2.71487	2.44057	2.33275	1.65481	1.80371	1.44721	1.48019	1.07709	0.802837	2.16081	2.79063	4.18372	3.2331	1.90786	3.46329	4.6475	5.32283	5.94677	5.38526	4.08726	4.33409	3.8489	3.38344	3.46312	2.33958	1.44721	0.802882	1.43599	2.87018	2.87579	1.14948	0.718109	1.44715	1.7027	2.73833	2.92015	4.25974	3.44475	3.80291
1.07699	0.897522	0.897545	1.01543	0.802798	0.359034	0.50773	0.897499	0.538542	0.401419	0.25387	0.897499	1.29428	0.802764	0.179519	0.897499	1.25643	1.40185	1.65467	1.84766	1.53347	0.897522	0.25387	0.56768	0.915303	0.647254	0.538542	0.401402	0	0.179519	0.56768	0.897545	1.14936	1.40185	1.52295	1.48004	0.897522	0.253883	0.538542	1.87354	1.70259	1.62519	0.740126	0	0.50773	0.802764	0.897545	1.65461	2.03012	1.13521	0.538542	0.253883	1.30667	2.80761	2.04591	0.567662	0.401402	1.29428	1.53342	0.56768	0.253883	2.04594	3.62567	2.7146	1.53347	0.647254	0.76157	1.04663	0.401402	0.179519	0.740126	1.79456	1.40177	0.966631	1.80356	1.25643	1.43585	2.24826	2.1903	2.1903	2.16073	1.79465	3.6957	4.2177	1.98205	2.16806	6.23772	5.52458	3.4256	3.84872	5.43472	3.60805	2.29779	3.24777	2.16068	0.740144	0.538542	0.897499	1.48	1.94101	2.00625	2.56865	5.60468	4.98809	1.7946	1.48004	1.9411	2.69088	3.08565	2.44031	1.40185	0.966666	0.56768	1.1493	1.65458	1.04663	0.897499	1.48	0.802798	1.69305	0.401419	2.49244	5.44347	6.09117	2.53714	2.89769	4.25918	1.07699	2.33242	3.04888	1.60521	1.9411	2.28376	1.90766	0.966666	0.567662	1.26919	1.65464	1.60528	1.60528	1.60528	1.44705	1.26917	0.179519	1.30667	0.915303	0.897522	1.48	1.80356	1.9411	2.09265	2.24826	2.3394	1.90766	1.13525	0	0.802798	1.13525	0.897545	0.647254	0.718039	0.718039	0.401419	0.567662	0.538542	0.401402	0.740144	1.01543	1.07699	0.802764	0.740126	1.26919	1.36694	1.36694	1.26919	1.26917	1.04668	2.80761	2.49233	2.16815	1.77663	2.35985	1.69313	1.14936	1.40177	1.1493	0.897545	2.04594	2.19019	0.50773	0.401402	1.36689	0.897522	0.802764	1.01538	0.897499	0.647222	0.647222	0.647222	0.897545	1.54395	1.84766	1.9411	2.1903	2.3394	2.28376	1.77663	1.44701	0.740144	0.56768	1.26915	0.567662	1.97393	2.73233	4.66065	5.20404	3.24777	2.8755	2.41382	2.7146	2.16066	1.61524	1.40185	1.7946	1.48	1.29428	2.41369	2.28363	4.43568	4.47872	2.35989	3.17285	4.43592	5.36993	5.84919	5.13014	4.3301	5.82721	5.06736	2.89213	2.78465	2.33935	1.80356	0.802798	1.01543	2.26961	3.4256	1.80354	0.718039	0.966666	0.915303	1.09183	2.41382	3.93106	3.53626	3.05421
0.897443	0.567611	0.253861	0.253847	0.567629	0.915222	0.740079	1.47987	1.6545	1.65452	1.13515	0.401366	1.62504	2.04583	2.28355	1.77647	0.761543	0.179503	0	0.359002	1.09175	1.6545	1.60514	1.60514	1.53334	1.04658	0.401383	0.359002	0.647196	0.761543	0.567629	0.179503	0	0	0.179503	0.89742	0.89742	0.253847	0.567629	1.98188	2.04581	1.62504	1.26906	0.897466	0.802727	0.359002	0.359002	1.07689	1.93261	3.42541	4.44992	4.19847	2.9849	1.82994	1.13511	1.13515	1.13515	1.80338	1.97375	1.52282	1.52282	1.30659	2.04573	1.94083	1.13511	0.717975	0.538494	0.761503	0.567629	0.897466	0.96658	1.54373	1.30656	1.30656	1.26904	0.401366	0.96658	1.36682	0.761543	1.20394	1.44693	1.65452	3.53126	3.38284	1.25632	5.21886	6.38046	4.5911	2.73785	0.567611	3.29642	3.27204	2.29759	3.30624	2.9849	1.94093	0.507685	1.47991	1.13515	1.47987	3.30624	2.91965	3.62971	4.56666	2.69057	1.43573	0.401366	0.253861	0.179503	1.07689	1.13515	1.40172	2.16054	2.40692	2.00611	1.62504	1.65452	2.40692	2.53697	2.2694	1.53334	2.33225	2.18268	3.20763	4.392	3.55855	2.41348	2.58714	3.42534	2.87523	1.44693	1.04658	0.567629	0.179503	1.13511	1.40165	1.04653	0.761503	0.567629	1.09175	1.30659	1.36682	1.44688	0.179503	1.20394	0.717975	0.740079	1.62503	1.9819	1.8475	1.40172	0.802727	0.359002	0.359002	0.507712	0.802727	1.01534	0.647196	0.253847	0.401383	0.897466	1.65452	1.90749	1.54381	1.04658	0.647196	0.647196	1.04658	1.4469	0.717975	1.29416	1.47987	1.13515	0.802727	0	1.29423	1.79449	2.24796	3.4439	0	0.74006	1.36677	1.65452	2.24806	2.73798	3.60773	4.0629	4.09426	3.09572	1.8475	1.94093	2.61183	2.49222	1.69298	0.717975	0.717975	1.20399	1.26908	1.30656	0.74006	0.761503	0.74006	0.717975	0.717975	0.740079	0.647196	0.740079	1.62504	1.54381	1.30659	1.80338	1.26908	1.84742	1.26904	3.04861	3.74275	2.51782	2.33913	2.6485	4.21742	3.62986	2.33919	1.44693	1.30656	1.6929	2.10005	3.69537	4.31485	5.55864	4.99407	2.33913	0.897466	0.179503	1.04653	2.04573	1.1492	1.53328	5.48944	6.44474	5.65802	5.45181	5.12657	4.53171	3.20776	2.03005	1.53334	3.09566	3.05394	1.54381	0.647196	0.802727	1.01534	1.44688	0.567611	1.26906	1.62503
0.401341	0.401324	0.179484	0.538437	0.507631	1.29409	2.64822	3.74246	2.69035	1.44673	1.01518	0.567551	1.01524	2.09225	2.66637	2.56815	1.82978	0.915106	0	0.538437	0.802642	0.538437	0.358964	0.74	1.09164	1.09164	0.717899	0.179484	0.25382	0.179484	0.739982	0.567569	0.507658	0.358964	0.739982	0.717899	0.358964	0.966478	0.802642	0.401341	1.8473	1.77628	0.915125	0.179484	0	0.179484	0.74	1.40157	2.49196	3.60735	3.38265	2.56813	1.26895	0.358964	1.52266	2.18987	2.43983	3.04842	3.877	4.43506	4.55939	4.06247	2.43983	1.30642	0.897324	0.538437	0.401341	0.25382	0.567569	1.13503	1.44677	0.507658	1.54365	2.18987	1.53317	1.09164	0.897347	0.717899	0.717899	1.76712	1.09164	1.04647	2.95746	3.58947	5.2397	7.31878	5.0413	2.3932	1.65428	3.09539	5.37171	4.56632	3.30594	3.30589	2.73769	3.29134	3.65584	2.51757	1.54365	3.62948	6.7536	8.71251	5.52663	1.26893	3.9586	2.4983	1.29403	0.567551	1.79425	2.78998	3.55817	4.37336	5.08861	4.68719	3.29622	2.09225	1.6928	2.16031	2.5367	2.02984	1.65432	1.87323	1.29409	0.89737	3.42504	3.95864	2.4983	3.94658	3.53557	0.567569	3.13149	4.19803	3.42504	2.5367	2.35943	2.4983	1.09162	1.04647	1.26897	1.13503	1.07678	0.915125	0.538437	0.25382	0.966442	0.966478	0.761462	0.358964	1.7943	2.69035	2.58686	2.16031	1.90729	1.77628	1.77628	1.44677	0.74	0	0.538437	0.567569	0.567569	0.567569	0.401341	0.179484	0.179484	1.13503	2.56815	3.08505	2.69035	1.65432	1.90719	1.54357	0.739982	0.401341	1.04642	1.80321	2.00592	1.30646	2.66623	0.915125	0.897347	1.14913	2.40667	3.20742	3.67774	4.33666	4.68719	4.33666	3.05369	2.18987	2.28331	3.1924	3.97889	3.6295	2.58686	1.53317	0.802608	1.65432	2.04554	0.915106	1.13499	0.966442	0.647096	0.507631	0.25382	0.25382	0.25382	0.966442	1.20386	0.89737	0.802608	0.74	1.6049	1.47972	1.69272	2.35939	3.57162	4.72788	5.76875	4.33296	1.26895	2.21901	3.29134	2.87492	3.76792	4.50999	5.54949	5.38062	4.65975	4.15577	3.09539	2.58686	1.80319	0.89737	2.69624	2.18248	1.60497	2.80132	3.44825	4.36235	5.20316	5.76047	6.05086	5.28818	4.00693	2.74351	2.56807	2.33888	2.04559	1.90729	2.7318	3.44371	3.9303	2.7318	0.74	0.567551
0.358932	0.179468	0.401288	0.401305	1.3665	1.84706	2.69005	3.24685	2.18225	2.89132	1.13493	0.401288	0.567501	1.26879	0.538389	1.3063	1.70206	1.69257	0	1.53298	1.76703	1.79414	1.29398	0.897291	0.567519	0.647039	0.647039	0.401305	0.64707	0.966392	1.09154	0.64707	0.507613	0.802537	1.29391	0.401305	0.647039	0.897291	1.36656	1.4466	0.507586	0.717835	0.507586	0.802571	0.802571	0.647039	0.966357	0.739935	1.3063	1.01509	2.21876	3.05333	2.09972	1.47962	1.13493	1.14903	1.40145	1.79414	2.41313	2.94099	3.04289	3.04815	2.5679	1.01515	0.739916	0.179468	0	0	0.507586	0.897245	0.915025	1.54343	2.09965	1.52252	1.40145	0.761395	0.253811	0.915044	0.253811	1.26883	2.28311	2.66613	3.3056	3.69477	4.83743	4.82083	1.20371	0.739935	1.52252	3.60249	4.82086	2.69005	1.43545	2.53634	0.358932	1.47962	3.65552	4.13616	2.54911	4.1554	5.54613	5.82308	8.38783	3.38218	4.2278	3.29576	1.94046	1.52244	3.1311	2.16753	2.54911	3.23203	2.98432	2.66611	2.00571	0.915044	0.253798	0.401288	0	0.507586	1.01509	0.507586	0.507586	1.14897	1.04633	4.33606	5.31152	1.53304	0.915044	4.16688	5.73498	5.19047	4.25813	2.56793	2.56785	3.04801	1.09154	1.01515	0.802571	0.179468	0.739916	0.717835	0.507613	0.179468	0.761395	1.40145	1.44664	1.26882	1.04633	0.897291	1.30634	1.40145	1.6542	2.04544	2.28311	2.33184	2.00571	1.09152	0.401305	0.897291	1.40145	2.16012	2.29714	1.76703	1.09154	2.18957	2.696	2.04544	1.54351	2.33175	2.43949	1.3665	1.09152	0.401305	1.54343	1.65411	0.647039	0.567519	1.54343	0.761395	1.04638	0.897268	1.53298	1.65414	1.13493	0.966392	0.64707	0.507613	0.717835	0.401305	0.538389	1.09154	1.54351	2.21882	2.26896	2.35922	2.80681	0.538389	2.68998	0.647039	0.915025	1.26882	1.09152	0.717835	0.739935	0.64707	0.739935	2.7138	2.80693	2.39304	0.897291	0.538389	1.77603	2.16744	1.62473	0.401305	1.52252	3.29105	3.13635	2.00565	4.43089	5.09121	4.6216	5.88253	7.00075	4.33245	3.83084	2.89132	2.29702	3.54865	2.73145	1.76703	3.4479	1.76696	2.53639	2.00571	2.24763	3.27146	2.49816	1.30634	0.897245	1.53298	2.78387	2.87467	2.89136	3.04801	2.94084	1.47959	0.358932	1.29398	2.51095	2.66611	3.17697	3.41057	2.16005	1.29398
0.253771	0.401269	0.739866	0.966304	1.47944	2.02933	2.21854	2.74301	3.23165	2.89101	0	0	0.401246	1.30617	1.13482	0.89718	1.26866	1.94025	0.507568	1.79386	0.89715	0.253771	0.538336	0.647012	0.897211	0.966304	0.567467	0.17945	0	0.401246	0.567442	0.253789	0.401269	0.802453	1.13477	1.44651	2.21861	2.09187	2.00556	2.35895	1.44646	0.914958	0.914933	0.567442	0.567467	1.26871	1.65402	1.60468	1.87289	1.76687	2.26866	1.90682	1.14893	1.5329	1.30622	0.897211	0.647012	0.401269	0.567442	0.538336	0.647012	1.09141	1.40123	1.14893	1.44651	1.14893	0.897211	0.647012	0.717765	1.30617	1.09141	2.41275	2.68969	0.507568	0.507568	0.802453	0.802453	0.717765	0.739841	0.253789	0.538336	0.401246	2.18948	5.86604	7.82256	6.89818	4.69996	2.74301	2.33151	3.95786	3.23159	1.14885	1.01498	2.56759	2.28291	2.15986	1.79392	3.23168	2.49794	1.84686	5.29905	3.69012	7.37723	4.02592	4.95093	3.34854	1.44643	1.65394	3.13077	2.09952	2.18948	2.83511	2.7372	2.43937	1.80288	0.89718	0.739866	1.40132	1.54337	0.897211	0.401246	1.04629	1.30622	1.43531	1.47948	4.17792	4.93793	0.89718	0.802453	5.31992	5.08736	1.25595	3.69428	2.957	1.43531	2.5107	2.89119	2.00556	1.26869	0.567442	0.739841	0.717765	0.401269	0.17945	0.802498	1.01506	0.802498	0.89715	1.62457	1.65405	1.29386	1.01506	0.802498	0.89715	0.567467	1.25595	1.80285	1.98132	1.84697	1.65405	1.60468	1.60468	1.44651	1.44648	1.07658	2.29678	2.56759	1.65405	1.76687	2.56759	1.65394	1.44651	2.49151	2.78949	2.49794	1.98132	1.54337	1.40132	0.358897	2.78368	2.83514	1.54337	1.87282	2.18203	1.93206	2.29694	2.29694	1.6925	1.26871	0.567467	0.253771	0.89718	1.29386	1.65402	1.09144	0.802453	3.23165	3.42444	3.95791	2.4394	1.77597	0.253771	2.41292	3.80968	3.94588	3.55754	2.91882	3.06874	1.44648	2.26866	1.65394	2.39282	3.09482	2.51708	0.358897	1.8294	2.18208	2.18208	1.29386	4.08503	5.45285	2.91862	1.76687	7.91395	8.36633	3.57083	2.49782	1.54327	1.65397	4.13566	3.83045	2.09187	3.5302	1.47944	3.58433	3.69444	4.12426	5.04364	5.45323	5.20227	4.62119	4.24649	4.25771	4.04194	4.13577	4.65545	5.02453	4.0892	3.69447	3.4431	2.33163	0.401246	1.9813	3.13077	2.43927	1.30617
1.04617	1.44636	1.65388	1.79379	1.20352	0.80238	1.70178	2.49125	2.43912	1.65381	0.401227	0.646944	0.646944	0.179433	1.04617	1.01495	0.739772	1.4463	0.761246	1.04613	0.73979	0.897116	0.646944	0.567408	0.646944	0.897116	1.01495	1.04617	1.01495	0.646944	0.253762	0.761246	0.507514	0.179433	0.897116	1.47933	1.43517	0.401227	1.20347	1.94008	0.914865	1.76669	1.54321	1.04617	0.761246	1.04617	1.60451	1.94017	2.33828	2.73691	2.16711	0.717695	0.358862	0.89707	0.646912	0.507514	0.897116	1.04617	1.20352	1.40118	1.54321	1.20352	0.358862	0.358862	0.179433	0.253749	0.253762	0.897116	1.53274	2.15965	1.60451	3.58389	3.23127	0.802414	0.646912	1.98111	2.21839	2.09165	2.00532	0.914865	0.80238	2.51046	5.55653	7.11369	5.51068	2.04504	1.09131	2.95662	4.42279	3.46115	2.21839	3.17134	3.05283	0.802414	0.897116	0.401227	0.538284	2.28266	3.97769	2.04496	3.23136	4.58603	3.58844	2.09165	4.11985	2.15963	0.538284	0.897093	2.61082	3.58407	3.80928	4.12383	4.47681	4.19684	3.17134	2.1597	1.44636	0.567408	0.80238	0.567408	0.73979	1.04617	1.79379	3.05283	4.06132	3.44733	2.91836	1.70178	1.29372	3.80908	4.70948	4.72652	6.11947	4.88581	3.79662	1.26859	0.914847	1.44632	1.82923	1.13471	1.09133	0.73979	0.538284	0.507487	0.567408	1.04617	1.26861	0.802414	0.401227	1.14881	1.04617	0.646944	1.14875	2.8908	3.76701	4.37213	4.25731	3.60633	3.13574	2.68959	2.80068	3.305	3.55716	3.62848	3.44274	1.90675	0.897093	1.69232	1.70178	1.62439	0.401227	2.09931	2.91851	3.29529	2.54861	1.20352	0.966204	1.29372	2.91836	4.50866	4.08878	3.44733	1.43517	2.33817	1.98111	1.90675	1.8727	1.44632	1.09131	1.04617	1.14881	0.567408	0.966168	1.43517	1.29372	0.914865	1.44636	3.47977	3.13061	2.18925	2.33828	2.71327	1.76662	0.73979	1.40118	1.40118	0.646944	1.43517	2.2967	3.27082	3.05274	0.966168	1.94017	4.18158	6.34585	7.34911	6.64551	5.31974	3.624	5.94307	4.69922	2.80068	6.27553	8.92734	6.80042	2.04496	1.69224	1.36624	1.01495	3.58846	4.84636	2.28266	1.70173	1.09133	2.89631	1.76662	0.802414	1.79379	3.33397	4.93776	6.57374	7.28453	6.89747	6.10916	5.89773	5.64736	5.44088	4.193	2.68959	1.44636	1.14875	2.15965	2.39257	2.26845	1.60445	2.71327
1.1346	1.1346	1.01486	0.966118	0.739706	0.35883	0.538236	0.401174	0.507442	0.896991	0.538236	0.739725	0.761179	0.914766	0.253726	0.401191	0.401191	0.761138	0.25374	0.253726	0.567358	0.897036	1.01486	1.14871	1.54307	1.77562	1.54307	1.14871	1.01486	1.07638	1.0148	0.507469	0.646855	0.538236	0.401191	0.401174	0.966118	1.76653	2.89058	1.93169	1.14865	1.25572	1.01486	0.802343	0.35883	0	0.179417	0.401191	0.646887	1.04608	1.04608	0.739725	0.897036	1.62427	1.04608	0.739706	0.35883	0.646887	0.897036	1.01486	0.897036	0.567358	0.401191	0.897036	1.2685	1.14871	0.897014	1.04603	1.25572	1.82906	0.897036	4.69881	3.80874	0.802309	2.00509	2.74243	2.00515	1.60437	2.18163	1.6043	2.00509	3.91239	4.98528	3.08375	2.87386	4.99182	4.12347	0.761179	3.945	5.20115	3.44707	3.13546	3.29497	3.23105	1.44623	1.36617	1.09123	1.65364	2.33109	3.85885	0.717632	1.1346	1.07638	1.69209	1.54299	1.04603	0.253726	0.567358	1.14871	1.65373	1.69217	1.60437	1.79363	2.02908	1.93169	1.60437	1.07638	1.87248	2.04483	1.40105	0.507469	0.507442	1.09121	2.39236	2.78895	1.84662	0.761138	1.09123	1.01486	1.52201	2.61058	4.08447	4.30164	2.4389	3.40492	3.44703	2.28246	1.04608	1.04603	0.914784	0.567358	0.179417	0.507442	0.646855	0.56734	0.761138	0.567358	1.09123	1.25572	0.567358	0.56734	0.538236	2.33109	4.36059	3.95717	3.53426	3.76661	2.51663	1.79359	1.1346	1.29361	1.79363	2.18906	2.5672	2.68935	2.87388	1.47917	0.507442	0.646855	0.739706	1.13457	1.6043	0.717632	0.507469	1.29355	0.739706	1.09121	0.179417	4.43318	5.20099	1.44621	3.52957	0.646855	2.64712	2.33796	0.401191	1.53255	1.70157	0.538236	0.717632	1.14871	1.44621	1.65367	1.69209	0.739706	1.26847	2.64712	1.26843	0.179417	0.802309	0.507469	2.71303	3.29497	4.64439	5.36691	5.01417	3.76668	2.91825	3.47946	4.02534	1.90658	2.71303	4.7261	6.00921	6.87166	6.25226	4.81638	3.68941	5.44024	8.21378	2.02897	4.30164	5.21644	5.77191	3.53409	0.646887	1.80254	2.40567	0.896991	1.26846	4.42237	1.04603	0.567358	0.646855	1.97281	2.96729	3.295	3.13546	2.87388	2.29637	2.53571	3.65448	4.53297	3.62362	3.91239	3.92868	3.72807	2.66524	1.82906	2.53571	2.89058	2.152	1.07638	0.646855	1.65373	3.2261
1.30583	1.09111	0.56728	1.04597	2.00493	1.43489	0.538179	0.401132	0.401149	1.36602	1.9398	2.09125	1.90638	1.53244	0.802258	0.646818	1.04597	1.20329	1.01475	1.01475	0.646818	0.253713	0.567298	1.04597	1.36602	1.26836	1.25559	0.507388	0.507415	0.646786	1.26834	2.04464	2.00496	1.14859	0.646818	0.507415	0.401149	0.96598	1.93141	1.0147	2.26808	3.00455	1.84642	0.896941	0.358792	0.179398	0.253713	0.179398	0.179398	0.401149	0.802258	1.29347	1.44608	1.26834	0.761098	1.25559	1.13448	1.01475	0.896941	0.646818	0.507415	0.538179	0.179398	0.507388	0.179398	0.401149	0.802224	1.29341	1.13445	1.47901	1.6042	4.17674	3.06259	2.09125	2.09883	2.41207	0.717556	2.18144	3.42334	3.27018	3.22576	3.85844	2.68893	3.80013	7.14326	5.71342	4.35657	3.58776	1.36602	2.73625	2.15923	2.04461	2.49719	4.13456	3.47909	3.19088	3.28977	3.91208	3.20589	3.47897	1.62408	0.739628	1.52185	2.02876	1.60413	2.50997	3.36678	3.17072	1.43489	1.65353	2.64696	2.41219	1.6042	0.896941	1.0911	0.538179	1.04592	2.33776	2.73638	2.93984	2.41219	1.93148	2.15923	2.69495	1.36602	1.53239	0.646818	0.914668	0.253699	0.896941	1.79344	1.61416	1.65349	2.58563	2.61031	1.30579	0.646818	1.29347	1.44608	1.36602	1.54291	2.04464	2.18882	1.52193	0.507415	0.717556	1.20329	1.04597	0.914668	0.56728	0.567298	0.914687	2.4971	4.36013	3.94458	1.90638	2.5855	2.15916	1.40083	0.401132	0.401132	0.401132	0.761058	1.36597	1.09111	2.80572	2.24665	0.896918	1.26836	2.83429	4.40401	4.17693	2.91794	1.76634	1.93141	1.40083	1.04597	2.15928	4.19204	4.68471	0.914687	3.33315	1.84634	2.3583	4.19218	4.19603	3.28977	2.0989	0.966016	1.0911	0.896941	1.25559	0.761058	1.98074	2.56693	2.43867	3.27013	2.33089	2.04464	2.00496	1.44608	2.24675	3.19088	2.16669	0.253699	1.53239	1.9397	0.914687	2.04464	3.53388	4.65418	5.90998	4.6473	4.30497	4.38944	3.38103	3.13	3.09391	7.10762	9.1272	2.93984	7.33464	6.72219	5.89659	3.23077	1.62408	0.761098	3.40925	2.04464	1.26834	4.3307	2.1814	0.739628	0.401149	0	0.802258	1.14859	2.04464	3.91208	5.39278	3.82935	1.65349	3.33315	3.17564	3.86675	4.60234	4.73894	4.12292	3.40927	3.06789	2.87355	1.84634	0.253699	0.567298	0.914668	1.44602
1.44593	1.25548	1.54269	2.04438	2.15904	2.26781	0.401113	0.179382	0.739562	1.3659	1.90621	2.09106	1.93962	1.40078	0.802187	0.739581	1.26823	1.14848	1.01466	1.01466	0.896839	0.25369	0.914587	1.26823	1.3659	1.26825	1.87211	1.52171	0.50737	0.179382	1.26823	2.1665	1.90621	1.30572	0.739581	0.50737	0.538131	0.739562	1.47888	3.04128	2.26788	3.42304	2.33757	1.09102	0.35876	0.401096	0.25369	0.401096	0.401096	0.538131	0.802187	1.29336	1.40078	1.04588	0.761031	1.09102	1.13438	1.01466	0.96593	0.739581	0.50737	0.401113	0.401096	0.507343	0.401096	0.538131	0.35876	0.802153	1.13435	1.07617	2.15158	2.26781	1.29336	2.09106	1.09102	2.15897	0.717492	3.30394	3.58744	3.1297	2.89002	2.95579	0.401113	5.54635	7.41942	5.188	5.0099	4.13416	1.98054	1.091	2.00476	2.04443	2.28202	3.69299	3.53357	3.17044	3.23051	3.79555	3.04144	2.51614	1.26823	0.401113	1.52171	2.02858	2.58527	3.74024	3.97657	3.4603	4.17637	3.0042	2.83402	2.49055	2.15158	0.96593	0.896839	0.401113	0.25369	1.54277	2.66486	2.91769	2.49055	2.18125	2.00476	2.69471	1.98054	1.30568	0.739581	1.36585	0.76099	1.65335	1.93131	1.30572	1.25548	2.5854	2.29605	0.896839	0.896839	1.29336	1.40078	1.3659	1.7013	2.1665	2.15908	1.82875	1.13435	0.717492	1.14848	1.04588	0.567247	0.567229	0.567247	0.914606	2.04438	3.26984	3.76162	2.51614	1.60399	2.41185	1.14842	0.179382	0.179382	0.179382	1.26818	1.84617	1.25548	3.04656	2.49043	1.091	1.62395	3.76588	4.69809	4.0523	3.23049	2.51612	2.4052	2.15897	1.62393	2.24655	2.88998	2.91753	0.914606	2.8339	2.33751	2.09871	3.8082	4.33052	3.19059	1.93962	1.44591	0.896839	0.96593	1.09102	0.76099	1.54277	2.49055	2.41198	2.68876	2.51612	2.04446	1.90621	1.40078	2.43843	3.17044	2.69473	1.26818	1.30568	1.69176	1.70124	2.3919	3.44177	4.86805	5.74609	4.4217	4.30459	4.25608	3.30407	3.23049	3.40896	7.58683	8.88444	3.62298	8.93525	6.84266	5.16031	3.04669	2.96659	2.16641	2.74196	2.3919	1.62393	3.60516	2.61	1.93953	0.538131	1.01461	0.802187	1.20318	2.3919	3.47878	6.41331	4.92323	0.896862	1.84617	2.7419	3.4463	4.38896	4.53209	4.12255	3.76586	2.91764	3.91163	3.33286	0.253677	0.914587	0.567247	0.401113
2.4382	2.40509	3.39929	4.38864	2.98263	2.18099	0.401077	0.179364	0.896721	0.965795	0.507325	0.538079	0.401054	0.401054	0.538079	0.538079	0.760909	0.401077	0.646703	0.896782	1.07606	0.401054	0.896721	0.739512	1.90604	2.79964	2.78235	1.62377	0.25365	0.739487	1.44574	1.04572	0.567171	1.1483	0.507289	0.179364	0.567171	0.25365	0.914495	3.84523	2.5095	3.06727	2.33732	1.26811	0.567195	0.567171	0.253668	0.739487	1.79306	2.73001	2.93932	2.15889	1.09091	0.179364	0.179364	0.567171	0.401054	0.179364	0.567195	0.965842	1.01457	0.896782	0.91452	0.965842	1.13428	1.30559	1.40065	1.29324	0.717422	0.401077	1.69158	0.802115	1.82857	1.87192	1.44577	3.47847	5.06332	4.94872	3.44603	2.39167	2.87304	3.42271	3.17504	6.9696	3.72695	1.70107	3.19009	3.062	3.23013	2.33741	1.36578	1.30559	1.90604	2.56643	1.76603	1.04578	0.739512	1.29316	0.646661	0.914495	0.965795	0.507325	1.82857	2.91736	4.1338	5.36816	4.84457	3.39929	4.48555	2.72987	2.60984	1.79312	1.29316	0.739487	0.179364	0.802115	0.965842	0.567195	0.401054	0.179364	0.91452	1.98037	2.04424	2.7417	3.51959	2.54766	1.14838	1.793	1.29316	1.93932	1.04572	1.54253	2.15874	0.896721	1.70107	2.33732	1.53217	0.802115	0.507325	0.717422	1.13423	1.13423	0.507325	1.47873	1.82857	2.40509	2.66462	3.13457	3.17016	2.88981	2.40509	1.52166	1.30555	1.77499	2.24622	2.56636	1.872	2.60974	1.25535	0.646703	0.401054	0.739512	1.65318	1.84598	1.04572	3.5556	3.12928	1.93104	2.09074	3.68814	2.72987	1.13423	2.73572	2.83364	2.00449	1.93104	2.53492	1.79306	1.93114	3.60499	4.19529	3.74	2.33046	1.54253	0.567171	1.04572	1.30559	1.93114	2.56643	2.1663	1.40065	0.965842	1.6238	2.09852	2.09087	2.58517	3.97629	5.43893	4.97128	3.54683	3.30378	4.25572	4.18003	4.17994	2.7417	1.872	1.97223	2.74162	2.87302	2.09852	2.56636	2.66444	1.62377	2.33046	3.06214	3.54683	4.35949	6.02848	7.76622	6.25262	4.25554	8.219	3.69249	1.69169	3.00401	4.8839	5.4709	2.98263	1.70107	2.49662	3.00389	2.09074	2.18829	0.896751	1.0145	0.896782	1.54263	2.96628	1.98035	6.50082	6.3307	2.33052	1.70114	1.87192	2.02836	3.28899	4.33353	4.08701	3.82863	3.09335	3.51947	2.8336	1.40065	0.179364	1.36578	2.33052
2.56618	2.2956	3.08271	4.25525	3.12912	1.29311	0.538027	0.401018	0.646603	0.739418	0.507271	0.401035	0.179347	0.179347	0.401035	0.401035	0.253627	0.538027	0.739437	0.965742	0.802031	1.1482	0.646603	1.09079	2.35763	2.88951	2.41151	1.04567	0.760842	0.965707	1.2029	1.04563	0.567119	1.40043	0.507245	0.401018	0.567119	0.253627	0.567137	3.12899	2.18082	2.87274	1.98018	1.04567	0.567137	0.567119	0.253641	0.965707	3.06172	3.24467	2.91712	2.56618	2.09823	0.401018	0.401018	0.567119	0.179347	0.401018	0.567137	0.896687	1.01446	0.965742	0.914428	0.896687	1.13416	1.44565	1.44567	1.29311	0.717352	0.739418	0.965707	1.47859	1.82839	3.04597	3.53272	4.0396	5.12526	4.27028	2.96614	2.16607	3.42233	3.58675	5.5222	8.70553	2.00431	2.64609	1.44561	1.79289	2.78207	2.74142	1.36564	1.14826	2.00439	2.43795	1.65309	1.26798	0.646635	0.801997	0.896641	0.567137	1.69143	1.13413	1.5215	2.5662	3.69227	5.18686	5.01212	3.08271	2.18078	1.13416	2.40484	2.18082	0.35869	0.965707	0.646603	1.07596	0.896687	0.567137	0.179347	0.401018	0.914428	1.70097	2.04404	2.33716	3.29369	2.83347	1.80182	2.29548	1.79284	1.69143	1.04563	1.54239	2.41138	0.646603	2.64609	2.74137	1.40051	0.802031	0.507271	0.717352	1.13413	1.13413	0.507271	1.07596	1.5215	2.2956	2.68831	3.29369	3.18997	3.06183	2.60957	1.82839	0.739437	1.26794	1.53195	1.97204	1.76584	2.18078	1.09081	0.739437	1.1482	1.30543	1.44563	1.36558	1.04563	4.56269	3.84489	3.37991	3.08256	3.68781	2.72962	2.09056	3.97567	2.83338	0.896664	0.802031	2.53468	2.18078	1.93094	3.47811	4.17959	3.30343	1.65309	0.567119	0.567119	0.253641	1.14826	1.79293	2.43795	2.39143	1.53201	0.896687	1.268	2.00439	2.09065	2.95529	4.08683	5.26007	5.55108	3.68797	3.38008	4.0238	4.19484	3.60461	2.33716	1.76584	1.80183	3.17475	3.06698	2.00439	1.97204	0.896641	1.26798	1.8718	2.79934	3.54646	4.7377	6.96239	5.92173	1.65302	5.37939	7.0231	3.4595	2.00437	2.66434	4.25528	5.47035	4.88334	0.914428	3.93121	2.3576	1.13413	1.44561	1.09079	0	1.09081	1.54247	4.42066	4.72744	5.8543	7.22436	2.71201	1.54247	1.25523	1.01441	2.5661	5.83522	5.79978	4.03951	3.4083	2.04404	0.567137	1.53201	1.653	1.98016	2.71201
1.52128	0	0	2.028	2.028	0.5072	0.5072	0.5072	0.5072	0.5072	0	0	0	0	0	0	0	0.5072	0.5072	0.5072	0	1.52128	0.5072	1.52128	2.028	1.01432	0.5072	1.01432	1.01432	1.01432	1.01432	1.01432	0.5072	1.52128	0.5072	0.5072	0.5072	0.5072	0	2.53441	1.01432	2.028	1.01432	0	0.5072	0.5072	0	1.01432	3.54596	2.53441	0	2.028	2.53441	0.5072	0.5072	0.5072	0	0.5072	0.5072	0	0	0.5072	0.5072	0	0.5072	1.01432	0.5072	0.5072	1.01432	1.01432	0.5072	2.028	1.01432	3.54596	4.55529	3.54596	1.52128	0	0.5072	0.5072	3.04042	2.53441	6.56489	9.54768	1.01432	3.04042	0.5072	0.5072	1.01432	2.028	1.01432	0.5072	1.01432	1.01432	0.5072	1.01432	0	0.5072	1.01432	0	2.028	1.52128	0.5072	0.5072	1.52128	3.54596	3.54596	0	0.5072	0.5072	0.5072	2.028	1.01432	1.01432	1.01432	1.01432	0	0.5072	0	0.5072	1.01432	0.5072	1.01432	0	1.01432	2.028	2.028	2.53441	2.028	1.52128	1.01432	1.52128	2.53441	0.5072	3.04042	2.53441	0.5072	0.5072	0	0.5072	1.01432	1.01432	0	0.5072	0.5072	0	0.5072	1.52128	0.5072	1.52128	1.52128	1.52128	0	1.01432	1.01432	1.01432	0.5072	1.52128	0.5072	0.5072	1.52128	1.52128	1.01432	1.01432	1.01432	5.05894	4.05094	4.05094	3.54596	3.54596	2.53441	2.53441	4.55529	2.53441	0	0.5072	2.028	2.028	1.52128	1.52128	0	0.5072	1.01432	0	0.5072	0.5072	0.5072	0	1.01432	1.52128	1.01432	0	0.5072	0.5072	0.5072	2.028	2.028	0.5072	3.54596	1.52128	1.01432	0.5072	0.5072	0.5072	0	0.5072	1.01432	3.04042	2.53441	0.5072	1.01432	0	0.5072	0.5072	1.01432	0	3.04042	5.56181	2.53441	1.01432	5.56181	6.06381	3.04042	1.52128	0.5072	1.01432	3.04042	5.56181	0	4.55529	1.52128	0.5072	1.01432	1.01432	0.5072	1.01432	0.5072	5.05894	6.06381	4.55529	7.06495	2.028	0	0.5072	0.5072	2.028	6.56489	6.56489	3.54596	2.53441	0	1.01432	1.01432	2.53441	2.028	2.028
3.2931	3.05083	2.16569	2.49592	2.04359	1.5422	2.0437	2.43755	2.48962	2.16569	1.5422	1.14806	0.896528	0.537927	0.537927	0.896528	1.01428	1.07576	0.801842	0.507146	0	1.29279	0.717219	1.01421	1.87139	1.65276	1.29288	0.717219	0.739278	1.26775	1.70066	2.09793	1.65279	1.26772	0.253578	0.537927	0.717219	0.358624	0.179314	1.84546	1.84557	2.33669	1.26775	0.896528	1.20273	1.36539	1.40026	2.3572	3.69148	2.26693	0.358624	2.43738	2.64558	0.739302	0.537927	0.400941	0.179314	0.567011	0.400941	0	0.179314	0.567011	0.179314	0.965568	1.53173	2.004	1.84557	1.76553	1.79256	1.60337	0.507146	1.6911	1.44541	3.7388	4.32864	3.05062	1.26772	1.5422	1.9389	2.00403	3.6259	2.89437	5.94977	8.64817	2.43751	2.26693	0.400963	0.896497	1.07576	2.18037	1.8015	0.760748	0.646478	1.13391	0.717219	0.965521	0.567011	2.33669	3.45901	3.42184	3.86505	3.47742	2.15822	0.253578	1.6134	3.5994	4.70645	4.31046	3.18941	2.004	0.801888	1.40016	1.36539	1.36539	0.567011	0.965521	0.358624	0.358624	0.507182	0.358624	0.801842	0.537927	0.896467	0.179314	1.87139	3.42169	3.79829	3.97507	3.12852	1.20273	1.14806	2.74092	2.69368	0.760748	3.2929	2.8328	0.914261	0.965521	0.896497	1.65279	2.21692	1.97979	0.567011	0.760694	1.04549	2.18782	2.79885	3.39833	2.41109	1.26775	0.965521	1.79256	1.65279	2.21692	2.26703	1.93059	1.9055	3.22931	4.1941	3.92665	2.43755	0.400941	1.53173	1.97981	1.70059	4.12086	4.13258	4.66558	2.95465	2.40427	3.26866	3.62161	4.69614	3.0924	1.44541	1.40016	2.09793	3.8568	3.08216	1.47836	0.64652	0.965568	1.44538	1.26778	1.04549	0.400963	0.358624	0.64652	1.09058	1.14798	0.896497	1.44541	2.16569	2.43755	2.15828	1.80148	2.5656	2.0437	4.47731	4.08999	3.05083	1.97168	1.29279	1.40026	2.0437	2.78737	3.53226	4.68261	3.6259	0.965521	0.801842	0.64652	0.965568	1.13396	2.15076	3.69163	5.33408	5.08675	2.78147	1.93878	6.0028	4.93419	3.28806	2.04356	0.567011	1.04542	2.64558	5.14885	2.15819	3.51847	3.47733	1.76543	2.21692	1.93059	1.29288	0.896497	0.400941	4.08586	5.96321	5.01119	5.79867	2.28101	0.739302	1.13396	1.09058	2.41092	6.1898	6.22041	3.45884	3.06641	1.44536	0.914261	0.253596	2.33669	3.5186	3.76445
2.48936	2.83269	3.17394	3.86466	4.24282	4.17841	4.17841	4.43044	4.51598	4.32845	3.97474	3.69128	3.44013	3.20408	2.72895	2.09006	1.54203	1.26762	0.91415	0.253555	0.179296	0.739227	1.54203	1.40011	0.91415	0.537874	1.04538	1.26765	1.14793	0.646452	0.253569	1.20261	1.54203	1.14793	0.646452	0.400922	0.400904	0.358589	0.739227	0.253569	2.32962	3.04524	2.54667	2.02772	1.53157	1.09048	1.43407	3.58126	3.24375	1.44524	0.717149	2.56537	2.71121	1.84538	1.36525	0.965468	0.507128	0.253555	0.358589	0.253555	0.358589	0.566976	1.30509	1.53157	0.965468	1.04533	0.965433	1.20261	2.32953	2.68741	1.13384	1.70049	2.64546	3.58126	3.12811	1.84529	1.44526	1.14793	0.801804	1.07565	3.12813	4.02264	6.43739	6.47156	0.400904	1.61324	1.29274	1.30509	1.47821	1.61324	1.13381	1.09048	0.91415	1.14788	0.760626	0.507128	3.58573	6.69012	6.29099	4.72632	4.32475	5.14856	5.03606	2.87195	0.801804	1.25488	3.28791	4.1207	3.5991	2.88856	1.62318	3.16893	4.05037	2.95445	1.60323	2.78708	3.20408	1.87127	0.566976	0.253569	0.566958	0	0.80177	0.400904	2.15794	3.18891	2.40405	2.33644	2.49578	2.18759	1.65259	1.65256	1.53152	0.801804	3.22888	4.64468	4.56164	4.17458	3.53188	2.78708	2.83266	3.26834	2.89422	1.9387	0.914169	0.80177	1.0905	2.2668	2.49578	1.53157	0.507101	1.30509	1.14793	1.47817	1.9796	1.40011	0.760667	1.44524	2.29495	2.79855	2.60883	1.80132	0.760667	1.14788	1.76527	2.15794	2.15801	2.71121	0.64642	1.79243	3.04524	2.72895	2.7347	2.26672	1.36525	1.69095	0.80177	1.77443	2.49578	1.44526	1.70049	2.41083	2.98147	2.79855	2.18759	1.60329	1.04538	0.896387	0.91415	0.400922	1.79243	2.40416	2.16546	1.9053	2.04348	1.84538	3.17385	1.82787	2.86635	3.06096	2.60883	3.13321	2.29483	0.253569	0.400922	0.965468	1.0905	3.67372	3.97454	1.60323	0.896433	2.16546	2.78708	3.18907	4.21258	5.76267	5.37807	3.79374	2.50855	3.92602	6.68282	2.54654	3.12813	3.44466	1.65259	1.07565	1.29268	3.40734	5.18847	1.53157	3.65196	4.29878	3.12813	1.70043	1.77443	1.52107	1.29274	3.00285	5.84199	5.79844	3.76408	1.65253	1.13384	1.36525	2.15055	3.12813	4.69566	5.27946	3.62119	3.06612	2.91619	1.9387	3.86466	4.80653	5.35736	5.54373
0.646395	0.358557	1.07556	2.40394	3.2038	2.73459	2.15786	2.02754	2.2666	2.43705	2.48914	2.58393	2.58393	2.89396	3.12795	3.04497	2.64523	1.77427	0.7606	0.253533	0.400869	0.739143	1.04529	1.39999	1.39999	1.04529	1.04524	0.914088	1.5419	1.69088	1.47808	0.801733	0.17928	0.400886	0.646395	0.7606	0.646395	0.717086	0.717086	1.29256	2.18728	1.6131	1.52093	1.30498	1.54182	1.76512	2.43695	3.72524	1.09038	0.17928	0.358557	1.79222	2.78104	2.66333	2.00362	1.26751	0.739143	0.358557	0.537827	0.760559	0.400886	0.801733	1.43395	0.507083	0.717086	1.44513	2.1578	0.717086	3.18863	3.53141	1.13374	1.14783	1.6131	1.93015	1.52085	1.07556	0.896331	0.965348	1.2025	1.30498	0.646363	2.64523	5.9061	5.37452	2.53378	2.41049	1.65247	1.79227	2.53378	2.48914	1.93853	1.80117	2.18728	1.53138	1.36508	1.65241	5.25792	6.75512	3.08157	3.36444	0.914088	2.33625	4.64414	3.62087	1.93853	1.53144	0.896331	1.04524	3.43964	4.2685	3.44435	3.29247	2.83244	4.24227	4.12014	2.78104	3.30215	3.06584	1.26751	0.566926	0.760559	0.537827	0.965348	0.566908	1.62301	3.40704	4.08921	4.76284	5.01038	3.62538	1.04524	1.80117	2.00358	0.760559	2.15786	4.58215	5.31524	4.43005	2.83244	1.44511	1.30494	1.80117	2.56525	2.2165	1.29256	1.93853	2.51472	1.01409	0.896308	1.20245	1.44507	0.17928	1.13371	1.6131	2.64511	0.537827	1.44511	2.39054	2.2165	1.14783	1.14777	1.47808	2.15786	1.65247	0.400869	1.65241	1.13374	1.65245	1.65247	1.01409	0.801699	0.400886	1.70033	2.96504	2.68731	0.717086	1.76519	2.33625	1.26749	0.400869	1.87105	1.70033	1.84521	1.70033	1.44511	1.30498	1.36513	2.16518	0.896308	1.60308	1.44511	0.965383	0	0.507083	0.17928	0.896331	2.48902	0.566926	1.97942	1.26751	2.16518	3.72524	2.02743	1.44511	2.56525	3.69095	4.33177	3.51793	3.04484	1.65239	1.30494	2.1578	1.93853	2.15786	3.05015	3.84346	1.6908	0.914069	0.965348	5.31496	6.69873	1.14777	1.47804	3.30208	2.32937	1.04529	0.566926	0.400886	3.40233	4.65447	0.896308	4.30216	6.37262	3.92976	0.566926	0.896354	1.2025	1.5419	2.00365	2.02754	1.69088	0.400869	1.69088	2.3363	2.711	2.53374	2.79816	4.02212	3.62523	2.78668	1.70028	3.12793	4.66476	3.03972	3.24343	4.96869
1.2674	0.96528	0.400826	0.400843	0.646294	0.896236	1.14771	1.2674	1.70015	2.16504	2.43681	2.91573	3.43946	3.52666	3.12762	3.04465	3.20346	2.98089	2.83214	2.83214	2.41036	1.60298	0.507029	0.53777	0.760519	0.566866	1.04513	1.30484	1.79208	1.79208	0.96528	0.253506	0.566866	0.896259	0.896259	0.566866	0.179261	0.400826	0.566866	1.36493	1.84493	2.04306	2.15763	1.765	1.7001	1.54166	2.54604	3.53104	1.44496	0.53777	0	0.400826	0.965245	1.53122	1.65224	1.44496	1.70015	2.83214	4.7254	5.11352	4.8056	4.30176	2.78653	1.765	2.00343	2.28049	2.15759	0	4.32374	4.25312	2.04308	1.30484	0.400826	1.65227	2.58366	3.08124	3.06037	2.91568	2.24504	2.00343	2.32916	3.95375	5.05708	2.60825	3.53104	4.30158	2.64495	2.78653	2.56495	0.71701	0.801648	1.53122	2.43669	1.87086	0.53777	3.24308	5.1195	4.58143	3.5984	5.55121	3.92547	3.87221	3.95372	2.08956	0.896259	1.70015	2.04306	1.20237	2.79786	4.32374	4.08083	2.56495	2.83211	4.58495	3.92526	2.33598	1.97921	2.54604	0.913991	1.90493	2.98089	3.33079	3.13275	2.54618	2.18716	2.35651	1.87091	1.60298	1.47792	2.15752	2.39023	1.36498	1.26733	1.61293	2.17974	1.20232	0.646326	1.13362	1.82748	1.79203	2.00343	2.33605	2.24504	2.88808	3.58057	1.87091	1.04513	1.36498	0.896259	1.13358	1.60291	0.646326	1.62284	1.26737	2.54604	0.179261	1.47788	0.53777	1.26736	1.44498	1.44498	1.2674	1.2674	1.20237	0.646326	0.913991	2.15763	2.2945	2.02732	3.06037	4.32392	3.69056	2.00341	1.01392	1.13358	1.65221	0.739083	2.43672	1.54173	1.44498	1.01392	1.6907	2.33605	1.54173	0.253506	0.913991	0.896236	2.40359	1.43379	1.92994	1.3048	1.04518	1.90493	3.37846	4.5151	4.61631	2.83214	1.77399	2.15757	1.29249	1.29242	3.00218	2.83211	3.00227	3.3018	3.52666	3.58066	3.43946	2.66304	0.896236	1.84493	2.32908	1.30484	1.54173	1.97921	1.65224	4.04958	6.08264	6.58191	6.64146	5.37683	0.507002	0.896259	2.78067	2.66295	0.566848	0.739083	1.47792	1.87091	4.17745	4.66426	2.79801	4.9328	5.51958	1.36493	0.566866	0.913991	0.739083	0.801648	0.896259	0.566848	1.26733	0.913991	1.6523	2.66304	3.1276	3.30173	4.19263	4.19263	2.93746	0.179261	2.43669	2.54604	0.739083	2.53342	4.32374
1.26729	1.44481	1.14755	0.537722	0.179245	0.646269	1.20227	1.26729	1.5416	2.0429	2.41015	2.98063	3.42051	3.73751	3.22804	2.98063	3.20317	3.04438	2.83189	2.83189	2.48865	1.60284	1.13348	1.20222	0.760451	0.566816	0.253497	1.14761	1.79192	1.79192	1.25452	0.253484	0.566816	0.965195	0.965195	0.913892	0.400791	0.179245	0.566816	0.913892	0.566816	1.77392	2.18697	1.65215	0.91391	0.566798	1.54152	2.32887	2.00319	1.20222	0	0.179245	0.739	1.30469	1.44481	1.30472	1.5416	3.76302	5.33204	5.06309	4.80518	4.41837	3.44374	1.87074	1.90476	2.28028	1.65215	2.02704	5.27797	4.47198	2.0429	2.21602	0.896134	1.44485	2.58343	3.08097	3.30151	3.06529	2.32896	2.09712	2.71048	4.66381	4.29385	1.29237	5.25685	4.75168	2.83186	2.78629	2.15744	2.58331	1.07535	2.24475	1.20222	2.09705	1.93805	4.08047	3.7374	1.60277	4.70458	5.74169	3.94136	3.80532	2.72818	0.506984	1.09019	1.5416	2.04288	1.44483	1.29231	3.39691	4.08047	2.43657	3.09129	3.06525	1.65206	1.97906	1.36486	1.54152	0.91391	2.3563	2.91547	3.33049	3.04964	2.54595	2.15744	2.21607	1.76484	1.60284	1.29237	0.400791	1.62272	1.36486	0.253484	1.20227	2.60802	2.43648	0.896156	1.13352	1.82732	1.47779	1.90476	2.33584	2.32896	2.60809	3.58025	3.12725	1.04503	1.36486	1.09019	1.13348	1.60277	0.739018	1.26726	1.04508	1.54152	0.646237	1.07535	0.96516	0.760451	1.39971	1.39971	1.26729	1.26729	1.14761	0.896156	1.69995	2.24485	2.2943	2.02714	3.9372	4.77187	4.25285	3.79254	2.02704	1.13348	0.896134	1.30469	2.66272	1.5416	1.80082	1.01384	1.87074	2.33584	1.97906	1.26722	0.91391	1.09017	1.92977	1.43367	1.47775	1.53109	1.26726	2.3563	4.00158	4.72161	4.56036	3.76302	4.30115	2.35626	1.29237	0.358487	1.65213	2.64471	2.8934	3.59808	3.73751	3.58034	3.42051	2.48865	1.30469	2.33573	2.56464	1.44483	1.7	1.36486	2.09705	5.05671	6.08211	6.58134	5.36475	2.71048	0.506957	1.09019	2.56467	3.36379	1.54152	1.30469	1.79187	1.76484	3.22799	4.08058	3.9372	1.65206	6.00323	2.83175	0.913892	0.91391	0.646269	0.801577	0.965195	1.54152	0.760411	0.91391	1.76484	2.4366	3.26741	4.65007	5.44672	4.44333	2.68665	0.646237	2.18686	1.54152	0.646269	1.52055	2.53325
0.358452	1.44467	1.97074	1.531	0.566764	0.760384	1.36474	1.14751	0.801504	0.400772	0.179228	0.801459	0.506939	1.39949	1.62256	1.93798	2.26595	2.32875	2.54573	2.93709	3.20289	3.20289	3.45736	3.68987	3.30127	2.79751	2.15725	1.26717	0.400772	0.506903	1.20209	0.965107	1.29226	1.79176	1.652	0.738949	0.358452	0.646211	0.738949	0.179228	0.56674	0.400749	0.506903	0.506903	0.179228	0.400772	0.646169	1.2544	2.56448	3.29153	2.93709	2.18677	1.54146	1.62256	1.62256	1.04499	0.896039	3.84232	2.98017	0	0	1.20209	3.04393	1.53093	0.253457	0.566764	1.80064	4.35238	5.31344	2.93689	1.09009	3.73702	4.17677	3.83007	2.54573	1.61263	2.08915	1.7917	2.68655	3.44348	2.49484	3.4756	2.66241	1.30455	5.76028	4.98003	2.5076	1.20216	0.913824	3.92858	2.51399	3.65066	4.02117	5.76606	6.71591	6.40802	4.25249	2.15719	4.93185	3.68965	1.54146	1.652	1.39959	1.44469	1.7917	2.08928	3.08069	3.79232	2.43638	1.6026	2.95324	2.98036	3.17275	1.87057	0.646211	0.56674	1.69985	2.8316	2.96419	3.47577	2.51396	1.26714	2.15725	2.18677	2.15725	1.92967	1.44472	1.04499	0.760384	0.913824	0.566764	0.896039	1.01373	0.358452	2.48828	3.04393	1.44469	0.760384	0.96506	1.13342	0.506939	0.96506	1.62254	1.97887	2.21579	2.58303	2.5076	1.93798	2.21587	2.48843	3.22774	2.88761	1.6027	1.13337	2.35608	2.49484	2.16465	2.33555	1.2544	0.358452	0.179228	0.253475	0.253457	0.566764	1.97884	2.91507	1.3046	0.965107	1.14751	2.98017	2.48828	2.48828	3.973	2.83148	1.61263	1.13342	0.96506	1.97884	2.6626	3.05982	2.17938	0.801459	0.801504	2.09683	2.16454	0.965107	1.44467	1.62254	1.84469	2.49484	2.56448	2.26595	2.68646	2.66244	1.20209	1.84469	4.30076	4.90924	1.65189	0.716876	0.96506	0.179228	0.358452	1.30455	2.33548	2.04258	0.56674	0.56674	2.38978	3.58435	3.95303	2.35608	0.400772	2.40993	3.04937	2.04262	3.79641	4.11917	3.3302	1.65192	1.3046	2.24464	2.88761	2.78024	2.48828	1.80062	2.38986	2.73962	1.26714	1.652	3.60225	5.56452	4.02117	4.48215	3.1269	2.16465	2.33563	1.93798	1.47765	0.965107	2.00296	0.896069	1.3046	2.00308	2.40993	2.88755	4.79782	5.44614	4.02092	2.91507	0.760384	1.61263	2.26595	1.90459	1.69985	1.44469
0.895959	0.896005	2.04248	2.09671	1.97054	1.08998	0.913732	0.801421	0.566706	0	0.358417	0.566706	0.760303	0.358417	0.646143	1.14739	1.69967	2.29385	3.18755	3.92436	4.72072	5.25609	5.64892	6.24766	6.58007	6.3156	5.71864	4.81416	3.62399	2.98005	2.88731	2.68626	2.53284	2.29385	1.6518	0.895959	0.801421	1.04488	0.896005	0.738874	0.738874	0.896005	0.965007	0.738874	0.253448	0.253448	0.896005	1.79157	2.68626	3.28634	3.28634	3.13186	2.9149	2.6442	2.16443	1.30447	3.13172	4.13018	1.65177	0	0	0.537617	2.8028	2.33528	0.358417	1.07514	3.79605	6.61097	5.43418	2.6442	1.69967	4.76076	3.94039	0.801421	0.738856	1.43339	3.22743	4.81086	4.02075	2.69214	0.646111	2.38956	3.40571	2.40968	3.82947	4.02058	3.457	3.87112	3.68952	4.30782	2.87056	2.83134	4.81413	5.98907	4.59766	2.51374	0.17921	3.62384	4.87957	1.79148	1.69022	2.54546	3.29122	3.47547	3.457	3.36327	3.82967	5.05895	5.60665	4.22198	1.29212	1.87038	2.80292	2.04251	1.30447	0.646111	2.77988	3.97278	4.81086	6.09391	6.78055	4.18768	0.17921	0.646111	1.08998	1.54122	2.53279	3.16742	2.68626	2.04248	0.895982	0.566687	1.07514	1.29212	2.38956	2.0424	1.39944	2.78575	2.68626	1.29212	0.716807	1.20198	1.39937	2.40291	2.69216	1.7645	0.760263	0.801421	1.13326	0.358417	1.13326	1.25428	1.87033	2.33528	2.29374	2.15696	2.3285	3.04896	2.14952	1.30447	1.04488	0.896005	1.08998	1.827	3.40101	3.06469	1.77358	2.18654	3.08037	1.7645	1.5413	2.66229	2.24431	2.21559	2.21564	2.08906	1.65183	0.646143	0.566687	0.801387	0.40073	1.04488	1.26704	1.30443	1.79148	0.566687	1.84449	3.30092	4.72072	5.25609	4.76099	4.11874	3.04379	0.913732	1.20203	2.91485	4.48539	3.34409	0.646111	1.08998	1.44455	1.79157	2.83134	3.36327	2.77996	1.62238	0.253448	1.80045	3.30079	4.03645	2.87056	1.14733	3.57956	4.63907	4.66304	2.87058	0.965007	1.92947	2.17913	3.04365	1.69014	0.738874	1.77358	1.65183	0.40073	2.40968	3.12674	3.09069	3.17234	2.15691	1.5413	3.65029	4.48549	3.12674	1.53079	0.566706	0.965007	1.30447	1.7645	2.18654	2.53279	1.7645	1.65183	2.15702	3.13186	4.18782	5.71572	5.74058	3.75803	2.51372	1.26702	0.738874	1.08996	0.896005	1.1333	1.97867
1.44438	0.760196	0.73879	1.13316	1.65162	1.69007	2.08888	1.90422	1.36448	0.73879	0.179195	0.253425	0.253425	0.400695	0.646086	0.760236	0.566655	0.646054	1.08986	1.2669	1.65168	2.24421	2.48795	2.79697	3.30063	3.57933	3.68485	3.90767	3.4567	3.04352	2.66206	1.9293	1.29201	1.13316	1.79132	1.60232	0.716743	0.400695	0.253425	0.566655	0.895926	1.0136	0.895926	0.646086	0.646054	0.895903	1.1332	1.08988	0.566655	0.89588	0.801316	0.964922	1.39932	1.29201	0.80135	1.6516	4.72006	3.37705	0.358386	0	0	0	2.53248	2.91449	0.566637	1.04474	5.00775	6.46547	3.04345	2.15683	2.48795	5.81677	5.25847	3.04878	2.15683	1.14723	3.41947	3.57933	4.00033	4.32214	2.3283	2.21544	2.89258	3.13159	2.69192	1.93751	1.39932	2.68603	2.91465	2.33513	1.26686	1.04474	2.83095	2.40934	2.08888	3.54345	4.17222	4.29635	3.29078	0.646054	0.89588	1.65162	2.00269	2.33518	2.09653	1.44442	1.26689	1.54116	3.13159	4.12994	3.93609	3.05912	1.14723	0.73879	1.13316	1.44438	3.41936	3.9723	2.3894	3.13159	6.88361	6.66021	2.04233	2.7391	3.2909	4.29999	4.2214	2.15683	2.21544	2.26544	1.6516	0.400695	0.80135	1.60239	2.51352	1.30435	1.79132	2.53257	3.20227	2.88701	1.0136	0.506814	1.25417	3.6235	3.52973	2.15683	1.84433	1.20193	1.44444	2.24421	2.48795	1.9376	1.08986	2.04225	3.34379	3.04339	0.400678	2.58258	1.76428	1.08988	1.14729	1.20193	1.08988	2.04225	2.89247	1.47734	0.646086	1.97848	2.09653	2.26544	2.32821	1.84433	1.36448	0.646054	1.07504	1.1332	1.29201	1.9376	2.48795	2.5827	2.15683	1.26693	0.566655	0.253425	1.62224	2.0026	1.4444	2.49437	3.22712	2.97978	2.54523	2.04233	1.2669	1.44438	1.07504	2.48784	3.52973	1.53065	0.253412	0.964887	1.47734	2.15679	2.83106	2.64397	1.9376	0.80135	1.13316	1.87016	2.83095	3.04862	1.80029	3.3005	4.47072	2.69192	2.33512	4.08319	1.44444	2.7391	2.3894	1.77333	2.33512	1.9785	1.2669	0.913652	2.04225	1.36448	1.87016	2.29353	3.07994	2.95271	1.9376	1.36448	0.566637	1.65168	1.79141	1.5202	1.39932	0.760236	0.53757	1.47737	1.80031	1.04479	0.566655	0.566637	1.76428	2.95271	5.20381	5.40728	4.07943	3.52535	1.9293	1.60232	1.53071	1.04479	0.913633	2.43579
1.36428	1.26675	0.566595	0.895785	1.1471	0.400652	0.738712	0.179176	0.716667	1.60222	2.02636	2.02636	1.90402	1.44429	0.801265	0.506787	0.506787	0.801231	0.895785	1.04463	0.566577	0.253385	0.566595	0.760156	0.646017	0.716667	1.13304	1.86996	2.04208	2.64368	3.29055	3.44245	3.22681	3.3957	3.64958	3.34353	2.64368	2.04211	1.541	1.04468	0.566595	0.253385	0.400652	0.646017	1.36433	2.24397	2.68574	2.93621	2.93621	2.48769	1.65151	1.04468	0.646017	0.506787	0.506787	1.65142	4.51274	3.52484	0.716667	0	0	0.716667	3.5654	3.44235	1.04468	0.895785	5.94527	6.06381	1.65145	1.52004	1.44429	4.32903	3.93962	0.645986	1.26677	3.00075	3.68864	1.65148	5.25486	5.89463	4.16029	1.60222	0.506787	1.79122	3.05891	3.0432	2.96331	2.16401	1.04468	0.96482	1.07493	1.60215	2.72702	2.15656	1.68989	1.44429	1.44427	1.76409	1.65142	0.73873	1.08975	1.3991	1.26677	1.26677	0.964784	0.801231	1.13304	0.964784	0.400652	1.8001	3.77424	4.65177	3.4424	1.541	0.400635	1.44425	3.51579	4.85584	4.41664	3.79544	4.2398	5.32985	4.7198	3.07977	0.537513	4.17539	5.04518	2.43565	1.65148	1.44423	2.66177	3.1668	2.48769	2.00242	1.68981	0.400652	2.5823	2.5823	1.13308	2.86443	2.48769	2.04211	1.26679	2.93606	4.58277	1.69934	0.738712	0.400635	0.253398	0.760115	0.566577	0.253385	0.73873	1.43311	2.29329	3.2018	2.24397	4.47388	2.97947	1.20175	2.66177	3.57895	2.32805	1.541	5.50283	6.46507	4.16029	3.30023	3.2857	3.22674	2.40244	0.50676	0	0	0.50676	0.645986	0.73873	1.29187	1.01349	0.537513	2.18612	3.67145	4.55859	4.7198	4.22116	4.38403	3.90725	2.33493	0.913536	0.645986	0.358348	1.30421	2.33489	1.26675	1.04468	3.62312	4.11774	0.253398	1.26677	1.08976	0.895785	1.97827	2.33489	1.65148	0.801265	0.964784	1.26673	1.54092	3.0483	3.29043	1.36433	3.55189	3.92339	1.65142	2.15649	4.30689	0.400652	2.40908	1.61216	1.68989	1.07493	1.08975	2.04211	2.68574	2.00245	0.566595	1.76409	2.88662	3.16664	2.16392	0.566595	0.400635	1.14716	1.84414	1.30421	0.400652	0.566595	1.44427	2.00245	2.04208	2.38915	2.83079	3.79544	4.47042	4.8132	4.90802	5.78344	4.76991	1.97016	0.738712	1.53049	2.69164	2.83079	2.40921	1.60222	1.90392
0.4006	1.3041	1.39905	0.964734	1.04453	0.17916	1.13294	1.13298	1.68975	2.29321	2.409	2.15641	2.04193	2.09612	1.764	1.51991	1.51991	1.29176	0.738665	0.566527	1.04458	1.04458	0.566545	0.17916	0.17916	0.537465	1.07484	1.65134	1.93722	2.29321	2.97921	3.52921	3.72293	4.23961	4.95597	5.60508	5.99804	5.96631	5.50235	4.56864	3.44215	2.64345	2.08847	1.60207	0.913474	0.537465	1.68975	2.79642	3.57864	3.8035	3.57864	3.22652	3.16653	3.55177	3.92325	3.32891	1.84389	3.59637	3.92323	3.04819	3.32891	4.39819	4.85547	2.35518	1.36416	1.13294	6.07891	4.61347	2.409	3.03768	2.91408	4.32505	4.55802	2.49388	1.764	2.56342	2.24367	3.12583	3.76121	1.60201	3.41881	3.76114	1.08965	2.00228	3.6185	3.77401	4.11758	4.35451	3.20165	1.96999	1.68966	0.645928	1.97811	2.60685	2.43544	2.83054	2.83054	1.84397	0.4006	1.29176	1.92892	1.44416	0.506742	0.80116	1.36416	1.13294	1.13294	0.913474	0.964734	0	2.15637	4.20939	5.44146	5.04493	2.95221	0.64596	1.8698	3.4421	4.23961	4.11758	2.04193	1.84397	4.19048	4.32148	3.04812	3.22639	3.97166	4.8293	4.80289	3.36232	1.07484	0.358316	1.07484	2.50664	2.86418	1.29176	1.90375	2.15637	2.33473	0.253376	1.79106	2.43544	2.40233	1.44414	3.67093	2.24367	1.20169	1.04453	1.3041	1.84397	1.65134	1.08965	1.01335	0.895706	1.07484	2.86418	2.32785	3.29014	0.738647	3.32874	3.00048	1.69919	3.8033	5.91553	7.49255	8.68443	7.41033	4.46998	2.95221	0.358316	2.33473	3.32891	2.83054	1.764	1.08965	0.895706	1.53036	2.0419	1.97809	2.72678	3.47444	3.62297	3.41888	3.28541	2.66156	2.50664	1.6513	0.895706	0.400617	1.26661	0.738665	1.79097	2.16373	1.68975	3.29999	7.12939	6.11023	3.68843	2.35514	0.760048	1.08967	1.08967	0.738647	1.92892	2.24377	1.84397	2.00228	3.76123	6.07127	5.29065	2.6914	5.54798	4.55802	2.73857	3.29014	4.36529	2.0419	3.58299	3.24129	3.22652	3.29999	2.54474	1.79102	1.69914	3.29026	4.71939	5.64733	6.2685	5.91009	2.97906	1.39905	1.60201	3.41877	4.67877	4.73277	1.96999	0.17916	1.4441	1.79097	2.51301	3.47444	4.25085	5.91302	7.27142	7.46109	6.704	5.29065	2.88641	0.4006	0.506742	0.716604	0.537465	1.51991	2.15641	2.15641	1.54086
0.738572	0.40058	0.895672	0.801122	0.400558	0.566493	1.65113	1.444	1.30398	0.801122	0.537413	0.400558	0.179142	0.913363	1.08956	1.01332	1.01332	1.01332	0.801122	0.506661	0.801122	1.13288	1.13288	0.964646	0.566493	0.179142	0.358281	0.716534	0.64586	0.253354	0.179142	0.64586	0.566493	1.26654	1.86968	2.58197	3.43721	3.97138	4.15955	4.03503	3.29963	2.72663	2.56329	2.32763	2.26487	2.17834	1.82626	1.14688	1.30393	1.53027	2.00212	2.24357	2.54451	3.1307	3.43721	3.22624	2.15613	1.60193	3.56486	3.1307	3.62261	4.01922	2.32763	0.64586	1.13283	1.68949	5.18079	3.20118	1.60193	1.51977	1.51977	4.4694	4.87778	2.15622	0.738596	1.60184	2.026	5.37046	5.19336	3.95927	1.62179	5.05988	1.14688	1.6511	3.16602	1.4769	1.29164	2.68518	2.69114	3.82799	2.89161	1.30393	0.566493	1.5302	1.07473	1.79978	1.65122	1.30398	1.04443	1.30393	1.444	1.54073	1.69904	0.760021	0.895611	1.07473	1.43284	1.14696	1.36409	1.444	0.801122	0.537413	2.33452	4.29511	4.17468	1.69904	0.964646	0.801076	1.01324	0.801076	1.4769	1.82626	0.716534	1.43284	3.9064	3.2898	1.36409	2.43522	3.41858	4.50146	3.68808	2.91382	1.86968	0.645903	2.91368	1.65113	0.738572	2.32763	3.44184	3.4044	1.08954	0.40058	1.26654	1.54073	4.29872	3.41843	1.82631	2.66114	2.3549	1.92875	2.00204	1.5302	1.30393	1.08956	1.01332	1.82626	0.506661	2.53184	2.58197	2.80171	2.49354	2.38872	5.93354	6.70068	3.73524	3.9064	6.30537	3.84049	3.22603	3.22612	3.1307	3.32861	3.17124	2.51277	1.76375	1.04443	2.27883	1.8437	3.04771	4.22013	2.40198	0.179142	1.30398	1.82631	1.60193	2.09593	2.64321	2.24357	0.964646	2.15607	0.895672	2.56319	3.20118	2.32752	5.56187	7.67566	4.41584	3.93901	4.17468	2.32752	2.26477	2.18573	1.79978	0.738572	1.53027	1.39892	2.32758	5.46402	6.44415	3.36202	4.86135	7.80283	4.59579	2.32763	4.56795	3.68358	3.22612	3.04783	2.3549	2.14871	2.5319	3.22624	3.86137	4.58189	4.39755	4.69187	5.00658	7.06215	8.68855	4.67803	0.895672	2.73234	5.89336	3.2262	5.54462	3.68358	1.08954	1.97792	3.00018	3.67054	2.56316	2.66118	3.9064	3.29963	3.12557	2.56329	1.13288	0.801122	1.29164	0.895672	1.30398	1.65122	1.62179	0.566469	0.645903	1.68959
0.716464	1.20146	1.04438	0.253327	0.253327	0.645803	1.29144	1.13272	0.738503	0.179125	0.400522	0.537361	0.506643	0.738521	0.964547	0.895577	0.566435	0.253313	0.566417	0.7599	0.566435	0.738521	0.358246	0.400522	0.537361	0.506643	0.506643	0.537361	0.7599	0.179125	0.358246	0.716464	0.645834	0.913296	0.738521	0.506643	0.506643	0.537361	1.14678	2.17809	2.99999	3.62227	3.92654	3.76056	3.28962	3.17092	3.51489	3.68773	3.85273	3.68342	2.91351	1.65104	1.20146	1.93685	2.68498	2.33427	3.17082	2.38842	2.00189	2.32739	2.33423	1.44384	0.738521	1.6117	1.79072	3.04227	4.58148	2.43487	1.04438	1.14684	0.801004	5.45182	4.01867	1.93675	1.30381	1.54056	3.34259	4.87732	2.563	3.68771	4.55731	5.18353	1.14684	1.08944	3.76041	1.97771	1.26644	1.79959	1.76359	4.44036	2.9999	2.51252	1.39877	1.9696	1.4768	1.13272	0.179125	0.645803	1.44384	1.97773	2.09571	2.1855	1.84361	0.566435	0.913277	0.913296	1.08944	0.400539	0.253327	1.54056	2.68498	3.29934	3.68776	3.44143	3.28463	1.29144	0.506643	0.738503	0.913277	0.964547	1.4768	2.21458	2.64294	2.78442	3.08916	2.43484	1.65104	1.36395	0.253327	2.33416	2.35472	2.40853	3.17092	4.05438	3.44148	0.253327	2.54424	3.44143	1.26639	3.51489	4.69139	3.20103	2.29276	2.08807	4.46899	3.47369	1.25368	2.64282	3.06323	3.04234	3.08922	2.563	1.44388	0.253313	1.04438	2.04151	3.43685	5.15296	5.31066	5.45208	5.51276	3.41822	4.07769	5.25338	5.08469	5.93319	6.63638	4.03453	2.91336	3.04753	3.62227	3.41822	2.43494	1.3987	2.21458	3.43685	5.04395	5.67419	4.29845	3.28463	1.92848	0.506643	0.738521	1.93685	2.79588	2.93538	2.82999	2.91351	2.88593	2.32735	0.179125	2.24324	2.91336	3.28463	6.10368	4.80171	0.400522	2.5315	3.80257	2.66093	3.40409	3.55108	3.62224	2.1634	1.25368	0.645803	1.97771	5.99923	5.11872	2.40186	6.7656	7.81619	3.16574	1.04438	5.20785	3.62212	3.56439	2.17809	1.82613	2.88585	1.53006	0.537361	1.92848	5.27444	6.23177	3.95072	2.56303	6.3073	8.68059	4.71826	3.47381	3.64855	5.71563	1.9696	6.06997	4.41523	1.26639	1.14678	2.79573	4.0816	3.04751	3.41814	5.00594	4.74866	4.15912	3.12525	1.36395	0.566435	1.36395	1.14684	1.90338	2.04151	3.22587	2.99999	1.97773	1.30381
0.716401	1.14674	1.2663	1.04424	0.253304	0.895452	0.800933	1.13262	0.964426	0.400486	0.179109	0.400503	0.506599	0.645777	0.895498	0.964461	0.913197	0.759833	0.566367	0.253291	0.566385	0.645777	0.358215	0.179109	0.400503	0.506599	0.506599	0.400503	0.253291	0.400486	0.800933	0.716401	0.738456	0.913215	0.645777	0.506599	0.506599	0.400503	0.400486	1.29139	2.66081	3.55076	3.9262	3.95851	3.51458	3.17064	3.28933	3.59984	3.85239	3.68309	3.22559	2.15576	1.14674	2.09553	2.66081	2.33407	2.73774	2.38821	1.68927	2.24314	1.84345	0.964461	0.645777	1.20135	1.79056	3.22552	3.9057	1.79943	1.04429	1.20135	2.29244	6.92132	3.3422	3.68724	1.52992	1.97755	4.11244	3.93828	2.43472	3.18575	4.6124	3.76023	2.6607	0.738456	3.76008	1.97754	1.26632	1.61156	1.08934	3.18559	2.35447	2.32714	1.44376	1.79945	1.29139	0.506599	0.400486	0.179109	0.964461	1.69871	2.00173	2.1558	1.84345	1.84337	1.36377	0.913215	0.895475	0.537313	1.04424	1.97755	2.8912	3.29905	3.67009	2.78417	1.65083	1.79047	0.506599	0.964426	0.566385	0.895498	1.29139	1.93668	2.54402	2.78417	1.84345	0.400503	1.68927	1.36383	1.04424	0.913197	1.90331	2.43475	2.82974	4.23841	3.86064	4.05381	2.6427	3.44113	5.10895	3.51458	5.38421	3.64823	2.29256	2.08788	4.24952	4.12785	0.964461	0.913215	2.48676	2.97836	2.82971	2.43472	1.65087	1.77248	1.2663	1.77258	3.90581	5.43993	5.35775	5.35775	5.81419	4.32388	1.13262	3.06296	4.6124	5.81419	5.38421	2.43472	0.645746	2.27855	3.55076	3.4735	2.24314	0.895452	2.00173	3.52821	4.71806	5.67369	3.9262	0.964461	1.47663	1.13262	1.08934	2.09553	2.79563	2.91326	2.82974	2.93512	2.79563	1.6509	1.39858	2.48665	1.65081	2.5627	7.09628	5.30394	0.179109	2.53128	3.29888	1.61156	2.6427	3.55076	3.32797	2.1632	1.86927	1.90321	1.36383	6.48432	4.87682	3.22058	6.76501	5.90843	1.39858	1.04429	5.20739	4.08516	3.78967	2.60604	1.51948	3.29893	3.22545	0.400503	1.47663	4.32009	5.76754	3.95037	2.48676	5.35159	6.94173	2.70838	3.90581	3.03682	2.97822	1.39865	6.30425	3.51449	0.759873	1.39858	2.29244	2.8911	2.69064	2.99973	4.24963	4.74824	4.46872	3.77288	2.82962	1.84337	1.36383	1.20135	3.6699	3.51449	3.12497	3.41784	3.17054	1.52992
1.26617	1.3985	1.6507	1.26615	0.566307	1.62129	1.36368	1.26617	0.738359	0.358177	0.506545	0.506545	0.400461	0.253277	0.400461	0.537256	0.759752	0.964324	0.716325	0.645709	0.913118	0.566325	0.645677	0	0	0	0	0	0	0.400444	0.964324	0.716325	0.800882	1.29125	1.3985	1.04418	0.645709	0.506545	0.400461	0.400461	1.51932	2.02539	1.76332	1.20117	1.79926	2.9619	3.62157	4.01806	4.3198	4.081	4.5564	5.20706	3.92578	1.68909	0.645677	1.26615	2.00146	2.50567	1.79037	1.14662	0.566325	0.400444	0.800882	1.01301	2.1777	4.11201	3.40343	1.69853	1.36368	1.36368	3.28886	7.09556	3.79356	4.03374	1.1325	3.20027	5.2885	3.78939	2.5812	1.30359	0.759793	1.90311	3.73417	1.82577	3.92155	1.97733	1.54026	1.86912	1.29125	1.93638	1.36363	1.36363	0.537256	1.1325	0.400461	0.759752	0.9131	1.14662	1.79037	2.08766	1.65072	0.913118	0.645677	2.40129	1.82574	1.20123	1.54026	1.68909	1.61139	1.39843	1.44358	1.84326	1.36368	0.400444	0.716325	1.79028	0.537256	1.36368	1.90311	1.90311	1.4436	0.738378	0.253264	0.738378	1.82577	2.0953	2.00152	2.79534	3.78939	2.38801	0.400444	0.964359	0.759793	2.00146	2.43437	5.08355	4.11598	4.41453	6.49097	3.20027	3.68254	3.05734	1.20117	1.08923	3.22511	3.32745	1.69848	1.86907	2.5812	2.93481	2.33382	1.20123	1.68901	2.04106	3.04701	5.32752	7.04918	6.48141	2.16298	0.400461	3.28399	4.11578	0.89538	0.17909	0.566325	2.64231	2.33371	0.253264	0.566307	0.895357	0.358177	2.00146	2.69035	2.15553	0.964324	1.26615	1.84326	3.40343	3.75977	2.80104	2.6605	2.70813	2.53109	2.51204	1.30356	0.358177	0.716325	0.716325	0.400461	1.39843	2.08756	2.02528	1.08924	2.33377	7.72205	6.61836	0.89538	2.93466	3.59931	1.92817	2.15558	2.66053	3.43618	3.75984	3.1703	1.26615	2.56251	5.27644	3.06264	6.74817	7.65707	5.36002	2.79534	2.4014	5.67006	4.61169	3.28884	2.91279	0.800882	2.15546	3.68688	1.47651	0.400461	3.41744	5.72295	5.54318	4.67696	5.53738	5.53729	1.08924	2.40129	0.358177	1.61139	1.54019	5.19157	2.32685	1.04418	1.36363	1.90301	2.43437	2.2141	2.1777	3.06264	3.08862	2.51204	2.58107	2.88524	2.86865	2.82944	2.40806	3.8394	3.5502	0.9131	2.15546	3.20027	2.15553
1.04409	1.44347	1.52968	0.759726	1.54005	2.04088	1.36356	1.04409	0.400425	0.358145	0.5065	0.5065	0.537209	0.253255	0.537209	0.400425	0.253242	0.738294	0.716262	0.738313	0.913038	0.913019	0.895278	0	0	0	0	0	0	0.179074	0.738294	0.716262	0.800812	1.29114	1.44347	1.26605	0.738313	0.5065	0.537209	1.44341	1.82561	2.02521	1.65057	0.738294	1.52968	2.78363	3.55008	3.96984	4.31942	4.15794	4.32681	5.2066	4.85316	2.51181	1.90284	1.26603	1.44345	2.17751	1.928	1.30348	0.913019	1.14646	1.07432	1.01292	3.29829	4.6764	2.64219	1.54013	1.36356	1.36356	3.28857	5.67237	3.51389	2.43425	0.5065	5.15126	6.82161	3.52752	2.58097	1.61125	2.1627	1.9363	3.29829	1.82561	4.15777	1.97715	1.69838	1.76316	1.29114	0.738294	0.913019	0.913019	0.400425	1.1324	0.537209	1.26601	1.36351	1.30348	1.928	2.08748	1.76316	1.69833	0.179074	1.92793	1.82557	1.14651	1.54013	1.65057	1.20112	0.179074	1.20112	1.84309	1.97715	0.895278	0.716262	1.29108	1.20107	1.36356	1.9363	1.9363	1.7991	1.30344	0.759685	1.30344	2.53083	2.00134	2.09512	3.05718	3.90505	4.29711	2.15527	0.895324	0.759726	1.44345	0.400425	2.73726	4.05324	4.23759	4.52435	2.26392	2.72548	3.52285	2.43415	1.76309	2.48617	1.84301	2.64207	4.01751	2.9508	2.91269	2.33361	1.44345	1.93621	1.04409	4.11553	5.86992	6.94976	8.42354	4.74716	1.44341	3.52736	4.11542	1.08913	0.64562	0.913019	2.64207	1.84301	0.759685	0.566257	0.64562	0.800778	3.12425	3.04665	1.65057	0.537209	0.759726	2.33357	3.75942	3.75944	2.73145	2.77785	2.8684	2.53087	3.12427	2.48617	0.800778	0.716262	0.716262	0.537209	2.15527	2.08738	1.01287	0.895324	1.84309	7.25253	8.05429	2.00126	3.68653	4.32292	2.17751	2.18488	2.73145	3.59915	3.62125	2.82919	2.1627	4.68992	2.51183	4.17311	7.49725	6.71249	4.35244	2.79509	2.60561	6.39247	5.60497	2.78348	3.66919	0.800812	0.400408	2.56222	2.60553	1.68886	2.32674	4.70019	5.30912	4.71714	4.85316	3.79317	0.895324	1.92793	2.79495	1.20112	3.54989	3.4357	1.65051	1.04409	0.913019	1.65049	3.18497	2.89053	2.50545	3.58129	2.82916	1.76316	1.60124	1.47634	2.2427	2.82919	2.48628	2.2139	2.54339	0.566275	1.3983	2.26392	2.00132
1.29102	1.60117	1.763	1.84293	2.73693	2.3875	1.44335	1.51905	1.14641	0.253233	0.400389	0.506455	0.537156	0.179057	0.50642	0	0	0.400367	0.537156	0.537156	0.253215	0.895184	0.800694	0.506455	0.506455	0.506455	0.400389	0.400367	1.13233	1.65043	1.39825	0.645594	0.566199	0.537156	0.537156	0.759605	0.537156	0.800739	1.39825	2.68986	2.737	2.04077	1.39825	0.964139	1.30331	1.07422	0.50642	1.14641	2.56207	3.59882	3.66906	4.03311	5.18156	4.8527	4.55552	3.92508	3.41695	2.58074	2.26379	1.92783	0.800739	1.07422	2.08729	2.40764	4.29667	4.48146	1.29102	0.800739	0.800739	1.47624	2.40083	3.96922	2.24237	1.07422	1.14641	5.89057	6.46295	3.04121	1.79005	2.26369	3.19965	0.964186	2.18454	1.01276	3.37443	2.1773	2.09493	1.84293	1.84293	2.33341	3.75917	4.43894	3.77188	2.04077	1.52954	1.96886	1.62099	0.738219	0.738219	0.912952	0.566199	1.69815	1.36344	1.26591	1.04393	0.566223	0.179057	0.506455	0.35811	0.400389	1.2532	0.645594	1.44326	1.78999	1.47624	1.47619	1.52947	1.36344	2.15519	2.29191	1.47624	1.01276	1.13229	1.47619	2.50521	2.58074	2.80054	3.75917	3.92101	4.01712	2.54312	0.645594	0.400389	0.179057	1.20101	2.04077	2.15519	2.21375	3.04112	3.0569	2.26379	2.29175	3.22458	3.56302	2.79465	0.895214	2.91223	4.68938	2.16247	0.566223	0.895184	2.08716	1.76291	2.21368	5.46143	4.82312	4.24842	8.67746	8.35595	6.0965	5.63562	5.53638	3.47252	2.73121	2.00116	1.76291	1.26591	1.26593	0.738244	0.35811	0.895184	3.04103	2.91229	1.53999	1.26593	0.566223	1.77195	2.82875	2.43393	1.68879	2.15513	2.53058	2.32647	3.16961	2.48591	0.716192	1.51905	2.29191	2.43406	2.8681	2.00108	1.26593	1.90277	3.37465	6.31993	6.19121	4.23721	6.30512	5.53638	3.45406	3.37465	3.52721	3.2884	2.82894	2.43406	4.39546	5.8258	1.44331	6.85768	5.20587	2.96121	1.44329	1.13229	2.40083	5.57607	5.04182	3.96939	4.5239	2.18469	2.18469	2.38758	2.65991	2.15504	0.253233	1.90264	2.02489	0.895184	2.6838	2.89024	2.40764	3.45406	5.18156	3.12921	3.9208	3.04103	2.15513	1.93613	1.69823	1.97696	3.56302	3.61636	3.08798	3.62069	1.53989	1.36344	2.38758	2.18469	1.60117	0.645594	0.895184	0.738219	1.97696	2.04077	2.49247	2.38758	1.36344
1.47609	1.601	1.8686	1.84273	3.16931	2.38728	1.39811	1.51889	1.30322	1.04383	0.537104	0.506402	0.400347	0.40033	0.506375	0	0	0.179039	0.400347	0.400347	0.253192	0.645495	0.358075	0.506402	0.506402	0.506402	0.537104	1.14623	1.82522	1.68861	1.52938	0.895127	0.566147	0.400347	0.400347	0.253192	0.400347	1.07411	1.52938	2.38734	2.73673	2.16236	1.52938	0.537104	0.738169	1.47606	1.51881	1.79873	2.4338	3.43521	3.68601	4.17238	4.82596	4.85222	4.55507	3.92467	3.47216	2.58047	2.26355	1.78986	1.47606	1.07411	2.08707	2.4338	4.74624	4.71602	1.47609	1.07411	0.800656	1.78982	1.07411	2.73079	3.47198	2.40062	1.30322	5.39666	4.63793	3.341	2.17709	2.26348	3.19937	0.89515	1.44313	1.01267	1.92756	1.92763	2.00096	1.84273	1.84273	2.73673	4.49887	4.42412	4.52354	2.38734	1.65023	1.79875	1.26581	0.400347	0.400347	0.91286	0.566147	0.91286	1.3633	0.759578	0.253206	0.912842	0.645495	0.506402	0.800622	0.738151	1.08894	0.895127	0.400347	1.47609	1.78982	1.92756	1.30319	1.3633	2.24227	2.29167	1.47609	0	1.13218	1.07411	1.78986	2.58047	2.73092	3.54939	3.66867	1.8686	1.53975	0.738169	0.537104	0.645495	1.44317	2.16236	2.18446	2.3536	2.56178	2.88456	2.26355	0.358075	2.43378	5.66847	4.30363	0.645526	2.65964	3.93664	2.16228	0.912842	0.645495	3.07728	1.08892	4.80936	6.31935	4.64827	3.9206	7.30943	8.18172	6.57374	5.25105	5.20552	3.41659	2.65978	1.90257	0.645526	0.759578	1.04388	0.645526	0.358075	0.645495	1.86854	2.70733	1.53983	1.04388	0.566165	1.26576	2.33305	1.79873	1.65025	2.00093	2.53034	2.51133	2.73667	1.30319	0.716123	1.82526	2.29167	2.40738	2.3536	1.44317	1.62083	2.3536	3.997	4.65848	1.44313	4.23677	6.01762	4.63805	3.36007	3.5223	3.47216	3.12888	2.82864	2.65975	5.60108	6.32427	2.88997	7.56218	3.85905	2.49212	1.65019	2.08697	3.86725	3.57606	2.68364	3.8218	3.93673	2.15497	2.15497	2.16236	1.61093	1.39803	0.253206	1.65017	2.02471	0.645495	2.93383	4.07966	2.77731	3.36007	4.82596	3.79249	2.35356	3.77131	2.70733	1.90257	1.97679	1.97677	2.91202	3.41648	3.95685	4.61039	2.5429	1.97677	2.68959	2.15497	2.14747	0.895127	0.645495	0.400347	1.3633	2.16236	2.49221	2.16236	1.3633
1.30307	0.738085	0.895048	1.13212	2.43347	1.76259	1.01263	1.01263	1.44304	1.96849	1.60086	1.51875	1.51875	1.29077	0.645469	0.179024	0	0.179024	0.253183	0.179024	0.50633	0.50633	0	0	0.179024	0.738104	1.47596	1.96849	1.86838	0.716059	1.39791	1.69785	1.20078	0.895071	0.566115	0.400295	0.964001	1.62071	1.62069	0.912761	1.39791	0.800551	1.13212	2.08689	2.5302	2.09453	1.52919	1.52919	2.04038	3.18423	3.72011	3.68563	2.35335	2.16209	3.08747	3.52653	3.77115	3.75844	2.82839	2.82839	4.3219	5.1899	4.14521	0.964001	3.96852	4.12593	4.6888	5.49819	5.30768	4.50914	3.43491	2.60487	3.22392	2.82825	1.62069	4.90371	2.40704	1.79859	3.28777	3.4534	3.5936	1.9024	0.645469	1.07402	0.716059	0.358044	0.358044	0.400312	0.738104	2.18415	3.12846	1.84257	3.34061	1.29071	0.645438	1.04379	2.04038	1.53969	0.738085	2.09453	2.00078	1.39798	1.53969	1.76266	1.47593	0.800585	1.86843	1.53969	1.2657	1.44302	1.39798	2.09453	1.92746	1.01263	0.895025	1.96849	2.48558	2.64145	2.00078	1.60086	2.15473	1.76266	1.13212	0.358044	0.400295	0.179024	0.800585	0.716059	0.400295	1.04379	2.04035	1.26572	0.400312	0.738085	1.65005	1.43189	0.964001	1.36312	1.20073	0.537057	1.36312	1.96849	0.800585	5.35791	5.71249	2.18426	2.96068	3.43939	2.32603	2.14728	0.400295	3.22394	1.8251	4.80562	5.76481	4.38032	4.87472	5.72088	4.6886	3.41611	1.65002	2.56148	1.76266	1.39798	0.506357	0.738104	1.77173	2.27747	2.15478	1.65011	0.895071	0.645438	1.69785	1.36318	1.26572	1.30311	0.895048	1.65002	1.07402	1.14619	1.44304	1.76259	1.65002	1.86843	3.68568	4.80916	4.87472	3.80062	2.32608	1.08884	0.895048	1.36312	1.9023	2.68333	2.35335	2.09453	3.26332	3.47173	1.79859	1.07402	1.14613	0.537057	0.716059	0.738104	2.21328	5.35494	5.04092	5.35804	7.04634	2.38707	1.39791	1.43189	2.26328	4.17186	2.91172	0.179024	2.64133	2.65943	1.14619	1.26572	1.36318	1.52925	1.65008	1.04379	1.76259	2.08679	0.895025	2.43349	5.11275	2.79988	1.69785	3.45328	1.65002	3.04581	4.49842	2.68934	1.04379	2.27734	2.5615	2.32603	2.00069	3.47168	5.03146	3.56238	2.53012	2.53012	1.29077	1.60079	0.738085	0.91278	0.91278	0.645469	0.400312	2.15478	3.41629	3.62022
0.89493	0.963899	1.51859	1.84238	1.61062	0.75939	0.506303	0.506303	0.963899	1.92725	2.43333	2.52994	2.52994	2.29122	1.84238	1.44291	1.14607	1.04368	1.01253	0.894976	0.566055	0.400253	0	0.179005	0.358006	0.800466	1.04363	0.89493	1.26556	1.52908	1.64987	1.93545	0.179005	0.253143	0.400253	0.738007	1.14601	1.26559	2.88952	2.29122	0.912683	0.358006	0.506303	0.645401	0.75943	0.400253	1.39783	3.03506	3.68529	2.78255	1.53953	0.566037	1.14607	2.43333	3.68529	4.46617	4.60973	4.46612	2.82809	3.85839	5.64247	7.40833	8.71094	7.35952	5.7452	2.40691	1.44285	2.82809	4.57514	4.92603	4.85791	4.29562	3.22371	1.82487	2.72442	4.97389	2.1545	0.738026	0.8005	1.52908	2.00048	0.179005	1.13196	1.08872	1.60069	2.43333	2.65926	2.0943	1.08871	2.15443	3.0454	1.26556	2.65915	1.08871	0.715983	1.86823	1.9022	1.9764	2.57984	2.26304	2.24183	3.47148	4.29562	3.68524	3.28243	2.33264	3.5397	4.21715	3.41593	2.24183	1.04368	1.14601	1.04363	0.253143	0.179005	0.645401	1.51859	1.53953	1.14607	1.08872	1.78942	1.47577	1.53953	1.53953	0.738026	0.40027	0.894976	1.14607	1.14607	1.6882	1.86818	1.9022	2.29122	1.9022	0.738026	0.963899	1.26559	0.715983	1.39776	0.715983	0.253157	1.13196	1.44285	2.77677	6.82836	5.32492	4.29182	4.63703	2.5298	2.56123	2.1545	2.86728	3.12303	3.22373	8.34626	10.7831	11.8574	10.9377	8.53073	6.30337	5.11553	4.91309	3.16379	1.8249	1.53945	1.92725	2.7997	4.01615	5.30712	5.35465	4.16781	3.03506	2.33271	1.68828	1.51859	0.894976	0.963864	1.79838	1.20065	1.04368	1.30297	1.8249	2.40025	4.48036	6.77297	7.12346	6.21015	4.85786	3.41582	1.01253	1.07391	1.08871	1.53945	1.69767	2.33271	2.68318	2.52985	2.57984	1.30293	1.132	0.738026	0.358006	0.738007	0.566055	2.3326	3.9961	3.61982	5.02791	4.35061	1.29057	0.645369	0.566055	1.2006	3.12813	3.83757	0.506276	2.82798	2.8617	1.7984	1.13196	1.92725	2.00057	1.60069	1.30297	2.00051	2.33264	2.14706	0	4.80845	4.35061	1.36298	2.72442	2.884	5.20452	4.03192	2.0943	1.26556	3.32586	2.79386	1.13196	1.43174	2.88391	4.93871	4.48025	3.43912	3.47143	2.884	2.08667	1.39783	1.44291	2.02442	2.82809	3.12827	3.43917	3.82528	3.66796
0.506259	0.71592	0.894897	0.912602	0.912602	0.645344	0.506259	0.506259	0.357974	0.400234	0.894897	1.01244	1.01244	1.1319	1.30286	1.36291	1.20055	1.14597	1.26547	1.04359	0.566005	0.178989	0	0.400217	0.178989	0.536952	1.26545	1.53939	1.90203	2.09412	1.04359	1.2005	1.01244	0.894897	0.400234	0.506259	1.8247	2.02414	1.64979	2.33246	1.08861	0	0.71592	1.39771	1.77139	2.03996	2.38666	2.56108	1.76232	1.93528	2.32563	2.93315	2.52971	1.64979	1.14597	1.1319	1.25273	3.18345	1.01238	3.57505	2.99762	2.4067	5.28563	6.48031	6.05786	5.34823	5.25256	3.93562	1.92701	0.71592	1.44279	2.03998	2.3325	1.53939	4.29502	4.90276	1.97623	2.16175	2.49151	2.03996	1.86807	1.78936	0.645312	2.00037	2.26291	2.32563	2.4067	2.8837	2.60429	1.78927	4.65708	2.79376	4.30251	2.56098	1.76225	1.08861	0.645312	1.01238	3.0399	3.28214	1.78927	3.23816	2.79376	4.3172	4.67408	3.61935	2.35293	2.73015	2.659	1.47568	1.68805	2.68881	2.16175	1.26545	0.565987	0.912602	0.894897	1.01244	0.80043	1.08861	3.22332	3.22338	2.54231	2.03996	1.69752	1.36286	1.76232	1.64979	1.26547	2.561	3.0399	1.30282	1.90203	2.3325	1.97623	0.894851	0.536952	0.253121	1.53932	1.14591	0.80043	1.08863	1.44272	2.26284	3.94773	5.47382	3.22336	6.42631	5.66688	3.47113	1.92708	1.92701	5.18865	4.87363	5.68942	7.20387	7.30759	6.5959	6.30285	5.93943	5.4363	4.99898	2.52963	2.15424	3.12785	1.61048	1.44274	3.12278	3.45273	3.91949	3.82072	2.9113	3.03479	2.9113	2.78231	2.38666	2.54218	2.38661	1.93538	2.15436	2.3325	2.32563	2.15436	4.14436	4.11355	2.43312	1.60055	4.0746	3.53921	0.178989	0.645312	0.894851	1.14591	0.536952	0.963814	0.80043	0.536952	2.561	2.39994	0.800396	0.506259	0.73796	1.25273	1.20055	2.51062	3.64571	1.64976	1.77129	2.49142	1.62038	1.04354	0.566005	1.08861	2.09405	4.23539	2.40658	2.26291	3.5618	3.75763	3.12785	1.36286	0.566005	0.178989	0.645312	1.36286	1.62038	2.15429	2.00033	2.91115	4.65708	0.800396	2.56108	3.22342	3.29672	1.08861	0.178989	1.01238	3.07641	2.70657	2.32563	2.00037	2.21285	3.83723	3.75756	2.38661	2.15429	1.82474	1.51846	1.78936	2.15436	2.96022	3.52585	2.65903	1.30286	0.737942	0.400217
1.14587	1.0885	0.506214	0.71585	0.71585	0.506214	0.506214	0.400198	0.759242	0.912492	0.894817	1.01235	0.894817	0.894787	0.71585	0.737892	0.963726	1.14587	1.39759	1.68798	1.84205	1.64964	1.51833	1.44266	1.26536	1.26536	1.04349	0.645286	0.506214	0.800312	0.400176	0.400176	0	0.178971	0.5369	0.737892	1.36272	2.43274	1.08853	1.68788	1.20037	1.36279	2.38644	2.6407	2.78206	2.6407	2.2127	0.963726	1.7711	3.04481	1.68788	0.894787	0.963726	1.08853	0.565953	0.565929	0.912492	3.08651	3.22316	3.94734	2.39969	0.357939	1.44257	1.04343	1.04343	1.90173	2.97591	3.82026	3.94739	3.05545	2.52949	2.18365	1.69742	1.79807	4.50758	4.01518	2.72403	3.07629	2.88349	2.09393	0.759296	0.253112	2.09383	1.92681	1.20037	1.04343	0.253112	1.64953	2.7239	3.9312	7.54907	4.30226	5.58767	4.4114	1.84194	1.14587	1.64961	1.20044	1.78908	2.94902	3.61472	4.834	3.53908	5.19734	5.27293	3.59691	1.51822	1.43148	2.14666	1.43148	1.90173	2.35266	2.18365	2.2127	1.13179	0.737867	0.253112	0.565953	1.39759	2.60412	4.87315	4.8504	4.29487	4.47956	4.30214	3.29639	1.4426	0.912517	0.894817	2.26261	3.07609	1.4426	2.0398	1.77123	1.52874	1.20037	0.737892	0	1.76207	1.52874	0.506214	0.71585	1.30269	3.12752	2.64054	5.71071	2.40632	7.30001	6.38136	2.56085	3.03452	2.77627	5.54213	5.17588	1.44257	1.29032	1.14579	0.400176	0.178971	0.400198	2.72973	5.20337	4.20487	3.75729	3.61464	2.00018	2.2127	2.56071	1.64961	3.4708	3.26244	1.68798	1.04349	0.759296	1.69742	3.04492	2.49116	1.96792	2.68271	2.54209	2.0398	1.52881	0.800357	3.57467	3.07609	0.645286	1.79804	4.47576	2.93269	0.400198	0.5369	0.759242	0.912517	1.68798	2.0863	2.0863	1.79807	1.04343	3.22299	1.86782	0.253094	1.26533	3.04502	3.22313	1.13179	2.3253	2.38644	1.53926	0.912492	2.82759	4.41168	4.50787	3.03452	1.30274	3.4337	3.52081	1.29041	0.800312	2.94902	4.72771	3.03967	1.20044	0.565953	0.178971	1.08853	1.64961	2.14666	2.60403	1.60031	4.18584	2.16144	0.645244	1.47549	1.60031	0.357939	0.506214	0.800312	2.29066	1.78908	1.14579	1.53915	2.48472	3.83683	3.2818	1.64953	1.36272	1.2526	0.894817	0.400198	0	2.39969	3.23789	4.07445	4.30226	3.41532	2.49128
1.04338	1.08842	1.04338	1.52865	1.60024	1.51816	1.51816	1.44251	1.64941	1.39737	0.536848	0.50616	0.645218	1.20031	1.78901	2.15394	2.29057	2.15394	1.90166	1.78901	2.03959	2.65851	3.43358	3.66692	3.2962	2.79322	2.18342	1.68781	1.51816	1.29027	0.894723	0.894723	0.894723	0.645218	0.645218	0.894723	1.0736	1.14569	1.0736	0.645187	0.912425	1.25248	1.36259	0.894677	0.178954	0.565877	0.506133	0.715781	1.68773	2.39947	2.332	2.16133	1.64947	0.963626	0.357904	0.50616	1.39744	2.72962	3.79076	3.03944	1.08842	0.536848	1.13164	0.894677	1.44244	2.43255	2.56051	1.14569	2.56056	3.75699	3.66692	3.52516	3.4382	3.35847	3.08622	1.69719	2.29057	2.57924	2.72962	2.79322	3.0447	3.32509	2.72375	1.62006	0.737817	2.40623	3.5477	3.22282	1.99998	4.32369	6.20808	1.13168	5.18765	4.6082	2.03956	2.43264	2.03959	1.26523	0	2.52922	5.32349	7.94005	8.28404	5.66881	4.07386	1.78892	1.84186	2.56056	1.99998	0.759215	0.737817	2.43264	3.53871	3.57454	3.28652	3.4705	3.41496	3.183	3.28165	3.6188	5.75167	5.71037	4.18569	3.947	4.55276	3.35833	2.09371	1.64947	0.565895	1.5286	2.68236	2.65851	2.43264	1.79787	2.35248	5.60152	6.80121	6.03319	5.11093	3.23757	1.53909	1.36265	1.79787	3.57436	2.18331	5.9592	2.93243	5.74335	6.4375	5.74361	4.46492	3.71867	3.85721	3.12218	4.68698	5.43525	4.24597	3.0342	4.01501	4.68698	5.71043	8.00832	7.22843	5.42652	2.57924	1.64941	1.26518	2.21247	6.53468	8.6603	7.17632	4.8565	2.35244	0.8947	2.43252	2.39947	1.25248	4.32023	5.21228	4.41122	3.5477	3.0342	2.82729	4.5529	5.99379	6.05148	5.44691	3.08627	1.68781	3.5477	3.41496	2.54182	1.30257	1.62006	1.60024	1.60024	2.6403	0.536848	3.79895	3.8199	2.93258	3.75683	2.33198	3.57891	2.21247	0.178954	1.90166	2.93258	2.79891	1.97584	1.26518	3.41496	4.56341	3.59674	1.0884	3.04463	2.8887	1.43134	1.39744	4.64606	4.83353	3.28165	2.97579	2.39957	1.20031	0.737798	1.68773	2.72949	1.26518	3.67975	2.32513	2.33198	1.92664	1.20031	2.33205	2.65851	1.90166	1.69719	2.18331	2.21242	3.04463	3.93082	3.8199	1.99992	1.0736	1.76198	2.09371	1.52865	0.912425	0.400156	3.76951	4.41826	2.79322	2.15389	1.13164	1.77095
0.178938	0.565827	0.912326	1.25237	1.13158	1.01215	1.01215	1.13158	2.09346	1.99974	0.715718	0.506115	0.357873	0.715718	1.29016	1.51803	1.44238	1.04329	0.565845	0.400104	0.357873	1.43121	2.21228	2.27638	2.16114	1.69709	1.44235	1.13158	1.01215	1.01215	1.01215	1.01215	0.963541	0.565845	0.253063	0.253063	0.565827	0.565827	0.64513	0.357873	0.5368	0.400121	1.60009	2.43243	2.68219	2.39936	1.93483	1.44238	0.737733	1.26509	2.32497	2.72938	2.64019	1.84169	0.912344	1.04324	0.963541	0.894644	0.645161	0.5368	0.400104	0.894598	0.64513	0.64513	2.15364	3.19756	3.23725	2.29037	1.25237	0.912344	1.20021	1.47526	1.92654	1.92654	1.08832	0.178938	0.357873	0.715718	1.14558	1.25237	2.39936	3.53839	3.43327	1.84169	1.53888	2.70584	3.37239	3.29591	2.65828	4.82322	7.12287	5.30516	4.28651	2.79283	1.29016	1.29016	0.894621	0.400104	1.2901	2.2622	2.91043	4.21559	5.36737	3.16762	1.14558	1.44238	1.77089	1.30249	0.400104	0.565827	0.912326	1.26509	1.44238	1.68766	2.33184	3.04443	3.18272	2.65828	1.84169	1.61992	4.71334	4.1851	1.14558	4.07736	5.34651	1.76175	1.01215	1.64926	1.44231	1.64932	2.65825	1.92654	1.44231	2.72925	5.64016	6.18742	6.18752	6.21798	6.77035	4.83307	2.16114	1.84169	2.3318	4.71671	1.44231	6.05063	2.79283	3.06001	4.46447	4.30134	2.35223	1.61994	1.25237	2.17586	4.47517	5.53851	5.35254	3.18272	4.29399	4.32353	5.25108	7.43279	5.35548	2.40602	2.43231	1.69704	1.20021	5.53836	6.76802	6.03261	5.07942	5.58667	4.43575	2.35223	3.90198	3.16753	3.90198	3.93047	2.94856	2.50355	1.60009	1.64932	2.03941	3.3248	5.10436	5.46094	4.1701	2.82693	3.4378	3.16262	3.03393	2.94856	3.22241	1.99974	0.715718	0.715718	3.47003	0.178938	6.14632	5.25099	2.91048	5.76208	3.84859	1.78876	1.64926	1.61992	1.39724	1.52852	3.18272	4.64231	4.99757	2.72341	1.44238	3.04436	2.49071	1.04329	2.56028	2.39926	1.64923	2.16106	3.61835	2.16114	2.4844	2.77574	2.38599	1.84169	2.68212	3.26177	1.97565	3.47003	1.25237	2.56028	2.52891	1.68766	2.38599	2.18322	1.9998	1.26509	2.2409	3.19756	3.64469	3.22245	2.03933	0.565827	0.894644	1.14564	1.61992	1.36247	0.737733	0.5368	4.16988	4.3012	1.78881	3.93451	3.03917	2.88288
0.400079	0.963439	1.4422	1.69691	1.93462	2.02346	1.90129	1.53879	1.5283	1.5283	1.44223	1.39717	1.36238	1.61977	1.30235	0.894549	0.565785	0.400062	0.357835	1.01204	1.76163	1.4422	1.01199	0.506062	0.963404	0.645061	1.13146	1.78866	1.90129	1.53879	1.14552	1.01204	1.29002	1.90129	2.40577	2.40577	1.90129	1.14552	0.253036	0.759068	1.20008	0.800118	0.400079	0.253022	0.565767	0.759028	0.565767	0.178919	0	0.178919	0.565767	0.737655	1.30231	1.44218	1.43106	1.30231	0.400062	0.178919	0.400079	0.536744	0.400062	1.44216	2.50966	3.6792	4.07318	3.59151	2.24067	0.737655	1.64906	0.178919	0.400062	0.645061	0.645061	0.645093	1.29002	1.51787	1.59992	1.44223	1.44218	1.14546	1.30231	1.20008	1.0882	1.01199	2.21199	3.04404	2.95908	2.40577	1.51787	1.78857	3.51981	2.32472	2.38574	1.79754	1.01204	1.01204	1.25224	1.4422	2.86034	3.21717	1.824	1.08819	2.95896	2.27602	1.69691	2.27614	1.64912	0.963404	1.39717	1.52836	1.64912	1.79752	1.14546	1.07339	1.43106	1.29002	1.59992	1.68748	2.3316	2.95908	3.12155	3.22211	4.081	4.84892	3.76878	1.01204	1.29002	2.21199	2.35202	2.79268	2.43217	1.4422	1.64906	2.63979	6.38698	5.038	1.53879	1.69686	4.41016	4.84892	3.56042	2.15347	1.69686	4.34854	2.43217	4.55186	2.82663	1.61975	1.76157	4.07302	2.57861	1.59986	0.400079	3.16212	2.02335	2.57861	4.4745	0.737674	2.03911	1.69691	3.43739	5.59734	3.93006	3.83591	4.64516	3.26148	1.69691	5.68693	6.20689	3.85647	4.12357	7.09333	6.48483	3.40017	3.85647	2.99646	3.78566	3.76889	3.90168	3.33876	1.90129	1.14552	1.29002	1.78866	1.90129	1.20008	0.506035	4.80283	4.57273	1.01204	0.894549	1.99955	3.91782	2.55998	0.894549	1.69691	3.45127	1.29002	6.54999	5.73132	3.28588	4.55188	3.22204	1.4751	0.894526	0.963404	2.17563	3.37203	4.42117	4.26014	3.81916	3.54683	1.36233	2.35198	4.25993	0.645061	2.93187	2.63979	1.6874	1.78857	3.37187	1.82403	2.39911	2.60335	1.64912	0.912229	1.84142	2.43207	0.800085	3.23695	3.96642	4.20376	3.75617	1.14552	1.44216	0.565767	1.36233	0.737674	1.78857	3.79821	3.86466	2.26196	1.43106	1.01204	0.894549	0.645093	0.715642	2.48413	3.2222	2.88263	2.39901	3.57375	3.84832	3.59151	1.44223	1.44218
0.73759	0.89447	1.30223	1.53866	1.90113	2.02328	1.93445	1.53866	0.645036	0.645036	1.39704	1.4421	1.36226	1.61962	1.44207	0.963354	0.565735	0.178903	0.357803	1.43093	1.86718	1.19997	0	0.506017	0.73759	0.178903	1.13136	1.7885	1.93445	1.69676	1.19997	1.01196	1.28991	1.99944	2.43196	2.43196	1.99944	1.30223	1.04304	1.26483	1.14542	0.800048	0.536696	0.758961	0.565717	0.253	0.565717	0.400026	0	0.400026	0.565717	0.963319	1.52817	1.64894	1.43093	0.737608	0.178903	0.400026	0.536696	0.400043	0.178903	2.18269	4.34816	4.07282	3.67888	2.60312	0.737608	0.963319	0.894424	0.400026	0.178903	0.894424	0.894424	0.894447	1.47497	1.51774	1.59978	1.39704	0.963354	0.400026	0.737608	1.14542	0.89447	0	1.30223	2.49032	2.95881	2.48391	1.82387	0.357803	2.1754	2.24057	2.16072	1.4421	1.01196	1.01196	1.08811	1.99938	3.64398	2.88232	1.13136	0.737608	2.49023	0.758961	2.7346	2.27594	2.9962	2.68153	1.4421	1.64898	1.52822	2.43186	2.40543	1.47494	1.43093	1.47497	1.59978	1.649	2.73465	2.95881	1.19997	2.32452	4.08064	3.78962	1.25213	1.43093	1.28991	1.99938	1.90113	2.79243	2.55986	1.19997	0.894424	1.69671	5.66419	5.27097	1.53866	0.912167	2.03893	3.78962	4.2894	3.55999	1.69671	2.50944	2.55986	1.53858	2.82638	2.03893	1.99935	4.07266	2.57838	1.59972	0.536696	3.41382	2.02317	1.59972	3.99385	2.24047	1.04309	1.97529	3.92152	4.39174	3.05427	3.91763	4.16922	3.75161	2.7346	4.93586	7.44807	5.20147	3.68316	7.5379	7.17398	3.39987	3.43713	2.35177	2.70528	3.12139	3.78545	3.03858	2.35181	1.19997	1.47497	1.7885	1.93445	1.44207	0.50599	5.30386	5.57137	1.01196	0.963354	1.44207	4.15382	3.28058	1.08811	1.97529	2.77513	1.28991	4.7627	5.5402	3.43723	2.33133	1.52817	1.28991	0.645036	0.536696	1.7885	3.37174	4.46366	4.18451	2.1828	2.54097	2.82636	2.15327	5.49425	0.894424	3.68302	2.63956	0.963319	2.28981	3.86432	2.52842	2.60312	2.3989	1.4421	1.36221	1.36221	1.79736	1.78841	2.72298	4.01388	4.49547	4.97748	1.79736	1.19992	0.565717	0.912148	0.645036	1.28985	4.30037	4.35906	2.26176	1.43093	1.01196	0.963354	0.737608	1.59972	2.65774	3.28072	3.05427	1.47494	2.57851	3.57353	2.60312	1.39704	0.963354
1.52808	2.03883	2.18261	1.68718	0.89436	0.89436	1.53852	1.93428	1.99926	1.76132	1.5176	1.44197	1.043	0.565659	0.912057	0.89436	0.715509	0.505972	0.73754	1.61944	1.61947	0.912082	0.252973	0.252991	0.536644	0.536644	0.89433	0.399985	0.737515	0.96322	0.178886	0.963266	1.69661	2.21164	1.93428	1.64882	1.44191	1.25201	1.79719	1.99923	2.0231	1.78835	1.28979	0.89436	0.565659	0.565683	0.912082	0.565683	0.252973	1.08798	1.99923	2.65749	2.43171	1.79721	1.07319	0.505972	0.505972	0.737515	0.89433	1.13126	2.24037	3.57756	3.99343	2.18246	0.912057	0.536644	0.536644	1.04293	0.565659	0.252973	0.400007	0.799931	1.14524	1.04293	0.565659	0.565683	0.252991	0.894391	1.01187	1.01187	0.894391	0.565683	0.252973	0.536644	0.644979	0.73754	0.505937	1.08801	1.96698	1.44191	0.536644	1.13126	0.505972	0.178886	0.565659	1.043	1.36214	1.86693	2.68125	1.99923	2.52822	2.43171	2.33112	1.14532	3.12095	0.963266	3.29475	3.53715	0.644936	0.912057	0.963266	2.88194	3.1816	1.53842	1.04293	0.912082	1.69661	1.64886	2.65737	1.64874	2.18246	2.78054	1.14524	1.44191	1.36214	1.79719	1.13126	1.82365	0.644979	0.912057	1.76132	2.97469	3.18182	2.72861	3.76806	4.1801	2.97469	2.65753	1.90096	0.399985	3.22151	5.18585	4.41671	2.50282	2.02296	0.963266	2.68134	3.22151	2.82609	3.83501	2.85981	2.77494	1.97507	4.32202	2.55953	1.78828	4.18385	3.61725	1.36214	2.16041	4.42008	3.1615	1.19987	3.94551	5.53693	7.20635	9.82582	10.2121	8.87972	5.04654	2.14564	6.76819	7.63802	3.64362	1.92589	1.08801	1.79721	0.357769	1.59955	0.89436	1.99918	1.78835	2.26163	2.39868	2.68143	3.04348	1.99923	4.16863	5.22227	5.43619	5.82068	5.55412	4.90014	3.08504	1.2647	1.69654	2.16041	0.89436	2.52811	3.51913	2.60288	2.28973	1.93428	1.90096	2.24037	2.82621	3.12111	2.88762	1.99926	1.79721	1.76123	1.44191	3.85574	1.19987	5.14583	2.15305	3.28507	2.72843	0.89433	2.90946	4.21412	1.64874	1.86701	2.24037	1.76132	1.79719	0.89436	0.565683	3.04345	3.7555	1.90096	2.28957	4.56144	2.6873	2.65749	2.79218	2.72274	1.52808	1.2647	4.89992	4.71531	1.86693	0.799931	0	0.96322	1.9751	2.50917	0.737515	2.5596	2.60288	2.26153	1.47479	1.5176	1.59964	1.39692	0.963266
0.505919	0.565607	0.357734	0.399949	1.26458	1.64862	0.536592	0.399966	1.28966	2.18238	2.52802	2.2755	1.687	0.963167	0.357734	0.644879	0.644879	0.71544	1.04289	0.357734	1.13114	1.19974	0.565625	0.178869	0.252964	0.399966	0.399949	0.894296	1.47469	0.963167	0.644879	1.1311	1.61929	2.14543	1.93408	2.35132	1.78807	0.399949	1.2646	2.2755	3.43194	3.54601	2.93119	1.76114	0.252951	0.91199	0.91199	1.04289	2.03859	3.29459	4.41627	4.63026	4.1837	3.16139	1.78816	0.799892	0.399966	1.01171	1.92572	2.86511	4.12245	4.01308	1.99903	1.28959	1.26458	0.894296	1.19974	1.61931	1.19974	0.799892	0.565607	0.963132	1.99899	1.64866	1.04289	0.737465	0.536592	0	0.252964	0.252951	0.399949	0.799859	0.644911	0.894296	0.894296	0.505919	0.178869	0.178869	1.1311	2.08499	0.644879	0.737447	1.04284	1.13114	1.6094	1.07309	0.737447	1.08788	2.03859	2.72832	2.48984	1.82352	0.737465	0.737447	2.43136	1.19969	2.68701	4.51917	2.32402	0.399966	0.399949	3.18132	3.18132	1.3967	0.799859	1.13114	1.99903	1.78816	3.38979	2.97423	2.27538	3.29446	0.911971	0.737447	0.536592	1.26458	0.644911	1.04284	0.737465	1.1311	1.2646	1.7702	2.03861	2.03861	1.44178	1.97488	2.32407	2.15291	2.39843	2.17501	0.178869	2.82592	5.19454	5.71596	4.3437	1.69638	0.894273	2.94735	3.46873	3.75089	3.7552	3.37108	3.81809	5.53902	2.32398	1.1311	3.92076	4.41616	2.2614	1.59941	3.90047	5.04935	7.87316	9.06024	8.34931	7.94222	9.1554	8.73298	5.90079	2.60262	1.78811	5.415	7.93405	5.53913	1.52792	1.96679	2.18238	1.96679	1.79701	1.687	2.9093	3.32351	4.01311	3.5905	2.33087	4.34377	3.41327	1.92572	1.82352	4.01308	4.71175	4.6712	3.03276	0	1.47469	1.30195	1.53828	1.39677	2.68108	2.38501	1.08788	0.505892	1.61931	2.48343	3.19646	3.61707	2.88181	1.19974	0.91199	1.44179	1.93398	0.91199	3.26056	3.51895	2.48975	2.21136	1.44175	2.52793	2.65722	3.2605	3.16122	2.18238	4.50526	5.49346	4.25894	2.48343	1.51744	1.2646	0.894251	2.32398	1.44178	0.894251	3.2605	3.7679	4.31817	4.16848	4.63026	4.4091	2.79189	4.78828	4.07187	0.963167	2.2755	2.65725	2.82592	3.59054	1.90076	2.39833	2.17501	0.252951	2.15291	3.18148	3.28495	3.32351	2.97437	2.38506
1.90059	2.28928	2.43127	1.69628	0.178853	1.82336	2.09253	1.69628	1.08778	0.715377	1.01167	0.963082	1.08778	0.894194	0.758787	0.565575	0.963047	1.82332	1.68685	1.61916	0.565557	0.737382	0.715377	0.536545	0.399913	0	0.357702	1.073	1.0878	0.565575	1.04275	1.19958	1.59926	1.93381	0.758746	2.78005	2.72795	0.799822	0.178853	1.30183	1.79687	1.84082	1.86665	2.26113	1.78791	1.28954	1.59933	1.59933	2.50236	3.22092	3.41293	2.52775	2.02271	1.92562	1.82332	0.799788	0.399913	1.44163	2.4831	3.35644	2.94709	1.13104	0.536545	0.644822	0.799788	0.505874	1.073	1.43053	0.894217	0.911909	1.08778	1.90049	2.48953	1.30187	1.28954	1.1451	0.399913	1.0878	1.26451	1.26449	0.911909	1.26447	0.644854	0.505874	0.357702	0.399913	0.178853	0.799822	1.0878	1.93381	0.799788	1.08778	1.69623	1.25177	1.64851	2.03841	1.86665	1.59933	1.44169	1.26449	0.252942	0.7374	1.19964	1.97473	2.33067	1.97471	2.03843	4.72461	3.72924	0.963082	1.26449	3.35644	2.88143	1.19958	0.252929	1.04275	1.14504	0.178853	3.18104	3.57234	2.18207	3.54551	1.30183	1.47456	1.64854	1.99887	1.76098	0.758787	0.252929	0.758746	1.08778	1.1451	1.19964	0.894194	0.252929	0.911891	1.26447	0.565575	0.39993	1.99885	2.48962	1.79687	1.073	4.76136	5.63749	3.12042	1.26451	1.76091	2.23984	2.33067	1.97473	0.894217	3.52301	5.6626	2.88151	1.788	1.30183	4.11046	3.85513	1.61916	2.03843	5.3442	7.25903	5.82765	3.28464	0.963082	0.505874	1.01167	1.01167	0.799822	0.799788	3.43146	6.17664	5.18476	3.22085	2.82556	0.758787	1.79686	1.99885	2.33073	4.4942	5.3442	5.95616	7.54415	5.78392	2.3848	3.92042	1.30183	1.68685	3.50947	1.44167	0.894217	2.03835	2.68678	2.03843	1.44169	0.715377	1.47452	2.86484	3.08453	3.03773	2.88151	2.72795	1.36182	1.64847	1.47452	0.399913	2.73383	3.12049	2.52779	1.13104	1.14504	0.644854	2.43125	2.03843	0.565557	0.39993	0.963082	2.33073	2.03841	0.911891	2.68679	3.7548	3.43626	3.75478	1.36188	0.894217	1.59933	2.18218	2.35115	1.43053	0.536545	1.26447	1.64854	1.92562	1.39665	1.99887	3.41297	2.38485	3.32305	3.12548	2.03841	2.63893	2.68091	2.32386	2.3848	1.53815	3.93255	0.39993	3.39892	3.22101	2.55914	1.77004	1.84082	1.97473	2.21117
0.894123	0.644785	0.737322	1.61897	1.6961	2.15988	2.32362	1.7608	1.26434	0.644754	0.505821	0.357664	0.737304	0.96298	1.14498	1.26438	1.26435	1.68659	0.505794	1.13088	1.52763	1.99866	2.08468	1.9337	1.53806	1.04268	0.911813	1.36173	2.27506	2.54012	1.68667	1.07288	1.59909	2.08458	1.30169	3.03727	3.37027	0	0.799737	1.82313	1.92535	0	1.08769	2.70423	3.33708	1.14492	1.64836	2.48295	2.70427	2.03814	1.69605	2.55887	3.16078	3.27945	2.77412	1.6961	1.86645	3.41261	4.31727	3.75016	1.69605	0.252915	0.178834	0.357664	0.357664	0.505821	0.962945	0.758666	0.565515	1.08769	1.60909	2.82528	1.84054	0.758706	1.26438	1.19951	0.8941	0.644754	0.799737	1.25164	0.911813	1.25164	1.14498	1.3965	1.59916	1.59916	1.68667	1.84062	1.7608	2.14501	1.52763	1.44151	1.30169	0.536488	1.30173	1.44151	1.25164	0.737322	1.07288	1.60909	1.04268	0.644785	0.715301	1.14492	1.26434	1.97452	1.84062	3.2793	3.37027	1.68667	2.03819	2.48926	1.84054	1.61899	1.04268	0.911794	0.565497	1.19951	2.88666	3.0425	2.33037	3.76699	1.47436	0.799703	0.178834	0.565497	0.894077	0.644754	0.565515	0.911813	0.737322	0.505821	0.357664	0.715301	1.64836	2.72779	2.99513	1.64836	0.644785	0.565497	0.911794	1.9745	1.6961	1.84054	6.13508	4.43317	0.737322	1.26431	1.26431	1.36168	1.6483	1.07288	3.53615	5.07002	1.59909	0.399871	1.99866	4.1676	4.72421	4.93414	4.23193	3.08421	2.53998	1.25164	0.799737	0.178834	1.14498	1.3965	0.911813	1.61899	4.57422	6.48197	6.94267	5.02309	3.51813	3.37027	1.59916	2.26096	2.26096	1.92542	2.88112	1.92535	1.44154	5.93402	7.145	3.32287	3.12515	1.52757	0.962945	2.88666	2.39797	2.65673	3.08421	2.68649	1.26438	1.3965	1.64836	2.68649	3.22053	2.39786	1.28934	2.28892	3.6816	1.64827	1.39643	0.962945	0.962945	2.65659	1.92535	0.799737	0.178834	1.04264	0.894077	0.399871	0.911794	0.8941	0	0.894123	1.26438	0.96298	0.357664	1.78772	2.72182	0.96298	2.55877	2.39797	2.65673	2.7799	2.03822	0.565515	0.536488	0.536488	0.252902	0.565497	0.399871	0.178834	0.252915	1.84054	2.03814	1.84054	2.09224	1.96641	1.61899	1.44154	1.28941	0.644754	1.99858	2.97365	2.03819	3.12006	0.8941	1.60909	1.3965	1.30173	1.79667	2.38454
0.962895	0.737257	0.644728	1.26424	1.53793	2.38439	2.2395	1.64822	0.758639	0.178818	0.505776	0.357633	0.399853	0.894044	1.1994	1.26427	1.04259	0.96286	0.505749	0.505776	1.39638	2.09212	2.08449	1.90022	1.53793	1.26424	0.911732	1.36161	2.48913	2.53989	1.86629	0.799666	1.59895	2.0844	1.52744	2.79667	3.86248	1.01142	0.799666	1.82297	2.39765	1.01142	0.894044	2.15226	4.01181	3.4122	2.15226	2.55864	2.32341	1.04259	0.911732	2.4308	3.18059	3.22038	2.40441	1.53793	2.32337	4.31683	4.47564	2.79679	0.911732	0.252893	0.644697	0.357633	0.357633	0.505776	0.737238	0.252879	0.911714	1.25153	1.79651	2.82504	0.565465	1.26422	1.26427	1.14488	0.644728	0.178818	1.07279	1.08759	0.911732	1.08759	1.1994	1.44141	1.59902	1.59902	1.64822	1.84046	1.86629	2.14482	1.64819	1.30161	0.737257	0.96286	1.44139	1.30161	1.08759	0.644728	1.47423	1.79651	1.04259	0.737257	0.715238	0.399836	0.758639	1.69595	1.84046	1.64815	1.92518	1.64822	2.03801	1.26424	0.565465	1.61885	1.26424	0.565465	0.565447	1.60895	2.21074	2.03793	2.82501	4.01179	1.07279	0.357633	0.399836	0.565447	0.644697	0.893998	0.911714	0.911732	0.644728	0.505776	0.357633	0.715238	2.15226	2.6565	3.4123	2.15226	0.894021	0.565447	0.565465	1.36161	1.97434	1.84038	6.6084	7.17928	1.30158	1.7696	0.758599	0.911714	1.44137	1.47423	4.54232	5.06958	1.59895	0.893998	3.46775	4.64255	4.86908	5.07288	4.10975	2.63842	0.565447	1.08759	1.07279	1.39631	1.30161	1.44141	1.6959	4.23137	6.24401	6.60625	6.01024	3.55841	2.17436	3.86248	2.14482	2.26076	2.26076	1.78765	1.47423	0.799666	1.39638	2.68026	5.22031	3.61606	0.758639	1.30158	0.737238	1.44139	2.28884	2.68039	2.82512	2.03801	1.26427	1.44141	1.68652	2.68625	3.91561	2.88087	1.78756	1.78756	3.93179	1.90012	1.14482	0.737238	0.737238	1.90012	1.47423	0.799666	0.644697	1.04254	0.644697	0.178818	0.565465	1.08757	1.01142	1.08759	1.26427	1.44137	0.357633	1.28923	1.82297	1.25153	0.894044	2.28884	2.68039	2.77966	2.68627	1.36156	0.399853	0.399853	0.252879	0.565447	0.178818	0.399836	0.252893	1.36156	1.61883	0.565465	1.08759	1.79653	1.61885	1.39638	1.28929	1.14482	1.76057	0.894021	2.03801	1.99842	1.08757	1.1994	1.44141	1.44139	1.60895	2.38433
0.962807	0.565413	0.252853	0.565413	0.758572	1.36142	0.565389	0.536388	0.737188	0.962807	1.01138	0.962807	0.911647	0.758572	0.565413	0.252871	0.252871	0.565389	0.565389	0.399794	0.399794	0.962761	0.715168	0.505731	0.715168	0.644629	1.0425	2.21059	1.99827	1.2641	1.89992	0.799594	1.82283	2.90821	3.2837	3.08365	3.12455	1.44119	0.715168	1.44119	2.40403	1.19923	1.39626	2.77362	4.72323	4.5139	1.99822	0.911622	0.252853	0.399794	1.39616	1.53769	1.6187	2.1595	2.65626	3.16022	3.50856	4.02723	2.3974	0.357598	1.44119	0.252853	1.19923	0.715168	0.715168	0.505731	0.715168	0.399794	0.962807	1.92507	2.60165	3.57139	1.47413	1.08746	0.962807	0.505731	0.536388	0.252853	0.911622	0.911647	0.565413	0.399794	0.399794	0.565389	0.565389	0.565389	0.252853	0.536388	1.08746	1.69573	1.30145	0.357598	1.25141	2.33001	1.19929	0.357598	0.357598	0.505731	1.47408	1.82278	0.505731	0.357598	0	1.30149	1.99831	1.92507	1.44123	0.737188	2.28864	3.03163	2.57705	1.78749	1.68637	1.6958	0.911647	0.252853	0.911622	1.76039	2.02199	2.09184	3.43509	4.54882	0.252871	2.7331	4.86872	5.7057	5.55149	4.0471	1.36149	0.565413	0.565413	0.399817	0.536388	0.644629	1.79633	1.93336	2.88063	2.70372	1.86612	1.01138	0.399794	0.565413	1.60879	3.91521	4.81938	8.34581	2.53967	1.86604	1.43011	1.76048	1.86612	1.78743	4.03897	4.57319	3.35562	4.1783	5.34845	4.10539	2.55831	2.18142	1.36149	1.36142	0.565389	0.399817	1.68637	3.2837	4.10939	3.91545	2.88625	5.19844	6.23313	3.67658	2.7213	1.47413	1.82283	3.21989	1.69573	1.44125	2.14461	2.72731	3.43067	3.57151	3.29342	3.03686	3.9315	2.68006	1.2641	0.758519	0.565389	0.178801	0	0.505696	1.01131	0.399794	0.399817	0.737188	0.911647	1.68627	3.46734	3.16508	2.73302	1.79633	4.01136	1.84018	0.893904	0.799549	0.799594	1.79633	1.6187	1.30149	1.47408	1.2891	0.505696	0	0.178801	0.962761	1.59879	1.07268	0.893964	1.04243	0.565389	0.644629	1.08749	1.97416	2.09193	1.90005	1.84029	1.64807	1.76039	1.64799	1.51688	1.51688	1.44128	1.19929	1.01138	1.13072	1.14477	1.60879	1.59879	1.47408	2.08431	1.93336	0.737188	0	0.505696	1.68627	1.76048	3.35562	4.07446	3.86233	2.9301	1.93336	1.47413	1.68627	2.03775	2.68599
0.89387	0.565355	0.758452	0.565355	0.758492	0.911537	0.565337	0.399775	0.644603	0.89387	1.01128	0.89387	0.911555	0.758492	0.565355	0.252844	0.252844	0.565337	0.565337	0.178783	0.178783	0.737095	0.715099	0.505678	0.715099	0.178783	2.03756	2.35024	1.6862	2.15919	2.65584	1.07258	1.51672	2.55815	3.12441	2.5394	1.26398	1.19912	0.715099	1.19912	2.15178	0.536336	1.96585	3.21969	4.51703	3.64154	1.44111	0.565355	0.25283	0.178783	1.14459	2.53927	2.38387	2.38393	2.72702	3.17997	3.28337	3.03648	1.07258	0.799477	1.19912	0.758452	1.44107	0.715099	0.715099	0.505678	0.715099	1.14459	1.25129	1.78731	2.39729	3.57105	3.51714	0.737114	1.44109	0.505678	0.399775	0.25283	0.565355	0.911555	0.565355	0.178783	0.178783	0.565337	0.565337	0.565337	0.758452	0.399775	0.893847	1.69557	1.52714	0.357563	2.79613	2.32978	1.44111	0.357563	0.357563	0.505678	1.07258	1.82261	1.13056	0.357563	1.01122	2.21031	2.09172	2.17398	2.55804	2.23897	2.60138	3.03131	2.57678	1.92487	1.6479	1.53763	0.911555	0.758452	0.565355	1.99801	3.03115	2.79613	3.9189	5.55062	1.04234	5.07489	5.62705	5.73817	5.55091	4.89732	3.75326	0.565355	0.911537	0.536336	0.399775	0.178783	1.14465	1.89985	2.50139	2.90786	1.7603	1.42997	1.14459	0.911537	1.19917	4.15105	1.3613	6.97663	3.39762	1.25129	2.26025	1.86593	1.7603	1.47398	2.02182	3.05736	3.17997	4.41417	5.00595	3.33623	1.44113	0.536336	1.36135	0.565355	0.565337	1.44107	1.86593	3.0418	4.04668	3.96341	2.72702	4.23055	6.4799	3.67625	2.72106	1.78726	1.82265	1.52714	0.911555	1.30136	2.94595	3.25901	3.41172	3.57114	3.36948	2.97296	3.7491	1.9981	0.758492	0.25283	0.565337	0.399758	0	0.505651	1.01122	0.178783	0.536336	0.644603	0.911555	0.962673	2.23897	2.73277	3.16479	1.60863	3.76593	1.3613	0.644572	1.28898	0.799511	1.60863	1.61854	1.44111	1.9248	1.78721	0.505651	0	0.399758	0.737095	1.59864	0.799511	0.962708	0.252844	0.565337	0.178783	0.89387	1.69563	1.9981	1.93316	1.8401	1.6862	0.644603	0.89387	1.51672	1.51672	1.39611	1.14465	1.01128	1.1306	1.19917	1.79616	2.57666	2.88031	2.52677	2.09172	1.08736	0	0.505651	0.962673	1.99807	3.96334	4.15122	3.79554	3.03655	2.21037	1.78726	2.92964	3.43478	2.68573
1.53749	0.893791	0.505597	0.799439	0.799439	0.799394	0.505597	0	0.178766	0.399739	0.644546	0.893791	0.962621	0.758425	0.91147	0.644546	0.505633	0.715029	0.893761	0.758425	0.644546	0.357529	0.399739	0.893791	1.30124	1.64775	3.21938	3.16459	2.53918	2.15161	2.08377	1.9247	1.99792	1.39598	0.644546	0.178766	0.799439	1.25117	0.737045	1.07247	2.17377	3.07277	4.24154	4.72244	5.18239	4.20019	3.04153	2.43011	1.82248	0.715029	1.59848	3.35479	2.48831	2.03736	2.15164	2.0839	1.76014	1.44095	0.644546	1.26388	1.76014	1.76014	0.911445	0.565279	0.399717	0	0.399739	1.61838	2.43008	2.65575	2.40373	2.7032	4.25626	0.962574	1.25117	1.19906	0.758371	0.737045	0.505633	0.737045	0.91147	0.565303	0.399717	0.893761	0.399739	0.644546	1.83994	2.1517	1.78715	1.60848	1.19899	0.644504	2.92934	1.82248	2.35001	1.68605	1.01119	0.799394	1.1305	0.799394	1.44095	1.36122	1.08725	1.9978	1.61838	1.44095	2.65556	2.72661	2.17372	1.39598	1.26388	1.08725	0.799439	1.01119	0.893761	0.644504	0.962621	2.21009	2.79012	2.65559	2.67945	5.14555	4.23036	5.24289	3.71456	2.03736	1.93299	4.63766	5.53582	1.04223	0.962574	0.536284	0.565303	0.962621	1.08725	0.565279	1.52699	2.28803	1.13045	1.79601	2.32269	1.9247	2.28819	3.38783	0.893761	4.4743	6.61393	6.20199	3.07277	0	1.39598	1.93299	2.32275	2.82432	2.65575	2.67954	1.89955	2.1517	3.61506	3.54401	3.03628	2.65571	2.796	4.51668	5.19772	4.28996	2.32956	1.39589	1.28884	2.9725	5.92117	5.10561	6.05559	6.62345	6.07896	5.92151	5.8168	3.83267	1.76005	2.42998	1.1305	0.799394	0.799394	0.536284	2.95657	4.54825	4.28996	2.73257	1.53739	1.19906	0.893791	0.565303	0.565279	1.19906	2.09153	2.53918	2.63767	1.89969	1.60848	1.68594	2.67945	0.737021	3.17947	1.30119	0.737045	1.83994	3.15961	2.52659	0.962621	0.758371	1.64767	2.55788	2.92953	2.90771	2.63767	1.64775	0.399717	1.99792	2.79031	3.07277	2.52659	1.51658	0.505633	0.799394	0.715029	0.536284	0.252804	0.644546	1.47385	1.59857	1.51658	1.39598	0.962621	0.357529	0	0.505597	0.505597	1.13045	2.90757	4.10845	4.15084	4.01084	2.03746	0.536284	0.644504	0.565279	2.27405	3.17947	1.59848	0.644546	1.93286	2.72078	3.23419	3.76563	2.9725	1.79598
1.28879	1.89948	2.27397	2.03725	1.53733	1.08717	0.357494	0.178749	0.536232	0.565245	0.736971	0.962521	0.758345	0.799356	1.64758	2.40348	2.40348	2.18091	2.15886	1.78696	1.36108	0.799356	0.644447	0.536232	0.91136	0.911378	1.99769	2.88539	3.07245	2.15147	0.252781	1.76901	2.48177	2.42986	2.18091	1.93278	1.6953	1.4297	0.71496	0.565245	2.6374	4.70858	5.36174	5.36172	5.24555	4.17707	3.41105	3.05163	2.88529	2.42976	3.39696	3.94245	3.21907	3.94249	4.1197	3.41105	2.32938	0.893697	0.536232	0.893697	1.64758	1.89948	1.44085	1.28879	1.76901	1.89948	1.64758	1.78696	2.42986	2.79002	2.90741	2.82403	3.11858	1.30107	1.53733	1.99765	2.48165	1.53733	1.64758	2.15147	2.67935	2.55765	1.96547	1.13034	0.357494	0.799322	0.399697	0.565227	0.357494	0.91136	1.04214	0.644447	1.78691	2.32938	1.75996	0.758345	0.799322	1.39576	0.565245	1.04219	1.68587	2.40348	2.28795	0.644478	1.19894	1.75996	2.03717	1.76892	1.47366	0.962521	0.911378	1.07237	0.911378	0.565245	0.71496	2.08369	2.87988	2.25988	1.19889	1.64755	1.44085	1.60832	2.48177	1.53725	3.46648	4.97333	3.57045	3.95045	4.68139	2.15142	1.5984	1.51642	2.03725	2.42986	2.9937	3.1187	2.95626	2.34978	1.79581	1.53733	2.7728	2.82405	2.15147	1.30111	4.1809	2.48808	5.34998	8.58942	8.82072	6.64401	3.21905	1.97358	3.66273	4.50225	4.4313	3.86118	1.82226	4.99231	5.73706	4.95746	4.5582	4.9956	6.21145	8.31391	8.88189	8.2238	7.29773	3.75262	2.67935	2.94545	2.52619	3.03596	4.79853	6.17336	7.46722	9.07988	8.73429	6.97312	1.78687	3.1187	3.44811	2.82403	1.53733	1.30107	1.78691	2.08369	1.8223	3.46636	2.53878	0.357494	0.178749	0	0.178749	0.962486	1.52685	0.911378	1.30107	0.536232	0.644447	1.04214	1.99765	1.39584	1.89938	1.47366	0.893697	2.34978	2.92923	2.8798	0.644447	1.36103	1.64755	0.644478	1.4737	2.65547	3.27789	3.27789	2.82403	2.32247	0.91136	1.19894	2.08369	1.86556	1.26375	1.25105	1.28879	1.64758	1.89948	1.89948	1.6953	1.30111	1.01108	1.14443	1.4737	1.36108	1.39584	1.68587	1.83975	1.26378	1.01103	2.32247	3.28276	4.04589	3.91425	3.1187	2.48177	2.48177	3.72707	4.04568	1.44079	0	2.87975	4.406	3.04112	1.13034	2.08369	3.91428
0.565178	1.61806	2.32917	2.82381	2.32917	1.19883	0.357462	0.399645	0.565178	0.178733	0.505508	0.505508	0.399645	0.758238	1.64737	1.7868	1.93261	1.64743	1.52676	1.26364	1.08705	0.714897	1.13025	0.714897	0.893595	1.08707	0.799286	0.399645	0.565196	1.26362	1.8395	0.758238	0.565196	1.0421	1.53719	2.03707	2.48795	2.50705	1.60818	1.53712	2.63705	2.77249	2.17333	2.39651	2.67898	1.53712	0.399662	1.93252	4.43068	4.24061	3.04085	2.77249	2.99335	3.85246	2.685	1.52676	1.75973	0.758238	0.565178	0.399645	0.505508	0.357462	0.962436	1.53719	1.93261	1.93261	1.36096	0.565196	0.252772	0.178733	0.714897	1.08707	1.53712	2.03696	0.893595	3.0303	3.46606	0.962436	1.19883	1.69515	1.89932	2.34957	2.732	1.79565	0.644421	0.399662	1.39571	2.09113	2.0835	1.99751	1.99745	0.357462	0.893618	1.26362	0.565178	0.962436	1.07228	0.536185	1.53719	1.26367	0.758278	1.30099	1.7598	1.97339	0.893572	1.07228	1.44068	1.30096	1.13025	0.714897	0.799252	0.893572	0.252759	0.911279	1.99747	2.50705	1.93261	0.962436	0.178733	0.357462	1.01099	1.59826	1.64743	2.23843	3.57013	5.57768	5.73654	3.75236	2.15858	1.52676	1.89932	1.93261	2.57606	3.36853	3.51629	2.79546	2.23843	1.68572	0.893595	0.399645	0.911298	1.26364	1.64734	5.5803	4.81785	8.14491	5.63368	2.9071	5.81566	8.00833	7.20426	4.18032	1.82214	2.09113	1.83958	1.93261	4.99491	7.05275	2.18072	2.15122	1.59826	2.5261	4.29642	6.11888	4.82759	4.41293	8.02952	4.66752	2.97212	3.21885	2.40327	1.52676	1.13028	0.399662	1.9734	3.81527	5.3611	9.05478	4.50163	1.7868	2.70274	2.73205	2.32913	0.252772	1.9734	2.53868	3.16399	3.11833	1.59819	1.44072	1.0421	0.565196	0.178733	1.07228	1.78676	1.7868	2.20974	1.53719	1.26364	1.08705	1.07228	1.13028	0.714897	1.14427	0.252772	2.15117	0.357462	3.86065	1.07228	3.07202	2.87958	3.05136	3.11833	1.04205	0.736906	1.59826	2.88514	3.95023	3.85256	2.86292	0.505535	1.14427	0.911279	1.19883	1.7868	2.02135	1.89932	1.36096	1.53712	0.962401	0.505535	0.357462	0.536185	1.0421	1.44072	1.64743	1.83958	1.83958	1.64743	1.19883	1.08705	0.893572	1.8654	2.94519	2.28775	2.32231	4.86989	5.45444	1.14427	0.893595	3.59215	4.1076	1.36091	2.09113	2.79546	2.82381
1.13013	1.39549	1.25081	0.50549	0.714827	1.42943	1.19866	0.758211	1.26352	0.565144	0.565144	0.911213	0.565144	0.962302	1.92406	1.08697	0.565144	0.399626	0.893539	1.44056	0.893508	0.252732	0.911188	0.911213	0.893508	0.714827	0.399626	0.178716	0	1.14415	1.76858	0.911213	1.53706	1.89915	1.89915	1.53706	1.26352	1.99724	1.59803	2.88474	4.02532	3.03533	1.97322	1.69492	2.03675	1.60802	2.08332	3.58748	4.84989	3.86024	2.28739	2.39626	2.72584	2.82337	1.97322	1.36084	1.26346	1.36084	1.68557	1.28857	0.962349	0.565144	0.25275	0.56512	0.56512	0.565144	1.30087	2.02117	3.21857	4.04518	3.67939	2.655	2.15847	2.20946	0.714827	3.19357	3.72637	1.92415	1.59812	1.99735	2.40305	2.42939	1.69492	1.26352	2.03689	2.32896	2.23823	2.25948	2.18053	2.20954	1.75955	0.399626	0.357428	1.6472	0.252732	0.962349	1.07217	0.178716	1.39559	2.5572	3.04067	3.35403	2.52588	1.96511	1.36077	1.52655	1.78658	1.13018	0.357428	1.28857	1.30087	0.736813	0.357428	1.30083	1.53695	1.6179	1.89915	1.92415	1.39559	1.042	0.736837	0.736837	0.758211	0.911188	1.04194	1.08694	1.89902	0.758211	0.736837	0.399626	0.252732	1.08694	2.14359	2.09094	1.19872	0.536133	0.56512	0.399626	0.799214	1.13018	1.14423	1.64725	2.99304	6.66132	1.6179	7.66339	6.53293	4.28489	2.32896	3.75182	8.34025	9.91606	7.80283	2.15836	2.42943	1.42943	7.49673	8.57296	3.29185	4.17632	3.79413	3.29185	3.39164	4.25507	2.78933	2.08319	7.68777	3.67914	2.4293	3.4475	4.54001	5.3461	5.56589	5.56589	5.97008	5.45123	4.06843	8.27833	6.52583	2.63693	1.97322	1.6179	1.99724	0.357428	2.34935	2.90689	3.29179	3.05095	1.99727	2.48133	2.57583	2.28755	1.64728	1.30087	1.42943	0.893539	0.911188	0.399626	1.08697	1.69499	2.03689	2.32896	2.03689	1.52663	0.893539	1.97319	1.89915	3.35384	0.399604	3.19357	3.29179	4.00968	4.99457	3.84398	2.97186	1.83942	1.4406	2.15103	3.0562	3.60949	2.23823	1.92415	1.4406	1.26355	1.36084	1.042	0.565144	0.644322	1.79547	2.15847	2.03689	1.53706	1.14423	0.799214	0.357428	0.178716	0.56512	0.25275	1.52663	2.28755	2.72015	2.90683	1.93244	1.25081	0.178716	0.799168	4.53969	5.73567	1.6179	0.911188	3.1585	3.27711	1.30087	1.13013	0.736813	1.26355
1.13003	0.178698	1.08686	1.13003	0.714758	1.42929	2.42905	1.26338	1.61775	0.911103	0.565086	0.911121	0.565086	0.736744	1.47324	1.25069	0.565086	0.536081	1.08686	1.30074	0.644296	0.25271	0.565086	0.911121	1.08684	0.714758	0.536081	0.399568	0	1.39537	1.26335	0.911121	1.69482	1.93224	1.93224	1.69482	1.04189	1.75939	1.59788	4.07192	4.68012	2.55691	1.69482	0.911121	1.04184	1.1986	2.52556	3.92522	3.58709	2.39605	2.78909	2.87894	1.99706	1.36065	1.69482	1.3607	0.25271	1.3607	1.64711	1.28843	0.893444	0.565086	0.252723	0.565068	0.565068	0.565086	1.14411	2.25925	3.67895	4.10701	3.76432	2.72573	2.03667	1.30074	0.714758	2.25917	3.29138	2.17294	1.59795	1.89895	2.42917	2.1803	0.911121	1.2634	2.03667	2.32872	2.32186	2.25925	2.15086	1.93224	0.644296	0.536081	1.78636	1.4404	1.26335	0.893444	1.47324	1.39537	1.96492	2.90654	3.12293	3.44714	2.71987	1.39544	0.911103	2.2379	2.1729	1.13006	1.28837	1.28843	1.14411	0.399585	0.799097	1.52642	0.565068	1.04189	1.93224	1.78645	1.44045	1.04189	0.644296	0.644296	0.758131	0.565086	0.252723	0.893422	0.644265	0.758131	0.644296	0.536081	0.75809	1.75939	2.94454	1.99715	1.44042	0.399585	0.565068	0.536081	1.07207	1.13006	1.1986	1.52647	3.2181	6.66074	2.03659	5.91892	5.10351	3.76425	3.39598	1.973	6.13842	9.37319	11.6808	8.06847	2.4028	4.16051	9.91315	8.57219	3.36788	3.98945	3.86009	3.2915	2.65469	2.55683	2.28719	2.083	7.93434	2.92825	4.55671	4.45845	4.64977	5.29808	5.56531	5.56531	6.21724	6.06354	2.0831	4.51134	7.15716	3.396	1.69482	1.2634	1.75939	1.28837	3.67886	2.9284	3.58713	5.43891	4.07192	2.55693	2.57556	2.2873	1.75946	1.44042	1.42929	0.96225	0.565086	0.536081	0.893444	1.53689	2.03667	2.32872	2.15825	1.39544	0.96225	1.3607	1.93224	1.7953	0.178698	1.42929	2.78923	4.11854	4.82666	3.84358	3.46551	2.32867	1.39544	1.99712	2.86237	3.40999	2.32186	1.78645	1.39544	1.26342	1.3607	1.2634	0.911103	0.178698	1.14411	2.03667	2.15825	1.53689	1.1986	1.07207	0.357393	0.399568	0.565068	1.04184	2.34908	2.39615	2.71987	3.05595	2.20931	0.96225	0.399568	0.357393	3.53348	4.99395	2.03659	0.565086	2.40267	2.55683	1.44042	0.505437	0.399585	1.61777
1.08673	0.714689	0.357358	1.19842	1.25057	0.893335	2.42879	1.78624	1.78624	0.893335	0.75801	0.565034	0.911036	0.893335	1.08673	1.26328	1.44032	1.59781	1.99694	2.32165	2.78899	2.79467	1.7593	0.505392	0.799013	0.714689	0.736694	0.962162	1.01071	1.4731	1.12991	1.08676	1.61761	1.25057	0	1.08673	0.893365	2.34885	2.68422	4.90406	4.47209	1.44029	0.962162	0.565034	0.178681	0.799059	2.09044	3.12246	3.33422	3.98903	4.68992	3.58679	1.64693	0.736694	0.357358	0.799013	1.12991	1.07196	1.14401	1.19849	0.893365	0.565034	0.178681	0.644197	0.399526	0.505392	1.28832	2.17269	2.79451	1.25057	1.82156	1.07196	0.644197	1.36058	1.83906	2.38257	3.4097	3.33434	2.5567	1.7863	1.44032	1.0418	1.75921	1.52626	0.911036	0.565034	0.644197	1.08676	1.26331	1.68524	2.78899	3.91283	4.28786	2.27313	2.42883	1.92378	3.11751	2.20911	1.59772	1.78618	1.07196	1.64688	1.86479	1.12996	1.08676	2.63626	2.6543	1.08676	2.48712	0.893335	0.357358	0.399526	1.14393	1.64685	0.399549	1.08673	0.911036	0.565034	0.252683	0.536029	0.644239	0.893365	1.01071	0.893365	0.893335	0.799013	0.357358	0.505392	0.505392	0.536029	0.75801	1.69459	3.05561	2.48085	1.52633	0.399526	0.399526	0.399549	1.26328	1.25057	0.714689	1.07196	3.03465	5.54741	2.3825	3.54208	4.1065	4.47232	5.83286	6.6979	5.38623	4.28786	9.88266	9.96163	6.7956	7.49557	11.3939	8.30677	2.72548	2.32845	1.69459	0.644197	0.505357	1.39522	1.83895	2.32153	7.16504	2.72531	4.16008	4.7998	2.73119	0.565034	0.252701	0.911036	4.16387	4.70655	3.11738	2.65445	7.25187	4.66616	1.76836	0.893365	1.01063	1.39522	3.50609	2.82301	3.21785	5.77835	4.31708	1.64693	1.52633	0.893365	0.505357	1.12996	1.92378	2.08291	1.68524	0.536029	1.14401	1.76836	1.7593	1.01071	0.505357	0.736694	0.911036	0.644197	0.893365	1.26328	0.644239	0.644239	0.962162	2.17269	3.2326	3.19313	4.86538	4.73697	3.43299	1.0418	1.61759	3.03997	2.38257	1.53676	1.14401	0.893365	0.893335	1.12991	1.08673	0.911036	0.893335	0.399549	0.75801	0.536029	0.893365	1.93207	2.78899	3.17818	3.42838	3.03483	2.32843	1.08673	1.19842	2.03635	1.53666	0.911011	1.39532	2.15067	2.3825	3.81816	2.55656	0.505357	2.17996	2.67818	1.78624	1.59781	1.44032	1.97281
0.893248	0.714619	0.357324	0.535977	1.08665	0.644171	1.19832	1.473	1.473	0.644171	1.26311	0.564976	0.910944	1.08663	0.893248	1.04169	1.39517	1.59764	2.1504	2.70169	2.78869	3.11719	2.50606	1.12981	0.357324	0.714619	0.644171	0.893271	1.0106	1.07186	1.12981	0.893271	1.61745	1.86462	1.01055	0.893248	0.962063	2.99219	3.03968	4.67922	3.78027	1.30049	0.893271	0.910926	0.64414	1.07186	1.86462	3.12218	4.94211	5.00257	4.41122	2.87851	1.44017	0.644171	0.357324	0.357324	1.12981	0.798975	1.19837	1.14389	0.962063	0.564976	0.39949	0.893226	0.178664	1.12981	1.28818	2.59957	3.03438	1.08665	1.82139	0.798975	1.89848	1.97262	1.83887	2.15783	2.99228	3.46484	2.90597	1.78611	1.39517	1.26315	1.99667	1.30045	0.910944	0.564976	0.178664	0.893271	1.26317	1.99674	3.05018	3.96077	3.91646	3.03969	2.65409	2.87843	3.25683	1.99676	0.714619	1.28812	0.798975	1.44012	2.09025	1.12984	1.25045	2.63602	3.91222	0.893271	2.95474	1.08663	0.357324	0.178664	1.3951	1.89848	0.535977	0.893248	0.910944	0.910926	0.252661	0.399507	0.73662	0.962063	1.0106	0.962063	1.08663	1.28812	0.798942	0.505339	0.505339	0.399507	0.252661	0.910944	2.20889	2.55643	1.79497	1.14383	0.178664	0.736601	1.04169	1.86462	0.714619	1.47296	2.79426	3.54177	2.38228	0.564958	2.95486	4.25407	5.46412	6.42963	5.65967	3.78462	4.66562	6.41491	6.83167	6.64557	10.5046	7.41937	2.6542	3.08122	2.63602	0.893226	0.505312	1.14383	1.36038	2.55633	5.41751	2.97083	1.42902	5.01828	4.07503	0.910926	1.04164	0.910944	5.41751	4.95486	3.83028	2.48059	7.03234	5.70108	2.03625	1.08665	0	0.178664	2.03625	2.82271	2.77149	4.07113	2.82257	1.52617	1.64677	1.08665	0.505312	1.12984	1.78611	2.08269	1.99674	2.17977	1.79496	1.76817	1.86468	1.42902	0.505312	0.644171	0.910944	1.89848	1.08665	1.61743	0.73662	0.73662	0.893271	1.78606	2.52507	3.02929	5.34733	4.73648	4.46115	2.95474	1.04169	2.68396	2.68396	1.69449	1.19837	0.962063	1.08663	1.12981	0.893248	0.910944	1.08663	0.535977	0.252661	0.399507	1.08665	2.09032	2.78869	3.15777	3.40943	2.92783	1.5366	0.893248	1.4401	2.03617	1.53652	0.564976	1.96454	2.17988	1.26317	2.32816	3.27619	1.51562	2.42858	3.9284	2.17248	1.59764	1.39517	1.97262
0.505267	0.505294	1.51557	2.28666	2.28666	1.51557	1.07177	0.798871	0.399472	0.736555	1.14373	0.564908	0.252639	0.910846	1.0416	1.53646	1.89841	1.64665	0.910846	1.7589	1.08654	1.64656	2.48025	1.69429	0.644114	0.893169	0.893192	0.893192	0.564926	0.564908	0.893169	1.39505	2.03607	2.328	1.7948	1.39505	1.83871	2.82235	2.32795	3.42754	2.94371	2.17968	2.40212	3.04991	3.19252	2.72496	2.38212	3.1624	5.53222	4.4995	1.83862	0.399472	1.08654	0.757917	1.0416	1.14379	0.893169	0.252652	0.564926	1.0416	1.52604	1.44004	0.757917	0.535929	1.5975	2.17233	0.736555	2.53734	2.42836	1.12974	0.505267	1.01051	1.78586	1.9965	1.0416	1.0416	1.26302	2.32111	1.92334	0.357292	0.178648	0.961943	1.86446	1.61731	1.26304	0.910846	0.644083	0.505267	0	1.51549	1.89831	0.910846	0.910864	2.036	2.68372	3.57278	2.85601	2.55619	1.69434	0.178648	1.28807	1.12974	1.19821	1.64665	2.25861	2.70142	3.81749	0.757877	2.48668	2.09013	2.08251	1.68492	1.26302	1.64656	0.714556	0.535929	0.736536	1.12971	0.893169	0.757917	0.252652	0.644114	0.893192	0.736555	1.12971	1.01046	1.07177	0.736536	0.736555	0.798905	0.399455	0.178648	0.798871	0.961943	1.53638	1.60741	1.64665	2.03607	1.44004	2.39537	0.736536	1.263	2.23727	2.59941	5.06504	6.94245	6.69442	4.55564	1.19826	2.79401	3.54146	3.57278	5.67866	8.12804	8.51397	5.41732	5.38493	7.64452	5.23968	2.55619	1.82123	3.40913	3.42772	1.07177	2.02039	1.99656	3.1624	4.46076	2.67777	2.85601	6.49218	5.29655	3.78006	4.54519	8.17924	6.23815	3.57278	1.47283	4.90318	6.61894	6.8058	6.46807	5.10539	3.07072	1.89841	2.27269	2.63591	2.38207	1.53638	0.893169	1.12971	1.08654	1.26304	1.64662	1.19826	0.399472	1.19821	2.77117	2.87821	2.40212	2.15764	1.79482	1.07177	0.399472	0.644083	2.65383	1.36026	1.83862	1.19821	1.28807	1.28807	0.535929	1.0416	2.3212	3.04981	1.5975	4.68897	3.89567	1.08655	1.89831	2.17958	1.12971	0.893169	1.44002	2.17233	2.42846	2.63591	2.97071	3.19252	2.78845	2.08251	1.28807	1.07177	1.288	0.505267	0	0.178648	0.910864	1.76801	2.79413	3.51462	3.98828	3.38572	3.02902	2.77124	1.39505	1.68484	1.53646	4.48907	4.67895	3.38572	3.82994	2.036	0.736536	0.399472	1.263
0.505214	1.12959	1.82108	2.39522	2.28642	1.82108	1.47267	1.28787	0.736458	0.644046	0.399413	0.564849	0.252612	0.564867	1.04149	1.69416	1.93149	1.75878	0.910749	1.08642	1.75871	0.893052	2.23703	1.69411	0.736477	1.08642	0.961876	0.961876	0.910749	0.564849	0.644046	1.52588	2.03586	1.97226	1.60724	1.52588	1.83851	1.97224	1.83843	2.17934	2.14255	2.15003	2.42823	3.29018	3.19218	2.65369	2.15741	2.73041	5.28683	4.25305	1.36012	0.535873	0.893075	0.757836	1.04149	1.19813	0.644046	0.252625	0.564867	1.26291	1.64645	1.3949	1.26289	0.961841	2.14255	1.92321	2.23703	2.53708	1.19808	1.12962	1.51533	1.0104	0.357254	1.75871	1.04149	1.04149	1.26289	2.55584	1.47267	0.357254	0.399413	0.736458	1.25021	1.61714	1.61712	1.36012	0.893052	0.505214	0	1.51533	1.64639	0.564867	0.910768	0.252625	2.03588	3.05476	2.8557	2.4282	2.73041	1.64639	1.47271	1.12962	0.736458	1.75878	2.25837	2.14998	2.32771	1.26286	1.26291	1.99637	2.08229	1.99635	0.757836	0.893052	0.714481	0.39943	0.961841	1.12959	1.08642	0.757836	1.04144	0.893075	0.961876	0.644046	1.12959	0	0.79882	1.93139	1.3002	1.07165	1.14361	0.399413	1.28787	0.736458	0.564849	1.19813	1.68474	2.03586	1.79463	2.87783	0.961841	0.757796	1.52582	2.59914	5.63065	6.91462	6.92364	6.22739	3.11649	2.08984	5.54585	6.37673	6.35723	8.03492	8.66449	7.63554	2.48641	6.59932	6.31756	2.86128	1.82104	3.77966	4.02348	4.3524	2.8557	2.32091	1.69416	4.46029	5.02987	3.6384	5.75239	6.75643	3.89537	5.54602	8.36593	5.23908	2.40187	1.07165	2.4282	5.34641	6.75891	6.77045	5.83116	3.93985	1.93149	2.4865	2.53721	1.26293	0.564849	1.08642	1.12959	0.893075	1.04149	1.52588	1.60724	0.736458	0.535873	1.79463	2.59914	2.42823	2.03588	1.43989	0.79882	0.535873	0.893052	2.90531	1.83843	2.32771	2.42811	1.28793	1.47271	0.961841	1.61712	2.70117	1.28793	2.9434	4.29389	2.86126	0.893098	2.65355	2.42811	1.12959	1.08642	1.99631	2.49923	2.55592	2.82214	3.03393	3.19218	2.78815	2.52459	1.47271	0.79882	0.798787	0.505214	0	0.399413	0.910768	2.03586	3.11659	3.36657	4.29393	3.38536	3.0287	2.40187	1.52588	2.92712	2.73041	3.75018	4.79856	3.07039	2.2084	2.03578	0.961841	0.535873	0.757796
0.178613	1.52569	1.6463	2.57433	2.52441	1.47258	1.1435	1.36	1.26278	0.564817	0.178613	0.399377	0.535826	0.399394	0.564799	0.910669	0.910687	0.910669	1.26275	0.564799	1.76758	0.399377	1.68451	1.6071	1.68459	1.69401	1.52574	1.89804	2.55571	2.32075	1.39478	1.6071	1.97208	2.38166	2.48628	2.15722	1.53616	1.26279	1.52569	1.28775	0.736393	0.893019	1.47258	3.05446	2.65343	2.57433	2.72443	3.43162	4.23778	3.17679	1.61698	0.961756	0.399377	0.178613	0.357223	0.892996	0.736412	0.357223	0.798716	1.12949	0.961756	0.399394	1.47254	1.82088	2.14237	2.40166	3.39437	2.73017	1.0414	0.252603	2.15713	1.14356	0.64399	1.53609	0.399377	0.79875	2.87766	3.58542	2.08211	1.52574	1.43976	1.43976	0.893019	0.643958	1.43969	1.52569	1.26279	1.36005	1.0414	1.69396	1.64627	1.01031	1.28782	2.08211	2.78791	3.44551	3.89503	3.36628	3.21168	1.92297	0.892974	0.892974	2.08201	2.14237	2.59891	3.04932	2.71857	0.505196	1.75862	1.53616	0.252603	1.43969	0.736393	0.399377	0.399377	0.252603	0.892974	0.798716	1.12952	1.64633	1.43974	0.798716	0.961791	2.95402	4.22672	3.61192	1.69396	2.32757	3.28025	1.93132	1.14356	3.12145	3.28025	2.53698	1.83835	1.0414	1.0414	1.75862	2.348	2.65334	0.961756	0.564817	1.26279	2.4862	2.55561	3.85826	3.98756	3.5318	5.0012	4.35223	4.94072	5.98224	6.22938	4.19659	1.61698	6.60089	7.11217	1.53616	4.13569	5.65803	5.9402	4.86353	3.58542	5.28637	3.76235	3.33297	3.21657	3.03353	5.04506	5.19308	2.65343	4.29342	2.97013	5.69955	5.26247	1.68459	5.35768	5.28662	3.57211	0.564799	1.1435	2.20821	4.51282	6.30461	5.17807	1.93132	0.892996	1.617	1.0414	1.64624	1.64627	2.03568	2.14984	1.51527	1.47254	0.643958	0.564817	0.736412	0.798716	0.643958	0.399394	0.64399	0.893019	1.12952	1.2501	2.14973	2.17191	2.49901	2.01989	1.28782	2.17191	2.52436	2.32071	1.69396	1.26275	3.78336	2.92686	1.59712	1.6071	4.54418	4.31196	3.82937	3.91536	3.61192	2.73022	1.79447	1.12949	0.736393	1.36	0.910687	2.95402	4.20796	4.66456	4.81464	4.41363	3.67725	2.9052	1.93132	0.910669	1.75855	0.505196	2.32066	2.6354	4.10506	5.28962	5.97987	7.03057	7.11234	5.04532	3.77933	2.25817	1.82091	2.50536	2.08973	2.08211	1.9962
1.69386	1.4396	0.357188	0.910602	1.35993	0.910602	0.399336	1.08622	1.26265	0.89291	0.535774	0.357188	0.399336	0.399336	0.252563	0.643932	1.19792	0.89294	0.64389	0.564741	1.26262	0.178596	0.961657	1.19792	1.64618	1.53603	1.64615	1.99602	2.5741	3.11606	3.03864	3.27995	3.38476	3.04905	2.39479	2.23674	2.53676	2.53676	1.59705	0.252581	1.78545	2.28601	2.82163	3.92298	3.38476	3.65964	3.9593	3.94723	3.05421	1.35986	1.59696	1.53592	0.910577	1.35993	1.51514	1.5256	0.798678	0.564741	0.89291	1.5256	1.99602	1.83819	0.798678	1.08622	1.83819	2.4278	2.34778	2.20799	1.2877	1.4396	0.64389	1.14346	1.19792	1.79427	1.14346	1.96379	3.08004	1.97187	0.643932	0.961704	1.78545	2.28601	1.92287	0.798678	0.798633	1.47244	1.93115	1.92287	1.43957	1.64607	0.961657	1.0413	1.26271	1.14346	1.01022	1.69386	2.95376	3.71127	3.43136	2.32741	1.75846	1.75846	3.21624	2.57394	1.78533	2.08944	1.19792	2.17892	1.43954	1.39456	0.736319	1.53592	1.04124	0.535774	0.505116	0.564765	1.19785	0.961657	0.564741	1.07145	1.43963	1.43963	1.96379	3.05416	2.55545	3.51344	3.92688	1.76752	2.38144	3.28942	4.29309	4.55435	4.20759	3.31848	2.68294	1.3	1.59705	2.27205	2.32054	1.60695	0.564741	0.178596	0.564765	2.15691	0.89291	4.4559	3.61163	1.43954	4.29327	6.6644	5.28615	1.42848	4.30796	7.85936	6.85886	2.34778	5.52208	4.14668	2.4278	5.58759	7.53356	6.22625	2.03552	2.96968	4.48771	2.90488	1.89775	2.32043	2.70063	5.68808	6.55775	3.91098	3.91074	6.23635	3.44519	3.40793	5.35696	4.56477	7.10939	4.17353	2.63516	0.910577	2.67709	5.8759	7.78578	6.79221	3.33263	1.28762	1.14338	3.38461	2.34778	0.357188	1.86398	2.95376	3.71127	3.71127	2.65322	1.64618	0.89294	0.399336	0.399358	0.564765	0.535774	0.757649	0.961657	0.757649	1.01022	1.12942	0.357188	1.01022	1.29995	1.14338	1.24998	1.64615	1.07145	2.59857	3.81237	3.94723	3.38476	6.00267	5.38941	5.10395	5.13786	4.84692	4.20759	3.42675	2.40145	1.12942	0.961657	1.86391	1.04124	2.55548	4.2525	5.09468	5.53949	6.06028	6.41515	6.08615	4.38444	1.93115	1.99599	2.59867	2.14965	3.7621	4.40246	4.95329	5.87571	5.36881	4.54394	6.56012	6.92246	6.75773	6.76928	6.69254	6.6738	6.07321
1.39451	1.78526	1.75828	2.03529	1.26257	0.910492	0.252554	0.8928	1.01006	0.643833	0.564689	0.3993	0.798561	0.714279	0.357154	0.3993	0.399317	0.535722	0.178578	0.505071	1.01006	0	0.505071	0	0	0	1.01006	1.01006	0.178578	0.910511	1.64601	2.20784	1.9717	0.910511	0.252541	1.14328	1.42834	1.51498	1.24986	1.83791	1.64598	1.39451	1.97168	2.55512	1.99572	1.29987	1.28757	1.47226	1.47226	0.892846	1.35974	1.64592	1.99572	1.64598	1.28757	0.798595	1.14328	0.252541	0.961605	1.89768	2.32716	2.3203	1.82056	0.535722	0.252554	0.252541	0.736251	1.93085	1.04115	1.43944	0.892823	0.252541	0.564707	1.43944	1.01012	1.52539	1.83791	1.69368	1.39451	0.714279	1.19774	0.961605	1.64595	1.08611	0.178578	0.643865	0.961605	1.35974	2.14931	1.99572	0.564707	0.757583	0.252541	1.24986	1.78526	1.64601	0.736269	1.19774	1.26255	1.53587	1.83799	1.83799	3.6764	3.63738	2.8549	3.05387	1.52545	1.89758	1.61668	1.9636	0.736269	2.14931	1.52539	0.910492	1.14328	1.07135	2.08161	1.99572	1.61668	1.86374	1.2875	1.1978	0.910492	2.32022	2.08932	4.28526	4.311	0	2.25766	5.17685	4.93977	1.79412	1.14334	1.47226	2.78722	0.643833	1.35974	0.643865	0.357154	0.505071	0.178578	0.399317	0.505098	2.28566	1.78517	4.20693	1.04115	3.67635	3.56688	2.65292	3.54027	3.84924	3.31797	3.92674	6.72907	5.01601	3.3843	5.41495	2.40107	0.736269	5.19205	6.30812	1.69363	2.03529	3.91054	4.0655	1.78521	1.01006	1.52545	3.15627	4.17693	4.66356	8.16644	5.34171	1.47229	4.17296	6.53763	2.72377	4.96849	4.48734	2.6768	3.11564	2.48571	1.53579	2.90459	7.2478	5.98109	2.03523	2.42745	4.23696	1.0412	3.16117	4.28539	4.54344	4.41278	4.17311	2.70041	1.26255	0.736269	0.505071	0.798595	1.14334	1.35979	1.61666	1.35974	0.643833	0.798595	0.798595	0.357154	0.357154	1.14334	2.17884	2.57383	2.42752	1.26253	1.26257	2.95345	3.78276	1.93094	5.34171	4.25185	1.97168	1.61668	1.69368	1.93094	2.01961	2.08932	2.14936	0.643833	1.86379	3.23079	3.28918	2.08161	1.2875	1.43946	2.42755	3.56706	4.3112	4.99075	2.71805	2.86047	2.55514	1.19774	3.58906	1.82052	1.1293	5.96792	4.92702	3.56688	4.64654	4.95277	5.34491	5.26166	4.81371	4.66366	4.7542
0.798525	1.51485	1.59674	1.64584	1.19769	1.12921	1.01003	1.24975	1.26242	1.26244	1.19769	0.96152	1.08602	0.535674	0.535674	0.736204	0.643808	0.357122	0.178563	0.399265	0.714216	1.01003	0.643808	0.252518	0.564658	0.892767	1.07126	0.798491	0.178563	0.564658	0.910431	0.910412	0.757516	0.399282	0.505054	1.52526	1.61652	1.53573	2.50467	2.70013	1.43933	1.43935	2.86022	3.58441	3.28896	1.64586	0.56464	1.2624	1.53565	0.399282	0.505027	1.42821	1.59667	1.07126	0.798525	0.798525	1.6458	0.564658	0.961485	0.798525	0.96152	0.910412	1.14318	1.08604	1.14324	0.736204	0.643776	1.59667	1.8204	2.08914	1.52531	0.505054	0.178563	0.643776	0.643808	0.910412	0.643776	0.736204	0.910431	1.24975	1.79394	1.35967	1.26242	0.56464	0.96152	1.19769	1.35967	1.97151	2.4855	1.53565	0.252532	0.892722	0.399265	1.76708	1.26242	1.53573	2.08914	2.55497	2.48558	2.42733	2.57361	2.01943	2.23621	2.63454	2.38093	2.7294	2.08914	1.59674	0.399282	0.757516	1.08604	2.5981	1.29972	0.961485	1.89741	2.7294	4.0729	5.27312	3.02758	1.60665	1.53565	0.910431	0.757556	1.61652	1.29976	2.78698	3.27434	1.0411	2.32685	4.78671	4.31428	1.29976	2.23631	3.50388	4.10381	3.12057	4.00627	4.66325	3.91426	2.32005	0.399265	0.252532	0.178563	1.82036	2.70017	3.61078	1.14324	3.67608	5.12744	2.8602	1.89751	3.0536	4.89115	1.83775	3.7613	3.79067	1.28739	4.23659	3.78242	3.51748	5.27301	6.76768	2.38093	1.29972	0.892744	1.08602	2.39423	1.47217	0.798491	1.51485	2.90439	3.39342	7.79593	6.24513	2.01943	2.14912	5.87448	5.09345	2.42721	3.36517	1.28739	2.57348	2.55492	3.03274	1.68412	4.70686	7.03955	4.92669	2.94239	2.92604	1.79396	4.96167	3.23047	2.34734	1.76717	3.0536	3.33203	1.69348	0.643776	0.892722	0.564658	0.757556	0.399282	1.12917	1.78506	1.86363	1.76717	1.68412	1.51485	1.43935	1.0411	0.757556	0.910431	1.75806	2.28545	1.43929	1.0411	2.70013	2.17854	4.58101	6.01985	2.3473	1.52526	1.14318	0.505027	0.178563	0.892744	2.14176	2.59818	2.5237	2.70017	2.95307	2.53614	1.99555	1.99557	1.79396	1.99561	2.08914	4.50794	2.50465	1.86357	2.96915	1.99557	4.33991	2.72945	1.97151	7.70561	3.67606	6.5418	5.19159	0.736204	2.23621	1.52526	1.47217	3.36533	5.06567
4.2363	4.41193	3.90981	3.31749	3.03773	3.17572	3.279	3.21545	2.87659	2.39408	1.89731	1.64569	1.35952	0.757476	0.564598	0.564598	0.757436	1.29962	1.59657	1.07114	0.178544	0	0.252492	0.643708	0.910316	1.29962	1.4392	0.64374	0.252505	1.00987	1.60648	2.15638	2.47893	2.7754	3.15566	2.57334	0.892673	0.961383	2.08885	2.03484	2.14896	3.38376	4.40828	3.84849	2.31985	1.60648	1.29958	1.5965	1.14306	0.357084	0.39924	1.14312	1.14312	0	0.505	0.535618	0.892627	0.357084	0.643708	0.252505	0.89265	0.79844	0.178544	0.892673	0.961419	1.0859	0.910334	1.68394	2.536	2.57334	2.01922	1.61637	0.736108	0.178544	0	0.564598	0.736126	0.535618	0.892627	1.26229	1.26229	0.357084	0.357084	0.79844	1.39424	2.28533	3.12024	4.11499	4.50761	3.42573	2.42708	2.15638	1.64569	1.86337	1.75787	1.35952	2.17842	2.88209	3.21545	4.04127	4.45473	3.7484	1.64569	1.19751	2.32665	2.69989	2.55472	1.61637	0.892627	1.82021	4.28456	2.28533	2.90403	5.4345	6.05066	6.55571	5.79331	6.66231	4.13415	1.12905	1.2623	1.2623	0.757476	1.29962	1.75794	1.43916	2.08885	1.53557	1.19751	3.77774	4.81266	4.29199	4.31036	4.1723	3.46252	2.15638	2.14901	2.536	3.21537	3.28854	2.40073	3.71017	3.90981	3.27415	2.2573	2.1563	1.24961	3.27885	5.31109	2.1489	0.89265	2.65231	3.4624	0.798406	2.3266	3.28862	2.79251	1.19756	4.2363	4.15712	3.03242	4.30651	4.1723	4.07247	4.40113	3.21543	1.43918	3.51258	2.14894	3.60604	4.17613	2.42708	3.95799	7.91221	7.93382	3.61052	3.90963	6.4252	1.28732	3.27885	2.48523	1.75787	2.23607	5.03712	6.61524	2.87659	3.98597	7.46709	7.90443	5.91415	4.33584	5.54323	4.02148	3.11513	2.08892	2.72325	3.65835	1.78482	0.892673	2.0813	2.03492	1.53557	1.08592	0	1.12909	1.93057	2.40073	2.40073	2.27137	2.28533	1.93057	1.19756	0.910334	1.82017	2.76956	2.34705	0.961419	0.961383	4.15693	2.01922	7.87868	7.46704	5.23958	3.03766	1.47201	1.14312	0.892673	0.399223	1.53557	3.43034	4.77983	5.02767	5.52638	5.35564	4.46535	3.6715	3.03249	2.38074	4.17216	3.07921	2.79251	3.57071	2.95288	4.8907	2.08892	4.89063	8.40436	1.75794	10.3928	8.27831	5.19126	4.4687	1.4392	5.17598	5.49787	5.69737
3.81092	2.92562	2.47871	1.89714	1.9304	2.14882	2.27117	2.32651	2.03474	1.26222	0.757409	0.757409	0.643683	0.535571	0.399187	0.399187	1.75772	2.14875	1.86326	2.08866	0.961299	1.00983	0.643683	0.643652	1.00978	1.28714	0.736061	1.19741	0.736043	1.83739	2.42674	2.14135	2.65217	3.21517	3.67551	3.27386	2.34688	1.7936	2.25703	2.23577	2.82044	3.11476	2.50416	0.910236	0.643683	1.12895	0.961299	1.35935	0.399187	0.643683	0.399204	0.892549	0.736061	1.07105	0.357053	0.399204	1.0409	0.910254	0.56453	0.564548	1.53536	0.252483	0.757369	0.252469	0.56453	0.757369	0.643683	1.19746	1.0409	0.643683	0.643683	1.69315	1.35935	0.252469	0.892571	1.00983	1.12895	0.798336	1.86321	2.31961	1.99525	1.53543	1.0409	0.564548	0.910236	1.60634	2.17087	3.5704	3.78169	3.17544	2.88184	2.31965	1.92213	1.08583	1.39404	1.28714	0.357053	1.12895	0.892594	1.99522	2.08873	2.72887	1.61621	0.399204	1.28714	1.29947	1.35935	2.53565	0.56453	4.07195	4.09915	4.64514	6.74327	6.14282	5.97966	4.62487	2.1562	4.8902	4.54195	2.72301	1.07105	1.28714	0	0.178528	0.564548	0.643683	0.504929	0.714078	0.399187	2.14877	3.63643	3.21517	2.03474	1.26218	0.892549	1.00983	1.78475	2.14882	2.69961	1.64546	2.72893	4.33921	4.15676	3.40675	0.643652	1.92206	1.78466	3.95758	6.37314	2.49782	1.78471	2.8762	2.92547	1.04085	1.52502	2.52321	3.76064	3.31703	1.43903	1.75772	0.910254	3.3172	5.19083	4.42585	4.02122	4.62474	4.92556	2.52316	4.30979	5.69671	1.2872	3.15522	2.08873	4.53522	7.13962	6.91047	0.399204	5.62732	4.00533	1.83739	3.61006	1.39404	1.47184	4.28042	5.01782	6.63573	2.63403	3.11996	5.42534	5.88964	7.49118	7.73035	5.16317	1.42793	2.65205	3.74792	4.40058	1.26219	2.15611	1.89714	1.82005	1.07105	1.12895	0.714078	0.357053	0.357053	0.736061	0.757409	0.757409	0.961334	1.2495	1.19741	0.504929	0.961299	2.20716	2.49782	2.08873	1.35941	2.96858	4.42562	3.76075	7.45583	6.31392	4.02113	1.78471	1.2872	1.59643	1.43907	1.26218	3.11982	3.38809	4.36825	5.58817	4.54216	3.15538	2.17822	1.26222	2.40039	3.28821	0.961334	1.83748	3.07889	1.86326	3.27371	0.535571	8.57135	5.65239	7.41799	11.0745	6.98484	6.42225	6.67796	2.8541	5.57395	2.1562	6.28643
2.03442	0.252443	0.892485	1.14292	1.52488	1.6454	1.6454	1.43895	0.910169	1.19728	1.92195	3.67085	4.79221	4.064	2.28493	1.59629	1.99499	1.26202	1.43889	2.23554	1.3939	0.535519	1.14292	1.92195	2.76913	3.16008	2.67581	2.98974	3.03195	3.46189	3.39243	1.61605	0.910144	1.83731	2.53555	2.98974	2.87602	2.52293	3.20984	3.7434	3.07858	1.75754	2.79201	3.27843	3.0372	2.14863	0.798253	1.60618	0.892485	0.535519	0.910144	0.643584	0.399146	1.14284	0.9612	1.26211	1.76667	1.69305	1.43895	1.52488	1.69298	0.399168	1.08572	1.35928	1.35928	1.04081	0.961247	1.39399	1.5353	0.961247	0.399168	1.04074	1.60618	1.52488	1.64537	1.39399	1.0857	0.735969	1.99499	2.49758	1.99507	1.39399	0.504911	0.714009	2.31938	2.72867	1.86309	2.42648	2.42648	0.178511	1.43886	1.12884	1.19728	0.564496	2.14854	2.69939	2.3263	2.63391	2.53555	1.69305	1.35921	2.42648	1.89684	0.735969	1.28701	1.14284	1.3939	3.15489	1.08572	4.84436	4.30951	6.18526	7.21042	3.42489	1.79342	0.961247	2.03442	4.28356	4.54151	3.78126	2.48488	3.25406	3.28809	3.28809	2.78634	3.21489	4.5971	5.19949	4.77899	3.06839	1.99504	2.68167	3.11968	3.11968	2.48488	1.26211	0.757342	0.892515	1.64532	0.564496	2.90337	2.01872	2.94145	5.09822	3.38315	3.58338	3.28792	3.52975	6.13171	2.72867	2.38031	2.98962	2.57271	1.28701	0.504911	0.735993	2.77472	3.89267	3.03195	2.72867	1.61607	0.735969	1.00967	1.12884	2.25689	3.67497	4.88979	5.96597	6.78901	5.5252	1.14284	4.54151	2.14854	0.9612	4.66161	7.92606	2.53538	4.40013	6.36508	1.99507	5.36634	4.73248	2.47849	4.06372	0.735993	6.2858	4.8379	4.79545	4.77899	3.21485	6.17248	7.78967	6.74259	2.85939	2.40014	3.63599	4.9857	3.11458	1.26202	2.47849	3.21485	2.47849	1.59629	0.798298	0.357018	0.504911	1.39399	1.76667	1.6454	1.59629	1.29938	1.35921	0.910144	0.735993	0.714009	2.47849	3.35019	2.94155	0.798298	5.25643	2.98962	4.46785	6.83479	6.08818	3.20984	0.735993	1.26205	1.52488	2.85382	4.23536	2.48476	2.90337	4.20531	2.85939	3.28809	3.40656	3.03195	3.98515	3.60537	2.63391	2.27097	3.0371	3.90912	4.79545	3.50288	9.6728	4.29106	10.2667	10.4317	5.16281	7.09046	6.76578	7.10833	7.6225	4.30591	8.85411
2.03424	0.25242	0.643558	1.19723	1.6452	1.68347	1.68347	1.39384	1.69282	2.42627	2.8757	4.64438	4.84411	4.75195	2.87573	1.59612	1.43877	0.25242	1.64516	1.52467	1.14274	1.19718	1.29925	2.17045	3.21448	3.15976	2.65168	2.88128	2.96815	3.33083	2.7284	1.0407	0.910059	1.83712	2.53529	2.88128	2.59717	2.52268	3.58299	3.92477	1.83712	1.29922	2.67553	3.27808	3.03688	2.55398	3.28757	1.79325	1.99478	1.19718	1.35909	0.178494	1.14274	1.39377	1.68339	1.61591	1.76649	1.53514	1.39384	1.6452	0.910078	0.535467	0.892421	1.35914	1.35914	1.0407	0.892421	1.52472	1.53514	1.43875	0.535467	0.252434	1.19723	1.6452	1.52472	1.4388	0.735919	0.399127	1.43877	2.17045	2.08833	1.52472	1.12873	1.59605	3.33074	2.7284	1.68347	1.19718	2.17769	0.643527	1.19718	1.12873	1.43873	0.910059	3.21442	2.85911	2.32606	2.53529	2.53529	1.69288	1.83704	2.17769	2.65154	0.961112	1.78432	1.39377	1.14274	3.40602	2.08826	3.58299	3.89243	4.48515	5.48174	4.17474	2.42629	1.24926	3.03672	2.77447	3.15967	3.78091	2.48462	3.74304	3.36403	3.36403	2.87578	3.67475	5.06686	5.23518	5.18371	3.93687	1.68347	3.84732	3.27805	3.27805	3.03681	1.61591	0.757262	0.961148	1.43875	0.564439	3.65732	1.00958	4.77829	5.52469	3.38281	3.92074	4.63065	1.51418	4.93743	2.7284	2.15578	2.34639	1.59605	0.798181	0.504858	0.643558	1.26191	2.20679	2.96815	2.32606	1.26197	0.399127	1.00958	2.08062	2.25666	1.39384	2.95205	6.24294	5.96268	3.04729	3.40602	5.01664	1.6452	0.535467	3.9085	7.6784	4.54107	3.50244	8.82191	4.33823	4.67493	5.23811	3.21448	3.06792	1.0856	5.3333	3.78096	4.45348	5.18371	3.03163	3.42459	5.88827	6.74198	4.23497	0.178494	2.25666	4.3347	4.46751	2.27061	3.05245	3.11426	2.40005	1.59612	0.798215	0.356984	1.12873	1.52472	1.76649	1.68347	1.59612	1.1428	0.910059	1.35909	0.643558	1.59605	2.65166	3.4432	3.56527	2.39331	3.3827	5.10078	1.68347	6.05661	7.31933	4.40693	2.23534	2.15569	1.6452	3.63566	3.60503	1.26195	2.65154	5.44717	4.23497	3.28774	3.42476	3.33083	4.40693	3.40609	2.82001	2.48462	2.48462	4.57935	4.45348	4.4569	9.4342	3.92074	10.7299	10.8873	4.66135	8.01306	4.81131	8.68098	6.83663	6.05661	11.2808
1.69265	1.43867	1.59598	1.59598	1.81953	1.47146	0.643501	0.178476	1.89648	3.15428	3.02593	3.46106	1.64505	3.1893	2.28433	0.399069	0.564363	0.643459	1.52451	1.43858	1.28676	1.92149	2.14072	2.69887	2.85881	1.42752	0.798098	2.14072	2.23524	2.88102	2.98916	1.39372	1.28676	1.14262	0.909968	1.97055	2.90294	3.72153	4.1134	3.21415	1.59598	2.87541	2.25645	2.01847	1.51413	1.14262	4.00414	2.85884	1.52451	1.47141	1.12862	0.399091	1.19705	1.64497	1.89648	1.19705	0.892342	0.73585	0.178476	1.00948	0.178476	0.564363	0.252394	0.564363	0.643459	0.399069	0.564387	1.26181	0.909993	1.60587	1.89661	2.53506	2.65145	1.78425	0.399069	1.26186	2.08814	2.08053	1.92985	1.69272	1.43864	1.24914	1.69265	2.48428	3.58698	1.47141	1.12862	0.892312	2.31887	1.60587	1.61576	1.645	1.52451	0.909968	2.63325	2.69887	2.31899	1.29913	0	1.43861	2.32579	3.15947	4.45649	3.11394	1.78419	1.14262	0.961014	3.11381	3.03652	2.72814	1.7931	2.52239	4.64388	6.06902	5.85049	4.74161	3.75959	2.32576	2.37977	2.63325	0.961014	2.71637	1.92158	1.92158	1.47146	2.59683	3.2289	2.88102	3.92438	2.7685	1.61574	4.62338	2.55374	2.50346	3.15935	1.99465	2.14821	1.35902	0.643459	0.178476	3.42887	2.27053	5.5184	4.39925	0.892312	4.063	4.7943	1.64497	4.46343	1.60587	0.96106	1.79307	1.61574	1.04054	0.909993	0.96106	1.7572	2.17761	2.31899	1.76633	1.68332	1.00955	0.961014	2.53489	1.89648	2.55364	4.79433	3.20922	1.81948	0.798098	3.9564	4.54069	4.15941	4.94678	5.44397	6.04811	4.14391	4.1134	9.73415	5.56944	2.14815	3.75954	4.71481	5.23465	5.09744	7.0762	7.77468	6.75324	6.05607	3.92438	0.735826	3.95649	7.03633	9.29755	7.94067	4.11346	0.564363	4.13252	5.54132	5.30931	3.89207	1.52458	0.564387	1.35902	1.35902	1.97058	2.03413	1.35902	0.178476	0.892342	1.76633	2.79147	3.21423	2.42618	3.33041	2.37977	2.14813	3.5515	4.11329	2.90294	6.42276	4.14414	4.98474	6.20174	4.1743	3.56481	3.72139	4.06315	6.43753	5.91191	4.07096	0.178476	6.46887	5.89031	1.00948	0.892342	2.34616	4.23451	3.07799	2.85884	3.36373	3.85534	4.63029	3.7088	5.93569	10.3609	5.70346	8.64241	10.8274	3.11889	6.04811	6.65998	9.76122	4.42461	6.83335	12.5078
0.909901	1.39357	1.59581	1.59581	1.81934	1.78402	0.892225	0.399033	1.64482	3.40536	3.02566	2.23491	1.52443	2.25615	1.78397	0.178459	0.564311	0.178459	1.29896	2.17727	1.78397	2.39284	2.94061	2.85856	2.34598	1.00944	2.28413	2.94061	2.31875	2.67502	3.40547	2.14792	0.798027	1.3935	1.35883	2.81937	3.75919	3.98408	3.67404	2.4259	1.59581	2.49685	2.25622	2.01826	1.81934	0.643402	2.5032	3.40543	1.08539	1.07063	0.50476	0.735758	0.535363	1.89631	1.64482	0.535363	0.960961	1.29896	0.399033	1.00939	0.399033	0.564311	0.252372	0.564311	0.892203	0.178459	0.909883	1.26169	0.909901	1.19699	1.99447	2.5348	2.67502	2.17003	2.14787	1.6156	1.99447	2.08031	1.89641	1.53484	1.299	1.08541	1.6925	2.95136	3.34906	1.07063	1.12851	1.08539	2.55341	1.7929	1.6156	2.31866	1.29896	0.564329	0.909901	2.31875	2.6986	2.2063	1.00939	0.960961	1.83676	2.81948	4.45606	3.92401	1.2867	0.399033	0.735758	1.99441	2.48414	2.32561	1.43852	1.81934	3.38215	5.35308	5.84989	4.67408	2.9027	1.97038	2.37955	1.6925	0.735758	1.81931	1.78406	1.78406	1.2867	2.17	2.52219	2.98886	3.74232	1.39357	3.91181	4.62296	2.4259	2.67495	3.60869	1.68314	2.17738	2.81937	0.178459	0.643402	2.03387	2.48414	4.62296	2.95136	1.29896	4.9588	3.67395	3.90775	4.94604	1.19699	0.892248	1.60572	2.03387	2.03384	1.6925	1.43847	3.95605	2.4259	2.6986	1.76615	1.64491	1.42738	0.735758	2.53467	1.64482	4.24901	5.9111	2.39294	1.12855	1.28664	2.72195	2.81946	4.20434	5.09692	4.95897	2.85856	1.52443	4.27878	8.55545	5.09671	1.99445	2.90265	4.00394	5.12465	5.29098	6.32906	7.7338	7.46353	7.52772	5.35293	2.17727	2.42592	5.78515	8.80664	9.90813	6.72446	2.53467	2.63313	4.96531	5.58602	4.98741	3.2138	1.35883	1.35888	1.35888	1.69255	2.03392	1.97036	1.3935	1.08541	2.03392	3.11363	3.11365	2.65114	4.00378	2.37955	2.34594	3.77595	4.3374	2.55351	5.58593	4.06666	4.33386	4.11292	3.42393	4.56102	5.09671	5.35005	7.10179	5.8149	5.89256	4.6603	6.24153	8.0636	2.01815	1.08541	2.14792	4.00378	3.0777	3.40543	3.36338	3.98413	4.28986	4.11304	5.40284	10.1518	8.62564	4.91083	11.3082	4.10133	2.31875	7.96321	8.40441	6.0477	7.78749	12.5067
1.00935	1.00935	0.960877	0.735711	0.797956	1.19684	1.26159	1.43839	1.78386	3.06705	2.90229	1.53463	0.56428	1.86232	1.99424	1.39345	1.68299	2.1478	2.71599	2.67471	2.03369	2.47742	2.52188	1.81915	1.9943	2.63289	4.45565	4.45567	3.2723	3.15389	4.39865	5.8063	6.03953	5.37906	4.39868	3.42837	2.63278	2.08767	2.16984	1.9943	1.5347	1.43835	0.960842	0.252363	1.39338	1.51375	0.892124	2.63278	2.32534	1.39345	0.643377	0.56428	1.8366	1.61546	0.909821	1.76599	1.5347	1.97021	1.92948	1.75695	1.35876	1.5347	1.39345	1.07054	1.08531	1.26162	1.61546	1.6924	1.9943	2.01808	2.31855	2.3254	2.3254	2.68065	2.15508	1.29885	0.399014	0.757049	1.39345	1.64476	1.68299	1.28659	1.47114	2.78511	3.15372	1.26157	1.6924	1.35876	1.64468	1.81918	1.92121	2.42561	1.61544	0.909821	1.79276	3.66944	3.03078	1.19684	1.9943	2.77384	2.42571	1.89624	2.31846	2.71589	2.39273	2.39938	2.17719	2.42568	2.47753	2.39938	2.03377	1.39345	0.79799	1.78382	2.28393	1.12841	1.07054	1.24891	1.53463	0.892147	1.12845	1.07054	0.399014	0.252349	0.399014	1.47114	1.42726	0.960842	1.99424	2.94042	4.84256	2.78511	1.78391	3.40517	3.95577	1.89624	1.60557	2.47742	2.67478	4.79362	5.69431	5.33795	3.80911	2.14773	2.20611	4.86204	3.46057	4.9233	4.39847	0.399014	0.399014	1.26155	2.47742	2.71589	1.43832	1.68291	4.06222	2.31855	2.9024	1.59567	0.713738	1.78382	0.892169	3.11834	2.03367	4.79342	6.31084	0.960842	1.29889	2.32535	2.768	0.713738	0.735711	2.32535	2.67471	1.08529	1.04036	3.53741	7.83847	5.01523	2.15517	2.72184	3.15389	2.81921	1.52424	1.14248	2.3794	4.07002	5.69402	5.41097	5.84938	6.68682	7.22539	5.41115	5.77076	6.59478	8.63596	9.41901	7.0307	3.55097	3.15372	4.01922	3.40517	1.89624	0.757049	0.252363	1.29889	2.52193	2.50298	2.23481	2.98859	3.39117	2.3794	1.79276	2.67464	3.21365	5.79272	6.93448	4.8427	2.39263	3.28665	2.23481	5.4804	6.74031	6.8598	6.61143	6.4581	6.1372	6.0367	2.72763	6.20065	7.57843	5.23346	9.82481	3.93573	3.3489	3.74629	5.2695	3.44211	3.74614	3.21358	3.5865	3.67372	2.67471	2.32534	7.93886	11.0611	1.19689	12.2703	7.04806	4.28948	6.0367	1.69235	5.42249	7.14481	12.4878
1.00925	1.00925	0.892075	0.643309	0.356845	0.535259	1.0403	1.3933	1.47102	2.07981	2.65052	1.53446	0.56422	2.08745	2.20588	1.43824	1.64459	2.23457	2.7157	1.99409	1.61527	2.23447	1.51359	1.12833	1.89604	2.81891	4.83558	4.4552	3.21331	3.1736	4.03858	5.53983	6.0389	5.28406	4.28175	2.77355	0.909725	1.0852	1.92101	2.08752	1.53454	0.960775	0.735615	0.252336	1.1423	1.51359	0.643277	1.69217	1.97	1.52413	0.892053	1.35856	2.32511	1.61529	1.69217	1.7658	1.53454	1.69222	1.89604	1.64459	1.35862	1.53454	1.52413	1.47099	0.892075	1.26148	1.61529	1.53454	2.08752	2.01787	2.23457	2.32515	2.32515	2.37914	0.756969	0.735634	1.43817	1.26144	1.43824	1.68281	1.64459	1.28646	1.07043	2.28368	3.4047	2.15486	1.53454	1.35862	0.178424	1.51367	1.78372	1.79255	2.03348	1.69217	4.61861	4.06195	3.21328	1.68273	2.20593	2.77355	2.65063	1.92928	0.960775	1.12833	2.2838	2.42545	2.14757	2.55299	2.55302	2.42545	2.15494	1.52413	0.797906	1.28639	1.78363	1.12829	0.797906	1.0852	0.564202	0.643309	1.12833	0.797906	0.535259	0.756929	0.535259	1.07043	1.4271	0.535259	1.14236	3.5639	3.58161	0.356845	2.16961	3.56835	3.38613	1.92928	2.65054	0.643309	3.40481	5.71563	5.66051	5.33739	3.21331	1.64456	1.99403	3.9433	2.967	3.56835	2.95079	0.535259	0.535259	1.76571	3.21315	2.7156	0.398972	1.92918	2.07981	2.17696	2.55302	2.1401	1.59543	2.28368	1.0852	4.10053	3.03554	4.0657	6.55352	2.67436	2.20588	2.32511	3.44175	1.59543	1.08518	1.83641	3.25242	2.72143	1.04025	4.53932	8.3285	5.49397	2.03355	2.65065	3.1736	2.53431	1.08518	1.79255	2.68037	2.72729	2.96686	3.80871	5.30783	6.65801	7.30185	6.01541	1.14236	4.28175	8.2842	9.51529	8.08347	3.80871	0.398955	3.03039	3.56835	2.34552	1.26144	1.04025	1.14236	2.52166	2.31826	2.14757	2.88017	3.74581	2.68037	1.43824	0.398972	3.80871	6.45752	7.06747	4.46237	5.83239	1.78363	4.45158	6.57274	7.23964	6.67438	5.68262	5.8781	6.13656	5.4104	2.32515	5.96281	8.30432	4.49389	11.2766	4.75	3.44187	3.60814	6.79709	4.61861	4.70323	4.15802	3.42344	3.21331	1.99409	1.97	5.90999	13.408	5.03664	12.964	11.9459	6.20764	3.95541	0.909725	4.17313	4.84205	11.3527
1.39318	1.51354	1.51354	1.39318	1.04021	0.56417	0.178409	0	0.39892	1.26133	2.68013	3.34826	3.42314	2.98802	1.96173	0.735569	0.398937	1.04016	1.35844	0.643252	0.504591	1.81883	3.40458	4.53916	4.94808	5.09859	5.01126	3.20801	1.14225	0.2523	1.26137	1.83625	1.53441	1.04021	0.56417	0.756862	0.535212	0.643252	0.909645	0.909626	0.39892	0	0.398937	0.756902	1.2986	1.47086	1.12823	1.24867	1.08508	1.1282	1.47086	2.08727	1.53433	1.89577	2.39878	0.178409	0.39892	0.535212	0.504618	0.7136	0.7136	0.356814	0.891951	1.43805	0.356814	0.178409	0.909626	0.891997	1.24867	0.756902	0.96069	1.19666	1.69207	2.20574	2.3181	1.69207	1.1422	1.86196	0.891974	0.735569	0.535212	0.398937	0.735569	1.78347	2.87428	2.85219	2.39891	1.99391	1.29863	1.0851	1.14225	0.909645	1.35844	2.20568	5.15974	2.48335	2.31801	3.21287	2.81858	2.17677	3.04584	2.96674	2.63238	2.15475	1.26135	0.909645	2.03338	2.37894	1.69207	1.29863	1.42698	1.4709	1.89587	2.3181	2.16942	1.64442	1.14225	1.19666	1.53441	1.83625	1.53441	1.04021	0.891974	1.1282	0.73555	0.178409	1.1282	1.92901	3.39051	4.13103	1.524	1.59529	2.42514	2.65031	1.0091	2.34531	3.9229	3.213	3.92292	3.83723	0.535212	1.26133	2.31805	1.0851	2.31801	3.04573	1.14225	2.23428	2.42512	0.252314	1.08508	2.25552	3.51428	2.32484	0.756862	2.79028	2.69784	2.95065	2.48344	1.96981	1.68259	2.65028	2.0333	4.5076	4.98286	4.45125	6.2798	3.50979	2.07963	2.39217	4.16901	2.49615	1.78352	1.14225	3.11268	4.01845	2.15475	4.70282	8.02472	5.78323	0.909645	1.3585	1.04021	1.43805	2.57126	2.25552	1.1422	1.75661	3.18825	3.75824	3.53691	3.03544	3.77917	5.17208	5.52222	5.52222	4.6828	3.98296	7.65665	5.52501	3.75824	3.98301	4.89681	5.41009	5.91765	5.96254	4.61841	3.213	2.90184	2.90188	2.81869	2.55271	1.78347	0.178409	1.43805	3.36227	4.16901	4.68272	3.74127	5.15974	5.56762	9.53365	8.64671	8.27213	7.77169	7.77171	7.35219	5.71513	3.28606	0.504591	5.15974	7.42981	5.06123	10.9999	4.03801	1.35844	1.0851	6.55054	3.90668	6.59109	4.98286	3.02497	3.02497	2.57139	2.13991	4.24782	14.3456	9.44278	11.8453	16.1995	10.3277	2.92351	2.14733	3.8455	3.89047	8.87707
0.53516	0.252274	0.398901	0.564119	0.735501	1.04011	1.39306	1.51341	1.35837	1.085	1.35837	2.17658	2.3987	2.07954	1.75645	1.68252	1.89571	1.92067	1.78334	1.39296	3.32895	5.05785	5.3069	4.06129	2.0332	0.564095	2.03316	3.85351	4.53876	4.06129	2.67403	1.61499	0.53516	0.356779	0.643195	0.960603	0.960603	0.960603	1.47076	1.28623	0.564119	0.53516	0.713531	0.398879	1.26123	1.92067	1.51341	0.90956	0.564095	0.797719	1.89557	1.92881	0.504538	1.68241	1.89557	0.564119	0.252292	0.252292	0.398901	0.643153	0.398879	0.252292	0.735501	1.64427	1.53427	1.43798	2.01751	2.67403	2.57116	2.26945	2.2834	2.2834	2.48321	2.42499	2.32474	2.90156	1.59522	1.28614	0.891857	0.564095	1.08497	0.960603	1.52386	1.96964	0.53516	3.17304	4.17261	3.5366	2.53386	1.83608	1.53427	1.085	0.252292	1.009	3.63357	3.94272	3.02992	2.65004	2.65	0.960557	0.756782	0.713531	1.29851	1.86185	2.31783	2.14711	1.29851	1.43795	1.35837	0.960603	0.398879	1.26126	1.92894	1.53427	0.53516	0.891857	0.735501	1.39306	1.14215	0.735501	0.643195	0.960603	1.29851	1.69192	1.92067	1.59522	1.61499	3.54981	4.57661	2.72685	1.79222	2.07941	2.23405	2.25529	2.15456	3.75781	3.03508	2.67985	2.32466	1.19648	2.14719	2.42502	2.25538	2.85191	3.40414	2.52119	1.04011	2.87951	2.90149	2.39206	2.81841	2.69759	2.23405	1.92067	3.50961	2.85748	2.39192	2.17658	3.83703	2.78447	0.643195	3.34777	3.28573	3.91054	7.1431	8.00699	7.58268	4.72933	1.76549	4.54888	4.92186	2.15456	0.564119	0.504573	1.19648	3.40419	2.92341	2.42486	6.90741	6.85302	3.15797	2.23418	1.7834	1.26121	2.39192	2.52124	2.90163	3.42284	3.67273	3.95478	3.78727	3.17304	3.50054	4.40455	5.12275	5.86377	6.04543	3.32895	7.4604	5.38317	4.94444	5.9198	7.24063	8.08217	8.22086	7.93694	6.85787	6.25954	7.37905	7.78901	7.65831	6.03264	3.5366	1.78334	1.14215	4.23272	6.67556	8.95441	8.30142	2.85191	9.45016	10.3564	9.94315	10.7766	10.8775	11.1688	10.7202	8.68173	5.65952	3.77467	5.34803	7.37892	8.18111	8.92644	3.45949	1.26123	1.08497	5.83127	2.34504	7.1427	4.80855	4.17261	4.9221	5.37755	5.51605	6.41736	14.8964	12.533	5.84747	15.0525	14.8182	6.54986	2.07941	3.31447	3.15278	5.09497
1.83589	1.69175	1.19642	0.891824	0.39886	0.713462	1.28609	1.51325	1.60495	1.39284	0.797681	1.00896	1.00896	0.891801	1.03996	1.2611	1.53411	1.53411	0.909469	3.60695	5.26747	3.56298	2.08693	2.81801	3.75744	4.73887	5.69212	6.03201	5.65892	4.22108	2.98735	2.07923	1.43781	1.35823	1.14203	0.960504	0.90945	0.564043	1.35818	0.756756	1.19637	1.19637	1.08489	1.29835	0.535108	1.12801	1.12798	0.178374	0.39886	0.797681	2.5522	2.32439	0.252265	1.53403	1.26106	0.39886	0.535108	0.398843	0.398843	0.960469	0.39886	0.252252	0.564061	1.04	1.35823	1.35823	1.69175	1.83589	1.64412	1.51325	1.43783	1.19642	1.07012	0.797647	0.178374	1.43779	1.9935	1.14203	1.12798	1.43779	1.2611	0.564061	1.69169	1.61483	2.17624	1.79205	1.83589	1.86166	1.6441	0.891824	0.39886	1.39284	0.356745	1.19642	2.55227	2.93929	2.07932	0.713462	1.96135	2.63188	2.81815	2.39845	1.43783	0.535108	1.29835	2.31765	3.2124	3.27104	2.87386	2.07932	1.24842	0.756716	0.252252	0.891801	1.5237	1.96945	1.83581	0.252265	0.960469	1.14203	1.08489	0.178374	0.564061	1.04	1.5237	1.75627	2.03296	3.27574	3.40374	1.4267	1.28603	1.81844	2.49567	2.69732	2.37848	2.0329	0.735408	2.42467	1.79207	1.99353	2.63188	3.2124	3.75751	3.21238	2.16897	1.28603	0.178374	1.83581	2.37848	2.63188	2.08693	1.43781	0.252265	2.72658	3.6071	1.96943	2.1469	3.21225	1.61483	1.69175	2.53346	3.90996	2.63176	1.99347	3.28555	4.95663	5.06034	3.03485	2.81803	6.41662	4.247	0.564043	1.26109	1.75627	1.47061	0.50452	2.08686	0.960504	5.62249	6.63472	4.06081	3.51377	2.95008	1.43781	1.28609	3.06602	3.02439	1.78322	0.891801	0.564043	0.564043	0.891779	1.51317	1.89541	1.64404	2.78404	4.69855	0.535108	7.15295	6.7119	2.64979	2.23394	2.78418	3.02961	2.90127	4.1682	3.45916	4.13023	5.61425	4.94712	4.94712	4.93435	3.84484	3.44078	2.87373	3.27104	4.67186	5.91918	5.96139	9.36922	10.7313	5.86831	5.25547	6.46524	5.23453	3.94232	4.22108	4.30996	4.45046	4.15693	4.65825	4.95663	5.13448	5.30614	2.69729	1.59505	1.81848	5.91623	2.5209	7.23952	5.03834	1.60495	2.20531	2.81815	4.191	6.8524	15.2242	13.3125	3.32861	11.9953	16.3192	8.14391	3.82409	4.74867	2.52099	3.1875
0.252229	0.96042	1.78306	2.01712	1.99335	1.99333	1.59491	1.39279	1.43766	1.78297	0.504449	0.178358	0.564011	1.29827	2.16881	2.25495	1.86149	0.891723	0.178358	4.42143	5.44307	1.52357	4.09527	4.80767	3.6023	1.60481	0.398808	1.47048	2.8791	3.77811	4.01732	2.08668	0.563993	0.96042	0.891745	0.252243	0.909389	1.03991	0.64304	1.75612	2.37827	1.08479	0.797577	0.8917	1.24832	0.797611	1.59485	0.398808	0.735362	0.891745	1.89524	2.16878	2.14678	2.20512	1.47048	1.14193	1.35811	1.19632	1.12791	1.47044	0.356713	0.356713	1.00887	1.51311	1.00887	0.735343	0.960385	0.713399	0.504476	0.504476	0.356713	0.356713	0.713399	0.535061	0.252243	0.564011	1.29823	1.00882	1.07003	1.81828	1.07003	0.504449	3.04488	3.45893	4.92108	4.79133	3.03458	1.53397	0.563993	0.564011	1.03991	2.03278	2.0328	0.64304	4.28745	6.04442	6.50353	6.54905	5.73283	3.77395	1.64398	1.08478	1.03986	0.252243	0.252229	0.398825	0.797611	1.52357	2.08675	2.31745	2.81787	3.02934	3.02412	2.57067	1.28598	1.59485	2.3915	0.797611	1.14187	0.252243	0.756649	0.535061	0.504476	0.398825	0.178358	0.797611	1.24832	2.32418	2.14666	1.12791	1.75612	1.6916	1.79189	1.99329	1.61469	1.64392	0.504476	1.79191	2.8179	3.27075	2.72055	1.68219	0.891723	0.178358	1.28592	1.75605	1.26102	1.64392	1.28592	1.78306	2.90107	3.53592	4.22071	4.62049	3.5848	4.64088	3.02412	2.92269	1.35811	1.61469	4.23175	5.00976	3.25128	2.67344	1.43766	1.08479	4.09922	6.36006	7.12642	6.60824	3.11178	0.8917	1.76506	1.86144	2.47636	3.27558	1.96927	1.39272	3.22678	6.97384	8.74379	9.41461	9.31627	8.12833	5.23119	2.72055	1.78306	1.47048	0.891723	0.563993	0.735343	1.29823	2.03272	2.90096	3.58032	4.85662	3.9218	2.34465	8.58685	7.65452	3.05011	1.08479	0.398825	0.960385	2.07904	4.40713	2.81776	4.15642	4.30571	1.99335	1.86149	2.72042	3.15222	3.90555	4.28732	1.78297	1.24832	2.0328	3.07597	11.3804	11.139	6.01296	5.62195	5.83025	4.02904	1.79189	2.42453	2.42456	1.79189	1.79189	3.49988	4.3966	4.3786	4.09527	2.85695	2.23375	2.63164	6.22054	7.22414	8.68876	6.76706	3.02934	0.891745	1.99333	4.65784	8.61376	13.0779	9.71691	6.79488	11.1065	15.0315	9.27785	6.2808	10.5698	11.3438	10.6514
0.891651	1.0398	0.891651	0.643003	0.891629	1.43751	1.12779	1.0398	0.735284	1.83545	2.324	3.06543	3.03426	2.47609	2.16858	1.99314	2.78932	3.15704	2.32405	3.90517	4.6572	2.55173	5.4397	3.60198	1.7917	0.356676	1.29813	2.31716	2.67316	3.02896	3.04979	1.26086	0.504422	0.563952	0.735284	1.08468	1.00877	0.797527	0.642972	1.75586	1.42643	0.891629	0.960283	1.19619	1.9201	1.43755	1.64374	1.12776	1.14175	0.756609	0.909274	0.797527	1.83554	1.99314	1.68201	1.53381	1.59474	1.53381	1.68201	2.34441	1.99314	1.53381	1.26086	0.643003	0.713324	0.563934	0.563952	1.28584	1.51295	1.64381	1.53381	1.03975	1.61452	1.39264	0.735284	0.17834	1.14175	1.43749	0.356676	1.12776	1.42643	1.89504	4.37795	3.95348	4.06395	6.04379	6.06452	5.13048	4.06007	3.06543	2.3172	1.26088	0.563952	3.18689	6.1794	5.55692	5.49162	5.28751	5.36121	4.44947	1.43749	1.28578	1.03975	0.563952	0.563952	0.535005	1.28584	1.53381	1.69142	1.69142	1.47033	0.563952	0.713324	1.28584	1.52341	1.96098	2.5205	2.47609	1.39264	0.797493	0.797527	0.563934	1.28584	1.29813	0.891606	0.643003	0.535005	1.59468	1.96905	1.28584	0.735284	0.563934	1.28578	1.51287	0.756569	1.52335	1.14181	2.07892	4.06395	5.67168	5.30532	3.45857	1.28578	2.07892	2.67316	2.76639	1.0398	1.28578	2.26865	2.37796	3.18702	4.17137	4.15238	2.8788	1.43755	2.71431	2.87317	4.30912	5.91804	5.5824	5.73213	4.50586	0.563934	2.26877	4.03666	5.6467	7.69646	8.92942	8.65066	5.91538	2.4243	1.29813	2.31716	3.03417	1.69136	1.42643	1.64372	2.67323	2.1465	2.78932	6.43519	8.76226	10.5788	11.6917	9.23567	4.62	2.57039	1.51295	0.756609	0.713324	0.735266	1.14175	2.0168	2.90061	3.9092	4.23133	0.909293	7.12545	8.61286	5.16092	2.16858	1.28584	1.51295	1.9201	2.72599	4.44947	4.50247	5.51434	4.11017	1.24818	1.69142	3.77765	4.1901	4.5372	5.28723	1.75586	2.39786	1.12779	2.34437	11.1379	11.6462	5.88588	5.13024	4.67072	3.38918	3.90535	4.92064	5.15802	4.30912	2.8176	1.28584	0.356676	1.43753	1.92003	1.08466	2.03259	2.28272	0.891606	4.17137	6.13377	4.09868	1.03975	4.63016	7.91109	10.2664	11.5688	5.4397	7.52505	9.87095	7.63144	13.5899	11.6411	7.57439	11.7304	15.873	16.8747
0.891573	0.398731	1.08458	1.43743	1.28573	1.06982	0.713261	0.398747	0.252194	2.53275	3.94109	3.02876	2.57017	2.16836	2.01662	0.178324	1.03971	2.55156	2.55158	3.07537	3.60594	3.2748	5.1573	0.960199	1.03971	1.43743	1.4702	1.19604	1.69122	2.78895	2.2824	0.398731	0.909213	1.43743	1.5946	1.19609	0.563884	0.563884	0.563884	2.03233	1.61436	0.563884	0.735219	1.4263	1.24807	1.08457	1.19604	1.19604	1.59454	0.642915	0.534958	0.713261	0.960199	0.756502	0.534958	0.398747	0.563884	0.534958	0.642946	1.43741	1.75578	1.83538	2.15373	2.17573	1.51282	0.642946	0.642915	0.797456	1.00868	1.19609	1.35785	2.81721	2.15364	1.26075	1.19604	0.735201	0.909194	0.735201	1.00868	0.504378	0.797423	3.15162	4.65679	3.06501	0.797423	1.5946	3.21147	3.7438	3.90904	3.7438	3.43994	3.06516	2.57017	3.11118	5.80216	4.21972	2.20463	1.28573	4.37757	5.18469	2.37775	1.24807	1.12766	1.06982	1.12766	1.91986	2.25452	2.96533	3.51278	3.75645	3.81078	3.45831	2.93846	1.78267	0.178324	1.43739	1.4702	1.75578	1.96887	2.26845	0.756542	1.89487	1.06982	1.47016	1.78262	0.178324	0.563902	1.26075	1.79154	1.28567	1.12769	1.4702	1.6436	1.43741	1.28573	0.356644	0.735219	1.29798	3.11118	3.38422	3.11128	4.70059	4.00073	1.99297	2.9004	2.85084	2.39113	1.14171	2.03231	3.31324	2.14625	1.08457	0.25218	1.43743	2.01673	3.93311	6.4804	5.23018	4.65704	4.28672	3.32767	1.03966	3.04956	4.56123	4.92021	4.95524	4.305	3.07543	2.37781	1.86113	1.78267	1.12769	1.75578	3.32767	4.44915	2.03241	4.00076	3.04439	4.81659	4.98365	3.57959	2.23322	1.43743	7.01908	9.10225	3.90483	1.47016	0.797423	0.178324	0.563884	0.25218	0.909194	2.03233	3.15667	4.8588	4.39557	3.04952	7.86884	6.15595	2.81721	0.891527	0.735201	1.29802	1.64364	2.94913	2.67886	4.53701	4.30507	1.06982	1.4263	0.642915	2.5013	4.5749	5.64596	6.54746	2.17563	2.94913	1.61436	2.17563	10.9603	12.173	5.55343	4.02826	3.34653	2.48226	2.81735	2.77199	2.77199	3.27012	4.00092	4.30875	4.2199	3.49921	2.55156	2.87305	4.24601	4.78059	4.56123	4.10986	3.15667	2.14632	3.92105	7.44314	7.99018	7.63082	6.76576	4.40628	6.39545	5.99362	1.83529	14.7952	12.3643	4.73731	5.4073	6.40281	7.39099
0.398689	0.909128	1.64348	1.59446	1.12759	0.891434	0.735127	0.960147	0.960147	3.06468	4.06299	1.96061	0.35661	2.39079	2.96488	0.252172	1.29785	0.35661	1.52313	1.79137	1.99267	4.1094	4.61554	0.56385	0.252154	0.735127	0.891464	1.26063	2.14611	3.45784	2.20441	0	1.08448	1.4373	1.68172	1.64352	1.12759	0	0.642889	1.9279	2.23298	1.26066	0.960147	0.79734	1.00852	0.891434	1.03955	0.909103	1.64344	1.42616	1.06972	0.178307	0.909103	1.26063	1.35773	1.03962	0.909128	0.909128	0.642889	0.534906	0.398689	0.398689	0.534906	0.797385	1.28562	1.59446	1.86096	1.92802	2.01655	2.17554	2.17554	2.87815	1.8351	1.08448	0.891434	1.26063	1.4373	1.51269	1.3924	1.2979	1.47006	4.00035	4.21928	2.03209	1.43721	0.79734	0.713192	1.43727	1.6142	1.60434	2.56994	4.55741	6.05054	5.19357	4.36274	4.00031	1.99267	0.79734	4.69674	5.49032	2.14609	0.960147	1.43724	1.60434	1.99276	3.20618	2.93819	2.59446	2.16819	1.86096	2.03223	2.31679	1.96061	1.26057	1.03962	1.26063	0.56385	0.252172	1.99276	3.95282	3.11612	1.43724	1.28562	2.69631	2.50108	1.12754	1.60434	1.69111	1.99271	2.25422	1.47006	2.34398	3.07514	3.11612	2.55135	0.735151	0.891434	1.29785	2.90005	2.59437	2.85056	5.09542	4.40582	1.14153	2.42384	4.24564	5.08648	5.47635	5.12958	4.50512	3.03364	1.52313	1.89467	2.8561	4.30469	7.37545	7.98948	4.21952	2.15354	0.909103	1.35773	3.60576	5.5813	5.06161	4.03596	3.11612	1.9687	1.03955	0.891464	1.7825	2.49472	1.64352	0.9601	1.3924	4.10945	2.93819	3.18628	1.68161	2.53248	3.51225	3.77272	3.60559	1.99271	5.55285	8.90138	4.21928	2.08606	1.08446	1.19598	1.75562	2.03223	2.17554	1.47006	1.89467	4.13998	4.33009	2.52004	5.22943	5.95895	5.00834	2.34393	1.19591	0.909103	0.735127	2.25422	2.64893	4.10956	4.52966	5.12958	4.28634	2.28232	1.68161	3.42098	5.64538	7.15025	4.01626	5.05845	5.25373	4.53658	7.29028	12.0608	10.0968	7.32465	5.16	2.42384	2.08616	3.26983	4.69705	4.88444	3.67096	2.56994	3.11102	4.18943	4.14021	4.62602	5.74212	6.6818	7.47395	7.45505	5.36016	2.34393	3.02306	6.70932	6.45547	4.91953	5.47625	9.44575	9.36758	10.6483	9.08837	14.7377	14.0844	8.52499	9.94144	8.04168	3.60579
1.14143	0.909036	1.52298	1.5943	1.81758	1.64326	0.960013	1.43711	1.43711	3.06441	2.87789	2.55101	1.28542	1.91949	3.70471	1.03946	1.52292	1.28542	1.39225	1.14149	0.735077	4.33329	3.43915	0.563793	0.756356	0.960013	1.08436	1.61405	2.69601	3.24997	1.29777	1.00843	0.8914	1.39225	1.64334	1.68154	1.12748	1.00843	0.735077	2.67234	3.45747	1.26053	1.43711	0.356575	1.00843	0.642791	1.03946	0.563793	1.43711	1.42602	1.46988	0.642791	0.563793	1.03951	1.35759	1.26051	0.909036	0.909036	0.735077	0.39867	0.178289	0.178289	0.39867	0.797302	1.28548	1.5943	1.75544	1.89461	2.01634	2.14595	2.14595	1.43713	0.563793	0.8914	0.398653	1.03951	1.39225	1.51253	1.43715	1.43713	1.78232	4.23012	3.27419	1.03946	1.19581	1.28542	0.713123	1.29777	2.03194	1.19586	2.93789	5.17781	6.04991	5.57799	2.55109	3.75555	1.75537	1.28542	5.93723	5.97145	1.64332	0.8914	1.64328	1.7912	1.68154	2.87245	2.93789	2.87245	2.49448	1.75544	2.03202	2.23288	1.39225	0.252132	1.03951	1.03951	0.563793	1.03946	1.75544	3.34602	3.77665	1.86072	1.78232	2.85585	2.08594	3.06441	2.64854	1.96851	2.20421	2.25401	1.28548	2.85583	3.38825	3.27431	3.56563	2.23279	1.64326	1.52292	1.64326	1.46991	2.85028	3.90407	3.15101	2.39718	2.69604	4.17019	5.03622	5.44126	5.02997	3.75573	2.48178	1.39225	3.65315	4.78933	5.35971	8.3225	7.09957	4.21909	3.03332	2.32329	2.81669	4.80582	5.88705	4.85805	4.03553	3.1158	1.53338	0.252145	0.642822	2.16794	2.87241	1.75544	2.67234	2.14588	3.56565	3.5612	1.42602	0.960013	1.5333	2.31646	3.54781	4.06653	2.20421	4.5567	7.66972	4.2189	2.78842	0.891377	1.60419	1.86077	2.15331	2.14595	1.46991	0.642791	2.98593	3.5612	2.07834	1.64328	4.98269	6.46222	3.90407	1.43708	0.563793	0.39867	1.00848	2.98602	4.50467	4.63918	5.12905	4.45901	3.20587	2.92156	2.17521	4.46236	6.46219	3.67058	5.52134	5.5667	4.30792	0.563793	8.68544	11.4464	8.68539	6.6832	3.21079	2.50084	4.1091	5.02054	5.1839	4.62888	2.56967	2.92171	3.94045	4.06281	4.83855	6.47926	6.91061	7.79042	8.90597	7.23618	3.90407	2.01623	5.96881	5.97145	3.56565	4.69656	9.44487	10.4745	9.27475	10.1561	10.5366	16.3598	10.667	9.64078	6.9196	4.4801
1.00832	1.06951	0.398634	0.756329	2.55072	2.17498	1.14139	3.40201	4.69948	3.32672	2.16772	3.04339	2.34348	1.96832	4.4619	2.78242	2.17512	4.06631	4.41957	4.55653	4.30386	3.74262	1.53314	1.08427	1.42589	1.42589	1.42589	1.64312	2.0317	2.15301	1.03942	0.891261	0.79723	1.00839	1.00839	0.79723	0.642723	1.26036	1.43702	2.23255	3.27385	2.26793	2.20406	1.5124	1.64317	1.19575	1.43699	1.14139	0.891291	0.756276	1.3574	1.24771	0.891321	0.563741	0.398612	1.00832	0.5042	0.398612	0.534802	0.504236	0.504236	0.398634	0.178272	0.398612	0.534802	0.713054	0.713054	0.398634	0.178272	0.178272	0.563741	0.756329	0.908952	0.735009	0.642723	0.252123	0.252123	0.398634	0.534802	0.756276	2.64827	4.33285	1.3574	1.03942	1.60403	1.79102	1.64317	1.28537	1.43693	0.908952	2.98563	3.67006	1.26039	3.80945	1.52277	3.56531	4.39451	4.54613	5.28527	4.54585	3.27405	3.90391	4.45861	5.12859	5.65576	5.66959	5.18347	3.6051	1.61391	1.08425	1.5124	2.17512	1.76431	0.563741	0.756329	1.26042	0.756329	0.908927	2.0318	2.32319	2.89955	2.56928	2.28172	2.39032	0.504236	4.02706	2.56928	1.64312	1.83475	1.89431	0.534802	3.27385	2.89955	0.713054	3.70432	2.67206	1.78209	1.59406	1.12737	1.92765	2.5006	2.23255	1.99232	3.60056	4.06611	1.89431	1.28537	1.43699	1.39203	1.75528	2.64842	3.98	7.62047	8.85843	7.65107	6.40092	1.2976	3.84254	4.62841	5.16815	5.71079	5.50941	3.77622	1.08425	1.12733	1.64312	0.908927	0.734984	0.713054	1.78209	2.17498	0.908927	2.71908	2.85557	3.42509	4.09713	2.4234	1.79102	0.563741	1.99237	3.56086	4.98223	4.66918	2.67215	5.64709	5.64715	3.88748	1.59415	1.24771	0.756276	1.03935	0.398634	1.43693	0.398634	1.99229	2.32304	1.89431	1.78215	6.74305	8.14522	6.04919	4.13941	3.90391	4.05858	4.15085	4.50079	4.32935	2.87773	2.55086	3.28363	4.62502	4.98221	3.38324	4.44771	5.80044	1.9683	4.10866	4.62502	1.39213	3.80945	2.15301	9.24689	8.34193	7.57748	5.67783	6.11625	4.8931	1.46978	3.83428	4.91859	2.53217	1.61391	1.83486	4.30754	3.2692	3.02247	2.87218	4.32925	6.81643	7.09419	4.94085	1.46973	5.55178	5.55178	0.891261	3.2105	7.6771	7.4804	1.60403	6.80075	7.06153	12.8981	11.8555	8.4943	5.13158	2.48144
0.252096	1.68121	2.42313	1.69056	2.25357	2.98544	5.1829	7.06311	5.52039	2.39011	2.63012	4.61782	5.52039	5.68834	5.20403	4.50373	2.87743	3.56061	4.03475	3.40165	2.01595	0.734916	1.43687	2.87743	3.02759	2.63012	2.64811	2.81624	2.08554	0.908842	0.534751	0.178255	0.398593	0.504183	0.642698	0.563684	0.356506	0.908861	0.734934	0.563666	2.25364	2.56917	1.26029	0.797148	0.734934	0.356506	0.356506	0.504183	0.642698	0.712985	0.797114	0.563666	0.642698	0.959862	0.891227	0.908842	0.252083	0.504183	0.891227	0.891227	0.563684	0.398576	0.178255	0.504183	1.00829	1.35732	0.891227	0.891182	1.46963	1.92745	1.92745	1.53308	1.29751	0.642698	0	0.252096	0.398593	0.563684	0.398593	0.252096	4.78841	5.35863	2.69552	1.64296	2.71313	2.98544	2.4813	1.68121	0.642698	1.00823	2.15281	3.3876	3.78435	4.2702	2.6778	2.42315	3.77599	4.34354	3.49786	1.43681	1.643	2.07793	3.95173	7.37765	9.25976	9.14468	8.14655	6.35145	3.58272	3.45693	3.99938	5.05395	6.53096	6.19442	3.60027	0.908861	1.26024	2.3161	3.28335	2.78232	0.178255	2.94811	4.44743	3.66976	1.52268	3.97942	1.75503	1.08415	1.78198	2.3229	2.1529	3.04311	1.53301	1.99217	3.54712	1.53301	0.891182	1.61375	1.89424	1.83467	1.08416	0.734934	2.39684	4.30334	6.13326	3.78415	1.43685	1.96811	3.40147	2.84973	3.06397	4.70898	8.75436	8.4953	5.56563	2.08554	4.10827	7.47789	7.35435	6.96983	6.03052	3.49786	0.398576	2.87194	4.39403	2.56917	1.08415	1.96813	1.28517	2.08547	1.46959	0.563666	1.46963	3.28335	4.55947	3.97954	2.4813	3.11	1.64294	2.03162	4.06203	5.88068	6.6681	4.74562	1.29751	6.79993	5.72935	2.34329	0.75621	1.39198	2.08554	1.76413	0.908861	0.908861	3.38758	4.28497	2.1529	7.01639	11.4337	9.61043	7.37971	6.00979	6.04874	6.2971	6.35639	6.43213	5.57694	4.15423	3.51142	3.60469	4.45096	4.78843	3.93957	5.25197	6.5091	3.35938	2.08554	4.88292	4.63819	1.68114	0.797148	6.27443	8.16149	8.85758	6.40044	3.17059	0.891182	3.77592	4.62797	1.83458	4.61444	5.95743	3.85054	1.78193	3.77592	6.15391	8.51185	8.79673	7.09821	6.41488	5.51163	2.4813	5.73478	6.22453	7.48011	11.4576	12.0515	7.54003	3.66985	5.28496	7.86622	6.39056	7.14824	8.85758	7.79677	3.28318
0.563616	2.08529	2.16736	3.37789	0.178239	2.32274	5.155	4.01473	5.2275	6.27388	3.80897	5.30235	6.7743	7.14794	5.82668	3.3261	0.908762	0.252074	0.534703	1.79069	2.42291	2.14534	1.992	2.49378	1.99202	1.53295	1.95987	2.1453	1.64288	1.28512	0.642641	0.252061	0.398558	0.504138	0.534703	0.563616	0.959743	1.00815	1.06931	0.891149	0.756183	1.53287	1.29736	1.06931	0.797077	1.79071	1.52255	0.891127	0.252061	0.908762	0.908781	0.642641	0.356475	0.398558	0.756183	0.563634	0.252061	0.534703	0.504138	0.534703	0.756143	0.563616	0.252061	0.534703	0.73487	0.908781	0.734852	2.07765	2.14528	1.8345	1.39186	1.06931	0.959743	0.756143	0.178239	0	0.398541	0.178239	0	0.797044	5.82638	5.24851	3.99886	3.90295	1.43675	2.32268	1.8602	0.959743	0.563616	0.908781	2.1747	3.9193	4.77833	3.6044	1.2974	0.356475	0.712922	1.14111	1.26013	1.53295	2.20364	2.08536	3.66939	4.83705	3.75467	3.65231	3.20998	4.5347	3.20989	3.5779	2.64788	3.45663	5.2845	6.65104	6.1021	2.51908	2.13788	2.50012	1.53295	1.83442	3.60425	3.31184	5.35816	4.9177	1.92728	3.50646	1.79069	1.53295	2.03142	2.20364	1.68107	0.756143	1.89407	2.55035	2.03137	0.398541	0.178239	0.756183	0.891149	0.398541	1.03922	1.3572	1.61361	2.8159	7.19962	4.91763	1.39179	1.6428	4.77808	2.92074	0.734852	3.15012	7.64327	5.579	2.1453	2.89908	6.84726	6.68134	4.45059	3.40124	1.91895	1.08407	3.04811	4.01473	3.93935	4.22893	3.58225	2.85502	2.87156	2.96378	1.2974	1.06931	0.73487	1.60374	2.14528	0.908762	1.14111	2.56882	3.20982	1.92718	1.39186	2.20364	3.02725	5.34636	3.51095	4.54505	5.88259	3.17015	2.31581	1.43675	1.75494	1.52255	0.959743	2.42284	5.05644	4.83064	3.24905	11.4312	10.4831	4.0964	2.76491	2.25345	2.3159	2.32274	2.48108	2.69528	1.99202	1.69047	1.61359	1.83442	4.03419	4.88232	3.20982	3.50646	6.68828	5.64609	1.26013	1.26013	4.44698	2.08529	1.53295	2.55027	4.29918	6.36293	5.43946	3.91919	5.30228	5.23068	1.64288	4.62756	7.90669	6.92672	5.18226	7.02692	7.13914	6.43157	6.29655	6.1559	5.48854	5.86406	5.92775	3.27339	5.18233	5.33481	7.95942	10.265	8.62616	6.12276	2.51908	4.30284	5.72056	6.60405	3.90316	4.19897	8.31997	7.55549
1.14105	1.53271	1.26002	2.64749	1.59361	1.64262	2.81561	3.91889	7.57533	6.36226	1.26002	0.734792	0.534647	0.252047	0.534647	0.504085	0.356437	0.891032	1.69029	2.14505	1.29723	0.534647	1.127	1.92698	0.734774	0.642573	1.35701	1.25998	0.17822	0.398499	0.642542	0.17822	0.252034	0.398516	0.356437	0.642542	0.89101	1.19534	1.26002	1.26004	1.26004	1.86	1.43653	0.959641	0	1.43655	1.08396	0.79696	0.504058	0.89101	0.563557	0.17822	0.398499	0.563557	0.252047	0.252047	0.252034	0.642573	1.28498	1.28498	0.712847	0.356437	0.356437	0.398499	0.642542	0.504058	0.79696	2.25314	2.51882	2.56868	2.14512	1.35706	0.563557	0.891032	1.43659	2.03123	2.3225	2.03123	1.53279	1.79052	5.7636	4.77757	3.53301	4.48878	1.12704	1.28492	2.14505	2.15248	2.42268	3.06338	4.14962	4.28424	2.98487	2.47433	3.66916	3.91889	3.18489	2.89878	2.695	2.07753	1.91881	1.64268	4.30603	4.39302	4.27687	5.27805	4.8041	3.74156	1.03906	2.64751	0.356437	2.78734	3.70328	3.90254	5.32518	3.54654	3.18489	1.64268	1.69023	3.42404	4.39302	1.43657	4.22849	5.05899	1.61344	2.53128	1.75469	0.796993	1.42547	1.0692	0.398516	0.252034	0.563557	0.959641	1.12704	1.78168	2.07753	1.99181	1.14105	0.356437	1.39171	2.03123	2.81572	4.65425	6.52463	2.98478	5.40443	8.08208	8.84034	6.35023	4.78441	4.7447	5.12682	4.83668	7.76961	8.29535	8.71048	6.56767	3.84154	2.89878	1.59368	1.99173	2.77023	2.26714	1.29726	5.71996	4.53418	2.67729	4.1873	4.46064	1.19534	1.14099	0.398516	1.69023	1.75469	1.46934	3.97877	4.78766	3.07364	1.53271	1.26	0.642573	2.55008	5.73368	5.51057	2.47433	5.51907	4.78746	3.14979	1.26002	1.53279	2.15248	2.81569	4.15335	6.42836	6.98639	5.78553	9.02924	10.4923	7.73753	4.83668	2.89878	1.96775	1.35706	1.75476	2.7126	3.06338	2.71845	2.55008	3.38226	4.95857	3.60385	2.42266	4.45729	7.79528	8.36368	4.47837	1.60357	2.64751	4.09597	3.70346	3.22433	4.40373	7.52799	7.50944	3.71609	1.91874	3.66487	6.23346	7.26997	4.30245	1.28492	8.52065	7.64247	3.20948	2.31557	0.959641	1.28492	1.29723	3.45614	3.90254	1.86	2.92043	1.26002	4.8915	6.66655	5.34582	5.18193	8.18469	7.68532	9.89656	6.75506	8.15444	8.3195	9.44128	8.02221
1.29715	0.563507	1.03902	0.890931	2.56833	1.89361	1.35694	4.33138	6.39853	4.36027	1.03902	0.642517	0.398481	0.252025	0.398481	0.504041	0.79689	1.99155	1.96758	1.64254	0.734728	0.398481	1.12691	1.68066	0.959557	0.734728	0.908586	0.755997	0.398464	0.178205	0.890931	0.398464	0.755997	0.5346	0.356406	0.890931	0.642485	0.5346	1.03902	1.25993	1.25993	1.24724	1.19524	0.734709	1.00795	0.959592	0.890977	0.356406	0.504014	0.642485	0.563507	0.398464	0.178205	0.563507	0.252025	0.252025	0.252012	0.890954	1.46921	1.28487	0.712784	0.356406	0.356406	0.178205	0.890931	0.504014	0.356406	1.42535	2.07735	2.56845	2.23182	1.35694	0.563507	0.642517	1.79037	2.15229	2.32229	2.15229	1.69014	1.95949	5.03047	3.27261	2.53106	3.26779	1.81672	0.356406	1.64254	2.03105	2.39617	3.37734	4.49908	4.28386	4.91675	6.18229	4.62669	4.06089	3.62986	3.04752	2.85449	2.07735	1.78152	1.52225	2.81533	2.03103	4.72437	5.27759	4.80368	2.81547	2.03095	1.60343	1.28481	3.0266	3.95043	2.64726	3.49678	3.26794	3.02152	1.95949	3.60353	3.84111	3.49678	1.29715	3.10913	5.05854	3.27264	1.53258	1.99155	1.06911	1.42535	0.796923	0.5346	0.252012	0.563507	0.734709	1.12694	1.91865	2.07735	2.08495	1.79035	1.28481	1.52225	2.03105	2.81547	5.154	3.93049	2.5498	6.37171	8.61381	8.23293	6.02632	4.78399	4.29853	1.008	5.37766	7.86404	8.18215	7.61977	5.39518	3.42384	2.54988	1.59354	2.71808	3.27261	1.76354	1.60343	5.4844	4.0646	2.03103	4.18694	5.64221	2.42235	1.39152	0.734709	1.69009	1.99155	2.5929	5.78218	4.69431	3.07338	0.563507	2.15221	1.75453	2.14493	5.73317	6.43249	0.642517	4.30201	6.00782	4.40335	1.61328	1.53265	2.03105	2.62938	3.58171	5.41263	6.69427	5.2746	1.25989	8.18954	9.19381	6.39853	3.75384	2.32223	1.35694	1.64256	2.51864	3.06311	2.64739	2.42244	3.9505	4.53383	0.908605	2.69476	4.28386	7.27576	9.15022	6.3347	3.58156	1.14095	3.27276	3.75395	4.74418	7.1462	9.65659	7.06529	1.91865	1.06911	4.05696	6.85293	6.07279	2.64739	2.78139	8.51992	6.898	2.47411	2.54977	1.68066	1.78143	1.5222	3.2092	2.64726	2.08488	1.68066	2.48052	5.57515	6.20001	6.45915	5.51028	7.71688	7.2866	8.70964	7.96943	7.78089	8.04689	7.32049	6.02869
3.42347	4.72394	4.65353	3.75362	1.79017	1.85972	3.59892	4.2686	3.97795	1.91838	0.178187	0.398445	0.64246	1.19518	1.92673	2.53097	2.62914	2.14465	0.796807	1.39147	1.64242	1.069	1.91838	2.49306	2.2528	2.07716	1.92673	1.53252	0.890898	0.398423	0.642418	1.00791	1.29703	0.178187	1.24712	1.61315	0.75597	0.908495	1.53252	1.64242	1.51168	1.5934	1.81658	1.28476	1.29698	0.252003	0.534548	0.503996	0.534548	0.398423	0.356371	0.796852	1.00791	0.959505	0.890898	1.28476	1.5934	1.46908	1.069	0.712715	1.08373	0.90852	0.563473	0.252003	0.908495	1.03892	1.39147	1.43634	1.14085	0.959505	1.08373	0.642418	0.890868	1.12684	1.81653	1.52205	0.252003	1.24712	1.43631	2.322	4.69364	1.91838	2.01506	1.99134	2.34237	1.78131	0.64246	0.252003	0.563473	1.9593	3.24818	3.16942	5.95232	6.74197	3.07301	3.10894	2.13726	1.12679	2.51831	1.46903	0.178187	0.56345	1.61312	1.68059	1.6423	1.99146	3.20904	4.18664	4.09522	1.43634	1.99134	2.9629	3.40016	2.15198	1.99134	0	1.00791	2.87076	4.78661	4.45988	3.91805	2.32209	3.74087	5.05497	3.04194	1.14077	1.24712	2.76412	2.62914	2.03087	1.83399	1.92673	1.92673	1.68059	1.78131	1.59331	0.64246	1.83399	3.07309	3.45564	3.26765	3.02647	2.49939	3.74076	4.09534	9.26775	9.17304	5.25024	0.908495	2.96309	1.78137	1.78137	4.62283	6.54256	2.59273	0.73466	2.15198	2.08467	0.712715	0.890898	1.08376	2.07704	3.59885	3.10891	2.34242	4.16757	2.93613	3.66851	5.70809	5.08903	1.59331	1.99142	0.563473	1.99134	0.734635	5.40324	5.955	0.75597	4.06028	2.31518	3.02638	3.56362	2.42222	3.40016	6.12074	3.71553	1.91838	5.56335	6.62316	3.77443	1.25973	1.03892	1.35682	1.25979	1.24712	1.43631	3.42333	4.03299	3.42347	8.33259	9.18135	9.12109	8.07491	6.59985	5.28307	3.55929	2.20301	1.25979	0.908495	2.91987	3.37689	1.91847	3.04194	1.78131	4.27227	8.68049	9.7316	8.53565	4.852	1.39147	2.14465	4.14863	6.99367	10.4206	8.31781	6.03099	5.03026	3.04723	2.69446	5.66417	7.27528	6.68664	8.79135	7.73587	5.345	6.00751	5.5608	4.61274	3.26765	2.34237	1.25976	5.33314	7.76819	8.99906	9.07356	7.30682	7.53269	5.56048	4.98003	8.31808	10.5541	9.29254	6.54288	6.04653	4.13745	1.53241
4.88052	5.22867	4.66654	4.50167	2.20274	2.14447	3.75316	4.26818	2.87053	0.796769	0.398387	0.534497	0.734585	1.60312	2.20279	2.62887	2.5307	1.39132	0.796735	1.52196	1.68042	2.38897	3.35779	2.87049	2.25258	2.07695	1.89334	1.53236	1.08365	1.14067	0.17817	1.42507	1.14073	1.39125	1.85948	1.61299	1.25964	2.32173	1.68981	1.68042	1.51152	1.59323	1.8164	1.28462	0.734585	0.251976	0.398404	0.503943	0.398404	0.17817	0.356337	0.796769	1.00781	0.890804	0.959406	1.46893	1.59323	1.28462	0.796769	0.712646	0.890782	0.908429	0.563416	0.251976	0.563416	1.03882	1.43619	1.39132	1.19506	0.890804	0.890782	0.17817	0.642392	1.12672	1.81636	2.23129	1.03877	1.08365	1.2969	2.72341	4.45939	0.796769	2.01489	0.890782	2.14445	2.16649	0.890782	0.251976	0.908411	1.39132	2.71768	3.14907	5.51474	4.05992	1.83379	2.91976	1.59323	1.12669	2.51807	2.87045	0.398387	0.563398	1.03882	1.64225	1.14067	2.67062	3.59857	4.47712	3.27213	2.5493	1.7542	2.71755	2.1444	2.15179	1.7542	1.00776	1.42507	2.49282	4.15212	4.27186	4.5016	2.32185	4.47706	4.45945	1.28462	1.39125	1.64218	3.20867	2.5307	2.15188	1.83379	1.89334	1.89334	1.64225	2.16649	2.56783	1.52191	1.83379	2.8149	3.32481	3.20874	3.32481	3.99732	2.81481	6.62254	10.7464	8.73288	5.95455	6.29381	2.89801	2.49282	2.16653	5.78106	5.72665	2.28055	2.23129	1.25964	2.78655	0.712646	1.08365	0.890804	0.503943	2.69424	3.24785	1.89334	2.42188	1.59323	4.6258	5.86982	2.87058	1.59316	1.68042	1.35663	2.71755	2.17375	7.79298	4.3013	3.11357	4.78612	2.49915	2.54936	3.39997	3.20865	0.17817	4.27186	4.62238	1.91821	3.1086	7.02423	6.43126	2.76945	1.25966	1.35668	1.61297	1.08365	1.2969	3.9055	6.03004	2.94671	6.6789	8.34493	9.22051	8.55654	6.82209	5.56022	4.32687	3.0469	1.61297	0.563416	1.68034	2.51807	1.78118	2.5924	2.16649	2.91976	6.75317	9.57235	9.71176	7.68897	1.95911	3.20861	2.2525	3.71504	8.4985	7.98344	6.03035	4.9415	2.76384	3.10853	6.34104	7.23168	6.21168	7.34229	8.17081	6.05868	6.12036	5.42319	4.40273	3.16908	1.43619	1.25964	8.44751	9.55796	9.86159	11.728	9.63418	9.49989	7.95605	6.74156	9.16211	9.99069	8.28368	6.5422	6.20915	4.33055	3.53201
3.3995	3.57616	3.35765	4.97575	5.15252	4.53262	3.66777	2.69394	1.43601	1.3912	1.75411	1.52182	1.24688	2.14418	1.68959	0.178153	1.28451	1.12662	0.890665	1.6421	3.34349	4.12513	3.49576	1.89304	1.0688	1.19495	1.3912	1.43606	0.908344	0.90832	1.19495	1.12657	0.503863	2.01467	1.89304	0.90832	1.35649	2.42162	1.43603	1.03872	0.890726	1.64207	2.03045	1.53222	0.890696	0.890696	1.25958	1.14063	0.796698	0.503863	0.534445	0.398346	0.356302	0.398368	0.398346	0.890665	0.563364	0.890726	1.00772	0.796698	0.356302	0.356302	0.796698	0.890726	0.563364	0.178153	0.796698	0.796698	0.356302	1.59309	2.23119	2.42179	2.47352	2.17367	2.16632	2.08427	1.03866	1.08355	0.642335	2.64647	3.55837	1.46879	1.81618	0.796653	1.81623	2.89769	3.20845	3.39974	2.53048	1.53222	1.3912	1.3912	3.66758	2.25227	1.99099	0.563364	1.29673	2.16632	3.39965	4.12506	2.47352	2.56773	1.08355	2.89769	4.74294	4.05581	2.87026	1.92624	1.53222	3.42274	1.25954	2.76916	1.53212	1.92624	1.52175	1.52175	1.593	1.43603	3.38099	4.3009	5.51715	4.3411	4.09057	1.99096	2.34191	2.72321	3.54508	3.06205	0.534445	1.24688	1.08355	0.642335	0.642335	0.890726	2.16627	3.32439	2.67627	2.08436	2.08436	1.96701	1.19495	1.91801	4.83463	3.10821	7.7603	9.59662	3.45487	6.82339	9.39857	3.80717	5.96723	6.75265	6.58421	4.0944	2.08436	3.55849	2.3955	2.47978	1.08352	1.46879	1.00772	0.796698	3.10831	3.32451	2.42179	2.76359	2.14432	3.11325	3.20828	3.37638	4.63556	3.28151	3.55849	3.66765	2.32149	7.07639	5.57664	7.54188	6.07616	2.7116	1.99107	3.15376	4.50115	2.78627	1.92624	4.40204	3.94925	2.25237	6.42586	9.12571	5.6434	2.08427	0.503899	1.78985	1.92636	1.99107	4.39134	6.97676	3.59823	4.65251	4.91546	4.27147	2.64647	3.34349	5.34401	6.21346	4.82825	2.6763	1.53222	0.908344	0.90832	1.25958	1.35649	1.61281	2.42179	3.10831	4.44475	6.98346	9.50545	4.01269	3.03091	0.90832	1.64207	6.88467	6.74068	3.90127	4.61185	4.18583	3.11325	4.18583	6.89643	8.00999	9.21121	9.79833	6.30073	4.35899	1.99099	0.534445	1.68959	3.20834	4.85107	10.0925	6.98346	7.63955	11.7178	9.02581	9.86804	10.2555	7.95144	6.30073	5.40232	5.88006	7.66438	9.26784	9.08568	7.4007
2.53021	5.61525	6.5979	6.7288	5.98747	4.49734	2.96221	1.75392	1.2594	0.178136	1.46861	1.81605	2.34173	3.59782	3.24723	3.02557	2.54889	1.89297	2.28011	4.32971	5.80444	4.87974	2.3214	0.503819	0.908253	0.796615	0.796615	0.642268	0.39831	0.908253	0.796615	0.563307	1.35642	2.03019	1.00756	1.03861	0.563307	1.43587	1.68949	1.19483	0.796615	1.64187	1.24676	0.563307	1.39098	1.25938	0.178136	0.398327	0.712508	1.08342	1.00761	1.28437	1.29665	0.642268	0.503819	0.642237	0.178136	0.712508	1.03861	1.25944	1.25944	1.25944	1.25944	1.28437	0.890632	0.398327	0.251914	1.43587	2.34173	2.47965	2.38861	2.28011	2.38861	2.42153	2.54889	1.59292	0.908235	3.45462	4.40188	5.43363	5.15202	2.28011	1.46865	1.81601	0.503846	0.908253	1.76295	1.83344	1.43589	1.85917	3.73986	4.77557	4.22664	1.83344	1.43589	1.9179	1.99086	1.53206	2.54881	3.37593	1.68949	1.43591	3.97681	6.03422	5.34346	4.14765	2.78046	1.03857	3.39931	3.15344	1.35637	3.42237	1.9668	2.16607	1.91783	0.890632	2.87002	2.71716	0	3.26668	5.96658	6.49548	4.91504	2.15146	4.09392	1.81605	4.77532	3.66297	1.25942	1.64184	2.49233	2.64637	2.03024	1.14045	1.6419	3.38532	3.24723	2.87002	2.56746	2.47965	2.87002	4.2748	6.75869	4.87967	8.24633	10.1875	3.83963	6.63996	9.46099	4.27106	5.68456	6.64028	5.48251	3.18339	2.08415	2.87551	3.34314	1.03861	1.46865	1.14051	0.178136	2.17333	2.98336	1.81605	1.14051	1.83336	1.9668	3.84797	5.57324	5.02877	4.15139	3.14846	4.78537	5.8554	3.50908	2.16607	4.83445	5.75019	2.98345	1.28437	1.39105	2.08415	4.8537	4.06303	3.56257	6.82058	5.51661	2.71132	4.8342	8.76249	6.25029	3.04108	1.19483	1.24676	0.796581	1.46861	4.05914	5.93215	1.78074	3.06178	2.96206	2.81425	2.54887	2.31455	0.39831	4.45859	6.47373	5.95081	3.83152	2.17344	1.35642	0.642268	1.14051	2.67018	3.9491	3.28116	0.642237	5.17337	11.3192	10.999	3.20809	2.54889	4.15146	8.57629	10.0296	5.81517	4.13623	4.48687	5.4366	6.0292	6.8413	7.53098	10.9274	14.4305	14.4094	13.7519	13.3976	12.9992	12.6522	14.2762	15.7843	12.1684	2.0146	9.70974	10.0734	6.10617	7.78356	10.3416	9.54487	8.45345	9.16044	11.7173	15.5268	17.7006	15.9502	9.39814
3.73523	3.28088	3.35701	3.22252	2.54859	1.03847	0.251906	0.251892	0.398275	1.78063	3.20777	3.20781	3.04092	3.22248	3.24689	3.03053	3.90053	3.0253	2.23077	3.97646	3.20283	1.59278	1.59271	0.398275	0.755638	0.534346	0.642212	0.755678	0.890531	0.796511	1.19467	1.61252	1.3563	1.61252	0.398275	0.503801	1.00747	0.712446	0.959102	0.890509	0.17812	1.35625	1.08335	1.12641	1.12637	0.890531	1.19472	0.796545	0.356237	0.642212	1.43579	1.43579	1.52153	1.42467	1.14035	0.56324	0.398292	0.959102	0.755638	0.563257	1.03852	1.53192	2.03009	2.14391	1.64176	0.56324	1.25929	2.69345	2.14386	0.908173	0.64218	0.398275	0.64218	0.796511	1.08333	0.734379	2.78008	4.49681	3.97658	5.55013	6.23981	1.81585	0.796511	1.46852	2.07636	1.75377	1.39093	1.85901	1.64176	2.89705	3.80215	3.45437	3.53121	2.94588	2.32119	2.47943	2.62813	3.30963	4.39072	5.17894	3.94875	3.90055	4.81107	5.01561	1.64172	0.712446	0.712446	3.39891	3.81866	0.796545	3.06151	3.66265	1.81585	2.08389	2.89705	2.51737	3.35701	4.16243	3.75207	1.53185	1.52153	2.4213	2.37509	2.9831	5.68378	0.755678	6.35869	3.37564	0.734379	3.60183	4.50034	3.28088	3.38036	2.94576	0.17812	2.23067	1.85895	1.24665	0.642212	1.46848	2.49845	4.44761	6.2996	2.64611	8.534	9.7418	4.40126	5.76038	10.1866	4.69188	1.89271	1.00747	0.890509	0.251906	1.25927	0.17812	1.46848	3.01993	1.99069	2.64611	1.60267	2.17314	3.04081	1.64176	1.25933	3.45425	4.97798	4.58704	4.39072	2.20217	1.14035	0.890509	1.75377	3.94868	4.4582	2.32113	1.68928	2.32113	2.17325	1.28426	0.712446	1.43574	4.48626	2.71679	5.29863	7.81466	4.05504	2.07627	7.95389	10.6414	6.59948	2.85314	0.734379	1.59271	2.49845	3.39901	4.65159	6.17185	3.80223	4.66519	5.64251	6.45611	4.94943	5.32834	5.41007	1.75377	2.7227	5.17888	3.83929	1.52153	1.91774	1.92599	1.75377	2.14386	1.68934	1.52148	2.07627	2.25194	6.02599	11.4134	9.00896	3.8842	2.78022	6.24986	9.53127	9.38099	8.43638	7.89374	6.4273	2.93511	1.2842	1.59271	2.93511	8.49632	11.1371	11.3979	12.2189	12.6594	11.8474	13.0116	12.3221	8.36472	8.51593	9.32172	6.98442	4.53161	5.8999	7.44088	6.45611	4.98747	4.65174	7.13441	9.93123	9.76568	8.55417	11.1894
3.01961	0.503722	0.503722	1.51085	1.51085	0.503722	0	0.503722	0	2.01411	2.51705	1.51085	1.00737	2.01411	3.01961	0.503722	1.51085	1.51085	0.503722	3.5217	2.01411	1.00737	2.01411	0.503722	1.00737	0.503722	0	0	0.503722	0.503722	1.51085	1.51085	0.503722	1.00737	1.00737	0	1.51085	0.503722	1.00737	1.00737	0	1.00737	0.503722	0.503722	0.503722	0	0.503722	0.503722	0	0.503722	0.503722	0.503722	0.503722	1.51085	1.51085	0.503722	0	1.00737	1.00737	0.503722	0.503722	0.503722	0.503722	0	1.51085	1.00737	1.51085	2.51705	1.00737	0	0.503722	0.503722	0.503722	1.00737	1.00737	0.503722	3.5217	5.02443	2.01411	3.5217	6.52026	2.51705	1.00737	0	0.503722	1.00737	0	1.00737	0.503722	4.02325	4.02325	1.00737	0	1.51085	0.503722	1.00737	1.00737	1.00737	1.51085	3.5217	0.503722	0	3.01961	4.02325	1.00737	0.503722	0.503722	4.02325	4.02325	1.00737	3.5217	3.5217	1.51085	2.01411	3.5217	3.01961	1.51085	2.01411	4.02325	2.51705	0	1.00737	1.51085	3.01961	6.02254	0.503722	6.52026	2.51705	0	4.52419	4.52419	0.503722	3.01961	3.5217	0.503722	2.01411	1.51085	1.00737	0	1.51085	2.51705	4.02325	5.02443	0	8.99265	9.4834	5.02443	5.02443	10.4606	5.02443	2.01411	1.00737	1.00737	0	1.51085	0.503722	1.00737	4.02325	1.51085	1.51085	2.01411	1.51085	2.51705	1.00737	0	3.5217	4.52419	1.00737	2.51705	2.51705	0.503722	1.51085	0.503722	2.01411	4.02325	2.51705	1.51085	1.00737	0.503722	1.00737	0.503722	1.51085	4.02325	1.51085	5.5239	7.01699	1.00737	4.02325	8.99265	9.4834	4.02325	1.00737	1.00737	2.01411	2.51705	2.51705	3.5217	5.5239	2.51705	1.51085	3.01961	8.00721	7.01699	0	3.01961	3.01961	0	4.52419	4.02325	0.503722	0.503722	0.503722	0.503722	1.51085	0.503722	2.01411	2.51705	2.01411	1.00737	9.97274	11.9149	4.52419	0	3.5217	5.02443	4.02325	2.01411	0.503722	3.5217	3.5217	0.503722	2.01411	1.00737	2.51705	5.02443	3.01961	0.503722	1.00737	0.503722	6.52026	4.02325	8.50056	11.9149	8.00721	5.5239	4.52419	6.02254	6.52026	5.02443	3.01961	0.503722	4.52419	7.01699	4.52419	5.5239	13.8296
3.02465	1.03832	0.734237	1.28395	1.19444	1.03832	1.39066	1.67962	2.17283	3.57486	3.75138	2.98261	2.07596	2.16546	3.18236	1.12619	1.78917	2.37463	2.0297	3.10703	1.92552	0.907979	2.15077	0.907979	0.890336	0.503677	0	0	0.398198	0.534243	1.43544	1.39059	0.398198	0.907979	0.734219	0.356168	1.14013	0.563131	0.563131	1.29628	1.5108	1.46823	0.642087	0.642056	0.642056	0.251857	0.251844	0.534243	0.503704	0.796391	1.19449	1.03832	0.734237	1.14013	1.25905	1.53163	1.89244	1.91736	1.12619	0	0.890381	1.53163	2.0297	2.0297	1.43549	0.796357	1.19444	2.37458	1.99028	1.19449	0.907998	0.563149	0.251844	0.755492	0.907979	1.08314	3.3562	4.16523	2.42083	4.63377	5.71566	2.02959	0.642056	0.503704	1.06839	1.78029	1.78033	2.47257	2.81359	2.98253	2.93447	3.35636	3.06107	2.25151	1.28401	1.4244	1.43549	1.64144	1.24641	2.62751	1.92562	2.42085	3.91582	3.88345	1.25907	0.563149	0.534243	3.43523	4.45734	3.06107	2.76246	2.81346	1.96624	1.85859	3.28007	2.89649	1.43544	1.78024	3.55706	2.64551	0.907998	0.563131	1.6122	3.07127	6.22858	2.07596	5.64953	2.91823	0.534243	3.93584	5.15058	4.28101	4.15023	3.59681	1.59247	2.49796	2.32068	1.6122	0.534243	1.51072	3.20706	4.691	4.76742	1.28395	9.25563	8.53237	4.58593	5.02712	10.506	5.57142	2.85257	2.08356	1.35604	0.534243	1.51072	1.29628	2.6456	2.71045	1.4244	1.78029	2.25144	1.91736	3.71339	4.33943	4.28101	3.75138	3.60113	1.14013	1.9173	3.26561	1.96626	4.09297	4.91367	4.76762	4.08902	1.85859	1.12619	2.77968	3.66642	4.09297	4.30301	4.05818	4.63377	2.08356	5.57142	6.66155	3.04033	5.259	9.86445	9.23744	4.27348	2.02967	2.08356	2.84703	3.20713	3.38437	4.22533	5.95157	3.27046	0.755492	2.76246	8.16125	7.90163	1.19444	3.28019	5.17192	4.24036	2.98253	3.28012	2.78535	1.95818	1.00728	0.734237	1.64141	1.12619	2.08349	2.32063	1.76236	0.563131	8.38494	12.2125	9.21117	6.15064	2.98261	3.37498	5.35362	4.84923	2.78523	6.0686	7.14171	7.14185	8.59033	9.07721	7.33274	5.17794	2.37458	0.251844	0.907998	0.890381	4.691	5.57441	6.7843	9.68656	8.91835	8.31869	7.47087	8.20475	7.9466	6.58173	6.82115	7.57811	9.33502	8.01063	1.78915	7.00979	13.0086
2.02952	0.796275	1.03823	1.91719	2.23014	2.26535	2.14331	2.26535	3.60095	5.08579	4.38947	3.42125	2.89638	2.81331	3.42111	1.83276	2.07578	2.62739	2.52928	1.78012	1.19432	0.796319	1.39044	1.29616	1.5211	1.19438	1.00724	1.14009	1.00724	0.356133	1.14001	1.03817	0.64203	0.958864	0.64203	0.563097	1.51067	2.02952	1.25892	1.29616	2.14331	2.17264	1.92545	1.91719	1.91719	1.64132	1.51067	1.35591	0.734169	0.398179	1.19438	1.89228	1.64132	0.958864	0.356133	0.178068	0.356133	0.398157	0.178068	0.563073	0.356133	0.563097	1.19438	1.67947	1.39054	0.64203	0.641989	1.39044	1.12604	1.08303	1.12609	0.734145	0.734169	0.796319	0.356133	0.755412	2.14322	4.93553	7.66078	8.22677	5.67139	2.17264	0.958864	0.534191	0.890243	1.53139	0.755412	1.12609	2.39436	2.32054	0.356133	1.39054	2.02948	2.15066	2.52928	3.02445	3.3087	3.80536	3.41665	1.39054	0.563097	1.61207	2.98222	2.54781	0.356133	0.712239	1.19438	1.00717	2.93427	3.64886	2.66919	1.25892	1.29612	1.25892	2.64521	2.56635	1.59224	0.958818	2.89625	3.24601	2.8689	1.19432	1.35591	2.72192	5.77776	3.73415	3.80511	3.6486	1.12604	2.34085	4.45705	5.15026	4.38951	2.98234	1.83276	2.591	3.49422	3.66607	3.34191	2.64536	4.10392	4.6094	3.01903	4.05375	8.93793	6.1573	3.59645	6.64459	11.0384	6.67497	4.35706	4.14612	3.80536	2.93427	2.32045	2.66901	1.68878	0.534191	0.563073	0.563073	1.99005	1.12609	0.356133	1.39054	1.83276	0.958864	1.81532	2.34085	0.755465	3.45317	3.89919	1.68886	2.51674	2.62739	1.4681	0.64203	2.2513	3.02445	4.05396	5.79426	7.14123	6.89319	4.84887	2.42064	5.02359	6.96705	6.66358	5.22571	7.79441	7.75663	4.38923	1.67936	1.64132	3.15226	4.16125	5.17754	6.57882	8.3179	6.91999	2.8689	0.907913	7.67847	9.59215	4.19492	4.29896	6.63785	7.38057	5.79426	3.1473	0.958864	1.75318	2.02941	0.796275	2.27927	3.89946	4.53054	2.56651	0.64203	1.83276	3.37464	9.18187	10.1707	8.8608	6.06821	1.67936	3.97546	6.47132	7.5627	9.87882	8.8484	8.14389	9.99898	12.0494	12.5439	11.0731	9.24039	8.13822	7.28115	6.6449	7.82267	9.68618	6.39635	3.10674	8.8711	10.8527	11.8554	14.5289	16.8572	18.4934	20.3836	19.1715	12.1568	4.03058	3.0606	6.0421	11.1484
0.890164	2.15035	1.9899	2.07556	1.91699	1.28377	0.796237	0.734095	2.87405	3.37433	1.43521	0.890187	0.890209	1.61191	2.47838	0.907822	0.734095	0.71217	0.71217	0.178051	0.755385	1.25885	0.641963	0.734095	1.35577	1.13997	1.00714	1.19426	1.19426	1.296	1.03807	0.734077	0.503606	0.53414	0.563022	0.907822	1.9899	1.77999	2.70993	2.01354	0.734095	0.958766	1.28377	1.75309	1.98992	1.92525	1.53133	1.43519	1.13991	0.398138	1.51043	1.08293	1.25882	0.755385	1.03812	1.39039	1.64115	1.67929	1.13997	0.251808	0.641963	1.12597	1.24617	0.398138	0.356099	0.53414	0.907804	1.98986	1.19426	0.251808	0.563022	1.64106	1.08291	0.755385	0.755385	1.08293	2.31346	4.78313	5.72302	4.93502	3.27961	2.34062	1.2588	1.13991	0.958766	1.96588	2.02928	2.14302	1.43517	0.958766	2.16508	1.92525	1.35577	1.76202	1.61191	1.98992	2.14308	2.39411	2.71003	2.69245	1.78883	1.60205	2.81294	2.47838	0.755385	1.61189	1.68868	1.52094	0.53414	0.641963	1.28377	1.28377	0.734095	0.890164	2.14297	2.1723	2.14297	0.641963	1.98986	1.96588	3.15186	2.96066	0.356099	1.12593	4.19455	3.94703	2.66878	4.02995	1.13991	0.178051	0.56304	0.890209	0.890209	0.56304	0.563022	0.734095	1.81519	2.54768	3.15195	2.42038	3.03964	3.27944	2.13563	4.61922	7.30129	4.41384	1.78883	7.30134	10.2408	5.22207	3.07068	2.69245	2.71003	3.39767	2.72159	3.60046	2.49748	0.890187	1.2588	1.53133	2.31346	2.86866	3.06048	2.91781	2.52901	2.0293	1.83257	2.32025	1.96588	2.0292	4.22449	2.93397	2.42038	2.15044	1.64115	1.81519	1.42412	0.890164	1.92515	2.86858	2.9608	3.11164	2.14304	1.12593	2.31341	4.12278	4.35662	1.64112	4.87727	8.78477	6.72542	3.20647	1.03807	0.907822	1.85829	2.71003	4.32399	6.7716	7.47139	5.05421	1.52089	6.40509	10.3543	6.77146	3.43457	2.0293	3.26995	4.54048	5.08843	3.9352	0.907822	2.02923	2.66878	2.14302	3.20657	3.57864	3.02928	3.20644	2.25107	1.43523	4.02995	4.38884	4.18334	6.00273	5.24601	1.19421	3.20647	9.26215	13.4051	8.50183	2.54758	2.9339	3.43469	5.39933	7.14048	8.00926	8.1752	8.06688	7.52745	6.17732	5.32038	5.92155	3.66553	3.39767	5.15262	5.79362	8.93754	12.1604	13.734	14.5686	13.7007	11.1041	5.27878	2.89597	3.56088	11.6266
3.18159	3.22097	1.98971	1.29591	1.46776	0.712101	0.890131	1.85812	3.80031	3.07037	0.534088	1.59202	2.7789	2.86835	2.59041	1.12587	0.958679	0.734027	0.356064	0.39808	0.534088	0.503562	0.534088	0.755266	0.534088	0.398102	0.251786	0.755319	1.68853	1.61176	0.734003	0.503527	0	0.398102	0.958679	0.712101	1.19408	0.734027	2.27867	2.54735	1.68853	1.35565	1.25874	1.03803	0.562988	0.39808	0.356064	1.42398	2.14283	1.35565	1.98963	1.46776	1.42398	0.734003	0.755319	1.13987	0.890131	0.251786	0.641906	1.28365	1.77983	1.77983	1.29591	0.734027	0.503562	0.734027	1.0828	1.77971	0.178034	0.562988	0.907738	1.53109	0.958632	0.398102	0.251786	0.251786	1.98963	2.27867	1.77977	1.59202	1.12587	1.19408	2.15025	3.50711	3.66539	2.52879	1.35565	1.39017	1.81497	1.81502	1.12587	0.890101	1.35565	2.54735	0.958632	0.907713	1.03803	1.39027	1.29591	1.53109	1.35558	1.24604	2.59041	2.9336	1.08282	0.907713	1.75293	2.08297	2.02909	1.98974	2.14289	2.15025	1.29591	1.08282	2.42014	3.76713	4.52961	3.34126	1.59202	0.39808	2.66859	4.78267	5.18567	4.41369	3.2062	2.78441	2.49724	3.01844	1.52081	2.32009	3.45273	4.27981	4.64954	4.77289	4.21309	2.54745	1.13987	0.398102	1.0828	1.5312	2.49724	2.59041	1.06808	3.66085	6.26667	4.87679	2.62688	7.37871	9.04364	3.6479	2.15013	2.31319	1.75293	2.78441	1.89178	2.81265	2.76165	1.85805	1.68846	0.890101	0.890101	1.08282	0.796165	0.178034	0.562988	1.35565	2.26491	3.34126	3.9747	3.69963	3.73766	2.20112	0.796165	1.00705	2.71563	3.57832	3.99447	5.17658	6.28935	5.50506	3.52953	2.72139	3.02898	2.47824	2.15025	2.67449	3.15154	4.02952	1.9657	8.67289	7.43726	3.556	1.67904	0.251768	0.534088	0.734027	1.95762	5.08467	7.64073	7.1047	4.95356	4.71968	8.67289	8.23421	5.70314	1.98966	1.75293	3.0291	3.73775	4.91219	4.67302	1.12587	3.22097	4.67302	3.94672	1.75284	2.86823	4.44186	3.43438	4.45619	5.98409	6.20681	4.94702	6.53685	5.87582	2.49724	2.54742	8.71541	15.2371	10.6533	4.12239	4.49826	4.67302	3.24539	1.61176	0.534088	0.712101	2.14274	4.0917	4.54008	3.02386	4.02952	5.54747	7.28609	8.01427	7.79345	7.51032	6.14639	4.64954	4.54008	8.63031	12.5597	7.12007	8.02013	9.00348	14.5856
3.18126	2.70951	1.67897	1.43493	1.91655	0.712032	1.08272	2.31297	4.00965	2.3198	2.17188	2.93333	2.77861	3.97416	3.03905	1.12575	0.890037	0.641839	0.35603	0.178017	0.398061	0.503509	0.398061	0.251746	0.398061	0.534036	0.251759	1.25856	1.9655	1.2586	0.398061	0.503483	0	0.733935	0.890037	0.712032	0.534036	0.641839	0.796049	1.95743	1.9655	1.35551	1.2586	1.03792	0.562931	0.178017	0.35603	1.00694	1.98951	1.96548	1.75269	1.91655	1.42384	1.92478	1.25856	1.19403	0.95858	1.03787	0.890015	1.28352	1.77965	1.77965	1.13975	0.641839	0.503509	0.641839	0.890015	1.28345	0.398044	0.562931	0.907647	0.562913	0.733935	0.534036	0.251759	1.03787	1.75269	0.796049	1.46766	1.59186	1.12575	0.733935	2.15002	3.41564	3.81662	2.81248	1.35551	0.178017	1.12575	1.81484	1.12575	1.0827	1.96548	1.95743	0.534036	1.35546	1.25858	1.43495	1.13975	0.562913	0.907628	1.08272	2.16462	2.93333	2.08269	0.907628	1.64083	1.98954	2.02889	2.08276	2.17199	2.37371	2.20084	0.890037	2.22947	3.50674	4.52916	3.9464	2.13522	0.889992	1.92487	4.1487	5.22127	4.48389	2.31301	0.890037	1.75275	1.00689	1.39012	2.72112	3.88206	4.33776	4.66254	4.77239	4.87642	3.56019	1.29578	0.733935	0.733953	1.68836	2.31297	2.16462	0.796083	2.7094	5.11184	4.87633	2.81248	6.66132	8.06494	2.89537	1.25856	1.85793	1.64083	2.08269	0.641808	1.96548	3.43391	2.08269	1.6883	1.0827	1.0827	1.24592	0.796083	0.641808	0.907628	1.96548	2.47799	3.16636	3.84541	3.64777	3.15134	1.92487	1.91655	2.25057	3.24506	3.66498	4.22383	5.72733	6.28871	5.07821	3.73737	3.38306	2.67425	2.47799	2.37371	2.67423	3.59977	6.02488	1.53104	9.63551	8.17322	3.55568	1.92478	0.7552	0.398061	0.641839	1.39012	3.9103	6.81607	6.91796	5.52713	2.15002	4.85047	7.60146	7.13014	5.02519	3.32186	3.02878	3.59992	4.55341	5.68888	4.63189	2.70951	4.98459	5.89656	2.96009	1.46763	3.39701	3.80003	5.05026	5.72733	7.53603	7.76842	8.51106	6.11491	2.31297	2.14267	6.61689	15.457	12.2322	4.12198	4.10288	4.98459	4.49774	2.37366	1.19398	0.712032	4.39872	6.947	4.41322	3.20595	0.251759	4.48389	7.56084	8.11296	7.85585	7.57522	6.35532	4.84743	4.41322	5.98337	6.98041	5.72192	8.38025	9.00255	15.9815
0.398009	0.796013	1.13965	1.78832	2.33993	1.03783	1.29563	1.91639	3.22033	3.77898	4.73889	3.2007	0.641751	4.36968	2.87324	0.398026	0.178001	0.562881	1.13965	1.39	1.13965	0.796013	0.355999	0.178001	0.562881	1.13965	1.9247	2.72088	2.54694	1.98936	1.6016	0.71197	0.796013	1.59165	0.71197	1.46754	1.51008	1.2834	0.733888	1.03778	1.35534	0.958496	1.00685	1.19392	1.43483	1.51008	1.59172	1.52052	0.733888	1.4675	1.24581	1.35534	1.08262	1.7794	1.78832	1.67882	1.2834	0.795979	1.19392	2.02873	2.31964	1.89154	1.00685	0.503438	0.796013	1.00685	0.958496	0.907549	0.398009	0.398009	0.641751	0.533989	0.733888	0.355999	0.178001	1.89145	2.25037	1.2834	0.796013	1.24581	1.78832	1.42372	0.795979	1.77949	2.76122	2.3196	1.25847	0.562881	0.251724	0.755133	0.907549	0.398009	1.7883	1.98934	0.958496	1.03778	1.25847	1.43483	1.2834	0.71197	0.958461	1.08262	1.81464	2.38671	2.01298	1.43479	1.35539	1.24581	1.19387	1.03778	0.755133	1.29563	2.51569	2.38681	2.76122	2.08257	3.18085	2.95983	2.31958	2.94392	3.81629	4.23836	3.8039	2.62638	1.68816	1.25845	1.13965	1.00685	0.796013	1.38993	2.33993	2.4714	3.14609	3.64745	3.73697	2.78391	0.889914	0.958461	1.12562	1.28334	1.92461	1.85771	1.00685	2.66803	5.02475	4.32631	0.733888	7.02416	7.98929	3.37811	2.1718	1.64069	1.19392	1.77944	1.06789	2.0825	3.76629	1.9893	1.19387	0.795979	0.958461	0.755133	0.398009	0.73387	1.25847	2.31958	2.3196	1.43483	0.503465	0.503438	0.796013	2.22928	3.73697	3.55988	3.04401	2.14243	1.9893	3.30726	2.66803	0.641783	2.64424	3.97377	3.04405	2.02873	0.562864	2.22918	4.27876	5.77552	3.66037	11.0125	9.16332	5.33644	3.66466	1.89154	1.13959	1.83206	1.96533	1.53083	4.68876	5.12055	4.54936	2.58994	4.05626	8.00688	10.0964	10.5818	7.00652	1.29563	0.398009	1.29563	4.39482	7.10341	6.1146	3.37349	5.90658	4.72878	2.39344	3.54219	3.45202	2.98111	2.25037	6.283	9.54898	12.2703	11.3375	9.02215	7.26769	5.89623	12.079	11.2372	5.68022	4.84701	5.91998	6.55964	4.876	3.9341	3.5996	7.88043	9.51209	3.88172	4.021	1.12562	2.51569	4.76517	4.54936	3.02322	3.41994	4.47289	3.77056	3.5996	7.62733	8.78257	7.76016	8.46903	7.75618	11.3966
1.78813	2.26423	1.89135	1.08251	1.08249	1.64052	0.795929	1.53074	4.0286	5.43194	4.19315	1.29553	2.81185	4.05955	1.98907	0.355961	0.355961	1.03767	1.81449	2.17157	1.68803	1.08251	0.958395	1.03772	1.12554	0.755093	0.397967	1.43461	1.43461	0.503385	1.89125	0.397984	1.03772	2.02844	1.08249	0.733811	0.641715	0.733793	1.13947	1.1255	0.503385	0.889865	1.38985	1.53074	1.35525	0.795929	0.733811	1.08251	0.907471	0	0.177982	0.755093	1.00675	0.251697	1.28327	1.64052	1.28327	0.733811	0.503385	0.733811	1.38985	1.7793	1.83186	2.08235	2.07476	1.7793	1.35525	1.12554	0.958395	0.711895	1.00669	1.46735	1.59155	1.64052	1.89135	3.37776	2.84538	1.43465	0.562822	1.43461	1.68798	0.958395	0.641684	1.60143	1.81449	0.562822	0.562822	0.562822	0.562804	0.562804	0.251697	0.355961	0.503385	1.28321	0.397967	0.641684	0.733793	0.562822	0.958395	2.31935	3.45166	4.21185	3.99328	2.31256	1.2955	0.95836	0.711895	1.03767	0.889843	1.9245	2.95966	2.77807	1.1938	1.59148	1.61127	1.68798	4.02057	2.81183	0.397984	2.17157	3.77023	4.79771	4.66165	3.8035	2.41945	1.13953	0.795929	0.641715	0.795929	1.76143	3.30708	4.1479	4.27854	4.27854	3.16575	0.907471	0.907471	1.25834	1.46735	1.77921	2.14214	1.5203	1.59155	5.22309	6.32686	1.85752	3.57279	8.49507	7.13743	2.3732	1.35525	1.53074	1.13953	1.25832	2.02842	3.35426	3.02283	0.88982	0.733811	1.28327	1.35525	0.795929	0.641715	1.00675	1.53074	2.47751	3.41958	3.43337	2.14219	1.08249	3.57279	6.12418	7.36856	6.89882	5.87443	4.30052	1.83186	2.2502	5.39723	7.0304	8.88591	8.60323	5.8558	3.62534	1.59148	2.31929	5.39698	4.14768	4.29301	9.49652	7.61618	4.95198	3.65999	3.65999	3.91358	2.54668	2.14219	1.59148	4.27096	4.7778	5.39698	5.00234	3.50607	5.72073	7.77118	12.269	12.2727	7.17021	4.44077	2.89496	0.562804	4.55253	7.75334	7.31794	4.12119	5.27076	2.89486	5.40884	6.55913	4.52836	3.37314	5.22022	8.94953	12.8692	12.6696	9.93151	9.25905	7.26054	5.17481	8.48069	9.77703	9.69568	9.70031	9.23574	7.05677	6.50669	8.06381	11.6907	7.50796	5.92708	5.12001	2.16421	3.55518	7.23241	6.78264	4.66145	5.12026	7.8563	9.63415	10.7356	12.8185	11.3258	9.1091	8.23963	6.63461	2.81185
2.7203	1.53061	1.25821	0.907373	2.14942	2.64386	2.33947	2.14933	2.37305	1.64037	1.64029	2.87269	3.10496	2.64373	1.59134	0.177967	0.397949	1.77906	2.17127	0.907392	1.67842	0.641627	0.641659	0.889787	0.562773	0.958276	1.91609	2.87279	3.06928	1.89118	1.81429	1.08241	1.8317	1.68788	0.177967	0.733747	0.958311	1.08241	1.68783	1.25821	0.562773	0.754987	0.533886	0.533886	1.13937	1.06768	0.889787	0.562773	0.397932	0.795859	0.795859	0.35593	0.177967	0.562755	0.397932	0	0.503341	0.533886	1.19369	1.64035	1.08241	0.177967	0.755027	1.89118	2.77783	2.8673	2.41921	1.68788	1.25823	1.19364	1.38966	1.92424	1.43451	1.38973	2.25001	3.20008	1.12544	1.38966	0.562755	1.35508	1.98889	0.641627	1.19364	1.75219	1.08241	1.46725	1.50979	1.42344	0.35593	0.795826	0.503368	0.397932	1.29542	1.78798	0.755027	1.43449	1.78798	1.92433	2.31236	3.02786	3.73623	3.79896	2.91643	1.78798	1.08239	1.96493	1.8317	1.13943	0.795826	1.85741	2.91643	3.41468	2.98063	2.86722	1.95688	1.98892	4.6306	3.10496	1.43453	1.75219	1.13937	0.641659	1.08241	1.46725	1.98895	1.89118	1.89118	1.6785	1.59141	1.85741	1.92433	1.77915	1.13943	0.641659	0.958276	1.13937	0.641659	1.08239	1.77906	2.01259	1.59134	1.59141	2.93258	6.5749	4.14739	2.70864	5.35001	6.67815	4.27794	1.98892	1.43451	0.177967	0.754987	1.35508	2.31909	3.39599	2.38625	1.12544	1.00666	1.00666	0.889787	0.755027	0.755027	0.641659	0.503368	0.795859	1.50979	2.86722	3.5056	1.75219	5.40524	5.33537	5.04885	4.52793	3.80317	2.78349	3.69802	3.73623	5.5708	7.91826	9.04751	6.68541	3.88097	4.38677	2.52768	2.14195	5.40809	4.64751	4.49295	9.46351	8.06465	5.96072	2.14195	1.75226	3.76983	4.22265	2.89471	3.11002	4.68786	4.33633	5.65685	6.0232	0.907373	3.93322	2.33947	6.35326	9.78832	7.64006	5.05198	3.59891	3.38213	1.83162	2.02834	4.55213	3.74888	3.26344	6.31142	3.97305	3.66398	3.66393	2.84513	1.75226	2.37305	7.0515	8.79627	3.45123	2.33951	3.20499	0.641627	3.06928	4.8493	5.31787	7.01629	7.52769	4.18137	2.94335	5.87647	7.65817	1.98889	8.68745	2.70864	4.61704	2.07458	7.99547	8.30743	6.26681	3.93322	4.19278	6.51571	7.37634	7.60757	3.92529	3.50111	4.27794	2.58944	3.21971
2.01238	0.711763	1.28296	1.19352	1.64019	2.41902	3.55885	2.93222	0.795743	1.60113	3.24378	3.27761	2.4189	1.67824	1.12529	1.19359	1.53047	2.49605	1.91582	0.503288	1.59118	1.19359	1.19359	1.13932	1.53047	2.33929	2.49608	1.68773	1.85717	0.533835	0.889679	1.59127	2.4707	2.7662	2.52759	1.89101	1.28304	0.958224	1.19352	0.795743	0.355895	0.733654	1.13932	1.59127	1.42331	0.795743	0	0	0.177949	0.251667	0.177949	0	0	0.355895	0.889709	1.38961	1.43442	1.03754	0.641602	0.958178	0.889649	0.397891	0.641602	1.28304	1.64023	1.85724	1.60113	0.907282	0.64156	1.43437	1.96474	2.3189	2.41899	2.27775	2.515	2.86699	2.27775	1.81416	0.958224	1.25811	2.54611	1.64011	1.35494	1.89088	0.711763	1.08231	1.38961	1.60113	0.754961	1.35494	0.251649	1.38951	0.355895	1.52008	0.958224	1.67824	1.64015	1.12533	1.77887	3.37239	3.92487	3.37713	3.02766	4.45408	3.64643	2.20007	0.641602	0.754908	1.25805	1.24545	1.78781	0.754908	2.31209	3.94475	3.06892	3.33968	5.71959	4.67071	1.13932	1.53037	1.75201	0.503288	0.795788	1.19359	1.64019	1.28304	0.889709	1.03754	1.52008	1.46712	0.795788	0.711763	0.733654	0.251649	0.754908	1.25808	1.38961	1.64019	1.85717	1.77887	1.0065	0.177949	2.02803	6.15322	2.22852	5.14648	4.97309	4.87439	2.81129	1.13925	1.42331	1.89101	2.81144	3.32072	3.10477	3.06892	1.68766	0.251667	0.889709	1.13932	1.53047	1.89101	2.14188	2.52759	2.89445	2.77759	1.89101	2.67322	4.4716	5.50247	7.10137	4.80648	2.72003	1.35494	0.733679	1.9888	5.525	6.24391	4.00812	3.20459	2.86694	2.77759	2.24971	4.36838	3.37713	3.21944	5.10989	5.79005	3.73598	10.0528	12.6063	12.3431	8.161	2.93231	1.29525	1.25805	1.13925	4.68737	5.79005	5.12217	7.12744	7.18814	3.18009	4.84536	1.24545	3.55887	7.98723	9.52228	6.16596	1.83143	3.26794	3.26794	1.61099	1.83154	4.79672	4.38659	7.04859	4.19213	0.562697	2.22852	2.58918	1.42331	2.54611	8.94753	8.46624	1.38961	4.89718	6.03833	3.94492	4.71766	7.05118	6.9782	4.63024	5.39607	7.91756	8.88444	6.90658	1.75201	6.7447	7.20741	0.397891	4.54801	2.24971	8.69538	8.15504	5.90483	4.29584	2.58918	1.42331	1.77893	3.92487	4.14336	5.68679	6.94223	6.74491	7.39452
1.12522	1.7788	1.12522	0.397855	1.98857	4.8838	6.03009	5.23975	3.24353	3.50492	3.55851	2.67297	1.46693	0.88957	0.889615	1.38946	1.43427	1.29513	0.733605	0.754881	0.754881	1.7788	1.7788	1.92396	1.64005	1.81398	2.70822	3.45074	2.81118	1.64005	1.19346	0.889615	1.00646	1.25801	1.25801	1.38946	1.5095	1.53031	1.19346	0.562664	0.397872	0.641535	0.958126	1.12522	0.795705	0.355861	0	0	0.733587	1.68756	2.5148	2.41877	1.67817	0.958126	0.641503	0.533783	0.562664	0.795705	1.25801	1.51993	1.12522	0.641535	0.641503	0.733605	1.51993	2.41875	2.47045	2.17096	1.89081	1.43427	1.29513	1.03738	1.12522	1.29513	1.63997	0.907216	2.47045	2.91587	2.77729	3.14487	4.45356	3.9245	1.61083	1.92387	0.397855	0.533783	1.51993	1.75192	1.7788	2.49582	1.76084	2.56453	5.15843	6.7811	7.05046	4.64685	3.82716	5.31685	7.39377	7.94198	6.58331	5.15843	4.16187	4.13152	3.37219	1.46697	0.795672	1.43423	1.24533	0.795705	2.1636	2.31868	2.39239	6.57595	5.6862	5.1463	7.60826	8.99313	7.05046	3.9446	1.12522	1.13915	0.711695	1.13921	1.43425	1.12518	0.177932	1.0822	2.19985	2.17096	1.5911	1.08219	0.88957	0.397855	0.641535	1.38946	1.7788	1.43427	0.907198	1.19341	1.25798	1.13921	1.75185	6.27058	3.3392	6.02985	6.20064	4.79612	2.41865	1.03743	1.89081	2.41877	3.10446	3.45069	2.78296	1.78763	0.355861	1.46697	1.38946	1.28291	2.19985	3.57625	5.11883	6.48813	7.40847	7.54301	6.97747	7.29684	8.99835	9.39088	7.39377	4.22184	1.67817	0.795705	3.59821	5.26957	3.33934	4.27711	4.93152	3.4324	6.66784	7.60833	4.92218	2.1998	1.98851	2.58894	4.84818	4.77976	2.14159	5.90196	11.4557	13.9532	11.496	6.02998	2.5148	1.35487	1.63999	5.80837	6.57595	4.94424	6.09925	5.04459	2.37254	4.97265	1.25796	0.397855	3.24353	9.8561	9.59772	3.59372	3.57175	3.45062	2.54596	3.50509	5.90462	7.52248	6.74424	4.08937	1.19346	3.02199	3.90845	4.49223	6.57612	7.94562	3.76911	9.15008	8.61699	9.02697	4.80606	7.95738	10.5694	11.4323	10.04	5.55284	1.92387	4.29932	3.76911	6.74408	10.0624	4.68717	4.38595	5.68624	5.04778	8.81378	7.00382	6.05065	6.61387	5.39565	3.7356	3.50509	5.39575	8.79505	10.3128	10.5393	10.4658	10.7734
1.42303	1.2828	0.795634	0.503226	3.27691	4.94373	3.97199	3.65864	5.44116	6.02142	2.3184	1.25781	0.733513	0.711626	0.397836	0.251618	0.177915	1.00637	1.38934	1.25784	1.53007	0.733537	0.733537	0.907132	0.889477	0.733513	0.889507	2.19965	1.98841	1.46683	1.12507	1.08208	1.38934	1.50937	1.2828	0.711626	0.355827	0.733537	0.754815	0.754815	0.641478	0.355827	0.355827	0.711626	0.355827	0	0	0	1.28271	2.58868	2.47023	2.64309	1.98838	1.43411	1.42303	1.12512	0.958039	0.562589	0.889507	1.12512	0.889537	0.754815	1.25784	1.08208	1.28271	2.07386	1.46683	1.67803	2.02777	2.2634	1.92379	1.2828	1.19336	2.69035	2.84986	1.96438	2.14132	1.51979	1.92379	2.17077	3.73515	4.69993	1.77864	0.795589	0.641478	1.35468	1.25781	0.907107	1.25786	2.64297	4.01902	3.55819	5.59991	5.63339	6.44901	5.60832	4.88335	7.35944	7.7205	5.95929	3.81448	2.56431	1.29505	2.02763	2.22809	1.9883	1.63983	1.43409	1.24521	1.85688	3.73095	1.50937	5.23898	7.36547	5.17286	2.14881	3.59786	6.15233	6.70432	5.34854	2.69035	0.889477	1.28271	0	1.28271	1.91545	0.795634	1.6398	1.83108	0.958039	1.46679	1.6398	1.03727	0.177915	0.733537	0.641478	0.397836	0.2516	0.397836	0.889507	1.03734	1.03734	0.957992	6.14189	4.79562	5.17286	7.51519	5.71837	2.54562	0.958039	0.889537	0.562612	1.6398	2.01199	0.503191	0.397836	1.25786	1.25786	0.562612	0.177915	2.17063	3.14944	3.7478	4.43907	4.69011	4.87376	5.17314	5.52416	5.52416	4.26961	2.14146	0.795634	1.13903	2.81078	5.85079	7.26428	7.23001	4.10057	3.50456	3.55375	5.55512	5.38649	5.69935	2.51458	2.16343	3.0373	5.40649	2.95838	3.02176	3.4911	4.41045	11.0576	10.1213	5.24198	2.19965	1.2828	1.81376	5.81581	6.26993	3.69692	4.69993	5.89337	4.38574	4.18014	2.31165	2.70798	3.65864	11.2358	10.7086	3.31996	2.47648	2.71365	2.31159	2.69035	2.89383	3.41831	3.66292	2.64309	2.31159	5.71837	6.03712	5.60832	5.67744	1.53007	7.39093	7.77431	4.5266	9.69153	3.55363	8.82502	7.75606	5.01009	7.22363	9.53987	9.23233	5.59991	5.94596	11.0958	7.39074	3.87972	8.76401	5.32211	6.63892	9.04122	7.25763	5.98013	6.40037	5.19408	3.0684	2.31171	3.91211	5.91716	6.2229	6.38826	6.11915	5.71849
2.16318	1.5908	1.43397	1.03718	4.20967	4.52598	2.31824	3.14427	6.87506	6.35085	1.68718	0.754696	0.754735	1.434	1.28266	1.00627	1.28266	1.46669	0.733463	1.98812	2.41821	1.434	1.28266	0.795552	1.59073	1.13893	1.63971	2.64282	2.62486	1.67785	1.12497	1.19318	0.754735	0.562555	0.251578	0.889421	1.28266	1.5908	1.50921	1.19323	0.64138	0.795552	1.00627	0.957941	0.562555	0.177898	0.177898	0.562555	1.35456	2.41818	1.46669	1.77841	1.29488	0.64138	1.08199	1.35461	1.35461	1.61052	1.61052	1.35461	1.13899	1.00627	0.889421	0.754696	1.29488	2.49534	2.37213	1.60067	0.889398	0.251591	0.251578	0.397795	0.711557	2.66648	2.26304	1.68718	3.06804	2.54549	2.56404	2.46997	3.55782	4.22089	0.53368	2.41828	3.8017	3.89973	2.46997	0.957941	0.641411	4.14579	6.49625	5.3216	4.43856	1.19323	3.6624	1.98812	4.22089	6.40214	4.61876	3.81408	3.52681	3.02676	3.02147	3.4499	3.10376	4.26169	4.77904	3.76845	1.53001	1.03718	2.66655	4.56413	7.53106	6.44815	3.89553	0.957906	0.641411	2.49535	4.82143	6.70366	7.2549	3.99137	0.177898	2.62486	2.94221	1.08199	1.42289	2.33857	1.68718	0.733463	3.37616	4.52615	4.08868	3.26714	2.22789	2.58851	3.39486	3.10897	2.3183	1.67785	1.92359	2.3183	2.14859	6.44085	6.06218	2.87158	7.29517	7.85042	4.98128	2.91531	2.89359	3.01633	3.20382	3.06809	2.02756	1.75158	1.81363	1.51963	0.754735	0.397778	3.0214	4.22087	3.62355	2.86611	1.60067	1.43393	0.889398	1.43395	1.92359	2.54549	2.51427	1.2826	3.57106	4.79205	4.20967	2.37208	2.31819	3.41796	2.94221	4.84725	3.41786	3.76832	5.33618	2.22799	2.47634	3.76832	6.26196	0.177898	3.66257	6.73828	2.69013	9.34465	10.8574	5.8153	1.75152	0.907041	1.9235	5.64362	5.8926	2.56391	2.54547	4.49482	3.17914	1.12497	2.19943	1.68723	2.46986	8.74045	8.71944	5.66596	5.19366	4.36715	3.41781	3.24285	1.95612	0.64138	1.43397	1.29492	2.71341	6.06218	5.38579	4.26911	5.63557	6.41936	6.91339	2.64282	4.36715	10.2099	4.62882	8.76848	9.11279	4.05763	2.52684	5.19359	7.67736	6.24212	4.39229	9.72049	5.27426	7.04668	10.9638	0.889421	9.37087	9.8637	7.15813	5.2536	5.29206	4.05374	2.07368	1.12497	3.03703	4.73605	3.97152	4.33466	4.90826	5.21755
2.58821	1.59066	1.98797	3.02634	4.20931	2.52649	1.52988	3.53983	6.46449	4.35241	0.906961	0.251556	1.25761	1.38907	1.46656	1.00618	1.28255	1.77826	1.29477	2.71317	2.6425	1.38907	1.28255	0.795482	1.59059	2.39172	1.43387	2.41809	2.52662	1.85653	0.503129	0.533633	0.754669	0.906943	0.251556	0.641354	1.28255	1.59066	1.50908	1.60053	1.89018	0.795482	1.00618	0.889365	0.562506	0.397743	0.397743	0.906943	0.906943	1.19308	1.28255	1.46656	0.733399	0.177882	0.889365	1.35449	1.35449	1.61038	1.61038	1.35449	1.19313	1.00618	0.641354	0.251556	0.733399	1.75143	2.67224	2.6425	1.63951	0.251569	0.754629	0.533633	0.711495	2.9149	2.76499	0.906961	2.31805	2.46975	2.56381	2.54527	3.74707	3.59271	3.16381	4.00663	4.05743	3.76812	2.64259	1.24498	1.75136	5.66527	7.12481	4.98084	3.94343	3.10349	5.32395	1.51945	6.26142	6.40159	4.79163	3.89534	3.52651	3.1087	4.00663	5.18097	4.77842	5.84698	5.1204	4.26874	3.14887	0.251569	1.92342	5.67637	6.93965	4.99649	2.33837	0.73338	0.889343	1.89028	3.89939	5.94507	7.67685	6.91273	3.39438	3.38053	2.76513	2.31118	2.24887	2.14099	0.906961	2.22769	4.77847	5.14778	4.02635	4.08823	5.42863	4.3919	3.41306	3.26685	2.71907	1.63959	2.19924	2.3181	2.37192	6.92386	7.04816	1.13889	5.32113	8.24791	6.06691	2.89334	2.91505	3.01606	3.10361	2.81036	2.02738	1.85653	1.81347	1.63957	1.25761	1.13883	3.747	4.92061	3.62324	2.48879	1.19313	2.17024	0.641323	2.54517	2.19924	2.46975	3.21819	3.77626	5.7283	4.61835	1.25765	1.61038	2.31799	3.83427	2.94196	4.84682	3.02641	3.768	5.108	2.31127	2.47612	3.768	6.02817	3.64483	5.50878	7.43747	3.79709	5.79602	12.7218	8.27757	1.98795	0.906961	2.66625	5.89208	5.64313	1.59059	2.31127	4.09979	4.26131	2.0735	1.98803	3.59706	4.19059	5.27375	6.11805	5.56534	6.78586	7.50561	4.8726	3.44965	1.38907	1.13883	1.2948	1.43385	1.98795	4.08812	4.11882	3.89939	5.26809	6.35056	5.2173	2.46975	4.60464	9.48644	6.58827	7.29444	11.3031	5.47738	2.52662	4.61834	7.04607	6.84053	2.58829	7.2604	3.97117	8.54266	10.2978	6.17119	13.4575	9.19745	6.38717	4.68586	3.73448	2.87133	2.0735	1.12487	1.77826	3.9234	5.2738	5.8148	5.65419	5.46308
2.8656	3.50373	4.43777	5.49686	5.14722	2.31785	1.76016	3.31901	4.92009	2.47577	0.889271	0.795398	2.27651	1.00607	1.67745	0.251543	0.562429	1.13871	1.42262	3.37079	2.93081	1.193	0.957721	0.641256	1.38885	2.46938	1.75125	2.27663	2.51383	2.08097	0.889271	0.397718	0.177864	0.889226	0.533577	0.795398	1.28241	1.59049	1.63942	1.61021	1.63934	1.28241	1.50892	1.38893	0.889271	0.177864	0.397701	0.795364	0.733321	1.03703	1.25752	1.193	0.889271	0.906866	0.957756	1.12478	1.12478	0.889249	0.562429	1.03703	1.2575	0.562446	0.562446	0.75459	0.75459	0.75459	1.67745	2.66597	2.02709	1.38893	1.6394	1.35435	1.43372	3.24222	3.72987	2.38497	0.397718	1.25752	2.14083	2.86565	2.31098	1.63936	3.35202	3.70867	3.97088	4.97098	5.63449	5.78756	6.6114	7.95437	6.95901	3.38018	1.43368	4.51817	5.32044	3.53935	6.77587	5.18043	3.02602	1.6394	2.545	3.26651	4.99597	5.40212	4.16005	5.59817	5.60668	4.12993	3.10316	1.46637	2.48853	4.14114	3.89478	4.11845	3.73416	3.20323	3.17853	3.35218	3.91107	4.68873	6.20342	6.41785	3.59234	5.87054	6.76475	4.60436	1.25748	1.83056	0.906847	3.10319	5.2166	4.79113	4.01811	4.45185	5.80614	4.14114	1.92322	1.96381	1.51929	0.71142	1.81324	1.12478	1.81324	6.68126	7.36341	3.53946	3.57041	6.34961	4.76805	0.562446	0.562429	0.251543	0.533577	1.59049	1.92322	1.35435	0.562429	0.957721	1.77802	2.38487	4.94234	5.77385	4.08778	2.81007	2.26272	3.41725	3.10837	2.67194	0.75455	2.14078	3.74668	3.59665	5.33518	5.86787	5.32071	3.24228	4.68851	2.75902	2.51375	4.2938	1.83056	2.80995	4.68516	1.19295	1.68685	3.04166	6.18823	4.77792	5.76568	5.64254	5.42806	2.22746	13.3772	11.302	3.57038	2.91474	4.0878	6.66739	6.95901	4.12993	4.22019	4.58047	6.59014	6.02765	3.39409	2.78177	5.54211	5.9442	5.95731	5.21676	7.32979	8.44953	5.02089	2.77608	0.397701	2.14071	0.503076	1.42262	0.957721	2.47577	3.02611	2.71301	1.92322	0.177864	2.77622	4.77812	6.55464	8.33048	7.46145	5.68402	13.2259	10.2439	6.34989	5.16551	5.77118	5.55048	1.43372	5.54211	6.6932	8.82453	5.40498	9.99932	13.1789	5.07361	2.41774	1.42262	1.78692	2.33812	2.49485	2.08097	2.07338	2.68958	4.39495	5.79541	6.63704	7.43868
2.27643	3.76318	4.56285	5.32306	4.79399	2.71854	4.26774	3.99011	4.21969	2.02691	0.957671	1.06697	3.77554	1.00599	2.91434	0.251521	0.562379	0.397666	1.00599	3.37049	2.93056	1.60022	1.6773	0.889148	1.13861	1.29452	1.63928	2.38476	2.51361	1.92305	1.08169	0.53353	0.397666	0.641199	0.397683	0.795328	1.2823	1.59035	1.67738	1.25741	0.177848	1.2823	1.50879	1.43359	1.08169	0.641199	0.177848	0.355692	0.641231	1.03694	1.25741	1.13867	0.957671	0.906786	0.889193	1.12469	1.12469	0.641231	0.562379	1.03694	1.61005	0.906768	0.562397	0.754523	0.754523	0.754523	0.957637	1.92296	1.61005	1.43359	1.51921	1.35423	1.3888	2.6658	3.24199	3.19795	2.4175	1.61007	2.22736	2.77598	1.98763	1.24474	1.06697	1.91481	3.77573	5.156	5.63399	5.95701	6.83257	7.306	5.52193	2.62412	1.08169	4.51778	3.84159	3.76306	6.04764	4.43721	2.02689	1.43359	2.89273	3.48989	4.80376	3.62254	1.43353	3.66149	5.23728	4.32274	1.29455	2.86526	2.86531	2.24843	1.63925	3.59649	3.93073	3.26141	3.17825	3.27587	4.05278	4.84608	5.52193	3.0414	2.54476	5.75191	6.76416	5.25213	2.1479	2.31754	2.31754	2.49464	4.56275	4.00595	4.01776	3.76318	3.20282	2.24843	1.88992	1.68676	0.641231	1.59028	1.81308	1.12469	1.81308	5.71627	6.22033	3.66149	3.27583	4.68477	3.26608	0.906768	0.562379	0.251521	0.957637	1.59035	1.88992	1.35423	0.562379	0.733239	2.27631	3.84159	5.86712	5.99593	4.08742	2.62412	2.26252	2.94139	3.26622	1.7601	0.754484	3.53904	3.55683	0.906786	2.78164	5.51638	5.55023	5.33471	4.6881	2.5447	2.51352	3.57441	1.35418	2.31754	4.93235	1.43353	2.62401	2.19881	6.65274	3.10289	5.26681	4.8941	5.17998	0.889171	13.1408	14.8773	4.82648	2.89278	3.76732	5.87252	6.9584	4.43738	4.35167	4.58006	6.74792	7.388	5.33469	1.43355	4.61747	10.009	9.72723	5.5978	6.37852	6.6106	3.81285	2.27631	0.177848	2.39125	1.12465	1.4225	0.53353	1.25739	2.47564	2.78164	2.08078	2.64196	3.9066	5.11941	6.55407	5.94375	6.98053	3.77573	11.284	11.0648	7.25288	4.76129	4.61406	4.15595	1.78678	3.57456	7.04494	6.49463	1.92296	9.99846	9.82677	4.08733	2.64199	1.4225	1.60022	2.14057	2.31078	1.98765	2.07319	2.14059	2.14053	3.79636	5.67529	9.46538
1.43341	3.0411	3.20255	2.87048	2.02671	3.37953	4.99807	3.66097	3.16287	1.63905	1.28219	1.81295	3.69518	0.397648	2.66545	1.38868	1.28219	1.28219	1.75094	2.64172	1.77768	1.46609	1.19272	1.75094	2.31061	2.52591	2.66563	2.07301	1.38868	1.60992	1.60992	1.3541	1.29444	1.12458	1.0059	0.957585	0.733189	0.711289	1.06686	1.19279	1.60007	1.06686	0.397648	0.733165	0.957538	0.754404	0.251499	0.177831	0.177831	0.533478	0.502988	0.641174	0.906702	0.562346	0.177831	0.502952	0.502952	0.397625	1.03678	0.889055	1.46614	2.46906	2.8096	2.89252	3.01522	3.14311	2.89252	1.75094	0.733165	0.502952	0.795212	0.177831	1.60992	3.24169	3.20263	2.49439	2.19854	3.59619	4.68457	5.14343	3.74613	0.355658	4.32235	5.70784	5.67494	4.84243	3.17797	1.98739	3.39337	5.2633	4.617	4.01741	4.09863	5.56637	4.44041	1.85593	4.73425	5.672	3.9423	1.52945	1.98736	1.92275	2.62373	2.87062	3.644	3.8003	3.7335	4.90647	1.77774	3.27536	2.77554	1.12454	1.13849	2.16974	4.72454	6.28229	6.83204	6.16979	4.68457	2.02681	2.76436	7.74691	9.30237	7.70094	6.44604	7.78443	6.37548	1.75094	2.37117	2.19861	3.02024	1.38859	0.355658	1.08159	2.22703	2.24821	2.41741	3.02565	2.89252	1.81295	0.733165	1.88975	3.1027	5.21561	4.76059	1.43338	1.67712	3.41187	2.52573	0.889055	0.397625	0.733189	3.56971	5.43883	6.77732	6.82976	5.47321	4.43704	5.16459	5.14325	4.84215	4.62704	3.55648	2.91423	2.89252	2.02681	0.733165	1.12458	2.2483	4.61702	5.17067	4.79369	3.39361	1.63913	3.52527	6.28186	4.57936	1.52935	2.3173	2.52573	0.957585	2.68907	3.80005	2.02681	3.20257	1.51907	5.52133	5.47608	4.617	4.39062	5.68297	4.88105	9.10933	14.9997	10.8898	6.17984	2.86514	3.5029	5.14307	2.14036	4.44041	4.71453	6.61014	9.07761	8.07391	5.11877	1.67712	12.2585	11.1729	3.30407	3.73329	4.90647	4.66771	4.43698	3.3043	3.55651	3.44874	3.20263	2.54445	0.177831	1.29439	2.14039	3.2173	4.84224	4.00546	1.92275	3.73338	5.89068	9.19484	7.33708	5.21561	6.66377	7.84375	7.40435	7.59389	8.16708	8.18221	7.87332	5.54973	2.89232	7.50557	8.78095	6.93746	3.30407	2.54441	1.46614	2.77574	5.77038	8.27569	8.65485	6.26241	2.08059	1.13849	2.02667	3.52527	9.47239
2.54419	3.6607	3.02004	1.43329	1.25714	3.37921	3.59567	2.91378	2.41704	1.43327	1.28205	1.81277	1.98718	0.533427	0.957452	1.43332	1.28205	1.46599	1.85581	1.59991	0.355624	1.06676	0.733097	1.63896	2.22693	2.52564	2.64159	2.07279	1.43332	1.60976	1.60976	1.35397	1.43329	1.12447	1.00579	0.889022	0.641107	0.71122	1.46595	1.13845	1.78642	1.46595	0.533427	0.957452	0.733097	0.251459	0.251472	0.39759	0.39759	0.397606	0.502935	0.733115	0.906611	0.562288	0.39759	0.502908	0.502908	0.177814	1.03669	1.63888	1.46599	2.39092	2.8093	2.91393	3.0149	3.16275	2.95686	1.98724	0.397606	0.502908	1.28199	0.641076	3.26547	3.72882	3.10241	1.67706	1.78642	3.59582	4.64377	5.15504	4.35083	4.77329	6.04659	5.8689	5.64126	4.64377	3.17764	1.13845	3.14261	7.46144	6.01556	4.01699	4.4927	5.56586	4.8191	2.31029	2.70642	5.67146	5.19114	1.96326	1.75069	1.67698	0.906611	2.71225	3.66084	3.7999	3.92997	5.99478	3.03559	2.7753	3.27507	1.12443	2.39079	3.79563	4.84193	6.28164	6.83133	6.41634	4.77681	3.83271	6.60934	9.16239	9.00093	7.50518	6.58842	8.12455	7.90154	3.53836	1.25717	1.92268	1.85576	1.13839	0.795141	0.889022	3.44827	4.13999	2.64157	3.02533	2.95686	1.81277	1.19262	2.3375	3.24137	4.56187	3.82447	0.397606	1.92259	3.16259	2.52551	0.641076	0.177814	1.29427	5.72611	7.07854	6.92154	7.22589	6.28896	4.47879	5.16407	4.09822	2.33746	2.70632	3.04085	2.89222	2.91393	2.6712	1.19262	1.12447	2.01096	3.66081	4.87096	4.79318	3.76246	2.31033	4.52385	6.77627	4.57896	0.562271	2.80917	1.52921	1.2445	2.89212	1.35391	3.02524	2.41716	1.63894	3.52515	5.28976	3.14278	3.19733	4.66725	4.99467	1.43325	9.68643	12.4274	8.12646	3.27519	2.31029	4.39372	1.38854	5.63274	5.21826	6.05957	9.47174	9.10866	7.59282	0.397606	12.9758	10.6871	2.80917	2.80919	3.55616	4.39032	4.56198	3.59579	3.39318	3.90988	3.59138	4.60287	0.39759	2.46869	2.68882	3.92189	4.64362	3.02004	0.533427	2.62362	5.39217	8.58798	8.65376	2.64157	3.20233	7.0458	7.37848	7.68205	8.37445	8.30078	7.89596	5.94013	8.61088	9.26325	6.3577	4.72382	2.80917	2.31029	1.28205	3.90585	6.87198	8.27484	8.75958	8.64841	5.00702	1.38846	2.0265	3.52496	8.49065
3.56903	2.70604	1.46581	2.07261	3.92155	4.31784	3.27489	1.98701	1.6387	1.08136	1.43316	1.8126	0.9574	0.754258	0.397571	0.711151	0.177796	1.03658	1.35377	0.906527	0.906502	0.533375	1.00563	1.13835	1.82996	1.63878	0.733048	0.754258	0.533375	1.12432	1.12432	0.795103	1.5899	2.16932	2.14004	1.88939	1.43319	0.64105	1.25697	0.562213	1.63878	2.54403	2.22673	1.5899	0.50289	0.355589	0.64105	0.9574	1.06666	0.397549	0.397571	0.533375	0.562213	0.754311	1.63882	2.07261	2.07261	1.88939	1.35384	1.25697	1.59976	1.77746	2.07261	1.8126	0.733048	0.641008	0.733023	1.95501	2.27579	2.5626	2.9778	3.10214	4.66671	3.56903	1.7506	2.02632	2.71769	3.10722	4.14362	4.65684	4.99416	6.65079	6.34718	3.20193	2.5626	2.38409	2.84794	1.95501	2.41678	8.3714	6.50914	1.46586	3.7074	6.435	6.92075	6.23858	2.48759	2.86441	5.62933	3.14228	1.78627	2.37079	1.35384	1.13835	2.89197	3.44814	4.21862	6.3985	3.24099	3.05593	3.51566	0.711151	3.6603	4.68339	2.58696	0.888913	2.47483	6.02539	8.43037	10.6228	10.8959	7.43391	3.05613	2.38409	2.86448	5.7932	7.60225	6.63453	3.21668	1.08138	1.25697	1.19249	0.795059	0.355589	3.39272	4.60239	2.48759	1.43316	1.08136	1.92238	1.75948	2.13989	2.41678	2.89177	2.58696	1.92251	2.67093	3.66033	3.39281	2.317	1.92251	1.06666	6.03294	6.48284	2.31011	4.38977	4.65658	1.98701	3.01442	1.98701	2.47494	3.14746	2.80902	2.26189	2.02642	1.85557	1.58981	1.43313	0.906502	0.177796	0.733023	1.38832	2.56243	3.17718	6.18587	7.13001	3.2603	1.63878	3.94147	2.87006	3.20201	3.90948	1.60958	3.01966	1.13827	3.16248	4.99422	3.90963	3.76212	3.66048	4.09784	4.60601	4.79261	0.888883	9.06572	10.3502	6.11757	1.35384	4.91821	0	5.07786	4.27395	3.39286	6.83028	7.40454	8.48987	3.98912	11.3243	9.91011	3.76617	2.8089	2.02628	2.02628	2.02628	2.89197	6.71613	5.11498	4.15473	5.42598	1.03658	2.54392	2.89183	3.76617	4.45018	4.53405	4.53405	3.7074	2.22673	4.84446	7.04477	4.65658	2.89183	0.25145	1.25706	2.14727	3.26514	3.41598	2.66512	3.27473	10.4677	10.2929	6.11525	7.28287	9.89696	11.6432	11.6573	9.67167	5.84435	1.7506	3.16226	8.4735	5.39132	2.16194	2.68856	3.92945	8.62426
3.76173	0.88885	2.14716	3.73239	4.1165	2.84769	0.795021	0.56218	1.5996	1.51862	1.7861	1.08127	0.562162	0.794988	0.533324	0.397513	0.562162	0.957267	1.52892	0.397513	1.58967	0.88885	0.888828	1.433	1.51862	1.96288	1.5996	0.251424	0.39753	1.08125	1.29402	0.39753	0.732974	1.52899	2.39046	2.89166	3.1069	2.91337	2.31676	1.51862	1.13823	1.91407	2.56233	2.41669	1.91407	1.58974	1.52899	1.25692	0.888828	0.502811	0.355555	0.355555	0.562162	1.19239	1.51862	1.68611	1.29405	1.03654	0.732974	0.56218	1.77727	1.92231	1.433	1.75933	0.957267	0.562162	0.25141	0.562162	0.502837	0.732974	1.43302	3.02468	4.97793	3.79498	2.51264	3.01946	2.78057	4.53358	6.48259	7.75061	7.6464	6.78205	6.90876	5.32982	5.65123	6.90902	7.58965	7.04225	4.93071	8.06964	7.66621	3.83206	3.79917	4.96851	6.05308	6.26029	3.49744	0.957267	6.01173	5.71408	3.90922	5.65123	5.82776	3.90911	1.25686	3.02468	5.73876	7.44364	4.5783	5.04346	4.21809	1.77727	3.73224	4.38217	2.24757	0.533324	6.11702	10.9568	12.2301	12.5712	10.2555	5.8651	2.95629	2.37055	3.02466	4.97793	7.25854	7.95643	5.97557	4.48838	3.37858	2.13975	1.12422	0.355555	3.02459	4.02381	2.0723	1.35365	1.3882	3.27449	3.66008	4.00441	3.39253	0.177779	4.5783	7.29063	7.40424	5.39111	2.37055	0.533324	0.732956	0.397513	4.60198	6.35648	4.53358	4.80195	3.7949	2.67069	4.26253	3.96895	3.48855	3.10179	2.48735	1.28174	2.2265	2.71173	2.07239	1.2569	0.794988	0.177779	1.46567	2.6883	3.56869	5.5395	6.56804	3.64272	3.74501	3.89713	3.02466	0.562162	1.51857	2.91322	2.39033	2.27544	4.12781	4.1165	3.92921	2.94025	3.06605	2.94025	3.73239	4.841	6.58704	4.86986	3.65999	10.9195	11.194	5.63183	8.58635	6.65281	4.04731	1.3882	2.48735	3.89291	5.60386	7.7184	4.43914	5.78459	10.2745	11.1475	9.77844	6.3197	3.16198	1.95482	5.86487	8.51637	6.49208	6.26029	5.1142	2.07991	0.957267	2.51259	4.05508	5.39978	4.54736	1.68611	1.0056	2.52515	5.94147	7.50345	5.32979	3.21636	0.754232	0.754232	1.68611	2.67069	2.7175	1.7861	1.0056	8.01808	11.6367	12.0538	13.3311	12.9877	10.9351	7.84745	4.52314	2.71744	5.41136	8.24334	8.67329	2.84767	2.623	2.75772	3.82374	9.72354
1.13813	2.39008	2.80836	1.9627	1.03638	1.51848	2.07221	1.6385	1.60927	0.906352	0.562105	0.640926	0.732906	0.251402	0.906352	0.640926	0.732882	0.640885	1.28161	0.640926	2.47435	1.25681	1.51841	1.28161	0.957169	0.888712	1.5895	0.794905	0	0.640885	1.38805	0.732882	1.08117	1.29389	1.03638	1.03644	1.67658	2.27535	2.27535	1.29394	0.562105	0.397494	0.397494	1.08117	1.46557	1.77712	2.13962	2.1689	1.43291	0.397472	0.640926	0.732906	0.711014	1.92201	1.03638	1.35351	1.24414	0.888772	0.888742	1.1241	0.732906	1.38805	2.6407	2.31647	1.25678	0.397494	0.732882	1.29394	1.77712	1.88902	1.52886	3.44725	4.54324	1.85521	0.888772	2.41635	1.19233	2.9771	3.37823	3.33617	3.74468	3.79462	5.39902	5.00555	3.79462	4.65594	5.79238	6.18494	4.62555	6.99718	7.66542	3.02436	1.8295	5.31154	6.6074	6.02409	2.56194	1.43288	6.34597	7.06755	3.37826	3.694	5.32932	6.06283	4.08162	4.5329	5.60323	5.66144	2.66461	5.4365	4.4351	1.77706	2.64067	4.43504	2.2752	1.28161	8.71451	11.7234	7.90889	5.27023	2.13217	0.711014	1.38805	1.52876	1.52876	2.6407	5.07994	5.95387	3.73195	4.26214	4.31691	2.86392	2.38349	1.1241	4.14253	5.39032	2.86397	1.85528	2.80833	5.07994	4.26214	3.92886	2.31655	3.52391	5.56424	5.70562	5.53638	3.70668	1.88889	1.88902	1.50807	0.732906	2.78016	4.38893	3.03484	1.78593	2.26129	0.888772	3.44741	4.68274	5.54761	5.70562	5.51929	4.26572	2.13948	2.16157	2.51242	1.92214	0.754166	0.562105	2.41635	2.92913	3.70654	6.1164	3.33599	3.03484	4.54355	2.75754	0.397494	2.64082	3.92886	3.48823	1.24414	3.10138	4.68582	2.64067	1.24414	1.59945	1.85521	0.888742	0.397472	0.732906	3.98817	6.44321	2.95603	11.7234	14.7064	5.66982	6.63341	6.89937	5.41088	3.10151	2.3096	2.0797	4.38171	7.00812	4.68246	2.64085	6.41454	9.00517	11.2959	10.6869	5.39029	2.30966	9.86984	7.15458	6.88997	6.75592	4.65562	2.22617	0.562129	0.397494	1.50807	2.68804	4.5225	4.44927	4.44591	4.72272	7.60702	8.84553	6.5676	4.14282	3.17657	2.51236	2.58655	2.38349	2.07208	2.58646	1.77706	3.62078	6.06293	7.02185	6.5274	4.97745	6.5838	6.02423	7.94989	8.34259	7.27509	7.87013	5.51929	2.026	3.3028	2.52476	3.52391	10.5633
1.00535	2.91266	2.64044	1.08105	0.562071	0.251375	0.732814	0.710945	1.46539	1.63833	2.80822	3.30268	2.6226	1.25668	0.906261	0.533221	0.355486	0.710945	1.19216	0.177745	2.38987	0.177745	1.88873	0.640828	1.06635	0.794868	1.00535	1.08106	1.388	1.43276	1.08105	0.732832	1.19221	1.124	1.38793	0.888634	0.957117	1.388	1.58943	2.13935	2.02579	1.388	0.640859	0.640828	0.640828	0.397453	0.640859	0.732832	0.502714	1.08106	1.5287	2.64055	3.65512	3.4969	1.63833	1.75001	1.19216	0.251375	0.562071	1.2938	1.77693	2.13196	2.86361	1.91363	1.2938	1.5287	1.98648	1.81203	0.794834	0.177745	0.562071	4.29459	5.38982	1.91363	1.58943	2.92894	3.05523	4.08123	4.43828	3.76101	4.44896	5.79179	7.67099	7.99551	6.60703	5.56391	5.38134	5.50455	3.36865	7.11937	8.17796	4.21741	4.64189	7.38581	6.82612	4.48738	4.27285	6.80823	9.20541	8.29558	4.43482	2.86374	4.27276	6.37243	6.02368	6.88045	7.2804	5.71298	1.75008	5.15282	3.96807	1.75001	2.2611	5.07024	3.3168	2.58629	8.7699	12.8993	11.4124	8.65933	4.56022	1.50791	1.2815	1.38793	1.13795	2.56171	5.41007	5.86639	3.37791	2.84712	2.56171	3.21574	4.27276	3.62052	4.44879	5.14064	1.9865	3.39194	5.15294	5.71848	2.16857	2.27511	4.29115	6.19932	5.54965	2.07951	0.397453	2.97683	4.09656	2.30948	0.640859	0	1.88873	3.02401	1.88873	0.957117	2.47413	1.4327	1.00535	0.794834	1.58943	3.65512	6.41136	7.42556	5.49322	3.65929	1.51828	3.01374	4.51541	5.11347	5.42178	4.6114	4.29102	6.20683	6.52672	6.80823	4.44889	3.65496	1.19221	2.66426	3.1011	1.82934	1.35344	3.73152	4.20607	2.54321	0.888634	0.906243	1.63827	1.06635	0.502714	0.794868	3.01881	5.56363	1.67641	10.916	15.9162	6.34541	2.77423	2.77423	2.51202	3.1414	2.80808	1.68573	3.76502	6.82612	5.54965	3.02409	1.25666	2.14666	9.08503	13.3996	11.5065	8.95151	10.6593	4.92635	7.93731	6.96099	4.21725	1.75001	0.397436	0.397453	1.5287	4.43828	6.73704	4.00355	0.640828	1.2938	6.90734	7.80817	1.82934	3.02408	7.00763	6.22694	6.5859	7.38607	6.7808	5.32876	2.19748	1.75899	1.60912	1.35339	4.46642	8.34169	10.2089	7.77476	7.08239	5.42167	2.86365	3.50124	1.88873	1.58936	3.42868	3.06541	4.05415	10.581
4.04618	3.83099	2.13917	0.177729	1.00532	1.63818	1.74993	1.67626	2.14656	2.54308	2.70514	2.77413	3.27365	2.66409	3.39165	3.89604	3.27369	2.64034	1.91353	1.00532	2.38307	0.794764	1.46526	0.888601	0.177729	0.397418	0.355455	0.251353	0.562022	0.562022	0.177729	1.24391	1.52857	0.794798	0.906182	1.95427	1.42155	0.794798	0.562022	0.710883	1.92177	2.41602	2.27492	2.56161	3.05496	3.27369	3.16126	3.14129	3.52348	3.89203	3.90812	4.31987	4.61108	3.65911	2.48666	1.98624	1.35327	0.640803	1.03625	1.50778	2.02564	2.474	3.37761	3.02383	2.38317	2.52445	2.92868	3.10085	1.51814	0.397401	0.502696	5.38938	6.34488	3.21546	3.03426	3.65911	4.40613	4.60426	5.14033	4.82342	6.61113	8.42719	10.0286	10.7375	10.4643	10.7081	11.2303	11.3246	8.95074	10.936	10.4425	6.88913	6.60646	9.58716	9.16303	9.49335	13.5911	16.1408	16.5365	13.8721	10.2084	7.1796	5.59409	5.45848	5.54632	7.28824	7.50127	4.68499	3.87581	7.07522	5.97391	4.47668	4.82342	7.24793	5.00466	0.502696	5.16764	11.0523	14.3656	13.874	10.7375	6.73666	3.89203	2.31611	1.25655	2.9124	5.26331	5.21263	3.36825	2.41602	4.52195	6.13843	6.80763	6.77108	3.34966	2.49299	5.21289	5.81012	4.61108	2.14647	2.41602	4.61108	5.47008	5.2158	2.68755	0.888578	1.08095	1.43264	4.09628	4.71183	3.65908	2.0794	1.51814	2.76261	1.98624	1.25653	1.51814	3.05496	5.15258	6.09264	5.9922	3.92811	1.6381	5.67146	6.14581	5.63004	4.02269	3.21546	4.44506	5.42427	6.66253	6.54972	5.04215	6.72518	9.96045	9.9559	9.68192	6.66932	1.25653	2.49299	2.71084	2.16113	2.38317	3.27357	3.27353	2.80784	1.52849	0.640803	1.91353	2.54308	2.54306	1.63812	3.89587	5.7043	1.4653	8.61221	16.0925	8.80388	1.92167	3.14113	3.05481	3.57203	2.93931	1.0362	2.33636	5.91092	6.55685	5.7697	4.82342	2.07181	3.72706	10.5789	12.6474	8.55006	4.96714	1.03625	6.62495	5.46986	5.47294	7.01388	5.6275	3.52348	3.01868	3.48748	3.59397	5.21289	6.51187	6.16624	10.8473	10.1648	2.77399	8.64261	9.29698	5.49567	4.18721	6.09772	8.10002	9.1647	6.02313	0.732768	2.77979	5.00466	8.91442	9.36221	9.29681	6.21879	2.75694	3.20079	5.21284	4.99227	3.79391	2.02564	2.38307	2.38966	3.65892	8.60155
4.31576	2.95515	1.75874	1.2564	1.35313	1.43249	1.28131	1.13779	1.35318	0.906086	0.561945	0.561963	1.52833	1.43249	2.97635	3.57181	3.54976	3.20048	2.16826	1.29355	2.46726	1.63793	0.732691	1.12382	0.956932	0.732673	0.355418	0.640736	0.888507	0.956932	0.561963	1.52833	0.533118	1.28125	1.08084	1.96213	2.19712	2.13899	2.02543	1.43246	0.888462	1.03614	1.63801	2.38954	3.14096	3.64151	3.79771	3.7645	3.52311	3.02358	2.38954	2.13155	1.91326	1.43242	2.8904	2.00969	1.13773	0.533118	0.710808	0.397376	0.561945	1.6854	3.14584	2.3158	1.29355	1.12382	2.07911	3.44628	1.92147	0.561945	1.60881	6.4894	6.18295	2.48639	1.77654	1.19198	1.38773	1.78539	3.69272	3.25875	4.91588	5.26874	5.99133	6.87913	5.67095	5.47237	6.77038	8.98879	6.49202	8.41153	6.80446	3.1758	3.74347	7.67737	6.55617	7.97868	10.4531	10.6121	9.80427	7.89145	7.1008	5.53745	6.28514	6.58433	6.21556	7.97643	7.21503	2.52405	4.38051	6.82715	4.81638	3.79771	4.52145	8.27167	7.81859	2.48639	0.397376	2.97626	7.54775	9.53043	9.07161	6.54905	3.89159	2.54282	1.19198	2.13888	4.6845	4.52131	4.5214	4.29398	4.20544	3.73096	3.93964	4.43391	3.76016	3.27323	3.49623	2.38954	1.19193	2.24677	3.03394	2.84105	1.81168	1.50754	1.00521	1.50762	2.2467	1.50754	1.12382	2.6873	3.41432	3.23944	1.06614	2.27456	1.06614	1.98609	1.19193	3.55411	5.67101	6.64792	7.49881	8.1766	5.15204	3.56731	5.03834	6.13494	5.1518	3.05449	2.27456	0.397376	3.89546	5.65154	2.71639	3.06487	4.44803	3.6929	9.84408	9.95894	4.54546	4.05352	1.82907	1.82907	3.73096	3.26371	2.3158	2.41564	1.63793	1.13773	0.888507	1.67609	2.6873	3.31617	5.88644	5.25981	1.19193	8.38217	14.8149	8.73139	1.08084	3.1408	4.0456	3.65425	2.0715	0.502643	1.43249	4.09573	4.38768	3.7435	4.43745	3.73089	1.96213	3.7643	8.87218	6.19547	2.76247	2.31586	3.30188	4.38066	7.01315	7.75558	7.10726	3.53643	1.38773	1.28131	5.11249	7.28785	6.65961	5.31026	15.0359	12.4951	8.02446	10.8587	4.34832	1.43242	2.27468	1.00521	2.58572	7.32349	7.3844	3.93951	3.31617	7.7413	12.0153	6.93288	5.89701	4.21644	3.57181	6.17565	7.21316	6.54905	4.43745	2.6221	2.6873	2.84657	2.86856	5.31589
3.02323	1.75859	1.60869	1.9213	1.8882	0.561914	1.35306	1.8883	1.2812	0.502573	0.502599	0.177695	1.19182	1.06605	2.13873	1.68531	1.19187	0.888407	0.640648	1.28114	2.6397	2.16796	0.956848	1.35306	1.29344	1.42127	1.06605	0.397325	0.561914	1.38761	2.27448	2.079	0.888429	1.51785	1.59884	2.16075	2.24657	1.8883	1.52827	1.08074	1.12368	1.00512	1.12372	1.08076	0.906007	0.753875	0.561914	0.177695	0.355387	0.888429	1.35306	1.25631	1.19182	1.38754	2.71032	2.19687	1.60869	1.19187	1.12372	1.00512	0.794645	1.50741	2.77914	1.95389	1.67594	1.82891	2.13873	3.20004	1.8882	0.397341	2.976	7.11516	6.05023	2.92811	3.20017	3.89529	4.14123	3.40948	3.06455	2.41543	5.31838	5.35638	5.35638	7.15197	5.45736	3.37696	3.74318	6.73063	7.93548	10.577	8.60022	7.2126	8.36532	10.7452	9.68656	7.50636	4.78661	3.14052	3.56704	4.27166	3.91932	3.8383	9.71745	10.6166	9.56481	10.7185	8.16643	2.95489	6.27716	7.35019	5.14237	5.47189	7.24895	10.9134	12.6451	9.3215	6.76984	5.21189	5.71148	6.38025	6.38025	5.3623	4.54522	4.60001	4.62378	4.4442	4.61011	2.86285	1.4323	0.397325	0.794645	2.66351	3.55378	4.09541	5.37968	3.73048	1.03605	3.42784	4.73078	3.82207	2.71045	2.19692	1.12372	0.640648	0.732609	0.794645	2.51137	2.86289	2.27448	1.43236	1.38754	3.44598	0.251291	1.98588	1.12372	1.63778	2.31555	3.10529	3.83016	3.87496	0.355387	4.34785	4.83865	4.12603	6.04259	7.03873	5.73597	3.54936	2.33591	1.08074	4.90276	5.04415	1.35301	2.3892	2.2465	3.70527	10.7729	10.9954	3.93917	2.7736	4.3874	3.87506	3.92736	4.53144	5.11204	4.4442	2.86293	0.956848	0.888429	1.50749	1.42127	2.66345	6.91664	5.84613	2.52383	9.67985	14.2845	7.74065	1.60869	3.01796	4.28611	3.93924	3.14565	2.52396	2.1388	4.00243	4.17501	3.02325	3.73055	4.09545	4.0454	3.03882	6.82648	7.61431	7.00593	7.26598	7.30626	6.41212	4.08403	3.80958	5.64827	2.41545	2.07141	2.89025	3.83016	1.98592	1.77639	3.03357	17.1717	12.9936	10.9336	11.6707	1.46501	3.61943	3.0181	3.5715	3.6541	6.72372	9.37515	10.1751	8.13625	4.65391	11.9349	10.7142	8.06786	4.77346	3.76404	5.67044	6.48903	8.01433	5.45743	1.96195	1.96194	2.36938	2.02517	3.26327
2.66917	1.75844	2.36914	2.66317	1.63761	0.561862	1.96174	1.92123	2.1605	1.50725	0.502555	0.640581	1.43215	0.794573	1.63769	1.52814	1.13759	0.640623	0.177678	1.77616	2.88984	2.41518	1.43218	1.35294	1.4322	1.42114	1.46483	1.13751	0.905898	1.95371	2.3825	1.92123	1.08066	1.29327	1.19176	2.48594	2.24637	1.92123	1.52814	0.732559	0.502555	1.00503	1.12362	1.24355	0.905922	0.753809	0.561862	0.397284	0.794529	1.08066	1.35294	1.03595	0.53302	1.13751	1.98565	1.98569	1.60854	1.13759	1.12362	1.00503	0.794573	0.50252	2.07871	1.78508	1.63772	1.82874	1.63769	2.46679	1.63761	0.732535	4.12544	7.58499	6.04962	2.92784	3.58866	4.26387	4.15598	3.50011	1.82874	0.397306	5.55871	5.84552	4.86699	8.38055	7.17712	4.17459	3.58866	4.93741	7.93479	9.95758	7.97729	7.1344	8.12627	10.238	9.9637	7.17761	3.50011	0.397284	2.77335	4.32957	3.0541	2.38237	12.8244	13.8834	10.2023	10.5531	6.80573	5.66981	8.74024	8.2941	6.3161	6.31627	7.51599	10.0666	12.7972	10.3743	7.32244	5.15117	4.31498	3.96655	3.96655	4.27116	4.44731	4.53104	4.62337	4.32957	3.70493	1.91299	0.397306	0.177678	1.46483	3.23884	3.74277	4.2894	4.94353	1.96174	2.93844	4.43309	4.73035	3.54914	2.6396	1.92123	1.12362	0.177678	0.956716	1.06595	1.81139	2.58533	2.3825	1.63769	0.177678	3.19971	1.75831	1.4322	1.81134	2.88984	1.82864	1.25616	3.41363	4.5446	2.77316	2.54237	4.69382	4.04895	6.23445	6.83272	5.15097	2.92784	1.51777	3.69201	5.9902	3.37664	0.561862	2.13846	1.00503	5.36177	11.2093	8.97336	0.732559	3.5667	4.15216	3.75962	4.17471	4.9909	5.11159	4.27128	2.86268	2.07871	1.63764	1.50736	1.00503	0.956716	6.4329	7.31571	2.52356	11.8433	14.7458	6.57368	2.36914	2.77885	3.36726	3.37199	3.14537	2.52374	2.16788	3.79273	4.17459	3.02296	3.37666	3.65802	4.04503	2.41534	2.47318	5.49412	7.00532	7.26535	7.36456	6.6491	4.8672	5.99014	4.90217	1.78506	2.07123	3.03854	4.26371	2.13855	1.46488	3.49543	18.0773	12.0465	12.8554	12.1497	1.77622	2.84053	3.31566	3.65805	3.65377	5.32981	7.83715	10.6101	10.9121	3.16016	7.9752	12.5604	10.829	5.88538	4.60279	7.45587	6.10361	9.43719	7.44753	2.31537	1.96174	2.36914	1.60851	1.75831
1.19164	2.80689	3.76337	2.84578	0.397248	2.36897	3.06401	1.88793	2.84025	3.27239	2.66307	1.98556	1.59854	0.561805	0.640525	0	0.177661	0.561805	0.956664	1.74918	2.52334	2.47295	1.96156	1.3528	1.96158	2.1965	2.33549	1.78491	0.710609	1.67554	1.24343	1.24343	1.08053	0.956629	0.251256	1.82847	1.29316	0.177661	0.561805	1.25606	1.43209	1.63755	1.82855	1.51761	0.640556	0.251243	0.561805	0.956664	1.43206	1.68498	1.52798	1.03585	1.03585	1.78491	1.77604	1.29316	0.75369	0.251243	0.640556	1.00493	0.956664	0.640556	1.58861	1.12347	0.397265	0.561787	0.397248	1.58861	1.78491	2.02483	4.52	7.03947	4.78884	1.96158	3.19945	3.6403	2.77872	4.82162	6.00806	7.49469	9.22765	7.64525	6.02084	8.36522	7.73915	5.396	4.43278	6.13356	6.04928	3.39027	0.888235	2.56062	2.56062	2.63919	4.48878	4.28905	4.52005	3.02258	4.99036	7.27093	9.37844	9.99771	13.857	13.8316	7.1571	5.64719	2.31521	8.64627	12.1732	10.1193	7.59666	6.19642	5.04021	5.38747	9.43638	9.51995	8.44029	5.43363	2.27404	1.12347	3.27239	4.09471	4.28912	5.03719	5.1506	2.86786	0.355318	0.397265	0.561805	2.47304	4.00175	4.6228	5.32629	6.05949	4.66325	1.43206	4.15533	4.3289	3.70445	3.34837	3.9386	3.10483	2.31515	0.956629	0.732467	1.43209	2.38225	2.22502	1.51761	1.29316	0.251256	2.66293	2.16754	0.251256	1.60838	4.09466	3.93853	1.59854	2.16754	4.20408	4.52	1.63747	2.58507	3.96636	5.53583	5.32911	3.17478	0.397248	1.51761	5.07404	5.31441	1.50712	0.732485	2.31517	3.14505	6.9042	10.0652	4.88898	6.37916	8.55393	8.08372	7.17686	5.71055	3.87432	1.67561	1.43206	1.98554	3.54868	3.58831	2.07859	0.640525	1.98556	5.0771	7.15061	0.710609	11.2736	17.1663	9.68281	1.19159	3.01745	3.56635	3.56635	2.86234	1.98556	1.82855	3.39023	4.2707	3.56635	3.21419	2.19644	2.41496	1.63747	0.177661	0.397265	1.60838	1.52798	2.542	2.46657	4.28893	6.88617	5.04318	2.36897	2.88969	4.04853	6.1964	3.79245	2.70992	4.46431	17.4752	10.681	12.8451	11.5708	3.21423	0.397265	3.93848	4.31821	4.47496	4.54434	3.9266	7.34888	11.5826	10.8156	1.28089	11.4201	13.1902	8.38181	5.14139	6.5825	3.27226	8.89038	7.00423	2.30835	2.16034	1.9855	1.08053	1.4647
4.04425	4.29241	2.31501	0.502458	2.41484	2.6863	1.25594	0.502423	0.905723	2.52325	3.83741	2.77847	0.888179	0.561754	1.19153	1.50707	1.52784	1.63741	1.88777	1.85405	1.35261	1.82828	1.82828	0.397207	1.50696	1.38713	1.43187	0.905723	0.502458	0.88812	0.732418	1.08045	0.532917	0.56173	0.397229	1.13729	1.29303	0.79442	0.640499	0.177644	1.28084	2.22482	2.5604	2.25995	1.92086	1.82839	1.7581	1.50707	0.79442	0.251234	1.19153	1.88777	2.77847	3.59239	3.05351	1.63741	0.177644	0.79442	1.03575	1.13737	1.50707	1.77593	1.43193	0.502423	0.561754	0.79442	0.753663	0.397229	1.88777	2.8676	4.6928	7.28476	5.18619	3.41311	4.43224	5.62737	5.16517	6.23351	8.3667	10.8108	13.3532	13.8067	13.8899	13.2527	11.1875	9.2926	7.5962	8.11906	7.26396	4.83736	2.86746	3.37599	5.62485	7.73885	7.30422	4.37908	2.86196	4.75561	5.55764	5.17402	4.77223	8.1417	12.2464	10.6631	3.09935	9.82709	15.8933	15.2851	9.34638	6.14272	5.79897	5.56043	5.14998	5.55795	8.81381	9.06839	9.18533	7.2467	3.56597	2.92718	4.90157	6.86563	7.51048	7.6185	7.16104	5.66872	1.67536	1.29307	2.46631	5.31403	6.43925	6.43925	6.80204	5.59142	1.92086	3.2575	3.80845	3.88992	4.5195	3.14464	3.39004	4.21504	4.43578	2.92718	1.63733	2.02468	2.13811	0.88812	1.25594	2.36875	3.27215	5.25813	6.76795	6.37877	4.44295	1.03575	3.06373	4.70959	4.99312	6.27069	7.45255	5.84193	2.07831	3.21387	4.28857	3.17445	1.95333	2.95406	3.98571	4.62231	2.77263	2.16013	1.6082	1.00484	2.30812	5.53233	7.94245	3.98574	11.597	11.6024	10.3317	9.46326	8.00277	5.25813	2.48546	1.43187	1.60823	3.0379	4.07891	4.77223	6.04874	6.52545	4.84057	4.29212	2.56023	5.15003	16.291	18.1939	9.35639	3.01205	0.75361	2.6863	3.70422	3.49944	3.1993	3.72527	3.82904	3.09935	3.57029	2.46631	2.54174	2.13814	2.16746	2.16746	2.54177	0.56173	2.56023	2.30807	3.53497	6.02025	7.93321	8.4142	7.54528	6.52309	7.99102	6.71041	5.80739	7.7566	14.1661	7.12391	10.0747	7.81756	6.34212	5.49293	5.5154	2.97512	2.16746	3.38995	3.37601	5.1651	8.87435	14.7728	11.1872	4.66272	14.0976	13.8486	7.80424	4.62236	5.38672	8.02141	5.11028	2.36875	1.91262	1.60823	1.08045	4.28857
4.13949	1.81086	2.38169	2.88913	2.14531	0.177626	1.58837	1.98518	1.52768	2.02437	1.19141	2.8617	0.794305	0.502379	1.12329	1.50691	1.38708	1.13725	1.00473	1.12329	0.794338	1.5883	2.38169	1.13725	1.9612	2.31472	2.3147	1.43177	0.502379	0.710472	0.355249	0.502379	0.355249	0.640432	0.732344	0.732326	0.753544	0.640432	1.13725	1.43177	1.13719	1.35249	0.905657	0.888086	1.2807	1.77575	2.2736	2.41462	1.98518	1.46445	1.43174	1.24319	2.13793	2.66249	1.77575	1.81083	1.13719	0.905657	1.63724	2.16723	2.41462	2.38841	1.67529	0.710472	0.177626	0.561697	0.732344	1.13719	0.905639	1.63718	4.04758	7.99002	6.28228	4.92331	5.15866	4.63875	4.12428	2.97485	3.76259	5.18571	8.23621	9.26377	9.92884	10.1832	8.93193	6.43857	3.25736	2.02447	1.8282	3.41265	5.30754	5.01733	6.10165	8.72064	9.70644	8.04977	3.59202	2.31472	7.246	8.98629	7.59521	6.25249	9.57361	5.62402	5.59076	11.9841	14.5422	11.1395	4.08226	7.26314	9.86276	9.47793	6.29945	1.46441	5.80649	5.63506	6.25493	6.14219	5.0111	5.10983	3.19888	3.15943	3.40817	2.77818	5.55715	7.49698	3.19881	1.46441	4.38912	6.4311	4.11292	3.03765	3.82046	1.13719	3.4447	4.04374	2.38169	2.54151	5.16454	4.83989	1.35249	1.43177	3.70374	4.77158	4.20327	3.40817	4.48799	3.37566	2.16713	2.97485	4.17349	5.56022	6.33417	6.41205	6.15508	5.3399	2.22449	3.15943	4.59824	4.94226	6.56486	7.00301	5.38634	4.60825	3.34757	1.59823	2.41462	2.86183	2.86179	2.15988	0.502405	1.91243	3.09906	1.68461	1.19141	4.7978	8.17258	4.08246	10.8315	6.82846	2.38841	2.46621	2.92699	4.15079	4.13942	3.14435	3.44477	5.69023	7.00314	6.60267	6.10183	4.622	3.33361	1.59823	2.70347	1.77575	5.49802	14.9025	13.2855	6.00942	3.14444	0.732344	1.42072	1.81086	1.63721	3.79572	4.08226	2.8672	3.74163	2.31466	1.35249	1.8282	2.31477	2.52299	3.90576	2.48522	1.67521	2.02437	2.31466	2.47257	5.06713	6.56503	5.01759	3.23796	4.93578	4.07852	3.19897	6.86468	9.21899	2.13793	6.82846	2.22449	3.75851	7.64967	7.3537	3.91777	2.2736	2.13054	2.70347	3.17417	1.43174	8.93165	14.9833	6.04792	6.80127	11.974	4.82064	1.92066	7.37042	6.62815	4.08226	1.67521	0.502379	0.888042	0.561679	7.12328
2.77782	2.3145	2.52264	1.98494	1.28059	1.06555	0.794235	0.502335	0.502335	2.66219	1.03556	3.10382	0.887964	0.887964	0.956361	0.502361	0.502361	0.502361	0.355218	0.640345	0.397153	1.58816	2.27328	0.177611	0.956361	1.67507	2.02419	1.35237	1.24308	1.08023	0.397153	1.28059	1.28059	0.794268	0.710409	0.532819	0.397137	0.355218	0.640376	0.887964	1.43164	1.96101	1.25571	0.56163	1.08025	1.77559	1.77559	1.58823	1.8107	1.985	3.26188	4.20309	4.44561	4.38534	3.40787	4.00063	3.82027	2.91061	1.35242	0.251185	0.905578	0.640345	1.38695	2.80611	3.38939	3.65668	3.38939	2.54139	2.19588	1.98498	3.02173	8.29105	6.54523	2.02419	2.30766	3.53434	4.69195	3.90141	4.13913	4.54292	6.50246	6.50251	5.31599	5.59038	6.58097	7.69749	7.62513	6.65591	5.26603	3.49427	3.77052	5.41761	8.5281	9.35602	3.14408	4.317	7.99542	7.60082	6.43801	7.51905	6.60658	7.15511	9.50907	4.87502	11.1167	12.2211	8.63872	8.81229	13.367	10.3122	6.19468	9.59972	8.37751	1.13709	5.88316	6.13153	7.0682	6.96247	5.59859	5.07568	3.10382	1.51718	2.3882	3.33332	7.21748	9.48666	4.04722	2.24544	5.38578	7.13131	3.40769	1.13709	2.70324	1.28059	2.38807	3.03735	3.17403	3.75818	6.01904	5.64562	2.02419	1.03551	3.88926	6.17951	5.23311	0.73228	3.01131	4.62138	5.35977	6.23221	6.31389	5.01403	4.15057	3.90542	3.72458	5.33938	5.88328	3.27147	1.12319	1.85364	4.9417	6.73201	6.31376	5.96983	4.78436	3.34743	2.86158	2.55991	2.75518	2.30774	2.19588	1.25573	1.9204	2.54137	2.25951	3.41231	7.49633	1.13715	10.0549	6.28164	1.38695	1.91226	3.56536	7.10324	7.77491	6.26951	4.77136	3.76226	3.10382	3.44447	4.38534	3.9375	4.94183	5.42067	5.78745	4.12408	2.63859	8.24653	11.1582	6.38953	4.44555	3.27147	2.00867	1.46432	1.59809	4.5291	4.77116	1.82796	2.71493	5.55974	7.00265	7.00265	6.13185	4.71869	4.98887	3.63928	1.68446	2.66219	1.28053	2.66225	4.20309	5.04193	4.1392	3.93738	4.43495	4.65191	4.26964	6.10112	6.3333	0.905578	4.70855	2.76092	2.71493	7.19389	7.37827	5.88339	6.40911	7.98008	6.40911	4.90056	5.7794	6.56204	10.5717	9.75661	1.06555	9.29722	7.9026	7.58254	10.4398	7.97976	5.14895	2.31445	0.90556	2.49131	6.86422	12.2479
1.51702	2.07779	0.732185	1.25556	1.28046	1.74858	1.52739	1.68433	1.82785	2.83916	2.31432	1.9608	0.502282	0.397095	0.905483	1.00454	1.13703	1.38681	1.51702	1.51702	1.63692	2.31428	2.66787	1.43151	0.177592	1.81048	2.30746	2.38133	2.54112	2.48474	1.588	0.732203	1.00454	1.19118	1.43153	1.52739	1.82785	2.13756	2.00846	1.06543	1.28046	2.80579	2.86676	2.58407	2.33456	1.0354	0.177592	0.355181	1.06543	0.905483	0.794185	1.58806	2.75489	3.82804	3.77032	4.04307	3.59133	3.27117	3.41205	1.98477	0.956295	2.15947	2.92642	3.79519	4.26919	4.15395	3.79519	4.08167	5.62595	5.77882	4.77089	5.94826	5.88259	4.72806	4.55632	5.49696	5.10885	2.63817	3.13871	3.09844	5.70836	12.9881	17.0258	15.6577	14.6228	14.877	14.5326	14.4237	14.5326	13.1601	8.9984	4.22866	4.13862	8.28098	7.03463	3.01622	5.25955	9.15797	10.7575	8.60959	2.86123	4.96017	9.85326	9.09786	13.7602	12.5911	9.05573	9.59922	15.4299	16.9748	11.5269	6.6059	9.72909	2.27316	6.48518	7.41294	9.77268	7.98463	4.04291	3.69026	3.26142	1.98471	0.397095	0.710335	7.28267	10.9412	3.65615	5.14854	7.27646	7.15876	2.71459	0.251146	1.85345	1.24295	1.35223	2.6382	1.98479	2.66788	7.50176	6.82715	1.8535	2.70875	4.77069	6.01582	3.89287	1.51697	5.03819	7.14584	6.92844	6.01595	4.98844	3.29985	3.901	4.09305	4.04698	7.12224	10.3797	10.5254	8.41174	5.35356	2.13013	4.67807	6.00812	6.01595	6.21166	6.76826	6.87488	5.64532	4.62112	4.18399	4.05083	3.17369	1.8872	1.46417	3.58693	6.55184	6.32044	1.25558	9.05712	7.87031	2.13756	2.5411	6.02625	8.49125	4.43096	1.52739	4.53919	5.55634	5.98761	6.47583	6.88384	6.47583	5.71923	4.52883	4.96332	3.72419	4.60754	10.0209	9.38757	4.51831	2.38782	2.024	1.25558	0.397111	0.95626	3.81973	5.15753	3.01635	4.93501	7.60003	8.72261	7.97925	6.43017	5.43155	7.97118	6.33264	3.36566	5.16353	2.51	4.28728	2.13745	1.91199	3.412	4.11219	5.07229	6.03929	6.13121	5.45442	5.04125	1.98479	4.25806	2.47209	2.33456	5.35921	7.37764	8.22745	10.2228	11.8949	11.7068	9.24243	8.31824	6.27388	4.3776	8.43683	4.28364	5.16374	9.33095	10.0663	13.087	12.638	11.3912	10.2818	10.8798	11.3334	15.333	12.6568
0.905385	0.397077	0.177577	0.956176	0.502238	1.43137	1.25549	1.96065	1.82769	2.49083	1.28035	0.502264	0.177577	0.251124	0.397077	0.502264	0.732139	0.956211	1.29258	1.52725	2.0239	2.7144	3.02122	2.3678	1.03531	1.08002	1.63675	1.82769	1.96065	2.63797	2.5408	1.08002	0.35515	0.397077	0.887837	1.19108	1.9846	1.88704	1.51689	2.22387	1.92003	1.46404	1.9846	2.36785	3.37472	2.66765	1.63678	1.28035	0.794115	1.78404	2.31412	2.52228	1.82769	0.905385	0.532716	1.38662	1.52718	0.532716	2.5097	2.66174	1.63678	2.54082	2.41385	1.42033	0.887837	0.905385	0.732121	2.88827	4.78344	4.15358	4.40236	2.92617	2.30726	4.7078	5.37628	7.51762	7.11269	4.25769	3.91668	3.36547	6.79949	12.2566	13.935	12.6265	8.49077	7.63778	7.20785	7.9882	9.45967	10.4454	9.78771	7.36036	5.49952	5.82098	6.19084	5.41657	4.2133	3.48449	5.71327	3.88867	4.13449	5.03482	8.4689	4.76721	9.90739	7.66359	4.05032	3.76154	4.77047	8.0627	11.3795	3.93674	9.91499	2.84445	5.90588	7.24177	11.9008	9.77184	4.04261	3.61703	3.61703	3.21267	2.27296	2.66181	6.95446	9.45597	3.05234	6.7193	6.89431	5.18426	1.19108	0.39706	1.38662	1.43134	2.4654	5.21126	5.07494	5.6227	8.09485	6.4366	1.95259	4.40213	4.04256	5.03456	3.49794	3.26113	6.98996	6.17837	4.04644	3.93655	2.75458	1.67482	2.70272	2.50965	1.46404	3.81953	6.33974	8.19866	7.93021	7.11287	4.37737	3.03677	4.15337	2.93679	2.7144	3.59104	4.15358	3.79066	2.22397	2.07003	2.66174	2.31407	2.25908	3.65595	7.06922	7.31821	2.66181	1.38662	6.03848	8.94276	1.25545	1.92003	6.86267	5.59747	3.23706	7.92631	8.85226	8.04754	5.4654	3.81953	3.44381	3.06257	1.03536	1.03536	4.37722	2.80545	6.33945	12.2163	10.1432	6.63599	3.52046	2.02388	1.25547	0.956211	1.50648	3.38867	5.31497	3.65595	3.76154	3.87238	1.77525	3.01596	2.38761	2.77161	9.94396	8.15329	4.57288	7.90853	2.27296	5.41657	4.44476	3.76167	1.63675	1.24285	2.02388	2.02388	1.88704	2.15932	3.49346	1.78404	3.2563	3.05219	1.43137	1.68413	3.4117	2.95293	5.32375	5.31499	5.62546	5.4654	2.54088	0.732139	1.43138	5.63349	6.79015	2.95279	1.98462	4.38438	8.58363	9.16193	9.72861	9.64257	10.4729	9.57144	11.6646	2.7774
1.51673	1.28021	1.77506	1.58776	1.77497	1.43119	0.251097	1.43119	0.177558	1.63655	1.38654	1.35202	1.25536	0.753293	0.561462	0.887744	1.12285	1.12285	0.95611	0.640185	0.732044	1.13675	2.30697	2.68496	2.58357	2.55914	2.55914	2.41369	2.02366	1.67457	2.24477	1.81016	1.58776	1.58776	1.50633	1.58776	2.12972	1.28021	0.887721	1.68396	3.06224	3.02099	2.31388	1.35202	1.75714	1.96042	1.43126	1.07993	1.35202	2.84413	2.07739	2.02369	2.25884	2.13715	2.06982	2.24484	2.54061	2.3676	1.25534	1.52702	0.753293	1.82742	2.02359	1.1909	0.502212	1.07991	1.67465	4.83486	4.46174	2.1664	1.91992	1.8275	1.68401	0.561462	2.3676	6.91149	8.6344	7.32592	6.87349	5.62211	5.73157	8.12983	3.79427	7.59221	5.55809	6.25284	6.33174	6.40722	7.49244	9.45062	11.3628	10.1393	8.62045	7.90028	7.41169	7.17263	7.62272	6.01739	1.12282	5.76133	7.37609	3.75706	7.54127	4.94024	10.1391	13.6813	14.2563	12.9719	8.57582	3.5643	8.04443	3.74037	9.22213	3.91627	4.98743	7.07058	12.6726	10.8052	3.98363	3.19765	4.17189	5.09891	5.00944	5.17184	5.86302	5.28193	4.37692	5.31441	3.17295	2.777	0.887744	0.710198	1.46385	1.85309	2.75995	5.25532	2.54056	2.02361	6.27236	5.25827	2.31377	5.51281	4.22764	2.19518	6.23048	8.20346	9.16098	8.31655	8.60796	8.27975	6.23048	4.63712	4.48282	4.60666	4.13425	2.33414	2.54056	5.32319	5.14755	4.81221	3.23666	2.66153	5.55525	7.0599	6.91168	3.65556	2.5835	2.12972	2.50943	3.65128	4.25357	2.777	0.53266	2.77132	5.9445	2.9096	4.83486	5.39603	5.15668	7.50645	2.24477	2.06972	6.9958	3.54663	7.93893	7.46759	4.38766	5.49883	5.41611	4.72715	3.90426	3.01564	1.74817	1.19095	2.55902	3.4435	9.35488	10.9925	3.96391	2.24484	1.46388	1.07993	0.956076	0.502185	0.640154	1.29244	3.93621	3.36972	2.86065	3.98363	1.68401	4.08069	3.44333	4.31199	9.9201	7.00022	5.46745	8.70472	2.58357	5.71813	7.39306	7.59251	6.42894	4.47238	3.19773	2.31388	1.43126	1.42018	3.17295	1.98433	2.61974	4.08078	4.01903	4.40189	5.15668	3.56875	2.16629	3.9163	4.47238	3.14323	0.561462	0.53266	1.00429	5.59688	6.96927	3.34628	0.397018	2.8661	6.10698	7.54764	8.808	7.15334	5.55528	6.09954	8.48963	7.28128
1.38642	1.2801	1.91152	1.58762	3.27009	1.1908	0.753188	1.1908	0.640098	0.887666	1.43113	1.3519	1.25525	1.25521	1.52688	0.956027	1.12275	1.12275	0.887666	0.731998	0.955992	0.396983	1.6364	2.13692	2.38067	2.55892	2.55892	2.38728	1.75708	0.397	1.42005	1.81001	1.58762	1.58762	1.50619	1.58762	2.12953	1.46376	0.640129	0.905229	2.52179	3.02072	2.31367	1.3519	0.251075	1.3519	1.78372	1.24261	1.96025	3.03618	1.98424	2.02351	2.25864	2.16621	2.06964	2.24465	2.41345	2.66714	1.25523	0.561413	0.753227	1.35185	2.02341	1.43107	0.502168	0.887644	2.68473	5.45277	3.72737	2.13696	1.88667	1.82734	1.96027	1.52688	2.3674	5.28167	8.12936	7.45046	6.98884	6.09896	3.87175	5.41832	1.35185	4.78579	5.51262	6.13202	6.33119	6.43562	7.99238	9.12879	11.2507	10.4665	8.79518	7.54097	6.9289	7.31681	7.46694	4.59608	4.04178	7.92843	6.77301	3.49742	10.19	10.0058	8.22893	12.8306	14.3846	15.2764	12.0772	3.03108	4.13369	3.65527	7.6461	3.91592	4.09194	7.06997	13.3627	11.9845	4.21246	2.41345	3.59035	4.83458	5.009	5.20744	4.0497	0.561431	5.16224	3.98342	1.00426	2.07714	1.07983	0.710135	1.06513	2.07714	1.25518	4.52736	2.75405	2.47131	6.76603	5.75534	1.82726	6.50474	5.4527	3.56829	7.11152	7.83517	8.14257	9.51367	9.26279	7.90742	6.15981	4.83458	4.48242	4.4404	4.01088	2.66123	5.55454	6.10645	4.98705	3.76087	2.66123	3.23644	5.17139	6.92673	7.19143	7.86813	5.88884	2.12953	5.22811	4.04194	5.83589	4.96181	0.397	4.26778	5.69832	0.731979	7.21473	5.69858	4.75314	3.54623	3.17267	2.06954	6.00378	2.9256	9.62783	6.54063	4.59608	5.03687	5.41564	5.32276	5.3256	4.71665	2.95222	1.13671	0.710135	3.99909	8.9275	6.95313	1.77486	2.0079	1.2801	1.24261	1.67442	0.502141	0.887621	1.59747	3.36943	3.93586	2.48404	4.21246	1.96027	5.06449	5.17113	6.04507	8.27869	4.01847	5.94661	7.97665	4.38354	5.40419	7.36735	7.68854	7.15697	5.11066	3.138	2.31367	1.78372	1.42005	3.17267	2.70799	0.905229	2.93634	4.01868	4.38728	5.15624	4.78252	1.67442	3.05175	4.42984	3.14296	2.52166	1.1908	1.00421	7.55489	6.49046	1.91145	0.177542	1.43111	4.04194	6.49075	8.58228	7.81152	5.384	7.03289	6.51925	13.5702
2.75961	2.0233	1.60716	1.25511	3.1375	1.43097	1.07973	1.06503	1.46362	1.51646	0.887588	0.355047	0.177525	1.35171	2.07693	1.07973	0.73193	0.887558	0.887588	0.95594	0.90512	0.251049	1.19067	1.1226	0.710067	0.710067	0.731906	0.396942	0.887588	1.63629	1.13661	0.561356	0.532562	0.73193	0.753161	0.887558	1.46357	1.43097	1.35178	1.96008	1.82718	1.67435	1.29221	0.731906	0.396965	1.19074	1.95203	1.25511	2.4131	2.5089	0.355047	0.731906	0.396942	0.73193	0.90512	1.25505	1.035	1.43092	1.80984	1.88651	1.63632	1.91135	2.86016	2.8875	1.82718	0.887588	2.86005	5.1069	2.30653	0.640073	0.502088	1.27999	2.70206	3.96331	4.38325	2.77098	3.05128	4.60913	5.58772	6.17677	5.00857	4.6193	2.38707	2.86569	2.55869	2.19484	2.41326	3.17252	3.78948	0.95594	4.35801	4.78531	5.16184	5.0643	4.8727	4.26745	3.00984	1.19074	6.81997	9.70984	5.96695	3.59003	11.0559	14.0472	9.63352	6.29626	2.4838	9.65677	15.7859	15.4476	11.5332	7.23989	7.78083	3.98284	2.75387	6.55871	13.4052	13.148	6.7358	3.98306	1.77469	1.2799	0.396942	1.035	1.07971	3.70162	3.17234	0.793891	3.3691	4.63631	6.18942	5.17094	3.49261	3.19706	1.98406	4.31477	3.06162	3.93548	7.92763	6.6034	3.23613	7.50916	7.14515	5.49763	8.24254	5.37476	8.09273	9.36625	6.71736	4.01053	4.35826	4.70647	4.43284	2.54005	1.41992	4.31477	8.44635	5.58758	0.532562	4.38689	5.69807	5.66508	3.73957	0.710067	2.50896	10.7081	8.96737	3.37374	6.98792	3.93548	5.06397	5.45213	2.06945	5.93036	4.12191	3.19706	7.60292	2.41314	3.1023	2.31338	4.26006	3.41084	7.03224	6.48299	5.64564	3.79379	5.46387	4.12213	2.84361	4.75246	6.98792	6.31072	2.84361	0.396942	1.35171	3.48347	8.16783	5.28092	0.177525	0.396942	0.251049	1.51639	2.41314	1.51646	1.80984	1.80979	2.27217	3.38755	1.13653	3.3127	5.3834	9.33218	8.71923	7.2419	4.83387	3.51056	9.15269	9.50478	6.57773	2.97326	1.1226	3.89954	5.53162	3.72699	1.25514	0.90512	1.25505	0.955894	3.51031	3.65042	1.27999	0.731906	1.35178	2.66106	2.50901	3.05128	3.89954	3.90354	1.82707	2.68446	4.25646	2.31347	1.63629	8.05056	6.88993	2.41323	3.81845	7.27188	9.91275	10.1851	10.9157	12.811	10.5688	9.48709	3.73948	13.6355
2.93578	2.6666	1.607	1.03496	1.38608	1.29208	0.887495	0.793809	1.27985	1.63612	1.07962	0.355013	0.396907	0.905036	1.85257	1.24237	0.640006	1.07961	0.955842	0.887495	0.561323	0.753043	1.43079	1.1225	0.709999	0.709999	0.955808	1.13643	1.07962	1.51631	1.29208	0.561305	0.396924	0.640006	0.753082	1.07961	1.06493	1.29208	1.35164	1.68354	1.82699	1.63615	1.13649	0.396924	0.731838	1.59716	1.78337	1.03496	3.15717	2.50868	0.355013	0.955808	1.13643	0.640006	1.35159	1.75665	1.03491	0.396924	1.5059	1.91938	1.67418	1.77456	2.58285	3.03563	2.31318	1.07962	2.38011	5.10645	2.53982	0.731856	1.50583	2.15845	2.50881	3.70139	4.14818	3.5633	1.1225	3.65454	5.20639	5.93	5.10669	3.65026	2.41301	2.66078	2.92504	2.33349	2.53992	3.17219	2.5399	1.43081	2.75352	3.58963	4.86263	5.01427	4.5952	2.85993	0	1.59716	7.30886	11.6049	5.9664	3.72672	8.11267	12.4103	10.4342	7.54555	4.14804	5.5956	13.3037	16.0247	12.859	11.3066	10.9073	5.69723	2.38682	5.93248	12.2806	12.7099	7.23909	5.31293	3.9628	1.77447	1.13643	1.03491	2.70747	4.14804	1.41978	1.91108	4.76847	5.32472	6.15863	5.88001	4.26709	3.78913	2.07681	4.09108	3.06133	4.98599	8.37828	6.17601	3.72244	7.98477	9.35056	4.28526	12.6049	8.03088	8.09193	8.28654	5.87997	4.01011	4.28545	4.70599	5.9664	5.20618	2.24414	4.99847	10.0567	4.25607	4.89756	5.10968	5.98475	6.96965	5.20623	2.5583	1.5059	11.8976	11.8788	2.71336	6.76251	4.98599	3.10203	4.22646	2.50877	6.37364	1.51631	6.48207	5.83477	1.19062	2.1438	2.7133	4.70583	3.41049	5.9117	6.15863	1.95987	4.51627	5.38294	3.98268	1.91938	5.70542	8.58924	5.90362	1.98386	1.13643	0.561323	2.6666	9.12828	6.76474	0.396907	0.177508	0.753043	2.22301	2.63695	1.63612	1.80966	1.12254	2.77054	3.13723	0.396907	1.74775	7.71678	10.566	7.92329	5.71108	1.38615	6.10528	9.86706	8.8124	5.65363	3.23581	4.041	5.06975	5.33631	2.80446	1.607	0.561323	0.753043	0.731838	4.50918	4.61872	1.27985	1.91929	2.80437	2.8654	2.06924	0.502071	3.03049	5.32458	4.28889	1.67418	3.73925	2.71336	1.51631	6.64015	7.57993	2.5399	5.70551	9.17843	10.2887	10.2314	11.303	13.7286	12.0875	14.3964	6.92506	6.89168
1.19045	2.33322	2.3062	2.13637	1.50577	0.639949	0.731765	0.793738	1.00398	0.70993	0.793694	0.731789	0.955756	0.793738	1.27966	0.887357	0.251018	0.887357	0.501992	0	0	0.887357	1.52643	0.904946	1.2549	1.52653	1.07952	1.13631	0.904946	0.251001	1.75659	3.19656	3.38714	3.13712	2.77044	2.06905	1.43073	1.35152	1.03486	0.561272	0.251001	0.396888	0.731789	0.90497	1.24225	1.7832	2.22291	2.63683	3.41005	1.98357	0.639908	0.904946	1.63592	1.27974	2.48333	2.66046	1.68338	1.24225	0.731765	0.731765	0.70993	0.639949	0.731765	1.43067	2.71311	2.93552	3.53209	6.02289	6.10744	4.98886	4.10986	3.7598	3.19656	1.91921	0.887417	4.54005	6.72776	5.89013	4.91007	4.76815	3.0509	1.46329	1.58708	4.2114	7.05071	7.98443	8.66682	9.23733	9.81882	9.8803	8.88255	7.61203	5.49693	3.19656	4.47074	8.28599	10.6575	11.3536	8.25258	9.46426	6.57385	3.09669	4.83303	9.17724	7.01077	4.83294	6.54103	8.6754	4.93853	4.20005	9.00494	14.5548	14.2423	7.92227	2.93552	4.53984	9.6986	10.5133	6.34624	6.13762	6.15019	3.09669	1.29192	0.752963	3.79281	4.83294	1.67403	4.15134	6.04331	4.13633	1.63597	4.04447	3.58915	3.72627	2.95153	3.78876	4.10979	5.96581	7.96859	4.99796	3.21112	7.65998	11.1524	5.55606	10.769	10.0514	8.37407	8.00523	4.81682	0.70993	0.731765	1.9836	5.59481	7.09848	5.98421	7.4914	10.9446	2.6368	8.96408	7.42134	7.34849	9.67074	8.31338	5.68586	2.684	11.1548	12.2164	4.67563	7.44612	6.02284	4.5263	6.79864	6.85979	4.42845	5.03532	11.1295	8.03036	6.7645	7.20447	7.27049	6.17559	3.17191	1.00398	2.27173	4.50871	3.93463	1.7475	1.27966	2.22291	7.32296	8.83208	3.65403	2.66037	1.9836	1.63592	0.70993	8.66453	8.97593	1.63589	3.1019	4.20029	3.92289	2.1363	0.95571	1.19045	0.639908	4.70536	6.7161	6.88005	5.94262	6.01497	7.50773	4.81047	4.04856	5.20886	8.84253	8.25596	5.03837	1.0795	4.47045	7.37533	6.73444	3.7389	0.887357	1.41964	0.793694	1.63597	1.82682	3.93463	4.14762	3.0509	3.38705	4.17022	2.71311	2.71303	2.25785	0.955756	5.69663	5.66379	1.00391	1.78318	3.19638	1.27966	4.13247	7.11801	6.33675	8.2839	10.4748	7.99776	7.55317	8.46679	8.60272	8.71384	16.2905	11.6376	10.3405
0.532408	1.51602	2.22268	2.16537	1.80931	0.887302	0.955623	1.06472	1.00387	0.709862	0.354944	0.639882	0.887324	0.793656	0.793623	0.639851	0.250992	0.639851	0.501948	0	0	0.639851	1.52629	0.561215	1.60669	1.52637	0.887324	0.39683	0.561215	1.75631	2.66609	3.13679	3.40525	3.15673	2.85938	2.06884	1.38589	1.35138	1.03476	0.561215	0.250979	0.532408	0.639882	0.90488	1.07942	1.43058	2.13614	2.66027	2.36649	0.887302	0.887279	0.561215	1.43054	1.46319	2.8593	2.48941	1.52637	1.85222	0.955623	0.955623	0.709862	0.731715	0.396847	1.07942	2.31278	2.93521	3.25457	4.93174	6.01467	5.90258	4.78394	3.48257	3.25457	2.6602	3.49592	4.35697	6.42592	6.24741	4.71507	4.64834	3.36353	3.83354	3.54487	7.32229	7.74925	8.28512	8.60223	9.20999	9.83629	9.82397	8.84722	7.73149	6.92395	3.65381	6.36522	9.79447	11.0545	11.326	8.71326	3.54487	9.50187	5.145	4.63479	11.0838	7.99475	2.333	4.78407	8.67456	8.58945	2.36643	6.89717	15.5998	15.9999	8.80017	3.40979	3.87015	7.24391	8.37117	6.13705	6.34566	7.04973	4.21085	0.731715	0.250979	4.28807	6.03502	1.98345	7.37252	6.95715	3.19616	2.13608	3.80485	3.14166	2.80392	2.88671	3.19614	5.37303	5.96526	7.04973	4.31355	2.50828	5.48489	8.99231	7.25688	2.71278	8.97872	8.99231	10.2747	7.10639	1.58694	0.396847	1.43056	3.91442	5.70449	6.09663	10.1461	11.6578	2.46409	10.0789	8.86589	7.11755	10.393	9.68697	7.10862	3.58449	8.71994	9.61774	5.24115	7.0717	5.32072	4.42814	6.37512	6.75007	4.09037	10.6827	12.5028	7.65351	6.76379	7.12624	7.06316	5.30912	3.17158	2.24371	2.77001	3.50933	3.68781	1.98339	0.354944	3.58449	7.97369	7.47835	1.78303	3.90232	2.19414	2.30588	1.58694	6.37242	10.8321	5.87866	3.75943	4.37485	3.51843	1.85227	0.731697	1.43052	1.88585	7.03217	9.21791	6.95968	6.89717	2.30597	4.25885	4.81	4.04814	5.83906	8.84172	6.99706	3.37277	0.731715	6.18729	9.66964	6.92388	3.01435	3.63649	1.00387	2.27153	2.13608	1.82663	1.74735	2.15807	3.05058	2.97239	4.16983	2.71284	4.04799	3.7593	0.887324	5.94171	5.91027	2.00702	1.13627	3.88627	2.77001	1.41951	4.7677	6.40419	8.11114	11.2688	8.12633	7.4869	7.66755	6.54751	7.09782	14.1861	10.3262	10.322
2.27145	2.16518	1.25466	0.25097	1.24201	2.16518	2.77555	2.22249	1.63569	1.80914	1.38576	1.25466	1.25466	1.03467	0.904796	0.904796	0.752871	0.904796	0.731648	0.396812	0.177457	0.639784	1.6736	0.639826	1.68299	0.561163	0.250952	0.904796	1.52624	2.19392	2.2713	1.27949	1.43045	0.887246	0.501895	1.19028	2.02255	2.16518	2.06866	2.06866	2.16518	2.41234	2.38615	1.88578	1.00378	0.639784	1.43042	1.58687	1.43045	1.03467	1.29167	0.50193	0.955526	0.887216	2.508	2.48918	1.43045	1.43037	0.904771	1.07929	1.06462	1.12222	1.12217	1.50538	0.35491	1.63561	3.58421	6.4972	8.20079	8.68794	7.42212	3.83338	2.15782	5.15379	7.20062	5.41568	3.44157	5.83326	3.93413	2.02252	2.31249	5.20774	3.93396	8.39219	7.66649	7.48606	6.86975	6.15692	4.89644	4.78365	5.77449	6.33551	8.42143	4.19924	6.62182	8.80265	6.51597	5.26153	10.2782	4.34215	8.8407	7.73035	1.98319	11.2036	9.63579	5.1448	6.24685	8.50117	12.1718	7.64241	0.501895	14.7945	16.7213	8.35564	2.55754	2.90792	6.26876	6.76274	4.39913	5.49552	8.10252	5.22556	1.41937	0.532357	5.25524	7.10129	2.3057	9.08213	7.2453	2.02245	2.14317	3.58842	2.16504	0.955572	1.5967	1.12222	6.32294	6.37413	6.42496	3.58846	1.63566	2.84251	4.83211	8.19291	4.21045	4.04369	6.81746	10.2266	11.067	10.6201	8.04224	3.61468	1.12222	3.56223	4.13168	12.043	8.99112	8.26021	12.0631	8.47224	3.93404	8.67168	8.97423	7.61626	5.72844	6.81746	6.50158	4.04758	5.78221	3.38635	1.43042	0.955526	1.25457	5.50964	12.043	10.7545	5.62172	4.88369	4.63453	4.89644	4.15083	2.63629	2.86445	3.40933	3.92197	3.99706	2.12851	2.48285	5.75806	6.82196	4.50785	2.37954	4.8962	2.31252	2.71251	3.06044	2.14317	10.8671	10.7211	5.03435	2.75271	0.396789	2.07622	3.05031	2.70102	3.21055	7.80959	11.4154	10.9775	10.9116	8.77199	8.64575	9.61734	9.94557	7.81184	5.0374	4.109	4.86127	5.64383	9.19064	9.8349	4.04369	1.77395	4.60384	2.00695	2.53907	1.43037	1.77407	4.28425	6.26919	5.77449	3.63636	2.41221	1.75613	3.36781	6.76084	7.85697	8.05735	6.38402	3.91409	3.19594	5.27899	4.95939	1.74726	2.41234	0.887216	4.88335	8.43586	6.18937	3.98153	3.56655	3.44134	4.21042	10.1614	8.52112	9.98655
2.37929	2.41206	1.60638	1.03451	0.955474	2.30552	2.70656	2.13573	1.67353	1.80896	1.4303	1.25452	1.25452	1.03456	0.904706	0.904706	0.752792	0.904706	0.639759	0.532306	0.396754	0.887108	1.91855	0.731574	1.68284	0.561106	0.25093	1.68284	1.68289	1.29158	0.79347	1.27936	1.38562	1.07921	0.501851	1.43028	2.14306	2.13573	2.06844	2.06844	2.13573	2.3859	2.41208	1.98309	1.41923	1.88549	1.98303	1.5867	1.38562	1.2545	1.51567	0.501877	0.731556	0.639759	1.80896	2.65969	1.78269	0.396771	0.561106	0.887131	1.46287	1.12211	2.06834	1.50524	0.79347	2.30544	6.09529	8.11528	8.44271	8.28354	6.94945	6.44854	7.34392	4.75041	8.9053	10.0769	5.14411	5.83268	4.83173	2.02232	1.52608	4.07809	2.41208	8.14709	11.6147	8.80902	6.87802	6.40296	4.9592	4.98739	5.77389	6.64948	10.8426	7.10067	6.86867	11.2159	8.24991	5.40109	9.89394	8.85894	4.5144	10.3254	1.51567	8.92237	9.42481	5.13213	6.76927	8.34786	13.4394	11.0507	2.50772	14.7933	17.8623	8.10938	2.55732	2.65963	6.76215	6.26821	3.15596	5.25184	10.302	6.18361	3.17084	1.19011	6.74384	8.0734	2.48892	9.08135	7.48715	2.46988	2.14298	3.58811	1.43024	2.30544	2.63593	2.70064	7.26804	9.08301	6.9068	3.14105	1.51572	2.33259	3.90168	7.97217	7.18488	1.29158	5.96412	7.42958	9.59583	10.9804	10.1963	7.59935	2.70064	3.96133	6.08249	14.1762	3.10083	12.7018	10.3607	6.43186	5.18029	8.43512	8.05444	6.79418	5.58503	4.43071	3.51757	4.5144	6.47959	2.84226	1.19016	0.731556	1.75597	5.50916	9.39242	8.30356	5.62115	4.92134	4.6475	4.88318	4.64745	2.46362	2.19372	3.88954	4.83482	3.78768	1.5867	3.69986	7.03527	4.6574	1.50524	3.19062	4.28368	1.82628	2.31227	3.06015	3.10083	7.98187	13.0804	6.98462	3.4228	2.13562	2.33259	3.04999	2.50785	2.70074	5.42691	9.37502	10.9326	10.3681	8.71523	8.55964	9.39289	9.98702	7.81104	2.71231	2.52034	4.757	5.77386	9.37965	7.11599	1.29158	0.354876	3.26825	2.24335	1.43026	0.396771	2.48261	6.01339	6.4247	6.26849	4.34172	1.29158	2.25722	3.03447	6.1361	7.86397	6.87799	4.89586	3.9137	3.25394	6.14846	7.65773	3.31112	2.63602	2.22216	3.63579	4.98408	5.85919	5.31089	6.22606	4.1802	3.09581	6.36402	8.22796	10.1297
2.02214	1.78253	1.46275	1.27918	1.00354	1.38543	0.56104	0.396719	0.396719	0.955356	0.709663	0.396736	0.177424	0.396719	0.56104	0.752686	0.396736	1.00354	1.12201	1.46278	1.07911	1.25437	2.31203	0.752686	1.35095	0.904626	0.887053	1.98284	1.25437	0.56104	0.73151	1.19006	1.25442	1.07911	0.501807	1.41911	1.91025	1.88542	1.52594	0.887075	0.354845	0.177424	0.561057	1.24178	1.77368	2.8585	2.92359	1.06443	1.12201	1.46278	0.955356	0.250908	0.752726	1.63537	2.06826	1.95092	1.35095	0.56104	0.250921	0.904608	2.19352	3.09561	4.83459	4.98379	2.27101	1.77364	6.67648	7.20137	4.14982	3.25351	2.48239	7.4184	10.5309	1.19001	7.87078	14.224	8.28246	3.53074	6.17325	6.40241	6.40243	7.14801	6.49597	3.76657	12.6589	11.4015	4.91773	1.63535	1.43018	3.20995	2.37908	3.96098	11.6483	9.08225	6.18557	11.0049	8.97266	3.88519	5.81601	11.3804	5.66201	11.0497	5.67007	8.51938	11.6793	9.28636	5.85614	6.33408	12.704	12.5028	5.00855	13.798	18.5835	9.20698	3.69953	3.61393	7.44528	6.15543	3.26792	5.85588	10.7652	5.62869	3.68678	1.13589	7.50086	7.16704	4.95865	8.90453	6.48617	2.13543	1.75582	3.19518	1.41911	3.01337	2.65946	4.98375	7.65716	9.9417	7.2949	4.28331	4.13494	4.6772	4.4829	8.4035	8.48315	2.37908	7.41853	8.03876	8.31607	6.47929	5.01165	9.67969	8.97625	1.85175	6.75929	15.8092	0.501807	15.0966	6.725	4.83138	6.71357	9.14248	8.8169	8.1636	9.22229	9.98466	7.24228	6.85693	7.10442	4.18005	9.37422	11.9971	12.3044	9.97553	6.55745	4.07763	3.53074	4.0393	6.6373	9.98616	12.3536	11.6142	7.87889	6.13547	7.41853	7.10683	8.0731	8.4293	4.60649	2.55722	4.76313	4.47945	2.65946	0.56104	1.52587	2.51999	5.63972	3.6527	13.1742	9.24331	4.55192	3.61393	3.23423	1.74692	1.27925	0.639703	0.250921	1.74692	3.13591	3.88938	3.58797	3.14087	2.14287	2.68298	5.10715	5.69458	4.13095	5.92722	7.44357	4.61664	4.13114	7.20173	6.24817	2.41187	1.19001	1.0791	3.19531	4.68713	5.32208	1.35095	2.70619	3.56162	4.53832	3.75424	4.7235	3.91336	3.83265	3.38584	1.52594	1.91847	5.52587	5.70291	5.61766	6.86836	5.50332	2.33239	2.41185	5.31056	7.25495	8.34714	10.1775	6.33408	1.5865	1.88532	0.955356	2.48239
2.02193	1.43003	1.06431	0.793317	1.00343	1.13578	0.560981	0.177406	0.177406	0.731415	0.709588	0.532203	0.396677	0.177406	0.560981	1.25422	0.532203	2.00625	1.80858	1.77349	1.24165	1.25424	2.80273	1.25422	0.904513	0.904531	1.07898	1.74667	1.25424	1.52571	1.2913	1.13583	1.25428	0.886982	0.501754	1.00348	1.77354	1.91827	1.52578	1.079	0.793317	0.396677	0.560998	1.079	1.46263	2.48213	3.81572	1.46259	1.80858	1.27911	0.532203	0.752607	1.25424	1.74674	2.06804	1.38535	0.904513	0.560981	0.250895	1.35081	2.86364	4.68655	4.51374	6.01226	3.56121	0.354808	5.93943	7.44451	5.39114	4.46834	2.8582	6.49506	10.9983	5.39114	4.68664	16.2179	13.5752	3.32947	5.53651	6.33368	6.4307	7.00785	8.11373	4.76239	8.97361	13.096	6.71058	2.75193	2.33211	3.20962	2.27078	3.56121	11.6471	9.79509	4.46834	8.11352	8.97173	7.00089	2.6176	9.57002	6.01237	9.44227	7.70237	6.96366	10.6495	9.91673	6.43063	7.96291	12.229	12.5015	6.71272	11.8921	18.806	11.6317	5.06679	4.47884	8.17557	6.40144	4.76239	7.05357	9.32086	3.88475	2.94995	0.396677	7.50008	4.46834	7.10591	7.19859	4.14565	1.38528	1.25422	2.46303	1.41896	2.77462	1.91827	4.11933	6.22499	8.51825	7.53487	5.75909	4.3553	4.83408	5.30988	10.8003	8.48227	4.81453	8.97183	9.17322	8.40302	6.65752	3.01824	7.0473	12.4092	4.67317	6.03271	16.9596	1.50496	17.6317	8.92068	4.7659	6.53553	8.54166	8.27996	7.50452	9.14851	9.93508	8.6325	9.01915	7.57356	6.3822	12.061	12.1677	12.2308	9.52745	4.3732	0.752647	3.25332	4.03888	8.46086	11.2581	12.1981	12.5315	9.21463	5.55051	8.17385	7.80747	8.79712	7.9806	4.98317	4.3083	4.81472	4.0078	1.91827	1.52571	1.52571	2.51972	5.88696	1.91827	11.812	11.05	5.20324	3.61355	3.44043	1.85156	1.27911	0.88696	1.03431	1.98269	3.42227	3.88897	3.72457	3.7245	2.36557	2.30508	4.89481	7.35301	8.03761	8.91052	7.34288	5.41138	6.39915	7.24364	7.33857	5.65019	0.532203	3.6864	4.2536	4.8308	3.23395	0.560998	1.07898	2.76909	4.4405	3.38548	4.723	4.61615	3.96068	3.65243	2.71174	4.31189	6.51427	4.7495	2.48844	6.27473	6.26232	3.44043	3.38538	5.20345	7.0473	8.49873	12.5452	8.90526	0.709588	1.63512	0.532203	1.77354
1.12179	0.354777	0.639549	0.396643	0.793247	1.07889	0.904452	0.63958	0.501737	0.532156	0.396643	0.354777	0.793281	1.0034	1.18983	1.95859	1.82577	2.36531	1.82569	1.29119	1.41883	1.51525	3.13514	1.50482	0.639549	0.904434	1.25413	1.51525	1.12176	1.77329	1.27894	0.501737	0.501737	0.532156	0.639549	0.793281	1.0034	1.12179	0.793281	0.396643	1.29122	1.58626	1.67306	1.67306	1.13573	1.03422	3.49427	2.37853	1.46246	1.12179	0.396643	1.95857	2.31164	1.35074	0.17739	0.709526	0.88686	1.95857	2.94983	2.85803	1.90981	4.35473	1.98251	3.76585	3.99558	2.53824	4.17904	6.81262	6.56317	5.54983	3.3102	4.51311	10.1814	7.88286	1.5153	14.5111	16.3612	5.68265	0.532156	2.16435	4.04624	4.38353	8.17314	10.3271	3.80322	8.59962	9.96599	11.2094	11.6594	9.50583	4.92942	1.77334	10.3575	9.24156	8.19757	10.7453	10.6963	9.05551	4.35492	7.57501	5.50774	7.05296	6.89369	2.77449	6.01944	7.41712	7.40883	8.30127	10.3575	11.4812	8.04457	10.9386	19.4165	12.8193	4.37261	5.06017	9.55636	8.96593	8.10736	8.51765	7.43564	2.61726	1.95857	2.80262	7.0267	1.18978	8.27168	4.98269	2.36531	0.396643	1.29119	1.52557	0.886882	1.77329	1.88496	2.36537	6.01172	8.37283	8.46721	7.02677	4.426	4.74908	6.79241	12.9823	11.4214	4.93559	9.32006	8.75958	6.09377	8.20508	10.6146	7.44423	12.1185	8.30862	6.71231	17.2945	8.28662	14.2254	13.6204	5.06639	3.54329	7.95267	7.2086	2.8026	5.85756	5.06963	8.37278	9.6761	8.11662	7.49332	11.0313	3.0593	1.63506	3.91261	5.66902	4.60223	2.06777	4.81425	7.7117	6.55609	1.25415	6.14675	7.93152	6.57052	6.92063	4.04221	3.91257	5.85235	10.2038	8.86187	6.25195	4.81425	3.3102	2.25659	1.13568	2.30479	5.85476	2.19316	10.283	11.3203	5.10307	2.8579	2.63517	0.955172	0.731369	2.02178	4.75567	6.00148	4.34042	1.35069	2.14238	4.59539	4.76543	5.5919	6.85577	8.63158	8.97265	7.51991	4.28627	10.3576	9.25151	5.06963	7.23432	9.7261	3.15508	6.4301	9.51384	9.56467	5.87608	1.80842	3.76604	4.27895	4.5237	4.44011	3.91257	4.76528	3.75765	4.20899	5.15169	5.92849	5.15783	7.85384	7.48326	4.03848	5.79882	4.89431	3.32918	8.59112	8.34571	3.38512	10.8174	11.4306	6.04531	5.61683	6.7925	8.73903
1.52551	1.68226	1.42975	1.25406	1.77323	2.22144	2.31149	2.16416	1.88489	1.50477	1.13563	0.79321	0.354742	0.177373	0.501693	1.2911	1.67292	1.78202	1.46232	0.904368	1.4187	2.14216	3.40311	1.7553	0.886767	1.74634	1.9584	1.80829	1.25403	0.886767	1.12169	1.50477	1.50477	1.38511	0.886826	0.396602	0.560898	0.731302	0.354742	0.560875	0.752515	1.18972	1.50477	1.63492	1.35062	0.639523	1.98225	3.36149	0.731278	1.24142	0.886797	2.02146	2.02146	1.35062	1.85122	1.46237	1.07878	2.51924	1.58603	0.532105	0.79321	3.3848	3.9002	0.79321	4.07656	3.05899	1.68226	6.61902	9.59217	9.56844	7.28671	2.07524	7.27384	10.1034	8.97225	7.41623	12.9585	13.1877	9.84922	5.55226	3.54283	1.51516	5.61885	8.62554	6.96452	2.02157	9.38949	12.9908	15.135	17.5383	18.1383	14.6293	8.63097	3.01257	11.8991	13.1242	12.3297	10.8113	8.52435	10.6476	12.048	10.4381	6.17151	3.26701	5.16618	5.90688	4.76476	6.1637	8.4392	10.6992	9.92375	8.81935	18.7592	13.1191	2.8576	5.88321	10.282	10.3215	7.95188	8.4683	6.90442	4.11861	3.7574	4.98555	4.6153	4.55059	9.85039	5.44775	2.80238	1.42975	1.29106	1.24142	1.03418	0.177373	2.30455	4.1335	5.06888	6.42915	8.00935	6.94651	4.80728	5.75563	8.43242	13.9476	16.6064	3.54295	9.74218	12.0375	8.56685	10.6872	15.435	16.3683	13.6023	10.1851	7.80621	15.6425	15.9541	3.81519	16.3943	12.7433	5.17834	11.2204	15.2778	14.2564	13.8517	10.3873	11.9881	8.19649	5.25876	9.39717	8.7587	1.13563	3.79055	4.43621	4.08806	4.37219	6.59307	6.73008	2.02157	7.24027	12.1303	9.76759	3.29581	3.01257	2.1275	4.74866	11.0377	11.2829	7.61488	7.14998	4.63235	6.01117	6.40025	3.95976	2.77424	2.92283	3.97944	1.2911	8.34442	9.97223	7.0612	5.55226	4.28214	3.7574	6.12626	8.06895	7.25302	7.48242	6.48427	1.68219	2.46256	5.16618	4.60168	5.89926	9.42159	9.8859	4.77798	5.20254	12.7208	14.7701	10.0496	5.25314	6.22384	11.2914	7.14557	0.639523	1.42972	5.17843	9.82568	8.19464	7.19973	7.7272	7.86111	8.12189	4.53365	4.35429	5.20226	4.98555	7.76458	7.82387	11.9082	12.7451	6.62851	5.55201	6.53649	3.23329	9.39734	12.5776	11.7295	6.59315	5.527	12.8621	12.9375	12.0383	11.7575	12.283
1.35043	1.60562	1.60562	1.42963	1.50461	1.58595	1.58595	1.58595	1.42963	1.1896	1.0032	1.12157	1.12157	0.955022	0.731229	0.396583	0.177356	0.886689	1.03402	0.396566	1.00315	2.13461	3.51591	2.25615	1.03402	2.63467	1.90945	1.0787	0.560841	0.177356	0.793128	1.0032	1.0032	1.0032	1.12157	1.2413	0.90426	0.396583	0.709389	0.396566	0.396583	0.396583	0.396566	0	0.639426	0.396583	0.793095	2.37807	2.41085	0.177356	1.06402	2.1273	3.36119	2.00569	1.58595	2.15663	0.793128	1.80807	2.75123	2.41094	1.58595	1.46222	4.61477	3.0484	3.4936	4.67184	2.84092	3.88788	7.07798	8.86008	7.78155	3.75268	2.41092	6.5527	7.92048	4.76457	3.19403	9.64794	10.952	9.66821	7.33641	3.2572	3.40747	2.88464	6.31941	7.14495	2.85735	2.27014	3.97927	8.71118	13.9309	14.9734	8.89633	6.33163	10.649	8.03734	7.08655	6.19335	4.4252	5.97965	8.19613	8.23527	5.90666	5.84318	6.71101	7.58988	7.57373	8.45849	8.79789	9.43967	9.66333	4.17823	16.4995	15.1488	3.91976	5.77088	9.34268	10.6009	8.73696	7.85989	5.20179	3.1941	2.50666	2.83539	0.639457	8.4547	8.35107	2.85743	1.80811	1.80807	1.46222	1.59579	0.73121	0.886689	1.68204	4.9942	5.48969	6.34147	9.51166	8.64043	4.38246	2.58057	2.70528	7.99152	17.1417	10.6602	8.42585	16.8933	12.4709	4.95675	6.75933	9.68874	7.96877	5.6597	2.80206	11.2653	18.3728	6.39966	12.1638	16.4585	11.2811	6.42168	11.8494	11.9294	8.98662	14.9037	18.3371	7.23506	2.02128	8.53206	3.16934	4.25241	5.87503	7.44074	7.44282	5.29972	6.86774	4.95662	6.88346	12.0872	13.1432	12.6325	10.4254	7.3091	3.19408	9.2251	9.92308	7.77377	1.85098	8.46919	2.13468	4.13313	8.46911	6.12533	3.13966	3.65141	2.92254	1.06402	5.54874	7.50838	7.6544	7.23508	5.13261	3.65141	6.76605	6.03131	3.91182	8.36565	6.6461	1.27869	1.63466	4.67187	5.87482	7.02752	8.19577	5.3084	3.09937	7.71024	10.8654	8.49823	3.65144	2.41082	5.64033	11.078	5.6924	6.86802	8.1437	4.90632	11.078	12.6993	3.9949	3.80249	3.50718	4.9536	4.9283	2.55611	7.13846	1.13552	5.92477	5.49272	9.01358	6.27299	7.13846	8.42576	4.51227	2.71103	10.268	5.3084	8.43119	9.90291	2.93315	5.44721	7.14529	6.74562	5.387	4.60475
1.8508	1.42947	1.24118	1.13542	1.6346	1.67259	1.27864	0.6394	0.250785	0.532003	0.501596	0.731161	0.954936	1.18949	1.52522	1.75508	1.52522	1.59564	1.46204	0.177339	1.03391	2.3844	3.00668	2.13447	3.09417	3.54227	2.4812	1.58581	1.38484	1.35036	1.4295	1.38484	1.13542	1.00312	0.793057	0.639359	0.904169	0.6394	0.532003	0.250803	0.250785	0.396548	0.731161	0.6394	0	0.354674	0.954936	2.4107	3.54667	2.02118	0.6394	0.793057	3.55986	4.252	2.02118	0.639359	1.46208	1.00312	0.639359	0.177339	0	0.793013	5.58997	5.09245	4.78033	6.90303	5.14119	1.46208	4.91511	7.73914	7.14421	5.69997	2.92227	3.55991	3.91144	5.06486	3.26632	3.93135	8.02321	9.17786	7.95037	4.42475	1.67259	1.0786	5.69181	8.30614	4.10627	5.46103	7.72774	8.323	1.68194	7.82206	9.62314	12.298	11.2004	6.95186	5.88471	4.67471	1.59564	1.13534	1.38475	1.24118	4.28124	8.10315	10.3883	12.313	13.0165	12.3669	9.35671	6.86704	7.43347	7.1446	14.6573	13.4752	3.723	5.14107	8.936	10.9369	9.66235	7.86884	5.0092	1.38475	1.27864	1.12143	3.43912	9.50909	5.93717	1.91756	2.86269	0.560767	3.56438	5.59034	5.97918	5.46103	2.933	2.33122	5.6674	7.11208	11.1685	11.7003	8.34319	6.98094	4.67499	3.73556	15.4119	15.335	5.20148	16.0085	15.2367	6.07901	2.4106	3.91953	4.46691	2.26994	1.91744	10.7976	16.6831	8.46476	7.68539	15.774	14.8105	6.57078	3.38415	1.958	1.8508	18.2116	20.6736	2.76788	6.79021	7.41687	0.56079	4.64459	4.74749	5.83197	5.77068	4.51206	4.67139	4.39622	10.3137	13.0056	5.36915	7.04472	11.0678	12.1774	4.17808	10.8916	7.65355	9.94461	6.09948	9.78376	5.65925	6.30432	10.7713	8.45383	2.63439	2.4106	2.14186	3.75641	7.67957	7.91389	6.34103	3.42084	4.25203	4.35369	5.48914	2.22088	9.44688	10.7268	6.53547	1.91756	2.86255	6.37981	7.75522	7.53211	7.13772	4.61442	3.6466	8.21543	8.89508	4.42467	3.7357	5.15628	7.23215	7.82585	4.50517	10.0522	10.2013	11.3004	9.03107	12.75	4.43863	4.53617	5.12927	6.2451	7.63146	4.52243	7.59503	2.07484	4.54972	3.71889	3.8873	4.85774	8.85383	6.59652	7.87521	9.81665	8.63096	0.904169	8.0688	9.56622	4.35345	2.36469	2.97014	3.65109	4.88046	8.10532
3.25178	3.15402	2.2697	1.63443	1.1353	0.35464	0.560733	0.501543	0.904085	1.74592	1.7727	1.1353	0.639333	0.250777	0.177322	0.396507	0.792975	1.59549	1.95782	1.18937	1.41829	2.93258	1.77261	2.36446	4.53571	4.51159	3.56401	2.90588	2.65799	2.55574	2.51866	2.51866	2.51866	2.50618	2.38431	1.88433	1.00301	0.396507	0.35464	0.250777	0.560715	0.177322	0.250777	0.639333	0.904085	0.73107	1.85063	1.7727	3.58148	3.69751	2.68143	1.35017	1.59549	3.86684	3.09878	1.06381	1.35022	1.29069	0.396507	0.709253	0.177322	1.13524	6.26408	6.02988	3.93111	8.4245	11.2993	8.24846	5.1558	8.42959	8.29812	8.49468	7.11148	7.80591	8.27811	9.34112	7.34957	2.76778	8.29268	10.1778	10.2295	7.63084	4.19609	4.33884	7.80382	10.6696	4.96522	7.0657	9.12259	12.8961	10.6922	1.51472	13.4166	18.2859	10.7368	5.65854	3.8016	2.83484	7.09634	11.8773	12.4929	10.9118	15.0423	20.7045	20.7148	17.5547	13.5611	12.5646	11.1209	4.85755	5.88185	14.4425	15.8807	8.28347	1.88433	5.83408	10.4864	12.6016	9.17707	5.71037	3.38371	2.69884	0.531951	2.12689	7.97662	9.22336	1.77266	3.95877	4.26271	5.15571	5.75372	6.00185	6.85325	6.47793	5.49156	3.40233	3.19342	2.02089	7.58233	12.8699	13.1139	11.2914	8.25398	2.69884	10.5195	17.7089	11.9767	7.51705	15.1303	14.7269	10.5225	3.8991	1.50432	3.01689	3.16874	8.2445	14.8356	14.0319	6.56801	11.7599	13.7079	6.34026	3.49309	3.48859	5.44616	17.4987	16.6565	9.74147	14.4015	9.50866	4.78961	5.76978	7.75632	9.16888	5.15592	6.75542	6.90257	9.29568	8.464	12.7489	5.37706	4.42435	9.34125	14.8548	6.99795	13.8316	9.22348	11.5907	10.2076	13.2757	9.05234	8.57177	13.187	11.9998	5.87372	4.71081	2.3108	9.17697	11.7043	8.29836	5.55074	2.71046	1.59549	1.80772	5.36861	6.09903	9.50826	8.65645	3.91111	3.68466	6.69812	5.75372	2.71046	7.65306	11.5008	12.2638	9.69947	4.2809	6.64726	6.99124	4.99343	8.45147	9.01178	1.12136	10.7413	13.3264	12.2397	14.0805	8.72351	11.0598	7.69877	6.16971	6.99795	10.0288	13.9949	14.9564	13.0983	9.56589	9.43022	6.28905	0.752252	4.70091	5.00264	9.93352	13.6404	11.8748	4.92753	6.20464	8.79807	7.36842	2.31069	3.38382	4.89262	7.08542	9.74144	13.4736
2.3106	2.02082	1.51458	0.709185	1.12121	1.78133	1.82491	1.4292	2.55535	2.5059	2.3775	1.90897	1.50419	1.42923	1.38458	1.42923	0.90402	0.752173	1.35003	1.03378	1.60516	2.5369	0.79286	3.15353	3.25613	2.02079	1.74576	1.38458	1.3501	1.3501	1.18926	1.1352	1.38458	1.50419	1.63429	1.82491	1.68162	1.03378	0.73102	0.5015	0.354606	0.354606	0.5319	0.250737	0.903995	0.886455	1.50409	0.5319	0.903995	2.31051	3.13865	2.36417	1.1352	3.6459	4.12815	1.07837	0.752173	1.91707	0.709185	0.954706	0.396449	1.13512	6.26343	6.53399	2.41011	3.81372	8.05053	10.1248	2.02082	9.32695	9.84497	8.29729	5.33029	4.98364	6.04238	10.4854	11.2142	2.90543	5.38521	6.59526	7.69801	8.36323	7.85758	6.36636	6.00628	11.5752	5.63867	6.75699	6.81157	6.70908	13.2167	8.96833	12.8773	22.1873	10.5424	4.64369	2.61598	1.68155	9.75883	13.0668	12.4029	10.1416	15.9351	18.6461	12.1622	6.46549	1.41815	6.28808	4.37782	8.81601	9.97299	11.5032	9.15648	3.5637	4.42367	4.89202	10.3569	11.6406	6.75473	4.07485	1.63417	2.41014	1.85051	4.03642	9.353	5.70439	3.15353	4.35262	1.67227	8.03303	7.11042	1.35003	1.42917	4.5316	3.19303	4.98364	6.70932	5.44576	1.51458	5.12811	8.49386	8.20094	7.95838	7.6036	3.25149	11.294	10.9719	4.1168	8.35086	14.6511	14.0759	9.86973	4.07115	2.02068	2.96946	4.89217	10.5199	12.9537	6.47491	10.1648	12.1615	4.07485	1.25352	3.0166	6.24379	14.3009	8.59549	12.1754	12.0471	7.59394	8.50087	7.6036	9.45612	8.06539	7.05608	13.3848	8.38566	10.0503	3.49278	9.55977	10.6952	4.20685	3.193	12.3806	3.02704	13.2608	5.06395	7.63594	6.18179	9.14812	3.93077	4.9332	11.0545	12.1067	8.65557	7.7297	0.79286	13.0076	11.134	3.34149	1.13512	4.38116	3.20775	7.40737	7.48401	4.67074	5.7558	11.2156	3.47915	6.12353	8.06539	0.954752	8.1582	10.9683	11.0592	9.62177	9.05155	7.40739	0.639277	5.97771	2.15602	9.20251	5.58068	8.71167	12.1067	5.89688	2.41024	7.41341	4.08649	9.19757	7.41546	3.5635	3.91861	5.22437	8.83899	10.7852	9.68927	7.91833	7.30723	7.31535	6.07785	1.41815	4.33844	7.82083	5.93642	4.47981	9.41757	9.9897	6.70911	4.78915	0.954752	3.193	4.2767	6.25858	6.71597	7.78528