																																																																																																																																																																																																																																																															
																																																																																																																																																																																																																																																															
																																																																																																																																																																																																																																																															
																																																																																																																																																																																																																																																															
																																																																																																																																																																																																																																																															
																																																																																																																																																																																																																																																															
																																																																																																																																																																																																																																																															
																																		9.00222	8.36276	7.72702																																																																																																																																																																																																																											
																																		25.8099	24.4382	25.9375																																																																																																																																																																																																																											
																										11.1548	13.5202	20.206	24.4145	26.5489	27.8059	28.9358	28.3111	25.3613	24.3493	25.7284	26.4684	20.7648	13.3792	11.1246	11.1246	11.8619	11.4977	9.57441	7.89593	7.72549																																																																																																																																																																																																																	
																										11.3348	8.29433	14.312	11.3348	4.16901	2.60843	3.12917	2.60843	1.04398	1.56575	5.72341	16.2549	15.288	5.2061	2.60843	2.60843	1.04398	4.16901	3.64939	2.60843	7.7825																																																																																																																																																																																																																	
																										17.0715	16.0056	18.3557	14.8055	10.9685	11.4097	10.0468	5.7232	1.84501	1.84491	5.8535	15.0765	14.1545	8.3457	11.711	16.2618	17.1143	16.9162	15.3127	13.4828	14.263																																																																																																																																																																																																																	
																			0.553602	1.48746	3.90858	7.89345	11.7849	13.612	15.4865	16.9168	16.5442	17.0565	13.4024	11.178	11.8245	10.1299	7.71255	3.39871	2.36186	6.11094	12.6219	10.8689	7.54269	12.9107	17.2169	17.102	17.3788	15.8916	13.9232	15.1758	13.2503	8.61013	7.14338	5.84448	4.69428		0.553602	0.553602																																																																																																																																																																																																									
																			0.521881	1.5653	4.1678	7.78026	9.31127	5.20459	6.75319	10.829	10.3247	10.3247	6.75319	5.20459	5.20459	3.64833	7.78026	4.1678	2.60768	6.23798	11.3316	8.29195	1.04368	8.29195	8.80231	0.521881	7.26731	7.26731	5.72175	10.829	9.81875	3.12826	3.12826	4.1678	5.20459		0.521881	0.521881																																																																																																																																																																																																									
																			0.412552	1.56515	4.57318	8.24517	9.29102	5.52098	8.03352	12.1117	10.7996	11.0092	8.83531	7.70469	6.98613	5.90902	9.18605	5.56041	5.1555	8.6752	11.2348	6.11808	3.13348	8.11563	6.02973	5.45999	8.78862	8.01709	6.1998	10.4258	9.5076	2.91471	2.86777	4.05643	4.90074		0.782766	0.58343																																																																																																																																																																																																									
																		0.583377	0.184489	1.56501	5.34718	9.00249	9.03899	5.77042	9.74509	13.2894	10.1074	11.0083	10.1606	7.88292	6.34357	7.38655	11.6799	8.10056	7.03535	9.71155	9.22641	1.84426	5.06267	6.92056	0.825023	6.99744	7.5998	6.99738	5.363	9.19061	8.75	2.40398	2.34679	3.79767	4.13857	2.45985	1.3043	0.583377	0.583377																																																																																																																																																																																																								
																		0.521729	0	1.56484	5.7201	9.30861	8.79979	5.7201	10.3217	13.3201	8.79979	10.3217	9.81595	5.7201	3.12735	7.26522	12.825	9.30861	7.26522	8.79979	6.75125	1.04337	5.7201	5.7201	2.60692	6.23618	3.64727	4.68522	3.64727	8.28957	8.28957	2.08605	2.08605	3.64727	3.64727	2.08605	1.56484	0.521729	0.521729																																																																																																																																																																																																								
																		0.55334	0.52171	1.48676	5.29559	9.30963	10.2146	7.42773	11.0398	13.457	8.35243	10.4338	10.6007	5.98333	2.87874	7.13736	12.4674	8.54024	7.56087	11.2142	9.43564	5.59223	9.2693	13.4165	16.418	16.6714	14.2794	12.7411	11.559	12.8243	11.6917	7.33791	5.6132	5.20279	4.23468	2.58716	1.65961	0.760482	0.55334																																																																																																																																																																																																								
																						7.73608	10.8972	9.3211	12.2804	13.702	7.33686	10.4328	12.1005	6.49782	2.36053	6.87982	11.7192	6.56948	6.28864	15.3384	14.0954	5.83839	8.55922	13.2254	16.6918	16.2298	14.066	12.3485	11.4234	12.2534			5.46716	4.6557	3.44145																																																																																																																																																																																																												
																						6.13979	11.7565	10.763	12.0942	12.2009	6.38831	10.4973	13.6469	10.4104	7.08247	7.44658	11.7127	7.80375	9.91965	22.171	22.1262	15.2692	14.0592	12.6687	10.5347	8.13666	7.40205	7.30477	6.65257	6.25608			1.52042	1.65931	0.940261																																																																																																																																																																																																												
																							14.4652	11.7267	10.1397	8.92485	4.63294	8.75543	11.9787	10.7531	8.60353	6.4373	11.4729	9.76073	12.8207	25.4209																																																																																																																																																																																																																											
																							15.7568	11.8237	8.79569	7.26182	2.60568	6.23325	8.79569	7.77438	7.26182	4.16462	10.8209	9.81139	12.3224	24.9004																																																																																																																																																																																																																											
																							14.9072	11.7532	8.19874	7.44443	6.57999	10.7604	17.192	21.0902	22.2375	22.1478	26.506	28.1836	26.2081	24.4819																																																																																																																																																																																																																											
																						6.57146	13.1887	11.5033	6.48709	5.70774	6.36257	10.7594	16.3796	20.6512	21.9952	22.146	28.4423																																																																																																																																																																																																																														
																						6.23156	12.3191	11.3202	5.19922	2.60497	1.04259	6.23156	4.16349	4.16349	5.19922	4.16349	19.5385																																																																																																																																																																																																																														
																						6.23089	12.3178	11.319	5.19866	2.60469	1.04248	6.23089	4.16304	4.16304	5.19866	4.16304	19.5365																																																																																																																																																																																																																														
																						5.48119	12.1511	13.7552	11.616	11.3994	12.0245	14.3788	14.5169	15.5543	17.8077	17.9044	18.7746																																																																																																																																																																																																																														
																								12.3574	11.4138	11.279	12.1347	14.8541																																																																																																																																																																																																																																			
																								7.25711	4.1619	1.0422	2.60398	8.28035																																																																																																																																																																																																																																			
																								6.84606	7.65285	8.3157	8.12892	8.08588																																																																																																																																																																																																																																			
																																																																																																																																																																																																																																																															
																																																																																																																																																																																																																																																															
																																																																																																																																																																																																																																																															
																																																																																																																																																																																																																																																															
																																																																																																																																																																																																																																																															
																																																																																																																																																																																																																																																															
																																																																																																																																																																																																																																																															
																																																																																																																																																																																																																																																															
																																																																																																																																																																																																																																																															
																																																																																																																																																																																																																																																															
																																																																																																																																																																																																																																																															
																																																																																																																																																																																																																																																															
																																																																																																																																																																																																																																																															
																																																																																																																																																																																																																																																															
																																																																																																																																																																																																																																																															
																																																																																																																																																																																																																																																															
																																																																																																																																																																																																																																																															
																																																																																																																																																																																																																																																															
																																																																																																																																																																																																																																																															
																																																																																																																																																																																																																																																															
																																																																																																																																																																																																																																																															
																																																																																																																																																																																																																																																															
																																																																																																																																																																																																																																																															
																																																																																																																																																																																																																																																															
																																																																																																																																																																																																																																																															
																																																																																																																																																																																																																																																															
																																																																																																																																																																																																																																																															
																																																																																																																																																																																																																																																															
																																																																																																																																																																																																																																																															
																																																																																																																																																																																																																																																															
																																																																																																																																																																																																																																																															
																																																																																																																																																																																																																																																															
																																																																																																																																																																																																																																																															
																																																																																																																																																																																																																																																															
																																																																																																																																																																																																																																																															
																																																																																																																																																																																																																																																															
																																																																																																																																																																																																																																																															
																																																																																																																																																																																																																																																															
																																																																																																																																																																																																																																																															
																																																																																																																																																																																																																																																															
																																																																																																																																																																																																																																																															
																																																																																																																																																																																																																																																															
																																																																																																																																																																																																																																																															
																																																																																																																																																																																																																																																															
																																																																																																																																																																																																																																																															
																																																																																																																																																																																																																																																															
																																																																																																																																																																																																																																																															
																																																																																																																																																																																																																																																															
																																																																																																																																																																																																																																																															
																																																																																																																																																																																																																																																															
																																																																																																																																																																																																																																																															
																																																																																																																																																																																																																																																															
																																																																																																																																																																																																																																																															
																																																																																																																																																																																																																																																															
																																																																																																																																																																																																																																																															
																																																																																																																																																																																																																																																															
																																																																																																																																																																																																																																																															
																																																																																																																																																																																																																																																															
																																																																																																																																																																																																																																																															
																																																																																																																																																																																																																																																															
																																																																																																																																																																																																																																																															
																																																																																																																																																																																																																																																															
																																																																																																																																																																																																																																																															
																																																																																																																																																																																																																																																															
																																																																																																																																																																																																																																																															
																																																																																																																																																																																																																																																															
																																																																																																																																																																																																																																																															
																																																																																																																																																																																																																																																															
																																																																																																																																																																																							0																																																																								
																																																																																																																																																																																							0																																																																								
																																																																																																																																																																																							17.9186																																																																								
																																																																																																																																																																																	0	0	0	9.72502	15.4059	16.2458	18.0765	18.7134	19.5259	21.3529	22.6071	22.6983	23.9506																																																																		
																																																																																																																																																																																	0	3.10732	8.56611	16.89	18.2225	13.5228	14.4217	16.0396	18.7009	20.8396	21.5783	22.6798	32.3246																																																																		
																																																																																																																																																																													0	0		0	0	6.92026	12.8949	17.4171	16.9306	14.7097	15.5406	16.3389	19.3651	21.3	21.6987	22.6946	28.9667	37.0268	39.7268	40.7037	42.4832	42.3836	40.1731	40.3456	31.5499																																																										
																																																																																																																																																																													0	0		0	0	8.72734	13.702	13.702	12.228	10.7375	9.23212	4.64622	8.2212	8.2212	4.13187	2.06862	0.517367	1.55176	1.03465	6.69531	6.18444	7.20511	9.23212	39.1008	37.8322																																																										
																																																																																																																																																																													0	0		0	0	8.72657	13.7008	13.7008	12.227	10.7366	9.2313	4.6458	8.22047	8.22047	4.1315	2.06844	0.51732	1.55162	1.03456	6.69471	6.18388	7.20447	9.2313	39.0982	37.8297																																																										
																																																																																																																																																																													0	0		2.92376	7.49795	13.1362	15.9051	16.0698	14.7025	14.5822	14.8485	12.1671	11.5382	9.95927	7.03145	6.36205	6.34396	6.91872	8.22018	10.9884	10.9884	14.2233	23.6843	43.6482	52.2211																																																										
																																																																																																																																																																																6.51434	10.8939	13.2997	14.9401	16.0682	14.5037	15.7366	16.219	11.8721	10.1246	8.62422	6.88937	6.56484	6.37432	6.83209	8.46862	10.7051	11.2841	15.953	24.2348	37.319	49.4232	51.7101	47.1221	37.6385	28.8644	23.6271																																																					
																																																																																																																																																																																8.21813	11.2319	9.22868	11.2319	13.697	11.7286	13.697	13.2078	2.58417	2.06784	4.13031	3.61549	3.10008	1.03426	0	3.10008	5.67044	7.20241	12.7166	12.2235	3.10008	2.06784	22.5493	32.6553	25.1445	20.309	24.7192																																																					
																																																																																																																																																																																13.7051	16.1931	15.4656	15.0424	15.2032	13.4135	14.2717	12.7855	3.48887	2.38259	3.85113	3.65177	2.996	1.90818	3.46499	6.99906	9.27177	10.1337	13.0131	11.5346	3.33274	2.56459	19.5019	31.9005	31.7625	31.1495	33.4628																																																					
																																																																																																																																																																									0			0	0	0	9.71677	17.6968	16.7041	15.9146	13.5815	13.3042	12.799	12.9601	10.7033	3.06181	1.88166	3.10485	3.65138	2.74015	3.10485	5.57555	8.35797	9.77808	9.96035	11.0834	9.18841	2.74025	2.13894	11.6523	24.7114	29.7209	31.264	32.9713	33.2597	25.0229	8.52125	0																																																	
																																																																																																																																																																									0			0	0	0	12.2201	17.9971	12.7131	10.7305	6.18034	8.72161	10.2306	10.7305	8.72161	1.03396	0	2.58342	3.61444	2.58342	3.61444	6.18034	7.20035	7.20035	6.69088	8.21579	7.20035	1.55073	0.517021	4.64313	13.6932	17.9971	20.757	22.9831	29.2264	28.4328	10.7305	0																																																	
																																																																																																																																																																									9.84199			15.39	15.7598	17.0718	18.2871	18.9603	15.2588	12.8406	9.10754	10.755	11.5026	10.2438	7.31238	0.931967	1.29232	3.02281	4.13678	3.67342	6.1076	10.1687	12.2605	12.0797	10.1814	8.54458	5.95471	1.17022	0.408711	3.75835	12.3926	17.8914	21.836	26.7527	34.9584	34.0244	21.1518	15.7512																																																	
																																																																																																																																																																					0	0	4.4863	8.61933	11.5622	14.6726	15.5112	15.4044	15.8538	17.1947	16.4527	15.5108	15.2575	11.9012	8.64762	10.5565	10.8718	7.802	4.32455	0.931883	1.29221	3.5112	5.16187	5.4087	8.55697	12.8151	13.6458	11.8042	9.16342	6.33192	3.10408	0.408674	0.182771	1.86323	8.72016	14.5875	17.7058	22.9241	35.663	35.6479	21.8871	16.6956	14.8462	10.1107																																															
																																																																																																																																																																					0	1.09638	7.82404	11.804	11.6045	11.5376	7.6068	5.33455	2.4023	3.19346	3.83631	9.50223	12.2795	7.49186	4.90519	8.91907	9.19895	4.00559	2.0828	3.35113	2.25931	6.33103	8.54291	9.06307	13.3969	16.6515	13.1085	7.86161	4.00578	1.4731	0.658908	1.06552	0.658908	0.913681	5.4355	9.60827	8.37207	9.41213	29.8335	33.6118	22.8902	18.9974	20.1686	20.4897																																															
																																																																																																																																																																					0	2.4501	10.667	13.7794	12.1914	12.257	8.12758	8.66818	1.56093	3.19318	4.81632	10.4769	11.0609	5.97228	5.41677	10.1656	9.68907	1.65427	2.745	3.29077	5.90857	10.1167	9.72893	9.23859	15.8074	17.6	10.9065	6.59485	4.00542	3.52469	1.56088	1.29192	0.753403	1.11139	4.92494	8.348	6.19135	6.61215	24.5198	30.1859	23.4228	21.1553	19.1335	19.1097	18.3522	16.0515	15.7014	10.5043																																											
																																																																																																																																																																					0	3.09773	11.72	13.687	10.2259	9.72459	4.12719	9.72459	0	3.09773	5.15398	10.7256	10.2259	5.15398	5.66618	10.7256	9.72459	0	3.61275	0.516779	7.7051	11.72	8.71758	6.68777	15.1412	15.1412	4.12719	1.03347	2.06627	4.64096	2.06627	1.03347	0.516779	1.03347	4.64096	7.7051	4.64096	2.06627	19.3803	24.2747	15.6216	16.0998	11.2236	6.17746	5.15398	5.15398	15.6216	13.1981																																											
																																																																																																																																																																					0	3.0974	11.7188	13.6855	10.2248	9.72356	4.12674	9.72356	0	3.0974	5.15343	10.7244	10.2248	5.15343	5.66557	10.7244	9.72356	0	3.61236	0.516723	7.70428	11.7188	8.71665	6.68705	15.1396	15.1396	4.12674	1.03336	2.06605	4.64046	2.06605	1.03336	0.516723	1.03336	4.64046	7.70428	4.64046	2.06605	19.3784	24.2724	15.62	16.0982	11.2225	6.1768	5.15343	5.15343	15.62	13.1967																																											
																																																																																																																																																																					0	2.73808	10.2894	13.4956	12.4188	13.7771	12.7079	9.8101	3.44278	4.2099	5.71715	10.1375	9.56281	6.22934	6.96718	10.8329	12.4692	9.78409	4.66872	0.753166	9.4987	13.5596	9.44447	7.09737	14.3091	13.461	4.79444	5.68857	6.99549	8.67526	8.03884	8.02268	7.51986	5.79468	4.37585	6.0499	4.58995	4.33409	17.8719	24.0829	22.4206	25.1593	23.7504	18.8745	15.18	12.7262	17.6876	17.23																																											
																																																																																																																																																																			0	0	0	1.975	6.92171	10.9022	11.0413	12.0381	12.4684	7.60327	4.07768	5.38117	6.72981	8.88592	7.63499	5.83643	6.76635	8.18217	10.6306	11.1543	7.30323	2.99314	12.4174	15.3854	8.21377	6.04948	12.3744	10.0015	3.87771	5.68806	7.29668	8.96763	8.19816	8.02196	7.7244	6.28405	3.09701	2.71342	3.23346	4.46908	13.0667	18.6846	20.6172	24.119	25.313	20.8592	16.4752	14.6601	16.5247	20.3125																																											
																																																																																																																																																																			0	0	0	1.22504	3.98264	7.6451	9.61843	10.1046	9.22052	7.55287	4.09747	5.86109	6.70729	7.81972	7.30258	6.66833	7.9376	7.83659	6.31471	10.1751	10.0867	3.4081	13.3162	14.9274	5.39298	6.00269	12.2309	14.3628	14.4311	14.0747	13.0435	10.5075	7.0779	5.21594	4.75197	4.75188	2.61328	2.48281	3.4853	4.90606	9.7739	12.9281	12.7643	14.5047	20.0886	18.158	13.1947	13.5653	14.4188	20.8496																																											
																																																																																																																																																																								5.38032	8.59799	10.0972	11.3602	11.0848	5.29362	6.11301	5.46517	6.00189	6.54604	6.27234	7.29525	8.41124	7.44563	14.545	12.5454	1.79814	12.579	13.4733	3.68839	5.25321	9.41137	13.2349	14.4126	14.0601	12.8254	9.84669	6.82306	5.92485	6.445	6.76247	4.34793	2.6131	3.5416	4.55624	7.83575	11.7538	13.446	13.4461	20.0866	20.4053	13.8121	13.7763	15.075	20.4142	16.4463	6.61814																																									
																																																																																																																																																																								0	0	0	9.71909	12.2077	5.66293	6.17393	4.63829	4.12482	4.12482	2.58073	2.58073	5.66293	6.17393	16.5667	13.6794	0.516481	12.2077	12.7002	1.03288	0	1.03288	1.03288	0	0.516481	1.03288	2.06508	1.54911	4.12482	6.68394	7.70071	5.15102	1.54911	1.03288	0	2.58073	6.68394	10.2201	8.71263	17.5109	19.8284	12.2077	12.2077	14.166	19.37	16.091	7.70071																																									
																																																																																																																																																																								8.42714	15.4892	21.5951	18.9766	8.00054	5.65371	5.94022	4.97137	5.53613	5.30823	2.88462	2.94729	6.07959	6.30227	15.9821	14.7705	3.80718	10.9721	9.90931	4.66654	5.02438	4.72633	3.86336	2.20528	0.577412	3.3283	8.05518	11.2914	12.7707	12.1156	10.0444	6.42871	3.66974	3.10118	2.83829	3.84612	7.5571	11.2867	10.5781	17.5179	18.6071	12.0839	12.3306	14.533	19.2626	15.7319	7.70425																																									
																																																																																																																																																																				0	0	0	6.10053	13.3253	18.7939	22.9921	20.36	10.6536	5.40298	4.9741	4.01427	6.17546	6.74603	2.88431	3.18522	6.8399	6.5565	14.7814	16.9192	7.2368	7.53043	4.15998	4.66604	5.03695	5.01063	4.56932	3.10612	1.87903	6.34312	12.2107	12.5908	12.6318	11.2902	8.51039	5.30788	3.50291	3.03592	2.83799	3.68732	8.27069	13.2469	13.9996	17.0524	16.0254	11.8355	12.5755	15.2547	19.0304	15.0101	7.70343																																									
																																																																																																																																																																				0	0	0	7.69852	14.6464	15.6088	12.2043	14.6464	15.6088	5.14955	4.12363	2.06449	5.66131	7.19084	2.57998	3.09506	7.19084	6.68203	14.162	17.9746	8.71015	4.63696	1.03258	1.03258	0.516332	2.57998	3.60964	3.09506	2.57998	7.69852	13.1871	8.20498	3.09506	2.06449	1.03258	0	0	0.516332	0	2.06449	8.20498	14.162	15.6088	16.5621	14.6464	11.7101	12.6966	15.6088	18.9039	14.6464	7.69852																																									
																																																																																																																																																																				0	1.09513	4.33082	11.4174	15.9252	15.6355	10.13	13.8235	13.6948	8.66879	7.18369	5.858	8.16087	8.91834	5.64359	6.48777	12.2561	16.0158	22.8381	24.1995	16.7904	13.1677	11.2251	10.6521	9.59807	8.30088	7.9188	6.91741	6.78377	11.3842	14.347	7.87541	2.74214	1.29053	1.29057	1.2906	1.2906	1.47143	1.5486	4.02588	9.77642	13.8547	16.1632	18.6076	17.0834	15.1527	16.7997	18.2624	19.1684	14.3384	7.01563																																									
																																																																																																																		0																																												0	0	0			0	0	2.44729	7.52832	13.4293	14.8843	13.6472	5.58128	12.1104	8.74194	8.39506	6.66398	5.7784	8.53251	8.53251	5.45332	7.10298	15.6264	19.6945	24.8119	23.1864	15.7423	12.7832	11.2241	10.681	9.82824	8.10254	7.71858	6.60729	7.01055	12.9495	12.9195	5.35274	1.80638	0.25812	1.06421	1.29048	1.29048	1.42533	1.54846	5.75245	10.9157	12.2187	16.6272	21.2563	18.5724	16.1332	17.9359	17.5034	16.4846	11.8907																																										
																																																																																																																		0																																												0	0	0			0	0	3.09417	8.70768	12.6931	12.2009	11.211	2.57924	11.211	4.63563	4.12245	1.54821	1.54821	6.68012	6.1704	1.54821	5.14807	15.6045	17.9697	20.2734	14.6424	1.03228	0.516183	1.03228	1.54821	3.09417	0	2.57924	1.03228	3.6086	11.7068	9.71359	0.516183	1.03228	1.03228	0	0	0	0	0	6.1704	10.7135	10.7135	16.5576	22.0686	17.9697	14.1581	15.6045	13.6718	12.6931	9.21135																																										
																																																																																																																		0																																												0	1.64197	3.34637			6.07643	6.5538	6.44546	9.17216	12.1754	10.8554	10.1665	4.22522	6.8008	10.3397	17.1036	19.8699	22.1673	20.8447	15.3642	10.7161	11.0655	19.2177	20.6183	18.8739	12.505	1.16832	0.364978	0.982633	1.87815	2.59186	0.930456	2.20392	1.22398	4.09391	10.8437	8.83935	3.22528	5.30538	6.606	6.93435	6.93435	7.32554	8.21814	9.22498	11.4448	14.654	15.492	19.1522	24.0116	21.847	18.6834	18.1138	15.3431	12.841	8.04636																																										
																																																																																																																																																										0	0	0	0	0	3.66715	4.20522	3.94141	5.25186	6.33988	6.5632	6.11086	7.89922	10.4973	8.0998	7.71607	4.22484	2.8827	13.4753	18.3458	20.8375	22.3407	20.5196	15.5658	10.9495	11.3134	20.382	20.2329	13.6572	7.87235	1.42485	0.364945	0.752312	2.37776	1.56928	1.73056	1.29007	1.4708	4.84706	9.09193	6.85284	3.51981	6.38353	6.91482	6.93373	6.93373	7.40449	8.34254	9.33502	11.4438	15.0136	16.3752	18.3904	24.0097	23.5676	18.6818	16.3343	13.6347	10.3646																																											
																																																																																																																																																										10.7539	13.0729	13.9143	14.0341	14.0341	13.9319	12.4129	11.7284	10.9484	8.01283	6.10753	5.89988	6.36228	7.74676	6.30782	6.21627	4.34379	12.6257	18.274	13.6966	9.95996	4.73652	4.10927	6.87361	6.98455	9.33559	16.4604	14.7843	8.31416	7.79919	4.94433	1.47071	0.364906	2.5785	1.79635	2.37757	2.37762	2.88249	5.71019	8.98418	7.04942	3.80424	7.2253	7.19154	7.45846	8.46866	9.37866	10.1257	11.0032	14.0503	17.6936	17.1689	17.3097	24.54	24.5689	17.5815	13.7784	9.58152	5.69575																																											
																																																																																																																																																								5.17493	9.22387	12.0013	13.1899	13.9307	14.0373	14.0373	13.6087	12.1829	11.7058	10.7131	8.20394	6.26589	5.95471	4.97055	4.56577	5.54314	6.21571	7.61918	19.1603	20.3198	11.6017	7.28771	3.42371	3.89406	4.76391	6.75582	8.65459	11.6013	10.1243	6.36171	8.15623	7.26288	2.61029	0.364873	2.57827	3.03348	1.8777	2.37741	2.69176	4.91711	8.75811	7.47928	3.589	8.75811	8.51335	7.59606	8.58914	9.48671	10.3305	11.2749	15.1196	18.006	15.7691	16.2046	25.5085	24.9492	17.0398																																														
																																																																																																																																																								5.65705	8.70366	7.69276	2.57803	1.0318	0.515941	0.515941	1.54749	1.0318	0	1.54749	3.60691	2.06293	1.54749	0.515941	2.57803	5.14567	6.16753	9.20711	21.6147	18.4275	2.06293	1.0318	0	3.09272	1.54749	2.57803	3.60691	8.19886	7.69276	3.09272	6.16753	7.69276	3.09272	0.515941	2.57803	3.60691	0	0.515941	0.515941	3.09272	7.69276	6.67702	1.0318	8.70366	7.18546	2.06293	2.06293	2.57803	3.60691	4.12052	10.2097	12.6874	8.70366	11.7015	24.2399	22.94	12.6874																																														
																																																																																																																																																								6.51026	9.61867	9.54347	6.95676	8.20234	10.9207	15.4022	19.5033	21.5559	22.0582	20.3492	16.4674	11.5887	8.85197	7.56672	6.82421	7.09822	7.31288	8.9096	20.2751	17.7855	3.18229	5.70586	11.2123	13.4095	10.6022	8.08896	6.56047	8.93139	10.1336	9.46285	11.7878	14.8986	15.4969	15.135	13.7212	11.5778	9.48828	7.14866	3.75499	3.53708	7.54916	7.57711	2.22545	7.98176	6.93535	3.75045	6.00824	7.91275	9.04086	10.0483	14.4691	16.231	13.4851	15.6742	25.2054	23.2696	11.9934																																														
																																																																																																																																																								7.74386	10.5782	11.1373	7.99144	8.92538	11.9927	17.0207	20.3921	21.6681	22.0564	21.4922	19.2427	12.667	8.90199	7.59177	6.57993	6.48221	6.72705	7.2854	17.5056	16.3756	2.8525	8.34799	13.8436	13.26	11.6634	9.7552	7.44454	7.2766	8.95057	9.27706	10.9949	13.9841	15.4527	15.1657	13.72	11.3291	9.72749	9.39887	5.73957	3.32448	6.37775	8.04178	2.36972	6.46683	6.42624	6.75354	8.99518	8.66141	9.26484	10.5425	15.1891	16.2296	13.4839	15.8519	24.0221	21.616			0																																												
																																																																																																																																																								8.19653	10.7056	11.2028	6.16577	5.1442	7.18341	10.7056	9.20451	3.60588	0	10.7056	15.1136	7.69058	2.06233	1.0315	0	3.09183	4.63214	5.65543	16.0707	15.5933	0.515793	8.7012	11.6982	1.0315	7.18341	8.19653	6.16577	3.60588	3.60588	1.54704	0.515793	1.54704	2.57729	1.54704	2.57729	1.0315	3.09183	8.7012	6.16577	2.57729	5.1442	7.69058	1.54704	5.65543	6.16577	8.19653	9.70639	5.65543	4.63214	6.16577	12.1919	12.6838	8.7012	12.1919	21.6091	19.3461			0																																												
																																																																																																																																																								8.19565	10.7045	11.2016	6.1651	5.14364	7.18265	10.7045	9.20353	3.60549	0	10.7045	15.1121	7.68975	2.06211	1.03139	0	3.0915	4.63164	5.65483	16.069	15.5917	0.515737	8.70027	11.697	1.03139	7.18265	8.19565	6.1651	3.60549	3.60549	1.54688	0.515737	1.54688	2.57701	1.54688	2.57701	1.03139	3.0915	8.70027	6.1651	2.57701	5.14364	7.68975	1.54688	5.65483	6.1651	8.19565	9.70536	5.65483	4.63164	6.1651	12.1907	12.6825	8.70027	12.1907	21.6069	19.3442			0																																												
																																																																																																																																																								8.50831	10.3673	11.4733	7.46625	7.22054	9.70797	13.7515	13.4342	11.6871	13.8033	20.0958	26.5891	24.6913	18.275	11.9737	6.82165	5.38383	7.61503	7.44246	15.1198	15.4468	2.13321	9.27398	12.4583	2.82825	7.08403	10.5319	12.109	13.03	14.0731	15.244	17.0232	18.3359	18.0402	16.2183	15.646	14.3605	11.6601	11.8204	8.6849	6.43483	7.31014	8.76783	3.28348	4.69483	5.39583	7.8746	10.4893	7.83949	7.31005	9.61526	15.8219	17.4231	15.4979	17.3346	21.9789	17.4599			0																																												
																																																																																																																																																							6.30309	9.0078	9.6192	11.9656	9.42242	8.75237	10.963	15.4202	14.5382	12.4489	14.892	19.0002	25.4131	26.6494	21.1622	14.8315	8.70084	5.24735	8.97756	6.65632	12.5284	14.9685	2.55726	10.0099	13.9211	5.45589	4.96396	8.90585	11.386	12.8369	13.8743	15.2704	17.1871	18.306	18.4951	16.4791	15.61	15.1501	14.4531	13.2465	8.68413	6.97923	8.34482	9.46488	4.2484	2.68985	3.66399	6.26151	10.7219	11.7913	11.3854	11.6439	17.8565	19.1046	16.0742	17.0179	18.6551																																																
																																																																																																																																																							6.67262	9.20109	9.20109	12.1875	10.203	8.69796	10.203	14.6265	12.1875	7.18073	8.19347	4.11779	8.69796	17.4828	16.0649	12.6792	7.6877	2.57632	8.19347	3.09067	10.7016	14.6265	2.06156	10.203	14.6265	6.67262	0.515598	1.54646	1.54646	1.54646	1.03111	2.06156	3.60452	0	6.67262	4.6304	2.06156	7.18073	12.6792	12.1875	6.16345	4.6304	7.6877	9.20109	4.11779	1.54646	2.57632	4.6304	10.203	13.6569	13.169	11.1986	17.0125	17.0125	10.7016	11.1986	13.6569																																																
																																																																																																																																																							7.24537	9.27136	9.36941	12.3112	10.6441	9.45624	11.1083	15.0846	12.2897	7.47285	7.79788	5.29911	8.24388	17.5231	20.0033	25.2184	27.9654	21.4664	13.291	7.4405	11.0442	13.9757	2.55025	8.86758	14.8652	11.5141	4.81484	1.10865	1.22262	3.28261	4.44125	4.39647	3.82223	1.80395	6.01784	7.84791	8.35121	10.9192	16.3142	17.324	14.2892	13.9059	14.9185	14.801	10.3279	7.33494	6.09099	6.90271	11.5426	14.9232	15.467	13.8124	19.4497	19.67	13.7691	13.8546	13.0888																																																
																																																																																																																																																						2.03688	7.98596	9.02487	9.36858	12.3101	11.1315	10.1776	11.8159	15.0833	11.5796	7.005	6.57527	6.7346	5.51734	13.4202	16.7945	24.122	28.4733	25.0459	12.878	7.55245	9.72078	12.0717	2.21626	5.27077	11.8902	14.2136	8.0827	1.46914	2.2533	3.42045	4.38108	4.14912	2.85061	1.80378	3.89473	7.14563	8.41977	9.76868	15.0254	17.1624	14.1892	13.9047	15.6093	16.1678	11.2713	7.39605	5.81543	6.9021	11.7628	15.3689	16.9826	14.2136	20.4773	20.2688	12.9114	13.4751																																																	
																																																																																																																																																						3.89	8.17736	8.77842	9.96312	12.6376	11.1404	10.301	11.4364	13.905	10.3441	6.04378	5.29198	7.96121	10.7258	6.41665	4.02753	7.61151	12.7552	20.5116	9.67548	5.83722	6.59697	9.61564	2.1935	0.407505	5.88192	14.1585	12.7858	7.11069	6.03584	4.36926	1.32657	1.1525	1.82192	2.06107	2.70735	2.47737	1.15247	2.33269	8.68276	14.625	16.5881	18.1286	20.7175	22.7769	21.0243	19.4815	18.4183	19.1671	21.985	22.4466	20.5839	15.9901	20.3635	18.6699	9.85055	9.59408																																																	
																																																																																																																																																					2.44332	5.00096	7.45548	8.53189	10.9346	12.8749	10.4165	10.056	10.699	12.4388	9.59464	5.54569	3.63968	7.73758	10.7718	10.0006	9.85905	8.17663	12.107	20.0795	11.5558	7.29703	4.15606	7.359	2.75548	1.93633	3.4773	11.7459	13.9479	8.19448	6.89363	6.25849	2.25286	1.85771	1.96194	2.06085	2.4771	2.70706	2.12411	3.27654	6.32109	12.1962	16.1505	17.9465	20.3243	22.4258	21.0222	19.6187	18.4665	19.5035	22.3126	21.249	18.0383	14.4834	18.5507	16.7413	9.45203																																																		
																																																																																																																																																					3.08917	5.13978	6.66941	8.18955	11.1933	12.6732	9.69817	9.69817	10.1981	11.6884	9.19669	5.13978	1.54571	6.66941	1.54571	12.6732	12.6732	6.66941	10.1981	18.8704	11.1933	7.17728	2.57507	6.16048	2.57507	3.08917	2.57507	7.68401	12.1817	6.16048	5.65058	6.66941	2.57507	2.06056	1.03061	0	0	1.54571	3.60277	3.60277	2.06056	0.515347	0.515347	2.57507	8.18955	11.6884	7.68401	4.11579	2.06056	7.17728	12.1817	9.69817	7.68401	7.17728	15.1012	14.1361	7.17728																																																		
																																																																																																																																																					3.2199	5.14571	6.54293	8.06357	11.317	12.5501	9.00191	9.2116	10.1536	12.649	13.3324	15.5355	19.1002	16.411	7.9671	12.9148	12.9148	7.06942	10.5675	18.9212	11.3226	6.90405	3.49562	8.80374	10.4152	10.1618	9.36896	9.41652	10.79	5.7421	5.67323	5.91066	2.54906	4.19881	5.29684	6.16557	6.16557	6.39189	7.86903	8.82929	8.77636	8.70828	8.18925	5.81325	4.50156	10.8151	15.9617	19.5069	21.177	21.3888	19.0394	14.4483	11.6676	10.3292	16.3668	14.8218	6.61986																																																		
																																																																																																																						0	0	0	0																													5.14515	6.28787	7.81002	11.5633	12.3031	7.49889	7.5399	8.03677	10.2973	11.8069	15.5339	19.3118	17.6537	14.4042	12.9134	12.9134	6.83462	10.5663	18.6906	11.0793	5.92664	5.28065	7.9724	10.4809	10.4384	9.53051	7.8	7.12141	4.73963	5.67262	4.37873	1.8212	5.11646	6.37317	6.20716	6.20716	6.29859	7.48844	8.65169	8.72396	8.70736	8.25123	6.60204	2.9629	8.22967	15.4095	19.3295	21.1437	20.9179	17.1994	12.896	10.7613	9.59228	15.937																																																				
																																																																																																																						0	0	0	0																													5.13831	6.15872	7.68183	11.6851	12.1783	6.6675	6.15872	5.13831	5.13831	2.05996	5.13831	4.62683	11.6851	17.0001	12.6697	12.6697	6.15872	10.1953	18.4028	10.6935	5.13831	6.15872	3.08828	3.08828	4.62683	3.60174	1.54526	4.11461	4.11461	5.64897	3.60174	0.515199	4.62683	5.13831	1.03031	1.03031	0	1.03031	2.57433	1.54526	0.515199	1.54526	5.13831	6.6675	6.15872	4.62683	1.03031	1.03031	2.05996	0.515199	2.05996	4.11461	4.62683	14.1322																																																				
																																																																																																																						0	0	0	0																													4.79739	6.31014	8.18067	12.203	12.585	9.07598	10.2275	12.0645	16.5389	20.5796	21.0795	16.4454	17.7834	20.8413	15.7976	12.3655	2.19217	12.9699	18.2541	10.7311	6.29723	6.94679	4.90921	5.29533	7.90165	9.69011	9.61071	8.17504	6.37977	5.6746	3.05035	0.814499	4.14616	6.03219	4.00476	4.94268	4.77013	4.39692	4.73891	3.29511	1.09273	1.55588	5.2704	8.5903	10.7078	11.2024	7.81515	4.14616	4.55852	5.1413	7.00064	8.42183	8.37768	13.3837																																																				
																																																																																																																																																						3.62391	5.41705	7.512	11.7419	11.2612	8.07687	9.45553	11.7266	16.7825	20.7526	20.8166	17.2936	23.8256	27.8682	20.0373	9.44675	5.77677	15.8753	16.265	9.36157	6.51053	6.72712	5.26986	4.88206	7.21496	9.36039	9.57656	7.68509	5.69729	4.10199	1.67866	1.31305	3.13019	7.8078	7.30174	4.88878	4.89212	4.47073	5.45929	5.06012	1.50148	1.82973	3.8918	7.21493	9.91858	11.5498	12.1042	10.2058	5.87796	5.56936	7.73949	8.55009	8.1267	10.2711																																																				
																																																																																																																																																						2.57359	4.11343	6.15697	10.6905	9.19149	3.0874	2.57359	3.0874	6.6656	4.62551	0.515051	9.19149	25.4753	31.0606	21.5808	5.64735	9.69269	16.5233	14.1283	7.67965	5.64735	5.64735	4.11343	1.03002	0.515051	0	1.03002	1.03002	0.515051	1.03002	0	1.54482	2.57359	8.68887	8.68887	0	1.54482	1.54482	4.62551	5.64735	1.54482	2.05937	1.03002	0.515051	2.05937	6.15697	13.1555	13.1555	5.64735	3.0874	5.13684	4.62551	3.6007	7.17319																																																				
																																																																																																																																																						2.39362	4.39553	6.71626	11.5189	15.5684	17.5997	18.8301	18.7531	15.4785	9.17197	4.82692	9.60255	25.4069	29.6232	21.1125	18.6718	18.3799	17.0092	12.5432	8.48772	6.77169	4.94106	2.96151	1.72698	1.96889	1.82035	0.656527	0.980514	1.46778	0.750748	1.8203	4.24323	6.64813	11.7573	12.3798	13.6615	20.5681	23.5109	21.6368	16.4738	6.09784	2.73536	2.42798	1.2874	1.42185	5.63816	12.5728	13.3558	7.33814	4.36922	5.69877	5.41597	4.657	6.97044																																																				
																																																																																																																																																						1.55529	3.47429	5.24041	8.81993	14.2909	17.4784	18.7523	18.6411	15.2895	10.3165	6.72776	9.6017	24.986	25.8631	15.1038	18.3219	17.2014	12.6313	8.01021	9.20558	7.21711	2.93332	0.656436	1.56592	1.9348	1.96028	1.79261	1.27431	1.4218	1.10737	4.0644	5.47276	8.14611	12.7484	13.1182	17.7978	22.3987	23.5693	23.9896	24.814	13.8216	2.42776	2.73512	1.64831	0.182074	4.39506	10.8894	12.6554	8.69111	5.76677	6.70824	6.93707	5.84281	6.00554																																																				
																																																																																																																																																						0	1.22105	1.63805	1.63805	1.22105	0	0	0	6.74139	11.4412	12.0196	15.1391	20.4917	18.3192	12.2868	9.08588	4.19562	0.656398	4.4542	10.1803	8.91464	6.17671	8.47127	9.19287	8.45036	7.04818	5.85636	5.5907	5.90644	4.7953	7.12132	9.91453	12.2549	14.6204	14.6204	17.8569	14.9329	9.69376	20.0979	31.9633	23.4346	2.07481	4.71237	5.27729	4.68793	4.93354	8.98082	10.6905	8.95217	7.35207	7.92818	7.8483	6.40708	4.87317																																																				
																																																																																																																																																										0.5461	0	0	0	8.74463	15.8003	14.6087	16.4693	10.6898	7.47622	13.1442	11.4952	7.72936	3.78239	3.72995	9.34363	9.51814	6.66341	9.19022	9.21987	8.57058	8.2332	6.11766	5.53136	5.95	4.88976	7.94587	13.059	13.0627	14.2654	14.9793	16.257	13.8976	11.0388	17.0394	35.3652	31.9971	7.49329	4.49793	5.36302	4.79828	4.3681	7.04726	8.68934	9.45231	9.60478	8.65046	7.37127	6.16794																																																					
																																																																																																																																																										0	0	0	0	9.68825	17.4577	13.6368	13.1496	2.57239	2.05841	7.6761	10.1877	9.18727	5.64473	1.02954	7.16987	8.18113	3.59903	5.13445	1.02954	2.05841	6.15411	3.59903	1.02954	1.02954	2.05841	7.16987	13.1496	9.68825	10.1877	11.6766	12.6604	11.182	8.18113	5.13445	35.025	35.3688	10.1877	0.51481	2.05841	1.5441	1.5441	5.64473	7.6761	9.68825	10.6857	8.68487	6.66252	5.64473																																																					
																																																																																																																																																										0.364001	0.980039	1.06115	0.545993	13.5993	24.7615	24.0973	23.7088	15.9551	9.37946	7.03202	11.0047	10.9358	10.2876	11.6463	15.8659	18.348	15.4208	13.2702	11.7188	12.5873	15.9035	18.5447	18.6219	16.6932	13.8158	9.69093	11.0177	8.13482	9.63618	12.6594	15.3148	15.6263	14.4336	11.7187	32.9005	34.6055	12.3737	7.39425	10.5795	11.0367	7.80309	7.96472	8.96233	10.6387	11.6	9.46746	7.28808	5.33729																																																					
																																																																																																																																																						0	0	0	0	0.813797	1.46689	1.28663	1.22059	20.0422	32.1933	26.5061	23.2774	19.4465	16.8038	5.53836	12.4752	13.301	13.7296	13.5918	15.109	18.1567	15.4195	12.8144	11.7178	12.5516	15.4477	18.3936	18.6573	17.3545	15.2557	8.77558	6.15564	4.88813	6.90338	10.4443	13.9192	15.1446	14.0603	11.1916	27.6227	33.0051	16.1882	10.2867	10.774	11.9109	8.52107	7.63259	8.36079	10.4152	11.599	9.02384	6.64421																																																						
																																																																																																																																																						0	0	0	0	1.02924	1.54365	1.02924	1.54365	22.889	34.321	21.566	11.1788	16.5115	19.7639	4.62203	13.1459	14.1181	14.1181	10.1849	0.514662	7.16783	3.59799	1.02924	1.02924	1.54365	2.57165	0.514662	2.05782	7.16783	9.68552	4.11034	2.57165	3.08507	3.59799	5.64312	8.68241	9.68552	6.66062	1.02924	24.1867	32.1615	17.9202	10.1849	3.59799	6.66062	5.13298	4.62203	6.15236	9.18468	10.6827	7.67392	5.13298																																																						
																																																																																																																																																						2.32888	2.57151	2.57151	3.12737	4.7201	5.67743	6.66026	10.0982	27.4132	35.1408	20.2312	9.03799	15.7171	18.1527	10.0096	16.9838	17.593	17.9203	15.2999	11.336	12.8274	9.91233	8.24114	8.93683	9.66029	9.01	7.80088	7.36803	9.6352	10.7598	8.19596	4.90416	2.00888	2.73325	6.89508	12.0013	16.7389	20.7882	23.9754	29.7625	31.3228	17.3978	9.24625	4.31668	6.43393	7.31943	7.73212	8.13272	10.6015	11.9083	8.11677	4.49193																																																						
																																																																																																																																												0	0	0	0	0	0	0	0	1.22024	2.39156	2.43948	2.57128	2.57128	3.44785	5.48951	5.85809	6.9648	11.5379	29.8725	33.1811	14.4912	4.36176	14.0385	14.0331	11.8482	18.137	17.5916	18.2892	15.4587	11.4178	13.5959	10.6514	8.24041	9.02165	9.62639	8.82959	7.82498	7.77729	10.4443	9.39127	8.32771	6.04982	2.0087	2.73301	5.9191	10.4006	15.4629	20.4638	24.1804	26.6255	24.823	13.3391	6.20403	4.53878	4.45125	6.53141	7.45901	7.61557	10.6006	11.9072																																																								
																																																																																																																																												8.30389	7.23816	5.33503	3.78007	2.95886	3.09502	3.6063	4.11737	4.46562	3.96686	2.52571	1.93313	2.07333	3.99983	5.63294	5.69357	9.86064	18.0255	30.8763	27.5348	6.89369	1.56457	11.5582	11.9666	18.4275	20.0588	17.1392	16.9349	12.4373	6.54572	11.7887	7.555	1.63682	2.62176	1.16465	0.181917	0.81349	3.57864	8.34026	8.54045	9.82998	9.55882	5.84634	5.45315	4.75036	3.11089	2.70235	3.34067	4.98265	12.4683	17.2131	11.1659	5.04464	6.25575	6.3104	8.66746	9.19643	8.51033	10.2086	9.83938																																																								
																																																																																																																																										7.61409	8.00491	8.3109	7.78836	5.90417	4.19208	2.98079	3.17879	3.67825	4.18036	4.39109	3.52751	2.44582	1.96684	2.19689	4.95248	5.82612	6.70201	13.5571	22.6191	29.0379	20.0964	4.27354	1.56443	7.60547	9.73491	19.9076	18.0791	15.4647	15.5793	11.1368	8.13245	15.3736	9.31413	1.82744	3.633	1.42034	0.406722	0.363795	2.21178	5.44059	7.38147	10.3817	11.7132	6.52011	5.45262	5.26027	4.4503	3.41345	2.42536	3.49462	10.2587	17.4308	15.6059	8.82741	8.00048	7.41632	8.55485	8.91289	8.00288	8.84945																																																									
																																																																																																																																										7.67024	3.08358	0.514413	4.10836	3.59625	2.57041	0.514413	1.02874	1.02874	1.02874	1.02874	0	0.514413	0.514413	1.02874	4.6198	4.6198	5.6404	13.6266	21.5566	24.1763	13.1398	0.514413	0.514413	4.6198	5.13051	15.075	9.68091	9.1803	11.6678	7.16439	7.16439	16.9757	10.18	1.54291	4.10836	1.54291	0.514413	0	1.02874	2.05682	0.514413	6.65742	11.1735	5.13051	3.59625	4.10836	4.6198	3.59625	1.54291	1.02874	7.67024	16.5039	17.4451	10.6776	8.17489	5.6404	0.514413	1.54291	2.05682	5.6404																																																									
																																																																																																																																										7.66956	3.0833	0.514366	4.10799	3.59593	2.57018	0.514366	1.02865	1.02865	1.02865	1.02865	0	0.514366	0.514366	1.02865	4.61939	4.61939	5.6399	13.6255	21.5548	24.1744	13.1386	0.514366	0.514366	4.61939	5.13005	15.0737	9.68006	9.17949	11.6668	7.16376	7.16376	16.9743	10.1791	1.54277	4.10799	1.54277	0.514366	0	1.02865	2.05664	0.514366	6.65683	11.1726	5.13005	3.59593	4.10799	4.61939	3.59593	1.54277	1.02865	7.66956	16.5025	17.4436	10.6767	8.17417	5.6399	0.514366	1.54277	2.05664	5.6399																																																									
																																																																																																																																										14.8969	12.9966	11.451	10.1692	7.97632	6.25349	3.92793	4.05955	4.07974	3.5265	2.77371	1.96628	1.55336	2.07255	3.84758	6.34892	8.48616	13.7877	22.7317	26.8228	23.0659	11.0769	1.31114	1.14993	3.31475	10.6077	16.0207	10.2342	9.07532	10.5356	4.89792	14.2468	19.752	10.4547	4.41573	4.13941	1.71498	0.927177	5.409	11.3575	16.7399	19.1994	20.3998	21.5991	17.0399	13.5719	12.1138	11.1621	8.02259	5.63099	6.1961	10.031	18.5084	22.0433	16.602	11.5062	7.38108	4.46394	5.51376	5.43318	5.64524																																																									
																																																																																																																																	0	0	0	0	4.46328	8.57558	10.8928	13.6561	15.0255	14.3784	12.9952	12.2047	11.6676	8.70744	7.60059	4.05912	4.2488	4.03072	3.4697	2.70116	2.24799	1.67593	2.73144	4.5507	6.53998	10.8535	18.386	26.4193	25.7559	16.2195	6.02207	1.311	2.11946	4.38924	14.0494	13.8426	8.30551	7.49996	8.06557	5.27065	18.7121	18.3156	7.92497	8.07756	4.13904	1.96597	2.68266	9.57579	14.7731	17.3573	19.2418	20.4712	22.6116	18.7377	14.4709	12.4017	13.2171	9.75044	5.52504	6.15326	8.48554	15.6504	23.1201	22.0418	17.1788	10.3285	5.30779	5.59547	5.28628																																																										
																																																																																																																																	0	1.27249	3.84683	6.82855	10.2325	12.008	11.4813	11.2203	10.8091	10.7404	9.12323	10.0779	11.2995	7.32263	7.12552	3.17205	3.7429	2.83777	2.72522	2.97935	3.44557	3.17205	3.63593	5.12868	10.3079	19.2603	25.3233	26.4827	18.8664	7.72013	4.6254	3.493	4.01808	8.92632	13.8114	7.56995	3.96447	6.18161	10.5462	15.7036	17.6424	11.5517	3.21831	10.0414	5.13496	2.03184	3.77771	12.9852	15.2413	7.82166	4.19007	7.84444	17.4435	18.936	15.6797	12.7637	15.4873	11.8192	4.78896	5.01599	4.10703	8.08681	18.3717	22.4817	21.6299	13.2191	4.2367	2.00736	0.92698																																																										
																																																																																																																																0	0	2.84318	6.07474	8.07638	10.5242	11.4803	12.0069	11.528	11.0615	10.6273	8.87368	11.7866	13.3396	8.24951	7.12488	2.97909	3.61753	2.83752	2.70068	2.9569	3.44526	3.27388	3.46901	5.97473	15.1093	24.7843	26.4134	23.202	14.7706	6.83982	4.95315	3.91839	3.60391	10.5927	11.5684	3.21802	2.24758	4.78853	11.239	15.7022	11.8449	7.60126	2.77875	10.5328	7.1656	1.78988	4.02979	16.0719	16.8231	6.36001	4.07855	7.19974	14.5478	19.4051	16.6795	14.5882	21.4238	17.8077	5.11879	5.13157	4.23259	6.92432	14.5899	20.4941	25.0814	16.0894																																																													
																																																																																																																																0	0	3.59419	6.65363	6.14589	6.65363	7.66589	9.17512	7.66589	6.14589	4.61716	0.514117	10.6716	13.6191	8.17026	6.65363	0	1.54202	0.514117	0	0	1.54202	1.54202	2.05564	5.63718	16.495	25.0142	21.5453	15.0668	7.16032	0.514117	2.56893	2.56893	0.514117	10.1743	9.17512	0.514117	0	1.02815	8.67336	7.66589	2.56893	4.61716	2.05564	10.6716	8.17026	1.54202	4.106	17.4357	16.9665	3.08181	1.54202	5.63718	5.63718	14.1037	11.6613	11.6613	23.7346	20.6503	2.56893	1.54202	1.54202	5.63718	12.6439	19.2879	26.6797	17.4357																																																													
																																																																																																																																2.29792	3.92604	6.55496	9.04126	8.48031	8.31978	9.01466	11.022	10.3249	8.6747	6.78124	4.23564	12.315	14.7182	7.48199	5.19363	3.2124	3.00599	2.70015	3.63045	4.50567	6.15096	9.05037	12.1901	15.107	21.9831	26.3358	21.5216	15.6988	8.35059	4.64528	5.27806	5.67155	7.17134	10.8944	7.61672	0.406415	1.78959	2.70012	6.01962	7.41935	9.09788	10.8715	6.00079	10.6074	18.8043	16.4235	14.1516	20.2202	21.1991	20.4582	21.8276	21.3845	17.8961	19.5955	17.5189	15.8127	24.956	22.3254	9.60414	9.00078	8.36044	9.67823	13.79	17.4884	26.0672	17.7881																																																													
																																																																																																																																3.70169	4.48698	7.23116	9.42738	8.30363	7.7671	8.8057	11.8952	11.1233	8.19462	6.12651	4.46139	15.1914	16.8569	5.9784	2.18743	3.23253	2.82507	2.77212	3.9089	4.63426	6.55943	9.66927	12.9429	15.8895	22.4816	23.6215	18.1058	14.4021	7.40995	4.64486	5.27759	5.38787	7.71728	8.84207	3.99604	2.18738	2.54922	2.8192	0.655246	5.52248	8.92689	10.6065	17.8038	14.7664	18.5363	17.2831	15.6741	18.6222	18.3237	20.5323	21.8654	22.1788	17.5509	18.5731	17.0821	14.3771	23.978	22.1229	9.54347	9.18958	8.48164	9.67738	12.556	13.0986	24.8081																																	0	0	0	0																										
																																																																																																																																4.10483	3.08093	5.63557	7.66372	5.63557	5.12611	7.15829	11.1642	9.67273	4.61584	2.05505	2.05505	16.4905	17.8976	5.12611	0	0.51397	0.51397	1.02786	2.05505	1.54158	3.59317	5.12611	6.65174	9.17253	17.8976	18.3618	13.6153	12.1501	4.61584	0.51397	2.5682	0.51397	4.10483	4.61584	0.51397	3.08093	2.5682	1.54158	2.05505	3.08093	0.51397	3.08093	23.2964	17.8976	6.65174	8.16795	10.6686	13.1289	6.14414	4.10483	2.5682	10.6686	2.05505	10.6686	10.1715	6.65174	21.5397	20.1935	2.05505	3.08093	2.5682	5.63557	9.67273	10.1715	24.1579																																	0	0	0	0																										
																																																																																																																																5.80606	5.66123	7.78421	9.67534	8.30201	7.79874	8.70166	12.3933	11.3554	7.10802	5.10675	4.62268	15.7627	17.8486	11.6736	8.60383	5.32894	3.77574	4.38272	5.55666	5.75267	7.5467	10.671	16.4187	22.4827	24.8814	18.0908	10.5279	11.6811	5.40467	1.05944	3.21656	4.3263	5.8061	4.72762	1.14909	2.52269	4.53336	10.0851	9.81744	4.10468	0.655117	6.28232	25.5081	21.8644	14.5672	16.9031	19.0392	23.0451	25.679	26.8508	27.2098	31.2945	34.1136	35.0968	34.1918	32.83	31.8339	25.4718	16.4478	16.0939	15.8304	16.963	17.5508	14.5774	22.2225																																	0	0	0	0																										
																																																																																																																														2.84155	5.44934	6.19586	6.15643	8.17061	10.0854	8.47716	7.63944	8.12924	12.6151	11.7866	6.80971	4.89724	5.25743	13.0349	14.414	11.9053	9.94963	6.42501	3.8272	4.83671	5.93045	5.83087	8.31675	12.719	20.8051	25.7468	22.7573	13.0355	4.26867	10.6933	6.92266	2.07069	2.87048	4.54735	5.48227	3.44328	2.76526	1.32249	8.31663	11.523	11.4358	7.37064	2.95504	10.1339	28.08	24.59	13.8825	16.5962	17.9212	21.4205	25.4258	26.7615	27.1917	30.7218	34.1345	34.793	34.06	32.6756	29.0671	21.8782	16.3924	16.1954	15.7951	17.1264	16.8112	12.8088	16.655																																																														
																																																																																																																														3.59214	5.63397	5.12465	4.61452	6.64985	8.66846	6.14239	4.61452	5.63397	11.6548	10.6656	3.59214	0	4.10366	10.6656	9.67001	6.14239	7.15626	5.12465	1.02756	3.08004	3.59214	2.05446	6.14239	11.161	19.7342	21.0881	9.16994	3.59214	1.54114	10.1686	7.66154	2.56746	1.54114	2.05446	3.08004	0.513822	3.59214	0.513822	10.1686	8.16564	8.66846	9.16994	4.10366	11.6548	28.6811	24.1518	1.54114	6.64985	4.61452	1.02756	2.05446	2.05446	2.05446	3.08004	3.08004	6.64985	8.66846	3.59214	3.08004	3.59214	0.513822	4.10366	2.05446	6.64985	6.14239	1.02756	12.1468																																																														
																																																																																																																														3.59182	5.63346	5.12419	4.61411	6.64925	8.66769	6.14184	4.61411	5.63346	11.6538	10.6647	3.59182	0	4.10329	10.6647	9.66916	6.14184	7.15562	5.12419	1.02747	3.07977	3.59182	2.05428	6.14184	11.1601	19.7326	21.0864	9.16913	3.59182	1.541	10.1677	7.66086	2.56723	1.541	2.05428	3.07977	0.513776	3.59182	0.513776	10.1677	8.16491	8.66769	9.16913	4.10329	11.6538	28.679	24.1498	1.541	6.64925	4.61411	1.02747	2.05428	2.05428	2.05428	3.07977	3.07977	6.64925	8.66769	3.59182	3.07977	3.59182	0.513776	4.10329	2.05428	6.64925	6.14184	1.02747	12.1457																																																														
																																																																																																																														5.89287	7.79577	7.40794	6.89044	8.71862	11.1494	9.72915	8.7426	8.56693	12.8792	12.2833	6.5828	4.47717	5.4984	9.97354	9.98634	8.84607	9.28069	6.01573	3.84749	6.28011	7.19353	7.68154	11.7092	17.4321	23.6712	22.6254	10.1235	6.16257	3.34552	8.44993	7.62014	3.60062	2.42192	2.72858	3.38932	0.726524	4.22876	1.30963	9.38806	8.18198	8.78797	7.56284	3.57777	11.8557	29.8504	25.3519	5.51933	9.89577	13.7529	17.5514	19.7752	20.8953	22.2455	24.245	25.0278	23.1847	20.308	17.8397	16.5981	14.5058	13.2599	14.6365	15.8407	15.4546	12.6463	10.3293	12.2467																																																														
																																																																																																																													3.24539	8.10815	8.39019	7.40715	6.72808	9.11871	12.1907	10.2419	8.61637	8.00873	12.4486	12.497	6.24839	5.32935	6.8825	7.8442	8.14973	9.61807	11.321	6.23778	4.35811	6.72808	7.63646	8.35399	13.3836	19.9117	23.8465	20.0473	7.94841	7.79282	3.64563	4.92831	7.36984	5.63814	3.33523	2.72829	3.16861	2.61749	5.2241	1.30949	7.43739	6.34107	7.10452	4.14224	2.3597	12.0985	32.1126	27.3986	5.82859	8.92091	13.9277	17.9316	19.9565	21.0634	22.4946	24.7037	25.0031	22.8519	19.5193	17.7957	16.4824	14.3363	13.2724	14.368	15.7788	14.7817	11.9231	10.3098	8.91362																																																														
																																																																																																																													6.54937	9.51588	8.69852	7.40647	7.45859	10.6294	13.2904	10.4183	8.56904	8.94326	12.4377	11.0128	3.16842	4.78327	7.06728	6.87008	5.63186	7.5336	11.3365	5.18611	6.37119	7.45859	8.31278	9.77123	15.6804	21.4872	20.1551	10.8402	4.02562	6.95434	2.69771	3.32999	7.78582	6.53182	3.3349	1.67382	3.52178	8.38959	9.00721	5.68103	7.1469	4.89141	4.05399	2.12462	5.81674	18.6202	33.9047	27.1647	7.02858	7.54462	9.79231	10.74	10.7825	10.7342	10.1216	8.6507	3.96005	3.96005	3.89331	3.4511	2.19331	2.93141	2.92581	2.56663	2.56663	2.56663	2.46863	2.21572	2.17821																																																														
																																																																																																																										0	3.24481	5.83575	6.54879	8.87054	9.12754	7.77911	8.11874	11.4032	13.2892	10.2401	8.83285	9.29891	11.304	8.51943	3.01951	5.50567	6.57329	8.11654	6.64677	6.26774	10.5971	3.34456	7.60121	7.45793	8.82733	11.1225	17.5882	22.4307	16.2426	3.5631	6.01399	4.87754	2.46831	3.57675	9.04143	6.27809	2.82249	0.90789	4.71414	10.2647	8.38127	7.58426	7.36861	4.71414	2.43485	1.89512	10.913	24.491	32.2137	22.7973	7.14647	8.00732	10.2648	11.5002	11.0121	10.6332																																																																													
																																																																																																																										0	4.10131	6.13889	4.10131	7.15219	8.16102	6.13889	6.13889	9.66457	11.1548	7.15219	5.12173	5.12173	7.6572	5.12173	1.54025	5.63075	6.13889	8.66356	7.15219	5.63075	10.1629	0.513527	6.64607	4.61188	6.64607	9.16477	16.0037	20.1775	10.6596	2.56599	6.64607	3.07828	2.05328	3.59008	9.66457	6.13889	2.56599	0.513527	5.12173	9.16477	3.07828	7.15219	6.64607	3.07828	0.513527	1.54025	13.1179	25.827	29.452	18.8085	3.59008	4.61188	7.15219	8.16102	5.63075	4.10131																																																																													
																																																																																																																										1.81492	6.06664	7.33212	6.14908	8.13679	9.10827	8.2406	8.84185	11.1792	12.2129	9.43949	8.32392	8.36234	8.85447	4.89334	2.46782	5.32412	5.90649	9.63907	8.31018	4.97262	8.44781	4.50052	9.04692	9.4177	11.5508	12.3381	15.6817	17.497	8.99911	7.21031	6.68936	2.54653	2.11624	3.62611	9.44436	6.02087	2.92493	7.44355	15.7229	16.9422	11.2842	11.1654	10.9729	11.1502	16.4523	24.8456	31.4951	32.7625	29.1387	18.4159	7.66103	8.97095	10.7779	10.0622	6.33875	3.8455																																																																													
																																																																																																																								0	0	4.05242	7.59049	7.12619	6.51712	7.71458	9.10747	9.29605	9.61368	10.7666	11.7767	10.0439	8.6549	8.3616	7.59912	3.37296	3.64833	4.57193	4.94589	11.3599	10.5524	3.48753	4.78147	4.98222	9.63839	11.1362	12.1791	11.5295	12.6888	11.7766	4.91955	7.42123	4.89305	1.71214	2.11605	3.62579	8.94492	5.52475	2.32359	12.1432	20.2633	15.9069	12.2819	11.1644	10.4554	11.0872	19.3475	28.2305	32.2259	29.1655	21.9022	14.1055	7.92439	9.57409	10.9446																																																																																
																																																																																																																								0	0	5.12026	7.65503	5.62915	5.12026	6.13715	8.15871	8.66112	8.15871	8.66112	10.16	8.66112	6.13715	5.12026	4.10014	1.02668	4.10014	4.10014	4.10014	12.1366	11.645	2.56525	2.56525	3.0774	8.15871	9.66185	8.66112	6.64418	9.16219	8.66112	0.51338	3.58906	1.53981	1.53981	2.0527	3.58906	8.66112	5.12026	0.51338	13.6003	19.2623	3.0774	7.65503	7.15016	4.61057	2.56525	15.0461	21.0716	17.4122	9.66185	8.15871	8.15871	4.61057	6.64418	7.65503																																																																																
																																																																																																																								0.544486	1.55039	5.5119	7.61223	5.98944	5.91307	7.14282	8.6327	8.54148	8.10279	8.50392	9.54371	8.42454	6.89669	6.23363	3.61153	2.06847	3.97826	4.02324	3.99057	11.4085	10.988	4.18289	5.15176	4.87532	9.05834	11.018	9.05133	5.67758	7.16082	8.6624	8.16235	7.82502	5.74888	3.73636	1.82343	3.67002	8.19328	4.38497	1.38203	11.9005	16.8739	9.1756	1.49633	11.5478	17.6212	21.1033	24.0707	24.1025	18.5719	11.9944	11.1243	10.417	7.71323	8.12076	7.14285																																																																																
																																																																																																																							0	1.21723	2.38566	5.51141	7.12179	6.23308	6.62597	7.83837	8.39913	7.58618	7.61156	8.00649	8.29166	7.92185	8.40859	7.9522	2.18431	4.10738	3.48654	3.7709	3.736	9.92215	9.28648	3.77109	4.94467	4.38107	9.28653	11.9308	7.96037	3.2682	3.03933	6.14954	8.16163	7.41921	7.80767	7.40797	1.16194	3.2125	7.18939	2.86705	1.3819	8.4238	10.5913	11.8552	11.4212	12.2165	17.8253	21.4705	22.8681	20.6452	15.0938	10.9487	11.3074	9.71278	7.44078	7.241																																																																																	
																																																																																																																							0	1.53937	2.56452	5.1188	6.64229	6.1354	6.64229	7.65286	7.65286	6.64229	7.14813	7.65286	7.65286	7.65286	9.1596	8.65867	0.513233	5.1188	3.07652	3.58803	3.58803	9.1596	8.1564	0	1.53937	0.513233	8.65867	11.6418	6.1354	1.02638	0.513233	0	0.513233	0.513233	7.65286	9.1596	0.513233	2.56452	6.64229	2.05211	0.513233	6.64229	5.1188	11.1486	17.4075	9.1596	6.1354	6.64229	9.65913	10.1572	7.65286	6.64229	8.65867	6.1354	3.58803	4.09897																																																																																	
																																																																																																																							1.45128	3.82201	4.43941	6.23974	7.19255	6.17704	6.32218	7.30141	7.39999	6.07377	6.64175	8.06095	9.35309	10.656	13.2149	15.6156	15.6614	13.39	8.96604	5.09947	2.95113	8.41076	7.8019	2.32247	3.62423	6.14572	11.5064	13.4828	10.6072	8.69149	6.00961	1.95347	0.811427	1.02629	7.80394	9.73995	3.03883	2.46648	4.87375	3.66454	0.573763	5.54857	6.85274	13.5609	20.7616	16.7653	15.2628	14.6606	14.3226	11.7644	7.55494	7.67319	10.3684	7.80616	4.79295	3.69567																																																																																	
																																																																																																																						0	3.24203	5.14654	4.30454	6.23918	6.74742	5.26842	5.34198	6.54547	6.89412	4.81949	4.82969	6.50349	8.18072	9.55553	11.7917	14.4784	15.717	13.2232	9.40834	5.4923	1.67229	6.89881	6.81405	2.43276	3.9022	7.29881	11.8885	13.0758	11.8164	8.66129	9.89878	5.42655	0.811354	2.05174	8.05413	10.7253	4.18124	2.74349	1.46245	5.20938	2.57683	2.95092	6.21859	11.2768	19.3843	16.8926	15.2615	17.9803	20.9767	14.9202	7.06064	9.13367	12.2253																																																																																				
																																																																																																																						0	3.73453	5.0694	2.51859	5.24613	6.29269	5.27401	5.57089	7.7031	9.65986	8.8623	8.05963	6.14714	3.08637	2.35704	5.61756	7.80283	7.64262	6.87014	6.8701	6.54243	3.38518	5.42898	5.14273	2.7432	4.7096	8.17974	12.2646	12.8732	11.2198	6.79705	13.0252	13.6482	9.8211	8.93401	10.5874	10.6656	4.20027	3.44744	3.17027	5.66342	3.60979	1.41663	2.59561	3.08628	11.7052	9.1746	12.304	21.2137	29.8732	23.1543	9.57072	11.8203	11.9509																																																																																				
																																																																																																																								4.81855	3.26655	5.49986	7.55065	6.70281	5.78769	8.82522	11.7679	9.58507	7.80007	5.78791	3.0861	2.74291	6.11485	7.77742	9.0235	7.58269	6.86949	7.35876	4.16477	3.73422	3.11771	3.66349	5.65148	9.63106	13.522	12.8721	10.2541	7.02984	10.5584	14.0553	10.437	9.0113	9.48534	7.77099	3.12831	2.7727	3.08617	4.58276	2.95029	1.46218	1.46214	4.1054	7.75428	6.40716	11.8145	18.49	33.7739	32.802	14.8963	13.3617																																																																																					
																																																																																																																								4.60711	3.58636	5.62494	8.15265	7.14484	5.11643	8.6547	11.6365	6.63922	1.02591	2.05115	4.09706	4.09706	4.60711	0.512994	7.14484	6.13257	5.11643	6.63922	3.58636	2.56333	2.05115	3.58636	5.11643	9.15541	12.6172	10.6488	7.14484	2.56333	2.05115	8.6547	5.11643	3.07509	4.60711	4.09706	1.02591	1.02591	0	3.07509	2.05115	0.512994	0.512994	4.60711	5.62494	2.56333	3.58636	5.62494	33.1694	36.6181	17.3999	13.1048																																																																																					
																																																																																																																								4.35176	4.5246	6.56277	9.16323	8.60397	6.67982	9.70603	12.2648	6.90781	1.67161	2.41819	4.00798	4.69778	5.86445	0.653862	7.91653	5.82003	4.1284	6.54294	4.26081	2.72439	1.05736	4.61372	6.11346	9.79853	12.8731	10.6079	6.87271	2.35632	2.32122	7.30455	5.9197	7.36846	7.00771	5.11606	2.46532	2.06691	2.54384	4.87159	4.89818	1.81296	1.14689	4.23773	5.82849	4.0688	2.59489	5.88376	33.9007	37.7133	18.4736	12.4685																																																																																					
																																																																																																																							0.906648	3.0852	4.01993	5.9736	8.94464	9.26584	8.30084	11.677	13.4808	7.15473	1.54906	2.41798	3.12736	4.69737	8.10579	0.906625	9.41691	5.06751	2.11382	5.81953	4.26043	2.06678	1.05727	6.073	6.80371	10.0334	12.6356	9.88758	5.89977	1.67142	2.83032	4.37379	5.02908	7.2711	6.30861	4.22209	2.59474	3.48386	5.98433	4.37771	7.70022	4.35882	1.14679	2.92154	4.40366	3.71577	1.54906	6.38984	35.2875	39.58	18.9105																																																																																						
																																																																																																																							0	1.53821	2.05057	4.09589	7.64718	8.65226	8.65226	12.6137	14.0703	7.14282	0.512847	2.05057	2.05057	4.09589	9.15283	1.02561	10.1497	4.6058	1.02561	5.11498	3.58534	0.512847	2.05057	6.63734	6.63734	9.652	12.1244	9.15283	5.11498	1.02561	3.07421	2.56259	2.56259	2.56259	1.53821	0	1.53821	4.09589	7.64718	0.512847	8.65226	5.62334	0.512847	1.53821	1.53821	1.02561	2.05057	6.63734	35.9436	40.3764	18.3244																																																																																						
																																																																																																																							0	1.21605	2.0018	4.16668	8.10442	11.4829	13.0121	15.6494	15.865	9.87469	5.98343	2.69344	1.55925	4.47973	9.7033	3.45971	10.9724	6.29942	1.30718	4.52319	3.60773	1.81253	2.638	6.93147	6.77382	8.43663	11.3736	11.2967	9.54745	7.26971	5.83809	7.00572	8.60189	10.7887	12.0327	11.4547	8.90582	9.50091	11.4829	7.51329	11.1421	7.29585	1.31974	3.51588	6.5388	10.7391	17.1485	26.2251	40.8489	38.8533	16.0569																																																																																						
																																																																																																																									1.38044	2.99825	6.0582	10.1807	13.5226	17.0827	16.29	9.87382	6.97051	4.58015	0.57327	5.24267	10.6909	5.21789	11.4395	8.97752	1.81228	3.26468	2.9486	1.81237	3.09487	7.43272	7.02551	5.73932	8.1744	10.4008	9.68485	7.91999	5.42268	8.64342	8.68229	10.6473	12.0059	11.9839	9.18615	10.1744	11.3234	8.64537	14.376	10.5386	1.46132	7.29521	10.4414	13.22	20.571	30.5491	39.415																																																																																								
																																																																																																																									0	0	0	4.09473	10.1469	15.9792	15.0271	7.14079	5.11352	5.62174	0	5.62174	11.1373	5.62174	11.1373	10.1469	2.04998	2.56186	2.04998	0.5127	3.07333	7.64501	7.14079	4.09473	4.60449	6.63546	5.62174	4.60449	0	7.64501	3.07333	0.5127	1.02532	5.11352	3.58431	6.63546	7.14079	6.12908	15.5043	12.121	1.02532	9.15026	11.63	11.1373	16.9224	25.3737	31.6932																																																																																								
																																																																																																																									0	0	0	3.23891	8.89586	16.38	19.4079	19.0469	19.9778	19.9841	17.54	15.5267	13.801	7.82084	12.0289	11.6637	5.78349	4.73324	3.95254	3.9691	5.81708	10.3079	13.9119	15.5898	14.9806	15.3579	16.4736	15.5973	12.5178	12.2938	8.18884	5.42171	3.76644	7.05434	12.4549	11.7531	7.24766	6.79102	14.1531	14.8355	17.0907	27.7618	37.4655	41.0871	39.493	34.8058	29.4817																																																																																								
																																																																																																																													5.26304	12.4373	17.0316	18.5285	19.8752	20.3534	17.8029	15.0569	11.4464	6.79067	11.375	11.6626	6.85663	5.24132	3.83475	4.01771	5.50726	8.84696	13.0981	15.7247	15.5423	14.748	16.3969	16.6217	12.7552	11.2984	8.10162	6.30498	3.71364	8.85577	12.6109	11.619	5.64397	6.56825	9.55869	12.2436	18.0276	33.3507	42.3111																																																																																												
																																																																																																																													0	3.64209	5.9832	6.29678	8.22421	11.9794	12.0734	10.6065	7.60115	4.34483	9.31605	9.86999	6.71345	6.30442	6.71126	6.92864	6.35809	5.67212	4.93435	6.49859	8.85489	6.78054	8.64774	12.9485	12.216	8.41235	5.96967	5.42338	7.26624	18.2369	13.8766	12.1232	12.9736	23.9762	36.5152	41.2428	40.2463	38.2091	32.423																																																																																												
																																																																																																																																			11.9849	10.9712	9.71777	7.4659	8.33483	8.45648	6.14007	5.65441	6.63334	6.89074	6.26538	5.62571	4.73202	5.96914	7.74647	6.71304	7.90629	11.2285	12.6852	9.54391	9.14857	6.65473	15.2163	22.5862	14.7525	12.3842	14.1102	30.1335																																																																																																	
																																																																																																																																			4.09275	4.09275	8.6457	8.6457	7.64136	7.13738	4.09275	1.02482	0.512453	0	0	0	0.512453	3.58259	4.60227	1.53703	1.02482	2.56063	6.12614	7.13738	10.1421	7.13738	18.7719	21.4819	8.6457	7.13738	8.6457	28.2204																																																																																																	
																																																																																																																																			4.09239	4.09239	8.64494	8.64494	7.64069	7.13675	4.09239	1.02473	0.512407	0	0	0	0.512407	3.58227	4.60186	1.53689	1.02473	2.5604	6.1256	7.13675	10.1412	7.13675	18.7703	21.4802	8.64494	7.13675	8.64494	28.2182																																																																																																	
																																																																																																																																			4.08005	4.8926	8.89081	10.2283	9.78923	8.47482	5.46602	3.16056	3.32188	2.91842	6.47624	9.27713	9.39754	8.36914	6.86516	4.93242	4.41388	3.95024	5.25106	5.25106	10.173	18.8237	30.6333	30.7663	26.2903	29.1593	29.0355	28.6974																																																																																																	
																																																																																																																																				4.34274	7.24276	10.0223	11.0869	9.14516	5.87665	3.26202	3.60443	8.42684	11.5853	9.33757	9.39672	8.01774	6.06638	4.86565	4.35408	3.51273	3.16018	1.78345	9.92778	20.8021	32.078																																																																																																						
																																																																																																																																				2.38088	4.70203	8.80677	13.3424	13.983	12.0833	8.92163	5.81267	12.2831	14.179	3.43247	2.96802	2.36025	1.62965	1.10157	3.30152	7.73264	17.2046	27.2805	29.3483	25.7389	22.9697																																																																																																						
																																																																																																																																								13.8378	12.8521	10.3371	5.91136	13.2063	14.6456	3.43211	2.9456	2.36	2.69024	0.905433	6.33319	10.7516	24.0646																																																																																																										
																																																																																																																																								7.63719	10.5376	13.6601	15.0058	20.6988	26.4596	27.9259	28.208	28.4139	29.2563	29.8734	28.9124	25.8071	24.5132																																																																																																										
																																																																																																																																																																																																																																																															
																																																																																																																																																																																																																																																															
																																																																																																																																																																																																																																																															
																																																																																																																																																																																																																																																															
																																																																																																																																																																																																																																																															
																																																																																																																																																																																																																																																															
																																																																																																																																																																																																																																																															
																																																																																																																																																																																																																																																															
																																																																																																																																																																																																																																																															
																																																																																																																																																																																																																																																															
																																																																																																																																																																																																																																																															
																																																																																																																																																																																																																																																															
																																																																																																																																																																																																																																																															
																																																																																																																																																																																																																																																															
																																																																																																																																																																																																																																																															
																																																																																																																																																																																																																																																															
																																																																																																																																																																																																																																																															
																																																																																																																																																																																																																																																															
																																																																																																																																																																																																																																																															
																																																																																																																																																																																																																																																															
																																																																																																																																																																																																																																																															
																																																																																																																																																																																																																																																															
																																																																																																																																																																																																																																																															
																																																																																																																																																																																																																																																															
																																																																																																																																																																																																																																																															
																																																																																																																																																																																																																																																															
																																																																																																																																																																																																																																																															
																																																																																																																																																																																																																																																															
																																																																																																																																																																																																																																																															
																																																																																																																																																																																																																																																															
																																																																																																																																																																																																																																																															
																																																																																																																																																																																																																																																															
																																																																																																																																																																																																																																																															
																																																																																																																																																																																																																																																															
																																																																																																																																																																																																																																																															
																																																																																																																																																																																																																																																															
																																																																																																																																																																																																																																																															
																																																																																																																																																																																																																																																															
																																																																																																																																																																																																																																																															
																																																																																																																																																																																																																																																															
																																																																																																																																																																																																																																																															
																																																																																																																																																																																																																																																															
																																																																																																																																																																																																																																																															
																																																																																																																																																																																																																																																															
																																																																																																																																																																																																																																																															