2.07969	5.1873	1.04019	4.67099	1.56007	0	1.56007	3.63617	4.67099	2.59898	2.59898	2.59898	6.73084	4.15392	4.15392	4.15392	2.59898	1.04019	1.56007	2.07969	2.59898	2.59898	2.07969	1.56007	1.04019	1.56007	0	0	2.59898	3.11783	1.56007	0.520138	2.07969	2.59898	3.63617	6.21731	7.75458	8.77336	13.2809	10.7937	1.56007	1.56007	2.07969	1.04019	1.04019	1.56007	1.04019	1.04019	0.520138	0	0.520138	0.520138	0.520138	0	6.21731	10.7937	11.2947	6.73084	2.59898	9.28071	2.07969	13.2809	7.75458	4.15392	1.04019	3.63617	4.15392	1.56007	0.520138	4.15392	2.59898	9.28071	7.24329	4.15392	7.75458	7.75458	2.59898	2.59898	3.11783	2.59898	2.07969	1.56007	2.07969	2.07969	0.520138	1.04019	2.07969	1.04019	2.59898	1.04019	2.59898	3.63617	0.520138	1.56007	0.520138	1.04019	4.67099	3.63617	0.520138	1.04019	2.07969	4.15392	3.63617	1.56007	0.520138	5.1873	5.70277	3.11783	3.11783	3.63617	3.11783	2.07969	1.56007	1.56007	2.07969	0.520138	2.59898	3.63617	2.07969	15.235	15.7182	4.67099	2.07969	5.1873	5.1873	1.04019	2.07969	7.75458	3.11783	3.63617	1.04019	2.07969	5.1873	6.21731	1.04019	0	2.59898	0	2.07969	0.520138	1.56007	1.56007	2.07969	2.59898	2.07969	1.04019	8.26463	9.78659	8.26463	8.77336	9.78659	8.26463	4.67099	6.73084	9.28071	16.199	15.7182	7.75458	7.75458	10.7937	9.78659	8.77336	8.77336	7.75458	7.75458	6.21731	4.67099	3.63617	6.21731	8.77336	8.26463																																																																																					
4.05545	4.89479	4.18598	5.68188	3.71832	2.90514	2.76234	3.92492	5.25099	4.10482	3.02992	3.38677	5.79512	3.37179	4.3625	4.7736	5.57525	6.40944	6.08986	4.80161	3.89485	3.31137	2.38914	1.89253	1.30004	1.73424	1.16288	1.98832	3.12841	3.25498	1.84742	1.11843	2.39617	3.4164	4.8742	7.17382	8.77639	9.24117	12.498	10.184	1.55993	1.16284	2.236	3.05771	3.45087	3.48482	3.56597	3.71835	3.52804	3.76777	4.04314	4.3007	4.16185	4.16185	5.11547	7.84907	12.3166	12.8162	10.6185	6.77221	9.43693	19.1789	15.2716	12.7197	10.7963	9.22564	7.40558	5.65846	3.62213	3.95474	2.79875	9.5178	10.8719	10.4109	11.9771	10.0235	2.90499	2.73157	3.24977	2.75615	2.14345	1.81047	2.05502	1.55993	0.758163	1.33848	1.84742	1.91918	1.97973	1.17727	2.90499	4.03045	1.57079	2.27343	2.24357	2.32473	4.80145	3.24977	0	1.23341	2.57926	3.62196	2.80465	2.20559	1.17733	5.39225	5.64638	2.47238	2.7316	3.92492	4.0761	3.2081	2.14345	2.30284	2.81069	1.89262	2.63102	2.35355	4.78409	14.6812	13.6538	4.8742	3.17116	5.64638	5.21256	1.11841	2.15133	7.50504	3.48959	4.96613	3.69566	4.00971	4.58735	5.0595	1.65455	0.758163	2.30284	1.04015	1.81047	0.5815	1.66473	2.21323	2.05505	2.09568	1.89253	1.30006	7.37171	9.87342	10.0122	10.051	10.3684	8.91519	5.16428	6.31502	8.65407	16.3179	15.8377	7.75814	8.43902	12.2087	11.6527	10.0673	9.46104	7.91602	8.08888	6.89828	4.93905	4.0096	6.95571	9.93245	8.10719																																																																																					
5.79465	3.32636	4.1856	4.85668	3.71799	3.25478	3.12812	3.31112	4.82547	5.45035	3.02965	3.83359	3.7806	1.69471	3.71337	3.7852	5.31715	6.37766	7.01223	6.08916	4.76256	4.02593	2.63076	2.39596	1.81959	1.98804	1.87446	2.27322	2.76209	2.81043	1.6544	1.2869	2.90472	4.95545	6.30656	7.63747	9.24035	8.77561	10.5407	8.9217	1.55979	0.520072	1.83815	2.9906	3.54671	3.4845	3.50859	3.64495	3.50859	3.78523	4.02612	4.28467	4.16147	4.22551	2.71289	2.75604	9.56324	12.3724	10.6175	6.41909	19.2442	21.5379	14.7572	12.416	10.8667	8.90014	6.80842	5.96772	5.1379	3.02965	3.32636	7.01228	9.95806	10.7578	15.5955	13.6572	3.4161	2.99044	3.5084	3.01288	2.14326	2.05484	1.8103	0.520043	0.662951	1.57059	1.17723	1.81037	0.822267	1.43576	3.4161	4.53175	1.69475	1.98814	2.21308	4.28054	5.05904	2.47216	1.04	1.48211	2.38897	2.38892	1.1183	2.20539	1.33839	5.64588	5.39176	1.17717	1.6544	3.31112	4.28452	4.36208	3.16018	3.56547	3.25469	1.89244	2.02176	0.367741	7.40466	12.785	9.41344	4.4118	4.06331	6.40853	5.21209	0.919287	1.91895	6.7518	2.73145	5.16386	3.7852	3.89028	2.78034	2.73133	1.84725	1.33835	1.57059	1.04006	1.1183	0.581447	1.29999	2.0549	1.48211	1.072	1.40003	1.29995	5.17672	8.71379	12.4154	12.5475	11.3635	9.65267	4.9386	5.08545	7.37999	16.5557	16.0767	7.75744	9.69972	14.378	13.2561	9.64437	8.59066	6.79109	7.84836	7.13382	4.28452	3.78508	7.68698	11.1281																																																																																						
5.7276	5.84308	5.19262	2.09541	2.05465	2.32438	4.10416	4.10416	4.80069	6.42873	3.69034	4.36171	4.40766	4.12462	5.46837	5.84592	6.55441	5.13758	2.96758	5.07187	6.25046	5.75374	3.92421	3.07898	2.4168	2.63054	2.49909	1.84708	2.09538	3.37631	4.44189	4.88382	5.42852	8.08755	9.67893	9.65371	9.78747	8.45512	8.72988	6.60203	2.64979	4.28035	4.63034	4.02576	4.28035	5.61008	6.63249	6.47794	6.47794	7.45991	8.00804	7.39762	6.30101	4.80085	3.65839	4.07542	4.23698	3.74457	1.57045	7.97472	22.8194	21.2091	9.17936	3.38616	1.5705	2.76182	2.99022	5.9082	7.13331	4.95515	5.35396	1.83793	3.78473	5.75374	16.8108	16.7534	4.33079	2.99017	3.31075	3.13854	2.59832	2.5788	2.45148	1.98796	1.16267	1.48196	1.91883	2.46522	2.64979	2.15101	2.61121	4.19304	2.49909	0.919203	1.17706	5.13732	4.955	2.24305	1.32554	1.55965	1.69453	1.07191	1.07196	2.05468	1.57045	4.84226	5.17626	2.22048	1.66443	2.22039	3.6213	4.78313	3.97095	4.07528	2.96758	1.51578	1.83798	6.26913	11.2749	10.4938	5.75075	3.41579	4.44166	6.61208	4.88357	1.29983	2.39574	5.05858	2.14317	5.54707	5.1635	6.30626	5.95887	4.29992	2.30253	0.937394	1.07196	2.24316	2.64979	2.96202	3.31091	3.21288	2.61135	1.95372	0.822192	0.919227	4.26839	8.01172	12.4181	13.6066	12.6907	10.0395	4.04219	4.16087	7.42399	18.1923	17.8985	9.87181	11.44	15.4809	13.3271	8.27242	7.23455	5.91371	7.60862	7.20474	4.2369	3.8595	8.89156	11.2119																																																																																						
3.69459	5.89921	5.91325	3.96211	2.80383	2.32413	3.83295	4.41861	5.00495	6.66145	4.10364	4.58602	5.42781	4.36138	5.75322	6.36851	6.55371	6.29229	2.49882	3.07874	6.44875	6.61397	5.04484	3.31041	2.21257	2.85151	2.73081	1.65407	1.81933	3.1276	4.44141	4.84199	5.29082	9.11586	10.6651	9.29506	8.59286	7.60137	6.8311	3.24882	3.02912	4.64064	4.58621	4.07505	4.15257	5.69212	6.66174	6.51814	6.51814	7.76266	8.00718	7.6168	6.54861	5.08466	4.4072	3.44987	4.12415	2.07902	1.11808	5.34412	19.808	21.836	12.583	6.71846	2.63026	4.53087	7.55552	6.58891	6.95387	6.96567	8.66673	1.51562	3.14359	4.25624	17.0397	19.3089	5.60918	2.73078	2.55219	2.67472	2.59804	2.38849	2.22024	2.27277	1.87408	0.989909	2.38849	2.67479	2.6495	1.98775	0.581312	2.80987	4.68713	2.05443	3.50771	4.88304	4.44117	2.4988	0.822067	1.55948	1.9534	0.259989	1.29971	2.27271	2.30217	3.05667	4.46756	2.45122	2.45116	2.22015	3.37081	4.78261	4.47876	3.81962	2.27271	1.83773	2.23535	9.80297	11.6537	6.98954	2.63026	2.90415	4.95447	6.35517	4.12397	2.22015	3.928	2.73078	3.32566	5.96359	6.2285	6.71377	6.04699	4.7016	2.4989	0.937292	1.66423	2.4989	2.6495	3.13831	3.37097	3.1276	2.61107	2.05452	1.51558	1.91856	5.00487	9.53368	10.671	13.1162	14.4054	10.5416	3.78427	4.16042	8.6894	20.7046	19.6857	9.6779	10.7973	14.5607	12.3823	8.0376	7.00122	5.91307	7.36962	7.20396	4.43749	3.4934	10.0916																																																																																							
0.519892	1.55933	4.15197	5.18487	3.11636	2.07871	1.55933	3.11636	4.15197	6.21439	3.63446	4.15197	5.18487	2.07871	3.63446	3.63446	1.0397	5.18487	4.6688	0	5.18487	6.21439	5.18487	3.11636	1.55933	2.59775	2.59775	1.0397	0.519892	1.0397	1.0397	0.519892	2.59775	8.26078	9.2764	6.21439	5.70009	5.70009	5.18487	1.55933	2.59775	2.59775	0.519892	1.0397	0.519892	2.07871	1.0397	1.0397	1.0397	3.11636	0	2.59775	2.59775	2.59775	3.63446	0.519892	1.55933	1.55933	2.07871	2.59775	17.146	20.8624	13.2748	8.26078	3.63446	5.18487	9.78206	5.18487	4.6688	7.23991	10.2862	0.519892	2.07871	1.55933	16.67	20.4071	6.21439	2.59775	2.07871	2.07871	2.07871	1.55933	0.519892	1.55933	2.07871	0	2.07871	1.55933	0.519892	1.0397	0.519892	1.55933	5.70009	2.59775	4.6688	4.6688	4.15197	2.59775	0.519892	1.55933	2.07871	0.519892	1.0397	2.07871	2.59775	2.07871	3.63446	1.55933	2.59775	2.07871	3.11636	4.6688	4.6688	3.63446	1.55933	1.55933	2.07871	10.7887	9.2764	2.07871	0.519892	2.59775	5.18487	6.21439	3.63446	2.59775	4.6688	1.55933	3.63446	5.18487	5.18487	3.63446	1.55933	3.11636	2.07871	1.55933	2.07871	1.55933	0.519892	1.55933	1.0397	0	0.519892	1.0397	2.07871	2.59775	5.18487	10.2862	9.78206	12.7813	15.2282	10.7887	3.63446	4.15197	9.2764	21.7648	19.949	7.23991	8.76929	13.2748	11.2895	7.23991	6.21439	5.18487	6.72769	6.72769	3.63446	2.07871	10.2862																																																																																							
4.81338	4.27912	5.49716	6.65035	3.71201	3.12156	2.90374	4.36045	5.09663	5.82966	3.20657	5.38977	6.74688	4.4669	4.4064	3.92308	2.49847	5.8725	6.59025	3.65733	4.47795	6.08673	4.19183	4.21982	3.42967	3.85404	3.67561	3.30995	3.52638	3.85848	4.51171	4.84111	5.73771	9.01873	9.14098	6.39317	5.89787	5.34306	3.62025	4.02459	6.19535	6.59791	6.80585	7.88766	8.80251	8.65239	7.11287	6.74714	8.20458	9.12884	9.03718	10.0468	9.63598	7.34827	5.1619	3.12703	3.37533	3.37533	3.92316	1.87378	13.6293	21.045	21.8762	22.4517	20.9533	16.849	15.4077	13.3085	12.8511	14.0129	16.8059	14.3821	12.9782	12.103	17.2984	18.3812	5.84395	2.8745	2.15031	1.73342	1.73342	1.74314	0.989693	1.69404	1.95304	0.183802	2.2424	1.80961	0.98973	1.48153	0.937122	1.29943	5.24208	2.851	3.81893	3.85831	4.59983	4.46311	3.37036	3.14306	2.93827	1.55928	0.367601	1.83735	2.35244	1.98729	3.78359	1.9788	2.30175	1.69404	2.96103	4.36043	4.98061	5.393	5.43931	6.51696	8.65045	12.3688	8.93864	3.20667	2.24251	2.77924	4.44037	5.64374	4.0244	3.21179	4.44037	1.7432	5.03402	6.70992	7.52804	6.35426	4.82371	4.29458	2.38801	1.98729	2.49834	2.62978	2.30186	1.91827	1.28641	0.779783	1.17678	2.24251	3.56424	4.13962	6.29106	9.62037	9.75625	13.1139	15.0584	10.449	3.9698	5.41446	10.8072	21.2535	18.5969	7.36825	9.42376	13.739	11.4688	7.52572	6.54715	5.74912	7.77156	7.5126	4.5889	4.07424	9.93275																																																																																							
4.79903	4.15144	5.14527	6.85596	3.01162	3.30956	2.71161	5.51172	6.88477	5.05667	2.05389	6.55924	7.62961	4.3602	3.657	3.30956	2.62963	4.82328	6.41608	5.99815	2.96076	5.82914	2.02915	4.04077	3.56392	4.04075	3.50687	3.24812	3.50694	4.06153	4.8129	4.88196	5.86356	8.16341	7.74114	5.91708	5.65506	4.34847	0.918877	4.8544	6.31174	6.83432	7.03499	7.92859	8.861	8.52953	7.3049	6.74653	8.67047	9.04897	9.15128	9.94213	10.7228	10.4095	5.78333	3.12675	3.21166	3.21166	4.07387	2.59733	6.05347	15.6095	20.4025	22.1745	21.7673	16.8475	14.2408	13.6286	12.6267	13.4096	15.8558	14.531	12.9039	12.0598	14.0569	13.3222	4.84389	3.12121	1.91804	0.989603	0.989603	1.74298	1.73327	1.95287	1.69389	0.410943	2.49812	2.05387	0.918877	1.69391	1.39937	0.77967	4.22331	2.62954	2.05387	2.02913	3.71168	4.46271	3.657	3.67526	2.938	1.87361	1.32503	1.32503	1.83719	1.73327	4.04065	2.46418	1.56985	0.918829	2.46418	3.2063	3.89273	4.87164	5.3272	6.51638	9.40945	10.7227	6.26676	2.87436	2.21204	2.21199	2.90336	4.37535	4.26677	4.22331	3.92694	1.74304	5.91148	7.35871	8.55033	6.2162	6.67712	5.73408	2.62952	2.7546	3.26859	3.78327	2.38789	1.73335	1.1178	0.779713	1.33776	2.38789	3.42936	3.78342	6.08631	7.68126	9.5055	13.6016	14.5738	9.69523	4.47755	7.12118	12.4595	19.68	15.7569	7.62303	10.6802	14.4661	11.4677	7.52504	6.54656	5.98699	8.7266	7.51192	4.22342	4.58485	8.48673																																																																																							
0	0.519741	3.11546	5.69845	0.519741	2.597	0.519741	5.69845	7.74874	4.66745	1.0394	6.72576	7.23783	1.55888	1.0394	2.07811	1.55888	2.07811	4.15077	6.72576	2.07811	5.69845	0	2.597	2.07811	3.11546	2.07811	0.519741	0	2.07811	2.597	1.0394	3.11546	6.2126	6.2126	5.18337	5.18337	3.63341	1.55888	4.15077	3.11546	3.63341	2.597	1.55888	1.55888	0	2.597	1.0394	4.15077	2.597	2.07811	1.55888	7.23783	10.7856	5.18337	0.519741	0.519741	0.519741	2.597	3.63341	0.519741	4.15077	5.69845	6.2126	9.77927	5.18337	4.66745	6.72576	3.11546	4.15077	6.2126	3.11546	0.519741	0.519741	8.25842	9.77927	4.15077	3.11546	1.55888	0.519741	0.519741	1.55888	2.07811	2.07811	1.55888	0.519741	2.597	2.07811	0	1.55888	1.55888	0.519741	3.63341	2.07811	1.0394	0.519741	1.55888	2.597	2.07811	3.11546	2.07811	1.55888	2.07811	1.0394	1.55888	1.55888	4.15077	2.597	1.0394	0.519741	2.07811	2.07811	1.55888	1.55888	0	1.55888	5.69845	6.2126	2.07811	0.519741	0	1.0394	2.07811	3.63341	4.15077	4.66745	3.63341	1.55888	5.69845	6.72576	7.74874	3.11546	6.72576	6.2126	2.597	3.11546	3.63341	4.15077	1.0394	1.0394	0.519741	0	1.0394	1.55888	1.55888	1.0394	4.66745	6.2126	9.27376	13.7625	14.2518	9.27376	4.66745	7.74874	12.7778	18.554	14.2518	7.74874	11.2863	14.739	11.2863	7.23783	6.2126	5.69845	8.76678	6.72576	2.597	3.63341	7.23783																																																																																							
0	0.519694	3.11518	5.69793	0.519694	2.59676	0.519694	5.69793	7.74805	4.66703	1.0393	6.72515	7.23718	1.55874	1.0393	2.07792	1.55874	2.07792	4.15039	6.72515	2.07792	5.69793	0	2.59676	2.07792	3.11518	2.07792	0.519694	0	2.07792	2.59676	1.0393	3.11518	6.21205	6.21205	5.1829	5.1829	3.63308	1.55874	4.15039	3.11518	3.63308	2.59676	1.55874	1.55874	0	2.59676	1.0393	4.15039	2.59676	2.07792	1.55874	7.23718	10.7847	5.1829	0.519694	0.519694	0.519694	2.59676	3.63308	0.519694	4.15039	5.69793	6.21205	9.7784	5.1829	4.66703	6.72515	3.11518	4.15039	6.21205	3.11518	0.519694	0.519694	8.25768	9.7784	4.15039	3.11518	1.55874	0.519694	0.519694	1.55874	2.07792	2.07792	1.55874	0.519694	2.59676	2.07792	0	1.55874	1.55874	0.519694	3.63308	2.07792	1.0393	0.519694	1.55874	2.59676	2.07792	3.11518	2.07792	1.55874	2.07792	1.0393	1.55874	1.55874	4.15039	2.59676	1.0393	0.519694	2.07792	2.07792	1.55874	1.55874	0	1.55874	5.69793	6.21205	2.07792	0.519694	0	1.0393	2.07792	3.63308	4.15039	4.66703	3.63308	1.55874	5.69793	6.72515	7.74805	3.11518	6.72515	6.21205	2.59676	3.11518	3.63308	4.15039	1.0393	1.0393	0.519694	0	1.0393	1.55874	1.55874	1.0393	4.66703	6.21205	9.27293	13.7613	14.2505	9.27293	4.66703	7.74805	12.7766	18.5524	14.2505	7.74805	11.2853	14.7377	11.2853	7.23718	6.21205	5.69793	8.766	6.72515	2.59676	3.63308	7.23718																																																																																							
1.83675	2.14173	3.71054	5.90977	2.75997	1.809	3.96849	5.24654	5.60604	5.42489	6.86388	7.68997	6.42445	2.21133	2.05334	2.57707	2.02023	2.38715	4.63789	7.03266	3.30353	6.76638	3.12584	2.02856	2.09389	3.12567	1.58009	1.11747	1.32471	2.23406	2.46346	1.33733	4.19024	6.79567	5.89564	4.5834	4.47625	3.71054	4.31643	6.58777	6.21441	6.52966	6.71003	7.27787	7.49909	6.86388	7.36584	8.84922	9.86555	8.2015	6.29681	4.82181	8.82473	8.38512	5.36303	5.96048	5.05548	4.12186	4.53586	5.50722	3.54401	2.24155	5.18253	7.70496	11.9979	12.8463	12.3851	10.9205	8.16132	8.42255	10.0591	10.2882	10.9162	10.6596	10.6337	9.36316	4.46134	3.20537	1.84585	1.33737	1.56945	2.02023	2.09392	1.73276	1.6934	0.662413	2.86753	1.6934	0.581004	1.56939	0.918562	1.11747	2.59653	2.20371	1.97812	1.809	2.75999	3.49142	2.57709	2.62876	2.09389	1.89092	1.89092	0.918562	1.32465	1.97804	3.81748	2.33718	1.29893	0.259829	1.69342	2.57054	2.59662	2.57709	1.48101	1.16185	4.5098	6.4142	6.13912	5.53753	4.12186	2.95999	2.79626	4.02285	4.29681	4.15002	3.07692	2.80835	5.32541	6.23285	7.02322	3.30353	6.89246	5.81604	2.62876	2.90251	3.247	4.29681	2.05327	2.35167	3.01075	2.39425	1.74254	2.39418	2.71082	3.52978	5.03211	6.96174	10.6425	14.2461	13.3113	8.82473	5.90409	10.9628	15.4394	18.3556	13.9336	7.93425	11.2673	14.5974	11.669	8.4843	8.05771	8.22925	9.67249	7.45247	4.82188	5.87032	7.18162																																																																																							
1.97794	2.14154	3.5055	5.03165	5.4884	3.6555	4.10109	3.38366	1.33721	4.55393	6.91133	6.06228	4.03922	2.41496	2.21115	2.38693	1.8457	1.91737	4.63747	7.03203	3.68753	7.46281	3.21044	2.02838	2.0937	3.12539	0.580933	1.2858	1.51463	1.83653	1.97786	1.56925	5.65585	7.03439	4.69838	3.30823	2.95963	2.77797	5.31563	7.13719	6.35129	6.52907	7.24071	7.63131	7.45429	6.94954	7.1374	9.39905	9.60451	8.00613	6.29625	8.9636	11.8254	3.50542	4.32773	5.95994	5.24943	4.35854	4.29271	5.50673	4.58311	1.73261	3.28289	6.39043	9.9351	12.3891	11.9613	9.9286	7.89857	8.20071	9.33473	10.0583	10.9094	10.6768	8.96399	6.59473	3.6693	2.57683	1.65299	1.48085	1.69331	1.8457	1.66315	0.989226	1.95212	0.918479	3.38353	0.918479	0.93668	1.33721	0.410786	1.2858	0.5196	1.64279	1.83658	1.91737	3.12546	3.49111	2.14937	1.48083	2.0937	2.39392	1.39884	0.662353	0.82153	2.46324	3.05468	1.81804	1.81804	0.259805	0.918527	2.23389	2.59638	2.75362	1.8457	0.519628	2.02004	4.69854	6.06228	5.81863	4.85256	4.10097	3.77738	4.79695	4.55369	3.11461	1.69331	2.8081	4.12131	5.20767	5.49444	2.46335	6.19224	4.5976	2.38688	2.39392	2.47005	4.55369	3.81713	2.67305	2.98805	2.8081	1.58003	2.80804	2.71058	3.52946	4.2218	7.43843	12.0627	14.0116	10.8956	7.81438	7.89817	14.8571	16.7065	15.7436	12.0732	7.2291	10.7768	14.1122	12.1597	9.92816	9.15995	9.01821	8.63863	6.62477	5.14332	6.22178																																																																																								
1.89063	1.9171	4.77908	6.41297	7.18485	3.54318	1.95202	4.87959	7.05273	6.84561	5.38688	3.61367	0.821477	2.35108	1.98613	1.9171	1.83633	1.95202	4.61532	7.35515	2.497	6.04211	0.989156	2.23365	3.92089	3.85617	1.98623	1.83633	1.46925	1.48069	2.02814	2.14906	5.59007	6.86943	4.63697	2.9423	4.12104	5.60523	6.64662	7.70336	6.674	6.56636	7.68845	7.70564	6.76778	6.64922	7.41799	9.10746	6.44408	4.05955	3.52892	10.7846	10.9253	7.60025	10.5664	10.0798	10.0395	11.2158	11.5102	10.8905	10.1866	8.40722	6.00378	4.93069	3.30804	1.56914	0.821441	2.05289	1.48069	3.20471	3.61816	0.410759	1.11725	2.46992	3.52908	3.34836	2.20327	1.33707	0.918379	1.039	0.918379	0.936578	1.28566	1.16162	1.73242	1.2987	2.60894	1.29872	0.410742	1.10204	1.28566	1.48067	1.23211	1.07103	1.07103	1.65281	3.38317	3.78142	3.54331	4.47559	4.76518	3.30801	1.07103	0.58087	0.259791	2.87283	2.7957	1.87266	1.97765	0.757365	1.07097	0.936598	2.05289	2.32229	2.35108	2.20327	3.46184	5.06767	6.76778	7.99907	8.06237	6.53581	4.62609	5.09369	4.62609	2.62826	1.81794	0.757365	2.72873	5.00443	4.61532	4.58273	6.76515	4.97779	3.25166	2.75944	2.57655	4.75445	4.52741	2.38663	1.80863	3.25166	3.24653	2.9594	1.83633	1.7325	3.30794	7.20768	12.9301	13.0718	8.29102	8.15328	12.4637	18.7613	16.2311	12.7497	10.7278	7.53024	10.7278	14.3432	13.6217	11.9648	10.1943	8.01728	6.88151	6.31641	5.14277	4.46045																																																																																								
4.05905	4.12047	6.48174	7.32758	5.7018	1.569	3.34799	6.08288	7.46161	6.7279	5.32413	5.14226	2.46275	2.8667	2.753	2.14887	2.23341	2.05277	3.85582	6.70546	3.5048	3.5286	3.36795	2.23345	4.07151	3.25137	2.27083	2.23341	1.46912	1.33698	2.02795	2.87257	4.1001	6.38892	5.57766	2.30032	4.26448	5.56895	5.96149	8.1022	6.98364	6.43312	8.20895	8.12863	6.7279	6.64863	7.84053	8.87429	6.55574	5.70175	6.04157	10.7837	5.84863	9.52602	10.8006	10.2318	9.94138	11.1747	11.9015	11.1861	11.1573	9.4798	6.09118	5.09021	3.44694	1.84533	2.35087	2.27077	1.33698	2.96473	4.37283	0.551022	2.14887	2.98741	3.52876	2.80158	1.64247	0.757296	0.662221	1.03891	0.662221	0.580836	1.11715	2.14101	0.989029	1.29858	0.580817	1.66281	0.918296	0.821402	1.11715	1.69293	1.17599	1.2986	1.2986	1.84531	4.92998	5.4964	4.5822	4.59324	4.59324	3.11954	1.66281	0.580817	1.07088	3.1194	2.79545	1.87249	1.51429	0.662254	2.09328	0.936513	2.27077	2.32207	3.89895	3.95024	4.10023	5.50874	6.76717	7.92402	10.2787	9.60222	5.38612	4.83763	4.37283	2.01964	1.81778	2.05268	1.65266	5.00398	3.25137	4.93359	6.24456	4.40731	2.90182	2.44913	2.38646	4.5085	4.02586	2.62799	2.57632	2.90182	3.26687	2.35099	1.51433	1.91699	3.11947	6.71278	13.9006	12.34	6.25765	9.92128	17.772	20.2286	13.9467	10.7464	10.2597	7.9713	10.2597	14.5775	14.7794	12.6291	9.77825	6.40459	6.65584	7.17956	4.82049																																																																																									
5.38564	5.74475	6.80282	4.79556	2.84891	4.27972	4.79566	6.30735	5.31409	3.93729	3.38268	5.65129	4.00467	2.32186	2.64688	2.46253	2.24069	1.07078	1.95156	5.5801	4.02132	2.46253	5.24767	4.61448	3.78086	2.14092	2.20287	2.59559	1.87236	1.48042	1.74182	2.84883	3.78077	5.67776	6.17169	4.43724	6.95934	7.27515	6.54758	7.0042	6.13661	5.33917	7.4164	6.44272	3.8902	4.72914	5.8169	3.34775	3.2818	5.17084	7.40078	11.8235	4.43338	10.2304	6.46593	5.5594	6.11514	7.39661	8.54485	8.83841	11.3103	11.9962	10.8546	11.1162	10.4972	9.28489	8.66474	7.75543	6.54758	5.16137	3.52833	0.183662	1.7321	2.77713	2.21049	0.779147	1.07083	1.43419	1.32421	1.10184	0.734612	0.519477	0.550972	1.8902	1.69284	2.14875	1.74187	1.4804	1.64225	0.410685	0.580764	1.8902	0.662194	1.55801	1.10184	1.33683	5.43798	6.09305	4.07101	1.8902	1.43412	1.84514	2.75892	1.17588	1.7321	3.37261	2.75275	1.17582	0.936408	0.918261	2.62776	2.02777	2.84891	3.74072	5.60104	5.63954	4.27964	3.82923	2.21049	1.23183	8.3251	11.1258	8.07916	6.60779	5.00353	1.66268	1.07083	3.52351	1.16145	4.76773	4.67225	5.04028	5.14184	3.61302	3.11388	3.95003	5.10282	6.62294	5.77959	4.75728	4.85116	4.14867	4.07122	4.40697	5.83981	7.4344	8.96143	11.2706	13.7609	9.64185	8.08106	16.4182	21.2895	19.1082	12.5376	12.154	12.8229	10.2543	10.2778	16.0168	16.7073	12.1107	8.44635	6.58528	7.48727	5.99416	2.14868																																																																																									
5.63896	6.49328	6.55426	1.95138	2.62763	4.1361	4.21624	6.99406	5.70072	4.02115	4.41402	5.89288	3.78042	1.03878	1.6421	2.95851	2.49622	1.07068	1.6926	6.34866	2.72796	2.95851	5.99354	6.36177	3.30714	2.14072	2.20267	2.59536	1.87219	2.05233	1.74166	1.845	4.00431	4.75671	5.33863	4.6718	8.20949	7.34672	6.54699	5.36051	6.78279	5.67736	7.20814	6.24338	3.88985	4.72871	5.33876	3.07557	3.2815	3.56114	6.10623	12.5263	4.59597	12.0688	6.17127	5.5589	6.76344	7.39594	8.68839	8.26341	10.5757	11.4736	10.8061	11.167	10.8876	9.72853	8.8727	8.02969	6.78547	4.94964	2.21794	0.6621	0.410648	2.21031	3.307	2.33608	1.29836	1.48031	1.32409	0.821253	0.734545	0.51943	0.410648	0.580731	1.80814	2.0524	2.0276	0.988887	1.6421	0.550922	0.580712	2.393	0.757159	2.59531	0.821253	0.757159	4.92231	5.83614	3.81569	2.393	2.21024	1.17578	2.75867	1.84498	1.98559	3.88964	3.00918	0.41063	0.580731	0.988887	2.38598	2.90118	2.46925	3.74038	5.60054	5.85897	4.93254	4.29094	2.41404	0.75714	4.98304	9.79303	9.10659	8.43002	5.97411	1.66253	1.29836	4.2948	2.79494	3.44631	4.67183	4.75337	4.81962	3.4609	3.1136	4.45932	5.60065	6.62235	5.38537	4.52638	4.99988	4.14829	4.11993	4.5264	6.36198	7.90593	9.55167	11.4107	9.99783	5.03966	12.968	22.2486	19.3304	15.9023	13.6182	13.7109	12.8218	9.27697	8.74645	17.3557	17.5703	9.86075	7.59361	7.92236																																																																																												
5.69414	6.72068	6.20791	0.519346	2.07653	2.07653	2.59502	6.72068	4.66391	1.5577	4.14762	5.69414	3.11309	1.03861	1.03861	3.11309	2.59502	1.03861	1.5577	6.72068	2.07653	3.11309	6.20791	6.72068	0	1.03861	1.5577	2.07653	1.03861	2.07653	1.5577	0.519346	3.63065	3.63065	3.63065	2.07653	6.72068	1.5577	2.07653	2.07653	6.20791	4.14762	5.69414	4.66391	0	1.5577	1.5577	3.11309	3.11309	2.07653	4.14762	12.2734	3.11309	12.2734	3.11309	2.59502	4.14762	1.5577	5.17944	2.59502	5.17944	5.17944	0.519346	2.59502	4.66391	4.66391	4.14762	3.63065	2.59502	1.5577	2.59502	1.03861	1.03861	1.03861	3.63065	3.11309	1.03861	0.519346	0.519346	0	0.519346	0	0	0.519346	1.03861	0.519346	1.5577	0	1.5577	0.519346	0.519346	2.59502	0.519346	3.11309	0	0	4.66391	5.69414	3.63065	2.59502	2.59502	0.519346	2.07653	2.07653	2.07653	4.14762	3.11309	0	0	0.519346	2.07653	3.11309	0.519346	2.07653	4.66391	5.17944	4.66391	4.14762	2.07653	1.5577	2.59502	7.74292	8.25222	8.76021	6.20791	1.03861	1.03861	4.66391	3.63065	0	0.519346	1.03861	2.59502	0.519346	0	3.11309	3.63065	4.14762	2.07653	1.5577	3.11309	0	1.03861	1.5577	3.63065	4.14762	5.17944	6.72068	4.66391	2.07653	15.2129	23.949	15.2129	12.2734	12.7683	12.2734	9.26682	3.63065	5.17944	17.129	16.6535	6.20791	5.69414	7.23238																																																																																												
5.85773	6.98078	4.76276	5.58772	7.36095	6.18893	4.42838	7.5638	6.2845	4.42838	5.85789	7.14464	5.81523	5.13072	5.13072	4.23132	2.75203	1.6622	2.21741	6.725	1.69229	4.00351	5.97293	6.39943	0.988689	1.80778	2.7945	3.88472	4.02452	4.46222	4.35603	3.7127	4.94515	5.12734	5.17916	5.44277	8.45561	5.40596	5.33143	4.29023	7.00214	5.33757	5.73155	4.26268	1.23153	2.20223	2.75203	3.889	5.10786	5.48547	6.76445	13.1486	5.02875	11.5707	4.34431	4.21948	7.41441	5.3471	6.77179	6.38676	8.22792	9.72663	10.1566	10.9663	12.6036	13.5413	12.9394	11.0667	8.19199	5.46108	4.2154	2.8716	2.0926	1.65203	3.54151	3.56043	2.46192	2.86576	3.00873	2.60785	2.39265	2.60785	2.98632	3.00873	2.8716	2.49585	2.80647	1.80778	1.33644	0.580615	0.410548	2.56881	2.3501	3.56043	3.37179	5.53384	6.34764	4.7099	2.60771	2.80641	3.30634	1.23148	1.80771	2.23256	2.59484	4.4282	3.32157	2.59493	2.24016	1.73169	2.59484	3.47941	2.32127	3.47952	5.88051	6.44087	6.22086	6.03945	4.80829	4.23132	2.4482	6.14556	8.33061	9.75787	6.65331	3.20858	3.30645	5.50646	4.34431	0.778921	2.0272	3.60265	4.84976	4.17963	4.14747	5.17916	6.22889	7.16087	6.29787	6.30577	8.14177	8.38783	8.49644	8.29352	9.83271	10.85	10.1231	7.56399	5.33757	7.50494	20.7339	26.1422	18.1989	16.1221	14.9606	13.4318	10.7125	7.27068	10.0363	18.8036	16.6034	7.68481	7.16079	6.87829																																																																																												
6.11251	7.49085	1.97661	7.31295	7.2973	6.11283	4.17925	7.79452	6.91605	4.42798	5.68451	6.76382	5.8147	5.09111	5.09111	3.77948	2.0518	1.66205	3.20813	6.7244	0.917911	4.69524	5.00164	5.63733	1.47984	1.6922	2.59469	3.6163	4.02416	4.35563	4.46182	3.85408	4.76594	5.12688	4.63452	5.68164	8.45485	5.40547	5.8998	4.09835	6.78084	5.33709	4.63801	3.07458	1.65188	2.20203	3.34642	3.20829	4.67045	5.33725	7.50421	13.6155	6.82214	10.0737	6.339	5.02839	7.56331	5.43314	5.99203	6.21778	7.5263	9.03965	10.1494	10.8239	12.2357	13.5401	13.5631	12.5483	9.65364	7.144	4.79385	2.80026	2.44798	1.84444	2.84775	3.34642	2.34988	2.8655	2.98605	2.70876	2.39243	2.70876	3.00846	2.98605	2.80026	2.46853	2.80622	2.57511	0.75694	0.580562	2.2096	1.83535	2.34988	3.34642	4.97495	6.25497	5.43314	2.54894	0.580543	2.39236	4.01982	2.49549	1.1166	1.8353	2.5946	4.4278	2.59464	2.59469	2.4956	1.6922	2.5946	3.4791	2.93492	3.15554	5.68448	6.24158	6.03614	6.0389	4.93125	4.63809	2.44798	2.87122	7.39351	10.7159	6.4196	3.12346	3.70779	6.22019	5.337	2.3354	3.24974	4.58369	4.99844	4.17925	4.14709	5.17869	6.95186	7.66701	6.2973	6.37841	9.14698	8.45707	8.65587	8.34791	10.4377	11.1809	9.4876	6.08016	4.58371	11.9064	24.9957	25.0372	16.9448	16.1207	13.3407	11.8314	10.0979	7.71838	11.7991	18.3873	14.0126	7.1232	6.96372																																																																																													
5.23556	7.1616	5.15885	8.07526	4.91381	4.91381	4.6949	6.65199	5.34576	1.43341	3.0523	4.40463	4.27763	4.4124	4.69138	5.08727	4.80739	3.50289	4.57949	7.14309	1.74102	5.675	4.31259	3.9224	1.6517	1.46826	0.917763	0.66187	1.51345	2.20943	2.80591	3.24948	4.59403	3.20256	2.90014	3.70738	6.39559	1.8714	3.68467	3.77462	5.50539	4.69473	4.09778	3.68471	2.96313	2.26952	2.13977	1.69199	3.24948	3.85366	5.90467	10.1366	8.5655	7.8358	6.65194	4.80714	4.69113	1.87144	3.82747	4.87633	6.05759	5.99978	6.09041	7.36848	8.70767	10.1115	11.4621	12.6409	11.9453	10.5333	7.44622	6.2278	6.31501	5.56571	5.4417	5.28328	4.40482	4.29332	3.66655	3.20269	3.37115	4.02372	3.77907	3.26498	2.20948	1.23128	1.80735	3.24418	2.26952	3.50289	4.43122	3.77462	5.34604	7.2897	7.76854	5.77678	3.20794	2.41312	1.64151	2.01847	3.86651	3.00798	0.580499	1.39775	2.20936	3.77887	1.33617	0.66187	1.69199	2.20948	2.20943	2.49522	2.72688	1.1013	4.13436	5.3862	5.3209	5.49335	4.70908	5.24212	5.81128	6.99159	7.69834	9.12257	4.69113	1.55733	3.02471	6.21683	6.05459	3.82736	3.88382	4.59403	4.66256	3.91827	5.89082	8.24425	9.42115	8.12398	5.89079	6.48333	9.10311	9.32758	13.7583	16.7648	16.446	15.5444	14.2577	14.0328	16.1579	22.4754	27.2081	22.4604	14.7715	13.1629	8.86163	9.03831	9.49478	8.92226	13.4793	16.9066	11.4228	6.03825	4.6698																																																																																													
3.2075	4.97396	5.5562	7.49176	4.91337	4.91337	5.06376	4.63709	3.55935	1.17514	1.80719	3.12275	3.68898	4.41201	4.69096	4.98082	4.93033	3.8836	5.27002	7.64167	2.02661	6.62396	3.48808	1.39762	1.23117	2.32052	1.69177	0.917704	1.32344	2.05137	2.39195	3.24919	6.79891	2.05133	3.24919	3.00786	5.40415	1.87123	2.34942	3.77428	4.03572	4.93011	4.53141	4.03158	2.7513	1.98472	0.519176	3.07397	3.85325	4.05647	4.21814	3.71147	7.23448	4.43089	5.38253	5.06356	4.69071	1.87127	3.38078	4.80696	5.89029	6.08713	6.18715	7.67424	8.63908	10.1106	11.6214	12.295	12.6448	12.0711	7.44555	6.22724	6.65161	5.64827	5.68052	5.41971	4.40442	4.27732	3.94774	3.3055	3.5264	4.02336	3.76096	3.44463	2.62632	1.65155	2.0513	4.53503	4.00236	3.55953	4.00247	4.17837	6.07888	7.50288	7.10335	4.99752	3.88787	2.94004	1.64137	1.84409	3.11731	2.75116	0.580446	1.8891	2.46791	3.00771	1.56789	0.756789	1.47959	2.23951	1.69186	1.23112	2.9853	2.4611	3.11738	4.97396	5.1291	5.3079	4.57921	4.98077	5.56524	7.18653	6.38492	5.32974	2.64534	1.55719	3.02444	5.72696	6.05404	4.28885	3.65233	4.83443	7.74	6.42867	6.41855	8.89225	9.1399	7.22313	5.81076	6.95534	8.92146	11.9389	15.1919	16.7634	15.967	15.4604	14.2391	14.0713	17.4925	23.4455	23.563	19.6254	14.2202	10.8807	7.30246	8.81092	10.6189	10.6493	14.4789	15.2157	9.94752																																																																																															
2.07555	2.5938	3.11163	5.17702	1.55696	1.55696	3.11163	2.5938	2.5938	1.03812	1.03812	1.55696	0.519101	0.519101	0.519101	0.519101	1.55696	2.5938	5.17702	7.73931	1.55696	6.71755	2.07555	0	0	2.5938	2.07555	1.03812	0	1.03812	0	1.55696	7.73931	1.03812	2.5938	0.519101	4.66172	1.55696	1.03812	1.03812	2.07555	4.66172	4.14567	3.11163	0	0	1.03812	3.62895	3.11163	2.07555	2.07555	0	3.11163	1.55696	4.66172	5.17702	4.66172	2.07555	0.519101	1.03812	0.519101	1.55696	1.55696	3.11163	0	4.66172	7.73931	8.24838	9.76746	10.7727	4.14567	0.519101	3.62895	2.07555	3.11163	3.11163	0	0	2.07555	1.55696	1.55696	1.03812	0	1.55696	2.07555	1.55696	2.07555	5.17702	4.66172	1.03812	1.55696	2.5938	4.14567	3.62895	2.5938	0.519101	3.11163	2.5938	0.519101	1.03812	2.5938	2.5938	0.519101	2.07555	2.5938	2.5938	1.55696	0.519101	1.03812	0.519101	0.519101	0.519101	3.11163	3.11163	1.55696	3.62895	3.62895	3.62895	2.07555	2.07555	1.03812	2.5938	1.03812	2.5938	1.55696	0	2.5938	5.17702	5.69147	4.14567	3.11163	4.66172	9.26253	7.22901	3.62895	5.69147	4.66172	2.07555	1.55696	4.14567	6.20501	10.7727	9.76746	2.07555	2.07555	5.17702	0	2.5938	10.2709	16.6461	15.2061	14.2349	10.2709	6.20501	4.14567	7.73931	10.2709	9.76746	12.7625	12.2678	7.22901																																																																																															
5.16713	5.33507	2.05093	5.56394	1.43303	1.43303	2.62576	2.49457	2.3914	0.917538	1.47927	1.80686	0.734053	0.550553	0.580322	0.550553	2.20876	3.88277	5.44004	6.94195	1.69146	6.71694	2.95653	2.29836	2.21646	1.73079	2.13919	1.11618	0.66169	0.988187	1.1162	3.11682	6.03646	2.09161	3.52571	2.60663	5.63528	3.65178	3.68831	3.7736	3.47789	4.97972	4.63262	3.38004	1.55691	1.4331	1.6614	3.24851	3.9172	4.83375	5.74068	6.4663	7.5953	6.81981	3.67003	4.29193	5.02632	2.85252	1.1162	1.65125	1.69155	2.67024	2.84674	3.34515	1.4331	4.59279	8.00563	9.31771	11.5143	6.5423	10.7079	14.5822	12.5627	8.95472	8.80784	10.0929	9.54549	7.91738	7.02736	6.48928	6.48928	5.57618	4.32319	3.68371	3.13287	1.83456	2.07536	4.68986	4.58914	1.84374	1.80686	2.54785	4.11697	3.68815	2.75682	2.01792	1.97579	3.32001	2.05102	1.39742	1.95007	2.46066	1.23095	2.09153	2.0915	2.21637	2.051	1.98436	1.91535	2.14712	2.49467	2.20888	2.89923	2.60649	0.988187	3.34515	4.58195	4.94283	4.22933	4.59297	5.08589	5.78388	4.97992	4.46013	3.20182	2.46759	3.12219	5.15723	5.38156	3.89564	3.96378	5.90867	8.19186	6.22579	4.68986	7.20096	7.02481	5.90889	6.376	8.89067	10.6218	12.5435	9.31261	1.97586	1.11618	4.95632	4.87501	1.17493	13.9396	17.6979	15.4285	14.7664	10.2512	7.44624	6.94212	9.91808	12.2721	11.7812	13.3344	12.133	6.62277																																																																																															
5.07549	7.9596	0.756569	6.3333	1.1748	1.1748	1.47911	1.84354	1.88855	0.661618	1.69131	2.05071	0.733973	0.410328	0.580259	0.410328	3.50137	5.56336	4.97918	5.17922	1.94986	6.71622	4.47068	2.93921	3.12185	0.410328	2.13895	0.917438	0.756569	0.75655	2.14681	4.13279	2.55417	3.52527	3.03474	2.60634	5.85444	3.77758	3.77761	3.77319	3.154	4.5301	4.63211	2.95626	1.55674	1.47916	2.0913	2.02603	3.26374	4.62148	5.56363	6.50643	7.35673	8.21916	3.34485	2.49427	5.53037	4.40291	1.28431	1.84354	1.80674	2.4605	2.72596	2.75044	1.47916	3.88235	8.00477	11.3159	14.6863	2.55417	15.5855	15.0784	14.7527	9.54437	8.53576	9.88467	9.78592	8.31242	7.32977	6.43736	6.43736	5.63488	4.69312	4.81581	4.58864	2.34861	2.07514	3.66496	4.09618	2.4943	2.05071	2.298	3.86504	3.44349	2.09136	3.53946	1.10088	3.31965	2.14688	1.39727	0.661585	1.97557	1.17486	1.66122	1.06985	1.29733	1.73068	1.94997	1.80674	2.57387	2.46733	2.29811	2.02601	1.57812	0.550493	2.14688	4.21694	4.76362	4.1167	4.36886	5.24018	5.78326	4.92553	4.06769	3.00699	2.4944	2.75654	4.66798	4.62125	3.37962	5.48811	7.3452	5.72531	4.17699	6.73588	9.67893	8.75453	6.12877	6.64972	9.99669	10.9306	11.2325	6.43724	2.56733	1.56743	3.81292	5.50346	8.62859	18.1597	16.6368	13.6618	14.3061	8.86561	8.1288	8.3279	10.3254	12.6959	11.7799	12.0202	10.5123																																																																																																
4.42543	8.16024	2.93895	6.92874	3.37944	2.31971	1.98397	2.21602	2.89875	2.89878	2.89875	2.02584	0.756501	0.988027	1.94979	3.4579	6.03267	6.69848	3.91635	3.558	1.73044	6.23787	5.8083	3.40893	2.49407	2.46027	3.13767	2.39104	2.0912	1.69119	3.05087	4.27547	0.518979	4.58823	2.49415	3.20643	4.92827	2.95599	2.59314	2.49415	2.4671	3.37936	4.429	3.16422	2.33418	2.21602	2.89875	4.01769	4.68918	4.92509	4.92509	3.37949	2.95594	4.9954	5.88804	7.15626	5.51499	3.96299	1.32287	1.32287	1.23065	0.259495	1.11596	1.32287	0.366968	3.05087	7.89049	12.1567	15.9547	7.91544	17.5938	7.23176	13.5794	10.8176	10.3809	13.5187	16.0785	17.4627	18.055	17.5068	17.7587	18.444	19.117	18.9732	16.751	12.6728	9.99114	8.82272	8.41142	7.22039	5.31845	3.34449	4.02165	3.40893	0.917331	4.77355	2.95599	3.37936	1.84337	1.28419	1.80657	1.7402	1.39709	2.44656	2.54746	3.11627	3.36956	2.79864	1.87056	2.46017	0.661525	1.29724	1.11597	1.16029	0.98799	0.410291	2.23106	3.66928	3.16428	2.2979	3.1162	3.48675	2.60611	3.40911	4.01769	3.96319	3.2788	4.52969	5.32773	6.21407	9.6397	10.3464	7.39396	7.22039	10.7235	11.6402	8.35849	4.41019	5.12392	8.9253	8.0897	5.48158	1.66107	2.21593	2.02582	3.85186	6.10105	12.0467	18.8858	14.3091	12.9608	15	9.65983	9.49732	9.21077	11.1614	13.0322	10.9133	10.2759	7.99588																																																																																																
4.42503	6.07586	3.50081	6.0293	4.4098	2.3195	1.94961	2.09101	2.70695	2.89852	2.70695	1.57791	0.661498	1.47884	2.41177	4.09557	6.21617	5.68069	2.62508	2.29759	0.9879	4.99495	6.54802	4.94465	1.23059	2.34831	2.98401	2.39083	2.09101	2.20817	3.81203	4.5329	1.16019	5.08419	3.30388	3.36923	3.48164	3.37906	2.59291	2.62508	2.49395	2.2309	4.67784	4.05444	2.33396	2.44634	2.60587	4.25963	4.68876	4.92465	4.92465	4.40984	5.48712	1.69104	6.07606	7.1094	4.36807	1.51256	1.83403	0.820429	1.47882	1.06966	0.917272	0.820429	0.366935	2.79825	8.14338	11.9078	15.4735	9.63191	18.7397	6.03503	11.9348	11.3706	11.235	14.1474	15.9409	17.3074	18.1023	17.5222	17.8269	18.4139	19.0669	19.6961	18.5118	13.9149	10.784	9.14816	8.65573	8.23164	7.47941	4.45869	4.52186	3.9202	1.69097	5.78198	3.37906	3.82522	2.49385	1.11587	2.57338	1.74004	3.9202	2.75604	2.62511	3.42347	3.36926	3.34424	2.59287	2.95567	1.94951	1.06971	0.917296	1.16019	0.756413	0.550393	1.32282	3.13738	3.48646	2.38378	3.30388	3.48644	2.70695	3.70986	4.03394	4.09562	3.11062	4.09549	6.24531	8.22155	10.9943	9.99005	6.95215	7.61898	11.2986	10.0287	6.04309	4.81494	5.8958	9.14788	7.6554	2.09098	1.06971	0.778371	1.39702	3.85151	6.10051	10.412	17.49	14.3078	15.5825	16.5868	9.85147	8.92462	8.80506	12.4527	13.0311	9.89078	9.17631																																																																																																	
3.07234	3.47646	2.86317	3.42307	5.31749	4.17608	3.50061	3.12109	2.7067	2.49373	2.64399	2.86916	2.98379	3.65039	3.59959	3.48612	4.17988	2.74962	1.47876	2.23066	0.518885	3.66397	6.30016	5.81018	3.92005	3.63665	3.65039	2.95554	2.3481	2.74969	4.01677	4.17586	2.13837	5.12612	2.46652	1.83386	1.69082	2.7251	1.94933	2.55347	2.89823	3.70955	5.51394	4.6345	2.20804	2.66923	2.9612	3.52438	2.89825	2.46666	1.91463	4.18389	6.86283	2.4937	5.55293	3.30367	4.84565	3.92005	2.89823	1.29703	0.917165	1.46731	1.83396	2.13847	2.3481	4.94096	10.0019	12.0814	11.2676	12.8368	18.0194	3.86418	8.05185	10.9935	8.87453	8.55999	7.04585	8.6343	10.7084	11.4773	10.4855	8.76745	8.38663	12.5693	18.466	21.0855	20.853	19.0615	18.608	17.9856	14.5763	6.78543	5.18102	4.43196	2.89813	6.93936	3.68227	4.28645	3.02275	1.64045	3.55741	2.9612	5.92053	4.45844	3.94553	3.66407	1.51246	1.94933	2.55347	3.24727	3.3688	1.56701	2.86333	3.77217	3.81188	4.2159	3.88577	3.52438	3.48614	2.89823	2.57315	2.96109	2.02548	2.39054	2.09079	3.1157	3.66416	4.40944	7.44344	11.801	14.0766	11.3317	8.93318	9.83106	11.2338	8.19898	5.9875	5.71521	6.27919	9.32128	7.61815	5.06101	5.68034	5.52916	5.80752	5.73848	8.24879	14.5489	21.0989	19.7348	19.4764	17.3396	9.63295	8.20097	8.96204	13.7695	13.4951	8.91837	6.51968																																																																																																	
2.96088	1.87002	2.34772	1.73002	4.57615	4.17563	3.5193	3.2055	2.89791	2.46639	2.6437	2.79783	3.00585	3.77615	3.36856	2.80378	2.96077	0.987704	1.4324	2.66886	1.15996	2.64357	5.07336	4.57972	3.91963	3.70915	3.77615	3.13145	2.34784	2.57289	3.30317	3.15264	3.15264	4.87239	1.17435	2.34772	1.94912	1.94912	2.72481	4.02048	3.85065	3.85074	4.94043	4.03302	2.23801	2.45956	3.07201	3.52399	2.89794	2.54672	2.38326	3.70899	6.61705	2.62456	6.01156	3.24189	4.45796	4.1836	2.60535	1.66061	0.410154	1.03757	1.83376	2.13824	2.34784	6.34146	10.8881	10.9454	3.10983	15.307	14.8405	4.11514	6.28663	10.2983	7.7734	8.55908	7.6197	8.6711	10.3157	11.4483	10.429	8.88469	8.38573	10.8102	16.3321	20.5737	21.4244	19.4047	18.4644	21.3375	21.6035	9.93434	6.20678	4.94367	3.85058	7.66882	3.29816	4.75821	3.02242	1.64027	4.22714	2.74946	5.31687	4.35186	4.45418	4.4541	2.66886	0.661333	2.09051	2.80372	4.34016	4.32087	3.37847	3.77176	3.86376	4.34035	4.02067	4.21533	3.16337	3.16337	1.80605	3.20013	2.39028	2.02526	2.75547	3.00585	3.66376	4.09475	8.12575	15.328	15.8122	10.7207	8.84426	9.9542	9.86769	7.052	6.12912	5.03401	6.07471	9.78185	7.82991	5.12583	5.73789	5.52856	5.88634	5.48933	10.4178	17.5597	22.2009	20.2376	17.4226	14.4184	8.60479	7.84048	9.35862	14.6401	13.9119																																																																																																			
1.03742	0	2.07416	2.07416	1.55592	1.03742	0.518753	1.03742	1.55592	0	0.518753	0.518753	0.518753	2.07416	1.03742	1.03742	2.07416	0	0	2.59207	1.55592	2.07416	4.1429	2.59207	0.518753	1.03742	2.07416	1.55592	0.518753	1.55592	2.59207	2.59207	3.62652	4.65861	0.518753	2.59207	2.07416	1.55592	3.10955	4.65861	3.62652	1.55592	3.10955	2.59207	0.518753	0.518753	1.55592	2.07416	0.518753	1.03742	2.07416	3.10955	6.20088	1.55592	5.68768	0.518753	1.55592	2.07416	1.03742	1.55592	1.03742	0.518753	0.518753	0.518753	0.518753	6.20088	10.2641	9.25643	1.03742	15.6784	12.2598	2.07416	1.03742	4.65861	1.03742	6.20088	4.1429	1.55592	0	1.03742	2.07416	2.07416	1.55592	0.518753	0	5.17357	9.76104	7.22422	3.10955	18.0534	23.9247	11.2654	6.71309	5.17357	4.1429	7.73419	2.07416	4.65861	2.59207	0.518753	4.1429	0	3.62652	1.55592	3.10955	4.1429	3.10955	0	1.55592	2.07416	4.65861	5.68768	2.59207	1.03742	1.03742	1.55592	1.55592	3.62652	1.55592	2.07416	0	3.10955	2.07416	1.03742	2.59207	1.03742	0.518753	2.07416	7.73419	16.1581	14.2258	4.1429	1.03742	5.17357	5.17357	3.10955	3.62652	1.55592	4.65861	9.25643	6.71309	1.55592	1.55592	1.03742	2.07416	1.03742	9.76104	16.6355	19.4488	15.6784	10.7656	9.25643	4.65861	5.17357	7.73419	13.7373	12.2598																																																																																																			
4.21468	3.88465	3.70845	2.80328	2.49298	2.95469	3.49959	4.11442	4.42335	4.2737	4.28929	3.96133	3.10944	2.41085	1.11545	1.15975	1.98294	0.579952	0.916947	2.13775	1.43207	1.47826	4.09389	3.19956	0.916923	1.23012	2.89739	3.70845	3.20493	2.72443	2.59188	1.98294	3.3678	4.43068	0.987525	2.46581	1.98294	1.6399	3.37773	4.92252	4.26957	3.48032	5.12478	4.88194	4.28929	4.43092	4.17886	3.82388	3.00531	3.1148	3.88031	4.96981	7.30074	3.52341	5.16348	0.661247	1.47826	2.23749	1.43207	1.47826	1.23007	1.28359	1.56661	2.2074	4.6905	7.30531	6.73214	8.75166	9.5748	16.5184	11.7788	4.17482	3.77108	5.85126	4.45715	4.58608	4.17466	2.34729	2.49298	4.2737	5.89375	6.53321	6.29864	6.10646	6.33011	8.24644	11.6349	9.67054	9.10917	20.846	25.5433	11.5386	6.73214	5.31579	3.61234	7.78638	4.28906	5.15071	5.85133	4.80289	6.23514	4.65844	5.98578	5.73685	6.42341	6.79338	6.07374	5.17981	3.77552	1.51203	3.96113	6.08169	3.37773	2.04958	2.09019	1.4783	1.4783	3.84996	3.64934	3.73539	2.74897	3.16273	2.80322	2.80328	3.66758	2.29682	1.6904	1.6399	7.01063	15.6974	15.188	6.1386	6.16306	9.23662	6.12535	3.29756	4.80268	5.38125	8.06785	9.97004	7.61597	4.52034	4.92615	4.68698	4.97655	6.71279	14.432	19.3414	20.3791	17.0508	12.495	11.1921	9.00309	10.7008	12.3619	14.2985	10.7109																																																																																																			
4.15043	3.8843	3.4072	2.3897	2.2374	2.86224	3.55618	4.06505	4.42294	4.2889	4.27331	4.09369	3.27696	1.9487	0.916864	1.15963	1.72944	0.934973	0.98747	1.15963	1.17401	0.41006	3.60734	3.93108	1.11532	1.47816	2.60465	3.70811	3.36764	2.49278	1.8695	0.756047	2.8503	3.91829	1.72944	2.20704	1.72944	1.63972	3.89262	5.43578	5.27442	4.92545	5.67798	4.88148	4.27331	4.43051	4.03205	3.60753	2.98265	3.0493	3.61218	4.96933	7.29999	3.36768	3.55601	0.916832	1.22994	2.49261	2.20704	1.22994	1.4781	1.91381	1.69023	2.62383	6.40204	6.2531	0.733488	5.92968	10.0805	14.1273	8.80089	4.17443	3.77073	5.05899	5.48769	1.51188	4.17421	3.89262	4.13006	4.58948	5.71026	6.53261	6.37118	6.13837	6.33999	8.24564	11.6337	8.52631	9.02946	24.2359	28.4096	12.0333	6.73141	5.57157	2.38253	7.537	8.63046	4.03205	6.27688	4.78856	6.07311	4.65803	5.60753	5.67819	6.55525	6.95587	5.95193	5.23046	4.22611	2.22979	2.45875	6.5826	4.92199	3.19922	2.08999	1.23001	1.23001	2.89712	3.77511	3.73503	2.96007	2.38964	3.246	3.48477	3.49918	2.2072	2.20711	0.733488	5.48446	14.4995	16.8516	9.92498	9.47995	9.38219	5.72184	2.45889	5.97388	7.58278	8.56247	8.38318	6.99358	4.75005	4.80245	4.68656	5.23671	8.38323	16.7691	19.1447	18.544	16.4154	11.8864	10.9891	9.98536	11.7739	12.3607	11.5818																																																																																																				
2.74842	3.10882	3.10882	3.37724	3.89247	3.66238	2.20696	1.33465	2.29626	1.81465	2.0898	1.84216	1.51169	0.366723	0.518631	1.64982	0.579818	1.69009	2.45863	2.04924	2.02449	1.28333	2.59132	3.68496	2.14525	2.22961	1.51173	1.91363	1.73898	0.661115	0.366723	0.183363	2.20684	3.19892	2.74835	2.95401	2.38231	1.94838	3.62547	4.99207	5.89798	6.07242	6.21259	5.05847	4.01501	3.36731	2.29636	2.04915	1.11523	1.63964	1.72937	3.70759	5.88387	2.86193	2.66793	1.83301	1.63957	2.86178	2.49238	0.916717	1.83296	2.45852	1.64982	3.16211	5.1753	2.19928	4.45241	2.95405	5.32418	8.88092	5.05827	2.23705	1.33465	2.02447	4.57798	4.61798	4.95204	5.27716	4.97541	2.95401	1.32205	2.45852	2.59132	2.45863	5.63063	9.00132	11.1628	8.25874	12.7179	26.8442	27.6016	11.2694	6.73327	5.98439	3.29691	8.18489	7.22214	6.23403	7.26112	4.36555	4.94192	2.41033	3.00471	4.80188	5.487	3.52255	3.9309	5.0815	5.59209	5.63055	3.77477	5.12363	5.52619	4.11341	2.29626	2.38944	1.47803	0.819954	1.11521	2.95975	3.77472	2.0898	3.19892	2.79664	1.81455	0.934902	2.84427	2.74842	4.6894	11.085	16.0412	16.1811	14.6253	7.60571	4.27277	5.57136	6.75545	7.58847	6.85712	5.7787	5.60676	6.75545	9.38139	11.5369	11.3938	11.6329	17.7002	17.8421	16.3035	14.5916	10.3876	11.0244	10.73	11.0823	8.92864	5.98446																																																																																																				
2.95949	3.10854	3.10854	3.45528	3.96019	3.94326	2.7724	2.5454	3.5553	2.08958	2.21434	1.4779	1.09995	0.366689	1.15941	1.84197	1.57677	2.38214	2.66768	2.14506	2.38916	1.91346	1.55533	2.49218	2.04905	1.97397	1.32193	2.14498	1.73882	0.755926	0.366689	0.409961	1.43165	2.04899	2.57168	3.3768	3.6113	2.72353	2.59108	3.30162	5.0216	5.48663	6.02812	5.20065	4.03125	3.52239	2.93672	3.80949	2.14498	1.6395	1.68993	4.18147	4.68898	2.86167	2.34674	2.22937	2.64233	3.37675	2.23684	0.661022	2.34661	2.9537	1.84197	4.05173	2.95937	2.19909	3.66195	3.29661	5.3237	6.88527	4.80125	2.49215	1.5661	1.39608	3.204	4.57406	4.01462	5.0579	4.52626	2.56515	1.51159	2.9537	3.62515	4.97497	6.69357	9.3127	9.99638	9.63255	16.4127	25.0077	21.5107	8.62897	6.4828	6.23317	4.52626	8.64974	0	8.73427	6.89758	5.05801	4.94147	5.98385	6.07183	6.21204	8.73406	1.29625	4.11321	5.23575	5.59159	5.49881	4.22529	1.91346	5.02152	4.87011	4.57382	2.38923	3.53646	1.32187	1.5661	2.79652	4.22524	2.4447	2.95937	2.04897	1.2962	2.70502	2.46523	2.95949	3.99781	5.57951	10.5206	17.9107	20.6596	11.3866	3.61147	5.67707	5.20388	6.41107	7.33902	5.77818	5.37648	10.5479	11.1891	11.5138	11.195	10.8835	17.4936	17.4249	15.2443	13.0479	10.1674	12.33	11.5107	10.7051																																																																																																						
1.55519	0	0	1.03693	1.03693	2.07319	2.59085	3.10809	4.14096	1.55519	1.03693	0	0.518509	0.518509	1.55519	1.55519	2.59085	2.59085	1.55519	1.03693	2.07319	2.07319	1.03693	1.55519	0.518509	0.518509	0	2.07319	1.55519	0.518509	0.518509	0.518509	1.03693	1.03693	1.55519	3.10809	4.14096	3.10809	2.07319	2.07319	3.62482	3.62482	4.14096	3.10809	0.518509	1.55519	2.59085	4.65643	2.59085	0.518509	0	4.14096	3.62482	0.518509	1.03693	2.07319	3.10809	3.62482	2.07319	0.518509	2.59085	3.10809	1.55519	4.14096	1.55519	3.10809	2.07319	2.59085	4.65643	5.68503	4.65643	2.59085	1.55519	0	0.518509	0.518509	0.518509	4.14096	3.62482	1.55519	1.03693	3.10809	4.14096	6.19799	5.17115	6.19799	6.70996	7.73059	15.1895	20.8117	16.6281	6.70996	6.19799	6.19799	4.65643	8.23911	3.62482	8.74632	2.59085	3.62482	3.62482	7.73059	7.73059	5.68503	10.2594	0.518509	3.10809	2.07319	3.10809	2.59085	3.10809	0	4.65643	5.17115	5.68503	1.03693	4.65643	1.55519	2.59085	1.55519	3.10809	2.07319	2.59085	1.55519	1.03693	3.62482	0.518509	1.55519	3.10809	2.59085	3.62482	16.1509	23.0423	13.2408	2.59085	1.55519	1.03693	5.17115	7.22085	5.17115	4.65643	11.7581	8.74632	0	0.518509	4.14096	15.1895	15.1895	12.7484	10.7607	8.74632	11.7581	9.75653	7.73059																																																																																																						
3.77365	3.11867	3.26032	3.76924	2.23651	2.60347	2.33181	2.89585	4.0178	2.0239	1.73853	0.916475	0.66089	0.549915	1.56579	1.65948	2.55149	1.81403	1.56579	0.987042	1.94782	2.2062	0.934632	2.02388	1.29599	0.755775	0.409897	1.98197	1.51125	1.1149	0.934612	0.66089	0.916452	0.934612	1.65948	3.43988	4.466	3.04794	2.08911	2.38167	4.06336	6.00777	7.78293	7.91656	7.14947	6.69973	6.70954	7.78921	7.11249	5.94131	4.94063	4.21253	3.03144	0.777695	2.20627	2.93041	3.37613	3.43988	2.2138	1.47758	3.19802	3.42041	2.19865	3.76907	0.916452	3.04794	1.98197	2.46461	4.40588	5.82554	5.04365	2.79583	1.73848	1.22952	2.31749	2.98147	3.26032	4.63091	2.89588	1.06878	2.89598	4.21251	5.73678	10.1098	13.4609	16.725	18.1886	19.2586	21.4156	20.851	14.219	5.7077	6.10318	6.35798	5.56946	6.24518	5.871	7.34878	2.89585	3.75573	3.75573	8.83798	5.69024	9.31069	11.2847	4.21253	5.17381	3.94247	5.3228	5.97185	6.94617	7.09401	7.68965	6.05162	4.68805	1.33426	3.88262	4.1808	3.5968	3.34134	4.52548	5.09308	4.8005	4.85909	4.72011	3.88268	2.55158	3.80893	4.52548	2.40967	2.2956	14.9319	23.8421	15.5265	3.80873	2.3887	1.91314	4.61642	6.24518	5.20268	5.54863	11.3339	9.34202	4.04276	9.11704	15.5702	18.5886	18.0911	14.1012	10.8072	10.6578	13.1553	10.1654	7.2133																																																																																																						
3.68372	3.20307	3.43972	3.7689	3.91225	3.63331	1.81386	2.38842	3.52121	1.73838	1.5764	2.04837	0.916369	0.40986	1.33414	1.29587	2.08892	0.259208	1.33414	0.755688	1.68935	2.46438	0.934547	2.0237	1.65932	0.660864	0.549866	1.72863	1.09963	1.28284	1.39562	0.916369	0.660831	0.579617	1.29587	3.68356	4.97348	2.79558	1.65932	1.91296	3.23944	5.45182	7.44612	7.82428	7.28554	6.85482	6.70894	7.51413	7.21291	6.02928	5.15105	3.11839	1.65932	1.29585	2.77156	2.93015	2.95289	2.72276	2.2136	2.0484	3.4201	3.19773	2.19845	2.78959	0.409842	2.79558	1.72863	2.206	3.89079	6.0809	5.81363	3.04767	1.73832	1.64919	2.93015	3.04782	3.23944	4.02997	1.39568	2.55126	3.16097	4.21213	6.59463	13.5391	17.3632	18.0371	18.5685	19.5502	20.0596	15.7702	8.2634	3.6608	5.84773	6.61204	7.35701	2.2136	7.33922	4.02997	3.40536	4.01327	4.01327	10.8328	1.57632	13.9016	10.0578	8.08128	8.94511	3.66099	4.90638	5.73355	6.63479	7.10265	7.11186	4.8312	2.40946	1.56565	2.33173	4.18043	3.11839	3.8434	3.95904	5.09262	4.49927	5.37815	4.66291	3.11839	3.11831	3.92941	3.95904	2.14444	0.916392	11.6419	24.4736	19.4847	6.10263	2.38849	1.80468	3.36089	4.21204	4.30606	6.00702	9.66312	8.08542	8.31649	19.9794	17.5972	15.8251	17.3435	11.7684	8.37922	12.0068	13.3757	8.67182																																																																																																							
2.08879	2.49134	2.62236	0.549816	4.61559	4.0625	1.80444	1.43111	2.62227	2.49134	2.59024	3.66513	2.75313	0.916286	1.51098	0.916286	1.3955	0.755639	0.986864	0.755619	1.6388	2.64133	1.51098	1.84127	2.04821	0.916333	0.986864	2.13632	2.04825	3.0694	3.47324	3.11272	2.20592	1.09953	0.409823	3.19744	5.48456	5.73301	5.99019	6.33635	5.96249	5.04301	5.32184	5.32184	5.23377	6.04516	6.8542	7.5592	7.15043	6.83015	7.53318	8.01996	7.85706	6.89498	6.20983	5.4756	5.16025	4.92284	4.68737	4.62659	4.98989	4.30577	3.3657	2.8014	2.14424	3.37552	2.45737	2.07259	3.37547	5.67465	5.89523	5.26224	6.38828	7.76687	9.42016	9.52104	7.68838	7.34778	9.47159	12.4367	13.2306	14.2519	15.5675	18.8954	17.7599	11.6273	9.25136	10.4013	10.7963	7.03888	4.57584	4.6049	7.57854	9.52753	7.72853	4.92266	12.8067	10.52	10.1512	8.87895	7.47392	13.23	2.26587	16.692	5.56552	11.4993	11.0929	2.98093	3.03102	3.11272	4.01312	5.67493	5.27174	2.98088	0.549816	1.98161	2.26581	2.38128	3.11811	4.93962	4.86851	6.38568	6.21785	5.84743	5.0824	6.07794	5.39623	4.11165	3.63318	4.34815	4.04203	9.74883	25.4231	20.7934	4.68361	3.15013	3.60546	4.79943	5.55663	5.58947	7.50677	9.21098	7.88385	13.0623	23.7225	9.64881	5.48456	14.0601	8.95161	8.64651	13.944	12.3906	5.58936																																																																																																							
2.0886	2.62212	2.49111	3.25926	4.3629	3.8077	2.048	0.18326	1.4772	2.46407	2.59001	3.49687	4.51675	2.72225	1.97296	1.68905	0.934359	0.660744	0.755551	0.986774	1.63865	2.64109	1.97296	1.64889	2.2656	0.986811	1.72831	3.14968	2.98055	3.49687	3.47293	3.04727	2.62209	2.45714	0.755551	1.91262	4.11128	5.4842	5.94528	6.32534	5.96196	5.08195	5.32136	5.32136	5.07866	5.77572	6.69793	7.68759	7.14979	6.75188	7.4006	7.98654	7.88132	6.84642	5.98134	5.32765	5.06882	4.82688	4.58643	4.62617	4.84059	4.04996	3.2025	2.38811	2.04809	3.82087	3.95813	2.0724	2.86017	4.42358	4.21137	4.79926	6.33578	7.76618	9.2527	9.82102	8.34862	7.11988	10.5525	13.1571	13.4541	14.4443	15.6635	17.9433	14.5343	8.56642	8.57196	11.0977	10.3338	6.15828	4.96599	4.93918	8.42813	10.9762	5.09171	13.4893	16.3032	10.5191	11.0403	9.98375	9.47383	15.6211	3.13377	18.0814	2.31686	14.6677	10.853	3.00303	3.03074	3.04727	4.34778	6.06919	5.27126	5.60363	1.22914	2.74674	2.95799	2.23591	3.11782	5.30253	5.49624	6.21729	6.21729	5.31203	5.39881	5.98965	5.19511	3.86014	3.70567	4.48357	4.76781	9.98996	27.0728	19.22	0.733004	3.47293	4.40483	9.13042	8.01277	5.58897	7.70449	8.77662	8.70214	15.0069	20.4919	3.30005	4.11128	14.0589	13.5676	14.8126	14.5796																																																																																																									
2.9293	2.29483	2.74644	5.09097	3.60459	2.98018	2.04781	1.32117	0.366477	1.68893	2.74658	2.14382	3.24352	5.665	6.29321	5.71742	5.0814	4.42708	3.49656	2.7949	2.62181	2.95204	2.40872	1.68893	2.58964	1.51071	2.31654	3.47244	3.66439	3.84664	3.19688	2.54405	2.02313	1.98122	2.23566	3.11749	3.11749	2.23566	1.55451	1.32117	0.18324	2.33105	4.34729	4.87772	4.26608	3.68266	3.11741	4.30482	4.26992	4.52751	5.42585	5.93907	6.02755	6.35592	6.64036	6.1012	5.2707	4.42331	4.0123	3.99561	4.06182	3.64618	3.55343	3.75451	3.70527	4.93864	6.06846	6.38442	7.41751	8.55041	9.02259	9.12993	8.77601	8.77415	10.3066	12.8425	14.3614	12.999	12.7651	11.4531	8.97741	7.95274	6.75828	9.41612	7.79441	5.19427	7.81961	10.0147	8.74583	4.54195	4.52727	5.14934	7.7375	7.62652	6.30368	21.6265	20.0518	11.68	12.525	11.919	12.1085	19.0818	1.11446	18.4999	3.20215	15.6844	10.3667	2.07229	3.25908	4.66156	5.15922	3.55337	2.77076	6.78733	2.49074	2.58959	3.14934	1.83174	1.15878	2.74644	3.94932	1.80416	1.46561	1.83183	4.09052	5.62688	5.9807	6.06859	6.53267	3.51562	4.92189	17.0686	27.3531	16.8228	5.32705	7.13065	9.24986	12.0509	8.29845	3.67802	5.88839	9.89811	10.1061	9.69372	16.0622	11.4824	7.57695	17.9411	19.1651	19.0441	12.1267																																																																																																									
4.62511	2.49059	6.07861	5.09051	2.22788	1.68871	1.47689	1.32105	1.83157	3.06842	2.95751	2.40854	2.38756	5.17487	6.13308	5.57607	5.12002	4.66112	3.5531	2.72185	2.49059	2.56343	2.20522	1.56511	2.5894	1.83162	2.31633	2.5894	3.13319	3.8463	3.33978	2.6216	1.5758	0.549657	2.38059	3.20186	3.11721	2.38059	1.55437	1.51058	2.46345	3.11713	4.01194	4.87728	4.2657	4.26954	3.8808	3.48178	3.68232	4.57101	5.5223	5.93853	6.02701	6.32409	6.6099	6.06804	5.16845	4.28519	3.92792	3.8766	3.91085	3.77186	3.60906	3.77191	3.84637	4.60357	5.15876	6.21606	7.22846	8.23878	8.91311	9.12201	8.74552	8.82512	11.1591	12.6193	14.4415	13.0748	12.0318	10.6005	8.62176	7.33448	4.82592	5.62609	7.79372	8.25025	8.30549	8.27595	7.73041	4.28497	5.29821	7.628	7.01575	2.29452	9.3256	24.7966	20.2332	12.1885	13.3243	13.0095	13.351	23.0747	3.55293	18.0374	3.11721	14.4877	10.3658	2.3164	3.35978	4.99184	4.82595	3.00243	2.97996	6.53933	3.68216	1.55429	3.14906	3.3745	1.15867	0.409704	3.51993	2.56994	1.46548	2.22792	4.09015	5.80032	5.92457	6.10065	6.53208	7.20997	12.5236	20.4168	22.9938	12.4645	4.91132	6.98081	9.59943	9.8041	5.84285	3.29441	4.90431	13.9533	10.9347	1.47689	9.81248	13.1414	20.0051	23.4282	19.5436	17.0957																																																																																																										
5.1677	2.0718	7.72548	4.65333	1.03624	1.03624	0.518162	0.518162	2.58912	3.6224	1.55415	2.58912	4.1382	1.55415	0.518162	1.03624	1.03624	2.0718	1.03624	0.518162	1.03624	1.55415	1.55415	0.518162	2.0718	1.55415	2.0718	1.55415	1.55415	2.58912	2.0718	1.03624	1.03624	1.55415	1.55415	1.03624	0.518162	1.55415	0	1.03624	3.6224	3.10601	1.03624	2.58912	1.03624	3.10601	3.6224	2.0718	0.518162	1.03624	1.55415	0	1.03624	0.518162	0.518162	0.518162	0.518162	0	1.03624	1.55415	2.0718	2.0718	1.03624	0.518162	1.55415	2.58912	1.03624	0	1.03624	1.55415	0.518162	0	0	2.0718	6.19387	1.03624	5.1677	2.0718	2.58912	3.6224	2.0718	1.55415	0	3.6224	7.72548	9.75013	8.23367	7.21607	7.21607	4.1382	5.68125	8.74056	6.19387	0.518162	9.75013	24.7609	16.6176	5.1677	9.75013	10.7536	12.2463	24.7609	5.68125	17.5644	0	13.7222	10.2527	1.55415	1.55415	2.58912	0	1.55415	2.58912	6.19387	4.1382	1.03624	3.10601	4.1382	0.518162	1.55415	2.58912	2.58912	1.03624	2.0718	2.58912	2.0718	1.03624	1.03624	1.03624	9.24607	16.6176	18.9662	17.5644	8.23367	1.03624	1.55415	5.1677	5.1677	2.58912	2.0718	4.1382	15.6614	9.75013	6.19387	0.518162	9.24607	25.6096	25.1867	16.6176	12.7402																																																																																																										
4.22155	2.29406	6.44661	6.06672	5.67217	5.32554	4.61358	3.95676	4.44824	5.11563	3.87583	3.69963	3.99435	1.65837	1.29512	1.84039	2.13538	3.47155	3.76672	3.5524	3.04606	2.31594	2.19718	1.8313	3.01846	3.37395	3.47144	1.94651	1.43041	2.04719	2.38709	2.04725	1.91186	2.38007	2.31587	1.32072	0.366371	1.51024	0.915886	1.33337	3.55222	3.29874	0.409623	2.77	3.27347	4.38791	4.75547	4.51512	4.31533	3.80638	3.53353	2.97948	3.02954	2.74579	2.20485	2.0878	2.97948	3.88875	3.95676	3.43773	2.97943	2.19718	1.09899	0.915862	1.65838	3.15914	3.80638	4.13798	4.68158	5.57496	5.47902	4.91711	4.40318	4.28042	7.16054	4.41825	6.92719	5.56304	5.6016	6.0912	4.66019	2.33038	0.915838	3.95656	7.50954	8.79159	8.68933	9.14113	8.47678	4.26854	5.68063	8.73962	4.62419	6.04223	11.1795	24.1661	16.4053	5.48191	11.0589	12.8858	12.6944	24.5335	10.1158	16.789	12.4461	13.7944	9.14113	1.65838	1.22865	2.13528	1.32079	3.84118	5.91212	6.21465	2.62097	1.2951	2.08769	3.88003	2.77	0.986382	1.88531	3.4034	1.06806	2.80004	4.04836	5.23441	6.09944	6.4264	5.70421	9.18891	14.8576	16.5528	18.5445	11.938	3.00168	3.65878	5.94271	4.79715	2.72119	3.19588	4.56992	12.1258	10.8608	5.637	5.85299	17.7336	29.1074	26.0089	16.378	10.9252																																																																																																										
2.79384	2.54297	3.49512	5.15728	5.72974	5.47245	4.82453	4.08897	4.44784	5.11517	3.9941	3.29858	2.93389	1.29501	1.65822	2.01406	2.13519	3.14831	3.76638	3.60802	2.97921	2.0715	2.19698	1.83114	2.63993	3.67667	5.39288	2.72092	1.17267	0.915779	2.02236	2.2046	1.80347	2.5692	3.27303	1.83104	0.366338	1.09889	0.98633	1.5646	3.29844	3.5519	1.72747	2.20465	3.27318	4.38752	4.26831	4.33417	4.36099	3.75309	3.43742	3.00157	3.02926	2.72107	2.29396	2.08761	3.29858	3.9564	3.8884	3.25785	2.62084	1.63792	0.81913	1.11404	1.29503	2.60164	3.75309	4.1376	4.68116	5.47853	5.57446	4.97043	4.46285	4.08897	7.1599	4.87588	6.57534	5.56254	5.49359	6.09065	4.42541	3.87968	2.72092	4.46263	7.00197	6.37138	7.60657	11.2409	10.7173	4.52556	5.68012	8.73884	2.0715	7.65605	10.1896	22.2329	15.4633	4.10931	10.8421	15.6817	13.1776	23.888	18.3222	11.5264	13.0411	10.1327	5.86657	1.29503	0.549498	1.1583	1.51014	5.71795	7.11624	4.41785	1.28199	1.29499	0.259049	2.54965	4.56951	0.549498	0.579229	4.93664	1.65822	2.38694	3.63108	5.04011	6.0663	6.47695	5.7037	7.42995	11.184	10.9315	17.8978	16.716	6.84274	5.31863	5.52653	3.29851	2.4898	4.3455	4.34553	4.75144	8.5681	8.41445	14.4529	23.1711	28.9357	22.3682	12.451																																																																																																											
3.29821	3.55163	2.46251	3.29823	4.45121	4.68425	3.77046	1.88506	1.39456	3.84049	4.34528	4.51434	4.65935	4.71612	4.98664	4.10894	2.46265	1.11396	1.06782	0.933818	1.06787	1.47635	2.01387	2.44214	2.6014	3.59366	5.66215	4.56916	2.93364	0.915697	0.81902	1.51	2.34428	3.33851	4.57281	4.58379	4.56928	4.01045	2.97894	1.56452	2.58837	3.77028	3.11586	1.47631	1.46492	3.01784	2.95069	2.78759	2.8645	3.11602	3.04551	2.45583	2.45583	2.58851	2.78759	2.34428	2.74522	2.62058	2.85867	3.10528	2.72082	1.98038	1.43023	0.933838	0.259025	0.933818	1.56446	2.135	2.45583	2.04691	2.40763	2.63969	3.3585	2.74529	6.52426	4.44736	5.12765	4.16926	4.52165	4.7651	2.45583	4.62336	4.42116	5.48091	5.87722	4.56904	6.13045	12.5089	12.4585	5.73193	6.23999	7.47538	3.77031	7.44026	6.36303	19.1074	15.9898	3.01784	9.52628	16.4072	15.2022	26.5425	25.8012	1.84006	5.49307	7.33172	4.7652	2.66489	1.22843	1.43023	2.31552	6.20278	6.22668	1.88506	3.59375	5.17291	6.24024	4.74071	6.17346	2.44208	0.933838	6.28212	5.11796	6.5749	7.60617	6.95931	6.33214	7.11581	8.04315	7.5542	9.18728	7.67443	15.4078	17.7965	9.24344	4.79624	3.87933	3.49481	2.97878	4.14505	3.51379	4.44736	11.6568	19.9816	25.7708	26.9628	25.0434	15.6427	5.9777																																																																																																											
3.11029	4.22036	5.29574	5.14329	4.83737	4.58338	3.49461	2.38646	1.39444	2.86424	4.10857	4.51393	4.65893	4.82712	4.91915	4.02667	2.97862	2.14254	1.06772	0.579124	1.06777	1.4301	1.83989	3.51828	2.70206	4.51374	3.87898	4.75417	4.34474	2.04663	0.366272	1.50987	2.34407	3.1951	3.94721	4.3602	4.61233	4.05963	3.29798	1.83989	1.55356	4.02646	4.14468	1.68794	1.46479	2.19658	2.66465	2.78733	2.79334	3.11574	2.97867	2.66465	2.34407	2.58828	2.78733	2.34407	2.56876	3.11029	2.95048	3.105	2.79334	2.26415	1.47622	0.933753	1.06772	1.39444	3.29784	2.58823	2.34407	2.14262	2.26415	2.63946	3.29801	2.86424	6.52368	5.31767	4.75068	4.16888	4.80635	4.16888	3.29286	3.72999	3.60736	4.62665	3.77	4.31394	6.88944	13.7229	13.1765	5.73142	5.80026	4.74007	6.47547	7.67374	4.22036	15.5751	18.3398	6.8775	8.20689	13.6003	12.4591	28.0314	30.6506	7.72472	5.76319	7.00108	5.08832	3.67596	3.51347	2.01369	2.31531	5.71399	5.97708	2.38646	3.11574	5.89095	6.1972	6.20503	6.87036	4.3332	2.70194	6.76657	7.33305	7.50782	7.59688	7.03387	6.32114	7.17951	8.04243	6.63667	7.42862	7.43959	13.7229	16.3754	10.2489	3.00087	2.54919	5.4924	4.78193	3.11558	3.25709	10.0717	17.3697	22.4133	26.6865	24.5727	20.2013																																																																																																													
2.07079	4.13619	6.70226	5.67849	3.1045	1.55339	0.517909	2.58786	2.58786	0	0.517909	1.03573	1.55339	1.55339	1.03573	1.03573	2.58786	2.58786	1.03573	0	0.517909	0	1.03573	3.62064	1.03573	4.65107	2.07079	3.62064	4.65107	2.58786	0	1.55339	0.517909	1.55339	1.55339	0.517909	1.03573	1.03573	2.07079	2.07079	1.03573	4.13619	4.65107	1.55339	1.03573	1.03573	1.03573	1.03573	0.517909	0.517909	0.517909	1.55339	0	0	1.03573	0.517909	1.55339	2.58786	1.03573	0	1.03573	1.55339	0.517909	1.03573	1.55339	1.55339	4.13619	2.07079	0	1.03573	1.03573	1.03573	0.517909	1.55339	6.19087	5.16519	3.1045	2.07079	3.1045	1.55339	3.1045	2.58786	0	2.07079	2.07079	4.13619	7.21258	14.2036	13.226	4.65107	4.65107	3.1045	7.72176	7.21258	2.58786	13.7158	19.4196	8.73635	6.19087	10.2478	4.13619	26.849	32.3241	10.7485	6.19087	0	3.62064	3.62064	4.65107	2.07079	1.03573	5.16519	5.67849	2.07079	0.517909	4.13619	0	5.67849	6.70226	5.16519	3.62064	6.70226	7.72176	5.16519	0	1.55339	0	2.07079	1.03573	0.517909	5.16519	6.70226	12.7342	15.6541	10.7485	2.07079	0	6.19087	5.67849	2.58786	3.1045	12.7342	18.493	18.493	21.241	16.61	13.226																																																																																																													
2.6388	3.95471	5.93984	5.22857	4.02577	3.70243	2.84613	2.02158	2.08671	0.549289	0.660171	2.93279	4.344	4.98852	4.56796	3.938	4.03817	4.05875	3.51769	3.49392	4.41996	5.44614	5.8758	5.31677	3.31244	5.16795	2.21129	3.11503	5.73038	6.34327	4.71476	3.19972	1.81206	2.0216	2.48893	2.63893	2.78678	2.86367	3.76937	4.90126	5.57236	6.29625	2.92708	2.3436	3.95491	2.85785	1.17229	0.57899	0.985955	0.985955	0.985955	1.83953	2.08681	2.46193	2.86367	3.00043	2.78678	2.40689	1.2945	0.915456	1.56406	2.44143	2.21138	2.08679	2.48893	3.19446	4.12378	2.04625	1.06756	1.88451	2.89271	2.7445	1.83953	1.65759	5.17115	4.51285	3.47946	2.20374	3.4505	2.94975	4.17209	7.42964	8.86341	8.04086	6.6279	8.81179	12.1063	13.9755	10.2985	4.26661	5.86436	5.14242	8.9051	7.33161	3.66163	13.5149	19.2412	8.68521	5.36933	10.0715	8.8394	28.5985	32.3752	10.798	6.93807	2.32916	4.73934	7.60176	8.00401	4.76373	2.61982	5.19679	6.02011	6.37961	5.88422	6.26735	5.68411	7.28683	8.66287	9.08015	10.2033	12.3386	12.0698	11.0541	10.6419	11.0369	9.89121	9.01586	9.12312	10.501	12.1585	11.6099	14.2113	12.8861	7.60372	9.16385	7.32962	10.8732	13.6616	15.6767	17.56	20.9581	24.5789	24.1174	23.2584	17.2027	12.2614																																																																																																													
3.65664	3.45019	4.40049	3.81722	3.55036	3.7021	3.02784	1.39409	1.06741	1.22796	1.56387	4.34349	5.11603	5.19649	4.52368	4.44576	4.03781	3.90789	3.51737	3.51264	4.91768	5.63681	5.84142	4.67897	4.87348	5.91981	2.21109	2.08663	4.71433	6.58736	5.19649	3.19943	2.0866	1.7364	2.23377	2.63869	2.78653	2.79253	3.4936	4.67897	5.7126	5.77018	3.72891	4.51983	3.88658	3.12552	2.04607	0.578938	0.915373	0.915373	0.915373	1.47579	2.21118	2.48873	2.79253	2.97781	2.58753	1.56392	1.29438	0.985866	1.42968	2.21118	2.44121	2.0866	2.23377	3.33725	3.1094	1.47577	1.2944	1.88434	2.89245	2.86342	2.83988	1.2944	3.11468	2.75025	2.79847	1.6875	3.95435	5.47569	4.83598	7.52537	8.86994	8.04014	6.46631	10.3289	13.3145	10.3289	4.21915	2.71976	5.66886	4.66829	8.48567	5.86383	3.49353	12.7873	18.7781	8.43358	3.13082	7.11303	10.1454	31.4813	32.3728	10.3116	7.41317	6.95632	5.40588	7.60108	9.54313	6.29557	3.1094	4.30117	4.49416	6.21138	6.72094	5.84135	5.72997	6.47383	9.29078	10.7721	11.6075	12.4745	11.3936	11.4436	10.7902	11.1908	10.0517	8.90645	9.15775	10.6455	12.0584	10.8551	12.6531	6.68396	5.05083	9.07778	9.7902	19.7614	20.5509	16.6582	17.8413	20.576	24.7349	23.6449	20.0164	13.8241	8.6094																																																																																																													
4.13499	3.1036	3.61959	2.58711	1.55294	1.55294	1.55294	1.55294	0.517759	1.55294	2.07019	4.64973	4.13499	2.58711	0.517759	3.1036	2.58711	2.07019	1.03543	0.517759	3.1036	2.07019	0.517759	0.517759	5.16371	6.1891	2.07019	1.55294	0.517759	3.61959	3.1036	1.55294	1.55294	0.517759	0	0.517759	1.03543	0.517759	0.517759	0	2.07019	2.07019	5.67686	5.67686	0	2.07019	2.58711	1.03543	0	0	0	0	1.03543	0.517759	0.517759	0	0.517759	0	1.03543	0.517759	0.517759	0.517759	1.55294	1.03543	0	2.07019	1.55294	0.517759	1.03543	1.03543	1.03543	1.55294	3.1036	0.517759	2.07019	1.03543	1.03543	0.517759	4.13499	6.70034	4.64973	3.1036	0.517759	2.07019	0	8.73387	10.7455	4.64973	0.517759	0	4.13499	0.517759	6.70034	3.61959	2.07019	12.237	18.4881	8.22736	0.517759	1.55294	8.22736	32.6849	32.3166	9.7427	7.21052	9.239	5.16371	3.61959	8.73387	6.1891	2.58711	3.1036	0	0	4.64973	2.58711	1.03543	3.1036	8.22736	9.7427	8.73387	7.21052	5.16371	6.70034	2.58711	3.1036	2.58711	0.517759	1.55294	2.58711	4.64973	3.1036	8.73387	2.07019	7.21052	1.03543	9.239	23.884	22.5724	8.73387	5.67686	11.2444	18.9525	17.0797	12.237	7.71955	4.64973																																																																																																													
4.13462	3.10332	3.61927	2.58687	1.5528	1.5528	1.5528	1.5528	0.517713	1.5528	2.07001	4.64931	4.13462	2.58687	0.517713	3.10332	2.58687	2.07001	1.03534	0.517713	3.10332	2.07001	0.517713	0.517713	5.16324	6.18854	2.07001	1.5528	0.517713	3.61927	3.10332	1.5528	1.5528	0.517713	0	0.517713	1.03534	0.517713	0.517713	0	2.07001	2.07001	5.67635	5.67635	0	2.07001	2.58687	1.03534	0	0	0	0	1.03534	0.517713	0.517713	0	0.517713	0	1.03534	0.517713	0.517713	0.517713	1.5528	1.03534	0	2.07001	1.5528	0.517713	1.03534	1.03534	1.03534	1.5528	3.10332	0.517713	2.07001	1.03534	1.03534	0.517713	4.13462	6.69974	4.64931	3.10332	0.517713	2.07001	0	8.73309	10.7445	4.64931	0.517713	0	4.13462	0.517713	6.69974	3.61927	2.07001	12.236	18.4865	8.22662	0.517713	1.5528	8.22662	32.6825	32.3143	9.74183	7.20988	9.23818	5.16324	3.61927	8.73309	6.18854	2.58687	3.10332	0	0	4.64931	2.58687	1.03534	3.10332	8.22662	9.74183	8.73309	7.20988	5.16324	6.69974	2.58687	3.10332	2.58687	0.517713	1.5528	2.58687	4.64931	3.10332	8.73309	2.07001	7.20988	1.03534	9.23818	23.8821	22.5706	8.73309	5.67635	11.2434	18.9509	17.0783	12.236	7.71886	4.64931																																																																																																													
3.4685	4.02425	4.9431	4.05721	3.92382	4.57712	4.89941	4.89941	4.82091	5.96285	7.17308	6.80655	3.85526	1.29398	2.44051	3.29601	2.14131	1.94486	1.03525	0.409275	3.10843	2.26278	2.23312	3.44936	4.51852	4.26104	4.35769	5.16625	4.13447	5.11456	4.95989	4.3309	4.73755	4.26124	3.49259	3.40069	3.43482	3.04348	2.89161	3.54939	3.93651	1.8021	6.19332	5.87329	1.0353	2.20291	3.11387	2.95441	2.13357	1.22766	0.578789	0.258838	1.0671	0.409257	0.517666	0.36606	0.915108	1.29405	1.47534	1.33228	1.22766	1.31967	2.31398	2.78572	2.461	2.56727	1.64684	0.578789	0.915061	1.3196	1.86589	2.54116	4.74102	5.04945	4.89941	4.41829	5.95458	8.10052	7.97666	7.47061	5.68179	4.02425	2.63793	3.67847	4.7933	7.37118	8.46968	6.01784	4.08588	2.54116	4.29993	3.36124	7.02956	4.41816	3.49252	10.8177	15.9702	10.3338	7.32242	3.51163	7.92908	32.7797	32.2275	9.37117	6.37948	8.46974	6.94267	2.61883	6.41047	9.35084	9.52032	6.92373	3.25538	4.76202	7.77128	9.93299	12.5415	13.9399	14.1847	14.0314	12.8232	10.27	7.95403	8.01932	5.83967	7.22097	10.2936	12.1437	12.7106	12.9727	13.0315	12.6623	13.561	11.4904	15.3552	17.9513	18.1941	23.839	22.5749	11.8391	10.6197	16.4362	21.9481	18.884	13.6122	7.66094	3.99096																																																																																																													
1.86576	3.54902	5.13991	3.90641	3.76763	4.45908	4.89897	4.89897	4.8616	6.54225	7.59823	5.9817	3.10829	1.29386	3.51593	2.48776	1.11311	1.68679	1.03515	0.754541	2.86221	2.04529	3.10822	3.60032	2.66287	1.03521	4.49246	5.049	4.26086	4.94269	4.95945	4.20588	4.66653	4.62001	3.51131	3.40038	3.53022	3.10829	2.89135	3.99072	3.65545	2.76736	7.21313	6.12584	1.03521	1.68686	2.54748	3.06503	2.5865	1.64669	0.93311	0.776402	1.06701	0.183015	0.517619	0.818399	1.11311	1.29393	1.33215	1.47521	1.17174	1.31955	2.06974	2.78547	2.48779	2.14119	1.22755	0.578737	0.659828	1.82949	2.78536	2.71873	4.20588	5.03585	4.6772	4.49246	6.93506	8.21964	7.46797	5.97333	5.29548	3.54902	2.63769	3.54907	4.91588	4.03628	3.76746	5.50093	4.80315	3.12963	3.47783	3.51604	6.15011	4.2176	3.65991	7.82264	10.2829	8.8537	8.69085	5.50087	7.1744	32.9598	32.0397	8.61356	4.60903	5.97319	7.13787	3.6961	3.35596	8.36109	11.5593	10.0284	3.43451	5.58155	7.09198	10.0031	13.1116	13.9962	13.1864	13.4157	12.3584	9.13301	7.31051	7.11029	6.26443	7.3374	10.4411	12.2203	12.7439	12.9715	12.8125	12.7991	12.4801	12.0539	14.8902	18.0182	17.1983	19.1605	20.4703	13.0503	11.4004	18.6898	21.758	16.9867																																																																																																																
3.88469	4.41364	5.84694	5.15236	4.65536	4.42119	5.0122	6.01955	5.54835	3.12929	2.8385	4.24867	6.23479	6.12814	5.61933	4.60876	5.58399	6.53155	6.67112	6.34749	6.18967	4.4436	3.49179	3.65952	4.76108	6.67112	8.05246	7.24901	5.0353	2.40554	2.08553	2.71846	3.44868	4.56528	4.31082	4.05649	4.24867	4.2604	3.61842	2.22514	0.517563	3.234	7.24863	6.03842	1.94458	1.29379	0.258801	1.39335	2.21001	1.80167	1.15719	1.22736	0.985348	1.50869	2.29176	2.40554	2.04513	2.59915	2.69997	2.48749	1.94458	1.97867	2.58627	3.27005	2.58627	1.86556	0.731945	0.409176	0.182995	1.83845	3.49183	4.41364	4.27987	3.51093	2.8562	2.9311	5.09074	4.60876	5.61941	5.53934	5.68072	4.57983	4.16571	4.66603	5.06154	4.00695	2.7671	3.5297	3.76705	2.9481	3.12399	4.27595	4.94212	2.97625	2.61823	5.04818	5.83843	9.11793	15.4499	21.1326	23.8511	32.1079	27.3163	7.08166	7.00504	8.38916	8.21044	4.51022	4.23679	3.64132	5.56889	11.6633	12.2563	11.3882	10.7078	11.5542	10.3861	7.24671	6.80521	8.60526	7.89462	5.16194	5.13946	5.65738	5.47619	4.74701	4.21714	3.11325	3.47747	4.02345	4.20136	4.65518	3.87165	4.16549	4.75051	5.79597	6.33963	15.1249	19.6047	11.336	10.0449	19.2153	19.4504	11.4767																																																																																																																
3.95227	4.41324	5.52086	5.06108	4.71162	4.42079	4.90479	5.93065	5.79262	3.47235	1.68652	5.13896	6.79973	5.95284	5.06108	4.8195	5.87188	6.60111	6.71962	6.3157	6.94074	5.88014	2.93084	5.04781	5.58044	6.60114	7.92104	7.56659	5.71217	2.7426	1.29365	2.79092	3.37017	4.24828	4.35644	4.10502	4.16931	4.26001	3.76245	2.22494	1.55221	2.46016	6.23398	5.3037	1.97849	1.6565	1.0668	0.932924	2.20981	2.04486	1.15709	1.47487	0.754391	2.66227	2.37741	2.93082	1.9444	2.69972	2.89075	2.61807	1.97849	1.9444	2.78492	3.26975	2.78492	2.58594	1.63614	0.182979	0.659696	1.17151	2.74267	4.16533	4.41702	3.67741	2.94792	3.49147	3.84115	4.73619	5.58349	6.08432	5.68021	4.67978	4.16533	4.53574	5.1519	4.94171	3.69537	3.76671	3.52939	2.56001	2.85594	4.51734	3.76683	2.04492	2.37732	2.74253	4.05612	10.3666	15.6668	20.9643	23.7938	24.396	16.3189	4.05605	6.77565	10.9932	12.3404	3.02597	3.15555	3.76683	3.59946	9.369	12.2553	11.0758	10.8314	11.6243	9.63393	6.82638	7.06962	7.28201	7.24584	5.83509	5.02162	5.31942	5.29131	4.39809	3.65919	3.11297	3.84115	4.20099	4.02309	4.23641	2.76681	1.15709	3.51062	5.51496	6.58359	20.2338	22.5203	9.88913	12.4204	21.6091	19.0188	8.24941																																																																																																																
6.37481	4.67586	5.12235	6.11086	7.06909	7.08995	6.52284	5.1418	3.59	5.19287	4.02271	5.3406	5.72597	4.21647	4.10465	4.0434	4.41655	3.64066	2.2097	1.28053	5.18644	5.26248	3.28971	6.18841	4.59697	2.08521	2.0447	3.12332	4.05562	5.13854	6.19661	5.87979	4.35604	2.46007	1.15702	0.409102	1.33177	1.83813	2.08515	2.54666	2.38416	2.74844	5.88518	5.7576	2.8615	2.74844	2.48697	0.182962	2.3274	2.23216	0.985171	1.29349	0.578551	2.59854	1.33173	1.63599	1.80142	1.73524	2.04474	2.6621	2.3772	1.33177	1.17134	1.17134	1.11277	2.76656	2.92487	1.82906	1.50842	0.818198	0.182962	0.40912	1.47473	1.42865	1.17134	2.29125	2.8615	4.2984	3.25415	5.11263	5.93839	7.27929	8.35871	7.02485	5.16101	5.12231	5.12231	4.83266	4.17274	2.3274	1.57347	3.51487	1.06675	1.11279	3.19207	5.16752	7.47889	9.08759	9.24806	7.28812	7.10822	10.2471	8.46652	2.0447	1.86522	11.6228	13.6423	2.19448	1.28053	2.37711	6.44638	4.12067	2.04476	2.13266	3.44789	3.59914	2.20214	5.81771	8.95314	7.43282	6.55788	5.69996	4.47631	4.98137	4.02273	2.2247	1.42865	2.29125	4.30982	4.47622	3.30993	2.14049	2.23228	4.91446	3.29483	3.19197	5.65637	20.758	23.2302	11.9712	17.1765	22.7484	16.0173	3.87095																																																																																																																
6.69631	4.89711	5.47165	7.63811	7.1789	7.08006	6.75983	6.08319	3.11248	5.19233	4.62169	5.54659	5.72539	4.6218	4.05539	3.84054	4.57849	3.35469	2.2095	1.90926	5.18588	4.25897	4.51635	6.4074	3.84045	1.81052	2.26169	2.66175	2.8378	4.52026	6.06704	6.22783	5.04699	2.97549	1.15691	0.914615	1.1713	2.01157	2.54639	2.08493	2.01987	2.43935	5.01062	5.97087	3.19174	3.11236	3.67653	0.659566	2.84351	2.48667	0.754245	0.776094	0.57849	1.5733	1.56266	0.73174	1.90933	1.57341	1.72543	2.45303	2.76633	2.26169	0.409058	1.4285	0.75427	2.20188	2.92457	1.96965	1.31904	0.818122	0.659566	0.548818	1.22701	1.17121	1.4285	0.75427	3.06385	4.04302	3.2333	4.3403	5.36502	7.27864	8.35017	8.45062	6.59718	4.74568	5.51972	5.48664	5.63221	3.87479	2.59826	5.01052	1.65616	3.10692	3.04205	5.65593	7.7191	7.85113	9.24713	7.63811	5.90434	6.03669	6.71797	4.1683	2.58545	12.3329	11.9647	1.63591	1.11268	2.61748	3.88336	3.10701	2.26177	3.14423	4.96401	3.12299	3.29444	8.17853	8.95231	6.85397	5.31226	5.49874	4.94079	4.8323	3.10711	1.31904	0.182944	2.53981	6.59949	5.594	2.78441	0.985116	4.79079	5.36495	6.96756	7.2714	6.01771	16.842	21.905	17.9618	21.4419	21.1085																																																																														4.38984		19.8622	22.3858	12.8692																																
3.10125	2.58515	4.13187	6.69531	2.06862	0	2.58515	4.64622	0.517367	4.64622	4.13187	4.64622	4.64622	3.10125	0.517367	1.03465	3.10125	0.517367	1.55176	2.06862	5.15981	3.61685	4.64622	5.67258	2.06862	0.517367	2.06862	2.06862	0.517367	1.03465	1.03465	3.10125	3.61685	2.58515	1.03465	1.55176	0.517367	1.55176	2.58515	1.55176	1.03465	1.03465	3.61685	5.15981	2.06862	2.58515	4.13187	1.03465	3.10125	2.58515	0.517367	0.517367	0.517367	1.03465	1.55176	1.55176	1.03465	0	0	0.517367	2.06862	2.58515	0	1.55176	1.03465	1.03465	2.06862	1.03465	0	0.517367	1.03465	0.517367	1.03465	1.03465	1.55176	0.517367	2.58515	1.55176	0	1.55176	0	2.06862	0	6.69531	6.18444	3.10125	4.64622	5.15981	6.18444	4.64622	3.10125	5.67258	2.06862	4.13187	1.55176	3.61685	4.13187	4.13187	7.71377	5.67258	2.58515	3.61685	5.67258	5.15981	3.61685	12.228	10.7375	0	0.517367	2.58515	2.58515	1.55176	2.06862	3.61685	5.67258	2.58515	3.61685	8.2212	4.13187	0.517367	1.55176	4.13187	3.61685	2.58515	0	0.517367	0.517367	2.58515	7.71377	5.67258	0.517367	1.55176	6.18444	3.10125	8.72734	9.23212	4.64622	14.6745	21.2207	20.7697	22.557	18.475																																																																														0		16.1172	23.4338	16.1172																																
3.87422	4.69215	3.28877	4.97979	4.32801	5.30195	5.22334	3.12779	1.73474	4.73773	3.83963	5.31726	5.4856	4.03392	3.1065	3.19638	3.29382	1.03461	1.72501	2.20139	4.35458	3.83537	5.15945	5.88907	2.55904	1.50799	2.26127	2.43888	3.359	3.11187	2.43888	3.47584	4.93981	4.02157	3.19638	3.63961	2.94681	2.13995	1.88245	1.29314	1.73474	2.04415	3.81358	5.4856	3.19105	2.86056	3.92103	1.90896	2.20897	2.01119	2.97497	3.29391	2.78387	1.63559	1.33135	1.72501	1.68584	1.29319	1.06644	0.93257	2.20139	2.45923	0.258679	1.42824	1.03456	0.817926	1.86465	2.13215	2.58505	2.45255	2.26133	1.73474	1.65587	1.73474	2.54601	3.04145	3.8527	3.58896	3.359	3.69857	3.23266	3.19112	2.45936	6.75585	7.63232	5.08836	5.32657	6.56586	8.21462	7.45913	6.79724	8.53504	5.79043	7.67086	10.2509	13.7217	13.4559	11.635	10.9893	9.53432	9.42555	11.1689	12.1357	11.531	10.3566	12.2298	9.32361	1.47438	2.37651	3.28877	3.85266	4.29717	5.01972	6.05758	6.21854	3.67144	5.69832	9.12043	5.65181	4.26232	4.41535	4.38506	3.46619	2.95233	2.04417	2.37651	1.73474	3.58887	5.95031	4.9264	5.81321	5.36396	3.98831	3.29391	8.97563	8.29144	6.69476	15.3448	21.0679	23.2064	24.2828	17.2338																																																																														27.7454		19.3769	24.6509	23.2136																																
3.19609	4.56274	2.66109	1.68573	4.13938	5.41256	4.90925	2.74131	3.69811	3.87382	2.8893	6.31504	6.19667	4.03356	3.41274	3.11159	2.4861	1.46283	1.97746	2.45901	2.61676	2.86042	4.38089	5.42149	2.2239	1.82832	2.04393	2.08444	3.5137	3.35867	2.7474	2.69846	5.1365	4.19902	3.11159	3.76507	3.12225	1.97756	0.57835	0.775926	1.57296	2.20126	3.36847	5.25109	4.33894	3.10608	3.19073	1.80074	0.775926	1.68573	3.04117	3.35372	3.30868	1.63544	0.754056	1.97746	2.37621	1.29307	1.29304	1.39257	2.45901	2.20119	0.258656	1.1709	1.03446	0.365782	1.15658	2.13195	2.58482	2.66109	2.4042	2.0193	1.65572	1.57296	2.32664	3.10622	3.6937	3.87388	3.3587	3.69823	3.25291	2.86042	2.48613	5.30131	8.0639	7.40549	6.59772	9.06797	10.287	8.19217	6.60052	8.89157	5.61628	8.71857	13.2917	14.4897	13.1602	11.2798	9.75398	9.53347	10.3603	11.6949	12.0251	11.3303	10.1495	8.97862	5.83512	1.83744	2.76555	2.94649	4.47453	5.29196	5.1366	6.21805	4.97949	3.36854	7.19709	8.89691	5.47316	4.30842	4.27748	3.29359	2.58473	3.19073	2.74131	2.76555	2.0193	4.50773	2.38321	3.60256	5.80133	5.30148	2.74131	5.33859	7.31223	5.88854	9.57366	15.5748	20.1748	26.7363	25.2915																																																													7.19729	9.10724		11.3018	16.0372	15.1739	16.367	12.0861	27.1989	35.08	34.8343	18.2542	32.8298	31.2283	31.343	33.1079	33.5137	30.6179	27.7589	23.857	16.0075	20.6567	28.4602			7.20421									20.9464	29.6146	29.0262	30.1334	30.313	32.0405															
5.15861	5.62739	6.67652	7.84828	8.21335	7.40281	5.216	3.11116	3.9075	3.02423	2.38295	6.6983	6.43816	3.39757	2.54542	1.88217	1.80981	2.29013	2.20095	2.20095	1.63526	2.9967	3.3334	4.41052	2.01079	2.69816	3.92043	3.50859	2.20862	2.43834	2.61648	0.817763	2.63552	4.08235	5.42114	5.42109	4.89518	4.85784	4.6057	3.6753	2.48586	2.40394	1.39242	3.94143	5.93533	4.08217	2.97422	1.47404	2.22366	2.55853	1.68555	1.68555	2.92915	2.95186	2.13172	1.86428	1.82807	1.47409	2.4384	2.97432	2.92344	1.33108	0.753974	1.46267	1.64541	1.72475	2.48586	3.02435	2.84259	3.19049	2.92344	2.19341	1.90858	2.08422	2.23119	1.47409	1.29286	2.4384	4.05378	5.22231	5.61568	6.4385	7.45785	8.20736	8.71209	8.8008	8.50274	11.0993	9.33043	4.33849	7.24866	9.80542	5.51769	10.4892	13.1167	10.6705	9.11191	10.4852	11.0882	12.2995	11.4266	9.62832	8.47616	7.32276	6.11063	5.08101	3.67071	2.76525	3.11118	3.51327	5.3163	5.0087	3.29316	4.96219	3.67071	3.46561	6.51434	5.86823	4.62	4.21442	2.08419	0.932385	1.68548	2.97422	2.84244	1.80054	4.16293	5.66239	2.97438	4.05371	4.70891	7.405	11.8494	13.5817	12.3238	12.0918	15.188	19.7183	22.0502	27.0669	23.3243																																																													17.8803	20.228		22.6695	23.3927	18.7589	25.2435	33.1602	41.8178	35.0005	34.4635	33.2974	33.5876	17.9669	14.0836	11.3822	9.50891	11.0652	11.3711	10.5201	9.05496	15.0104	28.2818			12.9437									24.3797	28.429	7.88941	4.2768	5.86851	28.4527															
5.15815	5.54414	6.32194	7.88902	8.37722	7.87239	6.14495	2.43818	2.38273	3.51284	2.8887	6.6977	6.94774	3.90715	3.02395	2.3828	2.084	3.54582	2.45852	1.42783	2.19322	3.19023	2.78906	3.46519	2.61627	2.69792	3.76437	3.60184	2.20842	2.43812	3.3529	2.34035	0.73139	4.51433	5.46919	5.65902	4.89474	4.81632	4.81629	4.26101	2.71638	2.26068	1.3923	2.20842	7.09481	5.56469	3.74647	2.61624	2.5583	2.22346	1.56197	1.56197	2.29003	3.06238	2.58426	1.15635	0.36571	1.83707	2.74685	3.12692	2.31176	0.914209	1.33096	1.46254	1.83705	2.04356	2.71638	3.02408	2.84234	3.3331	3.72428	2.19322	1.80038	2.20842	2.20087	1.68539	0.258591	2.43818	4.44401	5.4206	5.78877	6.5191	7.52698	8.04643	7.32211	7.73848	8.94777	11.0983	5.99281	3.10553	8.7169	9.48415	9.9604	16.5452	13.1156	12.5794	10.3968	10.4843	11.224	12.2984	10.5933	8.79293	8.19466	6.96454	6.03415	4.64471	2.94596	2.92888	3.1109	4.20213	5.31583	4.20213	3.10553	5.42042	4.01627	3.4653	4.61588	2.13926	3.85166	5.2878	3.58783	1.3923	1.943	2.71626	3.35785	2.76497	4.41031	4.67667	3.04057	3.43154	5.19005	8.93348	13.8109	13.7031	12.0908	12.179	14.8622	21.2098	21.1174	22.8798	19.8142																																															1.03431								19.6833	23.2677	24.6586	26.0656	25.4408	18.7773	18.5445	20.7093	17.7214	23.0833	23.2516	18.8556	23.2038	33.0838	38.7009	27.5093	27.0241	33.3904	27.5483	19.3548	13.9769	10.7371	9.39895	10.5934	11.459	11.1373	9.24486	14.2385	22.9643	21.6401	18.7079	13.7303	15.5376	20.7325	20.4404	16.3678	13.6622				21.7639	27.0267	10.8415	9.61372	8.75579	18.4542	30.1042	32.1911	31.7486												
0	1.55103	0.517124	1.55103	2.58394	4.12994	4.64404	3.0998	1.55103	3.61516	3.0998	6.69219	7.20176	4.12994	3.0998	2.06765	1.55103	4.12994	2.58394	1.03416	2.58394	1.55103	0	2.58394	2.58394	1.55103	0	1.55103	1.55103	2.06765	3.61516	3.0998	2.06765	4.12994	1.03416	3.0998	1.55103	0.517124	2.06765	3.0998	1.55103	1.03416	2.58394	0.517124	7.20176	6.18156	4.12994	3.0998	2.06765	1.03416	0.517124	0.517124	0	1.55103	2.06765	0	0.517124	1.55103	2.06765	2.06765	0.517124	1.55103	1.55103	1.03416	1.55103	1.55103	1.55103	1.03416	0	2.06765	3.61516	1.55103	0.517124	1.03416	0	1.55103	1.03416	2.58394	2.58394	2.58394	2.06765	1.55103	1.55103	2.06765	2.58394	5.66994	8.2174	10.2326	3.61516	5.1574	7.20176	5.66994	11.7276	19.3923	12.2225	12.2225	7.20176	0	3.61516	5.66994	2.58394	2.58394	4.12994	2.58394	1.55103	1.03416	0	2.06765	2.06765	3.61516	4.12994	2.58394	2.06765	5.1574	3.0998	1.55103	3.0998	0	0	4.64404	4.12994	1.55103	2.06765	2.58394	3.61516	3.61516	2.58394	1.03416	1.03416	0.517124	3.0998	7.20176	11.2309	7.20176	3.0998	4.64404	9.73097	18.9309	17.06	18.9309	17.5314																																															0								22.5475	17.5314	4.12994	3.0998	12.7155	1.03416	8.72331	12.2225	3.0998	15.6315	15.1508	3.0998	2.06765	14.6679	18.0004	5.1574	1.55103	4.64404	4.64404	11.2309	2.58394	1.55103	1.55103	0.517124	2.58394	5.66994	3.0998	10.7326	16.11	6.18156	4.12994	6.69219	3.61516	4.12994	9.73097	9.73097	13.6958				20.3073	25.9842	11.7276	12.2225	9.22786	2.06765	4.64404	14.1829	33.3801												
2.84182	3.51236	3.62421	3.02353	3.5123	5.2868	6.21558	4.95417	1.90806	3.44522	2.85332	6.56518	6.96522	4.20121	3.3966	1.88154	1.73384	3.11019	2.79447	3.90665	4.21327	2.4514	1.42765	2.54469	2.38226	0.984409	1.63482	2.22304	2.1928	2.58372	2.63476	2.56431	3.69228	5.33652	4.26032	6.2237	6.37001	6.08742	6.12242	6.07916	4.26022	1.31816	2.33989	1.47368	6.61751	5.4132	4.10128	3.35224	2.28947	1.0968	1.42765	2.20802	2.88833	4.21327	4.96098	5.04374	6.01394	7.24224	7.11459	5.21459	2.99589	2.56431	2.13884	1.31808	2.28947	3.11029	3.41144	3.26698	2.97357	3.58714	4.51693	2.40322	2.20802	2.78855	4.10154	5.79056	6.01394	6.12242	5.99192	5.82177	5.22089	4.89385	4.73218	4.50618	4.47291	6.53523	7.71999	6.99811	8.73785	12.7542	10.9669	5.30873	14.0867	20.7008	12.4969	12.088	7.89539	3.50764	5.28994	5.43765	1.39203	2.38236	5.04348	3.93184	1.94262	1.17051	2.94542	4.33742	4.561	5.29931	5.1087	4.03204	4.43941	6.05462	1.29255	2.59671	4.92405	2.20038	2.92833	5.66077	4.4131	2.22304	2.22299	1.11191	4.38685	6.41358	5.18587	3.76366	2.06758	0.984409	3.41131	5.66933	10.1134	8.53668	7.64183	9.29017	13.4264	23.6074	23.3769	19.782	14.8086																																															0.775632								19.872	17.9531	7.38265	6.03556	13.5639	5.55205	9.9585	12.4101	7.45351	16.155	15.8543	6.14382	6.62532	15.688	16.2899	4.75632	2.20047	5.49509	6.10898	14.2017	16.2596	15.015	10.9102	5.62587	4.98098	7.91423	7.46219	12.9105	13.1023	11.8571	18.0856	17.5521	5.51031	7.50793	11.5651	12.3033	14.9724				18.0408	25.3526	16.6106	19.6669	18.7662	18.2397	19.0521	23.1226	35.0967												
2.84152	3.35706	3.62382	2.84152	3.02321	4.77341	6.41285	6.22814	1.7241	2.94497	2.33968	6.30937	6.45613	4.20083	3.90602	1.3919	1.73368	1.06578	2.38216	3.90623	3.79844	2.45114	1.47353	2.08334	1.88137	0.548397	2.19258	1.96813	2.19258	2.58347	0.731178	1.7241	3.85048	5.54238	4.57506	5.87473	6.36933	6.11913	6.33305	6.73505	5.49455	3.12062	1.82738	2.61552	5.13714	3.87186	3.85037	3.60064	2.53788	0.817489	1.56152	2.43747	3.23591	4.61825	5.22029	5.15985	6.27047	7.59388	6.96496	5.46155	3.6919	3.18921	2.85891	1.82738	3.5448	4.38626	3.54493	3.26663	2.99556	5.46132	6.30937	3.0614	2.43747	2.71562	4.82859	6.22831	6.0133	5.94719	5.9913	5.71831	5.06608	4.89333	4.66116	4.32552	4.33697	6.31989	6.05396	2.13092	10.3553	12.7529	9.7823	5.87463	18.5988	22.4534	11.3595	10.9028	8.1303	3.67391	5.28941	3.83751	1.3919	1.88145	5.26115	5.87446	2.71548	2.04293	3.66932	4.47245	4.68945	5.13407	4.57499	4.03164	5.10497	5.47049	4.00674	3.47384	5.49455	5.22328	6.19368	5.10822	3.48818	1.96813	1.82743	2.53788	4.00693	6.91521	5.66026	4.1172	2.92234	3.76309	3.18921	2.58342	7.07432	7.3289	7.36241	8.77388	11.8131	29.3014	34.2116	18.5217	8.55093	2.58342																																														0.775548		9.15069	7.91343			4.57495	6.00759	14.2149	17.9516	13.599	8.60574	12.8998	6.59226	10.4105	10.2869	8.53589	15.7	15.8529	6.43596	7.23913	15.2481	12.0804	3.75869	4.11711	4.92357	6.75215	12.2233	16.1988	16.1021	14.6874	7.10216	4.6505	6.92717	10.3936	16.9915	6.62439	16.0298	17.9279	24.9427	6.79328	10.5174	11.3596	15.0189	17.0958	11.6564	5.70658	5.93328	12.884	24.0708	24.826	25.2773	19.2487	18.3903	20.2189	35.3326	38.2478												
0.913886	0.578016	0.775436	1.11171	1.50698	2.83528	5.62746	4.92635	1.94237	2.76396	2.08316	6.08591	5.79769	3.7979	4.00225	2.13852	0.517003	2.48467	2.85877	1.96795	1.55067	2.22258	1.11173	1.73352	1.39177	1.29225	2.38183	1.11173	1.50694	1.15588	2.48467	3.06122	2.55733	3.25087	3.10972	2.38195	1.83638	0.731112	2.45081	5.07845	5.70606	5.18793	2.54422	2.59606	4.41595	3.6233	3.39598	2.61525	3.46399	4.25948	4.20066	4.00241	3.98577	4.74513	5.65975	6.28822	7.82586	7.82586	6.08623	6.22776	6.14264	5.75224	5.82064	6.35066	7.35275	7.45209	7.91903	8.89222	8.85576	9.23956	8.35641	5.75224	5.2984	4.90643	4.97663	4.92647	4.16893	4.81448	5.13365	4.8453	4.50533	4.16496	3.29171	2.6969	2.3819	3.1941	5.65108	8.67089	9.09148	3.0118	4.37837	10.5378	22.7897	24.0848	12.9556	12.9556	11.9116	9.64238	8.7731	5.93004	5.21982	4.3366	4.95324	5.96573	2.71523	2.28906	3.12034	3.12034	3.14157	3.65072	2.28906	1.97632	4.78667	4.97648	6.19324	6.92651	5.18488	4.67116	6.96169	5.36329	2.61525	0.365571	1.09659	2.53765	3.76293	4.75556	3.4446	3.4446	5.39704	5.85438	3.48787	4.29431	6.73445	5.72062	4.81793	5.46106	6.92651	32.791	38.5962	14.7098	4.16082	1.8634																																														0.258507		9.14988	7.91273			4.57454	6.0072	12.2451	20.6395	21.0256	12.404	7.16331	10.8365	16.3207	14.5891	12.5886	13.0142	15.1115	4.40846	6.05342	15.2527	12.3547	7.71893	7.17492	7.55866	5.72062	3.1941	6.43538	15.0152	22.8657	21.15	12.3588	4.29421	9.29667	17.0624	13.0817	19.0301	10.1121	28.1018	11.8648	11.2112	13.7914	13.3401	16.1075	11.4542	9.11445	11.8012	16.5109	23.2564	27.5707	24.0389	9.07889	11.7532	26.3164	41.8508	36.7886												
0.984176	0.577964	1.29214	1.79946	1.8271	2.61504	6.12042	2.38162	3.12542	2.19984	1.6546	5.83117	5.02889	3.039	3.29128	2.04263	3.14129	4.11637	2.73955	1.82714	1.55053	2.65924	1.27919	1.73337	0.931864	1.8087	2.88735	1.27919	1.0965	1.15577	3.29133	2.95021	1.82714	0.548298	2.54409	2.38173	1.47326	0.731046	1.0965	4.16045	5.48149	6.12045	4.00602	1.57183	4.92591	4.64942	2.88735	0.913804	3.14145	4.27464	4.13663	3.91824	3.86704	4.92268	6.57356	7.17428	8.2777	7.4843	6.35009	6.2272	6.43481	5.89877	5.40897	6.27722	7.66512	6.85699	7.86054	8.86958	8.84766	8.29343	6.99644	5.89877	5.38447	4.90599	4.33621	4.92603	4.64959	4.90932	5.01594	4.84486	4.50493	4.01863	3.23022	2.59596	1.88112	1.29216	5.65058	8.79618	6.79694	3.01153	7.82488	12.9832	23.8043	23.4779	12.9544	12.9544	12.244	9.74764	8.47164	6.35784	5.51462	4.44193	3.8713	4.24329	1.94209	1.56119	2.65924	3.59538	4.1604	4.67074	1.56119	0.753533	6.06369	7.21043	4.41202	6.92589	4.27464	0.731046	4.57412	7.59225	4.35129	0.365538	0.817341	1.11161	3.60016	3.14145	1.9677	4.95937	7.89326	4.93612	3.06094	6.07736	6.73385	5.43629	4.97956	5.65058	7.50596	34.7117	37.3307	10.6272																																																								9.39802	20.2645	25.2323	16.7776	3.65048	12.0735	15.8108	15.7419	15.9884	8.66988	14.8705	4.40807	7.71791	17.0904	14.48	7.41638	6.28765	9.25606	5.18763	1.29216	15.2434	14.631	21.2241	23.4469	21.1529	8.04235	6.10698	11.2383	13.8675	16.0347	11.0347	30.0224	21.5485	8.47164	12.7408	7.45142	12.2206	10.4789	11.6219	17.0793	16.9472	18.9883	24.7321	19.8335	4.38175	17.7594	31.696	38.6228	27.3409												
3.10918	2.59568	2.43677	2.19953	1.68438	1.88083	5.4355	1.68438	3.36581	1.17005	2.88716	4.81333	3.76201	2.76337	3.29097	2.0828	4.90858	4.75452	0.913681	0.258455	0.408647	2.339	1.6341	2.04241	2.9947	3.18837	2.97228	1.27905	1.29204	2.37441	3.69078	2.40233	0.913705	1.39149	2.04241	4.00165	4.89871	4.81698	4.25864	4.61692	5.54079	6.73057	4.55908	1.83599	5.0053	4.97883	3.47284	2.69637	2.61482	2.45043	2.85239	3.59514	4.27026	4.21157	4.6596	4.90519	5.02835	2.88707	3.63647	5.13259	5.67313	4.92215	3.65018	4.16413	6.88481	7.57239	6.87539	6.68932	7.32695	7.41777	7.09103	5.75973	3.93049	3.87952	5.22202	6.14143	5.96477	6.05245	5.62661	3.84944	1.68445	0.548239	0.516872	0.913681	2.20715	3.83638	3.51082	3.76218	11.0207	19.1466	24.4616	27.27	28.9306	23.6495	13.9335	11.3634	8.15202	3.65009	3.76221	6.45457	8.12831	8.28474	5.92887	1.79934	2.73926	4.33575	4.09975	4.01798	4.85437	5.40812	3.1091	4.81698	8.36448	8.27659	3.91782	6.05245	6.83473	6.18951	5.86462	7.71081	4.32409	0.577902	0.913705	3.11972	3.66822	4.12815	5.87305	7.45932	8.26479	3.29097	2.31043	5.10662	4.30487	3.36581	3.11972	3.84933	6.75005	36.0294	35.883	6.10367																																																								1.03372	12.6269	24.451	28.2683	27.3751	22.2213	15.0806	16.9454	20.5269	8.92675	15.7188	11.7788	15.289	17.1399	11.8466	4.92215	9.1853	11.3006	9.17466	7.8597	19.2779	7.52893	6.37252	16.3411	26.0438	15.3164	5.89814	9.99057	15.6655	9.65549	10.3905	27.0409	23.8358	15.0851	11.9529	5.04167	11.4768	9.91755	10.5128	17.7377	16.4712	14.9538	17.5771	21.5312	30.7322	39.319	36.482	29.1625	14.3999												
3.1089	2.59545	2.20695	1.68427	1.47292	1.39137	3.90455	2.37415	2.85198	2.71448	3.15135	2.76312	1.97575	2.19935	3.10346	2.745	5.15766	4.7541	0.658849	0.258432	0.548189	1.82669	2.63352	2.25917	2.97213	2.85795	2.0422	1.11141	1.65427	1.90714	3.48682	2.92691	1.68423	1.88066	3.54351	4.33536	4.89827	4.97858	4.27379	4.21124	5.33399	6.50191	3.48682	2.48387	4.50382	4.03825	3.15135	2.59545	2.48395	2.65879	2.94399	3.81006	4.51133	3.35083	2.48387	4.39211	5.79603	4.81632	3.22958	5.29679	6.07616	4.74377	3.64986	4.01783	5.86412	7.51114	6.82696	6.76668	7.33521	7.31066	6.83652	5.18029	3.64986	4.26987	5.48059	5.87807	6.10596	6.40031	5.4353	4.00126	2.3742	1.22561	0.516825	2.04213	3.10881	3.47253	1.29192	6.10585	14.9976	22.015	26.2676	27.752	25.8755	19.1763	12.6225	9.28225	5.39561	3.64976	4.21124	5.94498	7.75887	8.43924	7.06028	4.57315	5.0411	4.9752	7.26322	4.7853	5.10616	5.65797	4.73322	6.03277	7.8089	6.5897	4.47076	5.54049	7.02315	6.35659	5.78493	5.28742	2.43649	0.577849	0.983981	3.59467	4.95845	4.61296	6.22072	6.67143	6.07616	3.10346	2.31022	2.85782	3.54346	4.90475	4.56952	4.47067	7.86694	37.3464																																																										1.03362				31.461	38.5955	24.6152	16.5064	22.3747	9.07669	15.7174	16.5143	15.6977	12.34	6.53215	9.95546	11.3736	9.91064	9.47793	8.06336	16.9015	5.85276	4.97858	12.4222	25.66	21.4294	5.24676	13.1359	15.4622	11.6471	17.4251	19.6637	16.2074	17.1697	15.3112	9.11186	13.9341	10.1656	6.25481	13.9089	23.1036	18.264	7.14321	18.7287	34.8688	39.8917	31.9957	19.3414													
0.516779	0.516779	0.516779	0.516779	1.03347	1.03347	3.09773	2.58221	2.58221	3.61275	2.06627	1.03347	1.03347	1.03347	2.06627	2.58221	5.15398	4.64096	0.516779	0	0.516779	1.55	3.09773	2.06627	0	0.516779	0.516779	0.516779	1.55	0.516779	2.58221	2.58221	2.06627	2.06627	4.12719	2.58221	0	2.06627	0.516779	1.55	4.12719	5.66618	2.06627	2.58221	4.12719	3.09773	1.55	0	1.03347	1.55	1.03347	2.06627	2.58221	0	1.03347	4.12719	6.17746	5.66618	1.03347	3.61275	5.15398	3.09773	0.516779	0	0.516779	1.55	1.03347	1.55	0.516779	1.03347	1.55	0.516779	0	2.58221	2.58221	2.58221	3.61275	3.61275	0	2.58221	2.58221	1.55	0.516779	2.58221	3.09773	2.06627	0.516779	8.21199	14.6586	17.0493	17.5204	15.1412	11.2236	7.19701	4.64096	2.58221	1.03347	2.58221	3.09773	0.516779	1.03347	3.09773	5.66618	6.68777	6.17746	3.61275	8.71758	5.15398	5.15398	5.66618	5.15398	5.15398	5.15398	4.12719	3.09773	1.03347	3.09773	2.58221	1.55	2.06627	1.03347	0.516779	0.516779	3.61275	5.15398	3.09773	3.09773	3.09773	3.61275	2.06627	1.03347	1.55	3.09773	5.66618	5.15398	4.12719	7.7051	37.8006																																																										0				25.5499	44.5132	28.4215	9.72459	20.2949	5.66618	14.6586	17.0493	9.72459	4.12719	2.58221	12.2146	9.72459	2.58221	6.17746	2.58221	14.1738	2.58221	0.516779	6.68777	23.4101	23.4101	1.55	13.1981	6.17746	11.72	20.7481	15.6216	7.19701	12.7073	14.6586	10.7256	15.1412	10.2259	2.58221	8.71758	25.5499	19.8389	3.09773	7.7051	27.2088	22.9734	0	0													
3.19275	2.69563	2.2291	2.44976	3.29014	4.67271	5.82918	2.45657	3.75653	3.28999	1.88029	1.3911	1.65395	1.1112	1.42659	2.61399	5.35754	4.60109	1.15537	1.16973	1.39117	1.65395	3.0378	2.44962	1.31728	1.79885	2.20655	2.53658	3.01045	2.97159	4.33453	4.86342	4.5105	3.46236	4.15882	3.01035	2.44976	4.00053	4.41412	3.8484	3.54283	5.0269	2.33833	1.90671	4.25729	4.43636	2.71395	0.258385	1.73268	1.65395	1.11117	2.28795	2.53642	0.81703	1.82639	4.40633	6.21131	5.35754	1.86251	3.64907	6.25362	4.92078	3.03799	3.10834	3.543	4.34986	5.32082	5.71516	5.86307	6.26177	6.52115	7.0707	7.45531	6.67768	7.58533	9.90886	10.74	9.94927	9.48662	10.2909	9.33424	6.00438	3.44315	4.01284	4.07836	4.00057	9.97497	20.6566	27.3578	26.6977	23.589	19.0301	13.2957	7.8158	4.77064	2.04176	1.06523	3.63547	5.35783	6.31662	7.85551	5.68918	2.04173	7.85946	10.1405	8.51613	10.1812	7.45726	6.73126	6.075	6.2246	6.49313	5.89639	4.61555	1.90671	1.54994	1.50622	2.7807	3.14026	3.10287	3.93782	4.13506	3.48631	4.39137	5.24555	2.71395	2.04173	3.50996	5.33297	3.46221	1.15532	1.82632	4.25331	7.18951	7.14629	7.82622	13.8051	37.2408																																																										1.03344				24.7557	40.8371	28.6582	17.5748	21.1931	9.79154	17.4177	20.5212	11.6825	6.49331	5.70355	11.6051	8.41604	2.83993	2.43602	9.23863	12.3489	0.258367	3.51002	5.98768	21.5484	22.3122	7.49024	15.0634	6.99377	12.317	20.4212	16.0694	9.06594	14.5821	17.6732	13.4863	13.8348	9.71921	21.7795	24.0256	19.9122	13.8294	19.6367	25.0881	27.22	18.5265	0	2.19134													
3.3548	2.88607	2.19877	2.65803	3.68945	5.6565	5.70296	5.3571	5.75733	2.1987	1.39097	1.88011	2.08196	0.913359	0.182682	2.37347	5.60955	4.34918	1.15525	1.22531	1.39102	1.29155	2.78626	2.94301	1.50611	1.90659	2.43585	2.61385	3.01014	3.03767	4.00011	4.86292	4.79444	3.13992	3.30483	3.01007	3.28468	3.7431	4.41364	3.76079	2.04163	3.7429	2.85116	0.913359	3.28975	5.30451	4.40967	0.258357	2.69522	1.29155	0.913335	2.53619	2.28774	1.09596	2.2213	4.40593	5.96231	4.60067	2.7803	2.6329	6.05002	5.49091	3.10264	3.19241	3.59841	4.27257	5.28291	5.65662	6.02842	6.2611	6.59049	7.20731	7.48944	6.43692	8.73098	11.2964	10.5955	9.68679	9.59348	10.2899	11.1949	8.01838	3.59378	4.39094	4.50992	5.46688	13.8216	26.1774	29.4773	25.0796	21.1696	16.5408	10.8596	5.9626	3.54257	1.16961	3.02107	3.22865	4.90696	6.6696	8.11528	7.30396	5.57419	6.30812	9.62014	8.13331	9.0579	7.28829	6.07451	4.92366	6.67181	6.92238	5.29523	4.01656	1.4725	2.58175	2.4494	3.30487	3.46199	3.28973	5.31077	4.13462	3.54262	4.01244	4.55736	1.64369	0.753186	2.83962	6.39831	5.37857	1.15521	2.33812	6.26078	8.83569	7.9736	9.27943	17.6327	34.61																																																													8.51487	22.6172	31.8786	24.3576	16.6039	17.5394	9.07411	20.9475	27.0004	13.2626	5.98733	5.82858	9.28279	5.65634	5.87622	6.30781	15.3395	7.2547	5.92077	3.93741	3.83493	17.6549	19.2317	7.48944	14.6518	5.66536	12.5527	19.0745	15.3897	7.83798	13.7836	20.9136	18.4497	11.1321	13.467	26.4923	23.3804	12.4631	7.83798	23.2472	26.2967	19.996	8.52266	0		3.09729												
4.15817	3.30457	1.94108	2.56214	3.66651	5.30404	2.19092	7.09663	6.30725	2.01679	1.65366	2.43557	2.48293	0.516658	0.365327	1.54955	5.15572	4.7279	1.42633	1.571	2.71357	3.0374	3.83459	3.89889	2.25831	2.1371	2.65779	2.78016	3.11837	3.00987	0.753118	2.48301	5.14312	6.18134	6.43122	5.62104	4.50963	3.28952	3.28952	3.1869	3.10772	2.92582	3.76028	2.43563	2.7379	4.95658	6.15711	1.64354	2.44918	1.47237	0.577612	2.01679	3.63477	3.30457	3.13948	4.30285	5.5737	4.158	3.4423	2.22113	5.1526	5.82516	5.17834	5.31978	4.55714	4.40948	4.41324	4.19787	4.55708	5.05245	5.78559	5.45744	5.00321	4.70358	5.52924	5.86164	6.47699	9.35324	10.8675	9.11592	5.82791	6.49207	12.0068	15.4753	17.3893	21.5668	26.0801	28.4904	22.4546	10.3011	7.27182	4.8521	2.9933	6.76655	7.55811	7.2676	7.24051	6.05781	6.56001	5.62398	2.79207	6.51957	8.7152	6.30497	8.22775	6.26054	7.88056	5.71379	4.04899	3.83452	6.42839	5.71377	3.10756	2.28753	1.68357	2.79201	3.52336	3.50443	2.04142	2.58156	3.54212	1.571	0.408438	1.94097	3.23337	2.20612	1.65366	0.753118	6.83127	6.18902	3.68912	5.39358	7.62225	8.6798	7.05738	8.70211	19.7031	32.0787																																																													8.51411	19.2013	29.0862	28.4993	17.6676	8.41289	1.03323	20.0745	26.757	17.0599	12.2437	7.96052	6.10083	2.37325	4.30285	12.62	15.0566	1.68357	6.61194	4.56064	3.39372	11.6044	17.6837	12.9054	8.48938	1.31696	14.5162	21.0575	13.6131	0.931345	10.4364	23.3507	21.6422	6.36697	20.518	17.272	4.7837	9.7367	11.113	23.9264	25.9638	13.6623	5.53841	5.40893		3.09701												
4.75201	4.02819	1.97492	2.73766	4.07723	5.30356	1.63326	6.84259	5.30972	2.38008	1.65351	2.43535	2.7132	1.155	0.365294	0.516583	3.91546	5.46576	3.22789	2.38008	2.78589	3.10208	4.2288	4.11363	2.40099	2.04126	2.44906	2.77991	2.94261	3.64805	3.28906	2.76187	4.78332	6.22315	6.307	5.3193	3.94517	3.34926	3.34926	3.2892	3.10744	2.22845	4.48332	2.74374	3.32926	3.66618	6.8522	3.67064	1.09576	2.61328	0.57756	2.01661	3.34926	4.86194	5.1776	4.55649	5.31902	4.15763	3.94497	3.36398	4.37507	5.15222	5.17787	5.28197	4.51296	4.48351	4.41285	4.13388	4.68549	5.60876	5.78507	5.30998	5.00276	4.81429	2.88555	1.9409	7.01989	9.53632	10.7961	9.63018	4.57109	7.10772	13.383	15.2811	17.1728	23.2995	26.5174	24.4175	17.0376	8.14973	4.94957	2.13683	6.04889	7.66225	7.66021	7.26695	6.67578	6.18608	6.58934	5.62348	2.79182	4.81065	6.19653	6.45865	8.35999	6.89766	9.90572	6.90925	5.82731	5.80753	6.18847	4.48332	2.08155	1.56015	0.182649	1.73227	2.00832	3.24841	2.37309	2.12911	0.65854	2.38008	0.913147	0.658507	2.01661	2.43541	1.29134	3.28906	7.3114	5.47783	5.39298	5.85003	6.38953	6.99395	6.55659	9.44777	23.2256	31.1504																																																																28.9932	21.2241	9.06344	4.25216	15.8724	18.7443	14.9799	19.2235	17.2807	3.36406	1.90619	2.78576	14.8642	9.41201	2.97058	2.38008	5.78489	6.95875	3.86447	13.1621	17.0237	3.9283	0.365294	18.7565	25.0527	9.9591	7.74018	8.59855	26.3059	23.4033	7.52477	22.4617	5.75653	7.79686	1.68351	11.6675	20.4869	28.8911	22.0949	5.5498	5.40844														
3.611	3.611	0.516527	2.06527	3.611	4.63871	1.54925	6.68454	4.63871	2.06527	1.03297	2.06527	2.58096	1.54925	0.516527	0	3.09623	5.66344	4.12519	2.58096	1.03297	1.03297	3.611	3.611	1.54925	0.516527	0.516527	1.03297	0.516527	3.09623	4.63871	3.09623	1.54925	1.03297	1.03297	0	0	1.03297	1.03297	1.54925	0.516527	1.54925	4.63871	2.06527	3.09623	2.06527	6.68454	4.63871	0	3.09623	0.516527	2.58096	0.516527	5.15149	6.17448	4.63871	5.15149	4.12519	4.12519	3.611	2.58096	2.58096	1.03297	0.516527	0.516527	1.54925	0.516527	0	2.58096	3.611	2.06527	1.03297	1.03297	1.54925	0.516527	2.58096	4.63871	3.09623	1.03297	5.15149	7.7014	8.7134	8.7134	0	0.516527	14.6517	15.6144	11.7144	7.7014	2.06527	1.54925	0.516527	7.7014	5.15149	2.06527	1.03297	1.03297	2.06527	1.03297	3.09623	3.09623	3.611	3.09623	2.06527	4.63871	4.12519	10.221	7.19354	6.68454	6.68454	5.66344	3.611	1.54925	1.03297	1.03297	0	0.516527	3.09623	3.09623	1.54925	1.54925	2.58096	1.54925	0	0.516527	1.54925	0.516527	4.63871	7.19354	4.63871	5.66344	4.12519	4.12519	5.66344	6.17448	9.71995	24.6921	30.3702																																																																19.83	17.981	11.7144	6.17448	13.6806	13.1919	5.66344	21.1893	21.637	0	3.611	6.17448	15.1342	5.66344	3.611	0.516527	5.66344	8.7134	3.09623	0.516527	16.0924	6.17448	1.03297	20.7389	26.3742	5.15149	11.2183	6.68454	27.6046	24.2643	11.2183	21.1893	4.63871	8.7134	4.63871	13.1919	3.09623	24.2643	24.6921	0.516527	0														
5.96028	6.49021	5.00177	4.33248	4.73712	4.50822	2.30861	6.1553	4.78217	3.40743	1.94041	0.912966	3.28858	5.65449	5.71529	5.03795	5.4889	6.8795	5.4648	4.68457	4.16099	3.69261	4.19654	3.0582	0.816599	1.15481	1.15481	1.50554	1.63294	3.40743	4.84052	3.82917	3.36339	2.58078	1.31658	0.365222	0.408338	1.1691	1.03293	3.24794	4.70223	5.21808	4.93187	3.65189	4.46779	4.57022	6.79092	6.20853	3.1912	3.3286	1.16916	2.48222	2.13648	6.32628	8.05171	6.54797	6.37543	5.4648	4.57018	3.75922	2.9701	4.4381	4.30184	3.59705	2.85605	1.3905	0.577464	2.04086	3.92752	6.0015	6.102	6.44977	7.01391	6.51048	5.94104	5.61943	4.91844	3.50822	2.08123	5.12862	7.65849	10.8978	13.6369	8.61212	6.39591	14.846	13.4722	9.40501	9.05632	7.72217	6.7063	8.41258	11.8129	9.10616	8.16215	10.1736	13.8793	17.3311	17.2766	16.2197	15.2871	14.6449	18.6499	26.6629	26.7115	20.9635	17.035	9.22007	7.23366	6.27154	5.60744	4.00257	2.01619	0.7529	0.730414	0.7529	0.547823	2.77925	3.52234	0.182613	2.25766	0.931057	2.37968	2.99244	2.22049	1.966	1.47192	5.1318	6.95505	5.06057	5.71213	4.64544	3.66992	4.9015	7.06692	12.0342	27.7877	29.7875																																																																18.2688	23.5117	27.361	26.7431	24.4574	16.8943	6.30545	16.9513	23.8993	16.7407	4.94859	9.86658	14.5017	4.73008	3.14919	4.84069	9.40544	16.3646	18.7332	16.6124	21.8683	12.0746	6.87965	23.7223	23.3624	2.58087	12.1357	11.1508	26.0894	20.3478	16.174	18.7332	6.70597	7.6007	3.5411	10.666	9.32981	20.3705	18.8636	25.6632	28.5094														
5.58364	6.48963	5.30843	4.09646	4.38893	3.28315	3.26279	4.90444	4.11245	5.05034	3.74115	1.4258	4.5553	5.5482	5.80614	5.15403	6.00363	7.09408	5.28031	4.55537	4.23943	3.61972	3.50796	1.683	0.816525	1.15471	1.15471	1.31653	1.63279	3.18559	4.3813	3.32836	3.66516	4.40387	1.8253	0.816525	0.547774	1.4258	2.3084	3.75898	4.81291	5.15403	3.75903	4.20797	3.91451	5.89308	5.5093	6.40563	3.86761	2.73687	1.32911	1.83444	2.56117	7.25107	9.38541	6.3749	5.8258	5.28031	3.68772	3.12244	2.45515	4.04767	4.25504	3.86336	3.18567	2.01601	1.87923	2.73687	3.6471	5.5452	6.02562	6.4492	7.01328	6.42883	5.94051	5.31777	3.66974	3.10646	2.08104	4.04753	5.41293	9.06993	12.8485	16.5168	15.5585	12.5122	8.67099	4.4673	7.40929	8.39823	6.65669	9.44547	11.2421	8.43488	8.10556	10.7576	15.8439	17.9284	17.3839	16.4523	15.5369	14.7764	21.5942	28.6463	27.0292	27.5247	25.8037	13.192	7.72116	5.05034	5.35456	4.50042	2.01601	1.11054	0.730348	1.32907	0.408301	1.86146	3.75886	2.7124	1.97435	2.8846	2.79101	3.18569	3.36301	2.44825	3.24748	5.62161	6.20786	5.55682	5.46419	5.13134	2.48199	3.36296	8.83887	15.8434	31.934	26.9064																																																																		26.3925	30.0237	33.8654	22.4322	7.30482	7.80527	19.2344	22.3536	16.5022	13.8686	11.4095	2.54166	1.87932	6.74687	9.90328	15.7355	18.6483	17.1998	26.0016	21.4274	14.2135	24.8765	15.4925	10.5268	10.527	19.5128	22.8856	11.1087	16.6846	11.7368	10.4371	5.3175	1.32907	5.11215	10.5468	11.4743	10.226	30.5814	29.2893	36.9374													
3.91408	6.04668	6.32524	4.41111	2.25721	0.752732	2.88429	3.35274	3.82841	6.22578	6.6337	5.5357	5.30773	2.59321	3.2879	3.59171	5.82234	7.6421	6.45601	5.41235	4.66954	3.28792	2.6565	2.1975	2.83209	2.33689	1.97414	1.47169	0.816472	2.78466	3.5404	1.63254	2.4817	4.52557	2.22002	1.32896	1.0645	2.13606	4.01425	4.25443	2.65642	1.68281	3.2879	3.18525	2.37219	6.58405	5.82234	6.20731	5.47585	4.75023	5.54761	8.08064	9.73747	11.4899	10.6492	6.31223	4.97092	3.65114	2.00753	2.79066	2.25721	2.06479	1.96568	2.65642	2.63125	3.28776	3.2318	3.14857	2.19745	2.25721	3.01945	3.34793	2.78479	2.13606	1.16893	0.774583	0.774583	1.72187	1.63254	3.28779	1.87912	1.55958	4.76734	17.5119	19.739	13.9626	10.1573	5.78274	3.91391	3.59171	12.2265	18.3357	20.1896	21.6887	23.1329	23.9696	24.1022	20.5014	18.1999	18.0199	18.9285	19.9742	21.6522	20.5152	16.1352	31.4457	34.2549	17.0758	8.46231	5.0498	4.9741	3.75842	1.63254	0.816437	1.55958	2.19745	1.8252	2.6565	3.89699	2.19738	3.42629	5.28285	3.28785	2.55439	4.07557	3.13795	4.52557	6.60876	6.28079	5.21367	5.25144	4.52557	2.22746	4.68353	11.0817	18.8179	32.5627	22.8974																																																																		0	18.1471	34.174	36.8713	32.303	18.2929	10.468	20.195	23.6774	18.399	12.2468	7.96525	4.85	5.61809	8.05406	7.52175	4.16017	7.48488	27.373	27.6406	17.4219	18.3681	14.1748	17.6965	4.32016	20.1426	19.5439	17.0533	14.435	4.07575	9.67262	8.48939	5.28287	0.930873	6.68788	23.3433	34.6376	33.1548	25.5293	41.5973													
3.79339	5.5352	6.56865	5.07882	2.56067	1.22444	1.39004	1.65271	3.3277	5.11114	5.87812	5.27941	3.93479	2.69355	3.18506	3.44049	5.14972	7.08355	6.60589	5.6499	5.03643	3.75823	2.44787	2.22737	2.71198	2.33668	1.93996	1.8341	0.816399	3.0355	3.28747	1.6324	2.22726	3.24684	1.82499	1.16883	1.06441	1.97396	3.82807	4.90352	4.07521	4.97032	3.68699	1.90532	4.33109	5.82182	6.58346	5.64108	5.14017	4.63721	6.39425	8.43323	9.86738	11.0682	8.74381	5.71074	4.33123	2.61211	1.8341	3.23151	2.39983	2.0646	2.21985	3.11647	3.64619	4.55428	3.69139	3.14828	2.04025	1.97396	2.83773	3.28763	2.71201	2.56067	1.32884	0.774513	0.774513	0.983005	2.63101	3.99729	1.87895	1.42559	2.96913	12.1438	16.4469	15.4223	11.356	8.66939	7.15674	7.23616	17.0219	19.122	21.0544	22.1522	23.1931	24.0135	23.2936	19.9662	18.4673	17.9568	18.6232	20.0261	19.122	18.9901	15.4012	33.385	41.153	20.5158	9.97018	6.26974	4.03441	1.97387	1.6324	0.816363	1.42559	2.04025	1.9655	2.94114	3.28754	1.6826	4.73924	4.28899	2.83183	2.9411	4.56517	4.15561	5.2916	8.09755	6.51587	3.80631	5.25097	3.24684	3.50241	7.22935	11.9995	19.9207	30.5171																																																																					23.4314	34.8939	35.9811	31.9184	20.5056	16.7699	26.4094	22.0332	12.2457	9.22827	6.0461	3.12182	9.5498	9.62518	4.01401	7.05345	29.9464	31.5342	16.4992	7.39216	15.2192	14.4815	11.2171	13.095	12.7584	16.8281	13.0849	6.63299	4.43683	8.48864	11.3628	2.37887	17.0719	30.5237	36.1649	29.1176	43.9101	44.0693	6.72371	14.3854	9.21445										
2.20465	1.64245	3.52101	3.89629	4.02592	4.26543	4.15546	3.99712	4.16338	4.64384	4.03417	3.14806	0.774443	1.06426	0.577245	1.68254	3.30234	5.00957	4.68269	4.02588	4.04637	3.50689	0.930724	1.06431	1.90514	1.63232	1.31615	0.516285	1.68254	3.32735	2.94644	1.73121	2.20456	2.22706	0.752596	0.930724	0.408166	1.82487	2.91818	4.24971	4.38753	6.31086	1.56987	1.06431	5.50165	4.09528	9.15746	9.78328	6.52554	3.1163	3.75335	3.74007	3.69103	6.11287	4.11127	2.83158	2.54093	2.45445	3.1163	4.00942	1.96533	0.816325	1.47139	3.23121	4.64369	5.71285	3.86636	2.5926	1.38992	0.912668	0.816325	0.182544	0.752596	1.68245	0.982916	0.516313	0.65816	0.930724	3.39147	4.37999	0.752596	0.816325	1.31608	7.15386	11.9816	16.1765	15.2018	14.1373	12.1546	12.3387	18.6981	12.3515	13.4927	12.0705	10.5741	9.77675	6.66452	2.99131	5.74451	6.22474	5.80166	7.83406	5.58186	12.7176	5.12987	33.5196	44.7359	21.4475	10.4936	5.70998	3.53977	2.55393	1.63232	0.730137	1.72156	2.92386	2.94092	2.39961	0.774402	4.49916	4.66853	1.09513	1.63232	4.93001	5.46275	5.56714	7.30952	7.3915	4.49913	3.86644	5.8042	3.48311	4.40635	7.46165	10.7895	17.7788	28.2189																																																																					0	10.8877	24.9938	39.4527	34.3133	21.0026	26.795	24.552	14.0783	5.81293	10.7308	8.33207	6.723	8.16089	12.8935	17.9949	29.3988	30.44	15.8466	1.06426	9.94042	8.74303	15.4883	6.51526	2.59274	2.76028	10.2288	9.13596	6.35	11.6732	2.71162	23.5646	35.748	33.5319	21.2822	9.86607	50.628	43.2244	1.80655	14.2354	6.68179										
2.20444	1.83373	2.83121	3.28691	3.45906	4.07464	4.15508	4.01329	4.163	4.64339	4.28819	4.22594	2.20432	1.06414	1.38977	1.79713	3.302	4.77987	4.46556	4.02547	4.25323	3.93394	2.6929	2.08017	1.79713	1.63217	1.50483	1.54835	2.19684	2.73581	2.25652	1.73103	2.20432	1.4712	0.408146	0.930635	2.19675	2.21944	2.30759	3.26151	3.8745	5.54572	0.577166	1.29045	6.00385	6.01222	8.26692	11.0489	9.13697	4.00902	1.86073	3.99647	4.69972	6.60687	4.77987	2.71148	2.54069	2.48116	3.3618	3.66375	1.96514	1.09502	0.982861	2.78987	5.12932	6.72465	4.37952	2.59232	1.87849	0.982861	0.81625	0.658057	0.982813	0.912522	0.752519	0.516267	0.752544	0.930635	3.90006	4.89239	0.982813	0.81625	0.365047	3.6456	8.43929	14.5207	16.1677	15.9887	13.7654	12.7557	19.3386	11.9581	14.3061	13.2752	10.6511	8.9449	5.53424	3.10001	4.37591	5.41087	5.7898	9.26286	2.96869	12.7163	6.60687	37.286	46.4935	19.0345	9.07848	3.52064	4.29953	3.80558	2.18925	1.63207	4.013	4.90255	2.8489	1.93961	1.80625	5.45302	3.97994	1.09502	3.92548	5.84604	4.61126	5.56657	8.4236	4.22594	1.29045	4.72781	6.80201	5.27809	4.65384	5.93785	8.80067	12.388	22.6094	29.1042																																																																								41.1159	27.8638	23.5547	24.5498	23.4985	7.99741	10.7298	8.67371	3.84464	6.91671	14.36	19.5393	21.9628	23.7645	16.3216	1.06414	4.94617	10.6463	11.8908	1.72149	3.46857	5.47412	12.2122	9.62827	11.529	12.5078	19.934	34.5788	34.9962	28.0202	15.1468	20.666	51.4402	39.2899	1.80638		6.6812										
1.54821	1.54821	2.06389	2.06389	1.03228	1.03228	0.516183	0.516183	1.54821	2.57924	2.57924	4.12245	3.09417	1.03228	2.06389	1.03228	2.57924	4.12245	3.6086	3.09417	3.6086	3.6086	3.6086	2.57924	0.516183	0.516183	1.03228	2.57924	2.06389	1.54821	1.54821	1.54821	2.06389	1.03228	0.516183	0.516183	3.09417	2.06389	0.516183	2.57924	3.6086	5.14807	1.54821	1.03228	6.1704	7.18879	0.516183	8.20265	9.21135	3.6086	0.516183	4.12245	5.14807	6.68012	4.63563	1.03228	1.03228	0.516183	2.06389	2.06389	1.54821	1.03228	0	2.06389	5.14807	7.18879	4.63563	2.57924	2.06389	0.516183	0.516183	1.03228	1.03228	0.516183	0.516183	0	0.516183	0.516183	4.12245	5.14807	1.03228	0.516183	1.03228	0.516183	1.54821	8.20265	12.2009	14.1581	12.6931	11.211	18.4356	9.21135	12.6931	10.7135	3.6086	0	2.06389	1.54821	2.06389	1.54821	0	8.70768	0	12.6931	7.18879	39.0365	47.2322	17.0307	7.69633	2.06389	4.63563	4.12245	2.57924	2.57924	5.14807	5.65968	0	0.516183	3.09417	5.65968	3.09417	1.54821	5.14807	5.14807	2.06389	4.63563	8.20265	1.54821	1.03228	4.63563	7.18879	6.1704	4.63563	5.14807	7.69633	8.20265	16.0822	29.5787																																																																								42.0167	29.9676	20.7262	22.9497	27.5889	10.2143	5.14807	3.6086	6.68012	8.20265	9.21135	12.6931	13.1834	19.8178	16.5576	1.03228	1.03228	9.21135	7.69633	2.57924	3.6086	6.68012	13.1834	9.71359	13.6718	7.69633	29.5787	37.1179	19.3596	8.20265	1.03228	25.5242	51.79	37.1179	0		0										
1.96469	2.39888	2.55968	2.57906	2.5791	3.1154	3.13665	2.84834	2.48064	2.43325	2.07976	3.68997	3.35118	0.182491	2.30715	3.26105	2.94003	3.28622	3.01792	3.48218	4.40515	4.64241	4.64236	3.22511	1.09482	0.516164	1.47094	2.22642	1.72106	1.68199	1.83338	2.01486	2.73529	2.53366	3.50599	4.13031	5.38846	4.95202	3.40526	3.68997	3.61744	3.99991	3.28639	3.50128	6.6649	8.04636	2.99029	8.544	10.2415	2.5401	2.85414	4.78938	5.58026	6.90333	5.07026	2.13506	1.73077	1.38957	2.96806	3.09933	2.83076	2.71095	1.79678	2.37099	4.99821	7.10144	4.83731	3.50589	3.01792	1.06395	0.982669	1.47096	1.68196	0.912381	0.577079	0.258087	0.657938	0.408048	3.99576	4.66362	1.50454	1.47098	0.57706	0.577079	2.48067	8.94097	12.9506	13.9571	13.5493	9.87298	18.0853	9.34397	13.3098	11.4513	3.75672	1.31577	2.30707	2.03941	2.45361	2.30707	1.82435	6.19107	3.94177	10.5586	5.93682	40.4333	47.1733	15.2479	6.29866	2.54019	5.71131	5.42788	2.37802	1.80593	4.50883	5.15082	1.80603	1.42505	1.82425	5.21129	5.25233	4.96867	6.19121	6.80811	5.35171	5.65063	6.60569	1.38957	0.982669	6.02189	7.3894	6.0977	4.72341	4.40882	6.25955	8.66616	17.5611	30.7186																																																																								40.4935	41.33	33.194	26.1666	32.6736	24.8075	9.83939	3.93331	6.60569	8.44502	7.82336	11.1208	14.2057	23.0418	18.8311	4.76537	4.64258	9.43985	5.40047	3.58067	1.16839	11.4349	16.7012	14.9876	11.4349	4.91866	33.7097	37.3762	18.934	6.4529	5.77992	28.6171	48.4978	35.8289	6.75995		2.57915										
2.44662	3.05589	2.37082	2.57883	3.30109	3.36085	3.13637	2.84808	2.22633	1.65193	1.06386	2.69217	3.35088	2.45339	2.30694	3.26076	2.33559	1.55866	1.65192	2.92277	4.20518	5.07633	6.11057	4.50842	1.50436	1.1539	2.22622	1.4708	0.982544	1.47083	1.64183	1.73061	2.55947	2.45352	3.93296	4.12994	5.25186	5.21094	4.96808	5.7107	3.61712	1.65192	3.42439	3.59434	6.21701	8.51486	7.83097	8.78916	12.2219	1.06391	3.18355	4.38598	5.35106	6.66181	5.06981	2.03932	1.56936	1.38944	3.63087	3.286	2.71071	2.83051	2.55945	2.61078	4.49744	6.6051	4.37839	3.93286	4.49744	2.07957	0.912322	1.68184	2.96774	1.1098	0.577027	0.258064	0.912275	0.182475	3.73866	3.64449	1.31565	2.03925	0.577008	1.87798	3.1204	8.94017	13.6616	12.7754	14.2517	6.91452	17.3815	9.594	14.5237	12.6725	3.12036	1.5044	2.30686	2.7831	3.22482	3.26062	1.96458	1.1539	4.50494	5.94459	3.14681	42.7269	46.6925	10.8194	3.4818	2.53997	5.7108	6.32153	1.56936	0.25805	3.22482	3.91173	1.80586	1.55871	0.815981	3.36085	4.90139	4.90142	5.46975	7.43931	5.74246	4.66694	3.23	2.01466	3.34591	8.24257	6.91455	5.37558	4.47905	2.88268	3.10439	7.08256	19.1287	32.7629																																																																									44.2729	41.4222	22.489	30.1164	31.4517	13.7787	3.50568	6.11057	8.69316	5.02078	7.18079	13.9823	28.8532	22.6149	5.0472	4.80972	7.92997	1.22392	4.49746	6.90269	15.3731	17.4736	15.829	7.07124	14.4574	37.0585	34.5437	14.311	3.79161	12.8009	32.1157	40.2644	32.3468	16.002												
4.10927	4.37043	2.61061	2.19597	3.42387	3.14647	3.01744	3.38999	3.48161	4.0933	4.40818	3.83027	2.55917	2.96742	2.20349	0.576946	1.73043	3.83027	3.99518	3.09879	1.90416	3.68482	7.44079	8.9287	9.18999	9.18999	7.6543	4.34401	1.68172	1.0946	1.32804	1.47069	0.729782	2.73475	4.76433	4.0117	4.60947	4.73305	6.04251	7.00762	5.28872	3.53823	1.22379	4.07291	8.36465	10.3435	9.94862	8.98418	13.1008	8.2421	8.44952	8.91248	8.9287	8.02683	5.64952	3.53823	4.15344	4.66294	4.25168	2.37755	1.38924	1.93874	2.19592	2.20349	4.09313	6.34668	4.43044	4.38551	5.86342	4.90084	4.1295	3.34571	2.83013	0.576946	0.930272	0.576965	0.576965	1.42477	3.58918	3.75595	2.53316	3.89448	3.66691	4.46394	5.03354	9.55962	13.5342	10.3633	11.8226	6.53985	14.8459	9.5141	15.2807	13.1054	2.39841	2.93944	6.22174	8.19473	7.71558	6.83567	5.60291	4.96762	4.95084	4.09313	1.72081	43.8104	45.8888	7.62629	3.86037	4.03222	5.68425	7.01464	3.9993	3.09879	3.64872	4.09313	1.03204	1.82399	3.36042	1.32804	3.09879	3.28574	3.28565	5.9632	4.01149	2.01445	1.38929	2.37755	4.83636	8.23578	6.42355	4.778	4.59498	3.32573	3.26041	8.34142	22.6597	32.3996																																																																									34.1952	44.83	37.3636	34.9236	38.9064	33.1819	14.5634	6.35953	7.40553	4.92763	6.27663	13.9202	29.4835	22.2326	7.57746	5.45999	3.73826	4.00747	1.16809	11.8333	12.9145	14.7059	11.981	11.17	22.0883	34.5957	27.6693	10.6649	14.3023	18.6799	31.9286	35.1846	29.7385	18.9159												
5.70674	4.37004	2.47995	1.68154	3.66642	4.03173	3.50494	3.38969	3.50027	4.32836	4.40778	3.6166	1.72065	1.68148	2.20329	0.576894	3.68894	4.58392	4.04418	2.98958	1.47054	2.22589	5.77845	8.20394	9.15412	9.15412	7.74644	6.36939	2.19579	0.815855	1.55835	2.03885	1.63131	5.13657	5.27577	3.99482	4.76391	5.10771	6.26565	6.13087	5.12386	3.97818	3.18282	7.30306	10.4146	10.1497	7.45757	7.87089	10.3856	8.29617	8.44877	9.00518	8.51353	6.84463	4.66602	3.59363	4.40026	4.66252	3.4813	1.56905	1.87761	2.71006	1.42456	1.28981	3.40418	5.87401	4.43005	4.00711	5.09482	4.77778	4.19267	3.24485	1.42464	0.576894	0.930188	0.930169	1.38911	1.47058	3.11439	4.47817	3.11979	4.0441	3.75576	4.32833	4.66602	9.77747	12.1373	7.40487	6.74825	5.86297	10.2184	9.01371	15.5185	12.8603	2.19577	4.07255	8.87337	8.83897	7.29894	6.51182	5.5671	7.01401	8.48653	5.28812	1.90405	44.0753	45.1261	6.67767	3.59363	3.82993	5.48363	6.40014	4.37766	3.40428	3.84276	5.28812	1.03195	2.21838	4.73253	4.55126	2.98958	3.22435	2.47993	4.44485	4.77758	2.88213	1.38917	1.56905	4.37753	6.21571	6.932	5.03289	5.34995	4.43373	3.71586	11.6163	25.4504	28.3132																																																																										37.9367	40.2992	36.5219	36.2975	42.6595	29.9704	7.61918	4.49657	4.46354	9.39619	16.3217	25.2122	16.4446	9.79728	11.6608	0.182438	5.2098	5.78669	13.4541	6.2656	13.509	10.3548	15.7077	21.4927	28.508	20.8528	9.65259	15.1567	16.0844	28.382	34.8395	28.7653													
6.16753	3.09272	1.0318	0.515941	3.60691	4.12052	2.57803	0.515941	0.515941	2.06293	0.515941	1.0318	1.54749	1.0318	2.06293	1.0318	4.63347	3.60691	1.0318	1.0318	2.57803	2.06293	0.515941	1.0318	1.0318	1.0318	3.09272	6.67702	2.06293	0	1.54749	2.06293	2.57803	6.16753	4.12052	0	3.09272	4.12052	5.65705	4.63347	3.09272	2.57803	4.63347	8.70366	10.2097	7.69276	4.12052	6.16753	6.67702	2.06293	2.06293	3.60691	2.57803	1.54749	1.0318	1.0318	2.06293	0.515941	1.0318	0.515941	2.06293	3.09272	1.0318	0.515941	2.57803	5.14567	3.60691	2.57803	3.09272	2.06293	1.0318	1.0318	1.0318	1.0318	0.515941	1.0318	2.06293	0.515941	2.57803	4.63347	2.57803	2.57803	1.54749	2.06293	1.54749	8.70366	10.7086	5.65705	3.60691	3.09272	7.69276	8.70366	15.5975	12.6874	1.54749	4.12052	9.20711	5.65705	0.515941	2.06293	0.515941	7.18546	10.2097	5.65705	1.54749	44.2028	44.7284	5.65705	0.515941	1.0318	4.12052	4.63347	2.57803	2.06293	3.09272	5.65705	0	2.06293	5.14567	6.16753	1.0318	0.515941	0.515941	3.60691	5.14567	3.09272	1.0318	0.515941	3.60691	5.14567	7.18546	5.14567	5.65705	4.63347	2.57803	12.1954	25.5138	25.0921																																																																										16.0751	29.1754	26.3484	19.8093	43.6677	36.1075	8.19886	2.57803	2.06293	10.7086	17.4938	22.94	11.7015	9.20711	14.6358	2.06293	5.14567	9.20711	13.6656	2.57803	12.6874	8.70366	16.5503	18.8907	24.6675	17.0232	4.12052	8.19886	8.19886	25.5138	34.3873	27.9818													
6.10817	3.57894	0.773844	2.74002	5.81964	6.36818	5.34912	4.15621	2.96673	3.66128	3.59292	4.5215	5.74886	5.54235	4.31605	3.03303	3.42289	2.94416	1.79591	1.28958	1.47022	2.70964	3.38902	3.34474	1.93828	1.68114	3.13497	6.25127	2.55195	2.78214	4.03106	3.34968	3.50418	5.97803	5.38585	6.18841	7.17821	7.43656	8.33909	7.33742	5.06799	3.35953	5.92016	10.7799	12.1182	10.1477	5.57775	8.29609	6.72021	2.5906	2.85264	4.77669	4.55411	3.99401	3.28479	2.69123	1.10938	2.13402	3.82917	4.19184	4.6651	4.78714	3.91036	4.04338	3.62955	2.83513	4.32748	5.80846	6.2646	5.80846	4.6403	3.99816	3.99816	4.09212	5.03217	6.60282	6.45	5.40726	5.57775	6.36046	5.07446	5.42539	4.96627	5.20893	6.30635	10.3236	8.3486	4.26214	10.3717	12.6891	11.0603	8.73437	14.0153	11.5213	3.11389	5.68262	9.79514	5.99449	2.33467	2.00561	0.257948	8.23935	10.2148	5.05477	1.82337	43.9346	44.5384	5.85325	2.70966	3.34474	5.53913	5.28705	2.07875	2.01387	3.91019	6.56027	2.36993	4.07187	6.18822	6.0921	2.13402	2.19541	3.0979	4.73516	5.29644	3.71505	2.73404	2.59073	2.37682	5.54205	8.26091	6.37832	6.73729	6.04083	6.7785	16.884	25.1127	22.5491																																																																										12.8324	26.8269	33.473	38.918	52.3325	56.2068	49.5268	35.8115	24.4624	21.6394	18.6542	15.8822	12.9112	14.7609	17.0605	1.63099	5.24646	8.58514	12.7472	4.29668	8.70284	15.2177	20.9413	15.9859	17.4291	24.252	26.0646	21.5457	18.6853	24.7243	31.3638	27.9826													
5.61517	3.57862	2.20265	5.44891	6.80423	6.5399	5.2368	4.67877	3.03275	4.00596	3.85892	4.59347	5.65624	5.6008	4.12794	2.96646	1.22333	1.47013	1.68108	1.06339	0.982067	2.5322	3.38871	3.2845	3.11885	2.9663	3.13468	5.24599	2.21774	3.32453	4.28491	3.10298	3.93096	4.63974	4.55019	6.35488	7.077	7.30346	8.33835	7.04694	4.6328	2.8467	7.07673	12.8374	12.7646	10.3397	5.09672	12.257	6.71961	3.61537	4.09156	5.94172	5.30222	3.91001	3.22343	2.5905	2.36963	4.2031	4.0307	4.31567	4.56464	4.50276	3.99365	4.09176	3.22343	1.80489	3.78978	5.70532	6.14796	6.16921	5.074	3.9978	3.9978	4.04302	5.47019	6.91149	6.2954	5.40678	5.47019	6.02134	5.074	5.70814	4.89905	5.05455	6.5799	9.22301	3.53684	7.04678	11.2338	12.5298	9.73739	6.26405	10.6052	9.04324	2.93838	6.30555	9.56273	5.14476	2.33446	1.42423	1.80489	9.96889	9.72704	3.58783	2.33433	43.3921	44.1401	5.61226	3.0545	3.2845	7.46838	6.55968	1.06334	1.38877	5.14787	8.33229	3.48018	3.87179	5.46711	4.78663	2.03833	2.28414	3.4033	4.55007	4.42877	3.71472	2.8525	3.14534	0.576746	6.30545	10.2575	7.54849	6.95595	6.24296	8.95399	20.5314	21.6975	16.715																																																																															55.0571	53.0555	41.9074	25.099	20.5233	14.2457	1.31501	10.1029	20.1569	21.3921	0.729506	5.24599	7.32098	10.7804	7.59137	4.85508	17.445	17.7651	8.83837	7.31242	22.6393	26.2625	21.0921	18.1342	18.6834	24.3857	27.9805													
5.1442	3.09183	3.09183	6.67512	6.16577	4.63214	2.06233	3.09183	1.0315	3.09183	2.06233	1.54704	0.515793	1.54704	1.0315	0.515793	1.0315	0	0.515793	0	2.06233	1.54704	0.515793	0.515793	3.60588	3.60588	3.09183	4.63214	1.0315	2.57729	2.57729	1.0315	3.60588	3.09183	0.515793	2.06233	2.57729	3.60588	5.65543	3.60588	1.0315	0.515793	7.18341	13.1738	11.6982	8.19653	2.57729	14.1478	6.67512	4.11934	4.63214	6.16577	4.63214	1.0315	0.515793	0	3.60588	5.1442	2.06233	1.54704	1.54704	2.06233	1.54704	1.0315	1.0315	4.11934	2.06233	2.06233	2.57729	3.60588	3.09183	1.0315	1.0315	0.515793	3.09183	3.09183	0.515793	0.515793	2.06233	3.60588	2.57729	3.60588	1.0315	1.0315	3.09183	5.65543	1.0315	9.70639	7.18341	1.0315	1.54704	1.0315	8.7012	7.69058	0.515793	5.65543	8.7012	3.60588	0.515793	0.515793	2.57729	10.7056	9.20451	2.57729	2.57729	43.1146	43.9282	5.1442	2.06233	0.515793	8.19653	7.18341	0.515793	0	5.65543	9.20451	3.60588	1.0315	3.09183	3.09183	0.515793	1.0315	2.06233	3.09183	3.09183	3.09183	1.54704	2.57729	1.54704	6.67512	11.2028	7.69058	6.16577	5.1442	8.7012	20.7119	17.957	13.1738																																																																															22.0535	41.9952	37.097	9.20451	2.06233	1.0315	7.69058	2.06233	21.6091	23.3702	0	5.1442	6.67512	9.70639	9.20451	7.69058	15.1136	1.54704	2.06233	12.1919	10.7056	6.67512	4.63214	4.63214	10.2068	20.2593	27.9749													
4.24522	3.99271	3.28369	6.46556	6.3559	4.69525	2.07818	2.37614	1.28925	3.68272	2.36922	0.576616	1.56831	2.07826	1.10908	0.547039	0.576641	1.87681	2.22485	1.93776	2.19472	1.32728	0.257874	0.576641	4.31463	3.18128	3.47942	4.00919	1.4585	2.28358	2.58985	1.0632	3.84093	4.50193	5.24531	6.0149	6.37681	7.08486	7.44319	5.35069	4.29574	4.89482	8.27635	13.0698	12.2279	9.49533	4.96483	14.3067	7.79479	7.78451	7.74899	7.07554	4.76158	2.13344	1.6508	1.10905	5.29494	7.15785	4.96822	4.63905	4.96822	5.4692	5.2107	4.54937	3.85821	4.96473	3.71411	2.13344	1.68066	3.28378	4.89813	6.07187	6.60848	6.46601	5.87148	4.85419	3.75403	3.89662	4.02996	4.73384	3.47957	2.36916	1.42397	2.53827	3.84098	6.62561	8.14074	11.36	8.34643	4.59265	4.89817	4.80311	7.22113	6.69395	1.46986	5.85156	8.62022	2.28358	4.85419	7.49563	8.50962	10.1212	6.44022	4.76179	10.1011	40.0295	41.888	9.74013	1.68075	0.257892	7.31065	6.49586	3.24333	2.8809	6.89802	9.98454	5.1213	4.66383	4.4318	3.64665	2.7754	2.47879	2.19472	2.93767	3.43637	3.42191	1.46983	2.3053	3.35867	8.57541	10.0959	7.29507	6.64746	5.85159	9.45977	20.7749	18.0175	12.6985																																																																															19.0539	39.847	46.877	48.7621	44.7146	29.7897	12.196	12.7771	26.1167	19.412	2.33387	3.93853	8.59777	11.3944	6.74502	11.7414	20.1423	12.7446	10.8258	16.1959	15.4365	13.406	20.1732	24.4083	25.3055	23.9566	24.6976													
2.30508	5.2099	3.5357	5.95926	6.60744	4.69483	1.65064	0.929633	2.43115	3.47918	1.90295	1.56806	2.37597	1.80447	0.911616	0.407713	1.38831	2.37599	2.19458	1.97151	1.68057	0.751748	0.25785	0.57658	5.3006	2.03768	4.24871	2.73286	1.45836	1.55745	2.58962	1.65064	2.96556	3.93837	5.53726	6.01426	6.48796	7.22069	6.65691	4.83332	4.24894	4.8943	7.66598	11.8944	12.4646	10.4179	5.45651	13.6062	6.48036	7.92406	7.47521	5.69215	3.53583	2.03774	3.01531	2.78095	7.1457	8.21278	4.80601	4.63856	5.17528	5.57565	5.14664	4.50519	4.56326	4.76112	3.71373	2.39685	0.182333	2.19458	4.5198	6.03876	6.57805	6.54568	5.45363	4.39773	3.73598	3.8962	3.82773	4.54877	3.05363	1.10897	2.19451	2.538	3.18112	5.40523	8.60298	9.79174	7.11162	4.54888	4.77509	4.76127	3.84056	4.6596	2.03768	6.10318	8.36863	0.911593	7.82302	8.30696	8.38641	6.83351	0.929633	6.71543	12.222	32.5785	37.159	14.7709	2.00485	1.06303	5.5281	4.60272	3.2225	3.22759	9.14846	11.4733	6.7444	5.64578	4.00904	3.11799	3.29858	2.60887	1.68057	2.44473	3.93817	3.66432	0.98182	1.45836	5.10479	8.77527	6.9093	6.29587	7.39844	6.57773	10.1814	20.5495	17.785	11.4801																																																																																			48.362	46.4957	16.9634	22.0799	26.2835	10.1865	6.93275	1.5032	11.767	12.7622	2.47853	17.9966	24.4944	12.7041	14.1217	23.1914	22.5343	14.2578	20.8328	24.7729	24.8329	19.8027	15.7535													
2.39659	5.44686	3.34303	4.24446	6.53495	8.60222	9.04034	8.21041	8.57972	8.89683	7.64858	5.95077	3.58662	1.85865	1.22281	0.929569	2.43093	2.78669	2.37583	3.1018	3.38744	3.47898	3.34318	2.43099	5.61307	2.58939	4.18977	4.67701	3.51678	2.37583	2.78669	2.0778	1.28897	1.289	2.70828	2.82799	3.05326	2.84547	3.40202	5.20022	6.04906	5.95904	8.35832	12.0815	11.572	10.0987	2.39663	12.4236	9.09874	6.08946	4.00445	2.2169	0.657343	0.57651	2.39659	4.74337	8.57934	8.04478	2.00467	1.90272	3.10164	2.88019	0.57651	1.10885	3.43575	3.35783	1.71942	2.39659	2.53125	2.78675	2.60853	0.815276	0.729231	1.5031	2.62764	3.09645	2.83396	2.88034	2.37583	1.42361	2.7084	4.37475	4.46058	3.90854	4.24856	4.4011	4.55197	5.30015	3.68649	1.72912	2.22441	2.62764	2.12524	2.93714	1.82251	5.28459	8.18829	0.515644	8.44283	5.93949	2.43093	2.45127	2.18675	6.59708	11.3705	28.8337	36.4242	22.251	7.62073	2.93714	5.54837	5.32187	5.64539	7.13852	10.7101	11.5829	7.22207	4.15409	1.46956	0.929549	2.37571	0.546936	0.911534	3.01504	5.17465	3.50255	1.06299	2.36882	6.86846	6.43913	4.4752	5.54837	7.61416	7.44159	10.9946	20.0681	16.8413	10.4656																																																																																			30.8654	50.0181	40.3161	29.8	16.0999	6.78002	8.085	3.01504	12.4947	9.89445	9.63281	25.3309	23.2063	4.02905	16.416	28.6592	28.7375	18.1874	15.0941	9.81051	8.37578	7.34296	8.51348													
3.99162	4.49319	2.6083	1.45809	4.65901	7.97778	9.12445	8.33469	8.33469	9.06788	7.93909	5.85028	3.5863	2.57637	2.47795	1.72891	2.43071	3.22692	2.7865	3.10153	3.38713	3.49763	3.62753	3.50223	5.12307	5.65911	2.8337	5.12	3.8912	2.37561	2.37554	1.65034	1.06289	1.28888	2.47798	3.51633	2.39638	0.364597	3.18054	5.19975	6.03769	6.0458	11.5805	14.76	10.3286	9.84828	4.4304	8.9266	10.2298	5.45265	3.11215	1.96271	1.79483	0.576458	2.00449	4.74295	9.54321	8.28959	2.60832	2.13276	4.1258	3.38696	0.576458	1.79483	2.93687	2.84522	0.981607	1.55723	2.45118	3.46428	4.34013	1.31433	0.729165	1.50297	3.00387	3.03134	2.8337	2.88008	2.37561	1.9371	3.64566	4.37436	4.32507	3.99179	4.29451	4.26368	3.57704	4.83229	3.22692	2.01276	2.47805	2.62741	2.12505	1.50293	1.31433	3.49745	7.93872	2.57632	7.46492	6.65552	3.34769	4.24795	1.63015	4.23259	8.87796	26.1217	36.7323	27.204	12.7185	5.45237	7.04342	7.28202	6.51692	7.21948	8.89039	9.46404	6.73592	2.94252	0.981644	0.929466	1.87619	1.97106	1.68023	4.49316	6.10481	2.43077	1.28886	4.32496	7.0827	4.22076	4.7185	5.05196	7.36188	8.68499	11.9593	19.3871	15.4187	9.9659																																																																																					42.5201	26.7066	9.26407	11.9015	4.81536	8.5068	10.5734	4.15371	14.7437	28.2543	16.2224	11.8248	21.0978	30.8917	30.8918	19.6399	13.7384	8.34439	8.17983															
4.6299	3.60413	2.06133	0.515542	1.54629	0.515542	2.06133	2.06133	1.031	3.60413	3.09033	2.06133	2.57604	2.57604	3.09033	2.06133	2.06133	3.09033	2.06133	0.515542	0.515542	0.515542	2.06133	3.60413	4.6299	7.17996	1.54629	3.60413	2.57604	1.031	1.54629	1.031	0	0	2.06133	3.60413	1.54629	1.031	2.57604	1.54629	0	1.54629	12.6779	16.0633	9.70176	9.70176	6.6719	3.09033	7.17996	2.57604	0.515542	0.515542	2.57604	0.515542	3.09033	3.60413	9.70176	8.1926	2.57604	2.06133	4.6299	3.60413	1.031	2.06133	2.57604	2.57604	0.515542	0	0.515542	3.09033	5.14171	1.54629	0.515542	1.54629	2.06133	0.515542	0	0.515542	1.031	3.60413	3.60413	2.06133	2.06133	1.54629	1.031	0	1.031	4.11734	2.57604	1.54629	1.54629	0.515542	1.031	0.515542	1.031	2.57604	7.68688	4.11734	6.6719	6.6719	3.60413	5.14171	0	0.515542	1.031	21.5995	35.0633	27.9634	14.625	6.6719	7.68688	7.68688	4.6299	2.57604	5.6527	7.68688	6.16279	2.06133	0	1.54629	1.54629	3.09033	2.06133	5.14171	6.16279	0.515542	1.031	5.14171	6.16279	2.06133	4.6299	4.6299	7.17996	9.20011	12.1862	18.8771	14.625	9.70176																																																																																					30.7051	15.586	12.6779	14.1412	0.515542	11.1975	9.20011	1.031	16.0633	27.5597	8.1926	15.586	22.9241	31.0848	30.3225	14.625	1.031	3.60413	6.16279															
4.20031	4.6046	3.28222	1.28863	1.55686	0.729021	1.85807	2.65196	3.64049	5.69001	6.90693	6.6569	5.32042	4.49977	5.20497	4.9459	4.36589	3.85623	2.47749	1.15257	1.15257	1.32669	2.60778	4.11698	4.65785	7.3339	3.68098	5.3451	6.65449	6.85725	6.94225	6.74943	6.06894	4.91259	4.66159	4.92251	3.68556	3.59021	4.72822	5.95733	6.67167	6.54323	13.2006	16.2768	9.85778	8.48047	6.04701	1.46914	7.10888	6.54318	5.27091	3.59021	3.58545	0.364525	2.96433	2.37507	9.25859	11.791	10.4859	9.90988	10.5987	9.59525	7.70347	7.15244	6.97966	7.07233	6.96802	7.1797	7.08158	6.90693	6.19684	3.92005	4.5181	4.84174	2.3329	0.546778	0.929301	0.576344	2.2533	4.49966	4.6046	3.68104	3.00328	1.67994	0.576344	0.576363	1.38784	4.3241	3.64039	3.17992	3.82628	3.34718	2.22377	1.55692	1.65003	2.36805	6.93015	3.71225	7.005	6.01447	3.53437	4.26261	2.20128	4.49249	7.18423	21.3663	35.1327	28.0683	13.7932	7.13618	8.9767	8.41177	4.96238	3.8262	6.1437	7.62054	5.6435	1.82199	0.364525	2.06115	1.45781	3.58545	1.46911	5.56154	6.84502	1.97077	2.03695	4.89557	5.79254	2.33278	4.65785	5.09309	7.58853	9.36858	12.0327	17.831	14.3258	10.388																																																																																					29.1944	29.2237	26.6578	21.2758	11.4696	14.1068	9.03931	1.85807	17.1816	27.2793	5.78121	20.3706	25.4113	31.5746	30.3	13.2334	2.5759	3.75216	7.12944															
2.73166	4.81388	3.89	1.64989	1.32653	0.728955	1.1525	2.33269	3.64016	5.09289	6.59728	7.80709	6.1751	4.25855	4.94546	5.2045	5.98945	4.56102	2.70726	2.12434	2.12434	1.46902	3.34177	5.14079	4.65743	7.5857	6.17499	4.75906	6.44459	6.82807	6.89455	6.74883	6.33207	5.12183	4.5612	4.4589	3.68523	3.53423	4.38069	5.9568	6.67107	6.46232	12.0928	15.5883	8.92925	5.76938	4.77261	2.85023	5.00166	6.77767	5.30769	5.09275	5.05052	0.364492	2.70723	2.37486	6.25155	10.7139	10.7184	9.90901	10.8344	10.0622	7.70278	7.04176	6.89452	7.1722	7.04176	7.17907	7.10847	6.59728	5.04097	3.9197	5.00166	4.77287	4.06831	2.22345	1.72841	0.576292	3.90689	4.94531	4.81388	3.8388	2.62665	1.46905	0.576292	0.929198	1.38772	3.68065	3.64007	2.98647	3.68525	3.50134	2.36793	1.67979	1.64989	1.67975	5.40243	2.30408	6.54237	4.32369	3.28186	2.47724	3.10054	5.995	7.70694	19.0138	34.7872	27.6686	11.4241	7.37745	10.4009	8.18531	4.00707	4.21955	5.91518	6.89423	4.39924	1.31395	0.814968	3.08978	1.03087	4.06826	0.407522	6.32144	7.83586	1.93664	2.1935	4.15252	5.02767	2.8444	4.65743	5.84831	8.0839	9.36775	11.5419	15.7034	13.6	11.6219																																																																																							32.4075	24.7801	11.5124	12.6527	6.39371	6.74849	19.025	26.4616	0.911143	27.2261	26.1717	30.1309	28.603	9.03843	3.297	3.51545																
1.6295	3.25623	4.64633	1.38752	0.751297	1.67961	3.53385	4.068	3.74706	3.73383	3.3858	4.33842	4.39884	4.80326	5.2323	5.59592	7.8207	6.89128	5.24481	4.99122	4.57867	3.34649	3.50085	4.50237	4.32323	7.56997	7.8887	5.12128	3.34652	1.56724	1.56716	1.72822	2.8267	4.47323	4.96156	5.2323	5.12128	5.39606	7.09166	9.14373	10.7453	11.9606	13.6611	14.4536	7.64462	4.28113	4.32323	4.71664	1.67963	4.03946	4.69238	7.09146	7.18257	3.10021	1.67961	4.74112	3.32167	2.07679	5.31938	6.14275	8.94651	9.42165	9.32438	9.45234	7.75229	6.33912	4.29282	2.87894	2.68866	3.17929	3.13214	3.97361	3.14263	2.58813	4.64633	2.33232	2.13191	0.911068	5.01404	4.7721	3.47711	2.42975	1.80343	1.90186	1.32643	0.57623	1.06242	1.97028	2.70697	0.929117	0.576248	1.67957	1.9018	1.28833	1.28833	0.407461	4.06783	1.71867	5.05321	2.36758	3.75145	7.75229	14.4456	17.5306	17.3027	23.3913	34.163	24.9515	9.768	8.20019	10.0227	6.74776	2.28206	3.53367	5.02713	5.65688	3.58933	1.45752	2.06085	4.5606	2.58827	4.54977	3.41978	7.29474	8.82683	1.62943	2.70706	3.50085	5.12105	4.63575	4.99112	6.25062	8.53189	8.97313	9.46199	12.9387	15.1526	15.7438																																																																																							28.0436	32.5048	33.5749	31.5715	29.2649	28.7867	29.3802	28.2786	27.3508	34.9819	24.6595	22.2774	24.3411	12.0763	4.91162	4.7721																
3.91878	1.45739	6.39214	0.929014	0.407442	3.98969	3.97326	4.25771	3.74672	3.75114	3.38549	0.981167	2.70684	4.69196	5.34357	5.46498	7.62702	7.25851	5.38026	5.29725	4.91106	3.57531	2.42959	2.193	3.1789	6.20813	6.71342	5.51577	3.92731	2.37439	2.5879	2.6883	2.60714	4.24612	4.8944	5.34357	5.12082	5.49199	7.78904	9.75933	11.1147	12.0013	12.0376	11.2048	5.8136	3.4626	4.0877	4.47263	1.79404	3.22036	4.63551	7.48317	7.60355	6.25006	2.82637	4.14788	5.46483	3.01331	4.47282	6.06721	8.65328	8.91701	9.46672	9.53241	7.7516	5.95563	4.39857	3.22545	2.58803	3.28135	3.13186	4.3985	2.68842	5.65638	3.41933	0.814807	1.90163	1.10821	5.77956	5.02668	2.193	1.64956	1.80327	1.79404	1.1666	0.576178	1.06233	0.751229	2.47678	1.72807	0.576197	1.46871	2.13172	1.28821	1.28821	0.910962	2.65112	2.03636	3.78598	0.981167	3.97326	9.80329	17.655	17.8718	17.2503	23.85	29.9523	18.695	8.82974	8.90046	8.09434	5.74261	2.52967	3.28121	4.77167	4.63526	3.34111	1.45739	2.91289	4.3684	2.58803	3.57531	4.0391	7.77626	9.816	4.65652	2.47688	2.42959	5.60986	5.97184	4.18737	5.77109	8.77671	8.23087	5.92778	8.19366	14.7462	20.3844																																																																																											29.2486	31.7166	34.7081	22.9509	28.6647	30.9728	17.9983	9.38989	17.6348	14.1029	9.07389																	
4.72635	1.10813	5.57128	5.01341	5.09143	6.91131	6.25756	3.49562	0.910928	0.515301	1.16643	1.28807	1.46856	1.27516	3.82484	5.41928	7.10622	7.25115	6.25756	6.8807	7.51511	6.31215	3.89327	2.22293	2.57489	4.24164	3.60245	3.13142	3.47649	2.58766	2.83192	2.77886	2.36725	4.54546	6.41993	7.94885	8.32996	8.13381	8.94138	9.12089	7.88743	5.6329	6.5753	7.44758	1.46856	3.25579	5.45241	5.63279	3.75078	2.93527	1.54557	5.59479	7.99118	8.47743	6.9043	6.14165	5.6415	3.47649	1.46862	2.70645	4.01826	6.26535	4.72644	4.32262	5.20623	4.83992	4.18699	2.73087	2.19292	1.90151	1.6793	1.42267	6.00144	8.33941	3.75078	1.6793	2.06037	1.09304	5.60644	5.67622	4.14751	2.77302	1.93609	1.71836	1.5021	1.46858	0.576126	0.751181	1.7938	1.56688	0.751181	1.10811	2.20036	1.38727	0.981042	1.50206	0.814734	2.47666	7.83801	9.36387	10.8969	12.9939	15.8812	8.94116	5.81309	20.3634	26.7931	14.603	9.12075	8.69313	6.50297	5.28112	3.53309	3.85909	5.00006	4.25718	1.22205	7.69424	11.5759	10.0626	7.39547	5.11712	4.79877	9.28263	10.4147	4.89373	0.257656	1.64939	5.76773	5.44925	2.3319	4.6455	8.77594	8.0395	4.24559	4.89391	13.0781	23.8864																																																																																											3.34592	20.0034	33.9183	30.7479	18.8971	9.41626	3.39966	10.1113	19.6063	15.7758	11.3409																	
3.35542	2.1313	2.52929	5.05203	5.28078	6.16217	6.65121	4.55934	1.90125	0.515245	1.42251	0.772842	1.22187	3.83718	3.82443	5.70161	6.91051	6.71941	6.14094	6.48999	7.64264	7.12611	4.63452	2.36699	2.57461	3.25529	2.57456	3.13108	4.24505	2.58739	2.3174	2.03589	2.6066	5.37921	6.54008	7.75008	8.32908	8.25902	8.94043	9.59222	8.51647	6.41403	10.4456	8.95803	1.96971	3.25544	5.62929	5.63219	4.10311	4.06671	4.62725	3.53278	8.20579	7.46218	6.43442	6.04442	3.7504	0.182176	1.42259	5.0126	3.45243	6.26468	4.37896	4.08706	5.01287	5.46391	5.86006	2.55528	2.22269	1.71818	2.19261	1.93577	10.1101	7.10554	3.58847	3.0509	3.08856	0.814681	3.97236	4.72933	4.73976	3.29574	1.96981	1.67915	1.82115	1.67908	0.576064	1.32601	1.10799	0.576064	0.656834	0.910806	2.20012	1.87491	0.75108	1.09293	0.814646	4.89325	10.397	10.0155	11.4325	16.794	16.1074	8.94021	6.79647	24.963	30.3303	13.9472	8.52963	6.97377	5.34235	5.03877	4.19828	3.85867	4.77079	3.79833	5.14198	11.7627	11.8162	10.0616	8.37917	6.91051	7.48808	12.2433	10.1728	2.25221	0.772842	3.01272	5.52339	3.93478	1.8211	3.41865	8.52947	8.284	3.28065	4.24528	12.4192	26.7906																																																																																														31.8953	25.2027	3.71045	7.98213	20.0034	21.9217	13.5864																		
2.05996	2.57433	1.54526	1.03031	2.05996	2.57433	4.11461	4.62683	2.57433	0.515199	1.54526	0.515199	1.03031	5.13831	2.57433	3.60174	5.13831	4.11461	2.57433	1.54526	4.11461	5.13831	3.60174	1.54526	2.05996	2.57433	2.05996	3.08828	4.62683	2.57433	2.05996	1.54526	2.57433	4.11461	2.05996	0.515199	1.54526	2.57433	4.62683	6.6675	6.15872	4.62683	12.1783	9.69543	3.60174	2.05996	4.11461	4.11461	2.57433	4.11461	6.15872	0.515199	7.17523	5.13831	2.05996	0	1.54526	1.54526	0	6.15872	3.60174	3.60174	0.515199	0.515199	0.515199	3.60174	6.15872	1.54526	0.515199	1.03031	2.05996	3.60174	11.6851	3.60174	2.05996	3.60174	3.60174	0	2.57433	2.57433	3.60174	2.57433	0.515199	0	1.54526	1.54526	1.03031	1.54526	0.515199	0	0	0.515199	2.05996	2.05996	0.515199	0.515199	1.54526	6.15872	10.1953	5.13831	6.15872	17.4701	15.5762	7.68183	6.15872	27.1375	31.8179	12.1783	6.15872	4.62683	4.11461	4.62683	4.11461	3.08828	4.11461	3.08828	7.68183	12.6697	4.62683	3.08828	5.64897	6.6675	8.69133	13.6467	9.69543	0.515199	1.03031	3.60174	5.13831	3.08828	1.54526	2.57433	8.18722	8.18722	1.54526	1.03031	10.6935	27.9476																																																																																														16.0531	27.5441	9.19409	10.1953	24.2091	18.8654	0																		
2.13092	2.60607	0.928683	0.928664	1.2877	2.60605	3.74958	5.2952	4.60163	3.86665	4.06611	3.93427	4.39692	4.93587	3.14111	3.82368	6.35917	6.26356	6.33618	6.08642	6.79537	7.74022	8.33724	8.89033	8.96944	7.88531	6.74738	5.69778	4.72847	4.01707	4.24445	3.49933	3.83656	4.54398	3.17778	3.28014	3.8538	4.95917	7.06983	8.19061	7.83569	7.42822	10.8717	7.44546	3.32006	0.910618	4.30976	4.63355	3.49922	4.54398	6.64982	2.00277	7.19268	4.01707	5.54338	5.78902	6.20605	7.28725	6.7111	5.99156	3.05035	3.00128	5.81159	6.39006	4.77013	5.69778	9.37307	9.70988	8.57358	6.7377	4.63374	5.31683	12.7565	4.94242	2.93443	4.54398	4.15412	1.42226	2.91747	3.83656	4.10228	3.47556	1.90097	0.910642	1.67876	1.42226	1.31319	1.46813	0.257581	0.257581	1.46818	2.94009	3.92584	3.57396	2.58706	2.0759	4.72848	8.35056	5.74046	8.44296	17.4769	24.2959	23.4374	21.2297	22.1333	29.4716	29.5085	11.5137	7.10641	6.05664	4.54765	4.48933	4.79739	4.24437	4.6336	3.67854	8.03722	12.7881	4.82814	2.96241	4.88896	7.56427	10.4118	13.0163	9.0314	2.00277	3.05045	4.01707	4.55479	2.84277	1.54512	2.33123	7.1474	8.12527	6.28967	4.02535	15.5382	27.7489																																																																																														12.8148	26.0616	19.6934	9.71475	19.6302	20.43	6.16107																		
1.90071	2.00257	1.72724	0.575925	0.257554	2.36623	2.39412	4.54723	4.75577	3.86631	3.93392	4.06573	4.47073	3.34462	3.14079	2.87734	5.81088	5.74016	6.16852	6.36897	6.6494	7	7.98039	8.82426	8.86059	7.68509	6.60035	5.27939	3.41787	4.84804	4.72802	3.34466	4.4558	4.32079	2.84845	3.3397	3.97139	5.45032	7.8349	7.80182	7.8349	8.15823	7.25051	2.87714	2.13079	1.42211	4.3093	5.11813	3.92534	4.32079	6.88958	3.51294	7.19192	2.77196	5.39914	5.88934	6.2055	7.21496	7.05093	4.18553	1.67866	3.63762	6.48065	6.73708	5.22938	5.30418	8.32686	9.75492	8.8315	8.17215	4.40028	6.37894	14.6875	7.46642	2.64995	5.22914	4.63306	4.24384	2.28089	4.4558	3.88738	3.67817	2.36629	2.03531	1.93522	1.16597	1.82058	1.22152	0.257554	0.772619	2.93968	3.64216	3.92546	3.34462	2.58683	2.07572	7.39013	8.74153	3.74474	12.5642	19.9762	24.4443	23.7206	22.2305	22.4817	25.3454	22.0595	8.81103	7.56569	6.47287	3.57363	3.5735	5.52182	4.89188	4.21671	3.47521	8.28166	12.7868	4.37002	2.0354	3.35428	9.32548	13.0541	11.1089	7.53557	3.51294	3.47527	3.29483	3.10904	2.33098	1.54496	1.82058	4.72441	5.99918	6.2055	8.23682	23.5945	25.9617																																																																																															18.6208	21.5758	12.5444	9.52241	20.4281	10.875		1.32563	0.980706															
1.54482	1.03002	2.57359	0	1.03002	2.05937	0.515051	2.57359	3.0874	0.515051	0.515051	1.54482	1.54482	0	2.57359	0.515051	3.6007	2.05937	1.54482	3.0874	3.6007	2.05937	1.03002	0	0.515051	0.515051	0.515051	0.515051	0	4.62551	3.6007	0.515051	4.11343	3.6007	0.515051	1.03002	2.05937	4.11343	6.6656	5.64735	6.15697	6.6656	4.11343	0.515051	0	2.57359	4.11343	5.13684	3.6007	3.6007	6.6656	4.11343	7.17319	3.0874	1.03002	1.54482	1.54482	0.515051	3.0874	1.03002	0	4.62551	4.11343	3.0874	3.0874	2.05937	0	2.05937	3.0874	6.6656	0	6.15697	15.5719	8.68887	1.03002	5.13684	4.62551	5.64735	0	4.11343	3.0874	3.0874	2.05937	2.57359	2.05937	1.03002	2.05937	1.03002	0.515051	1.03002	3.6007	3.0874	2.05937	1.03002	0.515051	0.515051	8.1849	7.17319	8.1849	14.1283	15.5719	17.9329	16.5233	12.6662	8.68887	15.0929	15.0929	6.15697	7.17319	5.64735	1.03002	2.57359	5.64735	4.62551	3.0874	2.57359	8.1849	12.6662	3.6007	0.515051	2.57359	10.1924	14.1283	9.69269	6.6656	4.11343	2.57359	1.54482	2.05937	2.05937	1.54482	1.54482	3.0874	2.57359	0.515051	10.1924	27.1309	24.2029																																																																																															8.1849	16.0487	15.0929	3.6007	18.8604	12.6662		1.54482	0.515051															
3.49827	2.53463	3.45554	2.33068	2.30209	2.91095	2.03503	3.09255	4.00361	2.31644	1.56606	1.64844	1.90036	1.62827	3.65501	2.77739	4.63227	3.11385	3.53119	5.51212	6.47181	5.76751	5.48835	5.02362	4.51381	4.75497	5.44642	6.28529	7.44374	8.12515	6.65062	5.90206	7.73178	8.19439	8.06743	7.83165	7.70039	8.29606	9.56779	8.89666	8.15677	7.6559	6.52691	5.88819	6.28529	6.33437	6.6162	6.70658	6.01167	6.41106	7.12272	5.46122	7.21097	4.00361	2.93925	3.49832	3.82265	3.60972	4.91784	3.3538	1.93497	3.38307	3.57284	1.82936	3.23868	6.08468	5.39808	6.13814	7.85017	10.6098	9.60799	10.6604	17.3837	15.6748	12.3032	9.92148	8.41944	7.656	4.14914	5.0657	3.85688	3.85688	3.09255	3.31911	2.7293	3.35385	6.29567	7.39126	4.63241	2.37281	3.49817	3.41706	2.96151	2.55407	3.08728	4.65368	6.77169	4.39553	12.7751	21.0655	24.2913	24.7745	21.8537	18.3686	16.6581	19.1097	16.5741	9.69547	9.38565	7.25377	4.28959	3.39781	4.28937	4.48801	4.12106	2.37277	9.77378	12.3796	1.28735	7.85628	12.8178	14.671	13.3247	7.39092	5.92389	5.29362	3.38307	1.87403	2.3658	2.13031	1.55538	2.13031	6.29543	10.8325	17.155	25.2455	29.2768	20.5997																																																																																															6.4867	14.5356	19.1864	18.6834	18.3095	10.0105		0.980478	0.980514															
4.18422	2.5344	3.27883	2.44137	2.30188	2.91069	2.13019	2.60515	3.81791	2.5344	1.56592	1.28726	2.13011	2.18384	4.06445	2.84764	5.06525	2.96136	3.65928	5.11698	6.47124	5.767	5.48786	5.13937	4.49882	4.79581	5.5413	6.4385	7.58108	7.52961	6.24564	5.98947	7.39714	7.92936	8.0587	7.80614	7.69971	8.17788	9.39846	8.89587	7.24871	6.70598	7.27986	6.26388	6.2951	6.16676	6.33376	6.19043	6.34912	6.72782	5.65231	6.59819	6.49868	3.81791	3.0493	3.3437	3.68175	3.6094	5.08794	4.3764	1.96872	0.928313	2.07509	2.25096	5.9427	6.00852	5.44593	6.06266	7.58108	9.60212	9.92705	10.3946	14.6428	15.4265	12.6854	9.31664	8.06663	6.70609	5.27776	5.51146	3.85653	3.85653	3.27881	3.53074	2.55386	4.37643	6.93503	7.8987	7.12209	3.6816	3.01104	3.65913	4.75429	4.08462	3.25362	5.28712	3.58186	4.80932	15.5483	25.6278	26.7508	23.8034	20.0357	17.5132	17.1858	17.6698	13.7775	9.15181	8.56271	6.33376	4.24292	2.96141	1.55524	3.99081	6.16117	1.87387	12.7251	11.4107	4.18412	12.685	14.5021	13.0619	8.99634	2.7351	4.02371	6.72764	4.90723	2.37255	2.60507	1.90019	1.32527	2.84752	10.1547	15.5048	20.8274	27.3518																																																																																																						4.45467	2.83004																	
4.00282	3.41653	3.64076	2.47472	1.96007	2.5729	1.82902	1.64814	2.7348	2.93867	3.35319	3.35319	2.30164	1.02972	3.39704	2.37234	3.3824	2.37236	2.37234	1.64812	3.34318	2.73482	2.39315	2.05878	1.15128	1.96007	2.64891	3.35314	3.64074	3.21742	4.17984	5.46032	6.56806	7.48351	7.93467	8.68687	9.55947	9.44006	8.82067	6.89423	4.42084	4.42077	6.32514	4.27706	3.09735	4.02341	5.2927	6.01049	6.88715	7.07335	5.46032	7.97706	8.29635	7.85482	7.33257	7.18961	7.18961	7.32594	8.56943	9.71012	8.03375	5.3635	3.12916	3.17616	7.30783	6.0833	8.99553	10.085	9.02755	7.32359	5.54044	3.31845	8.50138	10.4557	8.62924	9.82281	10.4393	7.81359	7.60141	6.92241	5.23984	5.76633	5.4603	5.68351	6.09424	7.29034	7.29919	6.89423	9.38194	4.75388	4.4246	5.87582	7.63743	6.4375	3.39704	2.03457	5.4482	12.039	20.5941	30.3025	28.8717	23.4436	19.6337	16.8322	14.7291	14.2666	12.4914	9.75765	6.83037	3.01084	1.93459	4.43577	7.24356	9.08588	5.87582	4.73662	13.558	5.73769	11.3254	14.8078	10.2673	4.03563	1.32517	1.10725	3.47381	7.92815	6.33288	3.09194	2.42744	1.55507	0.980284	5.96672	18.3759	24.0255	21.8417	17.2153																																																																																																						1.72663	2.25071																	
3.17596	3.51142	4.19516	2.60463	1.81982	2.57267	2.00161	1.64799	2.07469	2.72859	3.35289	3.35289	2.30143	1.02963	2.36516	3.68087	0.92813	2.37215	2.00987	2.07463	2.42722	2.42728	3.9859	3.08623	1.85577	1.81982	2.44088	3.10769	4.66978	6.53734	6.47735	6.08287	6.31456	7.3518	7.96646	8.74508	9.61854	9.16412	7.77136	5.73742	3.91521	3.63589	6.08269	5.16679	3.09707	4.27678	5.62798	6.34787	7.06352	7.24498	5.20176	7.07272	7.37157	7.67928	7.33191	7.18897	7.18897	7.3518	8.22354	9.52345	9.10616	6.88653	3.44983	1.89987	6.5473	12.2738	10.2667	10.1282	9.11155	11.4991	9.02629	2.91578	6.72414	10.6409	8.03303	9.99544	10.2172	8.33251	8.73745	7.32283	4.88974	5.76581	5.59013	5.36302	6.03989	6.93367	7.14582	7.60923	11.2503	4.17947	4.03534	5.72883	9.18992	9.6644	6.00707	2.47442	10.4727	14.1633	24.1892	32.7822	29.9696	23.3132	18.6845	15.641	13.0676	13.9186	12.9439	9.3354	6.38642	3.49727	2.39298	6.16542	7.79419	9.19022	6.18922	12.6616	10.1888	4.73606	13.8269	12.4265	8.18596	3.41622	2.47442	1.79226	5.26413	9.16891	6.80804	2.60463	1.64799	1.32501	0.750514	10.2539	25.5982	27.4891																																																																																																																										
1.02954	1.5441	3.59903	1.5441	0	2.05841	1.5441	1.02954	0.51481	0	0.51481	0.51481	2.05841	2.05841	1.02954	4.11152	0.51481	1.5441	1.02954	2.05841	1.5441	1.02954	4.62335	3.59903	2.05841	0	0.51481	1.02954	4.62335	8.18113	7.16987	4.11152	0	0.51481	1.02954	1.5441	2.57239	1.5441	1.5441	1.5441	1.02954	2.05841	5.64473	5.13445	0.51481	2.57239	4.11152	4.62335	5.13445	5.13445	1.02954	4.11152	1.5441	1.02954	1.5441	0.51481	0.51481	1.02954	1.02954	3.08596	6.15411	6.15411	2.05841	0	6.15411	15.0861	7.16987	2.05841	2.05841	12.6604	10.6857	4.62335	2.05841	8.18113	1.02954	3.08596	0	4.62335	7.6761	6.15411	1.5441	3.08596	3.08596	1.5441	1.02954	2.57239	4.11152	6.15411	11.6766	2.57239	0	3.08596	9.18727	11.182	7.16987	4.11152	12.6604	13.1496	23.7631	31.4252	25.8831	14.122	4.62335	3.08596	4.11152	9.68825	8.68487	0.51481	3.08596	3.59903	2.05841	6.15411	4.11152	4.11152	7.6761	16.516	6.15411	9.68825	13.1496	8.18113	5.13445	0.51481	3.59903	2.05841	6.15411	9.68825	6.66252	1.02954	0.51481	1.02954	0.51481	12.1694	27.9297	25.4649																																																																																																																										
0.772106	1.28673	3.49652	3.17533	2.44718	3.17533	3.51073	3.58506	3.43001	2.72805	1.93404	1.81947	2.99897	3.79483	3.27761	3.74669	2.03402	3.00998	2.31532	2.60404	2.47391	2.55285	3.74667	2.42674	4.08318	5.80713	7.28168	8.56892	9.52324	9.91014	7.82971	5.26633	4.79733	7.07151	7.8279	6.70596	5.76473	4.95543	5.03421	5.43775	5.78739	6.08175	7.778	7.24357	5.88535	7.89562	9.07623	7.33043	2.72798	4.88877	8.93936	10.1512	8.49353	8.21607	9.45097	10.6881	10.2648	9.06396	7.81137	5.53912	2.44705	7.38546	9.50318	9.43744	10.6923	9.37414	9.45602	13.9339	10.4636	6.83527	10.9664	13.198	12.2936	14.9747	12.956	11.0182	9.21808	9.44914	10.8623	11.2848	9.28719	8.89076	10.3846	9.91676	4.95873	4.93207	8.67123	10.3906	15.0217	9.7696	10.2152	11.6073	15.0089	18.1303	18.9727	21.1526	29.8272	34.5803	37.0008	34.8275	25.3447	15.229	9.20056	8.08549	7.21451	7.13286	6.99503	3.51073	1.28675	5.22585	6.80699	7.4291	3.63971	2.84057	4.65475	15.5106	15.5612	12.8888	11.5255	6.15875	4.95528	4.03454	3.63971	1.15091	6.03838	9.56296	6.66181	0.727973	1.96794	3.09098	9.56324	21.5048	29.0847	22.8259																																																																																																																										
0.257359	0.772078	2.42658	3.31726	2.47381	2.84626	3.41524	3.52916	3.58013	2.93756	2.03386	1.8193	2.62288	3.58013	3.21638	2.39229	2.95986	2.82882	3.09611	3.33698	4.25612	3.52903	1.82833	1.64751	4.22531	6.08121	7.69599	8.80476	9.21546	8.468	6.36658	4.905	6.00823	7.62634	7.8024	6.70536	5.48522	4.88836	5.12409	5.62647	5.92077	6.00562	7.60071	7.07071	6.26087	8.64271	9.19456	6.66157	4.88816	6.34349	9.35837	9.79968	8.43197	8.1839	9.55761	10.6871	10.5561	9.28637	7.85192	5.85976	5.0074	6.80878	9.45519	9.43661	10.3116	4.24072	13.0543	13.8799	12.1727	5.84836	9.44165	12.8554	12.2316	14.3278	13.5001	10.8149	9.46362	9.86429	9.87723	11.0357	10.0259	8.63355	10.1863	11.7509	8.71653	7.10034	11.5842	9.70653	15.2079	9.76874	10.4354	11.4594	13.915	16.7807	18.5221	22.2055	33.9598	36.7336	35.4578	29.1252	18.4012	13.0968	9.79137	7.82512	6.65177	2.62288	3.35188	6.15564	3.98888	4.7935	6.99466	6.13459	2.84626	0.363968	3.3172	10.4035	15.8682	11.0913	6.90344	2.07401	3.39586	4.08282	2.70349	1.15081	5.78375	9.3117	6.66121	0.727907	2.91494	6.84653	19.2031	25.566	25.044																																																																																																																											
1.62719	1.22048	0.545894	2.1211	0.750249	0.927799	1.27358	1.10673	1.80077	1.06091	1.46681	1.42098	0.656058	0.514662	0.909799	0.909799	1.85507	3.63462	5.9036	6.61184	7.60643	6.68037	5.51744	5.96416	5.85364	5.29024	4.93119	4.18184	4.57219	5.2747	4.45203	3.57047	5.22473	4.93779	1.4209	3.60733	5.98605	6.63405	7.44533	8.65503	8.61601	7.32256	7.65097	6.38391	2.53295	3.81573	8.33716	10.5432	10.2736	8.52012	5.80595	4.55427	5.00722	5.51744	5.12364	4.14244	5.49059	5.73527	6.03491	7.46047	10.8254	11.1822	10.3476	9.93911	12.0533	13.1135	11.598	1.15071	7.60625	11.5018	13.6897	14.1199	12.4149	8.88919	4.18184	2.9147	9.60005	17.8204	19.8387	15.8781	12.4721	9.16072	8.36992	12.9786	16.3543	13.9883	16.4589	19.2798	31.2157	36.7266	37.3466	38.0097	40.6326	42.8529	42.8743	40.8498	38.0255	29.5564	19.7218	13.3522	8.02398	6.42697	4.9544	6.41204	7.34905	6.28373	3.78115	7.16113	7.41904	6.40437	6.96848	8.19498	8.91621	7.42578	9.03029	6.16311	5.64312	3.17466	1.28647	0.257336	0.75023	0.979826	0.656058	1.8991	5.16485	9.1464	8.86186	5.41268	3.17478	13.1518	25.9753	22.95	15.7006																																																																																																																											
2.18235	2.4732	0.406856	2.12087	0.65602	0.927699	1.10663	1.79139	2.31453	0.257322	1.67704	2.00064	1.93338	0.514607	1.10663	1.10663	1.85487	4.41831	6.20466	6.91854	7.60562	6.67966	5.52869	5.96352	6.11472	6.36528	5.33887	3.85396	4.27471	5.87237	5.56382	3.57009	4.53918	5.3937	5.26159	5.26483	6.24141	6.68218	7.72591	9.19278	8.52513	7.38344	7.20568	5.68026	3.85391	4.19314	8.48162	10.5421	8.76472	6.93964	5.63399	4.65359	5.19925	5.52869	4.79255	4.14199	5.19604	5.35739	5.94713	7.21246	9.08074	10.8609	10.3158	9.96362	11.6727	11.2734	5.28353	1.15058	4.01283	8.09318	12.7756	14.2345	12.71	9.03836	4.18139	7.124	14.6621	18.3933	21.7507	18.7796	12.9772	10.2618	8.81759	11.3374	15.7024	13.0036	16.9761	25.6192	31.9135	36.7077	37.3331	38.0434	40.7778	42.8015	42.9512	40.4845	34.1888	24.877	17.1099	11.7966	7.49008	2.58432	3.27664	6.53204	7.32178	6.28306	4.75121	5.66863	6.29074	6.49454	6.63335	8.3189	8.7409	7.52886	9.02933	9.912	1.54349	4.88717	0.771884	0.771884	0.979721	0.75015	0.18195	1.27345	3.45763	7.08074	8.86092	5.4121	4.00054	20.7652	28.4865	19.012	11.4799																																																																																																																											
2.05741	3.08446	0	2.05741	0	0.51456	0.51456	2.05741	2.57114	0.51456	1.54335	2.05741	2.57114	1.02904	1.02904	1.02904	3.08446	3.59729	4.10953	4.62112	5.13197	3.59729	0.51456	2.57114	3.59729	5.64201	4.62112	2.05741	2.05741	5.13197	5.64201	3.08446	3.59729	5.13197	7.16643	5.64201	2.57114	1.54335	3.59729	5.13197	1.02904	2.05741	3.59729	2.05741	5.13197	6.15115	5.13197	1.54335	0	3.08446	3.59729	2.05741	2.05741	0.51456	0	0.51456	2.57114	1.02904	0.51456	3.08446	2.05741	2.57114	1.02904	1.02904	1.54335	0.51456	1.54335	1.02904	1.02904	1.02904	0	3.08446	4.10953	5.64201	5.64201	9.18289	16.0343	9.18289	14.1154	15.5578	7.67242	6.65932	4.10953	1.02904	7.67242	1.54335	13.1434	25.0332	16.5084	1.54335	2.57114	3.59729	8.17721	1.54335	6.65932	2.05741	1.02904	4.10953	4.10953	1.54335	3.08446	2.57114	4.10953	2.05741	0.51456	2.57114	4.10953	3.59729	2.57114	2.57114	0.51456	2.57114	0.51456	2.05741	6.15115	11.1767	0.51456	5.64201	0.51456	1.02904	1.02904	0.51456	0.51456	0.51456	1.54335	4.10953	6.65932	1.02904	4.62112	24.1825	28.7158	15.0792	8.68073																																																																																																																											
4.8865	5.48895	1.5539	2.03303	1.96702	2.58386	2.68408	3.09493	3.22015	0.655902	1.10644	3.638	4.73307	4.64927	5.44126	5.73368	6.24808	5.41106	4.36137	4.38756	4.93633	3.35049	0.979545	2.68396	2.82761	4.76405	5.80147	4.80528	3.81893	5.78442	5.91826	3.09486	3.37986	4.98258	6.89361	5.96225	3.83186	3.57878	5.195	6.13204	2.0331	6.4329	7.67626	6.98513	9.48354	8.78314	6.20355	2.77475	2.07333	3.85322	3.22015	3.39448	4.91318	4.90328	4.08128	2.8394	3.70528	3.50909	2.47285	3.35054	3.86187	7.5725	9.9459	10.8923	10.3263	8.21228	6.98513	6.3387	5.44425	4.25475	3.2356	4.36521	6.64434	9.02249	9.89124	12.2039	18.2862	19.7253	16.9596	10.5397	7.06807	11.4099	13.7285	14.7311	19.8972	23.7658	25.5478	26.7309	13.7281	2.47278	7.1707	12.1863	18.4885	20.1095	16.715	10.94	7.09793	6.02497	7.44975	10.0776	9.84304	7.27832	6.11363	4.65275	3.92941	4.39136	5.08344	3.72728	1.79107	3.17387	4.28552	3.96686	3.495	4.48395	7.67605	11.1786	3.83186	3.39448	3.4903	2.43926	2.64692	2.77475	2.98106	4.22373	5.59817	4.66681	5.18862	1.38515	7.84246	26.284	27.821	14.0035	8.27434																																																																																																																											
4.79123	7.6626	4.28484	1.46622	2.24886	2.58362	2.87374	3.49454	3.67805	1.55374	1.46619	4.66622	5.45257	4.64885	5.39249	5.73317	6.13173	4.79467	3.27575	3.44707	4.43174	2.83894	1.71547	2.68368	1.28597	2.60266	5.1312	5.6208	5.06039	6.7789	6.4244	3.09452	2.87358	4.48328	5.91767	5.50617	3.6737	3.4281	6.52993	7.88058	4.42066	8.75469	7.94008	6.84371	10.1063	7.78836	5.04118	2.93619	2.19689	3.85283	2.00834	5.03113	6.64106	4.90284	4.80483	2.83914	3.25053	3.88268	3.27566	2.93047	5.09275	8.18595	9.94503	11.0122	10.3682	8.81522	7.0492	6.65842	5.69024	4.33087	3.41364	3.853	5.98381	8.39549	9.89032	10.9934	14.671	18.8777	14.8647	4.02001	5.38337	10.7265	13.7273	15.2016	19.7366	24.0578	24.573	21.4832	8.1762	9.62403	8.36667	13.0499	17.9938	20.1273	16.625	12.236	9.5662	5.58591	7.44908	10.1207	9.712	7.27767	5.43473	4.55254	4.06071	5.90392	6.84324	3.98281	0.655843	3.39426	4.33087	3.52751	3.92062	4.30423	8.56374	9.80276	6.92816	2.95845	4.09692	2.32826	2.93052	2.84493	2.95859	5.10881	5.90417	4.08091	2.19677	1.87205	13.1339	28.8343	24.8107	11.1661	7.27718																																																																																																																										6.65849	
4.88557	7.72276	5.19707	0.927349	1.38488	0.92733	1.67637	3.74416	3.88637	2.19657	2.19657	4.25369	4.49383	1.71532	2.12793	3.5084	4.77353	4.58083	4.90231	4.99165	4.17588	1.38488	2.87335	2.78005	0.771634	0.749886	3.44675	5.05341	5.68943	7.6808	6.80223	3.34988	2.9969	3.58251	4.08028	4.7321	4.59151	3.31536	6.58382	7.58992	9.21185	9.76785	6.93704	5.03088	5.04041	2.62125	0.727489	2.18153	2.6464	4.19156	3.02438	5.22221	5.9171	0.575152	3.47062	3.83118	2.78011	2.75024	4.23456	8.43101	10.6499	7.72303	5.0827	4.99165	5.4402	8.58198	8.6509	7.33	6.36048	5.28155	3.65082	0.181881	1.87197	3.13661	4.36416	4.82123	3.61921	5.12117	9.78753	13.8424	15.6052	15.7492	15.6626	15.958	15.5398	14.2975	12.7792	13.3461	19.0874	20.5556	13.9578	10.514	6.99294	5.19414	7.96962	10.6453	11.4471	6.92776	5.93658	4.4204	4.48307	4.91222	1.81826	1.02874	1.16442	5.80299	7.73731	3.9117	2.47237	3.13661	1.64655	0.575133	2.47226	1.15015	8.461	8.81029	6.81411	4.42025	1.63649	3.31536	6.07502	6.23388	6.95352	10.8959	13.3461	15.4742	16.9921	14.2764	16.736	28.9396	20.0958	9.31331	6.91104																																																																																																																										3.67786	
4.76289	5.7233	3.98212	0.927266	0.927246	1.38475	1.46592	5.01716	4.39376	2.19637	2.19637	3.48912	4.23784	2.98005	3.31501	3.88193	5.09179	4.7903	4.90188	4.70749	3.02411	1.38475	3.81777	2.36988	1.28576	1.32375	4.38631	5.05296	5.92488	7.92003	6.32634	2.92992	2.99663	2.36287	1.89801	3.44655	4.5911	5.45449	6.09032	4.48267	9.90441	8.16063	6.50149	6.18337	1.31126	3.63235	1.62618	1.62625	2.92996	4.39011	3.08879	3.67294	4.39376	1.87171	2.77396	4.08009	4.27263	2.1889	5.13022	9.70015	10.0936	7.06623	5.04346	4.70749	5.67479	7.95898	9.71487	7.8733	6.47144	6.51889	5.85568	2.4452	2.3699	2.3699	1.79974	3.49389	3.33492	4.76289	8.30928	12.8218	15.4535	15.8687	15.6039	16.3392	15.8695	15.8355	13.907	12.7055	20.795	18.912	13.4197	9.05724	6.00166	5.0402	6.93647	10.6443	11.6469	7.28283	5.19684	4.31481	4.30339	5.82504	3.34958	0	0.406649	5.04319	7.73663	2.99663	2.60216	2.3699	2.07266	1.56404	2.21879	1.15005	8.96088	9.79768	4.03131	2.55093	2.93551	6.35969	6.91534	6.23332	7.28067	12.8745	14.7555	15.5154	17.0183	15.9668	14.2747	26.7791	14.9976	9.56255	7.41681																																																																																																																										4.27272	6.8135
1.06026	3.33936	3.81737	0.749722	1.46583	1.64624	1.46574	6.16934	5.03943	2.03224	2.03221	4.05932	5.28039	4.5511	4.56906	4.35971	5.43904	4.59068	3.72608	2.87295	2.07252	2.9352	3.84741	2.82081	2.12754	2.12745	4.88101	5.15495	5.73115	7.04673	5.52524	2.70126	3.677	5.10735	6.82988	7.4209	6.98251	6.16165	2.5246	5.59606	7.62675	2.47181	3.65455	4.88438	1.71498	3.98167	1.96615	0.81317	2.99633	3.6184	2.18869	3.08842	4.27219	3.27472	1.99951	2.27728	3.65012	5.94384	8.84529	9.0172	5.08179	4.95117	3.21396	3.50776	4.73125	2.52475	6.77697	4.8203	4.17904	6.43031	7.62675	6.71717	5.9602	4.36355	2.77371	3.39329	2.77959	0.927152	2.18859	1.31105	2.29893	4.41573	5.19314	9.0172	11.3683	16.5106	20.3423	17.9398	11.5162	2.03221	5.62211	4.25315	3.73927	2.32759	1.95775	7.02602	9.58823	5.69128	1.96628	1.49919	1.14998	5.19292	4.65077	1.64626	0.771441	4.98062	6.79369	1.95775	0.81317	1.09095	1.31105	1.85387	3.28981	2.55066	9.80475	10.0606	2.87276	1.10601	3.86015	7.23496	5.27104	2.00777	3.49347	11.1742	11.1672	4.89792	1.87163	11.1967	9.82418	24.0868	11.7204	10.4846	8.97608																																																																																																																										3.8518	2.42467
1.28553	2.42444	4.79257	2.97946	1.41988	1.28553	2.21835	7.18042	5.53362	1.46565	1.7902	5.53362	6.18991	4.35926	4.56862	4.91078	5.80989	4.5902	3.77824	2.87265	2.73142	3.17221	2.74945	2.70114	1.96607	2.84369	5.39009	6.16879	5.73063	5.7788	5.27053	3.98131	5.1099	7.62808	7.54955	7.42011	6.84104	4.50736	4.03051	7.06468	5.39032	2.03205	4.38917	4.14301	0.97907	3.72548	1.71483	2.32722	3.91058	2.95732	2.74945	3.2744	4.27179	3.08811	1.41988	2.52437	2.43808	7.31462	8.5795	8.02179	5.01644	5.44152	3.2745	3.88117	4.73078	3.82997	6.77636	3.4932	3.85141	5.8239	6.5276	6.58959	6.4626	5.62154	2.84381	3.08818	4.27179	0.927063	2.44472	1.81764	1.45433	2.99612	4.54717	7.45478	9.84965	14.4679	19.1293	18.178	10.0853	4.53613	5.98131	4.23723	4.1392	2.64564	0.813131	4.54697	8.41489	6.54241	2.91243	1.09085	1.14986	4.7168	4.88396	2.42444	2.313	5.48025	5.01618	1.49905	0.813096	0.813131	0.363655	1.85368	3.28948	4.07914	11.0473	9.81037	3.37822	1.2726	2.32722	6.23179	5.02923	2.36941	3.98545	12.1595	13.8379	5.46544	4.95384	12.1799	11.0644	22.1296	10.0597	10.4836	10.1414	6.55971																																																																																																																										
1.02835	1.54232	5.12858	4.10681	0	0.514219	2.56944	7.66739	5.63829	0.514219	1.54232	6.14709	6.14709	3.08242	3.5949	4.10681	4.61807	2.05605	1.02835	1.02835	2.56944	3.08242	1.54232	1.02835	1.02835	3.08242	5.63829	6.65493	5.63829	5.12858	5.12858	4.61807	5.63829	8.17185	4.61807	0.514219	0.514219	1.54232	7.16172	6.14709	0.514219	3.5949	4.61807	3.5949	0.514219	3.5949	1.54232	3.08242	4.10681	2.05605	2.56944	2.56944	3.5949	2.05605	0.514219	2.56944	2.56944	6.14709	4.10681	4.10681	1.02835	4.10681	1.02835	2.56944	3.08242	4.10681	6.65493	2.05605	2.05605	4.10681	3.5949	3.08242	4.10681	5.12858	1.02835	0.514219	4.61807	1.54232	2.56944	2.05605	0.514219	0.514219	0.514219	2.56944	0.514219	0.514219	2.05605	7.16172	11.1694	7.66739	4.61807	0	2.56944	2.05605	0.514219	3.08242	7.16172	6.14709	3.08242	0.514219	1.02835	4.10681	4.61807	2.56944	3.08242	5.63829	4.10681	1.02835	1.54232	0	1.02835	2.05605	2.05605	4.61807	11.6635	9.67733	3.5949	1.02835	1.54232	5.63829	4.61807	2.05605	4.10681	12.6464	15.0696	4.61807	6.65493	12.6464	11.6635	21.103	8.67505	9.67733	10.1763	7.16172																																																																																																																										
1.02826	1.54219	5.12813	4.10644	0	0.514172	2.56921	7.66671	5.63778	0.514172	1.54219	6.14655	6.14655	3.08214	3.59458	4.10644	4.61765	2.05586	1.02826	1.02826	2.56921	3.08214	1.54219	1.02826	1.02826	3.08214	5.63778	6.65434	5.63778	5.12813	5.12813	4.61765	5.63778	8.17113	4.61765	0.514172	0.514172	1.54219	7.16109	6.14655	0.514172	3.59458	4.61765	3.59458	0.514172	3.59458	1.54219	3.08214	4.10644	2.05586	2.56921	2.56921	3.59458	2.05586	0.514172	2.56921	2.56921	6.14655	4.10644	4.10644	1.02826	4.10644	1.02826	2.56921	3.08214	4.10644	6.65434	2.05586	2.05586	4.10644	3.59458	3.08214	4.10644	5.12813	1.02826	0.514172	4.61765	1.54219	2.56921	2.05586	0.514172	0.514172	0.514172	2.56921	0.514172	0.514172	2.05586	7.16109	11.1685	7.66671	4.61765	0	2.56921	2.05586	0.514172	3.08214	7.16109	6.14655	3.08214	0.514172	1.02826	4.10644	4.61765	2.56921	3.08214	5.63778	4.10644	1.02826	1.54219	0	1.02826	2.05586	2.05586	4.61765	11.6625	9.67648	3.59458	1.02826	1.54219	5.63778	4.61765	2.05586	4.10644	12.6453	15.0683	4.61765	6.65434	12.6453	11.6625	21.1012	8.67428	9.67648	10.1754	7.16109																																																																																																																										
1.10558	2.29806	5.03753	3.63059	0.727071	0.978825	2.77248	7.0234	5.72905	2.6009	2.47085	7.0234	7.12412	4.89604	5.61995	5.61995	5.64309	3.21777	2.53027	2.87182	4.36185	5.45202	5.19117	4.38437	3.39197	4.38791	6.16703	5.76586	5.1941	5.59365	5.59655	5.18464	6.55781	7.45237	3.39187	4.14202	5.25689	6.87688	8.48106	5.68911	1.56336	4.07795	4.4288	3.44478	2.11896	4.31259	2.77851	2.77845	3.60333	2.07163	2.58173	3.09247	3.67558	1.56328	0.574803	2.07163	2.21771	5.43681	4.31256	4.41773	1.31062	3.23294	1.87089	3.45435	2.60084	4.25125	6.0847	2.54968	2.72461	4.35803	5.90019	6.76032	6.9331	7.4461	5.59388	3.61714	5.11804	2.47087	1.46521	3.49231	4.11421	3.46871	2.97877	2.5497	0.406469	0.771191	2.36873	7.28796	10.6967	8.36088	6.69756	4.17752	3.31346	2.54322	1.02821	3.46852	7.0349	6.02015	3.33807	0.655396	1.46523	3.37726	4.17731	3.17648	3.88415	5.62851	3.77697	1.38408	2.07165	1.87089	2.60092	3.31346	3.74218	6.5257	11.8631	9.34741	3.61702	1.10558	1.6254	5.79968	4.97875	3.4922	5.86682	12.644	14.2411	4.88254	5.79976	12.9447	8.79261	18.9501	10.4702	10.8953	12.4988	10.3059																																																																																																																										
0.908754	3.24789	4.54526	2.61951	1.62525	0.908754	3.02223	5.53155	4.83841	3.87963	4.25087	8.51595	8.07455	5.46339	5.97907	5.2842	5.25938	2.87156	2.53004	2.87156	3.98414	5.11778	5.3883	4.83852	4.17312	6.62617	7.17774	3.97982	3.97984	5.83281	6.08685	6.1928	8.31959	5.94068	1.71426	4.6628	5.43959	7.37576	7.06211	3.6754	1.56322	4.82819	3.92585	2.56875	2.11877	4.53448	2.77826	1.72385	2.5815	2.07144	2.5815	4.11362	3.67525	0.574751	0.574751	1.0597	1.46505	3.92585	4.07761	4.18874	1.817	1.46505	1.87073	3.45404	1.46512	4.50543	4.82819	2.36156	2.54947	3.27326	5.33046	7.02302	7.08951	6.98835	6.42741	5.10487	5.35467	3.65284	1.89692	3.492	4.11384	3.5248	2.95631	1.93147	1.46505	1.28502	2.00681	7.0435	9.02873	7.51656	6.69697	4.70824	2.77237	2.21014	1.45378	4.23542	6.781	5.76534	3.84983	0.90873	1.32303	1.87064	3.17619	4.17694	5.40622	5.37898	3.02223	1.87064	2.52995	2.36854	2.52354	3.17112	3.4684	6.91133	10.9389	7.92165	2.95621	0.908754	1.62525	6.05198	5.47819	4.81805	6.93234	11.7031	12.315	5.13032	3.39166	11.4068	3.27324	14.082	10.6782	9.55073	12.4977	11.7046	6.88317	4.48727																																																																																																																								
2.47053	4.05711	3.90876	1.78936	1.79854	0.257018	2.68141	4.54847	4.24667	4.38341	5.04962	9.69348	9.3406	5.6275	5.2183	3.49158	4.53407	4.21972	6.15042	6.83787	6.02749	4.88185	4.17666	4.07724	4.13711	7.53934	7.1996	3.57982	3.85801	9.23598	10.7817	8.14548	5.72798	5.58116	5.68829	3.74149	2.36135	3.82812	1.93119	1.55248	2.43695	5.04962	3.41057	0.908625	1.02802	3.42499	1.41915	0.926631	3.49158	3.67056	3.64811	4.24667	2.56847	0.726941	0.812751	1.71411	1.72369	3.00559	3.52431	3.34731	2.77199	2.36837	3.65267	3.87936	2.77212	5.12676	5.44799	5.03687	5.53132	5.38787	4.64486	5.79881	6.33513	5.82126	6.33771	7.08888	8.3327	9.76086	9.46469	7.61633	4.72868	1.81689	1.14928	2.44371	3.96309	3.97965	3.98378	6.1263	6.40382	5.26811	5.2836	3.81524	0.655279	0.978613	1.46492	4.64462	6.55665	5.3785	4.31179	2.00663	0.908672	1.81679	3.44416	4.71461	5.72798	5.43584	4.13716	4.76995	5.45104	5.11733	5.00105	6.08393	7.52044	8.31917	8.72531	6.64271	2.92798	2.8367	4.41708	6.81151	5.32977	4.28124	5.77896	10.063	11.8952	7.7671	4.14127	5.10753	7.91725	8.70335	6.01916	9.43599	13.554	14.5841	11.6704	10.2287																																																																																																																								
2.44345	3.64768	2.99433	1.10525	1.28474	0.770928	1.72345	3.84485	4.71411	4.38294	4.13672	10.1777	11.5679	7.37402	5.45029	3.09166	5.21774	5.79817	6.27534	6.80865	6.52397	5.97518	4.9774	5.26755	5.15154	7.28586	6.19159	4.32648	5.38701	14.3435	12.5966	6.91021	1.85258	4.94791	5.91233	3.23218	1.8966	3.08628	0.655176	2.38882	2.64412	4.13672	2.6995	0.406335	1.45349	1.95645	1.16342	2.368	4.8171	3.82782	3.34708	2.92766	0.51397	1.62493	1.95645	1.67499	1.56291	2.52945	3.27246	2.83625	4.02821	3.45336	3.74111	3.50538	2.84218	4.35302	4.83757	4.93138	5.43554	5.3873	4.86459	5.62706	6.15753	5.98609	5.99967	6.36524	7.51964	9.50233	10.1625	8.45602	6.16546	3.347	3.12335	2.95568	3.84498	3.89588	3.98335	4.18796	3.85759	4.0768	5.75577	4.78983	0.74924	0.749221	1.21884	4.64412	6.30344	4.63355	4.0768	2.36805	1.10527	3.34695	4.38294	4.24622	4.72794	5.93952	5.99409	5.80658	5.58056	5.02657	5.03959	6.02956	7.92042	7.35683	5.61544	6.15474	3.347	3.34708	4.80022	5.99962	3.82778	2.52292	3.81483	7.76823	11.0199	8.31816	5.26768	4.14461	8.89355	5.92057	3.99561	8.47127	12.8829	14.5826	12.2524	11.1476	8.66377	6.07236																																																																																																																						
3.59304	2.81865	1.38356	0.574586	0.97842	1.14906	0.363413	3.10196	4.86395	4.31094	3.49089	9.46252	13.0774	11.4954	10.4182	8.62983	8.92141	8.89808	7.44129	7.0602	6.92123	6.70233	5.97736	6.63417	6.32098	7.61456	6.46571	5.7184	7.15096	15.7305	9.18562	5.61494	7.94594	7.27663	7.15119	6.55568	4.89768	3.04318	1.21878	2.8706	1.93081	2.56797	2.32567	0.726798	2.03068	1.28463	1.38356	3.17528	4.89742	2.8706	2.42283	2.54874	2.5681	4.23436	4.44576	3.34683	2.95547	3.84886	4.71725	4.41247	5.30421	4.38634	3.70104	4.05644	4.87761	6.55568	7.11495	6.67097	6.55571	6.08274	5.92004	6.35696	6.04229	4.92415	4.89754	4.23436	3.4674	4.23436	6.89301	9.28442	11.342	11.1299	10.3498	8.6705	3.7364	0.181709	1.645	2.95536	4.00752	3.26722	4.36754	5.22662	3.78861	7.59791	10.2486	10.0615	9.32717	7.49525	6.06929	4.21889	2.87074	3.8445	4.72752	3.57912	3.74061	6.80769	7.37557	5.11613	2.93298	1.38356	1.05939	1.21873	3.08065	1.21873	2.07085	5.18269	3.49084	2.77144	3.23172	4.48957	3.61567	3.74075	3.8786	6.63658	8.63502	4.87735	4.71725	9.21529	9.44747	2.58076	7.58279	2.07093	7.11464	11.1534	9.06857	8.90325	8.31729	7.28524																																																																																																																						
3.59272	2.59971	0.574553	0.574535	0.749087	1.14895	1.30994	2.64357	4.86351	4.07608	3.09111	6.80958	10.8441	10.866	10.5438	9.23021	9.23013	8.74503	7.44063	7.08701	6.48544	5.93045	5.61735	6.42489	5.89455	7.38152	6.69193	5.93032	7.37279	13.8356	5.15063	7.8391	8.4847	7.40794	7.05035	6.8169	5.50013	2.84167	1.63479	3.37568	2.69899	1.5413	2.83574	0.726732	2.77119	1.79803	1.86994	3.175	4.38959	3.37568	3.33654	2.72334	2.76537	4.71683	4.31069	3.42417	2.97738	4.17549	4.89377	4.41207	4.71681	4.18722	4.35224	4.24561	5.03543	6.30265	7.19565	6.67038	6.58475	6.24046	6.01764	7.05251	7.32226	4.53644	4.8971	4.09225	3.48599	4.09225	5.37723	8.40901	10.9353	11.5704	10.5662	10.4278	7.10269	2.44288	1.64486	3.61534	4.83659	2.43625	1.81627	5.22615	9.09407	10.4232	10.3214	9.54246	8.55445	7.15056	5.52974	3.97854	2.87048	2.74738	4.7271	3.3316	2.97722	8.06554	8.35693	4.41567	2.24624	0.926365	1.0593	1.4645	2.05468	1.4645	2.07066	4.17537	3.98246	3.02109	3.48581	5.25417	5.7519	4.18725	3.50476	7.08899	6.95768	1.30994	3.48599	7.63944	11.7375	5.64035	7.16166	6.39695	4.53278	10.9191	9.29701	8.90246	9.50025	8.01758	5.22615																																																																																																																					
0	2.05446	1.02756	0.513822	0.513822	1.02756	2.05446	2.05446	4.61452	3.59214	2.05446	4.10366	7.15626	6.14239	5.63397	5.12465	6.14239	5.12465	2.05446	1.02756	1.02756	2.56746	3.59214	5.12465	4.61452	6.64985	6.14239	5.12465	6.64985	12.6369	3.08004	8.16564	6.64985	4.10366	2.56746	3.08004	3.59214	2.05446	1.54114	3.59214	3.08004	1.02756	3.08004	1.02756	3.08004	2.05446	2.05446	3.08004	4.10366	3.59214	3.59214	2.05446	1.54114	3.59214	2.05446	1.02756	0.513822	3.08004	3.59214	2.56746	3.08004	3.08004	3.59214	2.05446	2.05446	0	2.56746	0.513822	1.02756	2.05446	2.56746	5.63397	7.15626	3.08004	3.59214	2.05446	0.513822	2.05446	0.513822	0	3.59214	6.14239	5.12465	8.66846	8.66846	3.59214	1.02756	3.59214	4.61452	0	0.513822	5.12465	11.6548	10.1686	2.05446	0.513822	3.08004	2.56746	0.513822	0.513822	1.02756	1.54114	4.61452	3.08004	2.56746	8.66846	8.66846	3.59214	1.54114	0.513822	1.02756	1.54114	1.54114	1.54114	2.05446	3.59214	4.10366	3.08004	3.59214	5.63397	6.64985	3.08004	1.02756	6.64985	5.63397	0.513822	1.02756	3.59214	11.6548	9.67001	5.63397	8.66846	2.56746	10.1686	8.66846	8.16564	9.67001	8.16564	5.63397																																																																																																																					
0.57444	2.07028	1.64451	0.926201	1.2843	1.2843	1.41846	1.30969	4.13517	4.71243	4.09145	5.3027	7.49292	7.40641	8.48883	10.0176	12.1679	13.1738	13.1353	13.2749	12.8904	11.9254	11.0816	10.1821	9.05926	9.21277	7.94369	6.33209	6.29341	10.4285	4.54646	9.18318	8.77058	8.89556	9.75141	11.5858	12.1667	11.4378	9.65647	8.0403	6.04067	4.07542	4.35515	3.1693	2.46924	2.07025	1.93026	3.21039	3.84763	3.48512	3.73954	2.58002	3.13273	5.63936	4.64611	4.05528	3.85635	4.41121	4.00637	3.28632	3.52266	3.38963	3.57352	2.12523	2.03009	1.14876	2.95457	3.60114	4.27939	4.8795	4.54635	5.99185	7.35377	4.0145	3.98167	2.27491	0.908232	2.36021	1.81601	1.41853	3.52266	6.16311	7.79452	11.5571	10.9788	6.52145	3.62828	3.82627	5.37893	2.77667	4.47757	6.15521	9.92981	8.94542	3.73968	3.72215	5.32737	6.01646	5.12764	2.72885	3.21564	5.91012	6.04067	4.74358	5.12437	8.61035	7.26762	3.17437	2.03012	1.08981	1.30969	1.67427	1.41846	1.41846	1.7885	3.57352	5.03744	5.11466	6.15258	7.4151	7.33628	4.36643	3.08525	4.38873	5.3303	3.27139	0.812358	5.18754	11.883	8.69903	4.64594	8.50567	7.12883	7.6124	6.5832	10.082	12.4049	10.5234	6.41594																																																																																																																					
0.926099	1.64437	2.07009	0.926118	1.64437	1.05904	0.18164	0.363277	2.56709	4.36604	4.23277	5.50731	6.42306	6.28011	7.59295	9.38851	11.5415	12.8701	13.1013	13.2599	12.8893	11.793	10.8515	9.59788	8.73533	8.45213	7.13035	5.50741	4.56389	5.90931	4.38482	8.36622	9.60252	10.8062	9.75055	11.4382	12.1657	11.6961	10.978	9.54451	6.69257	4.74316	4.18606	3.99373	1.21833	2.07007	1.67412	3.46591	3.33556	3.23051	3.99364	3.60062	4.94871	6.88328	4.54605	4.24439	3.85601	3.90667	3.28606	3.28603	3.31091	3.16895	3.10079	1.89566	1.78834	1.85171	2.44231	3.60081	4.23284	5.3023	6.01573	5.99132	7.11199	4.94871	4.47695	2.52174	1.10475	1.89572	1.81585	1.46415	2.54778	4.38108	6.95367	12.3475	11.8124	7.61818	6.18353	4.07488	6.90196	5.15554	4.81503	5.3023	6.2384	6.2384	3.61442	3.77433	4.87911	5.91783	5.55459	6.71174	7.2135	6.0831	5.10484	4.58898	5.79269	7.0573	4.2979	2.19366	2.24559	1.49749	1.81575	1.93009	1.16288	1.16288	1.10473	3.10079	6.80515	8.25997	7.30698	7.22928	6.34175	4.05487	3.02038	0.574388	3.56412	4.35476	2.92625	7.61804	11.6434	6.48329	2.38775	5.91783	6.90701	3.02038	3.21027	9.19116	14.3424	14.073	7.92859																																																																																																																					
1.28405	1.28403	2.19342	0.926019	1.55137	0.513702	0.908053	1.46397	1.30949	2.92599	3.27066	5.21476	5.18652	2.9091	2.86933	3.1739	4.41408	5.84808	6.52031	6.78573	6.97617	6.65318	5.68444	4.02611	4.35053	5.83679	5.62385	4.87854	6.24574	5.72434	4.87841	5.97435	8.35368	9.83811	3.97678	1.16281	4.41034	6.15402	9.00245	9.02189	5.84786	4.30886	2.93156	3.57281	1.45266	1.67394	1.67394	3.99321	3.97678	3.52196	3.97678	4.70098	5.74965	5.51845	2.06985	1.72252	2.86935	2.67971	2.42171	2.42166	2.21581	2.44192	2.27446	1.89552	2.72831	3.08451	1.78814	1.72252	1.71294	3.84265	6.15389	5.928	7.48289	7.22629	6.90613	6.31815	5.65574	5.14887	5.03671	4.89532	5.63844	7.47667	8.69962	13.7266	14.4045	12.7857	12.4389	9.81426	10.7715	7.81358	10.0426	13.1702	13.7802	13.6287	12.1568	8.35409	4.23224	3.61392	3.45139	6.77582	8.44152	5.43531	2.7701	3.87665	4.35798	4.67656	3.01991	2.38745	3.08989	2.95399	2.74634	1.82464	0.977947	1.72246	2.06993	3.45139	7.06791	7.76375	7.10452	7.40496	6.5326	5.10105	4.13452	3.9604	2.36671	4.62028	3.97676	8.17904	10.3628	5.81726	4.35816	4.48765	4.1027	3.34516	2.81721	5.37486	13.7507	16.4394	9.17083																																																																																																																					
1.05883	1.28392	2.19322	0.925936	1.32185	0.513656	1.10453	1.32189	1.30938	2.5408	3.0843	5.44669	5.66646	2.38728	2.67947	3.0897	4.02575	5.43195	6.43968	6.77558	6.97555	6.69142	5.68394	4.13809	4.35014	6.66693	5.79437	4.75603	7.59129	5.14842	7.90881	5.47351	7.37139	9.59558	6.17439	2.9313	3.62734	6.33029	9.91591	9.73355	6.31734	5.02304	3.1683	3.10018	2.29587	0.907925	1.92971	4.75583	5.18919	3.31026	3.27032	5.43469	5.50616	3.22987	3.08954	2.36648	2.8691	2.57941	2.19331	1.64406	1.46379	2.18569	1.55123	1.71279	3.08961	4.82405	3.01963	2.00508	1.67388	3.6136	5.44669	4.90473	6.5121	7.22564	6.59868	6.15096	5.65523	5.14842	5.07499	4.89488	5.77481	8.00807	8.66939	13.0291	13.5992	13.1968	13.0574	10.9787	12.8768	6.55441	11.3975	13.0707	13.9374	13.6275	12.7133	10.9558	9.59558	5.74913	2.77588	2.95362	5.83627	7.19198	7.05582	4.98392	3.08961	3.67209	3.77339	3.04135	3.48889	3.10555	2.35957	1.16271	0.748724	2.67935	2.72805	3.45108	5.59127	3.81231	5.63781	7.58494	6.69852	5.50633	4.13415	3.52178	4.01335	5.63764	3.72088	7.17163	8.4103	4.90477	4.35777	4.5018	4.22813	2.83452	1.8245	4.63049	12.7878	18.0703																																																																																																																						
0	1.02708	2.05351	0.513583	1.02708	0	1.02708	0.513583	0.513583	1.54042	2.05351	5.12227	5.63136	1.02708	0.513583	0	0	0	0.513583	0	1.02708	1.02708	1.54042	2.05351	3.07861	6.13955	4.10175	2.05351	6.64677	0.513583	9.16574	5.12227	6.64677	9.16574	7.15295	4.10175	0.513583	4.61238	9.66559	9.66559	6.13955	5.12227	3.07861	2.56626	2.56626	0.513583	2.05351	5.12227	5.63136	2.56626	2.56626	5.63136	5.12227	2.05351	3.59047	3.07861	0.513583	0	0.513583	0.513583	1.02708	2.05351	1.02708	1.02708	2.56626	5.63136	3.59047	1.54042	0	3.07861	4.61238	3.07861	4.10175	5.12227	3.59047	1.54042	1.02708	0.513583	1.02708	0.513583	2.05351	4.10175	0	8.66448	8.16188	8.16188	9.16574	8.16188	12.6312	1.02708	8.16188	1.02708	5.12227	4.61238	5.63136	10.164	12.1413	6.64677	1.02708	1.02708	3.07861	7.15295	9.16574	5.12227	1.54042	3.07861	4.10175	3.07861	3.07861	2.05351	0.513583	0.513583	0.513583	3.07861	2.56626	2.56626	4.61238	1.54042	2.56626	5.63136	4.61238	3.59047	0.513583	0	4.61238	6.13955	3.59047	6.64677	7.15295	2.56626	0	0.513583	1.54042	0.513583	0.513583	4.10175	12.1413	18.8104																																																																																																																						
0.977703	1.86875	3.16777	2.6973	2.0292	1.54033	1.67353	1.55098	1.30912	1.95476	1.95476	4.6437	6.01342	4.82334	5.00928	5.38269	5.38269	4.52988	4.1095	4.48637	4.6298	4.21565	3.90513	4.72412	7.09809	9.0107	7.44421	5.67995	6.27752	1.82414	8.44856	5.47848	7.61521	10.4208	11.6648	13.451	14.0975	13.4202	12.2637	10.3372	7.1025	4.97314	2.69718	1.4969	3.30967	2.57891	2.54676	4.57275	5.12809	2.67882	2.59784	5.52573	5.18504	2.90826	3.87554	3.98807	2.64185	1.08928	0.513527	0.405985	0.977666	1.89492	1.64374	1.10431	2.83381	5.75929	3.33425	1.27078	1.96325	3.84585	4.98294	3.34413	3.26965	4.29621	4.30777	6.16034	7.22442	7.17061	7.33302	7.19308	5.97295	4.20393	1.28366	7.80905	7.51505	8.51853	11.3582	13.5618	16.8253	10.5727	13.8237	12.633	15.4923	17.0702	18.3143	21.1518	22.6373	18.5596	14.2624	11.6729	9.38814	10.3629	10.7332	5.84065	3.38808	3.44565	3.48816	2.69715	2.69718	2.72149	1.89492	1.55098	2.18538	1.86866	2.35906	3.84168	6.33162	4.56216	3.61289	5.82666	4.47519	3.46462	2.83974	2.18526	6.75245	6.77402	3.99216	6.63634	7.16348	2.69718	1.16248	1.56157	1.28368	0.256769	0.256783	2.9752	10.6789	20.1451																																																																																																																						
1.4634	1.86858	2.83949	2.76919	1.92925	1.5402	1.55084	1.67338	1.309	2.43427	1.49676	3.10462	4.74087	4.78212	4.99579	5.43041	5.43041	4.87674	4.10914	4.50052	4.69942	4.52943	3.90478	4.7237	7.65678	9.00991	7.19685	5.50486	4.23073	2.81615	6.72538	4.36393	6.51774	8.48403	10.5584	13.1549	14.0963	13.0435	10.2814	8.31043	6.33104	3.48795	1.63353	1.49676	2.76919	3.131	2.35885	3.32904	4.10892	2.67858	2.35881	5.03133	4.70965	3.10462	3.26943	3.64426	3.64422	2.43427	0.513481	0.181552	0.748509	1.27066	1.64359	0.907711	3.34378	6.01276	2.82194	0.977615	2.24456	3.8455	4.75453	2.92489	1.55078	2.42075	3.7725	6.32607	7.22378	7.16997	7.30594	7.26386	5.97242	3.37326	3.17256	6.04509	5.44516	6.45283	9.41446	13.287	17.5569	10.5539	14.2768	12.9214	15.0995	16.9138	17.9799	20.6131	23.5153	20.0414	14.8424	12.6513	12.0184	15.5671	13.6589	5.84013	3.52072	2.69703	2.06909	1.92915	1.63353	2.54655	4.07292	3.26938	2.27371	0.925651	1.6734	3.46443	5.99401	6.4527	4.7819	6.07723	3.9794	2.3589	3.16749	6.52003	9.03092	5.7927	3.16749	6.14894	6.91505	2.46782	1.21774	1.56143	1.28357	0.256746	1.05848	0.748509	6.83992	21.67																																																																																																																						
4.29563	4.38232	3.58963	2.76894	1.79658	0.925587	0.770127	1.05839	0.654527	2.5463	2.59748	3.62598	5.72174	6.66469	6.64524	6.43728	5.92546	5.83978	4.48557	3.99156	4.67463	6.57173	8.1953	8.69378	6.85603	4.58268	2.3586	2.35869	3.34366	4.23035	4.13635	1.89458	3.67074	3.44978	2.82184	2.82184	2.97482	3.0779	2.76894	3.16711	3.16711	2.67846	2.67846	3.44978	2.44091	3.63039	2.77483	3.44978	3.73712	2.8159	2.24431	3.99135	3.87901	2.76881	1.95441	2.29508	4.74045	5.32688	4.07275	3.22883	2.52692	1.72166	1.72166	1.5507	3.08307	5.07284	3.26913	2.19249	2.72704	2.95256	3.20827	2.12382	1.21763	1.72172	2.72702	3.30902	2.43416	2.72107	3.08854	3.48764	3.77198	3.87485	4.38219	3.48282	3.44504	4.00376	2.56558	6.51698	12.1035	12.556	13.7329	8.46259	6.27664	6.95203	7.61408	10.4869	17.0849	20.6434	23.4252	26.162	29.4878	32.6499	28.1474	18.2672	12.6673	6.66459	2.6413	1.21757	0.907607	1.62324	4.82224	4.01185	3.0403	3.69753	3.24402	3.57129	5.14957	8.27286	7.02574	7.4426	4.85935	3.42124	4.75425	8.83192	9.50392	3.78502	1.85069	4.78145	5.97159	2.8159	1.14797	0.405913	1.71206	1.08909	1.81476	0.811784	5.3815	21.451																																																																																																																						
4.17155	4.45582	3.73246	2.69652	2.06874	1.72148	1.28327	1.05827	0.907509	1.78719	2.52015	3.90402	5.72113	6.66398	6.64453	6.3962	6.15064	6.10025	4.52859	3.9747	4.67413	6.41138	8.19443	8.58185	6.22146	2.05281	0.977422	2.74477	3.57091	3.6481	1.32125	1.27041	3.21307	2.77453	2.82153	2.82153	2.95235	3.07757	2.69652	1.32125	1.32125	2.57817	2.86769	3.44941	2.46743	3.8234	2.77453	3.44941	3.10401	2.59712	2.02855	2.72064	3.37243	3.01818	1.49647	2.29484	4.07229	5.32631	4.30656	3.40645	3.08814	3.67032	2.67805	1.67305	1.89437	2.8388	3.08281	2.06877	3.08812	2.02859	1.41737	1.89437	1.16215	1.56112	2.72673	3.51995	2.32334	2.69652	3.08821	4.17144	7.05244	5.9136	3.46367	0.405886	2.44065	4.72264	4.37793	5.03035	6.6664	13.2372	12.0048	8.03433	6.36826	6.61768	7.51111	9.76827	13.413	18.727	23.0978	25.7876	28.8521	34.7118	32.293	20.4251	15.918	11.1293	5.03035	0.544535	1.10398	1.62307	4.07212	3.13032	3.46367	3.69713	3.24368	3.78473	4.54297	8.69438	9.10122	9.93983	6.81719	4.05211	4.87576	7.70747	8.54223	3.34317	1.85049	3.01818	4.47392	3.50125	2.11582	0.181516	1.96259	1.49647	1.49651	3.34312	7.74694	20.1142																																																																																																																						
0.573927	1.5609	1.28318	1.56098	2.36515	2.77429	3.487	4.17118	4.47373	3.87845	2.82128	3.67015	5.57378	6.39563	5.88857	5.26133	3.01805	2.02835	2.67793	3.08794	3.50106	2.43368	0.544486	1.71181	4.00294	3.10377	2.51992	2.56511	1.49633	0.513334	0.748295	0.925405	2.21434	1.02659	0.1815	0.1815	0.1815	0.256686	1.10388	1.85033	1.96251	1.79623	2.38587	1.96241	1.72132	3.48695	3.64777	4.18284	4.44068	4.41117	3.81029	3.21288	2.95197	3.24325	2.35818	3.26856	3.11965	3.2835	2.38587	1.46298	1.62292	4.34765	5.84422	6.11839	5.67782	5.2613	5.27674	4.73962	4.58193	3.07729	2.18456	2.18451	1.96251	2.57794	3.67015	5.34725	6.52845	7.02467	7.28619	7.20827	8.17576	5.67756	1.41724	1.08887	2.32313	3.51964	3.406	6.43602	11.863	11.4745	7.65685	5.72057	4.72235	6.02216	6.86653	7.96725	6.11833	5.47066	4.78076	3.64777	5.27661	24.6334	29.9274	18.8382	15.427	11.4413	5.02018	3.77143	4.89209	5.27674	5.63455	3.44912	2.72648	1.72132	1.89421	3.10373	2.59697	7.44125	10.561	13.1508	10.5922	5.6547	3.64762	6.26474	7.28581	2.76827	1.53967	2.11563	3.20763	3.37212	2.42005	2.06858	2.54582	1.9957	1.2832	5.24865	9.2168	19.0688																																																																																																																						
0.573876	1.56076	0.769948	1.56084	2.36493	2.36498	3.33288	4.1076	4.47333	4.1393	3.00142	3.37199	5.67732	6.39506	5.932	5.3711	4.35101	1.5502	2.57771	3.17151	3.40584	2.43346	1.96224	2.74424	4.00258	2.95177	2.59674	2.11554	0.811586	0.513288	0.405814	0.925322	1.46282	1.02649	0.405796	0.405796	0.405796	0.256663	1.7868	2.56484	1.92853	1.79606	3.03933	0.748228	3.66966	2.82103	3.482	4.35103	4.90153	4.30579	3.66984	2.8672	2.02823	3.24296	3.38641	2.95182	3.11937	2.56488	2.18429	0.977247	0.725899	3.07702	5.42837	6.17063	5.91277	5.34678	5.27627	4.75295	4.22533	3.2431	2.27285	2.02823	2.24372	2.6777	3.37199	5.00696	6.6165	7.03323	7.27669	6.76395	5.61965	3.50062	1.16188	1.08878	2.64062	2.02825	1.32101	8.65245	13.1137	10.6819	8.60998	6.87282	4.60999	6.38742	6.91281	8.64505	6.23331	5.47017	5.11003	4.22914	4.53128	20.0039	30.4784	25.7162	18.0112	8.96732	2.54557	4.18251	4.89165	5.74837	6.87742	3.80986	2.06837	0.925322	3.08219	3.73605	2.5197	5.42824	9.00654	13.1496	12.4879	8.04054	5.37084	6.5176	6.52752	3.01764	2.56479	2.11544	2.44008	2.86705	1.64297	2.19186	2.12329	1.82329	1.64295	6.5176	10.2079	18.6084																																																																																																																						
0.513233	1.53937	0.513233	0.513233	1.53937	0	0.513233	0	1.02638	2.05211	1.53937	1.53937	2.56452	0.513233	1.02638	1.53937	5.1188	3.07652	0	1.02638	1.02638	1.53937	3.07652	3.07652	3.07652	1.53937	1.02638	0	1.02638	0.513233	0.513233	0.513233	1.02638	1.02638	0.513233	0.513233	0.513233	0	2.05211	2.56452	0	0	3.07652	0	4.60925	1.02638	0	3.07652	3.58803	1.53937	0.513233	0	0.513233	3.07652	3.58803	0.513233	1.02638	1.02638	1.53937	0	1.53937	1.53937	0	1.53937	2.56452	2.05211	2.05211	0.513233	0.513233	1.53937	1.02638	1.02638	1.53937	1.02638	0	1.53937	1.53937	0.513233	0	0.513233	2.05211	2.05211	1.02638	1.53937	2.05211	0.513233	2.56452	9.1596	8.65867	1.02638	5.62755	5.62755	0.513233	3.07652	1.53937	6.64229	3.07652	1.02638	2.56452	3.07652	2.56452	16.4681	29.8257	28.6535	19.2572	7.65286	0.513233	2.56452	1.02638	3.58803	6.64229	3.07652	0.513233	0	3.58803	3.58803	0.513233	2.56452	5.62755	11.1486	12.1332	8.65867	6.1354	6.64229	6.1354	3.07652	3.07652	2.05211	2.05211	2.56452	0.513233	1.02638	0.513233	1.02638	1.53937	7.14813	10.6537	18.3373																																																																																																																						
1.32075	0.925121	1.10356	1.14745	1.81388	1.30825	0.65421	0.405716	1.32071	1.41683	1.54995	2.95119	3.08165	1.86751	2.12287	2.6401	5.45405	5.49279	5.37309	5.90342	6.07674	3.97321	3.46233	3.21186	2.51908	1.41683	1.16165	0.54433	1.4626	1.53931	0.405734	0.769755	1.05787	1.21699	1.26993	1.38163	1.05792	0.769796	1.56046	2.12279	1.30825	0.748099	2.69537	0.405716	3.8898	2.29398	1.71132	3.574	3.97299	1.86742	1.10358	1.30825	2.12287	4.38008	4.72087	2.69551	2.97339	4.05064	3.73106	2.71976	2.77349	2.92889	3.20689	3.3322	2.36447	1.56046	2.4396	1.99513	3.37133	4.29356	3.22727	2.83786	3.3322	3.48601	2.46648	3.1186	3.82201	4.16999	4.48341	4.63732	4.37646	3.43867	2.27241	1.10358	1.46258	2.67717	3.80913	8.49589	7.40434	2.02783	4.81992	5.03169	0.573781	2.52561	2.54509	6.63198	3.7832	2.43298	2.3575	3.32713	5.88668	19.8258	30.2239	26.5155	16.9445	8.10055	2.90634	1.6326	3.01719	3.80911	5.12471	3.21186	1.41691	1.62253	5.18167	6.14558	5.50172	6.78884	9.24899	14.1878	14.1674	9.98238	9.01368	9.55453	8.33643	5.633	4.88723	3.62413	2.98977	2.56434	2.83209	3.73106	3.34204	2.9233	3.03883	7.53794	10.9048	19.2761																																																																																																																						
1.46245	0.925038	1.78629	1.14734	1.49581	1.49581	0.907087	1.16155	1.54975	0.181432	1.82277	3.10261	2.59597	1.86734	2.02767	2.43276	4.22793	5.09901	5.37261	5.90289	6.40836	4.79252	2.9061	2.77319	1.3206	1.16155	1.41671	1.21688	1.67227	1.84963	1.4624	1.28267	1.05778	1.4624	1.89349	1.38151	1.05783	0.769727	0.573711	1.10348	1.49581	1.3206	1.92787	1.16155	2.24302	2.29377	2.02765	4.31953	4.73759	2.36419	1.26982	1.49581	2.54486	5.00535	4.72045	2.76736	3.08145	4.23954	3.58758	2.92863	2.77324	2.71951	3.22698	3.17061	1.86734	0.573711	3.20643	3.49962	4.20078	4.16962	3.32699	2.76736	3.17061	3.48569	4.08631	6.15541	5.14654	4.29318	4.49755	4.63691	4.13024	3.11848	2.18374	1.46243	1.82275	2.86635	3.80879	6.78794	4.86996	2.18369	3.08131	3.76982	1.86726	1.28272	2.71944	6.1449	4.2394	2.32226	1.67229	3.57368	9.96077	23.3602	29.1069	21.2749	12.1413	7.64318	5.82233	2.02761	2.95097	2.86635	2.0677	2.77319	1.54981	2.17614	6.51333	7.29869	5.53658	6.54581	8.56108	15.6252	15.4805	9.01283	8.84877	10.5288	8.93469	6.32688	5.45356	4.4057	3.90206	1.84963	3.34169	3.73073	3.34174	2.83183	2.92863	7.07894	10.2066	20.6171																																																																																																																						
2.8373	2.69495	1.99474	0.256548	1.10337	1.26968	0.924938	0.906989	2.24284	2.06758	2.18343	2.63951	2.56387	2.95066	3.59631	3.87658	4.13767	3.8892	3.71716	3.22664	4.02138	4.5295	4.45328	3.7347	2.86607	3.16508	3.6099	3.66838	3.33154	3.12859	3.08105	2.02743	1.46229	2.20587	2.74316	2.71922	4.63641	5.88575	5.53599	4.06999	2.61462	1.67209	1.67205	1.81352	1.32049	0.924938	0.976826	4.23894	5.61446	3.98465	2.56387	1.95308	2.32189	4.36045	3.587	0.747933	2.77289	3.80838	3.37067	3.66838	3.80845	4.10598	4.24298	3.71716	3.80845	3.97243	4.54031	3.91004	3.17012	1.28256	2.02743	1.89335	1.38136	1.72054	4.75088	7.70308	6.36444	3.98876	1.72049	0.747933	0.513113	0.513113	0.747933	2.06747	2.69484	1.81348	2.05152	4.70604	4.7096	2.86607	2.00295	3.01645	2.61449	1.14722	2.56384	5.36874	4.47136	2.191	3.267	3.4427	8.9336	22.8106	28.7218	20.0469	14.352	14.4107	11.1034	4.00926	5.90226	7.52613	8.0537	8.34464	8.6898	8.10921	8.29447	9.05941	7.27383	8.02978	8.53778	16.9415	16.7117	7.43769	6.7467	9.97871	8.49987	4.92269	4.30394	4.52589	5.85523	4.87303	3.6099	2.02746	1.46229	0.906966	1.99474	4.88948	7.90056	21.9366																																																																																																																						
2.76681	2.4658	1.4165	1.7951	1.26957	1.10327	0.573617	1.32034	1.96139	2.0674	1.67194	3.09664	3.28162	3.01633	3.59599	3.87624	4.1373	3.97205	3.73439	3.32634	4.22703	3.48501	4.37896	3.46146	2.86581	3.26669	3.73434	3.66805	3.16998	3.44715	3.26662	1.71083	1.32037	2.63927	2.95029	3.46138	5.26754	5.92915	5.82143	4.79158	2.61439	1.46218	1.46214	1.49551	1.16138	0.573617	0.544174	2.92238	5.18019	4.36016	3.28162	3.41844	2.83113	3.85064	3.58668	0.405617	4.13714	4.55779	3.37037	3.66805	3.66807	4.1688	4.22718	3.76927	3.66807	3.9885	3.83804	2.72494	2.19071	2.19071	1.71083	2.35683	1.38124	1.56009	4.08551	6.57385	6.16749	5.78769	3.6679	0.976739	0.513068	0.513068	0.976739	2.06729	2.95024	2.32168	1.026	2.53789	4.2271	3.21104	1.38124	2.76668	2.61426	1.84923	2.56361	4.62521	4.96837	3.08608	3.20597	2.43903	3.38478	18.3754	28.7196	19.6512	12.8438	18.6661	16.0356	3.66807	6.40711	7.65251	8.07682	8.25137	8.65961	8.05299	7.09142	9.86327	7.92447	8.03705	8.53703	18.6522	18.4986	7.87348	7.19051	10.9404	9.98414	4.41956	3.1647	3.49906	5.20854	5.31978	3.20597	1.9276	2.02721	2.6946	2.5954	2.36372	4.87241	23.2339																																																																																																																						
0.512994	0	0.512994	2.56333	1.02591	0.512994	0	2.05115	0	0.512994	0.512994	3.07509	3.07509	1.02591	0.512994	0.512994	1.53865	1.53865	0.512994	1.53865	3.58636	0	1.02591	0.512994	0.512994	1.53865	2.05115	1.53865	0.512994	2.56333	2.56333	0	0.512994	2.56333	2.56333	3.07509	3.58636	1.02591	2.56333	3.58636	1.02591	1.02591	1.02591	0.512994	0.512994	0	1.02591	1.53865	4.09706	3.58636	3.07509	4.09706	3.07509	3.58636	3.58636	0.512994	4.60711	4.09706	0.512994	1.53865	0.512994	1.02591	0	1.02591	0.512994	0.512994	1.02591	1.02591	1.53865	2.56333	0	2.05115	0.512994	0	3.07509	5.11643	4.60711	6.13257	4.60711	1.02591	0	0	1.02591	2.05115	3.07509	2.56333	0.512994	0.512994	2.05115	2.56333	0	2.56333	2.56333	2.05115	2.05115	4.09706	5.11643	3.07509	0.512994	1.02591	0	14.5558	27.4434	16.9316	2.56333	18.3293	17.8658	2.05115	3.58636	2.05115	1.02591	1.02591	0	1.53865	2.56333	8.6547	4.60711	0.512994	2.56333	18.3293	18.7903	7.14484	6.63922	11.1435	10.6488	4.09706	2.05115	0.512994	1.53865	3.07509	1.02591	0.512994	2.05115	3.58636	2.56333	1.02591	2.56333	23.6885																																																																																																																						
1.28221	0.653862	1.63181	2.06691	0.769424	2.18288	2.69421	2.94976	1.92722	1.78566	1.30762	3.40338	3.6672	1.8928	1.78566	2.57596	3.80736	4.21084	3.98772	3.95475	4.87146	1.38096	1.82203	2.32134	3.72926	4.53908	4.80765	3.82023	2.97195	3.90902	4.61387	3.36971	2.43855	2.5631	2.27121	3.0854	4.02015	2.8993	4.37436	6.23686	4.57841	2.98841	2.24219	1.67161	1.10303	0.256475	0.906706	1.2164	3.55855	4.52821	4.96757	5.96601	5.24786	4.69778	4.13633	1.28219	4.27223	4.13237	0.573504	1.26932	1.71049	2.24219	2.32134	2.83649	3.08556	3.51706	3.57245	3.32568	2.76032	2.02681	0.256488	1.78558	1.21645	1.16115	2.9218	5.42755	6.70168	8.10671	7.5918	3.44646	0.769424	0.769424	1.28219	2.35632	2.92176	2.32122	0.512939	1.14686	2.12177	1.79475	0.573504	1.9609	2.69409	2.46522	2.24214	3.84145	5.96329	5.88397	4.13255	2.30716	1.5597	16.1565	25.7844	12.8791	12.0361	23.0466	20.2785	5.41868	5.49898	5.61301	7.43587	10.4034	12.7874	14.3482	12.3721	9.565	4.70826	1.41615	3.48422	15.5284	17.4656	11.4861	10.5799	13.1991	11.9125	5.14765	2.72439	2.57596	3.51701	4.12845	1.82205	1.38096	2.76627	5.90878	7.34441	6.66072	7.02847	24.4418																																																																																																																						
1.64169	1.92694	2.69385	1.05732	2.19009	2.2711	2.7182	2.59474	1.96083	1.89263	1.3075	3.64449	4.13596	1.7855	1.89263	3.12742	3.66703	4.13219	3.97094	4.37764	6.00598	2.00219	2.465	2.92158	4.12819	4.63816	4.80722	3.73332	2.94955	3.48401	4.61345	3.667	2.51776	1.84874	1.54901	3.08512	4.77642	4.57786	4.12825	6.23631	5.78331	3.62206	2.38386	2.18261	1.78543	0.769314	0.653803	0.544018	2.06678	3.90867	4.6975	5.96548	6.44537	5.60655	4.61331	2.19009	3.51657	3.88757	1.86636	0.976495	1.67149	2.38386	2.43159	2.76602	3.08529	3.57213	3.51674	3.26578	2.56296	1.16104	0.256465	1.10293	1.16104	1.21634	1.95242	4.06844	6.38499	7.59118	9.41536	6.07303	0.769355	0.769355	1.28208	2.59463	2.43148	1.8128	0.512893	2.11382	1.89258	0.256452	0.924591	0.747652	2.465	2.69385	2.02663	2.52425	4.87115	6.18416	4.65217	3.08521	4.61328	18.6814	22.1611	5.27226	12.234	27.0572	22.8104	5.27226	5.09333	6.51033	8.55695	10.7587	13.1694	14.3133	13.3276	7.46542	3.47933	5.24416	3.90857	9.68232	12.9292	11.9779	12.077	14.9867	13.3179	6.07303	2.72415	3.12742	3.98726	5.03856	1.99399	1.38084	3.46039	5.53392	7.34376	6.86066	6.79452	24.0329	27.7754																																																																																																																					
1.92677	3.07955	1.79443	2.77166	3.62626	1.95225	2.12146	3.32999	4.22559	4.53469	3.64432	3.12708	3.45997	0.810854	1.30732	2.46475	0.769286	1.86627	2.18249	3.63974	6.63739	3.26039	3.63974	3.9828	4.35856	5.00261	5.94327	5.96509	4.87077	3.03682	3.16351	2.59443	1.67131	1.46163	1.46161	2.76564	4.38083	5.01544	2.54339	2.71782	4.62347	3.5163	2.56268	2.92132	3.30529	2.99884	2.76578	1.95225	0.810889	1.62138	1.67125	3.16351	6.50228	8.13677	6.65687	3.66212	3.55791	3.90823	3.4411	2.63835	1.46161	1.92677	1.14665	0.90659	2.41782	3.66667	3.73299	3.47902	3.16879	2.99884	2.69373	2.35599	1.5595	1.46163	1.41597	1.31988	3.56707	4.85381	9.17538	7.64929	0.810889	0.976408	1.28198	2.67528	2.69361	2.35594	2.18998	3.08492	2.3629	2.30675	3.16361	3.20477	4.0074	4.74883	4.93716	4.98965	5.33918	6.4998	5.17826	5.56824	10.5824	23.577	24.2947	16.9709	21.6617	28.2745	19.9008	2.56268	2.83586	4.56672	5.61186	5.82753	6.91614	6.64256	8.81668	3.46016	4.04792	9.16686	6.308	5.7065	6.46473	8.68549	11.9209	16.657	14.5953	8.8167	6.40472	3.97468	3.95393	5.10547	2.7716	0.924527	4.13163	2.92128	3.2654	3.4411	2.69373	23.5381	29.5215																																																																																																																					
2.6933	3.81896	0.769162	4.2596	2.92664	1.81253	2.54313	4.1667	4.27123	4.70353	4.22507	1.86607	2.18214	1.30718	1.81244	2.212	1.28183	1.86607	2.21212	3.26004	6.63669	3.63935	4.04741	4.35806	4.70344	5.78499	6.44424	5.96446	5.8519	4.1784	3.38315	2.81238	1.54876	1.41582	1.31974	2.02621	2.86429	4.30149	3.16317	0.976267	3.40241	3.30488	2.56241	2.63807	3.16325	2.99852	2.83568	2.92097	1.08772	1.62121	0.906446	1.67116	4.87022	9.13291	8.42723	4.30151	3.55753	3.48322	3.26507	2.92101	2.92654	2.6933	1.14653	1.10273	3.48322	4.19793	3.71504	3.45979	3.32964	2.99852	2.71767	2.74163	1.71956	1.41582	1.46148	1.46145	3.09514	4.85329	8.92856	8.39108	1.08772	1.46143	1.05711	2.67499	3.40241	2.54311	2.41756	2.72363	2.36265	2.52375	3.26511	3.22479	3.80627	4.45074	4.87025	5.00215	5.33861	7.24956	7.43343	10.3103	15.0944	26.6535	25.5572	17.4159	21.8012	21.8799	11.2747	3.28004	4.06747	3.32458	3.63938	5.265	6.48176	6.87107	7.21854	4.37678	5.88218	10.0111	6.05603	3.32473	2.06632	6.68044	11.0973	17.528	14.1569	8.81577	6.871	4.35065	4.63708	4.40638	4.13515	0.924428	4.87002	3.33935	3.07929	3.26507	2.71767	24.8121	30.4802																																																																																																																					
2.71728	3.96959	1.92639	4.86623	1.45003	2.27045	3.12652	3.90746	2.24135	2.92071	3.33905	1.95186	1.63119	1.38039	1.55912	2.12097	2.21181	1.89204	1.92649	3.32934	7.25995	4.78875	4.17798	4.82599	4.89634	5.67404	4.91292	3.07908	5.43448	5.80682	4.58015	3.30459	1.63119	0.810729	2.38318	3.55731	3.90755	4.16631	3.6614	2.92079	4.77528	6.21902	6.00448	4.01878	2.38314	1.54862	2.36249	4.1624	3.03622	2.77111	2.67487	3.2092	2.3063	6.38296	7.92782	6.1824	5.91749	5.43756	4.97556	4.80585	5.64834	5.47027	3.96978	3.2092	4.30113	3.6614	1.86591	1.05701	1.38039	1.54856	1.67098	2.18199	1.63119	1.28175	1.89209	3.69258	5.17736	5.42254	7.30183	7.50157	2.83543	3.2092	2.81806	2.18201	2.71728	2.7651	2.27035	2.18199	1.81232	1.31958	2.52344	3.73221	5.49703	6.57038	6.22683	3.88664	2.8353	5.75058	7.60571	11.7718	16.6327	28.9976	25.6328	8.50575	4.73406	5.37426	2.90385	4.01872	4.23615	1.30706	2.6932	4.7787	6.54325	5.02765	0.512746	3.16289	7.74989	8.79127	2.98721	1.82137	1.28173	3.97372	8.7422	16.2245	12.2603	5.57882	4.91298	6.09264	6.25762	4.06713	4.77508	1.46135	5.09489	3.66583	1.38039	2.30617	0.906412	26.6371	30.8346																																																																																																																					
1.95999	3.71417	1.67077	5.37378	2.29173	2.90361	2.86389	3.4826	2.38297	3.33875	2.92045	2.20426	1.21588	0.924243	0.573219	1.89187	3.47784	3.07867	2.02593	3.08413	7.4774	6.33926	4.4056	5.71336	5.09132	5.67354	4.52609	3.01433	4.71645	6.4103	5.65919	3.5153	2.69284	1.08753	3.73178	3.83973	3.9072	3.48266	3.45906	3.63873	4.47917	5.9634	6.91417	6.13181	3.03586	1.41556	2.36228	3.98577	3.4591	2.77087	2.86389	3.20892	2.5233	2.81765	5.49634	5.88125	6.05759	5.56686	5.09143	4.80542	5.49644	5.79238	4.30086	3.80553	4.52243	3.45906	2.36223	1.28162	0.924243	2.27015	2.18179	1.67083	1.82118	1.28164	2.35527	5.11362	5.46979	4.47547	4.37215	5.02372	2.76499	3.20892	2.8178	1.89192	0.976092	4.01829	3.51525	2.38293	1.49453	0.74739	3.97336	5.70488	5.73907	6.54024	6.67695	5.8063	5.06561	4.98796	6.35958	9.40001	15.727	33.2992	29.8216	7.74939	2.94844	2.82925	2.38297	4.22424	2.92045	1.30695	3.62523	4.6118	6.17674	5.91696	6.63546	1.67086	10.7163	7.5797	2.98694	1.99324	1.64107	4.46802	8.74143	14.7958	11.5239	3.9528	3.97355	8.78509	9.5255	4.30072	4.5368	1.41556	4.61158	4.13441	0.573237	2.81765	1.67079	28.8332																																																																																																																						
1.53761	3.58393	1.53761	5.62114	2.56159	2.56159	1.02521	2.56159	1.53761	3.073	2.04976	1.53761	0	0.512645	0	1.53761	4.09429	3.58393	1.02521	1.02521	6.63475	6.63475	4.09429	5.62114	4.09429	4.60399	3.073	0.512645	2.56159	5.62114	5.62114	3.073	3.073	1.02521	4.09429	2.56159	2.04976	1.53761	2.56159	3.073	1.02521	0.512645	5.11297	6.63475	3.073	0.512645	1.02521	2.56159	2.56159	1.53761	1.53761	1.53761	1.53761	1.02521	3.073	3.073	3.58393	3.073	2.56159	2.04976	3.073	4.09429	2.56159	3.073	4.09429	2.56159	2.04976	1.02521	0.512645	2.56159	2.04976	0.512645	1.53761	0	2.04976	5.11297	3.58393	1.53761	2.56159	3.58393	0.512645	1.53761	0	2.04976	0	4.60399	4.09429	2.04976	0.512645	0	4.60399	6.12843	2.56159	0.512645	3.58393	6.12843	6.12843	4.60399	5.62114	7.6442	14.5463	35.2549	31.6905	5.11297	2.04976	1.53761	1.02521	3.58393	1.53761	2.56159	3.58393	1.02521	0	5.11297	9.64827	1.53761	12.1198	6.63475	2.56159	1.53761	1.53761	4.60399	8.6489	14.0649	11.1361	2.56159	0	9.64827	11.1361	4.09429	4.09429	0	4.09429	4.09429	1.02521	3.073	2.04976	29.7974																																																																																																																						
2.7406	4.17679	1.4609	4.86484	2.63701	3.16196	1.67044	2.18132	1.46086	1.84764	4.23897	6.06983	4.86843	3.33822	3.33822	3.40128	3.5562	3.08336	1.16032	1.02512	6.14896	6.315	4.40473	5.73769	4.20789	4.93457	4.12573	2.94786	4.22348	6.74036	6.63421	3.69145	3.63798	2.7585	4.47448	2.91987	2.74056	2.90304	3.80048	3.98497	2.92555	2.76444	6.315	6.89159	2.35476	2.02553	1.95131	2.91987	3.3037	3.32839	2.6924	3.01374	4.46735	3.59291	2.06554	2.76431	3.38188	3.80478	4.34902	5.01324	6.05377	7.08539	7.10358	7.18462	7.26689	5.61215	3.61999	2.18138	0.573124	2.2697	2.29128	1.14613	1.82083	1.05671	2.18883	4.8682	3.83463	2.46366	3.96864	6.40165	6.90597	6.6077	6.00283	5.88289	3.7268	4.57525	4.20789	2.59317	2.46366	3.66493	5.96207	6.17529	2.72259	1.3192	3.4583	5.78267	6.42655	4.86484	5.37273	7.21113	13.8025	34.5181	32.0293	8.28671	5.49543	4.61082	2.77026	2.76431	2.18138	2.06554	2.76431	2.21128	3.81771	6.68518	7.05326	4.3452	10.7522	5.87989	2.8287	1.41529	5.02622	9.68213	11.0975	11.8291	9.42843	3.62449	2.06562	9.90752	12.0123	4.5215	3.6199	0.906129	4.1336	4.69118	1.54812	3.36731	6.55846	29.9214																																																																																																																						
2.90278	4.40434	1.21554	3.33775	2.20359	3.88501	2.94744	1.41509	1.21548	1.84748	5.14077	6.06929	5.8492	3.33793	3.41537	3.22329	2.06541	2.06533	1.41509	1.02502	5.13743	5.3359	4.17642	5.49471	3.96813	5.17838	5.03524	3.01347	4.08174	7.18376	7.57545	3.69112	3.25853	2.75825	4.04553	2.53549	2.94749	3.45807	3.98461	3.80014	3.03508	2.83436	8.28576	7.3953	0.975849	2.12025	1.81169	2.53549	2.76419	3.16698	2.46347	3.1618	4.34868	4.55354	1.28125	2.02527	2.35459	3.208	3.97241	4.81424	5.8354	6.63387	7.10296	7.43025	7.75343	7.31901	4.40068	2.74032	1.86512	1.54798	2.29107	1.14603	1.63058	1.28125	2.18864	4.12927	3.60605	2.21109	3.81737	5.89618	6.90536	6.51861	6.01307	6.55797	4.71511	3.69112	3.96813	2.81107	3.26353	4.25772	5.60297	4.91109	2.06541	2.51598	3.20277	5.02551	6.92828	5.37225	4.86441	6.21121	11.8907	32.575	31.8455	8.99386	5.31482	5.9832	5.09298	1.1022	2.02533	1.05662	1.1022	2.35464	4.57851	6.49859	2.00089	7.13207	7.43001	4.35594	3.33775	3.03499	7.03224	10.7588	9.97045	6.5357	5.92327	3.81726	2.18873	10.1518	13.7141	5.27776	2.61178	2.02527	3.66445	5.42338	2.2695	3.87237	12.1343	29.1598																																																																																																																						
2.57361	3.20242	2.91943	5.43503	3.73053	2.59265	3.32762	2.11996	1.95086	3.60568	4.7728	2.61168	5.84864	6.25506	6.85557	6.51803	5.21255	2.82834	1.08711	0.724789	4.56363	4.23792	3.84658	5.2772	3.51387	5.13688	4.73168	0.975759	2.74004	5.5294	6.53738	4.53518	3.99652	2.2694	3.03468	1.49391	2.46308	2.69176	2.83394	2.81078	2.17344	1.49396	7.77714	7.2653	3.07234	2.2694	1.67023	2.2403	2.57379	2.86284	2.69195	2.74009	1.70905	4.29904	2.74004	1.44935	1.31895	1.82048	1.78415	2.02517	1.81146	1.21536	2.71607	4.70425	6.82699	8.15477	5.2029	3.23798	2.82814	0.747105	2.38206	2.71616	2.76981	2.00069	2.41613	3.66407	3.44356	2.96946	2.20342	1.319	1.9256	3.11463	3.51411	5.67135	5.28962	3.09876	3.66407	4.25719	6.3191	6.10854	4.12509	1.78406	1.70905	3.81688	3.48126	5.10203	6.95771	5.02497	4.35548	5.4198	9.66524	28.8105	31.9065	16.6837	7.81872	7.39044	8.46238	5.33566	2.02517	0.256254	3.08285	7.4748	7.421	2.81088	2.76973	7.3967	4.86389	3.45763	3.96768	5.65408	8.75634	8.6466	6.05514	4.7866	6.32677	6.08993	6.53777	11.2946	12.775	4.60268	2.3543	3.45763	2.94719	6.29585	3.23817	10.2252	19.2335	27.0536																																																																																																																						
3.59169	1.41481	5.1743	5.56419	4.17573	1.26812	2.4159	3.81644	3.41454	3.83353	4.53462	2.98558	4.86704	6.28531	6.90166	6.60582	5.95503	3.63698	1.087	0.724718	4.31376	3.47617	4.35509	5.52891	3.26282	5.13642	3.96733	1.26812	2.94691	3.26282	3.9509	4.37389	4.71415	2.18081	2.38178	1.087	2.21054	1.92529	2.11976	2.59243	2.17323	1.30638	4.99859	5.65648	3.23783	2.18081	1.70887	1.95914	2.67334	2.86254	2.71587	2.35418	1.67005	4.06481	2.94691	1.02488	1.54768	2.46288	1.89101	2.11983	1.30638	0.74701	2.02496	3.86753	7.03993	8.85126	6.37684	4.21828	3.33709	1.10198	1.92539	2.69166	3.4432	2.36107	2.4159	3.20728	2.67334	3.16118	1.81133	1.46049	2.38182	3.43376	3.56907	5.67081	5.4937	2.5156	3.20728	6.06785	8.25725	5.81481	3.72574	1.31882	2.73978	3.62346	3.08255	5.33791	6.22301	3.76478	3.84624	4.91665	7.25356	22.0294	28.8149	20.9095	10.5686	6.7338	7.97183	6.86174	4.40348	0.256231	7.17783	10.2733	7.20946	5.54068	4.13242	5.66787	4.35509	3.20214	4.73126	8.08906	10.1235	7.7745	5.84796	5.59897	6.49734	6.37955	7.25602	10.0987	8.54944	2.56063	2.59241	5.23969	2.02493	7.02155	3.69047	14.6576	21.1006	22.1537																																																																																																																						
4.09239	0.512407	6.1256	3.07158	3.07158	2.5604	1.53689	4.60186	4.09239	3.58227	4.09239	2.5604	0	1.02473	1.53689	1.53689	4.09239	3.58227	1.53689	1.02473	4.09239	3.07158	4.60186	5.61855	3.07158	5.11061	3.58227	1.53689	2.5604	2.04881	2.04881	2.5604	4.09239	0.512407	1.53689	0.512407	2.04881	1.53689	1.53689	2.04881	1.53689	0	3.58227	4.09239	1.53689	0.512407	0.512407	0	1.02473	0.512407	0.512407	0.512407	0	3.58227	2.5604	0.512407	1.53689	2.5604	1.02473	1.02473	1.02473	1.53689	0	1.53689	6.1256	8.64494	6.63169	4.60186	3.58227	1.53689	0.512407	0	3.07158	2.04881	2.04881	2.5604	0	1.53689	1.02473	1.02473	2.04881	2.04881	1.02473	4.60186	4.60186	0	2.5604	6.63169	8.14345	1.53689	2.5604	2.5604	3.07158	2.5604	2.04881	5.11061	5.61855	3.07158	3.58227	4.60186	5.61855	16.9133	24.0928	19.684	10.1412	3.58227	4.60186	6.1256	5.61855	0.512407	9.14511	10.1412	2.5604	8.14345	4.60186	4.60186	4.09239	3.07158	5.11061	9.14511	10.1412	6.1256	4.60186	4.60186	4.60186	4.09239	4.60186	7.13675	5.61855	1.53689	2.5604	6.1256	0.512407	7.13675	3.58227	15.4958	19.2284	17.3812																																																																																																																						
4.09991	1.0562	6.6939	4.37298	4.63328	6.21427	4.85607	3.55449	3.83699	3.47548	3.91276	3.45664	3.65865	6.29433	6.60454	6.13579	6.9652	6.78968	5.14195	3.55458	5.01062	3.09249	5.01062	5.26648	3.01214	5.13542	3.76404	1.71808	3.51299	4.23305	4.63328	4.9978	5.80238	2.76899	1.46018	1.44892	3.09781	2.94639	2.46247	1.46018	1.14554	0.746882	2.9684	4.0439	2.23963	2.36067	2.11942	1.53681	1.49351	0.653146	0.653113	0.653113	0.572847	3.5682	2.75706	1.4146	2.18033	2.4624	1.81995	2.20276	2.71534	4.16323	4.73059	3.61834	4.86586	7.95598	6.77759	4.97159	4.22138	2.91846	1.14554	1.08679	3.09249	1.02462	2.23957	2.92403	1.30612	2.29025	3.11369	3.26234	2.0646	1.70845	0.724575	4.01564	6.0535	5.99995	5.738	7.31616	8.54779	4.82241	5.83312	5.82194	4.71322	3.72925	2.9684	6.00773	6.46607	3.80293	3.38025	3.84549	5.21072	16.3519	23.9668	19.5574	11.1538	6.82502	5.41825	4.69933	6.49358	5.1135	8.13086	9.80681	2.20276	8.68815	5.8329	4.57305	4.86591	4.06401	5.87707	10.2512	11.8196	9.2031	8.77766	10.2638	11.3082	9.94776	8.19376	8.99919	7.56419	4.26757	2.41548	5.23866	0.810106	5.03327	9.36358	18.0118	20.1579	16.3204																																																																																																																						
4.09954	2.06436	7.1758	4.99724	4.23655	5.95885	5.73744	1.79263	3.32634	3.22157	3.41356	5.2382	7.12866	7.0381	6.51549	6.30144	6.82456	7.08587	5.98039	4.52263	6.22124	2.6355	5.2506	4.28603	2.76273	5.13496	4.01521	1.71793	3.01202	4.04371	4.5335	5.1383	6.40541	4.25557	0.975378	2.28997	3.72892	3.09757	2.21002	1.10169	0.512333	1.31845	1.7083	3.56332	1.95858	2.36046	2.54072	1.53667	1.30601	0.905611	0.905587	0.905587	0.923533	3.32144	2.75682	1.54729	2.02435	1.81978	2.46218	2.53427	2.833	4.16286	4.74389	3.89587	2.23937	6.45797	6.53494	4.74369	4.01528	4.23252	2.1114	2.4287	2.6355	1.02453	2.02431	3.16015	1.49338	2.04852	3.11341	3.20139	2.06442	0.975341	0.72451	2.46228	5.11304	6.01019	5.45977	6.32431	8.08683	6.14561	5.65221	7.24276	5.52449	4.86545	4.74364	7.4952	7.17358	3.44223	2.35346	2.31836	4.21708	14.9402	23.3262	18.4407	10.512	10.6541	6.92496	1.95019	5.26004	5.53928	5.38784	9.06146	2.20256	8.68739	7.25151	3.68934	5.08738	5.2506	7.39177	12.2034	13.9186	10.8131	9.22131	11.4601	11.7808	9.53872	7.54248	8.45161	7.21616	4.37272	2.41527	3.45633	0.810034	2.1115	13.1253	18.0103	18.7225																																																																																																																							
4.09122	2.55966	7.13473	4.60055	1.53645	0.51226	4.60055	1.53645	3.0707	3.0707	3.0707	6.12386	8.64251	4.60055	0	2.55966	3.58125	4.60055	4.60055	4.09122	6.62981	2.04822	5.10915	3.58125	2.55966	5.10915	4.09122	1.53645	0	1.02444	1.53645	3.0707	5.61695	4.60055	0	2.55966	3.58125	2.04822	0	1.53645	0.51226	1.53645	1.02444	3.0707	0	0.51226	2.04822	0	0	1.02444	1.02444	1.02444	1.02444	3.0707	2.55966	1.02444	1.02444	1.02444	2.55966	2.04822	1.53645	1.53645	0.51226	2.55966	0.51226	5.61695	6.12386	4.09122	3.0707	4.60055	2.55966	3.0707	2.04822	2.04822	1.53645	3.0707	1.02444	0.51226	1.02444	0.51226	2.04822	0.51226	1.02444	1.02444	0	0.51226	0.51226	4.09122	7.13473	5.61695	1.53645	6.62981	5.10915	5.10915	5.61695	8.14115	7.13473	2.04822	1.02444	1.53645	3.58125	14.0548	22.7932	17.3765	8.64251	12.1109	7.63853	1.02444	1.53645	3.0707	3.0707	8.64251	2.55966	8.14115	7.63853	2.55966	4.60055	5.61695	8.14115	13.0867	14.5358	10.1383	6.12386	8.64251	6.62981	0.51226	0.51226	5.61695	4.60055	2.04822	2.55966	2.55966	0.51226	3.0707	13.5717	15.4916	15.9662																																																																																																																							
3.84439	3.56262	7.10692	4.68759	2.7205	2.81509	5.62229	4.89124	1.94973	3.98182	2.99497	6.03017	8.2667	4.26614	0.746649	2.02392	4.12257	5.17176	4.93079	4.46372	5.89192	3.72831	5.64234	4.72908	4.53255	5.66809	4.78372	3.33561	3.20077	3.39867	3.30116	3.83597	5.87822	5.49107	2.76232	2.73846	3.80177	2.06395	0.768323	1.66922	1.94981	0.905433	0.652927	2.63498	2.17976	2.81509	4.063	3.84459	3.1128	2.55948	1.81943	0.572665	0.905433	2.31791	2.23893	1.71759	2.17971	2.63506	3.07577	2.7205	2.72052	3.30116	3.7108	5.33556	4.62849	3.72816	5.33535	5.08643	4.52174	5.3141	4.25483	4.19315	2.76819	2.76814	1.81943	2.61001	1.61936	1.66922	2.23899	2.11108	2.91767	2.61014	2.9233	3.15966	3.20077	3.47467	4.21645	5.60786	7.06616	6.06494	2.9233	7.07981	6.58044	6.30002	6.69923	8.52668	7.34899	2.82653	1.66918	2.17969	3.72816	13.8472	22.6893	17.3814	8.78935	9.79924	8.56979	9.96873	10.461	10.8834	9.36114	10.044	5.33556	8.84897	10.2148	7.1094	6.39152	6.5015	8.15596	13.212	15.5073	11.3115	7.7708	9.58935	7.73158	4.35322	4.48938	5.84516	4.74276	2.9233	4.39777	2.80924	2.23899	6.50164	14.3227	16.9088	16.0136																																																																																																																							
3.33519	5.01845	6.61882	4.44508	3.55315	2.99483	4.60693	7.46961	1.08638	5.7553	2.52056	5.77775	7.51229	3.51155	1.95793	1.15938	4.1222	5.65036	5.17443	4.95989	4.00191	3.45553	4.70113	4.93042	5.06041	4.88081	4.57493	3.63491	3.22082	3.49307	3.79722	3.83563	5.21195	5.28611	3.30087	2.17951	3.80144	1.63934	0.768255	1.45967	2.20193	1.31807	0.181085	1.49295	2.20939	2.99483	3.81445	3.91149	3.4318	3.276	2.46148	0.572614	0.652901	0.809767	1.31811	1.55741	2.73821	2.91741	2.59101	2.72025	3.08079	3.79722	3.96525	5.02193	5.25855	1.66907	3.30081	4.89077	4.90733	4.90733	4.00204	3.66177	2.35979	3.20545	1.62933	1.61921	2.60978	2.1795	2.38046	2.11089	2.63482	2.60991	3.03276	3.26109	3.22082	3.45553	4.57149	5.13684	5.73568	6.06441	2.71432	6.22734	6.99702	6.73463	7.88647	9.01856	7.59711	4.35261	2.35274	2.38042	3.49294	13.3635	22.4692	17.3799	9.03788	4.93366	7.01792	10.0434	10.412	11.0419	9.14125	8.39445	5.02193	7.08387	9.86277	9.41563	8.21766	7.98911	8.15524	13.4532	17.3883	12.9822	8.64093	9.3684	7.52094	4.35284	4.47447	4.53214	4.07852	2.76207	4.39738	2.59103	3.09664	9.42058	13.6597	17.7886																																																																																																																								
5.52243	3.96471	6.55465	4.37088	3.49263	2.38024	2.92278	7.80632	1.28013	7.03522	3.33494	6.16422	7.08984	3.37868	2.46126	0.923186	3.70994	5.61535	4.74187	5.05985	2.68976	2.23859	4.33736	5.24873	4.90689	4.3411	5.24873	5.13638	4.76944	5.08886	5.87736	6.69831	7.94257	7.5692	5.05998	1.92412	2.82602	1.41387	0.746535	1.08629	1.4595	2.3802	1.30551	1.15928	1.88976	2.91715	2.60968	2.55902	2.63451	2.94497	3.43619	2.55898	1.15922	0.572563	1.10127	1.95785	3.44092	3.08054	2.68986	3.09641	2.90027	2.75578	1.53601	0.362134	2.63451	3.99349	2.46136	2.30333	3.94829	4.3411	3.66144	2.71408	1.49282	2.91706	1.08629	0.512114	2.68974	1.86352	1.63921	2.35262	2.26766	1.66892	1.8191	2.18676	1.54665	1.81014	2.73797	2.86053	4.28443	5.91003	2.11071	5.43072	6.55465	5.81075	8.69147	9.86005	7.90396	5.48999	2.46123	1.92402	2.94492	12.392	21.6207	18.5849	9.16248	7.0264	14.4505	15.1904	14.1982	15.7436	17.0737	16.1846	17.8999	21.1079	22.7935	23.4464	22.9884	23.4598	23.5328	24.5025	24.2639	16.3286	9.70703	7.91816	7.21344	4.76941	2.52042	2.41431	3.47858	2.06356	2.11836	2.59072	4.51728	11.0363	10.7204	15.3447																																																																																																																								
8.21606	0.65274	7.0459	4.6164	2.80836	2.23835	3.6207	6.39472	1.27999	7.78699	4.69666	6.16356	6.37198	3.15866	1.81891	0.57252	3.96429	5.61475	3.98069	4.80937	2.46099	3.09604	5.10725	5.05942	4.52045	4.53122	5.8435	5.60627	4.80961	5.08831	5.57162	6.352	8.07728	9.04157	6.40234	2.5395	1.30531	2.17902	1.31781	0.809643	0.974907	2.17907	1.30537	1.21436	2.35232	3.25539	2.6094	3.27536	3.09072	2.02338	3.26041	4.3667	2.43425	1.55703	2.11813	2.23835	3.44056	3.08021	2.80843	2.94471	2.37999	1.8457	0.512059	0.809608	1.30537	3.43113	3.09608	0.256034	2.89996	3.81363	3.66105	2.83163	2.63423	2.42753	0.809643	0.512059	1.92381	1.37854	1.28004	2.73771	2.17913	2.17907	1.62901	3.16378	3.26032	1.94925	2.17909	2.86022	4.28397	6.15567	2.55875	6.13468	7.0459	4.63048	9.17362	11.0858	8.40391	6.24929	2.20884	1.66868	2.68945	10.9228	19.8424	20.6099	8.916	13.5455	16.692	15.1298	14.2603	15.6855	17.1433	16.0072	19.2471	21.0231	22.7334	23.7019	22.8392	23.2498	23.7608	28.6859	29.9927	19.3867	11.5865	6.3416	6.17417	5.96399	3.83488	2.41405	3.96841	3.08011	1.10116	2.80836	6.13468	11.7393	7.57033	11.0167	13.8281																																																																																																																							
9.1382	1.02394	7.13132	4.59834	2.04723	1.02394	3.06922	5.1067	2.04723	8.13727	5.1067	5.61426	5.61426	2.55843	1.02394	0	4.08926	5.61426	3.57952	4.59834	2.04723	3.06922	4.59834	3.57952	3.06922	3.57952	5.1067	4.08926	1.02394	1.53571	1.53571	0.512013	4.59834	8.13727	6.12093	2.55843	0.512013	2.55843	1.53571	0	0	1.53571	0.512013	0.512013	2.04723	2.55843	0.512013	3.06922	3.06922	0.512013	2.04723	5.1067	3.06922	2.04723	2.55843	1.53571	2.55843	2.04723	1.53571	1.53571	1.02394	1.02394	0	1.02394	1.53571	1.02394	3.06922	1.53571	1.53571	2.04723	1.53571	1.53571	3.06922	2.04723	0	1.02394	1.53571	1.02394	0.512013	2.04723	0.512013	2.04723	1.02394	3.57952	4.08926	1.02394	1.02394	2.55843	4.08926	6.12093	2.04723	6.12093	7.13132	3.57952	9.1382	11.6149	8.6384	6.62664	2.04723	1.53571	2.55843	10.1335	18.7569	21.4652	8.6384	16.4311	12.5938	0.512013	2.04723	3.57952	2.55843	0.512013	10.6289	1.02394	6.12093	10.6289	7.63489	7.13132	9.6366	26.1746	31.2864	20.1228	12.1052	4.59834	3.06922	5.1067	4.08926	2.04723	4.08926	3.57952	0	2.55843	6.62664	11.6149	5.61426	8.6384	13.5654																																																																																																																							
7.67184	2.41362	5.95463	5.48846	2.17868	2.3589	4.51965	4.516	3.06895	7.51803	4.87887	5.88917	5.74191	2.31683	1.08597	1.15895	3.9677	5.11259	3.25974	4.44341	2.92184	1.94883	5.16937	4.41036	3.19911	3.86796	4.74052	3.61545	1.45908	0.904989	1.4591	2.17875	5.06816	9.37179	9.16015	6.95778	5.74221	5.42938	4.36984	4.09706	4.47279	4.62982	3.76141	3.91002	4.39947	3.90163	3.32432	5.1977	6.34064	4.60521	3.7958	5.5704	3.55182	2.71924	3.47763	3.65591	4.5733	4.51613	4.3661	4.20289	3.66043	2.85983	2.3028	2.18622	0.922941	0.904989	2.17868	3.47774	3.47774	2.06305	0.904989	1.54621	2.92184	2.55829	2.31695	2.1787	1.99039	1.88922	1.70725	1.84537	0.809463	1.92347	0.922922	3.32417	4.29462	2.55829	1.81858	3.07957	5.10943	5.3571	1.79145	7.38053	7.17563	4.75087	8.84298	10.6545	8.17175	6.37337	3.07966	2.71925	3.15809	9.1513	17.2645	23.1554	19.6924	17.3916	18.9216	14.4133	14.7632	14.0241	12.9781	12.6032	15.9321	13.6464	17.0214	21.695	23.9819	26.059	28.2403	36.0316	37.1369	21.0265	13.8479	11.9105	8.91473	7.25802	7.79416	7.35465	7.04485	6.01956	5.24739	5.82877	8.74738	12.5745	6.37334	7.88554	13.2476																																																																																																																							
4.66059	4.28275	3.47721	6.70501	1.66827	2.35865	4.90497	2.73693	5.1057	6.25783	4.37287	6.39286	5.99452	1.80933	0.809411	1.21402	3.47721	4.09641	2.51283	3.72604	4.12413	1.08586	5.64765	5.91591	3.45368	4.37287	3.97955	2.60852	1.66823	0.404708	1.21402	2.26677	3.9096	8.0986	9.33029	7.17509	5.77528	5.17218	4.23331	4.15967	4.48682	4.99353	3.81261	4.04061	4.2943	3.47737	3.47737	4.74026	6.47073	5.6191	4.781	5.80848	3.55144	2.71894	3.90112	4.52993	4.72645	4.64331	4.36563	4.12431	3.58811	2.85953	2.30255	2.06286	1.71656	0.652553	1.81841	3.32396	3.32396	2.06283	0.404708	1.31743	2.23766	2.10988	2.42694	2.73689	1.81841	1.78208	1.66829	1.1446	1.30494	1.6682	0.572356	2.41336	3.65546	3.27442	2.46029	4.09641	6.84735	3.63754	4.4612	7.59359	5.87216	5.16887	7.64391	8.66978	7.17032	5.40768	3.07933	3.07931	3.37736	6.38789	11.6036	18.5297	23.7608	14.0299	23.6798	14.4077	14.7332	13.814	13.0284	12.6019	15.6308	14.3573	16.5505	20.6002	23.5247	25.7132	27.9174	41.2386	44.1837	20.604	11.3536	13.103	11.883	6.55971	7.3277	8.21592	7.73762	6.01891	5.35679	5.64789	11.0363	14.2557	7.8847	6.37267	12.5193																																																																																																																							
3.08957	4.48619	1.66805	6.39986	2.1858	1.71646	3.65953	0.92276	5.60402	4.12376	4.92762	7.17423	6.88198	5.6043	5.86635	5.61872	4.62891	3.09488	2.02255	3.56483	4.01178	1.70692	5.82189	5.75486	3.5876	4.47168	3.70815	2.20802	1.61829	1.31732	1.10072	0.511867	0.809339	4.1198	6.02622	3.47695	3.96302	5.05767	4.37271	3.36268	2.06267	3.32352	1.78185	1.08576	2.17825	1.31732	1.53527	0.652527	3.96283	4.52585	4.26333	4.46078	3.99976	4.60431	3.43929	3.65953	3.36251	2.83045	2.37906	2.76637	3.50972	4.51529	4.72613	4.23293	4.54746	3.16275	3.25919	2.26656	2.57058	3.47701	2.92137	2.75456	2.80738	2.43346	2.10969	1.78185	0.904834	1.41326	1.66814	1.41326	2.06265	2.92137	2.94366	3.25923	4.07629	4.9277	4.75002	6.04499	7.98661	3.12117	7.29391	7.29391	5.08309	4.46811	4.9799	7.40503	7.22989	5.61854	4.29389	4.42803	4.95723	5.96177	6.48995	7.86589	20.3829	4.12787	19.0703	18.9821	16.0457	9.49078	1.10074	3.96299	8.5193	6.30858	1.94845	2.17827	3.12111	3.45337	7.10227	40.2699	45.6498	18.0987	6.33172	10.3059	12.3452	6.04518	4.96707	6.81877	10.3714	11.3759	8.51969	7.98699	13.9973	17.2613	11.6079	9.72052	13.868																																																																																																																							
2.63301	3.21853	0.90473	4.68409	2.41298	1.55638	2.66993	2.66993	4.36839	1.31724	4.72555	6.73022	5.78251	5.49894	5.86583	5.61822	4.23256	1.92302	1.7817	4.30846	2.76012	3.37676	4.9567	3.79893	3.58728	4.21694	3.96245	2.45982	1.61814	1.54577	0.904753	0.511821	0.809267	3.11031	4.76648	2.41298	4.64248	5.01862	4.6039	3.36238	2.71848	3.32322	3.00903	1.08566	2.37884	2.51239	1.53514	1.54577	4.20152	4.03972	3.50924	2.06241	3.65938	4.37232	2.57035	2.66993	3.86685	3.0734	3.03066	3.43896	3.94615	4.47152	4.73942	4.36859	4.87762	3.32334	2.80713	2.35128	2.57035	3.4767	3.03075	2.75432	2.68832	2.45995	2.1095	0.652469	0.652469	1.54582	1.70676	1.45871	1.79093	2.71253	2.96548	3.15729	3.72552	4.78025	5.06672	7.41951	8.2297	2.57035	7.73615	6.85794	4.88755	3.25388	1.66791	6.22579	7.00387	5.23649	4.42764	4.29351	4.68772	5.79647	6.67512	7.65938	16.3189	10.3414	10.6989	18.9805	17.8299	14.6936	8.05747	4.88759	5.55724	5.55717	2.42641	1.66799	3.99927	6.24641	7.59006	40.1182	43.8404	15.3344	6.33116	10.305	11.6812	6.29548	5.63821	5.74058	9.51659	12.1484	8.718	8.19903	13.61	17.88	11.4292	10.5559	14.0788	15.0274																																																																																																																						
1.95642	2.82411	0.652399	3.55043	2.76582	2.30189	2.71819	3.86229	4.39394	1.95652	3.43859	6.31006	6.21497	5.36433	4.73891	3.96633	3.47633	2.35098	0.809145	4.51418	1.9978	4.60322	3.16198	2.7121	3.9083	4.52497	4.03929	3.08896	2.89268	2.98159	2.31604	2.28763	1.84468	3.33263	4.2625	0.922578	3.39562	1.4918	1.94806	1.49177	2.42615	2.43286	3.47622	2.02218	1.61797	2.28756	2.75402	3.50899	3.90001	3.16198	2.56994	2.68803	5.77356	5.3824	4.79671	2.66977	3.07836	2.92069	3.27349	4.0754	3.25848	1.10051	0.255902	1.6381	3.79861	4.28172	3.32302	1.55622	0.746028	1.88842	2.02222	2.11699	1.54566	0.97435	1.27926	1.45849	0.652367	0.767624	0.404593	0.404593	0.746009	0.97435	1.45855	1.81789	1.62808	2.68794	3.72497	7.49808	8.44452	1.45855	6.75087	5.99282	3.06774	1.45851	0.922578	4.65926	6.05976	4.05938	2.94297	2.76577	2.51862	4.09524	4.85029	4.92989	11.4184	17.3628	17.392	9.30581	8.04872	12.9077	16.7222	12.1318	7.23528	6.54789	5.00513	6.64322	11.3504	15.7735	20.1866	41.1477	40.1057	12.6718	4.56784	8.47832	9.50846	3.32286	4.18951	3.55053	3.03043	7.03059	6.13144	6.78915	12.0243	17.2773	10.4174	10.6491	14.218	16.908																																																																																																																						
1.70635	3.33234	1.54547	2.71793	2.76558	2.30169	2.41251	3.25824	4.39355	2.11681	2.35777	5.0337	6.09924	5.41189	4.86012	4.34159	4.158	3.37609	0.809073	4.26212	1.37768	4.12654	2.18508	2.96475	4.40824	5.01417	3.55925	3.55925	3.68514	2.98132	2.31583	2.28743	2.55702	4.85654	4.51378	0.922496	2.6877	1.8087	1.49163	1.94789	1.94789	1.15833	2.99214	2.23682	0.723682	1.02341	2.55711	3.37619	2.71795	2.18508	1.556	5.0816	6.84498	5.57087	5.30919	3.12028	1.05485	2.23682	2.55706	4.73829	3.9617	1.78135	1.05485	1.27919	2.85845	4.15811	3.89976	1.99764	0.652341	1.2663	1.70643	2.02206	1.41286	0.904599	1.27915	2.20739	0.904552	0.255865	0.18093	0.18093	0.974227	1.45838	1.41286	1.98943	1.81771	2.45937	3.48996	6.76932	8.44378	2.58873	5.99229	6.75028	2.04607	0.974263	1.71591	3.65849	5.57062	4.29253	2.73587	3.2027	2.99214	5.11014	4.34141	2.35772	7.18584	14.3908	19.5126	12.1243	2.1777	7.13216	16.4102	15.9773	9.43282	6.7504	4.72478	7.09153	13.8415	17.5384	23.5516	39.0889	32.2632	10.0922	4.56744	6.99098	8.25898	2.41245	3.12028	3.32269	2.92054	5.23238	5.75071	6.52782	11.8107	16.8403	10.2283	11.2461	15.3306	18.9486																																																																																																																						
1.5347	3.57716	2.04588	1.5347	1.5347	0	1.02327	2.04588	3.57716	1.5347	0.511675	1.5347	2.55674	1.02327	1.5347	2.55674	3.57716	3.57716	1.5347	4.08656	0	3.57716	1.5347	3.0672	4.59532	5.10334	3.0672	3.57716	3.57716	1.5347	0.511675	1.02327	2.55674	5.61057	4.59532	0.511675	2.04588	1.5347	1.02327	2.04588	1.5347	0.511675	2.55674	2.04588	0	1.02327	0.511675	1.5347	1.02327	1.5347	1.02327	6.11691	5.61057	2.04588	3.57716	3.0672	0	1.5347	1.02327	4.59532	4.08656	2.04588	1.5347	0.511675	0.511675	0.511675	3.0672	2.04588	0	0.511675	0	0.511675	0.511675	0	1.02327	2.55674	1.02327	0	0	0	1.02327	1.5347	0	1.5347	1.5347	2.04588	3.0672	6.11691	8.13196	3.0672	5.61057	7.12665	1.5347	0	2.04588	3.0672	5.10334	4.08656	2.04588	3.0672	3.0672	5.61057	4.08656	0	0.511675	5.10334	16.4208	11.1156	4.08656	5.10334	10.6221	15.4747	9.13226	5.61057	1.02327	3.57716	12.0975	13.5568	19.658	35.2038	26.1596	8.13196	4.08656	6.11691	7.6299	1.5347	1.02327	1.02327	1.02327	2.55674	0.511675	1.5347	10.127	15.4747	7.6299	9.63035	14.9984	19.658																																																																																																																						
3.45182	3.79751	1.45809	1.21327	1.63761	1.05469	0.745796	1.54516	3.43761	3.72406	3.06703	2.94219	3.45178	2.17722	1.99723	2.73533	4.00992	4.51659	3.65792	4.00992	1.21332	3.65777	1.781	3.00785	4.65793	5.05499	3.317	3.75868	3.50786	1.66728	0.808949	1.31668	2.99156	5.60134	4.85894	1.71563	2.80603	3.4894	2.43229	1.14391	1.45811	1.86181	3.07226	3.4894	3.96111	4.12196	3.75887	3.96108	3.87812	3.61761	1.99725	6.70122	6.12946	3.20217	4.87237	4.70656	3.84021	4.03831	2.82345	2.96417	3.81037	5.24383	5.40483	4.45885	3.15603	0.745796	2.76498	3.09343	2.20706	1.78107	1.53462	1.45814	1.45814	1.95596	2.37795	3.08808	1.45809	0.572011	0.745815	1.30426	1.49138	1.31668	0.255829	1.66725	1.95587	2.5179	3.15593	5.7717	7.27935	3.55856	4.59483	7.64583	2.26537	1.27894	1.71558	3.07748	5.80516	5.19402	4.00998	4.52739	4.33694	5.87155	4.34061	1.92227	2.10867	5.65875	14.1588	9.87001	9.24352	9.35037	9.47092	15.2528	7.38416	6.32869	5.61603	6.0155	21.599	30.5673	32.876	35.2208	25.0447	11.255	8.51742	7.7827	6.77753	1.80835	1.44685	1.44685	1.70601	2.45898	5.96985	5.10941	10.9707	14.7732	9.1935	10.7103	14.9381	19.9175																																																																																																																						
4.36636	2.85761	1.10011	0.542619	1.2788	1.2788	0.404458	0.652154	2.35709	3.6353	3.23229	3.09315	3.65305	2.73509	1.99705	2.17703	3.43258	4.15684	3.6576	2.80578	1.62747	3.65744	2.0214	2.75879	4.65752	4.80484	3.5628	4.00949	3.25724	1.45796	0.808876	1.54502	3.47492	5.35301	5.10553	1.99707	2.43207	3.39449	2.94193	1.14381	1.21321	1.86164	2.58805	3.19683	3.97714	4.19967	3.8101	3.87778	3.96073	4.99014	2.35703	7.43532	6.366	2.85764	4.69578	4.70614	3.90703	3.90703	3.08791	0.542619	3.07205	5.0548	5.59242	4.79492	4.77786	2.9639	1.71548	2.94193	2.45874	1.88777	1.53448	1.41246	1.41246	2.23623	2.89722	3.55824	1.66713	1.55555	1.31656	1.49124	1.30414	0.745748	0.255806	1.92199	2.71108	2.99129	2.9196	5.01596	5.51949	4.03778	2.55624	8.6458	3.50755	1.27883	0.922232	3.07721	7.0552	6.366	4.51261	4.36642	4.16855	5.20603	3.89855	1.95579	2.10848	5.89294	9.50496	5.99086	9.35816	12.6127	6.62106	14.7749	3.72358	4.95449	5.75187	6.01497	31.7366	37.9389	31.6797	27.4833	19.0173	11.4346	8.30504	6.52842	4.16855	1.49124	1.44672	1.44672	2.9639	4.64014	6.95473	6.36871	11.9232	12.6672	10.567	12.3979	14.6988	20.366																																																																																																																						
3.68376	0.404422	1.70571	0.808804	1.31648	1.81704	1.78075	2.06131	2.35688	1.70579	0.973861	1.78068	2.98013	3.25202	2.9802	2.75275	3.27201	3.61696	3.25708	2.68681	2.71693	4.05751	2.53043	3.27201	5.43653	5.94701	5.94437	7.22539	8.27364	8.44107	8.27945	7.69484	6.45601	5.23351	4.43962	1.45781	0.745663	1.10002	2.91934	2.60657	1.02298	0.404405	0.904236	1.31648	1.37717	2.02128	2.34994	2.37753	2.2865	5.24264	2.17676	7.02726	6.05696	1.26583	2.34985	3.437	3.48878	3.90668	4.62587	4.85828	5.36181	4.34749	2.63158	1.30396	4.77743	5.61485	2.51754	0.745663	1.45785	2.02128	1.10002	0.404422	1.14374	2.16931	2.89696	4.18757	3.11911	3.07171	2.53685	1.66698	0.404422	0.180862	0	1.92182	3.07693	3.19637	2.8228	4.90782	4.40659	3.10854	1.98869	8.66337	5.25806	3.31656	4.34749	4.98981	7.18291	6.24546	4.12104	3.8605	3.97669	4.21462	3.02893	1.66702	2.43186	5.53075	6.74064	2.34994	5.10199	10.7433	5.99014	14.4839	3.02903	2.19922	0.808804	7.58591	36.6874	37.2338	13.4374	12.8817	12.0137	7.48613	2.75854	1.54489	1.80802	1.45788	1.27869	1.27869	3.96431	7.12913	5.88419	5.72866	13.255	12.3608	10.2488	13.3111	15.1377	20.3643																																																																																																																						
2.28632	1.45765	1.95531	1.08493	1.4577	1.98847	1.8874	2.06109	2.35663	1.8874	0.542512	1.09988	2.16908	2.91351	2.97989	2.75245	3.27166	3.45084	3.15515	2.75838	3.07667	4.29047	2.19899	2.75245	4.87099	5.43601	5.49226	6.64186	8.02275	8.44018	8.30159	7.62734	5.98974	3.79652	2.80516	1.21292	0.973757	0.904163	3.15503	3.61197	1.02287	0.180842	0.652026	1.4577	1.37702	1.70561	2.26483	2.89665	3.23152	5.49495	2.43147	5.77006	5.56795	2.82828	0.973793	2.76425	3.86017	4.03716	4.52617	4.76348	5.16462	4.69149	2.6313	1.30382	3.15513	6.0137	3.83051	1.21292	1.21298	2.1766	2.11571	0.542512	1.84359	2.16908	2.37727	3.79643	3.43665	3.25667	3.15505	2.34959	0.542512	0.404362	0	1.66677	3.0766	3.45073	3.33073	5.40902	3.90607	1.14358	1.81685	7.66453	7.2354	4.16774	4.40634	4.62537	5.37914	5.2575	4.85756	4.96311	4.1521	3.25669	2.37723	2.17658	2.80523	4.42455	5.75047	4.29049	4.33196	5.98942	7.1172	13.7789	2.91913	3.33078	3.40803	11.4038	38.4185	36.1056	11.1854	13.1012	10.9036	4.56883	2.021	2.26472	2.19895	1.41218	1.05439	1.05439	4.45737	9.1322	6.85326	4.51531	14.902	14.7721	9.50313	13.7931	16.319	19.9123																																																																																																																						
0	2.0449	2.0449	1.02277	1.02277	1.53396	1.02277	0.511428	0.511428	1.53396	1.02277	0.511428	1.02277	1.53396	1.53396	1.02277	2.0449	2.0449	1.02277	1.02277	2.55551	4.0846	1.02277	0.511428	3.06572	3.06572	1.53396	0.511428	1.02277	1.02277	1.02277	0.511428	1.02277	0	1.53396	1.02277	1.02277	0.511428	3.06572	4.0846	1.02277	0	0.511428	1.02277	0.511428	0	0.511428	2.55551	3.57544	5.60788	2.55551	5.1009	5.1009	3.57544	0.511428	1.02277	2.55551	1.53396	1.53396	1.53396	1.53396	2.55551	2.55551	2.55551	0.511428	5.1009	4.0846	2.0449	1.02277	1.53396	2.55551	0.511428	2.0449	1.53396	1.02277	2.55551	2.55551	2.55551	3.06572	2.55551	0.511428	0.511428	0	1.53396	3.06572	3.57544	3.57544	5.60788	3.57544	0	1.02277	7.12325	8.1281	3.57544	1.02277	1.53396	3.57544	4.59311	5.1009	5.1009	3.06572	1.53396	1.53396	2.0449	2.0449	3.06572	5.1009	5.1009	2.55551	3.57544	7.12325	13.0662	1.02277	3.57544	5.1009	12.5799	38.7774	34.8477	7.62627	12.0918	9.12793	2.0449	1.53396	2.55551	2.0449	0	0	0	4.59311	10.1222	7.12325	2.55551	15.4676	15.9416	9.12793	14.0329	16.8828	19.6493																																																																																																																						
0.255692	1.78927	2.1761	1.61673	1.62684	1.99628	2.17619	3.25614	4.0924	4.52535	4.40556	4.08445	2.82214	1.84329	1.49063	0.973569	1.3767	2.37683	2.82789	3.15976	4.28982	5.83589	5.35127	4.70447	5.05273	4.33855	2.06061	0.973569	1.30356	1.14336	0.808526	0.361613	1.14336	0.511373	1.44616	1.94667	2.23539	1.63686	2.06058	3.82979	3.32049	2.56815	2.26442	2.42443	3.19563	3.70485	2.82214	2.19853	3.90531	4.85326	2.17619	4.62432	4.21327	3.97537	1.66648	2.68605	5.27817	5.08162	5.08162	5.25681	5.56721	5.9264	6.05549	6.38656	4.27851	3.50618	4.03621	2.53613	2.51682	1.54449	1.54442	1.86094	2.5361	1.9881	1.71483	3.07612	3.79574	3.80858	4.42384	5.32703	5.63066	5.51772	5.10705	4.15537	3.25608	2.91286	3.21572	5.16653	4.0081	5.15747	4.97547	4.68002	8.12138	5.10035	2.55536	2.80472	3.20055	3.70459	4.69041	5.45567	5.12906	4.15525	2.6676	2.20589	2.26428	3.63373	5.48214	4.92283	3.256	3.32033	6.36604	11.7308	9.37671	13.3205	19.7613	26.4504	38.1805	31.7188	7.16066	10.616	8.42875	4.33872	4.05648	4.34613	3.65165	0.90397	0	0	3.63373	9.29508	9.25264	3.25618	14.5138	15.8445	9.52117	14.2718	16.5297	19.653																																																																																																																						
0.766966	1.27814	2.43077	2.60555	1.81631	1.99609	2.73377	4.33446	4.09196	4.62406	4.34579	4.20925	3.08643	1.53374	1.08462	0.74537	0.571702	1.92117	2.75759	3.07589	3.95883	5.19125	5.41073	5.02344	6.04138	5.72638	2.51647	1.70504	1.80727	1.14325	0.361578	0.361578	1.14325	1.53366	1.02263	1.80736	2.37659	2.4106	0.255683	2.51656	3.54749	2.66748	2.34901	2.31406	3.48741	3.72196	3.32991	1.30351	4.40487	3.32978	1.88686	3.09162	2.43077	4.73462	3.31511	3.15423	6.1261	5.08109	5.08109	5.15692	5.56663	5.92579	5.88215	6.3859	6.32505	0.65184	3.55653	2.11518	2.51656	1.81633	1.09957	1.86075	2.34897	1.81633	1.55488	2.51656	3.79537	3.65135	3.87592	5.01381	5.63006	5.55212	5.15692	4.15493	2.45758	1.49049	2.45746	3.95867	3.19529	5.58974	5.24085	1.66636	7.8738	8.12652	3.27069	2.68573	1.99611	1.92107	3.32983	4.3457	4.98786	6.16008	4.65529	2.45746	2.50997	4.3642	5.72355	4.19748	3.95867	2.4106	4.45613	7.39102	9.58838	15.1561	23.8424	28.1493	31.4067	23.3116	5.52859	7.62479	6.32243	4.33827	4.16659	4.69007	5.19107	2.02043	0	0	1.62668	6.32505	9.86448	4.51044	12.58	15.6067	10.2632	14.7499	15.8208	19.6514																																																																																																																						
1.26522	0.921687	2.29959	2.75722	1.81615	2.18321	2.80987	4.50992	2.73357	4.19728	4.46683	4.76512	5.56613	5.88165	5.48142	4.59205	3.82493	2.45734	1.3034	1.1574	1.99593	2.53565	2.91242	3.25046	3.83748	5.45467	5.96322	6.52227	6.60057	5.90078	4.87262	3.70413	3.02757	3.07554	2.26398	1.921	1.63655	1.66615	1.45715	0.921706	1.31581	1.84293	1.8429	0.40421	1.77982	0.511309	1.81615	2.56764	3.15385	2.28547	3.7693	2.10728	1.14315	4.8524	4.34518	2.68538	4.48108	1.8429	1.31581	0.255646	1.27805	2.7156	2.76321	3.5056	6.69683	2.3557	3.19997	1.7145	2.41045	2.89559	2.7096	2.1833	2.23496	1.31585	0.571651	0.903777	2.60531	2.10718	0.723062	0.651782	1.27807	2.3557	2.85598	2.85598	2.35575	2.26398	2.9787	4.21252	3.00601	5.48132	1.921	2.94025	7.22171	8.27508	2.91793	2.43069	3.25554	2.94025	2.71562	3.11761	3.79074	7.01483	6.26311	3.79503	3.79503	5.88137	6.62211	4.12302	4.96126	3.15395	5.37734	11.8691	17.9962	21.6313	24.4595	21.7719	20.7324	14.7638	3.07545	6.24248	4.85574	2.16827	2.89559	4.2471	6.12544	3.37321	1.1574	0.808415	0.361545	2.94014	8.50965	5.99794	10.3186	15.6932	12.7145	16.3384	15.3828	20.0833																																																																																																																						
1.09938	0.571598	1.78876	2.02003	1.62638	3.15866	3.31935	5.26418	4.50951	3.95815	4.48092	4.65469	5.37686	5.88113	5.51615	4.70314	4.52397	3.25513	1.30328	1.21241	2.35545	2.70934	3.25014	2.91214	0.36151	3.40661	5.69739	6.45238	6.68692	6.12513	5.08018	3.95812	3.44922	3.07524	2.34859	1.9545	1.27798	0.180757	1.31573	1.71427	0.903712	1.84276	2.75103	1.15721	1.09936	1.14303	1.45701	2.56742	1.21241	2.88967	3.55603	2.55463	0.511264	4.34471	4.85188	2.93983	3.2148	1.84271	0.745252	0.255619	0.76687	2.0601	2.76295	4.16567	6.45198	2.35547	2.76287	1.99574	2.71536	2.73331	2.53541	2.41022	1.9545	1.15729	0.921593	1.66597	2.60504	2.10696	0.722991	0.745252	1.63637	3.11724	3.11731	2.667	2.35554	2.34859	3.88756	6.49165	4.92153	5.63178	5.08944	3.25516	5.27657	5.51577	2.23467	2.93997	3.31466	3.80744	2.41022	2.85572	3.97437	6.78184	6.26246	3.79466	3.79466	7.8256	8.62901	4.5984	5.65445	3.29491	7.03484	15.0746	19.3512	21.5222	21.8954	19.1565	16.4547	9.84976	1.05384	6.24182	5.10209	1.61636	2.73331	4.24667	6.36173	4.05514	1.21241	1.08441	0.808295	2.68509	8.25883	7.75808	7.05283	14.3604	14.4934	18.3983	14.9101	20.7513	16.0762	0																																																																																																																				
0.903623	1.21228	1.98734	1.45685	0.973201	3.07485	3.47226	5.48009	5.30046	2.51584	0.921525	2.40997	5.25476	6.62117	7.38909	8.32748	9.01427	7.58306	5.10188	3.82846	2.68497	1.14293	2.42338	1.94584	1.02228	1.14293	0.180739	1.45682	2.42338	2.55433	2.97819	3.82418	4.68189	4.99944	5.62846	6.13241	5.69679	4.83832	3.32901	2.55437	2.52871	2.42348	4.0065	2.70907	1.15717	1.21223	1.80675	0.745176	2.01985	3.46756	1.54384	2.53516	3.19438	3.44884	3.97389	3.55552	3.10644	1.66582	0.404131	1.15717	2.29927	3.00542	3.25488	4.07076	4.59091	2.34834	2.76267	1.99554	2.05983	1.54384	1.45682	1.4113	0.180739	0.766788	1.62622	2.6048	2.31328	1.94584	1.14293	1.31555	2.35522	3.19934	1.88627	0.542203	0.404131	1.45682	4.76397	8.58964	6.72189	5.16153	7.87158	4.36666	3.31905	3.7032	1.45685	2.01985	1.61612	3.56007	1.2778	1.45685	2.31328	5.50065	6.12161	3.40609	3.40609	8.90097	9.35073	4.25765	4.65396	2.76261	8.88851	14.1429	10.9017	10.7984	12.3142	11.98	9.29497	9.12573	9.92078	10.5799	7.19594	2.68499	2.88938	3.65026	6.36386	9.58569	11.5998	10.4853	7.73309	8.0696	11.5875	13.9945	19.1142	30.8249	34.8005	31.7756	21.5448	23.4075	19.4409	4.11447																																																																																																																				
1.09915	1.62607	1.81565	0.97315	0.745091	2.05962	2.98873	4.76016	4.63619	3.07467	2.66636	5.25407	6.3633	6.62059	7.38844	8.25781	9.65501	8.62592	5.52671	3.96146	2.50914	1.14283	1.94567	2.42316	0	1.14283	0.651564	1.21212	1.94567	1.84241	2.6047	3.55992	4.45463	4.80099	5.62796	6.13187	5.96153	5.2481	3.76823	2.10668	2.91155	2.31319	4.21139	3.29423	1.31547	0.542154	1.30296	0.651596	1.77931	3.21423	2.26323	1.92045	3.25461	2.17521	1.7044	4.03433	4.11394	1.92035	1.15701	1.81563	2.51561	3.06943	3.15308	3.06936	1.53308	2.20498	2.35508	1.71401	1.63607	1.31544	1.21212	1.15701	0.404095	1.27769	1.81563	3.60959	1.80659	1.48993	2.10658	2.50903	2.76237	2.76237	1.26486	0.404112	0.180723	2.20487	5.7467	9.79043	7.1641	6.48809	9.10377	4.87098	3.82792	2.93931	0.97315	0.903543	2.60457	3.31387	1.27769	1.6657	0.808149	4.03433	6.60571	4.90407	4.90407	9.14529	8.61097	3.50455	2.66636	3.19905	12.3392	14.8485	9.94155	10.7975	11.5862	10.7527	4.34404	8.36478	10.3161	13.8021	8.95868	2.7089	3.68094	2.73279	5.155	9.58485	11.5988	11.8826	8.3419	8.79143	11.7611	16.1693	25.7618	30.5613	38.164	38.9335	26.0256	24.7881	21.9709	7.06518																																																																																																																				
1.02208	1.53292	1.02208	0	0.511081	1.53292	2.55378	4.08184	3.57303	2.55378	3.57303	6.61469	5.09746	0.511081	1.02208	0	6.10987	6.61469	3.06365	1.53292	1.53292	2.04351	1.53292	2.55378	0.511081	1.02208	1.02208	1.02208	1.53292	0.511081	0	0.511081	1.53292	0.511081	1.02208	0.511081	2.55378	3.06365	2.55378	0	2.55378	0	3.57303	3.06365	1.02208	0	1.02208	0	1.53292	3.06365	2.55378	1.02208	1.02208	1.53292	0.511081	4.08184	4.59001	2.04351	1.53292	2.04351	1.53292	1.02208	1.02208	1.53292	0	1.02208	0	0.511081	1.02208	1.02208	1.02208	1.02208	0.511081	1.53292	1.53292	4.08184	1.53292	1.02208	2.55378	3.06365	2.55378	2.04351	0.511081	0	0	2.55378	6.10987	10.1155	6.61469	6.61469	9.61939	5.09746	4.08184	2.55378	0	0	3.06365	3.06365	1.02208	1.53292	0	3.06365	6.61469	5.6041	5.6041	9.12185	8.12266	3.06365	1.53292	3.06365	14.0237	14.9818	9.12185	10.61	11.103	10.1155	0.511081	4.08184	4.08184	14.0237	9.12185	0.511081	3.57303	1.02208	3.06365	4.08184	0.511081	8.12266	4.59001	5.6041	8.62292	14.5038	25.7199	10.61	30.106	39.0678	25.7199	24.0376	22.31	8.12266																																																																																																																				
1.80628	2.52799	3.50399	3.82737	2.85464	1.09896	2.68408	4.79981	4.05361	3.47132	4.0696	6.91725	5.65233	2.20455	1.94536	1.66544	5.68648	7.90184	6.99345	6.12015	5.29912	4.15248	2.23388	2.2843	0.722714	1.09896	1.63575	0.921243	2.01927	1.66541	1.78819	1.85969	2.8942	3.06883	3.47143	2.56641	1.37579	2.71431	4.28694	3.71984	3.47138	2.29861	4.15248	4.98502	4.7013	4.34332	3.46676	2.35461	2.35455	3.25384	3.02602	1.8596	1.88573	2.28437	2.17478	3.15747	4.25643	2.50854	0.921262	2.85461	3.50399	2.53443	1.62576	1.81528	1.05349	0.921243	0.404033	0.361371	0.722714	1.61573	2.19711	1.81528	0.972959	1.81529	2.35457	3.63133	1.3027	1.3027	2.91093	2.91093	2.17467	1.8596	1.15684	1.66544	1.66544	3.32794	6.11988	9.26685	6.0485	6.78635	9.17623	4.71824	3.97276	2.70823	0.571358	1.54345	4.38769	3.96878	1.53286	0.807991	0.808025	3.57271	6.49912	5.47851	6.40711	9.38846	7.58064	3.25382	2.58527	3.8568	11.7165	13.7148	11.3249	12.93	13.2565	10.7521	1.78819	3.65363	4.97185	13.675	8.50562	1.95373	4.54011	4.65287	3.48542	1.88573	3.70235	4.2105	8.88648	16.1984	16.8135	16.6787	22.3047	9.10201	26.1911	36.5689	30.3528	30.8213	26.4246	10.7508																																																																																																																				
2.19687	2.91072	4.71792	3.82703	3.79287	1.4563	2.93847	6.04797	4.28643	3.89412	3.85645	6.91664	5.88626	2.17459	1.80617	1.70399	3.71946	6.74097	7.11076	6.28539	6.30824	5.30156	1.95356	1.44507	0.722649	0.903308	2.05906	0.571325	2.75564	2.17452	1.78803	1.85952	3.44755	3.37138	3.47112	3.11583	1.37567	2.18206	3.95622	3.87336	2.988	2.29841	3.31796	4.62102	4.70089	4.40219	3.55891	2.76164	2.76158	3.02575	3.25355	3.35676	3.06842	2.04326	2.26269	1.27732	3.50355	3.25353	1.71347	2.56618	3.97252	3.5036	1.81511	1.62561	1.27734	0.571325	0.542	0.361339	0.722649	1.61559	2.52777	2.45586	0.903308	1.45634	2.35436	2.45586	0.807919	1.80607	3.40482	2.42247	1.41077	1.37567	1.3151	1.70399	1.70399	3.76705	5.63754	7.52083	4.79938	6.78575	8.18359	3.95604	3.71932	2.96053	1.55378	2.37499	5.24646	3.62663	2.55338	0.807919	1.0839	4.58919	6.24665	5.22481	7.90698	9.63242	6.33854	3.50355	3.71934	4.06924	6.99254	9.9025	11.1306	14.2132	16.2505	11.7221	2.05912	2.35434	6.74073	12.9488	7.25289	2.89392	3.79294	4.59648	3.71946	3.31292	3.75425	3.70182	13.7017	17.1702	16.1427	13.7108	14.3205	5.89716	17.442	28.4835	29.293	35.7279	30.8803	10.9392	8.25528	6.28519																																																																																																																		
2.89366	3.59471	5.86094	3.08411	5.64008	6.12166	3.55859	6.44084	5.55926	4.34237	4.16336	4.94809	4.52135	5.62587	6.23613	6.04774	4.50719	2.17433	2.62847	3.6486	6.15542	5.8114	3.80542	5.49837	6.12958	6.83486	7.47157	5.2523	3.07347	3.47066	3.2132	3.32747	4.32745	3.67962	3.31277	4.20987	4.36104	4.19452	4.4018	3.55859	2.75553	2.42908	2.35419	2.23347	1.4894	1.26437	1.88537	1.94491	1.91959	2.45561	3.3273	4.56048	4.1633	1.63544	0.903227	2.60372	3.60831	3.59471	2.68359	0.722579	2.81953	3.15172	2.3541	1.66506	1.09873	0.766432	0.744827	0.722579	1.0838	1.45618	1.37552	2.05885	2.05896	2.70789	3.9394	4.2862	3.97226	3.6531	3.29296	1.61535	0.903165	1.05323	1.37552	1.9946	2.35419	3.02544	4.46358	7.36788	4.76169	7.1277	7.68564	3.80518	3.86018	2.96021	2.01888	2.85394	4.75827	2.17431	3.19781	1.63544	1.45612	5.09601	5.62547	5.40336	9.11929	9.24463	5.37343	3.86018	3.65289	3.47066	5.33438	7.10984	10.5511	14.6445	13.9909	12.5514	5.18736	2.16682	7.44339	9.31255	7.91644	6.59862	8.16189	7.8033	6.2768	4.30104	4.45298	11.096	16.3379	11.3323	5.59411	2.50805	7.54568	11.0361	14.8354	19.1371	20.6481	35.7955	33.4219	11.0902	8.28321	6.28455																																																																																																																		
2.73147	4.75788	8.37365	4.74092	5.04807	6.21478	4.86546	5.94219	7.72837	3.96765	4.36055	1.63528	3.06795	5.80554	6.24576	6.20446	5.334	2.53369	1.3024	3.25303	6.59775	5.81086	4.56371	6.03373	6.12893	7.15424	7.63957	7.77164	2.18163	4.78837	3.38996	3.32712	4.32703	3.67925	3.25305	4.06854	4.52095	3.95548	4.34209	3.46577	2.82518	2.45548	2.35394	1.95317	1.3024	1.09864	2.1133	1.48921	0.65125	1.81476	2.91015	4.56006	4.3901	2.98729	2.58451	2.97649	2.97649	2.93794	2.45538	0.722508	2.31196	2.01872	2.76104	2.34692	0.903108	0.76635	0.651282	0.722508	0.807795	1.31484	0.571213	1.05319	2.18163	2.91581	4.3606	4.39025	3.95548	3.35627	2.11337	0.722508	0.65125	1.05314	1.85907	3.19752	2.35394	1.66494	3.19239	8.86928	5.74395	7.86714	7.68496	4.05243	4.36417	2.70746	1.77846	3.3561	4.00415	1.66494	2.76104	1.27709	2.20381	5.09556	4.61642	5.90418	10.1118	8.49577	4.86865	4.36417	2.66508	2.4086	5.12408	6.45777	13.9174	16.7702	6.93607	10.2013	10.5606	6.78443	5.89608	2.68335	7.01878	6.59795	9.93873	11.2834	10.8914	1.6649	6.67509	12.4511	15.0756	10.5118	4.30086	2.0187	5.55898	11.035	12.3377	14.067	16.2834	35.6249	36.1744	14.5779																																																																																																																				
1.53221	5.09511	9.61501	5.09511	0	2.5526	5.60152	5.60152	8.61898	2.5526	3.57137	0.510844	3.06223	2.04257	0.510844	2.04257	4.07995	3.57137	1.53221	1.02161	6.10706	5.09511	3.57137	3.57137	0.510844	3.06223	3.06223	8.11894	0	5.09511	1.53221	0.510844	3.06223	2.04257	0.510844	2.04257	3.06223	0.510844	0	1.02161	1.02161	0.510844	0.510844	0	0	0.510844	2.04257	1.02161	0	1.02161	2.04257	4.07995	4.07995	3.57137	3.57137	2.04257	1.02161	2.04257	2.04257	1.02161	2.04257	1.02161	2.5526	2.5526	0.510844	0	0	0.510844	0	0.510844	1.02161	0.510844	1.02161	1.53221	3.06223	2.04257	0	0	0	0	0.510844	1.02161	2.04257	3.57137	0.510844	0	2.5526	9.61501	6.10706	8.11894	7.61766	4.07995	4.58789	2.5526	1.53221	3.57137	3.57137	0.510844	2.04257	0.510844	2.5526	5.09511	4.07995	6.10706	10.6052	8.11894	4.58789	4.58789	2.04257	0.510844	4.07995	5.09511	15.4508	17.7957	3.06223	6.10706	13.0518	9.11769	4.07995	1.02161	4.07995	3.06223	8.11894	11.5891	13.0518	0	7.11521	11.098	12.566	8.11894	0.510844	4.07995	5.60152	4.07995	4.07995	10.1109	14.0175	35.5	37.4806	15.9243																																																																																																																				
3.02466	5.60679	9.99323	8.78556	7.01758	5.876	5.96276	5.94928	9.67446	8.42902	9.21686	8.75145	8.65694	6.93737	4.86795	4.1816	5.0724	4.22004	2.17369	1.88488	5.11984	4.28475	4.18154	3.19689	0.744605	3.10406	2.8245	8.21526	0.972455	5.35388	2.10515	1.09843	3.31163	3.15084	2.56518	3.50231	4.38567	3.70057	3.31669	3.75278	3.95468	3.06735	1.91915	1.05298	1.71285	2.20349	1.98582	1.45573	0.902954	0.744586	1.80537	3.5528	4.35969	4.86451	5.04376	4.00349	2.71299	2.45487	1.91905	0.571083	2.2617	1.66455	2.35337	2.29738	1.05293	1.05298	1.27687	1.21135	0.902954	0.403838	0.722366	1.30214	1.94442	2.53321	4.05164	3.06722	1.91915	2.04246	2.04246	2.04246	1.66463	0.403838	2.2617	3.35545	0.651154	1.15628	2.68282	9.66613	5.22278	8.70936	7.37231	3.90086	3.95449	2.4549	2.16618	3.76557	3.97095	3.06735	1.84116	0.361197	2.42822	5.47589	5.63534	7.66904	9.83669	7.15476	4.59445	4.15037	2.37406	1.61495	4.43324	8.30742	15.6816	12.2388	9.73134	12.5018	16.5123	16.5231	15.227	12.4737	10.9452	6.10674	6.04561	9.0977	12.8055	7.50133	10.374	13.0179	12.205	6.51576	0.651122	3.82533	6.65442	7.53708	9.79064	13.6469	14.6947	35.4404	37.8606	15.0785																																																																																																																				
2.91498	4.53753	7.8974	8.52163	7.24098	5.60647	4.59421	4.50538	7.849	8.30709	9.05041	8.74346	8.45644	6.93676	5.4668	4.86738	5.75076	4.68465	2.01819	1.77802	3.10378	2.34629	3.79103	1.99383	0.651096	3.10378	2.1127	8.21454	2.70669	5.85876	3.10378	1.26389	3.55703	4.28437	2.56495	3.36976	3.88403	3.75245	3.31639	3.70024	4.28451	3.36976	2.37388	1.27673	2.76025	2.17355	1.41017	1.66442	0.972404	0.403802	1.30196	2.19582	3.44593	4.6882	5.04331	4.50532	4.45106	3.21177	1.6644	0.571032	2.50711	2.93706	1.85854	1.78707	2.05805	1.27673	1.27675	1.15618	0.972404	0.74452	0.722302	1.30202	1.8053	2.70676	5.79529	4.79709	1.95262	2.04227	2.04227	2.04227	1.77802	1.70309	2.50711	2.85287	0.90285	1.21125	2.45468	9.66528	3.44582	9.69447	6.63215	3.40318	2.68256	1.81424	2.16599	3.32604	3.15064	3.36976	1.841	0.361165	2.17343	6.23338	8.06245	8.78635	7.50246	5.1508	4.59404	3.15568	2.17348	1.61481	4.67428	14.1196	14.9972	2.04227	9.73049	12.7523	14.5866	15.9635	15.4458	13.2543	11.6669	8.60284	1.88465	3.95417	10.232	7.57675	10.2093	12.6172	9.44349	3.0881	0.902827	3.31622	8.65029	11.5576	11.9446	13.4718	12.3303	34.7615	38.1727																																																																																																																					
1.02132	2.04198	4.07879	4.07879	2.55187	0.510699	1.53177	1.02132	3.06136	1.53177	2.55187	0	1.53177	2.04198	3.57036	4.07879	5.59993	4.58659	1.02132	0.510699	2.04198	0.510699	2.55187	0.510699	0	3.06136	1.53177	8.11666	3.57036	6.10533	3.57036	1.02132	3.57036	4.58659	0.510699	1.53177	1.02132	1.02132	0	0.510699	2.55187	2.04198	2.04198	1.02132	3.06136	0	0.510699	1.53177	0.510699	0.510699	1.02132	1.02132	1.53177	3.06136	3.57036	3.57036	5.09366	3.57036	1.53177	1.02132	2.55187	3.57036	1.53177	1.53177	2.55187	1.02132	0	0	0.510699	1.02132	1.02132	0.510699	0	2.04198	6.60978	5.59993	0.510699	0	0	0	1.02132	2.55187	2.55187	2.55187	1.02132	0.510699	2.04198	9.61232	2.55187	10.1081	6.10533	3.06136	2.04198	1.02132	1.53177	2.55187	1.02132	2.04198	2.04198	0.510699	2.04198	6.60978	9.11513	8.61656	5.59993	4.07879	4.58659	2.55187	1.53177	0.510699	4.58659	16.8601	14.0136	6.10533	3.06136	7.1132	6.60978	6.60978	5.59993	6.60978	7.1132	9.11513	0.510699	1.02132	7.1132	1.53177	6.60978	10.1081	6.10533	0.510699	1.02132	3.06136	9.61232	13.0482	10.6023	9.61232	8.11666	34.1151	38.1106																																																																																																																					
0.920537	1.99344	4.53665	6.49691	7.07	7.13076	6.54367	6.04421	7.15084	7.61719	8.27297	7.54157	4.96832	3.79031	4.24182	4.63174	6.43224	5.73839	2.53247	2.6022	3.26633	1.54222	2.05772	3.95358	4.46128	5.46573	5.09654	6.60913	2.50662	4.72832	3.42156	1.15595	3.57905	5.23363	2.55169	3.3691	2.73016	1.84064	2.42094	3.71262	4.89957	5.23388	5.46573	3.89158	2.75971	0.765982	1.40989	3.80312	4.46128	4.79639	3.57924	2.05775	0.744374	2.62696	4.06649	4.20735	5.74964	4.388	2.19539	1.70276	1.98525	4.33987	3.26633	2.10455	2.68203	1.71231	1.5528	1.78682	1.71236	1.6641	1.14173	0.744392	0.765982	1.70276	6.12569	5.4949	1.48853	0.744392	0.570938	1.21101	1.31421	2.3527	2.56431	2.85231	2.35275	1.78682	1.88429	9.11418	2.17307	9.87207	5.44189	2.80637	1.85818	1.31417	1.61442	2.34579	1.7776	2.60207	2.11228	1.09812	2.28255	7.12368	9.87207	8.27259	5.0454	4.36208	4.94528	2.18049	1.05268	2.4543	5.41523	16.0442	15.3462	5.89319	7.84733	11.0001	13.4503	14.2603	14.6178	15.3786	14.7305	14.8352	7.71858	6.41747	7.02682	3.38833	7.32476	11.4722	7.30942	1.45536	1.48853	2.90871	10.1564	13.8099	11.7078	10.2498	8.12564	34.1697	37.8193																																																																																																																					
0.570887	1.55267	3.57892	5.87382	6.87693	7.13013	6.49395	6.01171	6.83028	7.57461	8.10964	7.94347	6.03294	4.53619	4.24144	4.41701	7.39334	7.99888	4.05015	2.60196	4.10968	3.25104	2.71198	4.19169	4.47535	5.07388	4.98086	3.26608	0.650911	1.95196	2.55142	2.01757	3.57873	6.49361	4.10968	3.501	3.6461	1.84047	3.24612	4.10979	4.6835	5.04521	6.00358	5.24865	1.71221	0.765913	1.98507	5.12117	4.67316	4.99377	3.79004	2.40723	1.21085	1.4884	3.85351	4.00194	5.9793	5.0832	2.62673	2.95826	1.66399	3.96539	5.01613	3.1029	2.93622	2.66356	1.71221	1.78666	1.99326	2.34558	1.14162	0.650911	0.765913	0.972091	5.11793	5.00323	1.80474	1.31405	0.920455	1.62437	1.15585	1.85801	2.56408	3.35419	3.65051	2.05754	1.26353	8.11509	1.88417	8.90695	3.95713	2.29652	1.37461	1.54208	1.61428	1.66395	3.00185	3.60581	1.88412	1.26353	2.28234	7.86271	10.8353	7.06907	3.80267	4.86589	5.44141	1.27634	2.51288	2.42744	6.11732	13.9389	17.427	5.15874	13.8523	9.83194	13.0463	13.9654	14.3189	15.8307	15.38	16.3645	19.2253	10.097	5.37019	3.21102	6.51099	12.8626	8.9968	1.40976	1.30165	2.42062	11.1374	14.9931	12.8779	10.0207	6.98731	34.1673	37.1747																																																																																																																					
2.05738	2.66345	2.85192	1.70254	1.62422	1.71206	1.71206	1.542	1.6142	1.31397	0.920373	2.66333	4.89201	5.96008	5.96008	5.60427	8.51459	10.5539	9.50493	8.99646	9.07487	7.49995	4.44956	0.920392	1.99308	3.02326	3.06065	3.06065	3.71631	3.19046	0.74426	2.71175	4.84888	7.63007	4.58529	1.54194	3.54204	2.51275	4.17961	4.32794	3.95285	3.46816	4.98023	5.54356	2.75342	1.6142	1.94345	5.25728	3.02317	2.97453	4.1134	5.31845	5.09239	2.42051	3.08165	3.0658	4.59233	4.72753	4.10942	5.54369	5.7934	5.15538	4.63092	2.56385	3.315	3.468	1.45503	0.36103	1.45506	2.71173	2.45384	1.80462	1.40964	0.902535	4.07763	4.29783	1.99308	2.35235	1.37454	1.54194	0.807262	1.48823	2.45374	3.8573	4.60288	2.34546	2.85194	5.2327	4.32419	7.5652	3.54204	2.53202	0.807262	1.0979	1.9849	1.88395	3.82356	3.57841	1.712	1.55245	2.66333	8.79203	11.6066	6.21049	2.80011	4.86545	4.98015	1.80462	3.14939	0.650821	7.12242	13.1801	16.5399	2.71173	15.9766	5.60427	4.91496	6.77296	5.04464	10.1192	14.0293	17.3464	22.3633	10.4723	4.04996	6.10393	7.61363	13.5374	14.8919	13.3442	10.3016	6.76381	12.3753	16.1153	12.9346	9.51943	7.40138	34.8733	36.1731																																																																																																																					
2.17996	2.56371	3.11284	1.8838	1.81337	1.99287	1.55236	1.66366	1.61403	1.15562	0.570775	0.920293	3.31478	5.64942	6.29457	5.60367	7.36183	8.99532	9.12586	8.9885	8.73385	6.93345	4.44909	2.66304	3.19507	3.44428	3.06032	3.06032	4.06543	3.48177	4.25198	2.05716	6.51208	8.6279	4.5848	0.650783	2.71145	2.51248	4.59191	4.87498	3.86965	3.89047	5.19514	4.91451	3.29019	2.16495	1.48807	5.50795	4.1907	2.60146	4.00129	5.2324	6.50972	3.24549	2.62621	2.82289	2.56358	3.25047	3.71157	4.99279	5.71458	4.84525	2.50602	0.570757	3.31465	3.95635	2.20212	0.807141	0.971936	2.05714	2.58262	1.94331	1.45494	1.0978	3.06016	3.55532	1.71187	2.35209	1.3744	1.3138	0.807176	1.08286	2.20212	4.36084	5.34182	2.20223	2.85164	0.541478	5.93234	5.54297	3.54166	2.34516	1.48807	0.74418	1.81339	3.06547	4.33108	2.56358	1.71182	2.56358	3.64977	9.76722	12.0832	5.51968	1.81339	4.36084	3.71575	2.52534	1.8838	1.91795	8.84657	13.8887	12.9696	3.54166	13.34	10.5068	5.15773	8.88929	4.87502	11.2528	18.2291	18.2906	16.2718	8.57281	5.2323	6.10328	7.61282	10.2274	13.4692	13.7882	11.7404	7.06801	11.9298	16.1137	11.5522	9.28447	8.72267	35.8797	34.4836																																																																																																																	1.02097				
1.02082	0	2.041	1.53103	1.53103	1.53103	0	1.02082	0.510453	0.510453	0	0.510453	0	3.05989	4.58439	3.56864	4.58439	4.58439	2.55065	0	2.041	0	3.56864	4.07684	3.56864	2.55065	0	0	2.55065	2.041	6.10242	0.510453	7.10981	9.11082	4.58439	0.510453	1.53103	1.02082	4.07684	4.07684	1.02082	2.55065	4.58439	3.56864	2.55065	2.041	1.02082	5.59726	4.58439	0	1.53103	1.53103	6.10242	3.05989	2.041	2.55065	1.53103	1.53103	0.510453	1.02082	1.53103	0.510453	1.02082	0.510453	3.05989	4.07684	2.55065	1.02082	0	0.510453	1.53103	1.02082	0.510453	1.02082	2.55065	3.05989	0.510453	1.53103	1.02082	1.02082	0.510453	0.510453	2.041	4.58439	5.59726	1.02082	0.510453	2.041	6.10242	3.56864	3.05989	1.53103	2.041	1.02082	1.02082	3.56864	4.58439	2.041	1.53103	3.05989	4.07684	10.1033	12.0694	4.58439	0.510453	4.07684	3.05989	2.55065	0	2.55065	9.60778	14.0072	11.0897	5.59726	10.5973	12.5567	5.09122	9.60778	3.05989	11.0897	19.1605	15.9128	11.0897	7.10981	5.59726	0	4.58439	3.05989	2.55065	5.09122	8.11281	3.56864	10.5973	15.4396	10.1033	8.61247	8.61247	36.1505	33.3965																																																																																																																	0				
3.62702	3.1019	3.24989	2.71096	1.27588	1.27582	0.255204	1.54148	1.66336	1.8574	1.78599	1.8574	1.45468	2.30974	4.02854	3.98015	5.42463	5.9448	4.80417	3.49974	1.54155	1.26305	4.15894	4.5557	3.59094	3.36741	3.38676	4.20556	3.24995	2.70495	5.93121	3.55028	4.84405	9.05618	5.87129	0.971713	1.30108	1.14123	4.02854	2.81657	2.01684	1.54148	3.81822	4.51662	3.96388	3.24986	1.05219	4.64687	4.7838	1.71156	2.17196	1.45462	5.95544	3.81822	1.05213	2.51191	2.05669	1.71149	0.971761	1.48784	2.19439	2.10368	2.41981	2.81677	3.24488	3.40088	2.42636	0.920099	1.05219	1.05219	0.902216	1.08266	1.21045	1.71156	2.05669	2.17945	1.8574	2.34473	1.81305	1.0976	0.902247	1.45465	2.19434	3.96782	5.36782	1.45459	0.650667	3.6447	6.81566	4.51662	3.07024	1.99248	2.35166	2.40632	2.05676	3.81822	4.67114	2.58207	2.34473	3.71509	4.38591	9.82767	11.4628	4.35999	0.920099	4.20526	3.18933	2.17945	1.8574	3.96795	8.1061	11.311	12.8071	13.3958	7.78692	9.22158	9.11899	12.5326	11.431	17.3393	20.1175	14.947	10.0791	7.36673	6.58901	3.80143	6.93676	9.23569	10.2578	11.2663	12.8357	10.0563	11.6775	15.3585	10.8627	9.66709	8.78052	33.4898	33.3051																																																																																																																	0.721819				
3.71486	3.41972	3.4244	3.06994	1.27575	0.765504	0.765504	2.25977	2.17181	1.8572	1.7858	1.8572	1.81287	0.806911	2.62547	3.26451	4.86037	5.75764	4.80369	3.93487	2.58183	2.82209	4.3855	4.55528	2.93486	4.04821	4.6846	4.22046	3.06473	2.53105	4.3225	4.33744	0.360888	8.33658	7.81238	1.70179	0.806911	1.14111	3.54977	0.360888	2.17183	1.09747	2.01664	4.32623	4.33741	3.85166	1.63356	2.66229	4.3299	2.75814	3.44318	0.971659	5.23069	4.51611	1.05203	2.0565	2.51168	1.71133	0.902182	1.30103	1.94276	2.10346	2.30965	2.81647	2.41956	1.94269	2.17177	0.570613	1.27575	1.05208	0.403476	0.806946	1.1553	1.55192	1.05208	0.765545	1.8572	2.53103	1.98412	0.902182	1.09747	2.0166	1.80387	2.70462	4.86356	2.20149	1.54134	5.18122	6.81504	4.32623	2.17934	1.99229	1.8572	2.71069	2.05655	3.59061	4.42946	2.79902	2.53103	3.93476	4.15855	9.09005	10.2318	3.8558	1.37395	4.45851	3.44318	1.27573	2.35142	4.55886	4.91305	5.40035	10.2201	13.4979	9.50273	4.25098	8.58364	13.1153	13.8114	18.2991	16.6707	10.793	7.46912	7.61252	7.78592	4.55894	6.39895	8.99299	10.2018	11.2652	12.9898	10.7731	9.82866	13.7805	10.8617	9.89037	7.66256	27.6344	32.5915																																																																																																																2.28125	1.6135				
4.62881	5.39105	5.57857	3.85132	2.19398	1.80376	1.48755	1.95085	1.77643	0.360856	1.31334	2.29534	3.3861	3.2092	2.01648	0.971537	2.75197	4.11124	2.91238	2.74608	3.9996	3.95077	4.25039	4.44725	2.7579	4.61471	4.68066	1.61343	2.53081	2.40586	3.24932	5.15286	5.05181	4.84319	8.61016	5.15286	2.2307	1.5517	3.46634	2.56276	4.64627	5.39105	4.25061	4.68419	4.55846	4.33702	3.76214	2.45268	2.05629	3.49893	4.68066	1.30091	4.25039	3.96711	2.19394	1.08245	1.88304	2.45266	2.42606	1.95095	1.54125	1.4544	1.66306	1.85704	1.91734	1.94259	1.83939	0.403457	1.15513	0.510308	1.02053	0.18043	0.570562	0.765477	0.743902	1.14097	0.806874	2.16414	2.62531	2.50508	1.85704	2.05631	1.99211	2.71043	4.9159	2.23065	3.24919	5.7122	5.25476	2.66205	0.971537	1.94252	1.02059	2.17164	2.51154	3.2889	3.71001	2.60036	2.58157	3.9508	4.21607	8.10467	9.11172	3.95077	1.61336	4.33693	3.20903	1.45437	2.82196	5.85677	7.10136	4.7831	2.45266	5.87845	12.9568	6.45047	4.06392	11.2157	13.0386	16.3909	10.6207	4.25039	5.93013	9.32662	9.38702	4.10734	2.90684	2.79884	4.97803	8.56072	11.9257	11.3093	7.6621	10.9248	10.0711	9.4769	6.66743	23.6053	30.5739																																																																																																																2.16414	2.16414				
5.75657	5.24536	7.52929	4.95134	1.94241	1.80359	1.30079	0.743807	1.09726	1.80347	2.23042	2.51131	3.20891	3.3858	2.23049	0.541222	2.01619	3.86763	3.14752	2.74579	4.75195	4.71104	4.50089	4.94152	3.19355	4.84606	4.21564	1.61328	2.34406	2.17894	2.93444	4.51192	6.97126	0.806755	6.90689	6.11076	4.84606	2.56235	3.95446	3.78742	4.64586	5.24536	4.61445	5.26657	4.7656	3.96275	3.54927	3.08521	1.05183	3.28857	5.15217	1.48741	3.49851	2.70409	1.80353	1.08235	0.902021	2.20121	2.45246	2.23049	1.66288	1.40883	1.70157	1.85687	1.95077	1.80359	1.1409	0.541222	1.40874	0.510253	1.02043	0.403397	0.919837	0.765409	0.650481	1.14086	0.806801	1.61328	2.41912	2.58144	1.85687	1.63325	2.85016	2.71016	4.91539	1.31322	5.50532	5.4702	3.49851	1.711	2.70409	2.41899	1.0205	1.66292	2.51131	2.70418	2.74579	2.60008	3.30816	4.1887	4.68018	6.87199	8.11358	4.71104	1.61319	3.82978	2.4523	2.01622	3.02153	5.21769	7.4935	6.66689	3.24894	4.72479	12.0165	7.10044	3.71419	9.6709	13.9332	20.7151	11.5999	0.743832	5.08937	12.2263	11.844	4.10692	2.52415	3.99927	5.75668	7.85794	11.2877	11.7729	6.73157	7.88977	9.82492	9.96555	7.14735	21.8696	27.6553	13.3677																																																																																																																				
5.80315	3.69636	8.77552	7.35544	2.51105	1.85667	1.78529	1.66274	1.02039	1.61304	2.88389	2.97245	1.66268	3.24871	5.09221	5.83372	3.82964	1.95047	3.24858	2.97245	4.95089	5.67732	5.92898	6.02817	3.74833	5.68572	4.45368	2.28067	2.16371	2.309	3.86745	4.04723	8.40979	4.18832	4.24956	4.04704	6.08115	4.50418	5.01876	4.91495	2.25912	1.61304	2.74554	4.79207	3.86728	2.97245	1.81233	2.98331	2.75736	2.05591	3.86728	2.74565	2.01603	1.63312	2.66165	3.14733	2.67986	2.17126	1.53038	0.971347	0.971347	0.650412	0.919769	0.57045	0.255109	0.180395	0.180395	0.541169	1.45407	1.05178	0.570432	0.570432	0.765286	0.180395	0	0.806681	0.806681	0.360786	0.806716	1.54095	2.01607	0.806716	2.50448	2.58107	4.96383	0.743737	6.97051	4.69349	2.59985	1.83903	3.54876	1.80331	0.510235	0.901878	1.20992	1.94214	3.49825	5.04125	6.50612	7.08195	6.70457	7.23324	8.10318	5.3659	2.40539	2.20087	2.81567	6.36698	7.39666	7.118	8.13458	9.1566	4.87222	4.33617	11.0004	7.88719	6.78756	10.6582	15.2438	21.735	11.4168	2.56226	4.4717	12.5606	12.9096	4.59978	2.20087	4.35467	4.44638	1.7109	6.3113	9.82591	7.88934	7.18691	10.9327	10.6041	7.32071	19.5215	24.4343	14.0201																																																																																																																				
5.80264	4.04685	8.36203	9.33249	3.06882	1.85651	1.78513	1.70123	1.44273	0.721478	2.28047	4.82851	4.29455	3.38514	5.00244	5.88795	5.39537	1.45392	3.02086	2.97218	3.85022	5.06625	6.81251	7.23249	5.00218	7.67414	4.89483	2.88363	2.16352	2.90605	4.41335	4.27967	10.0745	4.91122	3.49789	1.88251	4.97643	4.88828	5.46044	5.86858	3.49789	2.59962	2.7453	5.04066	3.14696	2.97218	2.45189	2.51074	2.35053	1.05169	1.45396	2.7454	1.62298	1.63297	2.56203	3.28802	2.79805	2.20078	1.8389	0.541121	0.743671	0.74369	0.919687	0.570399	0.255086	0.403325	0.403325	0.403342	0.971296	1.05169	0.570381	0.570381	0.255086	0.403325	0	0.360753	1.30048	0.806609	0.806644	1.40856	2.17102	1.48709	1.31293	3.30757	5.7218	1.9503	7.46419	3.70896	2.59962	2.7453	3.0793	0.360753	0.510189	1.6625	1.45392	2.41855	5.07887	6.37882	7.17738	7.2327	6.14631	6.65368	7.4408	4.53232	2.17852	0.743671	4.33579	7.54069	7.59958	7.07244	8.60973	11.0962	5.88774	3.96201	9.62205	6.62248	6.75868	14.0007	18.5028	19.7262	9.51391	3.42786	6.23661	10.6031	12.4276	6.32835	3.46067	4.59937	3.95375	1.71075	4.26835	8.29765	9.03143	6.27523	11.3753	9.71923	6.23671	16.5279	20.7616	13.1301	10.7904																																																																																																										0.2551									
5.0878	2.54892	6.6022	9.6014	2.54892	0.510108	0	0.510108	1.53	1.53	0.510108	5.59349	5.59349	2.03962	1.53	1.53	5.59349	3.05782	2.54892	2.54892	2.54892	3.56624	6.6022	7.60681	5.59349	8.60673	4.5813	2.54892	1.53	2.54892	3.05782	2.03962	10.5903	5.0878	3.05782	0.510108	3.56624	4.07409	5.0878	6.09832	4.07409	3.05782	2.54892	5.0878	2.54892	2.54892	2.54892	2.03962	1.53	0.510108	0.510108	1.02013	2.54892	2.03962	0	2.03962	1.53	0.510108	1.53	1.02013	0.510108	0.510108	0.510108	0.510108	0.510108	0.510108	0.510108	0	0	0.510108	1.02013	0.510108	0	0.510108	0	0	1.53	1.02013	0.510108	0.510108	1.53	2.03962	0.510108	3.56624	6.09832	2.54892	7.60681	3.05782	2.54892	3.05782	2.54892	0.510108	0	2.03962	1.53	2.54892	5.59349	6.09832	5.59349	4.5813	2.54892	4.5813	6.09832	3.05782	0.510108	2.03962	5.0878	6.09832	3.56624	1.02013	6.09832	11.0824	5.59349	2.54892	8.10739	2.54892	0.510108	14.9545	20.0539	18.692	8.10739	3.56624	7.10505	9.6014	12.0615	7.10505	4.07409	4.5813	3.56624	1.53	0.510108	3.05782	6.6022	2.54892	10.5903	8.10739	4.5813	14.9545	18.692	11.5728	11.5728																																																																																																										0									
5.08735	2.5487	6.60161	9.60057	2.5487	0.510062	0	0.510062	1.52986	1.52986	0.510062	5.593	5.593	2.03944	1.52986	1.52986	5.593	3.05755	2.5487	2.5487	2.5487	3.56592	6.60161	7.60614	5.593	8.60598	4.5809	2.5487	1.52986	2.5487	3.05755	2.03944	10.5893	5.08735	3.05755	0.510062	3.56592	4.07373	5.08735	6.09778	4.07373	3.05755	2.5487	5.08735	2.5487	2.5487	2.5487	2.03944	1.52986	0.510062	0.510062	1.02004	2.5487	2.03944	0	2.03944	1.52986	0.510062	1.52986	1.02004	0.510062	0.510062	0.510062	0.510062	0.510062	0.510062	0.510062	0	0	0.510062	1.02004	0.510062	0	0.510062	0	0	1.52986	1.02004	0.510062	0.510062	1.52986	2.03944	0.510062	3.56592	6.09778	2.5487	7.60614	3.05755	2.5487	3.05755	2.5487	0.510062	0	2.03944	1.52986	2.5487	5.593	6.09778	5.593	4.5809	2.5487	4.5809	6.09778	3.05755	0.510062	2.03944	5.08735	6.09778	3.56592	1.02004	6.09778	11.0814	5.593	2.5487	8.10668	2.5487	0.510062	14.9533	20.0522	18.6904	8.10668	3.56592	7.10442	9.60057	12.0605	7.10442	4.07373	4.5809	3.56592	1.52986	0.510062	3.05755	6.60161	2.5487	10.5893	8.10668	4.5809	14.9533	18.6904	11.5718	11.5718																																																																																																										0									
6.17304	4.5025	5.00076	9.1256	3.42687	2.45129	2.10207	1.45355	1.66205	1.88203	2.05522	4.35674	5.33681	2.82024	2.34981	2.10976	6.02331	4.35312	1.81166	1.88197	3.19206	3.86584	5.8065	7.93433	8.53371	11.3899	9.36371	6.62311	4.35697	4.17529	4.55595	3.54757	8.10597	5.8065	0.80638	2.70298	4.62608	4.67801	4.94904	6.40953	5.95386	5.71197	4.61226	5.14983	2.37047	1.66203	2.52296	3.36497	3.53842	2.40449	1.26209	1.31256	2.9822	2.58013	1.66212	2.70889	2.34295	1.61251	2.1629	1.81168	1.71026	2.17045	2.343	1.27493	1.27491	1.5509	1.77549	1.40816	0.97102	0.540967	1.05134	0.180327	0.806414	1.09677	0.540967	0	1.40808	1.27487	0.570218	0.255027	1.88197	1.94141	0.806414	3.62411	6.1313	3.14609	7.8073	3.7123	2.72677	1.91614	2.52296	1.80273	1.30011	2.72677	1.45355	2.17034	5.72018	6.09724	5.34582	4.84045	3.39834	5.31268	6.34678	3.6729	2.10207	2.93299	5.61839	7.23057	5.99679	4.93948	7.75852	11.5616	7.07922	5.36403	7.87812	2.70291	2.40449	14.3693	15.7637	19.4889	17.2431	10.195	8.71456	10.3989	12.3217	7.60757	4.60856	4.70887	3.57466	1.15447	0.743459	2.05514	6.48883	3.98535	8.23954	7.48768	6.84105	16.414	19.5992	10.9639	11.2204																																																																																																										0.180327									
5.97197	5.71124	1.77523	7.90133	3.4265	2.42442	2.54828	2.01506	1.45337	1.70057	2.055	1.8557	4.59758	4.0451	3.85285	1.94963	5.58049	4.97449	1.45339	0.901491	3.64598	4.10847	3.61931	6.02548	7.87753	10.8723	9.77509	6.53501	4.58725	4.17485	4.15551	3.32109	3.05695	6.2726	3.82761	2.6786	5.28788	5.14924	3.84872	5.21757	5.64353	5.71137	4.24774	3.96047	1.54021	0.180308	1.80254	3.06239	3.81928	3.46405	1.88177	1.54016	3.464	2.79688	1.70057	2.7086	2.5291	1.61234	2.16267	1.9826	1.99078	2.25814	2.72652	1.63233	1.63231	1.55073	1.88183	1.45342	1.45337	0.403184	1.05123	0.650068	1.08172	1.26196	1.20934	0	1.15435	1.78434	0.570158	1.05123	2.10947	1.48651	0.806328	3.38368	5.88538	3.36452	7.80647	3.93176	2.17017	0.403167	1.80254	2.52269	3.82761	2.93262	1.20939	1.40793	5.97185	6.0966	4.83993	5.34525	4.89287	6.02529	6.10975	3.67251	2.10185	2.57993	4.68105	6.6511	5.99615	4.93895	7.7577	10.8835	7.28241	5.64353	5.97197	2.01512	3.46405	12.9389	6.52501	14.8754	20.9394	14.9159	10.0753	11.3546	12.5608	8.34543	5.61483	4.96146	3.57428	0.403167	0.97088	1.27477	4.85997	3.57447	3.45931	5.03563	7.83699	18.9355	21.387	9.72986	10.4826	6.61966																																																																																																									0.403167	0.570158								
5.44019	6.5829	3.3499	6.34805	1.91577	0.970829	2.37001	2.52887	2.0548	1.70992	1.37283	0.764891	3.45901	4.50868	4.6771	2.19226	3.2217	5.06383	4.27759	3.41681	2.2793	3.36422	3.19153	3.4638	4.17448	7.72425	8.85295	7.93501	7.93501	8.59299	9.08287	9.0482	8.2307	7.60425	6.5513	3.74639	6.6793	7.95483	6.75538	6.05941	5.75284	5.97157	4.64273	2.50317	0.721132	1.15425	1.09653	1.52951	3.2418	4.45116	2.93236	1.27464	2.95432	2.74398	1.40781	2.01492	3.2418	1.80233	1.70034	1.55052	1.27462	1.05113	1.6617	1.45324	1.99058	1.20928	1.45326	1.55059	2.50962	2.45081	0.806256	1.3123	0.919226	0.970794	2.30756	2.10935	2.19972	1.3123	0.76485	1.3123	2.41739	1.29985	0.403131	2.56066	5.53662	2.74987	7.73844	4.19748	2.01492	2.45071	0.743314	2.42407	4.60766	2.52246	3.07793	2.90466	6.19246	6.03805	5.57422	6.75511	6.17951	5.97938	5.6825	3.2217	1.14014	1.29992	2.88225	5.04793	5.53683	5.64312	7.35353	9.20102	6.50719	4.06072	3.4167	1.77514	3.19144	8.80815	8.16705	10.2161	20.4834	22.1318	19.5743	17.9206	15.429	8.83488	6.20281	6.18471	4.35589	0.570125	1.27464	0.970794	6.67923	8.59299	8.09888	5.22624	7.50734	19.8717	21.9506	8.60356	9.02513	7.85844																																																																																																									0.36058	0.65001								
5.04743	6.37514	3.64544	4.44342	0.649941	1.4531	2.16975	2.34227	2.0546	1.55046	1.3727	1.27451	2.19938	4.02432	4.21242	3.54637	1.01972	4.15469	4.41082	3.97603	1.44189	1.77498	3.19123	3.46347	3.64544	6.05884	8.0452	8.09233	7.80546	8.41411	9.0474	9.08207	8.34437	6.28195	5.39227	4.15475	5.74118	7.66177	7.42817	6.34764	5.62831	5.85178	5.11717	3.24648	1.61196	1.40766	1.77489	1.83784	2.90438	4.89198	3.58718	0.764823	1.70016	2.74369	3.18599	1.77498	3.61863	3.0775	1.94915	1.55035	0.764768	1.05102	0.901269	0.97074	1.99039	1.15421	1.31222	1.55046	2.29338	2.67809	2.90426	1.53986	0.570072	0.743238	3.82686	3.28606	2.34233	0.9013	1.27448	0.743263	2.90426	1.80209	0.180274	1.55035	5.28681	2.01465	7.9875	5.18554	2.16977	3.62302	0.970693	2.16968	3.60063	1.80221	3.32043	4.02439	5.94923	5.11695	6.50652	8.99801	7.17303	5.48654	5.6819	3.22136	1.14003	1.2998	2.27916	4.02449	4.98668	5.59695	6.34764	7.36995	6.50652	3.84799	2.54776	2.52862	1.99041	3.20646	8.64705	9.91788	16.4383	21.1441	22.0938	23.3631	19.6903	8.83396	5.51286	7.62407	5.86513	0.919133	1.27451	1.45307	11.2392	9.74294	11.4514	10.83	7.99742	19.4188	21.288	7.60319	6.5894	8.32681																																																												6.40764	10.5224	11.9186	13.4533	17.3903	17.9125	17.0951	13.5832	7.2173																																				0.970693	0.360545									
3.58685	5.14783	4.10352	2.90409	0.806064	1.94065	1.81095	2.2575	3.711	3.46317	1.99021	2.05431	1.31204	3.70646	3.62269	4.04397	2.57912	0.919046	3.06673	3.81814	3.49565	4.07199	3.74566	1.88129	0.509817	1.94065	3.07722	3.26105	2.97025	2.34208	1.99021	2.01449	2.27885	0.806098	2.4236	2.50904	1.27439	3.34907	4.50074	6.90351	8.65347	8.79786	8.37931	7.82485	6.8199	6.18377	5.40668	3.97564	1.48612	4.60676	3.74547	1.45298	2.19929	3.79698	5.06284	3.8645	4.20064	3.46306	2.05434	1.37251	0.649882	0.901188	0.254914	0.743187	1.83762	1.77479	2.80198	2.80198	1.453	2.16949	3.85176	1.27437	0.403069	1.08141	4.24632	3.1857	1.2996	1.209	1.70953	0.649915	2.904	2.19183	1.20905	0.254914	4.66583	1.31208	7.14127	5.94869	2.34199	3.45833	1.53977	2.70783	2.34199	0.509844	2.34208	4.70713	5.63893	4.27662	5.89187	8.93938	7.65459	6.58402	6.62022	3.56421	0.901211	0.403069	0.509817	1.209	1.37256	2.19929	3.26105	4.7479	5.43313	3.42553	3.74566	5.54738	6.10044	6.41468	4.20064	2.84781	7.38451	14.4667	21.2974	28.5931	24.1779	9.97458	7.56082	9.52568	7.14127	1.40753	0.403052	2.50256	11.6088	6.75387	11.234	12.6021	7.85283	18.8057	20.7481	7.77782	5.21289	7.97886																																																												13.7068	13.4135	12.2691	15.3616	18.125	15.6201	19.7336	23.2099	18.0503																																				0.806064	0.720991									
2.93152	3.95899	4.10316	2.41681	2.3069	2.4167	1.62174	2.45009	3.79671	4.50036	3.19053	3.06638	0.743121	3.70613	3.38242	3.36327	3.7105	1.85501	2.70761	3.8178	2.99715	4.19649	3.86416	2.16936	0.509772	1.48595	2.62248	2.54733	2.96999	2.7255	2.34873	2.22831	2.27865	1.08132	1.15392	2.05416	0.764673	1.85501	3.06654	6.53259	8.53535	8.96709	8.84696	8.07897	6.9029	6.58363	6.12856	5.49733	1.48599	4.60635	3.99541	2.01431	2.34187	3.64027	4.86808	3.71067	3.62253	2.40333	1.6317	0.918965	0.901108	0.649825	0.254891	1.31193	1.83746	2.52815	2.98089	2.98089	2.57889	3.43927	3.34877	0.764632	0.540707	1.48595	3.49522	2.42339	0.805992	0.540707	1.70938	0.743121	2.4167	1.80182	1.62174	1.27425	3.4767	1.62174	5.14105	6.19071	3.55028	2.19899	1.40748	2.70759	0.970553	1.13978	2.57895	4.13833	4.94668	4.04362	4.39152	6.47087	6.53233	7.94841	8.34235	4.5783	1.09622	0.743102	0.509772	0.540707	1.37244	2.45009	2.54733	2.997	3.95074	2.75506	3.86416	5.24955	6.09991	5.94843	3.55044	2.56007	5.71775	11.8918	19.5867	32.2882	27.5514	9.37251	9.61487	11.6831	8.13718	2.1693	0.901108	2.2572	8.65958	5.6725	9.81746	10.6565	7.35128	18.1165	20.3001	9.01737	5.46504	7.72806																																																											15.0735	15.6494	11.9137	13.6704	17.7845	17.6299	15.6451	18.2226	24.8194	21.2046	17.3747	21.2292	21.4031	19.0052																																0.360477									0.540707	0.540707
2.03806	2.03806	2.03806	2.03806	3.05548	2.54697	1.01935	2.03806	1.52883	4.07098	3.56351	3.56351	0	3.56351	3.05548	2.54697	4.07098	3.05548	1.52883	3.05548	0	1.52883	2.03806	2.54697	1.01935	1.01935	2.03806	1.01935	1.52883	2.03806	2.03806	2.03806	2.03806	1.01935	0.509717	1.52883	0.509717	1.01935	2.03806	2.54697	1.52883	3.56351	5.08392	4.57781	2.54697	3.56351	4.57781	5.58924	1.52883	4.57781	4.07098	2.03806	1.52883	2.03806	3.56351	0	0.509717	0.509717	1.01935	0.509717	1.01935	0.509717	0.509717	1.52883	1.52883	2.54697	1.52883	1.52883	3.05548	4.07098	3.05548	0.509717	0.509717	1.52883	3.05548	2.03806	0.509717	0	1.52883	0.509717	2.03806	1.01935	1.52883	2.03806	2.54697	2.03806	4.07098	6.09369	4.07098	1.52883	0.509717	2.03806	0.509717	1.52883	2.54697	2.54697	4.07098	3.56351	3.56351	5.08392	5.08392	8.10127	9.09791	5.08392	1.01935	1.01935	0.509717	0	1.01935	1.52883	1.01935	2.03806	3.05548	1.01935	2.03806	0	0.509717	1.01935	2.54697	1.01935	2.54697	4.07098	13.5068	32.6415	28.488	7.09967	9.5942	12.5392	8.60025	2.54697	1.52883	2.03806	7.09967	4.07098	8.60025	9.5942	7.09967	17.7589	20.0397	9.5942	5.58924	7.60105																																																											17.2954	13.0239	3.56351	10.089	13.5068	6.59719	2.03806	4.07098	19.5886	18.6787	12.5392	10.089	13.0239	20.4883																																0									0.509717	0.509717
2.25675	2.50833	2.40281	1.8807	2.81257	2.81257	1.13959	1.66093	1.85464	3.43871	5.84675	6.12731	1.98965	2.74855	3.28482	3.41984	4.76017	4.17242	1.53934	2.30645	2.27828	4.27555	4.98475	6.18978	6.818	4.89034	2.62204	2.90326	3.58594	3.88419	4.05887	4.27555	5.53418	5.97682	5.22397	3.81711	2.25686	2.44961	3.54975	5.70539	5.64043	4.05887	3.31903	4.32049	5.86323	7.62157	9.51849	11.7808	12.3575	11.9205	9.6604	7.45747	6.03278	5.86323	7.03179	6.25147	5.08374	4.07084	2.67707	1.54985	1.66097	1.4857	1.09603	1.70905	1.70905	2.40281	2.44961	2.44961	2.84691	3.99463	2.67693	0.900978	1.61142	1.62142	2.84689	1.91485	0.402937	0.254855	0.970327	1.66097	2.70706	2.57844	3.31915	2.62204	2.90323	3.01805	4.35019	5.94701	4.42357	2.59725	3.45753	2.847	2.42304	3.41517	2.54684	1.94842	3.46203	3.84653	4.37603	5.57734	5.9228	8.6434	9.58036	5.96855	2.75452	1.37217	0.918804	0.900978	1.45255	2.05373	0.649697	1.94017	4.49596	5.47599	6.57997	6.60179	6.47241	4.6057	4.02286	1.4857	2.90876	3.8841	12.913	32.0236	29.9024	10.2989	10.4649	12.0515	7.9508	3.24522	1.88076	2.10827	6.0984	4.04283	7.25194	9.50984	7.38865	17.1034	19.9252	10.5829	6.0984	6.9838																																																											15.9577	14.5692	6.65687	10.7226	13.8714	6.23066	3.70977	6.34512	16.6571	16.618	10.5933	9.37554	11.0564	21.3489																																0.254855									0.540601	0.360407
2.50163	2.97992	2.40259	1.26112	2.30625	3.31873	1.13949	0.900898	2.34802	3.14376	5.57699	7.99187	4.10971	1.09591	2.70084	3.24495	4.5524	4.5841	1.81029	0.805763	3.6701	5.03554	4.78687	5.96827	6.86396	6.46922	2.30637	4.02251	3.70956	3.88385	4.19908	4.40873	6.63717	6.1034	6.32195	4.88318	2.34121	2.57821	3.70959	5.46378	5.63993	3.4944	0.360375	3.20492	5.59428	7.2099	8.97513	11.1519	12.3169	11.4948	9.24221	7.35392	5.97898	5.73011	6.6589	6.50134	5.18341	4.1953	3.14376	1.54971	1.5392	1.8013	1.26112	1.7089	1.7089	1.63126	2.19847	2.19847	1.98945	3.74407	1.91468	1.66078	1.61128	1.2086	2.34802	1.66076	0.180189	0.254832	0.540553	2.16873	2.70682	3.06031	3.61698	2.30637	2.52103	2.67684	3.43841	5.22329	4.6641	2.96914	3.43848	2.55934	2.79512	3.41487	2.10046	0.742891	2.05357	3.24493	4.37564	5.14591	5.92228	8.64264	9.57952	6.18901	3.42425	1.37205	0.918722	0.970277	1.66078	3.06551	0.180189	2.52103	3.96205	5.53377	6.66607	6.63975	6.50136	5.79118	5.34181	1.29918	3.14366	2.70684	10.6186	29.8171	31.373	14.9193	12.1779	11.0722	6.46905	3.06031	1.69945	1.88053	4.07818	3.36231	4.49538	9.26207	7.88615	15.6991	19.4747	12.2778	7.1029	5.72703	5.33275																																																											15.2244	10.5173	11.9446	14.5882	5.47522	6.37208	8.04118	10.4418	11.4245	5.79118	7.88615	6.73952	22.4279					2.29228			1.01923																																		
3.01737	2.74213	1.94804	1.09579	2.10785	3.34747	1.53898	1.66067	3.24459	3.75662	2.8803	8.47979	6.02072	1.05047	1.53898	2.10014	3.45667	3.69158	1.93972	0.74283	4.32326	4.35296	1.69927	3.24465	3.64332	6.78834	3.75673	2.90819	2.16845	2.44903	3.14332	4.55192	7.2769	2.95248	5.43054	3.81637	6.09754	6.13934	5.73785	6.26045	7.75004	8.73809	7.94563	6.6582	6.36421	5.24751	2.99598	1.05047	0.18017	1.31145	2.42257	3.3039	3.38124	3.14345	3.18938	3.81637	3.46146	2.70653	2.75393	1.70877	1.27378	1.66058	0.900756	1.31141	1.8101	1.94814	2.16856	2.55907	2.8179	3.31843	1.31141	1.94804	0.805677	0.540496	1.85428	1.15347	0.649602	0.764374	0.918605	1.78297	2.55894	2.65822	1.66058	0.540496	1.2738	1.54955	1.27378	4.45172	4.97063	2.9796	2.01358	2.90274	2.10793	1.05042	0.970138	0.900802	0.918605	1.78297	3.45667	4.3307	5.2104	7.97508	8.73046	5.33218	3.24459	2.84645	1.78307	1.3719	1.98109	3.70907	2.05343	3.01737	1.66064	2.52718	2.19078	0.402858	2.34781	5.40393	4.68767	0	2.34087	2.05341	7.3657	25.52	31.2398	20.8162	14.9644	10.761	8.43715	6.53	5.06373	2.55907	2.70049	2.42244	3.34747	8.22478	8.054	14.668	18.7255	13.4069	8.55749	6.52972	5.5329																																																											13.7211	17.2847	21.8013	24.9277	22.6827	23.6533	16.0048	9.3557	7.80069	4.78637	9.70849	13.9717	22.3948					6.10536			8.08765																																		
3.24426	1.83657	1.69904	1.77371	1.88017	2.84608	2.25611	2.16832	3.05972	3.31813	2.27763	8.47905	7.22358	1.27368	1.3113	2.09995	3.20413	2.93007	1.48524	1.3113	4.82917	4.85572	2.72416	3.63853	3.643	6.16716	4.67362	1.15343	2.42222	3.20413	3.86214	6.5292	7.90278	4.13635	5.92645	3.81603	6.22152	6.13879	5.63596	7.0003	7.80636	8.80188	8.90297	6.65761	6.36365	5.96703	4.13635	1.63092	0.649513	2.22724	2.79457	3.24439	3.47516	3.24436	3.1891	3.53503	4.14024	3.53494	2.3476	1.98908	2.17573	1.91431	0.649513	0.742764	1.45217	1.91441	2.19804	2.6581	2.7479	2.19063	0.742764	1.69904	1.29886	1.20831	1.37173	0.402823	0.742764	0.764306	0.569689	1.27364	3.57124	2.65798	0.180154	0.970051	1.27368	1.54941	0.764306	4.19811	5.72592	3.46105	2.70032	2.81192	2.36823	0.254782	0.540448	0.970087	0.569689	1.27364	3.20413	4.83582	5.46243	7.72439	7.98231	4.59367	2.44891	3.10693	2.05323	1.37178	1.80994	3.08076	2.05325	2.36819	2.1683	2.70032	1.29892	0.900675	3.64287	5.17288	2.74188	0	0.970087	2.05323	4.85572	19.5436	28.6788	24.8312	16.9713	8.87276	8.27789	7.13528	5.45384	4.58321	1.94787	2.16825	3.84957	6.47024	7.80596	13.9538	17.5856	13.4057	9.50228	9.26029	6.27998																																																													20.5167	25.3003	22.7293	23.1577	18.552	7.99856	5.94818	5.96699	8.61217	15.6518	17.5363				8.97822	8.59911	9.22686	10.5805	11.217										2.29183																								
3.05407	1.01888	1.52812	2.03712	1.52812	2.5458	2.5458	2.03712	2.03712	2.5458	0.509482	8.09757	7.59758	1.01888	1.01888	2.03712	3.05407	2.5458	1.01888	1.52812	5.08158	5.08158	3.05407	2.5458	1.52812	4.5757	4.06911	1.52812	2.5458	3.56187	4.06911	7.09642	7.09642	4.5757	6.09089	4.5757	2.03712	1.52812	2.03712	4.5757	2.03712	2.5458	6.09089	2.03712	0.509482	4.06911	4.06911	2.03712	1.01888	2.5458	2.03712	0.509482	1.52812	1.52812	1.52812	1.52812	3.56187	3.56187	1.52812	1.52812	2.5458	2.03712	0.509482	0	0	0	0.509482	1.01888	0.509482	0.509482	0	1.52812	1.52812	1.52812	1.01888	0	0.509482	0	0	1.01888	4.06911	2.5458	1.01888	1.52812	1.52812	0.509482	0.509482	4.06911	6.09089	3.56187	2.5458	0	2.5458	0.509482	1.01888	0.509482	0	1.01888	3.05407	5.08158	5.58667	7.59758	7.59758	4.06911	0.509482	2.03712	1.52812	0.509482	1.01888	2.03712	0.509482	1.52812	2.03712	2.03712	0.509482	1.52812	4.06911	4.5757	1.52812	0	0.509482	1.01888	3.56187	15.884	26.0623	25.6498	17.2879	6.09089	5.08158	4.5757	3.05407	5.58667	1.52812	2.03712	4.06911	5.58667	7.59758	13.5008	16.8222	13.0181	9.58984	10.5776	6.59417																																																													5.58667	16.3542	5.58667	0.509482	15.884	1.52812	2.5458	5.08158	3.05407	11.0691	10.5776				10.0845	8.59633	1.01888	1.52812	11.0691										0																								
2.95149	1.70823	3.06439	3.99285	3.38028	2.8851	2.10726	1.54903	2.25567	2.81122	0.402761	7.59888	7.60724	2.84564	1.69878	1.61058	2.69972	2.65746	1.45182	1.80055	5.10626	5.24575	3.61993	3.66867	3.07498	5.41438	7.02845	6.52814	1.80065	3.39443	4.10417	6.36213	7.73126	5.66881	3.34652	6.6537	6.01658	6.88678	7.70687	7.77224	5.48214	5.04314	6.98964	3.10627	1.27344	4.04087	4.02089	2.52645	2.01299	2.90183	2.87948	1.94759	2.34716	2.34716	2.1679	1.08059	2.67567	4.13943	3.53434	3.14253	3.61553	2.92955	1.31108	1.45189	1.78256	1.54911	1.37151	1.45187	1.31108	1.5386	1.40653	1.98867	1.98867	1.98867	1.70828	2.19761	1.91403	0.900522	0.360234	1.31104	3.57054	2.25567	1.08059	1.48495	1.8798	0.402761	0.509427	3.70797	5.82457	3.75556	3.24367	1.94759	1.77337	0.900545	2.1902	2.42188	2.79984	2.97888	3.96039	5.17188	4.93356	6.86328	7.31174	4.58232	2.50721	2.79395	1.93917	0.360234	1.01877	1.61058	2.90747	6.40981	7.3769	6.91673	5.3818	3.81523	4.13934	4.10811	2.90747	2.50077	1.85384	2.79984	5.35787	16.4527	27.6427	26.7057	16.2894	6.98051	5.86016	4.19729	3.0958	4.99181	3.43706	3.18847	5.14697	5.49647	7.01005	13.6787	16.1899	13.2402	12.0624	11.7121	6.46899																																																													4.42146	14.1303	10.5491	8.47968	17.1264	16.7396	15.6772	13.529	12.3184	12.4302	8.87099				9.16326	9.18379	2.97876	1.05012	11.7121										4.66248																								
2.69948	2.65723	4.3217	4.49335	3.20339	2.25557	1.0954	0.569509	2.50043	3.31714	0.742534	6.36905	6.8974	3.10605	1.87969	0.720375	1.94732	2.65723	2.19731	2.30514	5.10581	5.49598	4.34765	4.54665	2.90166	4.34785	6.42174	8.5967	4.67221	2.90153	3.86104	4.17006	6.16551	4.71694	2.34689	8.66221	6.84897	6.88617	7.64844	7.22185	5.33949	6.14207	7.6894	3.98028	1.63045	3.79364	3.54303	2.34004	2.16771	2.51982	2.87923	1.91386	2.34696	2.34696	2.01281	1.08049	1.1531	3.46017	3.81495	3.28301	4.02058	3.5838	1.45174	1.80942	1.7824	1.70813	1.37139	1.31096	1.45174	1.66002	1.45176	1.9885	1.9885	1.9885	1.54897	2.44822	2.36756	2.01274	0.805376	1.53841	2.55798	1.53841	0.805411	1.08049	2.10707	0.742534	0.509382	2.95122	5.08377	3.31719	3.05885	2.22666	0.64936	1.65999	2.51982	2.50054	2.79959	2.97861	3.77669	4.49328	3.46007	5.35719	6.34145	4.17006	3.06413	3.47405	2.41486	0.360202	1.01868	0.720375	5.18384	8.05123	7.37625	6.77668	6.65562	6.50042	4.13897	2.7529	2.69962	3.07992	1.85367	3.46017	4.74749	15.7897	30.1524	28.6973	14.1628	8.19101	7.36298	3.43665	3.09552	3.54303	4.34772	2.84541	6.86037	5.24529	5.54532	13.6775	14.3356	11.9045	15.5162	13.8854																																																																					13.0743								9.41864	6.42142	0.25471	12.9235	9.3703	1.61043	1.01874					0	9.21531	6.10298	6.98021	12.5316	13.6243	15.4861		4.82805																		
2.33975	2.81067	4.57433	3.68981	1.63032	3.61944	4.96861	4.34746	2.72316	4.10732	2.22645	5.79872	6.66195	3.06381	2.33981	1.29844	1.65982	2.34664	2.16741	2.4146	4.90323	5.63357	5.40137	5.23557	0.254687	1.80925	3.86086	9.12234	9.80938	4.32149	2.05234	2.36733	3.6149	2.87895	5.18013	8.25157	6.05236	3.45984	2.69929	2.57666	1.80925	5.78764	6.88509	3.21799	2.62031	4.40609	3.9269	2.18974	1.87944	1.7079	2.01257	2.25537	4.23107	5.23586	5.72687	6.12348	5.46943	2.09927	1.80026	3.31696	4.67185	5.05812	4.53581	4.19291	3.2031	2.90695	2.30506	1.80033	1.31084	1.45157	1.52777	2.54515	2.526	2.36733	1.91369	1.98833	2.34673	3.41757	2.57677	2.92907	2.36733	1.2732	1.04999	1.20791	1.77303	1.87944	2.16756	2.70528	3.70725	2.4146	2.4146	1.69837	0.918169	1.9883	2.79352	3.01606	1.63032	1.54873	2.81644	3.5472	2.50016	3.82286	5.07062	4.13868	4.23107	5.22042	4.75712	3.64166	3.45991	3.70751	6.78514	7.3169	4.68561	5.18047	7.89184	9.05321	5.93242	3.66807	2.19722	3.18777	1.2732	2.55771	1.63029	15.9107	31.2462	25.263	14.1153	15.355	11.1603	3.63708	3.92704	5.788	6.01549	3.30237	7.25815	6.99076	6.99076	14.6614	13.9989	9.6536	17.3772	16.3327																																																																					0.360167								8.49451	10.9047	8.72694	12.2274	5.59073	6.69318	9.11408					16.8801	16.7115	10.2002	8.47076	12.9272	9.37988	17.0399		9.9485																		
1.65966	2.30469	4.57392	3.94286	3.30677	4.85022	5.08302	5.41285	2.16733	4.58097	2.3671	5.33822	6.89606	3.45944	2.52573	1.48457	1.45144	1.85323	1.40606	1.93862	4.18075	4.94195	6.10167	6.21825	1.04983	3.70695	5.03215	7.44746	10.1577	6.65427	1.04983	1.91349	3.31662	4.54577	5.17967	6.10167	6.05179	4.13826	3.28231	2.79316	1.97996	5.78713	5.38598	1.44024	2.41449	4.61944	4.60548	2.61997	2.10666	1.70774	1.45145	2.88428	5.21066	5.7038	5.85878	6.07045	6.49442	5.00327	1.80009	3.07411	4.32838	4.61956	4.49259	4.06774	3.37932	3.01575	2.30481	1.80013	1.15287	1.65966	1.83573	2.54489	2.69902	2.22623	1.94703	1.7078	1.85331	3.24277	2.50006	3.07932	1.91349	1.04988	1.27307	1.15287	1.09517	3.05818	2.57647	2.05227	1.94694	1.93862	2.90096	1.94694	0.569416	1.37112	2.42119	3.43609	3.30677	2.55748	3.05818	3.30187	2.25503	2.30469	3.49192	3.8142	3.97963	5.05761	4.90294	3.7803	3.45954	3.86046	6.16422	6.63262	6.19263	5.46887	8.46959	9.48471	6.51639	4.31347	2.44774	3.64113	1.63014	1.54859	2.97791	18.2008	31.0589	15.4744	10.8242	20.5448	15.2639	3.43605	3.45489	5.60768	5.33845	4.14994	5.21066	6.65433	7.34448	15.8016	15.402	8.01019	17.8295	18.8617																																																																				3.59654	0.805219										8.9744	8.06728	0.569397	9.65446	10.2051	11.7236	6.27475	13.8128	14.6516	17.3617	15.1872	9.84515	8.79772	12.0746	9.58982	14.1647	13.5774	10.8084	15.446	8.39476	5.61882	3.56067		3.28231	2.75242											
2.10654	2.88401	4.67089	3.70225	3.43567	4.34642	2.22597	3.34527	2.25493	4.7154	1.98795	4.83642	6.36725	3.64081	2.65647	1.15271	1.29812	1.93844	1.44011	1.31055	2.95039	4.01939	6.01679	6.63204	3.75427	5.39751	6.12218	4.60523	5.67497	6.73442	4.3168	2.05206	1.09507	4.10265	5.35575	5.57553	6.45443	6.1922	5.74236	3.99131	1.63001	4.24151	4.79312	2.33942	1.27294	3.74122	4.41981	3.24241	2.41417	1.53797	0.900186	2.74621	5.08233	4.54536	3.43578	2.84458	5.50612	6.85849	4.13791	1.54853	1.65955	3.94269	4.03956	3.49174	3.86012	4.34291	3.54216	2.16709	0.918001	1.54845	1.54845	1.37095	2.0122	2.09886	2.69885	2.42098	1.79997	2.5255	1.69815	2.18934	1.29818	1.65958	1.53802	1.15277	1.87915	3.58278	2.052	1.04978	0.180051	2.01226	4.32047	3.06317	1.70765	1.94686	1.53797	2.17449	4.43796	3.24239	2.81593	3.14129	2.96688	3.41226	3.6008	3.07901	2.1596	3.61858	3.34527	1.27294	1.62004	1.4844	3.94251	4.83644	6.45689	6.91418	9.28744	9.27553	5.63546	3.18719	2.052	3.94254	2.1596	1.93852	4.44525	20.9376	28.1372	8.47833	15.9674	26.8408	25.6803	13.9628	5.48011	1.29818	0.742341	3.41693	4.67107	6.69673	8.66726	17.7128	17.5835	7.48057	17.0206	21.1985																																																																				3.01539	1.40601										3.42166	3.60078	4.10265	10.1074	7.59815	8.20631	16.4907	22.6482	16.7948	11.4862	7.64622	7.19337	8.31134	9.98072	8.69443	10.3836	11.0265	9.61981	16.791	19.5977	14.6149	6.2994		3.28202	2.75218											
2.01208	3.0787	4.20683	2.74004	2.16679	3.6182	2.90598	0.917908	2.16694	4.05492	1.70749	5.08179	5.63194	4.10615	3.6404	1.40578	1.79969	2.41392	1.43997	0.742272	1.69789	3.54166	5.30406	5.5288	4.01914	4.68429	5.40007	4.21089	1.83535	4.44479	5.31619	2.70449	0.742272	2.01199	4.52369	5.03122	5.78624	6.19161	7.30407	5.05655	1.27287	1.53781	3.9707	3.43541	2.17426	2.99355	3.70623	3.94213	2.9004	1.31042	1.09496	2.99355	5.8218	5.46761	3.60045	3.10487	5.27987	6.18368	4.4952	3.18687	2.79262	3.68902	4.27155	3.54641	3.70646	4.34251	4.32758	3.58241	1.3708	1.54829	1.54829	0.917908	1.45119	2.09867	2.67456	2.49961	1.93834	2.33915	1.65943	1.79975	1.29807	1.698	1.40588	1.20756	2.33915	2.92816	1.62983	1.04969	2.42059	2.22582	5.70253	5.08493	2.75184	2.22582	3.24205	1.27281	4.9312	3.49119	2.10625	2.52525	2.5948	3.41195	4.14912	3.70627	2.15939	4.34597	3.84698	0.763803	1.80871	1.08008	2.67437	2.88372	4.83618	6.71758	8.34645	7.88962	4.16854	1.98776	2.50593	4.17995	2.15939	1.79981	4.88549	23.7211	22.3309	11.5766	16.9793	25.1286	28.5668	19.172	8.64268	2.61947	1.09496	2.42076	4.32771	6.09822	8.24198	19.0008	19.8009	7.93936	14.7391	22.7007																																																																				1.6594	2.16686	1.80871	2.88375										4.83591	10.1064	9.58758	9.45672	19.2924	21.6374	16.3462	11.9096	8.94457	6.61248	8.42352	9.30677	9.30677	9.79085	11.9092	8.97971	12.979	18.3239	17.8134	14.7391	5.5287	2.10635	2.34613	1.26004	0	0		5.83591						
0.509138	2.54408	3.55947	2.03575	1.52709	3.05202	3.05202	0.509138	0.509138	3.05202	0.509138	5.07817	5.07817	4.06637	4.06637	1.52709	2.03575	2.54408	1.01819	0	1.01819	3.05202	4.57263	4.06637	2.54408	2.54408	2.03575	1.52709	0.509138	2.54408	5.07817	2.54408	1.01819	0.509138	3.05202	3.05202	3.05202	3.55947	7.09168	5.07817	0.509138	0	2.54408	3.55947	2.54408	2.54408	3.05202	4.06637	3.05202	1.01819	1.01819	3.05202	6.08681	5.58292	2.54408	2.03575	4.57263	5.07817	3.55947	4.06637	4.06637	0.509138	2.03575	1.01819	0	1.52709	3.55947	4.06637	1.52709	1.52709	1.52709	0.509138	0.509138	1.01819	0	1.01819	1.01819	1.52709	0	1.01819	0.509138	0.509138	0.509138	0.509138	2.03575	2.03575	1.01819	0.509138	3.55947	2.03575	6.08681	6.08681	3.05202	1.52709	4.06637	0.509138	5.07817	3.55947	1.52709	1.52709	0	1.52709	3.55947	3.55947	1.52709	4.57263	4.06637	0.509138	1.52709	0.509138	2.03575	1.01819	0.509138	1.01819	4.06637	5.07817	1.52709	0.509138	2.54408	4.06637	1.52709	0	4.57263	24.8012	19.1147	14.9274	8.59061	15.8738	25.2194	19.1147	9.58348	3.55947	1.52709	1.01819	0.509138	1.01819	4.06637	18.6589	20.4669	7.59251	13.0096	23.1004																																																																				0	2.54408	3.05202	2.54408										5.07817	10.0778	10.5706	12.0393	14.9274	9.58348	2.03575	7.59251	7.09168	0.509138	4.06637	5.58292	6.58975	5.07817	9.58348	3.55947	0.509138	1.52709	16.3438	18.6589	5.58292	0	0	0	0	0		0						
3.9416	3.66634	3.66626	2.36618	2.3456	3.53193	3.18629	2.2254	3.37806	3.81279	2.0515	5.72387	5.96174	3.31526	3.31531	3.54116	2.73965	2.79212	2.34562	2.0515	1.87862	3.07285	4.68328	4.65923	1.87856	2.30383	3.09376	2.33871	1.54809	2.84368	4.7716	4.17937	5.178	3.41129	1.79937	3.47208	3.18629	3.97802	7.21748	5.33624	2.49912	1.94631	2.44675	3.49057	2.59417	2.16641	2.57543	4.0976	3.96996	2.57551	1.98737	2.28976	5.63094	5.93762	3.41119	1.60952	3.79149	4.96605	5.03028	5.56537	5.94315	4.10558	1.53759	0.899907	0.254565	1.37056	3.63975	3.77874	2.34562	1.2726	1.54801	1.04948	1.94631	2.10594	2.0515	2.57554	2.81525	3.2416	2.69809	2.17396	1.69767	1.45094	1.65911	2.25429	2.88321	2.15899	0.719966	0.804918	2.88319	4.43691	7.00562	5.44906	2.49901	1.40553	3.9577	0	4.88456	3.88794	1.60952	1.69759	0.569185	2.75134	4.9304	4.85172	3.97815	4.87808	3.97802	2.19617	4.09771	4.96623	6.61121	7.05776	6.85917	6.63285	5.79072	5.10614	3.25646	4.01843	5.22723	4.68341	1.93796	1.45094	5.39887	20.7942	18.48	18.9628	11.6683	16.6759	27.3378	23.6737	11.2868	3.95781	4.60393	4.98877	4.70062	3.92518	5.21784	18.453	19.9821	8.16136	12.3974	22.4535																																																																				6.52388	11.223	11.6685	10.2878										4.98854	8.72236	9.5075	12.3804	17.2201	14.2351	3.94567	5.16849	8.64122	8.04692	7.19134	7.16249	6.95552	6.06815	12.5077	14.2282	13.0983	9.36545	17.2498	18.6371	9.92809	11.7261	12.6468	12.7697	14.1346	15.7671		12.7482						
3.98988	3.2163	2.87729	2.16622	2.75105	3.53155	2.75105	3.07781	3.98981	3.1453	2.05128	6.70812	7.71707	1.79918	1.79927	3.392	2.73936	2.57518	3.1039	2.17373	1.77208	2.61871	4.68278	5.3864	0.899857	1.79918	5.10238	2.52452	1.54792	2.84338	3.45778	4.03798	5.17745	6.35232	0.804832	3.70517	2.75105	3.9776	6.97523	4.88409	2.57526	2.22516	1.80818	3.24112	2.5939	1.40538	1.45074	3.25608	3.96954	3.05678	2.84338	0.763532	4.41809	5.93699	4.34104	0.719889	2.10565	3.5994	4.86114	5.23275	5.63336	5.20819	2.57518	0.648889	0.254538	0.917642	3.63936	2.84338	2.34537	1.27246	1.54785	2.0512	1.91257	2.01147	2.17373	2.49886	2.74526	3.14016	2.90525	2.05128	1.65893	1.40546	1.77208	2.33851	2.72159	1.60942	0.719889	1.29761	2.01147	4.43644	5.94252	3.42033	1.31004	1.15226	3.70515	1.018	4.38522	4.38522	1.60935	1.946	1.54785	4.10498	5.78994	4.8512	4.22862	3.81238	3.1039	3.05678	4.68291	5.39849	6.46443	7.10185	6.85844	6.59365	5.08376	3.79119	3.96954	4.72388	5.22667	3.70098	1.93776	1.8082	6.09876	12.0014	12.8215	16.3857	10.047	13.4318	27.3353	29.4981	13.6269	3.05685	4.96563	5.14016	4.74092	5.02973	6.91117	17.9925	18.8533	8.64006	10.5099	20.0952	17.9792	6.01183																																																																		10.9942	12.7456	11.4818	11.424	12.0092								1.83481	4.50095	5.97181	6.39733	9.49359	16.2707	17.1916	8.03201	2.44656	7.06375	8.31577	6.61051	6.49133	5.75124	5.86415	10.642	14.024	14.2172	12.7869	17.4688	16.6922	9.14143	12.1398	12.6503	12.7873	14.4705	15.8579	19.3811	17.2824	21.7101	0.763573	1.20715	2.41323	1.52687	
5.13349	4.13602	2.3383	3.05651	3.77809	3.77807	3.24093	3.4341	3.01395	1.60927	2.19574	7.70002	8.24621	3.68759	4.83433	5.20478	5.40979	0.648864	3.4714	0.402417	2.5179	5.43047	5.96078	4.83416	1.53729	1.45063	4.50055	3.61249	1.48372	2.01121	2.33825	2.15857	2.03517	6.71462	1.98698	2.49852	1.93752	3.98933	7.49177	5.3352	2.44637	1.09456	1.01791	2.69742	2.57493	1.45063	1.54779	2.7508	3.45743	2.50499	3.10362	1.77193	2.54336	5.29904	4.83416	2.34521	0.763505	1.25956	3.31466	3.61245	3.9894	5.16749	4.05339	2.49864	2.80897	2.80897	2.96538	1.52666	1.45061	2.01127	2.18833	2.61848	1.29756	1.77193	2.05108	1.94593	1.93759	1.87825	2.39967	2.28943	2.28943	1.85226	1.45063	1.97884	2.16605	1.65878	2.10553	1.65876	1.04923	2.36575	3.95704	3.24097	2.27517	1.94593	4.90016	4.31476	2.41969	4.60287	2.84322	3.4153	3.3	5.4244	5.69758	3.21587	2.30338	2.25375	3.10362	3.10362	2.99243	3.05115	2.54341	4.57157	6.22275	6.2125	5.87455	4.63435	4.85079	5.02929	4.3703	3.20095	3.10368	1.70683	4.74026	6.85523	2.92716	3.45275	1.987	9.34496	25.8434	26.9599	14.6483	11.4366	12.5612	17.3227	19.5864	18.5802	15.9662	20.4171	18.9117	9.64094	9.80598	17.9777	18.9612	10.6742																																																																		11.4106	12.7548	5.58719	10.5927	15.0465								1.83465	5.58135	7.30347	5.70058	4.31476	9.97109	15.4907	13.0816	7.90065	2.15857	2.33821	1.27237	2.927	3.70482	4.57835	2.49852	1.69726	9.84077	12.0118	14.0029	13.4136	10.9936	11.7486	10.6976	11.6781	11.9767	9.98251	12.6488	17.2343	25.7511	8.88505	4.54684	5.57287	7.91881	
5.08286	5.23179	2.19554	4.05298	3.77772	3.41969	3.41496	2.88237	2.36548	2.15836	2.16591	8.42658	7.04633	4.03723	4.89979	5.24111	7.47422	4.48934	3.70446	1.69708	4.66818	7.2396	5.06703	2.79138	1.40521	1.20698	1.48358	3.95258	3.53996	0.899667	1.87808	1.60913	4.06478	4.95155	1.37022	0.648806	1.48353	4.73976	9.22947	6.73052	2.5748	1.45047	1.0178	1.94562	2.33797	1.30984	1.54765	3.18534	3.94431	2.05081	2.34494	2.52405	0.508939	4.34021	4.19338	2.7506	2.17322	0.968982	2.89907	3.23562	4.19338	5.39727	3.84104	2.5748	2.89919	2.80873	1.60913	0.508939	0.968982	1.69718	1.93741	2.18807	1.48358	1.87808	2.05088	1.91223	2.18812	1.77176	2.17334	2.28923	2.28923	2.34494	1.30984	2.57469	2.01108	1.69718	2.01111	1.45052	1.04912	1.91223	3.48969	3.63438	5.1762	3.70449	4.2695	6.52177	0.899636	3.92391	2.65508	3.989	5.52607	6.91212	5.4562	2.27494	1.79883	3.48952	3.97684	2.34494	1.77167	3.05083	5.29849	5.48858	6.21195	6.2222	6.09792	4.63394	4.52161	5.2164	4.36988	3.37709	3.41969	1.70667	2.011	5.31365	3.35792	0.402381	2.34491	12.3705	26.2443	16.6925	10.6386	12.4386	14.5445	19.9768	19.5848	20.5619	20.685	23.5528	19.3519	9.86353	9.36242	15.9971	17.9065	11.5857	8.66218	4.44267	1.30979																																																																18.7196	12.2879	12.0006	18.0011										10.7364	5.23188	3.24071	4.73976	11.1603	14.0751	11.2344	4.817	0.968982	1.62907	1.65852	3.95651	4.57787	4.23903	3.95651	12.7154	10.355	8.15117	8.86293	11.187	11.4517	10.6909	11.9872	11.5756	9.83091	11.0203	14.4479	24.7995	12.9876	6.16013	7.42318	10.8511	10.6328
0	4.57044	1.01771	4.06442	2.54286	2.03477	2.54286	1.52636	1.52636	2.03477	0	8.58655	6.08391	2.54286	1.52636	1.01771	7.58891	6.58662	3.55777	2.54286	5.58026	7.08831	1.01771	0	0.508893	1.01771	1.01771	3.05055	4.57044	0	0.508893	0	5.07575	4.06442	0	1.01771	1.01771	5.07575	10.0731	7.08831	1.52636	2.03477	1.01771	1.52636	2.03477	0.508893	0.508893	3.05055	4.06442	1.52636	1.01771	2.54286	0.508893	3.55777	3.05055	2.03477	3.05055	1.01771	2.03477	2.03477	3.55777	5.07575	3.05055	1.01771	1.01771	0.508893	0.508893	0	0	0	0.508893	1.52636	1.01771	1.01771	1.01771	0	1.52636	0.508893	0.508893	0	0	2.03477	0.508893	2.54286	1.01771	0.508893	0.508893	1.01771	2.03477	0.508893	1.52636	2.54286	6.58662	4.57044	1.01771	7.08831	2.54286	3.05055	0.508893	3.55777	6.58662	7.58891	5.07575	1.52636	1.52636	4.06442	4.06442	1.01771	1.01771	3.05055	6.58662	4.57044	0	0.508893	2.54286	1.52636	2.54286	4.06442	2.54286	1.52636	2.54286	1.52636	0.508893	3.55777	2.54286	1.52636	2.03477	13.4858	26.0362	11.0566	1.01771	7.08831	11.0566	14.9205	1.01771	13.9661	20.4579	24.3699	19.1062	9.08345	8.08835	13.9661	15.8666	9.57897	8.58655	5.07575	1.52636																																																																21.3462	15.3946	11.0566	19.1062										12.0336	1.52636	0.508893	2.03477	7.08831	12.5195	12.0336	6.08391	0.508893	1.52636	1.01771	4.06442	4.57044	5.07575	5.07575	13.9661	9.08345	5.07575	2.03477	3.05055	2.54286	0	4.06442	1.01771	0.508893	6.58662	10.0731	22.2238	13.4858	6.08391	7.58891	10.5656	5.58026
1.7986	4.75251	3.13897	3.05558	2.34443	2.10486	2.67264	2.10486	1.69677	1.70629	1.15189	7.46427	5.93747	2.72054	2.16542	1.13775	6.85325	6.5206	3.2549	1.2067	5.62829	7.76324	2.34443	2.22433	3.39074	3.78985	3.70394	2.15795	3.40955	2.69679	1.54735	0.648679	4.20784	3.87784	2.92633	3.2151	2.16548	3.45177	9.14454	8.92463	5.71864	3.54403	1.69685	0.968759	1.62875	2.28878	2.69679	4.05224	4.4346	2.39898	2.44565	3.35719	1.30959	3.54386	2.84229	1.78044	2.44558	2.59306	3.3138	3.0767	3.87784	4.58758	2.54264	0.804532	1.01762	0.508848	0.648647	0.254429	0.917319	1.85173	2.67275	3.47054	3.30408	2.90417	2.57428	1.27199	1.04893	0.968795	1.29719	1.65831	1.91186	2.92628	2.41913	2.54269	1.43901	1.13775	1.40493	2.10493	2.88183	2.25321	0.968795	1.97827	7.20308	5.57118	0.763247	5.85357	4.43476	4.83292	3.31385	2.89854	4.89863	8.02906	6.86258	2.92622	2.419	5.46402	5.6056	4.25739	5.37572	6.74135	7.34475	4.5207	1.78054	1.94537	3.24001	3.37644	4.54555	5.20624	3.27957	2.51718	3.01309	1.98642	1.04898	3.19987	2.67261	2.33755	7.34475	15.0475	17.6614	18.0459	20.8852	19.9775	17.2226	20.5316	16.4744	22.8021	28.5508	29.4789	20.2967	11.8862	12.5189	17.268	18.9563	13.3245	11.4492	8.22113	4.50296																																																																18.4135	18.3587	7.06328	16.9228										12.2782	3.13889	3.9884	5.95916	8.79188	12.5983	10.9451	4.09952	3.05571	0.899522	0.568912	3.10274	5.95916	10.2013	12.5299	14.5631	9.09657	2.41233	5.47595	8.62453	6.13068	3.95601	5.21544	4.60173	6.52085	8.79197	11.355	21.416	20.3884	20.7031	20.1306	20.4391	18.8802
1.93686	3.77238	3.95551	1.09415	1.85145	1.87747	2.44533	2.81349	1.94507	0.917232	1.20664	5.20248	5.21481	2.16523	2.36481	1.13764	5.14061	5.05277	2.73809	1.69659	4.93725	8.48371	4.84877	3.92279	3.53914	3.73823	4.05195	2.15774	1.52617	2.90391	2.34425	0.741705	2.44529	2.70245	2.94803	3.21481	2.72031	0.402267	6.13507	8.07347	6.01194	3.7036	1.87754	0.539675	1.04889	2.50414	2.67252	4.71134	4.43415	2.17272	2.57404	4.0359	1.45008	3.29872	2.34419	1.27181	1.20664	2.59282	3.07121	2.926	3.45615	3.37595	1.52606	0.359789	1.01751	0.508794	0.89938	0.763166	1.70611	2.34427	2.744	3.37614	3.53	3.0129	3.05535	2.50402	0.25442	0.899442	1.29708	1.6967	1.9452	2.57407	2.4977	1.83399	1.43887	1.13764	1.53671	2.01054	2.72031	2.33742	2.10464	1.65813	7.67857	7.30057	0.254402	3.10243	4.07182	4.34292	3.31355	1.79844	1.65813	7.16271	8.42428	4.50239	4.19209	7.36751	6.22014	4.43436	6.04623	6.86213	5.87227	3.18456	1.78038	1.91169	2.79059	3.19975	4.69784	4.84895	2.744	2.89825	3.23961	1.98622	1.04889	2.44529	2.92586	3.54349	13.0673	14.2366	3.1025	17.6535	21.183	21.5092	15.6915	21.7225	17.0406	21.3961	32.4224	35.1327	20.0864	10.7855	11.9607	17.2663	19.9359	14.6671	12.2325	9.55293	6.64553	3.37595																																																																17.124	11.1999	11.6718	18.6832								10.0711	12.7618	5.21481	4.89831	6.30173	8.41137	11.245	8.31148	1.20664	3.35697	3.54349	0.568853	1.85156	5.77367	9.97885	12.279	11.2767	6.81327	3.39022	9.43958	8.42475	6.68633	4.09934	5.02737	5.5708	7.42137	7.69128	10.1848	15.6135	18.4096	20.7667	19.7324	20.1226	18.625
1.01742	2.03419	3.55676	0.508749	1.52593	1.52593	2.03419	3.04969	2.03419	0	0.508749	4.06327	4.56915	1.01742	2.03419	1.01742	4.06327	3.04969	2.54214	3.04969	4.06327	8.58415	6.0822	4.56915	1.52593	0.508749	2.54214	3.04969	1.52593	1.52593	2.54214	0.508749	1.52593	1.01742	0.508749	1.01742	2.54214	1.52593	3.04969	4.56915	3.04969	2.54214	1.52593	1.01742	1.01742	1.52593	0	4.56915	4.06327	0.508749	1.52593	4.06327	1.01742	3.04969	2.03419	1.01742	0.508749	1.01742	1.01742	1.52593	2.54214	2.54214	1.01742	0	1.01742	0.508749	1.01742	1.01742	2.03419	2.03419	1.01742	1.01742	2.03419	1.52593	2.54214	3.04969	0.508749	0	0.508749	0.508749	0.508749	0.508749	1.01742	0.508749	1.01742	0.508749	1.01742	0.508749	1.52593	1.01742	3.04969	2.03419	7.58678	8.08608	0	1.01742	0.508749	0.508749	0.508749	1.52593	1.01742	5.57869	8.58415	5.07431	5.07431	8.08608	5.57869	2.03419	4.06327	3.55676	2.03419	0.508749	0	0	1.01742	0	3.04969	3.04969	0	2.54214	3.04969	1.52593	0.508749	2.03419	3.04969	4.06327	15.3905	11.5428	11.5428	9.5763	5.57869	13.9622	3.55676	18.1876	6.58476	7.08632	30.7497	36.7187	18.6456	5.57869	6.0822	13.9622	18.1876	13	10.5627	8.58415	7.08632	4.06327																																																																12.0303	16.332	8.08608	20.4526								10.0703	13	6.0822	4.06327	3.55676	6.0822	9.5763	6.58476	2.54214	2.03419	5.07431	1.01742	2.03419	4.06327	4.06327	3.55676	4.56915	3.04969	6.0822	11.0536	1.52593	4.56915	1.52593	3.55676	4.56915	5.07431	2.54214	7.08632	7.08632	3.04969	6.58476	4.56915	9.08091	3.04969
1.09392	2.30208	3.55644	0.804304	1.60829	1.69629	1.77085	2.92539	3.10192	2.55471	2.1723	2.99073	3.93842	2.01015	1.30918	1.87713	2.9473	2.71976	3.59702	3.77593	2.84151	6.81652	7.69585	7.177	5.62693	5.07413	4.03531	3.06004	0.917039	2.01007	2.90324	1.53641	2.2237	2.44496	1.29682	1.20636	2.17221	2.01013	2.61699	3.81819	3.13798	2.90324	2.67185	3.06006	3.45562	2.81311	1.60836	4.498	4.20287	1.87718	2.04986	3.85591	1.79804	3.05471	2.84151	1.87718	1.79809	2.41175	2.61707	2.542	3.23909	3.80988	3.18395	1.70586	0.917039	0.899266	2.3022	3.70289	4.31609	3.80569	2.74346	2.44496	2.89772	2.18705	2.61699	3.25394	2.41175	1.48288	1.01733	0.719416	0	0.899243	0.56875	0.402172	0.89922	1.7058	2.57355	2.2237	2.17221	0.968484	2.54196	3.35633	7.28413	7.40474	0.402172	1.48284	1.40453	2.16487	2.8978	2.90335	1.27165	6.0869	8.48219	5.3799	5.47414	7.65246	5.60106	3.23902	5.00404	5.05184	3.4087	1.69637	0.763071	1.20641	1.93649	1.91132	3.52924	3.35624	1.40453	2.84151	3.138	2.73757	3.19913	3.18395	3.98714	6.71096	11.6079	10.2423	14.8362	10.1449	7.3535	15.0041	7.14392	17.0038	5.42134	5.29908	26.8389	39.478	25.9067	7.93614	9.64232	16.8845	20.526	15.2918	13.385	11.6174	10.1309	5.56961																																																																12.7097	13.7212	10.4707	19.112								10.7602	12.7549	7.70188	8.21692	10.0265	11.5329	11.7067	7.34272	4.61422	1.60829	5.73902	1.94482	3.35633	5.21397	5.5236	5.23834	5.93312	4.12969	6.68482	10.6681	4.75126	2.04983	3.23916	7.34272	7.67952	6.31059	6.15736	9.74511	14.8096	20.004	25.2154	25.2645	19.7003	15.3374
0.899147	2.80694	3.55607	1.29662	1.60812	1.94452	1.09381	2.00991	2.8413	2.65353	2.39805	0.899147	2.36412	1.91111	0.899147	3.05439	0.741466	1.69619	3.78827	3.41772	1.36942	3.10159	7.15854	7.34195	5.56929	5.17352	3.6851	2.17207	0.916942	2.74304	3.13764	1.65764	1.94461	2.57327	2.18682	1.44961	1.27147	1.69619	1.48272	2.30183	2.90293	3.13764	4.94875	4.65867	3.45525	2.69574	2.15711	4.01477	3.74984	2.33668	2.5033	3.13764	2.18682	2.81269	3.77546	1.77073	1.7979	2.30195	2.89745	2.54173	2.78976	3.52896	3.77554	2.74895	0.568708	1.6576	2.61679	4.05076	4.31563	3.54264	2.67171	2.57327	3.31243	2.61671	2.18682	2.54173	2.61679	2.61671	2.0338	0.719339	1.01722	1.09381	0.56869	0.179844	0.648394	3.63659	3.05446	3.07546	3.14276	0.741466	1.52571	3.05452	5.89477	5.91632	1.15138	1.93621	1.53625	2.25233	3.07029	2.69574	2.39799	7.08942	8.23306	5.87846	5.96462	6.66026	5.60046	4.89673	5.44434	5.6601	3.09123	2.71947	0.76299	1.61817	1.7979	1.94461	3.52886	3.13767	1.44967	2.84121	2.52259	2.54178	3.17859	2.84133	4.19098	9.08098	3.77546	9.42554	12.7541	7.59608	6.47174	14.1571	6.70337	13.8069	2.97422	2.00994	15.9413	40.305	34.2528	7.12982	8.66479	17.0756	21.5345	15.2902	13.7723	12.5972	13.7265																																																																	13.6586	8.33367	13.1933								3.61442	11.4727	11.8027	9.56149	10.9453	11.4074	11.4088	10.0208	5.69402	7.1229	0.719339	6.9881	2.10411	3.05452	5.02591	6.62445	8.4813	7.84716	3.95438	6.68412	8.63544	6.30985	3.05965	3.37513	9.40545	7.29881	5.21355	7.7196	8.75124	14.505	20.7707	25.0394	25.3402	19.6002	15.3855
10.877	9.00272	6.88724	4.92586	4.74027	5.45286	5.60026	5.48792	5.32237	5.17307	5.38208	5.34934	5.1296	4.70977	4.34124	3.95403	2.19407	2.44451	2.89715	1.60798	1.69596	0.899068	3.13737	5.56868	5.5688	5.45286	4.98402	4.32273	4.33753	5.17609	5.95633	6.3772	6.45897	5.34934	3.63642	2.57305	2.09625	1.79774	1.09371	2.33643	2.78944	2.81244	5.57711	4.67881	1.93611	1.77057	1.53606	2.67136	3.87608	5.05416	6.16917	6.96281	7.21096	6.41944	5.45279	4.03455	5.07629	6.3772	7.93476	9.02529	9.38004	9.05468	8.52523	7.70068	8.42712	10.9728	11.4281	10.6026	9.30488	8.2098	7.7355	7.93476	9.02526	9.92665	10.1783	10.0077	10.0386	10.7587	10.9966	10.2284	9.10979	7.58921	6.80385	6.10172	5.27409	6.68369	6.41941	5.29826	3.59634	1.29657	1.43832	0.648368	4.03436	4.83048	3.13749	2.71927	2.04951	1.87682	1.61802	0.762922	2.71923	7.33258	9.52488	8.88694	7.9145	8.32351	9.3764	9.20348	7.85075	6.46866	4.59609	6.4884	7.71916	8.22319	8.46618	9.20365	9.41652	8.6332	8.70738	11.1907	15.4175	19.6905	22.2324	23.6226	24.3516	23.7181	21.4467	24.5219	24.8288	23.0063	20.2368	17.7392	12.293	16.8203	17.2756	18.5459	18.1433	36.3499	35.0547	4.59938	5.62582	14.1337	18.2385	12.7061	11.5674	10.5846	15.0169																																																																	13.3823	6.28902	11.9111								3.6141	11.8494	12.1792	9.22351	10.2823	9.71731	6.66207	3.77512	1.91094	6.73788	0.762922	5.81523	4.20605	6.06243	8.6567	11.5955	12.0488	8.10925	1.09373	7.67573	7.80624	4.87995	3.80483	4.19068	9.14023	5.42635	3.53777	6.94892	6.11457	6.81518	7.9145	5.9803	5.73806	6.08048	4.36697
11.1443	8.86178	6.4584	4.82029	4.63042	5.27363	5.59976	5.52224	5.3816	5.17261	5.32189	5.34886	5.079	4.69572	4.20568	3.05398	2.16425	2.41776	1.93593	0.719205	0.968195	1.0936	1.20606	4.28131	5.62534	5.53376	5.13534	4.38133	4.33714	4.8302	5.56831	6.33662	6.46823	5.53666	3.34099	2.44426	2.09607	1.93593	2.74251	3.54179	2.57273	2.10364	4.56737	3.69728	1.79758	1.65737	0.64831	1.15124	3.30224	4.84679	5.91557	6.81488	7.14859	6.20724	4.65456	4.26626	5.499	6.72579	7.83813	8.96189	9.37922	9.32579	9.12766	7.69998	9.13972	11.6657	11.3626	10.455	9.20285	8.23204	7.75925	7.87024	8.77831	9.79342	10.1774	10.0378	10.0068	10.6017	11.057	10.3179	9.10899	7.68774	6.84972	6.2659	5.45237	6.12712	6.32903	4.96106	2.67124	1.29645	1.43818	0.89898	2.81214	3.41236	2.94662	2.3363	2.04932	1.77041	1.20606	0.762854	1.69589	5.21249	8.75832	11.0077	10.7928	12.464	12.7513	9.05889	7.14189	5.499	4.81361	6.21749	7.79171	8.22247	8.53192	9.22319	9.20113	8.51533	8.81392	11.5934	16.4399	20.473	22.3813	23.6748	24.3496	22.9757	21.4525	23.7329	24.9709	23.2746	20.3853	15.7726	12.3314	14.9365	17.2742	18.5292	17.9539	29.2308	30.5868	7.69341	7.51086	11.7188	13.5569	11.9813	11.3253	8.93335	14.1037	12.7334	3.43115	1.27129	1.70537	1.69589	1.83307																																																										5.85014	11.947	6.51681	7.71795	11.8945									14.3411	7.48533	8.14702	10.8881	8.36784	2.84067	1.94427	3.98587	0.762854	2.22298	4.59912	6.41883	9.65883	12.5626	10.2937	5.39343	3.29714	10.0726	8.24495	2.41106	1.87664	4.66819	7.80546	5.74586	4.32222	5.03456	7.97524	8.75808	5.10385	5.05371	4.23609	1.01702	3.59163
3.55506	2.03322	1.01693	0.508505	0.508505	0.508505	0.508505	1.01693	1.52519	1.01693	1.01693	0.508505	0	0	0	0	0	0	0	0	0.508505	1.01693	2.03322	0.508505	1.52519	2.03322	2.03322	1.01693	1.52519	1.52519	0.508505	0	0.508505	2.54092	1.52519	1.01693	0.508505	1.01693	3.55506	4.06133	2.03322	1.52519	4.06133	3.04823	0	0.508505	0.508505	1.01693	1.01693	0	0.508505	1.52519	1.52519	1.01693	0.508505	2.03322	3.04823	3.04823	1.01693	0	1.01693	3.55506	5.57603	3.04823	5.07189	6.0793	1.01693	0	0.508505	1.01693	1.01693	0.508505	0.508505	1.01693	1.52519	1.52519	1.01693	1.52519	3.04823	2.03322	1.52519	2.03322	1.52519	2.03322	2.03322	2.54092	2.03322	1.52519	1.01693	0.508505	1.01693	1.01693	2.03322	1.52519	0	0.508505	1.01693	0.508505	0	0	0.508505	2.03322	6.0793	11.0484	12.0247	14.4337	13.4759	5.07189	2.03322	1.52519	2.03322	1.52519	1.52519	1.52519	1.52519	1.01693	1.01693	1.52519	2.03322	5.07189	8.58009	8.58009	4.06133	2.54092	3.55506	2.54092	1.01693	2.54092	5.57603	5.57603	4.56697	1.01693	1.52519	2.03322	1.52519	1.01693	1.01693	23.0747	28.0362	9.07663	7.08295	9.07663	11.0484	11.5374	11.0484	7.58318	12.994	12.994	3.55506	0	1.01693	0.508505	2.03322																																																										5.07189	11.0484	6.0793	5.57603	11.0484									15.3834	6.58164	6.58164	11.0484	9.07663	2.03322	0.508505	2.54092	0	0	3.04823	3.04823	7.08295	9.5718	4.56697	0	5.07189	11.0484	7.58318	1.01693	3.04823	3.55506	6.0793	4.06133	3.55506	2.03322	8.08226	9.5718	3.04823	0.508505	1.01693	1.52519	0.508505
9.03828	8.22469	6.90372	5.76984	5.02418	4.38048	3.98536	3.77421	3.48637	2.57232	2.00917	1.53568	1.04818	0.648184	0.401996	0.179777	0	0	0	0.179777	0.539316	1.13684	2.0091	0.898812	1.15095	1.85023	2.17117	1.30855	1.53562	1.65698	1.13688	1.01689	1.13688	2.73615	1.83273	1.25824	0.568496	1.15095	3.43044	3.73553	2.22258	2.00913	4.0964	3.30144	1.04818	0.916619	0.916619	1.271	1.271	0.648184	0.539316	1.04813	1.62752	2.10333	1.79723	2.00913	2.9893	2.80589	0.803918	0.803953	2.15631	4.2653	5.05252	2.16372	5.17135	5.73629	0.898789	0	0.50846	1.01684	1.01684	0.648152	0.74119	0.96802	1.40379	1.52506	1.01684	1.40379	2.74202	2.22258	2.00913	2.27279	1.80613	2.3971	2.44372	2.89628	2.30097	1.52506	1.15095	0.74119	1.13684	1.30855	2.0091	1.60752	1.30859	2.41728	3.2967	3.23761	2.9241	2.44381	1.93556	2.00913	5.714	10.8052	11.8036	14.2461	13.3449	5.6098	2.6706	1.85023	3.29655	3.25242	2.25149	1.44909	1.77	1.6275	1.80615	2.15631	2.54075	5.13725	8.39072	8.34568	3.80793	2.55336	3.68354	2.5407	1.01684	2.67057	5.9864	5.66637	4.09247	0.898789	1.30855	2.27279	0.648152	1.30859	2.00917	22.3493	27.7115	10.5233	8.68121	10.2252	12.2804	13.0302	13.1282	12	16.3305	15.9711	7.50948	2.33581	0.803918	0.539316	1.9103																																																										6.12572	11.8924	6.78999	6.25446	13.1649									15.0315	8.19378	7.70244	12.374	11.0712	4.96002	2.80604	1.65698	0.741208	0.803953	3.55474	5.16211	9.038	9.07765	3.53663	3.41173	9.61825	12.679	9.97977	8.23046	10.8867	9.26868	5.22684	3.05851	3.30144	2.78873	8.4838	10.338	4.33988	2.00917	1.69548	2.0091	1.48217
9.03747	8.5826	7.30414	5.9327	5.21114	4.49565	4.03305	3.97286	3.95253	3.05302	2.16358	1.65687	1.2709	0.741139	0.539263	0.401937	0	0	0	0.401937	0.40196	1.13673	1.76982	1.09329	0.401937	1.36871	2.17095	1.53546	1.30842	1.44895	1.13678	1.0168	1.13678	2.73587	1.83255	1.09332	0.568443	1.40364	3.1769	2.98899	2.00893	2.22235	3.85367	3.3011	1.2709	0.916532	0.916532	1.27087	1.27087	0.741139	0.40196	0.254226	1.27093	2.00901	1.79707	1.44897	2.74173	2.30073	0.359515	1.07843	2.96198	4.48472	3.63489	0.401937	5.17081	4.98505	0.648084	0	0.508406	1.01673	1.01673	0.898694	0.96792	0.741114	1.15083	1.5249	1.01673	1.15083	2.00889	2.00893	2.22235	2.27256	1.61741	2.39686	2.67032	3.38764	2.80559	1.5249	1.40364	0.96792	1.13673	1.53546	1.76982	1.60735	2.22235	2.78847	3.23732	3.29641	2.94578	2.67044	2.18583	1.44897	4.95931	10.3129	11.3154	13.7679	12.8656	6.08863	3.37338	2.3424	5.52032	3.96466	2.44356	0.967967	2.00889	2.04867	1.97657	2.1561	2.54049	4.8944	7.89548	7.84744	3.30107	2.55308	3.93609	2.54043	1.01673	2.92363	6.73527	5.66577	3.0896	0.648084	0.741139	2.27256	1.15083	1.15091	2.16358	20.5999	26.5154	10.737	8.68036	9.60426	11.6528	12.2235	11.8711	11.5795	17.1007	17.6134	10.5222	5.21085	0.359515	0.40196	1.65678																																																											13.0806	6.7893	5.47131	10.6973	14.5728	14.5511							13.421	8.61144	6.64304	12.1598	12.1498	5.73589	3.31096	1.25812	1.30842	1.07843	4.56608	8.23684	10.3459	6.70711	1.48203	7.59218	12.5287	11.3657	9.79669	9.07713	10.6858	9.88534	4.65664	1.04802	2.39686	2.41707	8.02609	10.8041	4.95941	2.9237	2.94558	2.74173	1.79701
7.02739	7.29251	6.98444	6.09095	5.8564	5.3706	4.73801	4.70747	5.07063	4.71762	3.74783	3.06855	2.57182	1.70471	1.36864	1.36864	1.04798	0.568385	0.254185	0.4019	0.179742	0.898614	1.40351	0.967831	0.401918	0.762516	1.84987	1.65666	1.43764	1.44883	1.36864	1.15079	1.13666	2.73562	1.83237	1.13666	1.13666	1.83237	3.13586	2.8396	2.00874	2.22214	3.70026	3.40629	1.83241	1.53538	1.27077	1.3083	1.09319	0.91644	0.568385	0.762516	0.916421	1.04798	1.36864	1.20559	2.41002	1.65664	0.741064	1.97638	3.70028	3.86582	1.65664	1.8058	5.13315	4.03243	0.4019	0.179742	0.568367	1.04793	1.04793	0.898614	1.01664	0.648026	1.20554	1.44879	0.898614	1.01664	1.52476	1.65664	1.90993	1.79679	1.20554	2.04845	2.79384	3.70023	2.67005	1.44879	1.69515	1.15073	1.15073	1.40351	1.29589	1.48184	2.73562	3.7348	4.25333	6.23551	6.48535	6.24568	5.45903	4.32067	5.92118	9.94654	10.4549	12.7513	11.8426	6.25305	4.43762	3.35398	6.90435	4.31301	2.00877	2.54034	2.54029	2.18558	2.00874	2.16334	2.36278	4.43035	6.70636	7.43813	4.32044	2.73562	3.44847	2.55286	1.04793	3.05791	7.21596	5.32856	2.09515	1.13666	0.741064	1.94341	2.19291	0.898614	1.29589	16.9381	24.7811	14.5986	11.3742	11.0414	11.4839	11.0358	10.0027	8.74614	15.41	19.1613	17.2533	12.3903	5.39135	1.97638	1.52476																																																											12.8984	6.87214	5.13625	5.44143	10.8051	20.3858							10.8658	11.699	8.04311	10.3015	11.9734	10.5932	10.5158	10.2583	9.32725	6.46573	6.26588	8.38913	8.84024	4.65256	1.30833	9.65007	11.7884	7.83067	8.17672	8.19025	7.05444	10.1855	10.0892	5.34671	0.254185	1.40359	7.7151	10.1867	4.27944	3.54047	3.21189	3.23193	3.4064
7.02677	7.29187	7.11849	6.18371	5.95297	5.55702	4.897	4.82788	5.07019	5.03219	4.01227	3.31034	3.05245	1.98436	1.36852	1.36852	1.27066	0.91634	0.762448	0.179726	0.401865	0.647968	1.15062	0.740979	0.539163	0.254163	1.36847	1.44868	1.43751	1.30822	1.36852	1.20549	1.13656	2.73537	1.83221	1.13656	1.13656	1.83221	2.90103	2.83935	2.22195	2.00856	3.46679	3.40599	1.83225	1.65655	1.62704	1.53519	0.898557	0.916359	0.91634	1.27061	1.36847	1.04788	1.36852	1.15068	1.93494	0.898534	1.30818	2.57153	3.9191	2.96144	0.179726	2.78786	4.66247	2.81084	0.179726	0.401865	0.568316	1.04783	1.04783	0.647968	1.01655	0.898534	1.44866	1.20544	0.647968	1.01655	1.52463	1.90976	1.65649	1.29577	1.44866	2.04827	3.30048	3.95168	1.90976	1.20544	1.94324	1.40339	1.40339	1.15062	0.80369	1.07823	2.73537	6.98356	6.28808	6.20429	6.51409	6.51404	5.90729	4.32029	5.73481	8.78091	8.99725	11.2917	10.3828	5.78726	4.87719	4.0321	7.39915	5.82562	1.76957	2.54011	2.09506	1.79667	2.22195	2.36257	2.16315	3.93949	4.94552	6.94492	6.83454	2.73537	2.19271	2.55263	1.04783	3.05764	7.46501	4.82438	1.13652	1.13656	1.30818	1.695	2.443	1.65649	0.80369	11.1179	20.7692	16.206	12.0409	12.3903	11.9008	10.432	10.1921	8.57902	12.3892	16.9235	19.1249	15.2864	8.1047	4.41185	1.52463																																																										7.58455	11.6872	8.36213	7.82799	8.12987	10.649	17.5723	24.7631	20.6597							11.9302	8.3114	9.17286	10.2604	10.5792	10.2574	10.1862	7.18048	5.44971	5.55682	6.34831	5.3788	1.4487	9.64923	10.3201	8.32827	10.1385	11.1179	8.05619	9.685	11.1842	9.46703	3.80685	1.53524	8.9572	9.44551	3.54016	4.27906	2.27215	2.40991	3.4061
3.05739	5.24617	6.46434	5.30671	4.78409	4.78409	4.53684	4.78409	5.09795	5.62482	5.39028	4.82737	4.51556	3.52627	2.65151	2.34184	2.44284	2.15547	1.48155	0.401839	0.568256	0.568256	0.762367	0.539105	0.71879	0.359409	0.740901	1.25775	1.44855	1.36837	1.36837	1.36837	1.30808	2.73508	1.80543	1.53508	1.60696	2.16294	3.09917	3.13528	2.53976	2.16292	3.30016	3.23621	1.83205	1.83205	2.15547	2.18515	1.07812	0.740919	1.25775	1.83202	1.83202	1.09299	0.568274	0.254149	1.4485	0.740919	2.04808	3.00962	2.89516	1.43735	2.61479	3.60727	3.69954	1.69482	0.179706	0.568256	0.568256	1.04772	1.04772	0.568256	0.898439	1.01644	1.52446	1.01644	0.508261	1.01644	1.65631	2.04805	1.40324	1.01644	1.52446	2.03225	3.19619	3.93907	2.10244	1.20531	2.04805	1.77839	1.54548	1.04772	0.401822	0.508261	3.08872	8.77281	7.44731	3.86521	5.20962	6.74308	7.51511	6.84808	7.75467	9.11547	8.09604	9.91962	9.10328	4.81723	4.3418	4.03165	7.33621	6.56164	2.89524	1.53508	0.568256	1.36832	2.33485	2.27191	2.18515	3.69954	3.63382	5.96276	8.03355	3.33887	1.54548	2.16287	1.1364	2.94474	7.45576	4.95791	1.98415	2.97207	3.63397	3.63397	3.62952	2.18519	0.508288	6.45186	14.628	16.6234	15.1111	14.3127	12.1263	9.07236	8.14047	5.37525	6.96466	9.71083	15.2779	14.3458	10.8991	8.01992	2.69362																																																										5.8903	10.9006	13.1234	15.5182	16.4887	15.7868	11.9956	13.6486	21.6459							13.2372	9.88861	9.49758	10.6029	10.9009	11.0785	12.3991	10.95	8.51043	6.88264	5.37836	4.81061	1.07812	8.71556	10.1008	9.10163	10.734	14.1551	8.5651	3.42918	8.70849	12.2425	11.4393	10.7114	11.372	8.05516	3.13528	3.84004	1.36832	0.647931	1.48155
2.04797	4.41117	6.62856	5.75592	4.78367	4.78367	4.53643	4.78367	4.95766	5.3452	5.51847	5.24571	4.84343	3.80624	2.83889	2.34164	2.57109	2.96087	1.93456	0.539057	0.568205	0.568205	0.254113	0.401803	0.718727	0.803533	0.401803	1.0929	1.30796	1.36825	1.36825	1.36825	1.44842	2.73484	1.61679	1.65623	1.60682	2.0082	3.0989	3.35303	2.53953	2.36211	3.29987	3.00936	1.83189	1.83189	2.15528	2.61449	1.48142	0.647874	1.0929	1.83185	1.83185	1.25764	0.568224	0.254127	1.2052	0.647874	2.50117	3.23593	1.48142	1.43723	2.89498	3.23101	2.57103	0.967556	0.401786	0.568205	0.568205	1.04763	1.04763	0.568205	0.647842	1.01635	1.52433	1.01635	0.508216	1.01635	1.90939	2.04787	1.1504	1.01635	1.52433	2.03207	2.44252	3.45217	2.81029	1.44837	2.04787	2.28582	1.54535	1.04763	0.179691	0.508216	4.09052	9.01806	8.65712	5.01848	5.27009	6.4835	7.40443	6.84747	7.63107	8.21107	6.27423	8.2338	8.11268	4.31179	3.8397	3.78498	6.59961	5.85453	3.23101	2.36211	1.54535	1.84935	2.57101	2.27171	2.61449	3.46611	2.65115	4.70594	7.78613	4.84329	1.54535	1.40312	1.1363	2.69331	7.20516	5.71129	3.18082	3.45227	3.63365	3.63365	3.23604	1.79637	1.1363	4.01136	8.73652	14.7838	18.4373	18.0243	14.7273	11.0423	8.13976	4.8762	6.71392	7.97783	12.7015	12.3634	11.9433	10.7287	3.27545	2.18496	1.07802	0.539057																																																									11.6594	14.7279	16.2613	16.1028	13.8554	2.34164	14.2795	18.4807	11.8562	3.52587	0.740853		3.58912	10.9713	9.74226	9.19675	10.602	10.7864	11.0387	12.7872	11.5751	8.33088	6.45408	4.03149	2.96087	0.803567	6.56107	10.0999	8.87138	8.06427	15.9071	13.8473	2.1628	6.62856	9.91439	11.0456	10.6932	9.26257	4.87639	2.52045	2.34152	0.916161	0.740853	1.07802
1.52417	0.508162	4.5639	4.0586	2.53921	2.53921	2.03185	2.53921	2.53921	2.53921	3.04618	3.55267	3.55267	2.53921	1.52417	0.508162	1.52417	3.04618	2.03185	0.508162	0.508162	0.508162	0	0	0.508162	1.01624	0.508162	0.508162	0.508162	0.508162	0.508162	0.508162	1.01624	2.53921	1.01624	1.01624	0.508162	1.01624	2.53921	3.04618	2.03185	2.03185	3.04618	2.53921	1.01624	1.01624	1.52417	2.53921	1.52417	0	0.508162	1.52417	1.52417	1.01624	0.508162	0	1.01624	0	2.53921	3.04618	0.508162	2.03185	2.03185	2.03185	1.52417	0.508162	0.508162	0.508162	0.508162	1.01624	1.01624	0.508162	0.508162	1.01624	1.52417	1.01624	0.508162	1.01624	2.03185	2.03185	1.01624	1.01624	1.52417	2.03185	2.03185	3.04618	3.04618	1.52417	2.03185	2.53921	1.52417	1.01624	0	0.508162	4.5639	9.07061	9.07061	4.5639	1.52417	1.52417	3.04618	0.508162	3.55267	5.06849	3.55267	7.07823	7.57813	4.0586	3.55267	3.55267	6.07524	5.06849	2.53921	2.53921	2.03185	2.03185	2.53921	2.03185	2.53921	3.04618	2.03185	4.0586	7.57813	5.5723	1.52417	1.01624	1.01624	2.53921	7.07823	6.07524	3.55267	2.53921	1.52417	1.52417	1.01624	1.01624	1.52417	2.53921	2.53921	8.5744	17.7081	19.0807	15.8449	12.0169	8.07688	4.5639	6.57724	7.07823	11.0411	10.0589	11.0411	11.5298	3.04618	2.03185	1.01624	0.508162																																																									2.53921	5.5723	7.57813	8.07688	10.0589	7.57813	6.07524	16.7811	13.4671	4.0586	0.508162		0	7.57813	5.5723	1.01624	2.53921	2.03185	1.52417	7.57813	7.07823	0.508162	1.01624	0.508162	1.52417	0	5.06849	9.56546	8.07688	4.5639	15.8449	16.3141	1.52417	3.04618	4.0586	3.55267	0.508162	1.52417	0	1.52417	1.52417	0.508162	0.508162	0.508162
7.29348	5.51748	2.53904	3.60625	4.39572	4.60903	4.53555	4.78274	4.82601	5.04615	5.47971	5.7548	5.56338	4.78274	4.33339	3.98269	3.97055	4.51423	3.05652	1.94258	1.94258	1.54512	1.04747	0.647747	0.538952	0.898184	0.508117	0.401708	0.538952	0.718586	0.718586	0.740709	1.30767	2.49423	1.27016	1.44813	1.20502	1.6559	3.00877	3.29922	2.39549	2.39549	3.2353	2.92202	2.10191	2.22114	2.33424	2.96029	2.16231	1.15024	1.13611	1.87497	1.70384	1.25739	1.13611	0.89823	1.27014	0.762191	2.49423	2.804	0.508144	2.61398	2.36165	2.04749	1.36793	0.254064	0.568095	0.568095	0.568095	0.898184	1.01615	0.508117	0.508117	1.01615	1.40284	1.04742	0.568095	0.967368	2.09415	2.09415	1.13608	1.13608	1.60644	2.19186	2.16226	2.804	2.89434	2.09415	2.44204	2.49423	1.76881	1.27014	1.36799	2.83833	4.74572	7.33199	8.71312	5.76571	2.41553	1.84907	4.26255	5.06831	6.59617	6.98106	5.62324	7.75229	8.02157	4.7153	3.83483	3.46544	5.4591	4.84235	2.74017	2.58921	2.19186	2.28537	2.69279	2.40887	2.73431	2.89434	2.09415	3.68106	6.69609	6.24244	2.49423	0.762151	0.915982	2.65064	6.84579	5.82337	3.44683	2.58921	1.69434	1.65584	1.15018	0.898207	1.80491	2.74608	3.07229	9.16057	18.6974	21.0237	18.1759	13.351	8.64836	4.31848	3.93389	8.03934	14.1868	12.5107	11.0749	10.5761	3.05645	2.16226	1.01615	0.508117																																																									2.22108	5.24462	8.57573	11.8966	16.3577	19.1047	17.6127	16.9587	11.679	3.61064	0		2.94406	5.86423	6.20156	3.46556	4.96962	3.29935	2.22114	8.62466	8.6826	3.58851	1.29533	0.508144	1.30767	0.401708	4.69141	8.26455	8.45968	6.28565	14.963	17.6788	8.51719	4.17139	3.29922	2.44207	2.89447	2.90001	2.69292	3.40477	2.57061	0.967403	0.803411	1.60651
7.43005	6.55942	3.40437	2.29934	4.26217	4.4819	4.53515	4.78232	4.70481	4.93043	5.47922	5.91789	5.7321	4.78232	4.33301	4.03035	4.22062	5.34357	3.45124	1.90894	1.90894	1.54499	1.27005	0.740643	0.401689	0.647658	0.508072	0.17964	0.401689	0.718523	0.718523	0.64769	1.53445	2.24968	1.04738	1.30759	1.15013	1.53451	3.23501	3.29893	2.39527	2.39527	3.0085	2.71639	2.00766	2.36148	2.51973	2.96003	2.36144	1.20491	1.13601	2.10165	1.70369	1.09259	1.13601	0.967317	1.27003	0.762124	2.24968	2.29922	1.13598	3.06671	2.16212	1.62626	0.915901	0.254041	0.568044	0.568044	0.568044	0.647658	1.01606	0.508072	0.508072	1.01606	1.15007	1.04733	0.568044	0.740625	2.09396	2.09396	1.13598	1.13598	1.60629	2.44183	2.41531	2.29922	2.40865	3.08758	3.195	2.24968	2.00757	1.27003	1.98339	3.77125	3.76701	3.81346	7.51206	7.44457	4.18616	2.34093	3.69833	5.16768	6.59559	6.50112	5.3437	7.11497	7.56855	4.31809	3.23506	2.78653	4.20145	4.34019	2.98703	2.58898	2.44183	2.79226	2.94365	2.89408	2.73407	2.40865	2.09396	2.92172	4.73512	6.96212	4.23184	0.254041	0.568062	2.6504	6.34529	5.31956	3.195	2.58898	1.94231	1.90884	1.40272	0.64769	1.61633	2.34091	2.49412	9.39485	20.4926	24.6814	21.2169	12.7266	6.98045	2.89421	2.5703	6.32303	18.1744	17.2495	10.8327	8.60571	3.05618	2.41531	1.01606	0.508072																																																															17.2586	12.3174	6.99172	2.44185		2.53881	3.13421	2.36144	7.45301	6.95307	4.69125	3.05634	1.94241	10.0633	10.0387	4.36242	3.06671	1.13598	0.740643	1.15007	3.93352	5.36734	7.58106	6.67667	11.3097	16.2841	11.0019	4.36612	1.62628	1.30759	3.06681	2.69269	2.89975	3.40447	2.44195	2.33399	1.93401	1.60636
5.55379	7.35873	8.2079	4.60814	1.48088	1.48084	2.53858	3.62778	3.87163	3.87163	4.49564	5.37578	5.55082	4.78181	4.26175	3.8509	4.36196	6.12575	5.06723	3.81326	3.42765	3.13901	2.83778	2.24954	1.90874	1.26994	0.401647	0	0	0.508018	0.508018	0	1.52373	1.79558	0.803254	1.13589	1.15001	1.44788	3.35172	3.57422	2.57003	2.36119	2.92146	2.69829	1.76853	2.16191	2.69233	3.24957	2.87153	2.00744	1.70356	2.44159	1.8746	0.915822	0.967215	1.13589	1.44783	0.647621	1.94211	1.77754	1.54474	2.92141	1.52373	0.898009	0.538847	0.718446	0.718446	0.538847	0.567984	0.567984	0.898009	0.508018	0.508018	1.01596	1.14995	1.04722	0.40163	0.508018	1.90864	2.04707	1.14995	1.14995	3.17958	5.73149	5.78411	4.1821	2.44167	3.60994	4.0098	2.36119	2.0471	1.09245	1.52373	3.06638	2.87713	3.23478	7.36504	9.39885	5.92518	3.13376	0.915804	2.34061	4.4274	4.04565	3.42754	6.34467	7.13412	3.94947	3.07169	2.69831	3.63211	3.93719	2.83766	2.41506	2.53849	2.92141	3.29855	3.05585	2.04707	2.44157	3.86322	5.3847	6.17749	6.59474	3.73229	0.647621	0.508045	2.5887	5.95993	4.94264	2.92141	2.44157	2.19143	2.04707	1.65552	0.967179	1.26991	1.97505	1.0776	9.19274	21.4257	27.458	20.3304	8.44887	11.2437	14.6542	16.1186	13.9447	23.6983	22.4894	11.4053	7.88953	3.29858	2.33374	0.967179	0.567984																																																															3.05592	2.65024	2.51947	1.30742		2.92146	2.83778	2.6684	8.4543	8.76693	2.8939	1.52382	0.967179	11.3138	9.76845	5.45804	5.6896	2.83781	1.44781	5.20698	9.39415	9.70672	6.22363	2.65012	8.10002	13.6501	13.5811	11.112	9.23381	7.79356	5.19779	2.00736	3.48335	3.46489	3.29384	4.48492	3.83409	1.29508
5.36653	6.90625	8.76096	6.49977	2.18391	0.803183	2.09365	3.23449	3.87129	3.87129	4.3358	5.19427	5.37533	4.78139	4.36528	3.93294	4.36157	5.73928	5.06679	3.87961	3.44603	3.29841	3.09747	2.33362	1.94203	1.62597	0.74048	0	0	0.507973	0.507973	0	1.5236	1.2949	1.0775	1.13579	1.20468	1.40252	3.1335	3.80012	2.78599	2.1617	2.71586	2.69805	1.87449	2.00724	2.51926	3.24928	2.87128	2.10132	1.98302	2.66805	2.10125	0.915741	0.897975	1.13579	1.6554	0.740499	1.69386	1.26976	1.54461	2.66802	1.5236	0.647532	0.401611	0.718383	0.718383	0.401611	0.567933	0.567933	0.647532	0.507973	0.507973	1.01587	1.40244	1.04713	0.179604	0.507973	1.65537	2.04689	1.40244	1.40244	5.53008	7.87898	5.6047	4.18173	2.24934	3.37051	4.49157	2.1617	1.62595	0.897952	0.507973	1.79546	2.7159	2.9213	6.94038	10.7951	6.87619	3.85039	1.36755	3.83787	5.3663	3.83375	3.62741	6.80682	7.1335	3.76627	2.92125	2.39486	3.1793	3.45052	2.3404	2.16165	2.53827	2.66802	3.8043	3.05558	1.04713	3.19438	6.74605	6.87628	6.17694	4.36157	1.09235	0.740499	0.508	2.58848	5.70857	4.69009	2.66802	2.19124	2.44135	2.04689	1.90847	1.69386	1.04718	1.80442	2.40818	9.43926	21.6437	29.4164	16.4468	5.3158	11.5169	15.2165	15.9325	14.5395	27.9204	27.4338	13.102	8.3828	3.29829	1.6554	0.74048																																																																						2.65	2.69216	8.45356	8.29637	2.80336	2.53832	2.69202	12.5133	8.80173	9.19872	7.00835	3.17939	4.20063	9.32656	11.9072	9.49229	6.73218	3.63177	6.4607	11.1768	12.6447	11.3887	9.55755	9.12586	9.02944	5.73083	3.94914	3.37065	3.23452	4.86741	4.92931	1.29496
1.52346	3.55104	7.075	6.57423	3.04478	1.01578	0	1.01578	2.03091	2.03091	2.53805	3.55104	3.55104	2.53805	2.03091	1.52346	2.53805	4.05674	3.04478	1.01578	0.507928	1.52346	2.03091	1.01578	0.507928	1.52346	1.01578	0	0	0.507928	0.507928	0	1.52346	1.01578	1.01578	0.507928	0.507928	0	2.53805	3.55104	2.53805	1.52346	2.03091	2.03091	1.01578	1.01578	1.52346	2.53805	2.03091	1.01578	1.52346	2.53805	2.03091	0.507928	0	0.507928	1.52346	0.507928	1.52346	1.01578	1.52346	2.53805	1.52346	0.507928	0	0.507928	0.507928	0	0.507928	0.507928	0.507928	0.507928	0.507928	1.01578	1.52346	1.01578	0	0.507928	1.52346	2.03091	1.52346	1.52346	6.57423	8.0732	1.52346	2.03091	1.52346	3.04478	4.56181	1.52346	1.01578	0.507928	0	0.507928	1.52346	0.507928	5.56974	11.0362	7.075	4.05674	1.52346	4.56181	5.56974	3.04478	3.04478	6.57423	6.57423	2.53805	1.52346	1.01578	2.53805	3.04478	2.03091	2.03091	2.53805	2.53805	4.05674	3.04478	0.507928	3.55104	8.0732	6.57423	3.55104	1.01578	0.507928	0.507928	0	2.53805	5.56974	4.56181	2.53805	2.03091	2.53805	2.03091	2.03091	2.03091	0	1.01578	3.04478	9.56114	21.7488	30.3322	14.4181	5.06617	5.06617	6.07246	3.55104	6.07246	28.7952	29.5695	13.9406	8.5705	3.04478	1.01578	0.507928																																																																						0.507928	0.507928	8.0732	7.57468	0	3.04478	3.55104	12.9798	8.0732	11.0362	7.075	2.53805	5.56974	11.0362	11.0362	2.03091	7.075	6.57423	3.04478	6.57423	7.075	5.06617	3.55104	7.075	10.546	7.57468	3.04478	1.01578	0.507928	4.05674	5.06617	0.507928
4.00884	5.4186	8.29677	8.39631	6.46196	5.13159	4.08798	2.66764	1.09214	1.79511	3.24868	4.66195	4.84016	4.18469	4.13855	4.1694	4.82371	5.92902	5.68813	4.73349	4.12696	4.02875	4.0446	3.29777	2.73899	2.87632	1.98261	0.647437	0.803026	1.20444	1.30708	0.8978	1.65507	1.53391	2.22007	2.09325	1.79516	1.29471	2.66753	3.69672	2.95887	2.16127	2.39434	2.34	2.10091	2.27025	2.56936	3.4125	3.04981	2.22007	2.33312	3.06551	2.33308	0.915563	0.647437	0.740354	1.65507	1.07729	1.01567	1.09214	1.20439	2.19081	1.65507	1.09216	0.647437	0.538694	0.567823	0.401533	0.538694	0.567823	0.567823	0.567823	0.567823	0.897754	1.5233	1.14963	0.567841	0.915563	1.53385	2.09315	1.60567	1.60567	5.94757	8.45375	3.06551	3.40315	4.09188	4.21898	3.79938	1.14963	0.966905	0.740336	0.401516	1.43626	2.33312	1.62565	4.81357	10.6177	7.38214	4.67212	1.79507	4.43694	5.45651	3.19376	3.17358	6.57354	6.57354	2.53778	1.65505	1.20439	2.44088	2.92058	2.16123	2.04649	2.41437	2.53778	3.81198	3.08637	0.802992	3.19376	7.28969	6.70012	6.39043	5.68818	3.13812	1.70308	1.26958	2.83689	5.41255	4.33851	2.41437	2.0307	2.41437	2.16123	2.0307	1.9081	0.401516	1.79507	5.0436	12.1935	24.09	26.9244	10.5524	12.6329	11.0258	8.30449	3.96866	6.79383	28.5091	29.5857	14.7778	9.12041	2.89851	1.09214	0.538694																																																																						0.538694	0.740354	6.67402	8.75935	8.57005	9.58008	11.2188	17.5981	20.5284	20.5757	15.7357	13.3498	14.0503	17.0514	19.2024	18.3601	17.075	12.3349	9.19058	10.1835	10.7934	11.0647	11.6636	14.1452	17.7863	17.7608	13.4526	8.84469	5.41281	2.69753	4.09563	2.73899
3.87851	5.12797	7.7073	8.02895	6.73029	5.38574	4.33094	3.13269	1.53372	1.29459	2.73287	4.4797	4.83973	4.04424	4.0284	4.09152	4.70257	5.62007	5.68763	4.89233	4.24889	4.13818	4.18432	3.52328	2.80828	3.42627	2.83663	0.740289	1.0772	1.14958	1.44731	0.966855	1.44729	1.40212	2.36035	2.09306	1.795	1.48033	2.44069	3.46348	2.95861	2.36031	2.39413	1.98246	2.0067	2.27005	2.44076	3.4122	3.23351	2.36035	2.51853	3.53225	2.56905	0.915481	0.740289	0.64738	1.44729	1.48029	0	0.897697	0.538647	1.44727	1.44729	1.25668	0.740289	0.401497	0.567772	0.538647	0.401497	0.567772	0.567772	0.567772	0.567772	0.647348	1.52317	1.40205	0.915463	0.915481	1.30693	2.09296	1.60553	1.60553	4.68876	9.19615	5.46479	3.08626	3.94811	3.63091	2.00667	0.40148	0.74027	0.966819	1.14952	2.26998	2.51853	2.39413	3.29733	9.64017	7.62503	5.65938	2.29812	4.18417	5.20494	3.44488	3.4262	6.57296	6.57296	2.53755	1.90793	1.44727	2.19061	2.66726	2.41416	2.04631	2.16104	2.53755	3.30705	3.0861	1.29453	2.44066	5.36479	5.04325	5.92592	6.67359	4.48326	1.98246	1.26947	2.83663	4.91815	3.83678	2.16104	2.03052	2.16104	2.41416	2.03052	1.6549	1.14952	3.30705	7.58365	14.8453	26.2651	18.926	6.17783	12.8402	10.458	7.20887	3.96831	8.0268	27.9156	29.5835	16.4248	10.1015	2.21982																																																																													9.34272	10.9467						14.0491	15.7741	18.115	18.3372	16.4327	11.8928	9.74776	10.0296	10.0096	10.639	11.4513	13.3632	16.6554	18.836	15.8254	10.2793	6.67359	2.69729	1.98246	2.80828
3.44475	4.47935	6.96738	7.85213	6.97647	5.02692	3.62609	3.96794	5.28975	5.37345	3.94776	2.15342	2.61223	3.35026	3.6962	3.69188	4.1378	4.91786	5.26854	4.65089	3.96794	3.86983	4.15705	3.83238	3.13243	4.15697	3.91496	1.53363	2.33958	3.44938	4.83944	5.22919	5.16476	4.56076	3.38366	2.03045	1.44718	1.3068	2.09274	3.08577	2.58747	2.0064	2.00643	1.93298	2.19053	2.56892	2.73262	3.58604	3.5905	2.71487	2.87018	4.08705	3.24804	1.93298	1.48019	0.89764	1.2693	1.7027	0.91537	0.253892	0.25391	0.761638	0.966719	1.13532	0.718109	0.647322	0.915395	0.74022	0.647322	0.915395	0.74022	0.718109	0.718109	0.718109	1.44712	1.54401	1.20416	0.89761	1.44715	2.10043	1.7027	1.7027	3.29698	8.37961	7.32948	5.3705	3.35026	0.89761	0	0	0.359069	1.13532	1.79472	2.19038	1.97412	2.89246	3.00676	8.74494	7.98677	6.93761	3.44451	4.89164	5.55097	3.86971	3.79865	6.44574	6.22807	2.4139	2.0303	1.65473	2.33949	2.64886	2.33949	1.90773	1.90773	2.4404	2.98528	3.04915	1.87371	2.24837	3.69166	2.51828	1.98227	5.2197	4.91764	1.76762	0.647322	2.96912	4.57795	3.38344	2.09274	1.94118	2.04609	2.54992	1.77669	1.36702	1.62532	7.74717	16.9607	23.3854	26.2208	8.7878	11.223	8.92024	6.25898	5.43528	5.49043	9.68251	27.0068	28.8076	17.8775	11.1613	1.54401																																																																													0	0						5.09303	7.04861	9.39655	10.2364	10.9681	12.8098	14.8356	15.9632	15.9269	15.8831	16.0069	16.2866	17.4804	21.6714	24.9407	25.0202	23.5061	19.546	10.5552	3.69623
3.42571	4.16823	6.14567	7.68133	7.86733	6.1223	3.78148	3.55886	4.97871	5.6162	4.4789	2.15322	1.29434	3.04901	3.60805	3.69149	4.02761	4.65041	5.26802	4.91736	4.21779	3.86944	4.15664	3.97959	3.23295	4.56711	4.5915	1.65464	3.09594	4.48241	4.83893	5.26508	5.16422	4.67102	3.3833	2.26961	2.00625	1.53342	2.09255	3.0855	2.58724	1.76746	1.44703	1.79465	2.16073	2.49244	2.73233	3.58569	3.78144	2.8755	2.8699	4.08667	3.24773	2.18291	1.7946	0.966666	1.26917	1.70254	1.36689	0.25387	0.253883	0.25387	0.740126	1.13521	0.718039	0.740144	0.915303	0.647254	0.740144	0.915303	0.647254	0.718039	0.718039	0.718039	1.20405	1.54387	1.44699	1.09183	1.65461	1.87354	1.70254	1.70254	1.77653	5.55046	5.86	5.78085	5.72818	2.00622	0	0	0.359034	1.13521	2.29767	1.44699	1.40185	2.51166	3.23284	7.77272	8.22603	8.41242	5.20393	5.84079	5.55046	3.44892	3.5722	5.95392	5.47826	2.16061	2.03012	1.90756	2.83606	2.64862	1.84758	1.65458	1.65458	2.19019	2.73809	2.80761	2.10024	2.49233	2.73223	2.33246	2.33933	5.21923	5.41102	2.00622	0.740144	3.44887	4.33361	2.89213	2.09255	1.69305	2.04591	2.5497	1.26915	0.915284	1.26919	12.4834	23.8878	25.3891	20.2909	6.2809	15.2867	8.75691	6.40849	6.61509	8.05651	11.8861	25.7828	27.2241	19.014	12.3763																																																																																												15.7306	15.8705	15.8485	15.9871	16.2601	17.203	20.3234	23.9522	25.2127	24.0995	23.704	16.3083	4.84871
2.03005	2.40692	3.95906	6.14503	7.78825	6.40766	3.22764	3.53139	4.72838	5.88387	5.94557	5.01643	3.1318	2.29759	1.60514	0.717975	1.13511	2.16047	3.4253	3.94284	3.97924	3.91436	4.35911	4.33335	3.572	5.0921	5.43408	2.49865	4.15621	5.0921	3.04874	2.83592	2.35968	2.21919	1.76731	1.60507	1.93254	1.79445	2.66654	3.3351	2.24796	1.79445	1.60514	1.52282	1.52282	1.79449	2.40692	3.58983	3.83158	2.86965	2.87525	4.21732	3.44861	2.33914	2.33914	1.76738	1.8034	2.00607	1.82994	1.09175	0.647196	0.401383	0.647165	0.89742	0.538494	0.717975	0.897443	0.897466	0.96658	0.915222	0.897466	0.96658	0.740079	0.717975	0.966545	1.40165	1.65443	1.20394	1.76731	1.87337	1.65446	1.36677	0.89742	2.98475	2.35964	3.53126	6.25493	3.27204	1.36682	0.647196	0.359002	1.01529	2.18999	1.30659	2.10013	2.5684	3.65615	7.35162	8.40611	9.13245	6.47649	7.11171	6.1989	3.58983	3.78111	5.5241	4.97482	2.26933	2.26933	2.26933	3.04861	2.49211	1.60507	1.60507	1.29416	1.6929	2.49856	2.74374	2.69652	3.23255	2.40682	1.53328	2.10005	5.06692	5.70815	2.44	1.30659	3.76832	4.09018	2.73199	2.10005	1.53328	1.94083	2.16042	1.09175	1.44693	2.73798	19.716	28.0314	17.4098	6.72827	15.4898	18.6463	10.9659	10.3707	12.2959	14.0873	15.2184	24.971	27.9004	23.4593	16.6598																																																																																												4.33329	5.3842	6.25522	6.86345	7.53188	8.45293	10.027	12.5937	15.9284	18.82	26.4958	27.1613	22.9008
2.02984	2.29735	3.40152	5.94487	8.69956	7.10878	2.89166	4.3144	5.054	5.88324	6.79077	5.99802	3.27175	2.29735	1.60497	0.717899	0.507658	1.65432	2.87494	3.60285	3.83125	3.79769	4.35865	4.49223	3.69508	5.30005	5.88305	2.49838	4.56623	5.30005	2.98458	3.09539	2.87492	2.89713	2.00583	1.6049	1.47972	1.47975	3.36825	3.83529	1.53312	1.47975	1.60497	1.52266	1.52266	1.7943	2.29735	3.78071	4.04258	2.86934	2.71407	4.21688	3.86859	2.3389	2.3389	1.87323	1.97354	2.21896	1.82975	1.25619	0.74	0.538437	0.897324	0.647096	0.401341	0.717899	1.09162	0.966478	0.89737	0.915125	0.966478	0.89737	0.647128	0.717899	0.739982	1.14908	1.90719	1.44671	2.00583	2.09983	1.44673	0.915106	0.647096	1.76712	2.16024	4.00676	5.28495	3.48063	1.98167	0.74	0.358964	1.01518	1.44671	1.14913	2.51757	2.43981	3.65577	7.35084	8.6473	8.8894	6.71571	9.09218	8.16514	3.78071	3.58945	4.82126	4.48855	2.26909	2.26909	2.26909	2.80706	2.24773	1.6049	1.6049	0.802608	0.966442	2.04554	2.33888	2.69624	3.93014	2.89157	1.30642	1.87317	4.82123	5.70755	2.66625	1.44675	3.76792	3.84781	2.7317	1.87317	1.30642	1.69272	1.4015	0.89737	1.40157	3.94647	26.3931	28.568	8.52562	5.92615	17.1735	17.3058	11.0926	10.298	12.2947	16.3053	15.6259	21.82	26.8075	26.0974	20.446	7.28414	2.4983			0.253834																																																																																														11.9253	14.8324	17.7888	24.5067	26.4569	23.2206