0.901909	0.901909	0.901909	0.901909	0.901909	0.901909	0.901909	0.901909	0.901909	0.797196	0.574883	0.450982	0.450982	0.450982	0.450982	0.450982	0.657388	0.85859	0.901909	0.901909	0.797196	0.574883	0.450982	0.450982	0.450982	0.450982	0.657388	0.85859	0.901909	0.901909	0.901909	0.797196	0.574883	0.450982	0.450982	0.450982	0.450982	0.450982	0.450982	0.450982	0.450982	0.637752	0.637752	0.450982	0.450982	0.450982	0.450982	0.450982	0.450982	0.450982	0.450982	0.450982	0.637752	0.637752	0.450982	0.450982	0.450982	0.356533	0.159444	0	0	0.450954	0.450954	0	0	0	0.159444	0.504186	0.356515	0	0.159444	0.356533	0.450982	0.637752	0.637752	0.450982	0.450982	0.450982	0.574883	0.797196	1.00833	1.00833	0.901909	0.901909	1.02087	1.24514	1.35272	1.2853	1.06949	1.02087	1.24514	1.35272	1.35272	1.35272	1.35272	1.35272	1.35272	1.35272	1.35272	1.35272	1.50389	1.72419	1.80337	1.80337	1.80337	1.69448	1.46973	1.35272	1.50389	1.72419	1.80337	1.69448	1.46973	1.35272	1.50389	1.72419	1.80337	1.69448	1.46973	1.35272	1.35272	1.42586	1.42586	1.35272	1.35272	1.24514	1.02087	0.901909	1.06949	1.21414	1.02087	0.901909	1.06949	1.2853	1.24514	1.02087	0.901909	0.901909	0.901909	0.901909	0.797196	0.574883	0.657388	0.85859	0.901909	0.901909	0.901909	0.797196	0.574883	0.450982	0.450982	0.450982	0.657388	0.85859	0.901909	0.901909	0.901909	0.901909	0.901909	0.901909	0.797196	0.504205	0.356515	0	0	0	0	0	0	0	0.356515	0.478323	0.450982	0.450982	0.450982	0.450982	0.450982	0.450982	0.356533	0.504186	0.478323	0.450982	0.450982	0.450982	0.450982	0.657388	0.85859	0.901909	0.901909	0.901909	0.901909	0.901909	1.06949	1.2853	1.35272	1.35272	1.42586	1.36207	1.02087	0.901909	0.901909	1.00833	0.969781	0.574883	0.450982	0.637752	0.637752	0.450982	0.356533	0.159444	0.356515	0.504186	0.159444	0	0	0.450954	0.450954	0	0	0.356515	0.504186	0.159444	0	0	0	0	0	0	0	0	0	0.356515	0.478323	0.450982	0.450982	0.450982	0.574883	0.797196	0.797196	0.574883	0.657388	0.85859	0.901909	1.06949	1.2853	1.24514	1.21414	1.2853	1.35272	1.50389	1.64118	1.46973	1.35272	1.35272	1.35272	1.35272
0.901824	0.901824	0.901824	0.901824	0.901824	0.901824	0.901824	0.901824	0.901824	0.858509	0.657326	0.45094	0.45094	0.45094	0.45094	0.45094	0.574829	0.79712	0.901824	0.901824	0.858509	0.657326	0.45094	0.45094	0.45094	0.45094	0.574829	0.79712	0.901824	0.901824	0.901824	0.858509	0.657326	0.45094	0.45094	0.45094	0.45094	0.45094	0.45094	0.45094	0.45094	0.637692	0.637692	0.45094	0.45094	0.45094	0.45094	0.45094	0.45094	0.45094	0.45094	0.45094	0.637692	0.637692	0.45094	0.45094	0.45094	0.478278	0.356482	0	0	0.450911	0.450911	0	0	0	0.356482	0.504138	0.159429	0	0.356482	0.478278	0.45094	0.637692	0.637692	0.45094	0.45094	0.45094	0.657326	0.858509	1.00824	1.00824	0.901824	0.901824	1.06939	1.28518	1.3526	1.24503	1.02077	1.06939	1.28518	1.3526	1.3526	1.3526	1.3526	1.3526	1.3526	1.3526	1.3526	1.3526	1.46959	1.69432	1.8032	1.8032	1.8032	1.72402	1.50375	1.3526	1.46959	1.69432	1.8032	1.72402	1.50375	1.3526	1.46959	1.69432	1.8032	1.72402	1.50375	1.3526	1.3526	1.42572	1.42572	1.3526	1.3526	1.28518	1.06939	0.901824	1.02077	1.21403	1.06939	0.901824	1.02077	1.24503	1.28518	1.06939	0.901824	0.901824	0.901824	0.901824	0.858509	0.657326	0.574829	0.79712	0.901824	0.901824	0.901824	0.858509	0.657326	0.45094	0.45094	0.45094	0.574829	0.79712	0.901824	0.901824	0.901824	0.901824	0.901824	0.901824	0.858509	0.504157	0.159429	0	0	0	0	0	0	0	0.159429	0.3565	0.45094	0.45094	0.45094	0.45094	0.45094	0.45094	0.478278	0.504138	0.3565	0.45094	0.45094	0.45094	0.45094	0.574829	0.79712	0.901824	0.901824	0.901824	0.901824	0.901824	1.02077	1.24503	1.3526	1.3526	1.42572	1.46956	1.06939	0.901824	0.901824	1.00824	1.11587	0.657326	0.45094	0.637692	0.637692	0.45094	0.478278	0.356482	0.159429	0.504138	0.356482	0	0	0.450911	0.450911	0	0	0.159429	0.504138	0.356482	0	0	0	0	0	0	0	0	0	0.159429	0.3565	0.45094	0.45094	0.45094	0.657326	0.858509	0.858509	0.657326	0.574829	0.79712	0.901824	1.02077	1.24503	1.28518	1.21403	1.24503	1.3526	1.46959	1.64102	1.50375	1.3526	1.3526	1.3526	1.3526
0	0	0	0	0	0	0	0	0	0.450869	0.450869	0	0	0	0	0	0	0	0	0	0.450869	0.450869	0	0	0	0	0	0	0	0	0	0.450869	0.450869	0	0	0	0	0	0	0	0	0.450869	0.450869	0	0	0	0	0	0	0	0	0	0.450869	0.450869	0	0	0	0.450869	0.450869	0	0	0.450869	0.450869	0	0	0	0.450869	0.450869	0	0	0.450869	0.450869	0	0.450869	0.450869	0	0	0	0.450869	0.450869	0.450869	0.450869	0	0	0.450869	0.450869	0	0	0	0.450869	0.450869	0	0	0	0	0	0	0	0	0	0	0	0	0	0	0.450869	0.450869	0	0	0	0	0.450869	0.450869	0	0	0	0	0.450869	0.450869	0	0	0.450869	0.450869	0	0	0.450869	0.450869	0	0	0.450869	0.450869	0	0	0	0.450869	0.450869	0	0	0	0	0.450869	0.450869	0	0	0	0	0	0.450869	0.450869	0	0	0	0	0	0	0	0	0	0	0	0.450869	0.450869	0	0	0	0	0	0	0	0	0	0	0	0	0	0	0	0	0.450869	0.450869	0	0	0	0	0	0	0	0	0	0	0	0	0	0	0	0	0.450869	0.901682	0.450869	0	0	0.450869	0.901682	0.450869	0	0.450869	0.450869	0	0.450869	0.450869	0	0.450869	0.450869	0	0	0.450869	0.450869	0	0	0	0.450869	0.450869	0	0	0	0	0	0	0	0	0	0	0	0	0	0	0.450869	0.450869	0.450869	0.450869	0	0	0	0	0	0.450869	0.450869	0	0	0	0.450869	0.450869	0	0	0	0
0	0	0	0	0	0	0	0	0	0.450826	0.450826	0	0	0	0	0	0	0	0	0	0.450826	0.450826	0	0	0	0	0	0	0	0	0	0.450826	0.450826	0	0	0	0	0	0	0	0	0.450826	0.450826	0	0	0	0	0	0	0	0	0	0.450826	0.450826	0	0	0	0.450826	0.450826	0	0	0.450826	0.450826	0	0	0	0.450826	0.450826	0	0	0.450826	0.450826	0	0.450826	0.450826	0	0	0	0.450826	0.450826	0.450826	0.450826	0	0	0.450826	0.450826	0	0	0	0.450826	0.450826	0	0	0	0	0	0	0	0	0	0	0	0	0	0	0.450826	0.450826	0	0	0	0	0.450826	0.450826	0	0	0	0	0.450826	0.450826	0	0	0.450826	0.450826	0	0	0.450826	0.450826	0	0	0.450826	0.450826	0	0	0	0.450826	0.450826	0	0	0	0	0.450826	0.450826	0	0	0	0	0	0.450826	0.450826	0	0	0	0	0	0	0	0	0	0	0	0.450826	0.450826	0	0	0	0	0	0	0	0	0	0	0	0	0	0	0	0	0.450826	0.450826	0	0	0	0	0	0	0	0	0	0	0	0	0	0	0	0	0.450826	0.901597	0.450826	0	0	0.450826	0.901597	0.450826	0	0.450826	0.450826	0	0.450826	0.450826	0	0.450826	0.450826	0	0	0.450826	0.450826	0	0	0	0.450826	0.450826	0	0	0	0	0	0	0	0	0	0	0	0	0	0	0.450826	0.450826	0.450826	0.450826	0	0	0	0	0	0.450826	0.450826	0	0	0	0.450826	0.450826	0	0	0	0
0	0	0	0	0	0	0	0	0	0.450784	0.450784	0	0	0	0	0	0	0	0	0	0.450784	0.450784	0	0	0	0	0	0	0	0	0	0.450784	0.450784	0	0	0	0	0	0	0	0	0.450784	0.450784	0	0	0	0	0	0	0	0	0	0.450784	0.450784	0	0	0	0.450784	0.450784	0	0	0.450784	0.450784	0	0	0	0.450784	0.450784	0	0	0.450784	0.450784	0	0.450784	0.450784	0	0	0	0.450784	0.450784	0.450784	0.450784	0	0	0.450784	0.450784	0	0	0	0.450784	0.450784	0	0	0	0	0	0	0	0	0	0	0	0	0	0	0.450784	0.450784	0	0	0	0	0.450784	0.450784	0	0	0	0	0.450784	0.450784	0	0	0.450784	0.450784	0	0	0.450784	0.450784	0	0	0.450784	0.450784	0	0	0	0.450784	0.450784	0	0	0	0	0.450784	0.450784	0	0	0	0	0	0.450784	0.450784	0	0	0	0	0	0	0	0	0	0	0	0.450784	0.450784	0	0	0	0	0	0	0	0	0	0	0	0	0	0	0	0	0.450784	0.450784	0	0	0	0	0	0	0	0	0	0	0	0	0	0	0	0	0.450784	0.901511	0.450784	0	0	0.450784	0.901511	0.450784	0	0.450784	0.450784	0	0.450784	0.450784	0	0.450784	0.450784	0	0	0.450784	0.450784	0	0	0	0.450784	0.450784	0	0	0	0	0	0	0	0	0	0	0	0	0	0	0.450784	0.450784	0.450784	0.450784	0	0	0	0	0	0.450784	0.450784	0	0	0	0.450784	0.450784	0	0	0	0
0	0	0	0	0	0	0	0	0	0.450734	0.450734	0	0	0	0	0	0	0	0	0	0.450734	0.450734	0	0	0	0	0	0	0	0	0	0.450734	0.450734	0	0	0	0	0	0	0	0	0.450734	0.450734	0	0	0	0	0	0	0	0	0	0.450734	0.450734	0	0	0	0.450734	0.450734	0	0	0.450734	0.450734	0	0	0	0.450734	0.450734	0	0	0.450734	0.450734	0	0.450734	0.450734	0	0	0	0.450734	0.450734	0.450734	0.450734	0	0	0.450734	0.450734	0	0	0	0.450734	0.450734	0	0	0	0	0	0	0	0	0	0	0	0	0	0	0.450734	0.450734	0	0	0	0	0.450734	0.450734	0	0	0	0	0.450734	0.450734	0	0	0.450734	0.450734	0	0	0.450734	0.450734	0	0	0.450734	0.450734	0	0	0	0.450734	0.450734	0	0	0	0	0.450734	0.450734	0	0	0	0	0	0.450734	0.450734	0	0	0	0	0	0	0	0	0	0	0	0.450734	0.450734	0	0	0	0	0	0	0	0	0	0	0	0	0	0	0	0	0.450734	0.450734	0	0	0	0	0	0	0	0	0	0	0	0	0	0	0	0	0.450734	0.901412	0.450734	0	0	0.450734	0.901412	0.450734	0	0.450734	0.450734	0	0.450734	0.450734	0	0.450734	0.450734	0	0	0.450734	0.450734	0	0	0	0.450734	0.450734	0	0	0	0	0	0	0	0	0	0	0	0	0	0	0.450734	0.450734	0.450734	0.450734	0	0	0	0	0	0.450734	0.450734	0	0	0	0.450734	0.450734	0	0	0	0
0	0	0	0	0	0	0	0	0	0.450691	0.450691	0	0	0	0	0	0	0	0	0	0.450691	0.450691	0	0	0	0	0	0	0	0	0	0.450691	0.450691	0	0	0	0	0	0	0	0	0.450691	0.450691	0	0	0	0	0	0	0	0	0	0.450691	0.450691	0	0	0	0.450691	0.450691	0	0	0.450691	0.450691	0	0	0	0.450691	0.450691	0	0	0.450691	0.450691	0	0.450691	0.450691	0	0	0	0.450691	0.450691	0.450691	0.450691	0	0	0.450691	0.450691	0	0	0	0.450691	0.450691	0	0	0	0	0	0	0	0	0	0	0	0	0	0	0.450691	0.450691	0	0	0	0	0.450691	0.450691	0	0	0	0	0.450691	0.450691	0	0	0.450691	0.450691	0	0	0.450691	0.450691	0	0	0.450691	0.450691	0	0	0	0.450691	0.450691	0	0	0	0	0.450691	0.450691	0	0	0	0	0	0.450691	0.450691	0	0	0	0	0	0	0	0	0	0	0	0.450691	0.450691	0	0	0	0	0	0	0	0	0	0	0	0	0	0	0	0	0.450691	0.450691	0	0	0	0	0	0	0	0	0	0	0	0	0	0	0	0	0.450691	0.901327	0.450691	0	0	0.450691	0.901327	0.450691	0	0.450691	0.450691	0	0.450691	0.450691	0	0.450691	0.450691	0	0	0.450691	0.450691	0	0	0	0.450691	0.450691	0	0	0	0	0	0	0	0	0	0	0	0	0	0	0.450691	0.450691	0.450691	0.450691	0	0	0	0	0	0.450691	0.450691	0	0	0	0.450691	0.450691	0	0	0	0
0	0	0	0	0	0	0	0	0	0.450649	0.450649	0	0	0	0	0	0	0	0	0	0.450649	0.450649	0	0	0	0	0	0	0	0	0	0.450649	0.450649	0	0	0	0	0	0	0	0	0.450649	0.450649	0	0	0	0	0	0	0	0	0	0.450649	0.450649	0	0	0	0.450649	0.450649	0	0	0.450649	0.450649	0	0	0	0.450649	0.450649	0	0	0.450649	0.450649	0	0.450649	0.450649	0	0	0	0.450649	0.450649	0.450649	0.450649	0	0	0.450649	0.450649	0	0	0	0.450649	0.450649	0	0	0	0	0	0	0	0	0	0	0	0	0	0	0.450649	0.450649	0	0	0	0	0.450649	0.450649	0	0	0	0	0.450649	0.450649	0	0	0.450649	0.450649	0	0	0.450649	0.450649	0	0	0.450649	0.450649	0	0	0	0.450649	0.450649	0	0	0	0	0.450649	0.450649	0	0	0	0	0	0.450649	0.450649	0	0	0	0	0	0	0	0	0	0	0	0.450649	0.450649	0	0	0	0	0	0	0	0	0	0	0	0	0	0	0	0	0.450649	0.450649	0	0	0	0	0	0	0	0	0	0	0	0	0	0	0	0	0.450649	0.901242	0.450649	0	0	0.450649	0.901242	0.450649	0	0.450649	0.450649	0	0.450649	0.450649	0	0.450649	0.450649	0	0	0.450649	0.450649	0	0	0	0.450649	0.450649	0	0	0	0	0	0	0	0	0	0	0	0	0	0	0.450649	0.450649	0.450649	0.450649	0	0	0	0	0	0.450649	0.450649	0	0	0	0.450649	0.450649	0	0	0	0
0	0	0	0	0	0	0	0	0	0.450606	0.450606	0	0	0	0	0	0	0	0	0	0.450606	0.450606	0	0	0	0	0	0	0	0	0	0.450606	0.450606	0	0	0	0	0	0	0	0	0.450606	0.450606	0	0	0	0	0	0	0	0	0	0.450606	0.450606	0	0	0	0.450606	0.450606	0	0	0.450606	0.450606	0	0	0	0.450606	0.450606	0	0	0.450606	0.450606	0	0.450606	0.450606	0	0	0	0.450606	0.450606	0.450606	0.450606	0	0	0.450606	0.450606	0	0	0	0.450606	0.450606	0	0	0	0	0	0	0	0	0	0	0	0	0	0	0.450606	0.450606	0	0	0	0	0.450606	0.450606	0	0	0	0	0.450606	0.450606	0	0	0.450606	0.450606	0	0	0.450606	0.450606	0	0	0.450606	0.450606	0	0	0	0.450606	0.450606	0	0	0	0	0.450606	0.450606	0	0	0	0	0	0.450606	0.450606	0	0	0	0	0	0	0	0	0	0	0	0.450606	0.450606	0	0	0	0	0	0	0	0	0	0	0	0	0	0	0	0	0.450606	0.450606	0	0	0	0	0	0	0	0	0	0	0	0	0	0	0	0	0.450606	0.901157	0.450606	0	0	0.450606	0.901157	0.450606	0	0.450606	0.450606	0	0.450606	0.450606	0	0.450606	0.450606	0	0	0.450606	0.450606	0	0	0	0.450606	0.450606	0	0	0	0	0	0	0	0	0	0	0	0	0	0	0.450606	0.450606	0.450606	0.450606	0	0	0	0	0	0.450606	0.450606	0	0	0	0.450606	0.450606	0	0	0	0
0	0	0	0	0	0	0	0	0	0.450564	0.450564	0	0	0	0	0	0	0	0	0	0.450564	0.450564	0	0	0	0	0	0	0	0	0	0.450564	0.450564	0	0	0	0	0	0	0	0	0.450564	0.450564	0	0	0	0	0	0	0	0	0	0.450564	0.450564	0	0	0	0.450564	0.450564	0	0	0.450564	0.450564	0	0	0	0.450564	0.450564	0	0	0.450564	0.450564	0	0.450564	0.450564	0	0	0	0.450564	0.450564	0.450564	0.450564	0	0	0.450564	0.450564	0	0	0	0.450564	0.450564	0	0	0	0	0	0	0	0	0	0	0	0	0	0	0.450564	0.450564	0	0	0	0	0.450564	0.450564	0	0	0	0	0.450564	0.450564	0	0	0.450564	0.450564	0	0	0.450564	0.450564	0	0	0.450564	0.450564	0	0	0	0.450564	0.450564	0	0	0	0	0.450564	0.450564	0	0	0	0	0	0.450564	0.450564	0	0	0	0	0	0	0	0	0	0	0	0.450564	0.450564	0	0	0	0	0	0	0	0	0	0	0	0	0	0	0	0	0.450564	0.450564	0	0	0	0	0	0	0	0	0	0	0	0	0	0	0	0	0.450564	0.901072	0.450564	0	0	0.450564	0.901072	0.450564	0	0.450564	0.450564	0	0.450564	0.450564	0	0.450564	0.450564	0	0	0.450564	0.450564	0	0	0	0.450564	0.450564	0	0	0	0	0	0	0	0	0	0	0	0	0	0	0.450564	0.450564	0.450564	0.450564	0	0	0	0	0	0.450564	0.450564	0	0	0	0.450564	0.450564	0	0	0	0
0	0	0	0	0	0	0	0	0	0.450521	0.450521	0	0	0	0	0	0	0	0	0	0.450521	0.450521	0	0	0	0	0	0	0	0	0	0.450521	0.450521	0	0	0	0	0	0	0	0	0.450521	0.450521	0	0	0	0	0	0	0	0	0	0.450521	0.450521	0	0	0	0.450521	0.450521	0	0	0.450521	0.450521	0	0	0	0.450521	0.450521	0	0	0.450521	0.450521	0	0.450521	0.450521	0	0	0	0.450521	0.450521	0.450521	0.450521	0	0	0.450521	0.450521	0	0	0	0.450521	0.450521	0	0	0	0	0	0	0	0	0	0	0	0	0	0	0.450521	0.450521	0	0	0	0	0.450521	0.450521	0	0	0	0	0.450521	0.450521	0	0	0.450521	0.450521	0	0	0.450521	0.450521	0	0	0.450521	0.450521	0	0	0	0.450521	0.450521	0	0	0	0	0.450521	0.450521	0	0	0	0	0	0.450521	0.450521	0	0	0	0	0	0	0	0	0	0	0	0.450521	0.450521	0	0	0	0	0	0	0	0	0	0	0	0	0	0	0	0	0.450521	0.450521	0	0	0	0	0	0	0	0	0	0	0	0	0	0	0	0	0.450521	0.900987	0.450521	0	0	0.450521	0.900987	0.450521	0	0.450521	0.450521	0	0.450521	0.450521	0	0.450521	0.450521	0	0	0.450521	0.450521	0	0	0	0.450521	0.450521	0	0	0	0	0	0	0	0	0	0	0	0	0	0	0.450521	0.450521	0.450521	0.450521	0	0	0	0	0	0.450521	0.450521	0	0	0	0.450521	0.450521	0	0	0	0
0.796368	0.574286	0.450514	0.450514	0.450514	0.450514	0.450514	0.450514	0.450514	0.637085	0.637085	0.450514	0.450514	0.450514	0.450514	0.450514	0.450514	0.450514	0.450514	0.450514	0.656703	0.857697	0.900973	0.900973	0.900973	0.796368	0.574286	0.450514	0.450514	0.450514	0.450514	0.656703	0.857697	0.900973	0.900973	0.900973	0.900973	0.900973	0.900973	0.900973	0.900973	1.06838	1.28397	1.35132	1.24385	1.01981	0.900973	0.900973	0.900973	0.900973	0.796368	0.574286	0.656703	0.857697	0.900973	0.796368	0.574286	0.656703	0.857697	0.796368	0.574286	0.656703	0.812119	0.574286	0.450514	0.450514	0.656703	0.812119	0.574286	0.450514	0.637085	0.637085	0.450514	0.637085	0.637085	0.450514	0.356163	0.159277	0.35614	0.477822	0.656679	0.574244	0	0	0.35614	0.503656	0.159277	0	0	0.450479	0.450479	0	0	0	0	0	0.159277	0.356163	0.450514	0.450514	0.450514	0.450514	0.574286	0.796368	0.900973	1.06838	1.28397	1.24385	1.01981	0.900973	0.900973	1.06838	1.21288	1.01981	0.900973	0.900973	0.900973	1.06838	1.28397	1.35132	1.24385	1.21288	1.28397	1.35132	1.35132	1.50233	1.63947	1.4682	1.35132	1.42438	1.42438	1.35132	1.35132	1.35132	1.42438	1.42438	1.35132	1.24385	1.01981	0.900973	1.06838	1.28397	1.35132	1.24385	1.01981	0.900973	0.900973	1.06838	1.28397	1.24385	1.01981	0.900973	0.900973	0.900973	0.900973	0.900973	0.796368	0.574286	0.450514	0.450514	0.656703	0.857697	0.900973	0.796368	0.574286	0.450514	0.450514	0.450514	0.450514	0.450514	0.450514	0.450514	0.450514	0.450514	0.356163	0.159277	0	0	0.35614	0.477822	0.450514	0.450514	0.450514	0.574286	0.796368	0.900973	0.900973	0.900973	0.900973	0.900973	0.796368	0.574286	0.450514	0.356163	0.159277	0	0.450479	0.796308	0.477822	0.356163	0.159277	0.450479	0.796308	0.477822	0.356163	0.574244	0.450479	0	0.450479	0.450479	0	0.35614	0.477822	0.356163	0.159277	0.450479	0.450479	0	0	0.159277	0.503656	0.35614	0.159277	0.356163	0.450514	0.574286	0.796368	0.900973	1.01981	1.36995	1.69272	1.8015	1.8015	1.8015	1.8015	1.8015	1.7224	1.50233	1.59243	2.03897	2.25146	2.25146	2.25146	2.25146	2.25146	2.38787	2.61064	2.70114	2.70114	2.70114	2.83366	3.05684	3.15049	3.15049	3.15049	3.04026
0.857616	0.656641	0.450472	0.450472	0.450472	0.450472	0.450472	0.450472	0.450472	0.637025	0.637025	0.450472	0.450472	0.450472	0.450472	0.450472	0.450472	0.450472	0.450472	0.450472	0.574232	0.796293	0.900888	0.900888	0.900888	0.857616	0.656641	0.450472	0.450472	0.450472	0.450472	0.574232	0.796293	0.900888	0.900888	0.900888	0.900888	0.900888	0.900888	0.900888	0.900888	1.01971	1.24374	1.35119	1.28385	1.06828	0.900888	0.900888	0.900888	0.900888	0.857616	0.656641	0.574232	0.796293	0.900888	0.857616	0.656641	0.574232	0.796293	0.857616	0.656641	0.574232	0.812042	0.656641	0.450472	0.450472	0.574232	0.812042	0.656641	0.450472	0.637025	0.637025	0.450472	0.637025	0.637025	0.450472	0.477777	0.356107	0.159262	0.356129	0.857569	0.796233	0	0	0.159262	0.503608	0.356107	0	0	0.450436	0.450436	0	0	0	0	0	0.356107	0.477777	0.450472	0.450472	0.450472	0.450472	0.656641	0.857616	0.900888	1.01971	1.24374	1.28385	1.06828	0.900888	0.900888	1.01971	1.21276	1.06828	0.900888	0.900888	0.900888	1.01971	1.24374	1.35119	1.28385	1.21276	1.24374	1.35119	1.35119	1.46807	1.63932	1.50219	1.35119	1.42424	1.42424	1.35119	1.35119	1.35119	1.42424	1.42424	1.35119	1.28385	1.06828	0.900888	1.01971	1.24374	1.35119	1.28385	1.06828	0.900888	0.900888	1.01971	1.24374	1.28385	1.06828	0.900888	0.900888	0.900888	0.900888	0.900888	0.857616	0.656641	0.450472	0.450472	0.574232	0.796293	0.900888	0.857616	0.656641	0.450472	0.450472	0.450472	0.450472	0.450472	0.450472	0.450472	0.450472	0.450472	0.477777	0.356107	0	0	0.159262	0.356129	0.450472	0.450472	0.450472	0.656641	0.857616	0.900888	0.900888	0.900888	0.900888	0.900888	0.857616	0.656641	0.450472	0.477777	0.356107	0	0.450436	0.57419	0.356129	0.477777	0.356107	0.450436	0.57419	0.356129	0.477777	0.796233	0.450436	0	0.450436	0.450436	0	0.159262	0.356129	0.477777	0.356107	0.450436	0.450436	0	0	0.356107	0.503608	0.159262	0.356107	0.477777	0.450472	0.656641	0.857616	0.900888	1.06828	1.51059	1.72223	1.80133	1.80133	1.80133	1.80133	1.80133	1.69256	1.46807	1.59228	2.03878	2.25125	2.25125	2.25125	2.25125	2.25125	2.36636	2.59095	2.70088	2.70088	2.70088	2.81549	3.03998	3.15019	3.15019	3.15019	3.05655
0.450394	0.450394	0	0	0	0	0	0	0	0.450394	0.450394	0	0	0	0	0	0	0	0	0	0	0	0	0	0	0.450394	0.450394	0	0	0	0	0	0	0	0	0	0	0	0	0	0	0	0	0	0.450394	0.450394	0	0	0	0	0.450394	0.450394	0	0	0	0.450394	0.450394	0	0	0.450394	0.450394	0	0.450394	0.450394	0	0	0	0.450394	0.450394	0	0.450394	0.450394	0	0.450394	0.450394	0	0.450394	0.450394	0	0	0.900732	0.900732	0	0	0	0.450394	0.450394	0	0	0.450394	0.450394	0	0	0	0	0	0.450394	0.450394	0	0	0	0	0.450394	0.450394	0	0	0	0.450394	0.450394	0	0	0	0.450394	0.450394	0	0	0	0	0	0	0.450394	0.450394	0	0	0	0	0.450394	0.450394	0	0.450394	0.450394	0	0	0	0.450394	0.450394	0	0.450394	0.450394	0	0	0	0	0.450394	0.450394	0	0	0	0	0.450394	0.450394	0	0	0	0	0	0.450394	0.450394	0	0	0	0	0	0.450394	0.450394	0	0	0	0	0	0	0	0	0	0.450394	0.450394	0	0	0	0	0	0	0	0.450394	0.450394	0	0	0	0	0	0.450394	0.450394	0	0.450394	0.450394	0	0.450394	0.450394	0	0.450394	0.450394	0.450394	0.450394	0	0.450394	0.900732	0.450394	0	0.450394	0.450394	0	0	0	0.450394	0.450394	0.450394	0.450394	0	0	0.450394	0.450394	0	0.450394	0.450394	0	0.450394	0.450394	0	0.450394	0.900732	0.450394	0	0	0	0	0	0	0	0.450394	0.450394	0	0	0	0	0	0	0	0	0	0	0	0	0	0	0	0.450394
0.450351	0.450351	0	0	0	0	0	0	0	0.450351	0.450351	0	0	0	0	0	0	0	0	0	0	0	0	0	0	0.450351	0.450351	0	0	0	0	0	0	0	0	0	0	0	0	0	0	0	0	0	0.450351	0.450351	0	0	0	0	0.450351	0.450351	0	0	0	0.450351	0.450351	0	0	0.450351	0.450351	0	0.450351	0.450351	0	0	0	0.450351	0.450351	0	0.450351	0.450351	0	0.450351	0.450351	0	0.450351	0.450351	0	0	0.900647	0.900647	0	0	0	0.450351	0.450351	0	0	0.450351	0.450351	0	0	0	0	0	0.450351	0.450351	0	0	0	0	0.450351	0.450351	0	0	0	0.450351	0.450351	0	0	0	0.450351	0.450351	0	0	0	0	0	0	0.450351	0.450351	0	0	0	0	0.450351	0.450351	0	0.450351	0.450351	0	0	0	0.450351	0.450351	0	0.450351	0.450351	0	0	0	0	0.450351	0.450351	0	0	0	0	0.450351	0.450351	0	0	0	0	0	0.450351	0.450351	0	0	0	0	0	0.450351	0.450351	0	0	0	0	0	0	0	0	0	0.450351	0.450351	0	0	0	0	0	0	0	0.450351	0.450351	0	0	0	0	0	0.450351	0.450351	0	0.450351	0.450351	0	0.450351	0.450351	0	0.450351	0.450351	0.450351	0.450351	0	0.450351	0.900647	0.450351	0	0.450351	0.450351	0	0	0	0.450351	0.450351	0.450351	0.450351	0	0	0.450351	0.450351	0	0.450351	0.450351	0	0.450351	0.450351	0	0.450351	0.900647	0.450351	0	0	0	0	0	0	0	0.450351	0.450351	0	0	0	0	0	0	0	0	0	0	0	0	0	0	0	0.450351
0.450309	0.450309	0	0	0	0	0	0	0	0.450309	0.450309	0	0	0	0	0	0	0	0	0	0	0	0	0	0	0.450309	0.450309	0	0	0	0	0	0	0	0	0	0	0	0	0	0	0	0	0	0.450309	0.450309	0	0	0	0	0.450309	0.450309	0	0	0	0.450309	0.450309	0	0	0.450309	0.450309	0	0.450309	0.450309	0	0	0	0.450309	0.450309	0	0.450309	0.450309	0	0.450309	0.450309	0	0.450309	0.450309	0	0	0.900562	0.900562	0	0	0	0.450309	0.450309	0	0	0.450309	0.450309	0	0	0	0	0	0.450309	0.450309	0	0	0	0	0.450309	0.450309	0	0	0	0.450309	0.450309	0	0	0	0.450309	0.450309	0	0	0	0	0	0	0.450309	0.450309	0	0	0	0	0.450309	0.450309	0	0.450309	0.450309	0	0	0	0.450309	0.450309	0	0.450309	0.450309	0	0	0	0	0.450309	0.450309	0	0	0	0	0.450309	0.450309	0	0	0	0	0	0.450309	0.450309	0	0	0	0	0	0.450309	0.450309	0	0	0	0	0	0	0	0	0	0.450309	0.450309	0	0	0	0	0	0	0	0.450309	0.450309	0	0	0	0	0	0.450309	0.450309	0	0.450309	0.450309	0	0.450309	0.450309	0	0.450309	0.450309	0.450309	0.450309	0	0.450309	0.900562	0.450309	0	0.450309	0.450309	0	0	0	0.450309	0.450309	0.450309	0.450309	0	0	0.450309	0.450309	0	0.450309	0.450309	0	0.450309	0.450309	0	0.450309	0.900562	0.450309	0	0	0	0	0	0	0	0.450309	0.450309	0	0	0	0	0	0	0	0	0	0	0	0	0	0	0	0.450309
0.450266	0.450266	0	0	0	0	0	0	0	0.450266	0.450266	0	0	0	0	0	0	0	0	0	0	0	0	0	0	0.450266	0.450266	0	0	0	0	0	0	0	0	0	0	0	0	0	0	0	0	0	0.450266	0.450266	0	0	0	0	0.450266	0.450266	0	0	0	0.450266	0.450266	0	0	0.450266	0.450266	0	0.450266	0.450266	0	0	0	0.450266	0.450266	0	0.450266	0.450266	0	0.450266	0.450266	0	0.450266	0.450266	0	0	0.900477	0.900477	0	0	0	0.450266	0.450266	0	0	0.450266	0.450266	0	0	0	0	0	0.450266	0.450266	0	0	0	0	0.450266	0.450266	0	0	0	0.450266	0.450266	0	0	0	0.450266	0.450266	0	0	0	0	0	0	0.450266	0.450266	0	0	0	0	0.450266	0.450266	0	0.450266	0.450266	0	0	0	0.450266	0.450266	0	0.450266	0.450266	0	0	0	0	0.450266	0.450266	0	0	0	0	0.450266	0.450266	0	0	0	0	0	0.450266	0.450266	0	0	0	0	0	0.450266	0.450266	0	0	0	0	0	0	0	0	0	0.450266	0.450266	0	0	0	0	0	0	0	0.450266	0.450266	0	0	0	0	0	0.450266	0.450266	0	0.450266	0.450266	0	0.450266	0.450266	0	0.450266	0.450266	0.450266	0.450266	0	0.450266	0.900477	0.450266	0	0.450266	0.450266	0	0	0	0.450266	0.450266	0.450266	0.450266	0	0	0.450266	0.450266	0	0.450266	0.450266	0	0.450266	0.450266	0	0.450266	0.900477	0.450266	0	0	0	0	0	0	0	0.450266	0.450266	0	0	0	0	0	0	0	0	0	0	0	0	0	0	0	0.450266
0.450224	0.450224	0	0	0	0	0	0	0	0.450224	0.450224	0	0	0	0	0	0	0	0	0	0	0	0	0	0	0.450224	0.450224	0	0	0	0	0	0	0	0	0	0	0	0	0	0	0	0	0	0.450224	0.450224	0	0	0	0	0.450224	0.450224	0	0	0	0.450224	0.450224	0	0	0.450224	0.450224	0	0.450224	0.450224	0	0	0	0.450224	0.450224	0	0.450224	0.450224	0	0.450224	0.450224	0	0.450224	0.450224	0	0	0.900392	0.900392	0	0	0	0.450224	0.450224	0	0	0.450224	0.450224	0	0	0	0	0	0.450224	0.450224	0	0	0	0	0.450224	0.450224	0	0	0	0.450224	0.450224	0	0	0	0.450224	0.450224	0	0	0	0	0	0	0.450224	0.450224	0	0	0	0	0.450224	0.450224	0	0.450224	0.450224	0	0	0	0.450224	0.450224	0	0.450224	0.450224	0	0	0	0	0.450224	0.450224	0	0	0	0	0.450224	0.450224	0	0	0	0	0	0.450224	0.450224	0	0	0	0	0	0.450224	0.450224	0	0	0	0	0	0	0	0	0	0.450224	0.450224	0	0	0	0	0	0	0	0.450224	0.450224	0	0	0	0	0	0.450224	0.450224	0	0.450224	0.450224	0	0.450224	0.450224	0	0.450224	0.450224	0.450224	0.450224	0	0.450224	0.900392	0.450224	0	0.450224	0.450224	0	0	0	0.450224	0.450224	0.450224	0.450224	0	0	0.450224	0.450224	0	0.450224	0.450224	0	0.450224	0.450224	0	0.450224	0.900392	0.450224	0	0	0	0	0	0	0	0.450224	0.450224	0	0	0	0	0	0	0	0	0	0	0	0	0	0	0	0.450224
0.450182	0.450182	0	0	0	0	0	0	0	0.450182	0.450182	0	0	0	0	0	0	0	0	0	0	0	0	0	0	0.450182	0.450182	0	0	0	0	0	0	0	0	0	0	0	0	0	0	0	0	0	0.450182	0.450182	0	0	0	0	0.450182	0.450182	0	0	0	0.450182	0.450182	0	0	0.450182	0.450182	0	0.450182	0.450182	0	0	0	0.450182	0.450182	0	0.450182	0.450182	0	0.450182	0.450182	0	0.450182	0.450182	0	0	0.900307	0.900307	0	0	0	0.450182	0.450182	0	0	0.450182	0.450182	0	0	0	0	0	0.450182	0.450182	0	0	0	0	0.450182	0.450182	0	0	0	0.450182	0.450182	0	0	0	0.450182	0.450182	0	0	0	0	0	0	0.450182	0.450182	0	0	0	0	0.450182	0.450182	0	0.450182	0.450182	0	0	0	0.450182	0.450182	0	0.450182	0.450182	0	0	0	0	0.450182	0.450182	0	0	0	0	0.450182	0.450182	0	0	0	0	0	0.450182	0.450182	0	0	0	0	0	0.450182	0.450182	0	0	0	0	0	0	0	0	0	0.450182	0.450182	0	0	0	0	0	0	0	0.450182	0.450182	0	0	0	0	0	0.450182	0.450182	0	0.450182	0.450182	0	0.450182	0.450182	0	0.450182	0.450182	0.450182	0.450182	0	0.450182	0.900307	0.450182	0	0.450182	0.450182	0	0	0	0.450182	0.450182	0.450182	0.450182	0	0	0.450182	0.450182	0	0.450182	0.450182	0	0.450182	0.450182	0	0.450182	0.900307	0.450182	0	0	0	0	0	0	0	0.450182	0.450182	0	0	0	0	0	0	0	0	0	0	0	0	0	0	0	0.450182
0.450139	0.450139	0	0	0	0	0	0	0	0.450139	0.450139	0	0	0	0	0	0	0	0	0	0	0	0	0	0	0.450139	0.450139	0	0	0	0	0	0	0	0	0	0	0	0	0	0	0	0	0	0.450139	0.450139	0	0	0	0	0.450139	0.450139	0	0	0	0.450139	0.450139	0	0	0.450139	0.450139	0	0.450139	0.450139	0	0	0	0.450139	0.450139	0	0.450139	0.450139	0	0.450139	0.450139	0	0.450139	0.450139	0	0	0.900223	0.900223	0	0	0	0.450139	0.450139	0	0	0.450139	0.450139	0	0	0	0	0	0.450139	0.450139	0	0	0	0	0.450139	0.450139	0	0	0	0.450139	0.450139	0	0	0	0.450139	0.450139	0	0	0	0	0	0	0.450139	0.450139	0	0	0	0	0.450139	0.450139	0	0.450139	0.450139	0	0	0	0.450139	0.450139	0	0.450139	0.450139	0	0	0	0	0.450139	0.450139	0	0	0	0	0.450139	0.450139	0	0	0	0	0	0.450139	0.450139	0	0	0	0	0	0.450139	0.450139	0	0	0	0	0	0	0	0	0	0.450139	0.450139	0	0	0	0	0	0	0	0.450139	0.450139	0	0	0	0	0	0.450139	0.450139	0	0.450139	0.450139	0	0.450139	0.450139	0	0.450139	0.450139	0.450139	0.450139	0	0.450139	0.900223	0.450139	0	0.450139	0.450139	0	0	0	0.450139	0.450139	0.450139	0.450139	0	0	0.450139	0.450139	0	0.450139	0.450139	0	0.450139	0.450139	0	0.450139	0.900223	0.450139	0	0	0	0	0	0	0	0.450139	0.450139	0	0	0	0	0	0	0	0	0	0	0	0	0	0	0	0.450139
0.45009	0.45009	0	0	0	0	0	0	0	0.45009	0.45009	0	0	0	0	0	0	0	0	0	0	0	0	0	0	0.45009	0.45009	0	0	0	0	0	0	0	0	0	0	0	0	0	0	0	0	0	0.45009	0.45009	0	0	0	0	0.45009	0.45009	0	0	0	0.45009	0.45009	0	0	0.45009	0.45009	0	0.45009	0.45009	0	0	0	0.45009	0.45009	0	0.45009	0.45009	0	0.45009	0.45009	0	0.45009	0.45009	0	0	0.900124	0.900124	0	0	0	0.45009	0.45009	0	0	0.45009	0.45009	0	0	0	0	0	0.45009	0.45009	0	0	0	0	0.45009	0.45009	0	0	0	0.45009	0.45009	0	0	0	0.45009	0.45009	0	0	0	0	0	0	0.45009	0.45009	0	0	0	0	0.45009	0.45009	0	0.45009	0.45009	0	0	0	0.45009	0.45009	0	0.45009	0.45009	0	0	0	0	0.45009	0.45009	0	0	0	0	0.45009	0.45009	0	0	0	0	0	0.45009	0.45009	0	0	0	0	0	0.45009	0.45009	0	0	0	0	0	0	0	0	0	0.45009	0.45009	0	0	0	0	0	0	0	0.45009	0.45009	0	0	0	0	0	0.45009	0.45009	0	0.45009	0.45009	0	0.45009	0.45009	0	0.45009	0.45009	0.45009	0.45009	0	0.45009	0.900124	0.45009	0	0.45009	0.45009	0	0	0	0.45009	0.45009	0.45009	0.45009	0	0	0.45009	0.45009	0	0.45009	0.45009	0	0.45009	0.45009	0	0.45009	0.900124	0.45009	0	0	0	0	0	0	0	0.45009	0.45009	0	0	0	0	0	0	0	0	0	0	0	0	0	0	0	0.45009
0.450047	0.450047	0	0	0	0	0	0	0	0.450047	0.450047	0	0	0	0	0	0	0	0	0	0	0	0	0	0	0.450047	0.450047	0	0	0	0	0	0	0	0	0	0	0	0	0	0	0	0	0	0.450047	0.450047	0	0	0	0	0.450047	0.450047	0	0	0	0.450047	0.450047	0	0	0.450047	0.450047	0	0.450047	0.450047	0	0	0	0.450047	0.450047	0	0.450047	0.450047	0	0.450047	0.450047	0	0.450047	0.450047	0	0	0.900039	0.900039	0	0	0	0.450047	0.450047	0	0	0.450047	0.450047	0	0	0	0	0	0.450047	0.450047	0	0	0	0	0.450047	0.450047	0	0	0	0.450047	0.450047	0	0	0	0.450047	0.450047	0	0	0	0	0	0	0.450047	0.450047	0	0	0	0	0.450047	0.450047	0	0.450047	0.450047	0	0	0	0.450047	0.450047	0	0.450047	0.450047	0	0	0	0	0.450047	0.450047	0	0	0	0	0.450047	0.450047	0	0	0	0	0	0.450047	0.450047	0	0	0	0	0	0.450047	0.450047	0	0	0	0	0	0	0	0	0	0.450047	0.450047	0	0	0	0	0	0	0	0.450047	0.450047	0	0	0	0	0	0.450047	0.450047	0	0.450047	0.450047	0	0.450047	0.450047	0	0.450047	0.450047	0.450047	0.450047	0	0.450047	0.900039	0.450047	0	0.450047	0.450047	0	0	0	0.450047	0.450047	0.450047	0.450047	0	0	0.450047	0.450047	0	0.450047	0.450047	0	0.450047	0.450047	0	0.450047	0.900039	0.450047	0	0	0	0	0	0	0	0.450047	0.450047	0	0	0	0	0	0	0	0	0	0	0	0	0	0	0	0.450047
0.450005	0.450005	0	0	0	0	0	0	0	0.450005	0.450005	0	0	0	0	0	0	0	0	0	0	0	0	0	0	0.450005	0.450005	0	0	0	0	0	0	0	0	0	0	0	0	0	0	0	0	0	0.450005	0.450005	0	0	0	0	0.450005	0.450005	0	0	0	0.450005	0.450005	0	0	0.450005	0.450005	0	0.450005	0.450005	0	0	0	0.450005	0.450005	0	0.450005	0.450005	0	0.450005	0.450005	0	0.450005	0.450005	0	0	0.899954	0.899954	0	0	0	0.450005	0.450005	0	0	0.450005	0.450005	0	0	0	0	0	0.450005	0.450005	0	0	0	0	0.450005	0.450005	0	0	0	0.450005	0.450005	0	0	0	0.450005	0.450005	0	0	0	0	0	0	0.450005	0.450005	0	0	0	0	0.450005	0.450005	0	0.450005	0.450005	0	0	0	0.450005	0.450005	0	0.450005	0.450005	0	0	0	0	0.450005	0.450005	0	0	0	0	0.450005	0.450005	0	0	0	0	0	0.450005	0.450005	0	0	0	0	0	0.450005	0.450005	0	0	0	0	0	0	0	0	0	0.450005	0.450005	0	0	0	0	0	0	0	0.450005	0.450005	0	0	0	0	0	0.450005	0.450005	0	0.450005	0.450005	0	0.450005	0.450005	0	0.450005	0.450005	0.450005	0.450005	0	0.450005	0.899954	0.450005	0	0.450005	0.450005	0	0	0	0.450005	0.450005	0.450005	0.450005	0	0	0.450005	0.450005	0	0.450005	0.450005	0	0.450005	0.450005	0	0.450005	0.899954	0.450005	0	0	0	0	0	0	0	0.450005	0.450005	0	0	0	0	0	0	0	0	0	0	0	0	0	0	0	0.450005
0.503078	0.477275	0.449998	0.449998	0.449998	0.449998	0.355754	0.159095	0	0.355732	0.477275	0.449998	0.449998	0.449998	0.449998	0.449998	0.449998	0.449998	0.449998	0.449998	0.449998	0.449998	0.449998	0.449998	0.449998	0.65595	0.856713	0.89994	0.89994	0.89994	0.89994	0.89994	0.89994	0.89994	0.89994	0.89994	0.89994	0.89994	0.89994	0.89994	0.89994	0.89994	0.89994	0.89994	1.06715	1.2825	1.34977	1.34977	1.34977	1.34977	1.50061	1.72042	1.79944	1.69078	1.46652	1.50061	1.72042	1.79944	1.79944	1.85477	1.85477	1.79944	1.85477	1.85477	1.79944	1.79944	1.69078	1.63759	1.72042	1.69078	1.63759	1.63759	1.46652	1.50061	1.72042	1.69078	1.63759	1.72042	1.69078	1.46652	1.66057	1.86155	1.79944	1.79944	1.69078	1.63759	1.72042	1.69078	1.46652	1.42274	1.42274	1.24243	1.01864	0.89994	0.795455	0.573628	0.636355	0.636355	0.449998	0.449998	0.449998	0.449998	0.65595	0.856713	0.89994	0.89994	0.89994	0.856713	0.65595	0.449998	0.449998	0.449998	0.477275	0.355732	0	0	0	0	0	0	0.355732	0.477275	0.449998	0.355754	0.159095	0	0.355732	0.477275	0.449998	0.636355	0.636355	0.449998	0.449998	0.449998	0.636355	0.636355	0.449998	0.65595	0.811188	0.573628	0.449998	0.449998	0.449998	0.636355	0.636355	0.449998	0.449998	0.355754	0.159095	0.355732	0.477275	0.449998	0.449998	0.449998	0.449998	0.355754	0.503078	0.477275	0.449998	0.449998	0.449998	0.449998	0.449998	0.65595	0.811188	0.573628	0.449998	0.449998	0.449998	0.355754	0.159095	0	0	0	0.355732	0.477275	0.355754	0.159095	0	0	0	0	0	0.449962	0.449962	0	0	0	0	0	0.355732	0.477275	0.449998	0.636355	0.636355	0.449998	0.65595	0.856713	0.89994	1.00613	1.00613	1.06715	1.21149	1.01864	1.06715	1.46649	1.35909	1.01864	1.06715	1.2825	1.24243	1.01864	0.89994	1.00613	1.00613	1.00613	1.00613	0.795455	0.573628	0.636355	0.655926	0.159095	0.355732	0.477275	0.355754	0.573586	0.449962	0	0.449962	0.795395	0.477275	0.355754	0.159095	0	0.159095	0.355754	0.449998	0.573628	0.811188	0.65595	0.573628	0.795455	0.89994	1.01864	1.24243	1.34977	1.34977	1.34977	1.34977	1.34977	1.34977	1.34977	1.34977	1.34977	1.34977	1.50061
0.503031	0.355721	0.449955	0.449955	0.449955	0.449955	0.47723	0.355698	0	0.15908	0.355721	0.449955	0.449955	0.449955	0.449955	0.449955	0.449955	0.449955	0.449955	0.449955	0.449955	0.449955	0.449955	0.449955	0.449955	0.573574	0.79538	0.899855	0.899855	0.899855	0.899855	0.899855	0.899855	0.899855	0.899855	0.899855	0.899855	0.899855	0.899855	0.899855	0.899855	0.899855	0.899855	0.899855	1.01854	1.24231	1.34964	1.34964	1.34964	1.34964	1.46638	1.69062	1.79927	1.72026	1.50047	1.46638	1.69062	1.79927	1.79927	1.85459	1.85459	1.79927	1.85459	1.85459	1.79927	1.79927	1.72026	1.63744	1.69062	1.72026	1.63744	1.63744	1.50047	1.46638	1.69062	1.72026	1.63744	1.69062	1.72026	1.50047	1.56641	1.77806	1.79927	1.79927	1.72026	1.63744	1.69062	1.72026	1.50047	1.42261	1.42261	1.28238	1.06705	0.899855	0.856633	0.655888	0.636295	0.636295	0.449955	0.449955	0.449955	0.449955	0.573574	0.79538	0.899855	0.899855	0.899855	0.79538	0.573574	0.449955	0.449955	0.449955	0.355721	0.15908	0	0	0	0	0	0	0.15908	0.355721	0.449955	0.47723	0.355698	0	0.15908	0.355721	0.449955	0.636295	0.636295	0.449955	0.449955	0.449955	0.636295	0.636295	0.449955	0.573574	0.811111	0.655888	0.449955	0.449955	0.449955	0.636295	0.636295	0.449955	0.449955	0.47723	0.355698	0.15908	0.355721	0.449955	0.449955	0.449955	0.449955	0.47723	0.503031	0.355721	0.449955	0.449955	0.449955	0.449955	0.449955	0.573574	0.811111	0.655888	0.449955	0.449955	0.449955	0.47723	0.355698	0	0	0	0.15908	0.355721	0.47723	0.355698	0	0	0	0	0	0.44992	0.44992	0	0	0	0	0	0.15908	0.355721	0.449955	0.636295	0.636295	0.449955	0.573574	0.79538	0.899855	1.00603	1.00603	1.01854	1.21137	1.06705	1.01854	1.35896	1.46635	1.06705	1.01854	1.24231	1.28238	1.06705	0.899855	1.00603	1.00603	1.00603	1.00603	0.856633	0.655888	0.636295	0.856586	0.355698	0.15908	0.355721	0.47723	0.79532	0.44992	0	0.44992	0.573532	0.355721	0.47723	0.355698	0	0.355698	0.47723	0.449955	0.655888	0.811111	0.573574	0.655888	0.856633	0.899855	1.06705	1.28238	1.34964	1.34964	1.34964	1.34964	1.34964	1.34964	1.34964	1.34964	1.34964	1.34964	1.46638
0.449878	0	0	0	0	0	0.449878	0.449878	0	0	0	0	0	0	0	0	0	0	0	0	0	0	0	0	0	0	0	0	0	0	0	0	0	0	0	0	0	0	0	0	0	0	0	0	0	0	0	0	0	0	0	0	0	0.449878	0.449878	0	0	0	0	0.449878	0.449878	0	0.449878	0.449878	0	0	0.449878	0.449878	0	0.449878	0.449878	0.449878	0.449878	0	0	0.449878	0.449878	0	0.449878	0.449878	0.449878	0.449878	0	0	0.449878	0.449878	0	0.449878	0.449878	0.449878	0.449878	0.449878	0.449878	0	0.449878	0.449878	0.449878	0.449878	0	0	0	0	0	0	0	0	0	0	0	0	0	0	0	0	0	0	0	0	0	0	0	0	0	0.449878	0.449878	0	0	0	0	0.449878	0.449878	0	0	0	0.449878	0.449878	0	0	0.449878	0.449878	0	0	0	0.449878	0.449878	0	0	0.449878	0.449878	0	0	0	0	0	0	0.449878	0.449878	0	0	0	0	0	0	0	0.449878	0.449878	0	0	0	0.449878	0.449878	0	0	0	0	0	0.449878	0.449878	0	0	0	0	0	0.449878	0.449878	0	0	0	0	0	0	0	0	0.449878	0.449878	0	0	0	0	0.449878	0.449878	0	0.449878	0.449878	0	0.449878	0.8997	0.449878	0	0	0.449878	0.449878	0	0.449878	0.449878	0.449878	0.449878	0.449878	0.449878	0.449878	0.8997	0.449878	0	0	0.449878	0.8997	0.449878	0	0.449878	0.449878	0	0.449878	0.449878	0	0.449878	0.449878	0	0.449878	0.449878	0	0.449878	0.449878	0	0.449878	0.449878	0	0	0	0	0	0	0	0	0	0	0
0.449835	0	0	0	0	0	0.449835	0.449835	0	0	0	0	0	0	0	0	0	0	0	0	0	0	0	0	0	0	0	0	0	0	0	0	0	0	0	0	0	0	0	0	0	0	0	0	0	0	0	0	0	0	0	0	0	0.449835	0.449835	0	0	0	0	0.449835	0.449835	0	0.449835	0.449835	0	0	0.449835	0.449835	0	0.449835	0.449835	0.449835	0.449835	0	0	0.449835	0.449835	0	0.449835	0.449835	0.449835	0.449835	0	0	0.449835	0.449835	0	0.449835	0.449835	0.449835	0.449835	0.449835	0.449835	0	0.449835	0.449835	0.449835	0.449835	0	0	0	0	0	0	0	0	0	0	0	0	0	0	0	0	0	0	0	0	0	0	0	0	0	0.449835	0.449835	0	0	0	0	0.449835	0.449835	0	0	0	0.449835	0.449835	0	0	0.449835	0.449835	0	0	0	0.449835	0.449835	0	0	0.449835	0.449835	0	0	0	0	0	0	0.449835	0.449835	0	0	0	0	0	0	0	0.449835	0.449835	0	0	0	0.449835	0.449835	0	0	0	0	0	0.449835	0.449835	0	0	0	0	0	0.449835	0.449835	0	0	0	0	0	0	0	0	0.449835	0.449835	0	0	0	0	0.449835	0.449835	0	0.449835	0.449835	0	0.449835	0.899615	0.449835	0	0	0.449835	0.449835	0	0.449835	0.449835	0.449835	0.449835	0.449835	0.449835	0.449835	0.899615	0.449835	0	0	0.449835	0.899615	0.449835	0	0.449835	0.449835	0	0.449835	0.449835	0	0.449835	0.449835	0	0.449835	0.449835	0	0.449835	0.449835	0	0.449835	0.449835	0	0	0	0	0	0	0	0	0	0	0
0.449793	0	0	0	0	0	0.449793	0.449793	0	0	0	0	0	0	0	0	0	0	0	0	0	0	0	0	0	0	0	0	0	0	0	0	0	0	0	0	0	0	0	0	0	0	0	0	0	0	0	0	0	0	0	0	0	0.449793	0.449793	0	0	0	0	0.449793	0.449793	0	0.449793	0.449793	0	0	0.449793	0.449793	0	0.449793	0.449793	0.449793	0.449793	0	0	0.449793	0.449793	0	0.449793	0.449793	0.449793	0.449793	0	0	0.449793	0.449793	0	0.449793	0.449793	0.449793	0.449793	0.449793	0.449793	0	0.449793	0.449793	0.449793	0.449793	0	0	0	0	0	0	0	0	0	0	0	0	0	0	0	0	0	0	0	0	0	0	0	0	0	0.449793	0.449793	0	0	0	0	0.449793	0.449793	0	0	0	0.449793	0.449793	0	0	0.449793	0.449793	0	0	0	0.449793	0.449793	0	0	0.449793	0.449793	0	0	0	0	0	0	0.449793	0.449793	0	0	0	0	0	0	0	0.449793	0.449793	0	0	0	0.449793	0.449793	0	0	0	0	0	0.449793	0.449793	0	0	0	0	0	0.449793	0.449793	0	0	0	0	0	0	0	0	0.449793	0.449793	0	0	0	0	0.449793	0.449793	0	0.449793	0.449793	0	0.449793	0.89953	0.449793	0	0	0.449793	0.449793	0	0.449793	0.449793	0.449793	0.449793	0.449793	0.449793	0.449793	0.89953	0.449793	0	0	0.449793	0.89953	0.449793	0	0.449793	0.449793	0	0.449793	0.449793	0	0.449793	0.449793	0	0.449793	0.449793	0	0.449793	0.449793	0	0.449793	0.449793	0	0	0	0	0	0	0	0	0	0	0
0.44975	0	0	0	0	0	0.44975	0.44975	0	0	0	0	0	0	0	0	0	0	0	0	0	0	0	0	0	0	0	0	0	0	0	0	0	0	0	0	0	0	0	0	0	0	0	0	0	0	0	0	0	0	0	0	0	0.44975	0.44975	0	0	0	0	0.44975	0.44975	0	0.44975	0.44975	0	0	0.44975	0.44975	0	0.44975	0.44975	0.44975	0.44975	0	0	0.44975	0.44975	0	0.44975	0.44975	0.44975	0.44975	0	0	0.44975	0.44975	0	0.44975	0.44975	0.44975	0.44975	0.44975	0.44975	0	0.44975	0.44975	0.44975	0.44975	0	0	0	0	0	0	0	0	0	0	0	0	0	0	0	0	0	0	0	0	0	0	0	0	0	0.44975	0.44975	0	0	0	0	0.44975	0.44975	0	0	0	0.44975	0.44975	0	0	0.44975	0.44975	0	0	0	0.44975	0.44975	0	0	0.44975	0.44975	0	0	0	0	0	0	0.44975	0.44975	0	0	0	0	0	0	0	0.44975	0.44975	0	0	0	0.44975	0.44975	0	0	0	0	0	0.44975	0.44975	0	0	0	0	0	0.44975	0.44975	0	0	0	0	0	0	0	0	0.44975	0.44975	0	0	0	0	0.44975	0.44975	0	0.44975	0.44975	0	0.44975	0.899445	0.44975	0	0	0.44975	0.44975	0	0.44975	0.44975	0.44975	0.44975	0.44975	0.44975	0.44975	0.899445	0.44975	0	0	0.44975	0.899445	0.44975	0	0.44975	0.44975	0	0.44975	0.44975	0	0.44975	0.44975	0	0.44975	0.44975	0	0.44975	0.44975	0	0.44975	0.44975	0	0	0	0	0	0	0	0	0	0	0
0.449708	0	0	0	0	0	0.449708	0.449708	0	0	0	0	0	0	0	0	0	0	0	0	0	0	0	0	0	0	0	0	0	0	0	0	0	0	0	0	0	0	0	0	0	0	0	0	0	0	0	0	0	0	0	0	0	0.449708	0.449708	0	0	0	0	0.449708	0.449708	0	0.449708	0.449708	0	0	0.449708	0.449708	0	0.449708	0.449708	0.449708	0.449708	0	0	0.449708	0.449708	0	0.449708	0.449708	0.449708	0.449708	0	0	0.449708	0.449708	0	0.449708	0.449708	0.449708	0.449708	0.449708	0.449708	0	0.449708	0.449708	0.449708	0.449708	0	0	0	0	0	0	0	0	0	0	0	0	0	0	0	0	0	0	0	0	0	0	0	0	0	0.449708	0.449708	0	0	0	0	0.449708	0.449708	0	0	0	0.449708	0.449708	0	0	0.449708	0.449708	0	0	0	0.449708	0.449708	0	0	0.449708	0.449708	0	0	0	0	0	0	0.449708	0.449708	0	0	0	0	0	0	0	0.449708	0.449708	0	0	0	0.449708	0.449708	0	0	0	0	0	0.449708	0.449708	0	0	0	0	0	0.449708	0.449708	0	0	0	0	0	0	0	0	0.449708	0.449708	0	0	0	0	0.449708	0.449708	0	0.449708	0.449708	0	0.449708	0.899361	0.449708	0	0	0.449708	0.449708	0	0.449708	0.449708	0.449708	0.449708	0.449708	0.449708	0.449708	0.899361	0.449708	0	0	0.449708	0.899361	0.449708	0	0.449708	0.449708	0	0.449708	0.449708	0	0.449708	0.449708	0	0.449708	0.449708	0	0.449708	0.449708	0	0.449708	0.449708	0	0	0	0	0	0	0	0	0	0	0
0.449666	0	0	0	0	0	0.449666	0.449666	0	0	0	0	0	0	0	0	0	0	0	0	0	0	0	0	0	0	0	0	0	0	0	0	0	0	0	0	0	0	0	0	0	0	0	0	0	0	0	0	0	0	0	0	0	0.449666	0.449666	0	0	0	0	0.449666	0.449666	0	0.449666	0.449666	0	0	0.449666	0.449666	0	0.449666	0.449666	0.449666	0.449666	0	0	0.449666	0.449666	0	0.449666	0.449666	0.449666	0.449666	0	0	0.449666	0.449666	0	0.449666	0.449666	0.449666	0.449666	0.449666	0.449666	0	0.449666	0.449666	0.449666	0.449666	0	0	0	0	0	0	0	0	0	0	0	0	0	0	0	0	0	0	0	0	0	0	0	0	0	0.449666	0.449666	0	0	0	0	0.449666	0.449666	0	0	0	0.449666	0.449666	0	0	0.449666	0.449666	0	0	0	0.449666	0.449666	0	0	0.449666	0.449666	0	0	0	0	0	0	0.449666	0.449666	0	0	0	0	0	0	0	0.449666	0.449666	0	0	0	0.449666	0.449666	0	0	0	0	0	0.449666	0.449666	0	0	0	0	0	0.449666	0.449666	0	0	0	0	0	0	0	0	0.449666	0.449666	0	0	0	0	0.449666	0.449666	0	0.449666	0.449666	0	0.449666	0.899276	0.449666	0	0	0.449666	0.449666	0	0.449666	0.449666	0.449666	0.449666	0.449666	0.449666	0.449666	0.899276	0.449666	0	0	0.449666	0.899276	0.449666	0	0.449666	0.449666	0	0.449666	0.449666	0	0.449666	0.449666	0	0.449666	0.449666	0	0.449666	0.449666	0	0.449666	0.449666	0	0	0	0	0	0	0	0	0	0	0
0.449623	0	0	0	0	0	0.449623	0.449623	0	0	0	0	0	0	0	0	0	0	0	0	0	0	0	0	0	0	0	0	0	0	0	0	0	0	0	0	0	0	0	0	0	0	0	0	0	0	0	0	0	0	0	0	0	0.449623	0.449623	0	0	0	0	0.449623	0.449623	0	0.449623	0.449623	0	0	0.449623	0.449623	0	0.449623	0.449623	0.449623	0.449623	0	0	0.449623	0.449623	0	0.449623	0.449623	0.449623	0.449623	0	0	0.449623	0.449623	0	0.449623	0.449623	0.449623	0.449623	0.449623	0.449623	0	0.449623	0.449623	0.449623	0.449623	0	0	0	0	0	0	0	0	0	0	0	0	0	0	0	0	0	0	0	0	0	0	0	0	0	0.449623	0.449623	0	0	0	0	0.449623	0.449623	0	0	0	0.449623	0.449623	0	0	0.449623	0.449623	0	0	0	0.449623	0.449623	0	0	0.449623	0.449623	0	0	0	0	0	0	0.449623	0.449623	0	0	0	0	0	0	0	0.449623	0.449623	0	0	0	0.449623	0.449623	0	0	0	0	0	0.449623	0.449623	0	0	0	0	0	0.449623	0.449623	0	0	0	0	0	0	0	0	0.449623	0.449623	0	0	0	0	0.449623	0.449623	0	0.449623	0.449623	0	0.449623	0.899191	0.449623	0	0	0.449623	0.449623	0	0.449623	0.449623	0.449623	0.449623	0.449623	0.449623	0.449623	0.899191	0.449623	0	0	0.449623	0.899191	0.449623	0	0.449623	0.449623	0	0.449623	0.449623	0	0.449623	0.449623	0	0.449623	0.449623	0	0.449623	0.449623	0	0.449623	0.449623	0	0	0	0	0	0	0	0	0	0	0
0.449581	0	0	0	0	0	0.449581	0.449581	0	0	0	0	0	0	0	0	0	0	0	0	0	0	0	0	0	0	0	0	0	0	0	0	0	0	0	0	0	0	0	0	0	0	0	0	0	0	0	0	0	0	0	0	0	0.449581	0.449581	0	0	0	0	0.449581	0.449581	0	0.449581	0.449581	0	0	0.449581	0.449581	0	0.449581	0.449581	0.449581	0.449581	0	0	0.449581	0.449581	0	0.449581	0.449581	0.449581	0.449581	0	0	0.449581	0.449581	0	0.449581	0.449581	0.449581	0.449581	0.449581	0.449581	0	0.449581	0.449581	0.449581	0.449581	0	0	0	0	0	0	0	0	0	0	0	0	0	0	0	0	0	0	0	0	0	0	0	0	0	0.449581	0.449581	0	0	0	0	0.449581	0.449581	0	0	0	0.449581	0.449581	0	0	0.449581	0.449581	0	0	0	0.449581	0.449581	0	0	0.449581	0.449581	0	0	0	0	0	0	0.449581	0.449581	0	0	0	0	0	0	0	0.449581	0.449581	0	0	0	0.449581	0.449581	0	0	0	0	0	0.449581	0.449581	0	0	0	0	0	0.449581	0.449581	0	0	0	0	0	0	0	0	0.449581	0.449581	0	0	0	0	0.449581	0.449581	0	0.449581	0.449581	0	0.449581	0.899107	0.449581	0	0	0.449581	0.449581	0	0.449581	0.449581	0.449581	0.449581	0.449581	0.449581	0.449581	0.899107	0.449581	0	0	0.449581	0.899107	0.449581	0	0.449581	0.449581	0	0.449581	0.449581	0	0.449581	0.449581	0	0.449581	0.449581	0	0.449581	0.449581	0	0.449581	0.449581	0	0	0	0	0	0	0	0	0	0	0
0.449539	0	0	0	0	0	0.449539	0.449539	0	0	0	0	0	0	0	0	0	0	0	0	0	0	0	0	0	0	0	0	0	0	0	0	0	0	0	0	0	0	0	0	0	0	0	0	0	0	0	0	0	0	0	0	0	0.449539	0.449539	0	0	0	0	0.449539	0.449539	0	0.449539	0.449539	0	0	0.449539	0.449539	0	0.449539	0.449539	0.449539	0.449539	0	0	0.449539	0.449539	0	0.449539	0.449539	0.449539	0.449539	0	0	0.449539	0.449539	0	0.449539	0.449539	0.449539	0.449539	0.449539	0.449539	0	0.449539	0.449539	0.449539	0.449539	0	0	0	0	0	0	0	0	0	0	0	0	0	0	0	0	0	0	0	0	0	0	0	0	0	0.449539	0.449539	0	0	0	0	0.449539	0.449539	0	0	0	0.449539	0.449539	0	0	0.449539	0.449539	0	0	0	0.449539	0.449539	0	0	0.449539	0.449539	0	0	0	0	0	0	0.449539	0.449539	0	0	0	0	0	0	0	0.449539	0.449539	0	0	0	0.449539	0.449539	0	0	0	0	0	0.449539	0.449539	0	0	0	0	0	0.449539	0.449539	0	0	0	0	0	0	0	0	0.449539	0.449539	0	0	0	0	0.449539	0.449539	0	0.449539	0.449539	0	0.449539	0.899022	0.449539	0	0	0.449539	0.449539	0	0.449539	0.449539	0.449539	0.449539	0.449539	0.449539	0.449539	0.899022	0.449539	0	0	0.449539	0.899022	0.449539	0	0.449539	0.449539	0	0.449539	0.449539	0	0.449539	0.449539	0	0.449539	0.449539	0	0.449539	0.449539	0	0.449539	0.449539	0	0	0	0	0	0	0	0	0	0	0
0.476773	0.449525	0.449525	0.449525	0.449525	0.35538	0.50255	0.476773	0.449525	0.449525	0.449525	0.449525	0.449525	0.449525	0.449525	0.449525	0.449525	0.449525	0.449525	0.449525	0.449525	0.449525	0.449525	0.35538	0.158928	0	0.158928	0.35538	0.449525	0.449525	0.449525	0.449525	0.449525	0.449525	0.573025	0.794619	0.898994	0.898994	0.898994	0.898994	0.898994	1.01757	1.24112	1.34835	1.34835	1.34835	1.34835	1.34835	1.34835	1.46498	1.689	1.79755	1.689	1.63587	1.71862	1.79755	1.79755	1.79755	1.79755	1.93929	2.16071	2.13725	2.07134	2.16071	2.24652	2.24652	2.38263	2.51135	2.36139	2.38263	2.60491	2.73233	2.73233	2.69521	2.69521	2.73233	2.73233	2.69521	2.73233	2.73233	2.73233	2.73233	2.5855	2.36139	2.38263	2.51135	2.36139	2.38263	2.60491	2.64331	2.42457	2.38263	2.60491	2.5855	2.51135	2.60491	2.82744	3.05014	3.0336	2.80958	2.5855	2.36139	2.24652	2.24652	2.24652	2.13725	1.91311	1.79755	1.79755	1.79755	1.689	1.46498	1.34835	1.34835	1.34835	1.34835	1.34835	1.34835	1.34835	1.34835	1.34835	1.34835	1.34835	1.28115	1.06603	0.898994	0.898994	0.898994	0.898994	0.855813	0.65526	0.449525	0.449525	0.449525	0.476773	0.50255	0.35538	0.449525	0.635686	0.635686	0.449525	0.449525	0.449525	0.635686	0.635686	0.449525	0.573025	0.810335	0.65526	0.449525	0.449525	0.449525	0.573025	0.794619	0.898994	0.855813	0.65526	0.449525	0.449525	0.449525	0.573025	0.794619	0.898994	0.898994	0.855813	0.65526	0.449525	0.449525	0.449525	0.476773	0.355358	0	0	0	0	0	0.449489	0.449489	0	0	0	0	0	0.355358	0.50255	0.158928	0	0.158928	0.35538	0.449525	0.449525	0.449525	0.573025	0.926653	1.28115	1.46498	1.689	1.79755	1.79755	1.93929	2.16071	2.13725	2.07134	2.16071	2.13725	2.07134	2.27437	2.29095	2.13725	1.91311	1.85282	1.85282	1.79755	1.85282	1.85282	1.77636	1.56492	1.42125	1.42125	1.49903	1.8596	1.85282	1.79755	1.79755	1.85282	2.00952	1.85282	1.79755	1.85282	1.77636	1.46498	1.42125	1.35766	1.01757	1.06603	1.28115	1.24112	1.15688	1.00507	0.898994	1.00507	1.00507	0.898994	1.00507	1.00507	0.898994	0.898994	0.794619	0.573025	0.449525	0.35538	0.158928	0	0	0.158928	0.35538
0.355347	0.449482	0.449482	0.449482	0.449482	0.476728	0.502502	0.355347	0.449482	0.449482	0.449482	0.449482	0.449482	0.449482	0.449482	0.449482	0.449482	0.449482	0.449482	0.449482	0.449482	0.449482	0.449482	0.476728	0.355325	0	0.355325	0.476728	0.449482	0.449482	0.449482	0.449482	0.449482	0.449482	0.655199	0.855732	0.898909	0.898909	0.898909	0.898909	0.898909	1.06593	1.28103	1.34823	1.34823	1.34823	1.34823	1.34823	1.34823	1.49889	1.71845	1.79738	1.71845	1.63572	1.68884	1.79738	1.79738	1.79738	1.79738	1.91293	2.13705	2.16051	2.07114	2.13705	2.24631	2.24631	2.36117	2.51112	2.38241	2.36117	2.58526	2.73207	2.73207	2.69496	2.69496	2.73207	2.73207	2.69496	2.73207	2.73207	2.73207	2.73207	2.60467	2.38241	2.36117	2.51112	2.38241	2.36117	2.58526	2.69961	2.4859	2.36117	2.58526	2.60467	2.51112	2.58526	2.80931	3.03331	3.04985	2.82718	2.60467	2.38241	2.24631	2.24631	2.24631	2.16051	1.93911	1.79738	1.79738	1.79738	1.71845	1.49889	1.34823	1.34823	1.34823	1.34823	1.34823	1.34823	1.34823	1.34823	1.34823	1.34823	1.34823	1.241	1.01747	0.898909	0.898909	0.898909	0.898909	0.794544	0.572971	0.449482	0.449482	0.449482	0.355347	0.502502	0.476728	0.449482	0.635626	0.635626	0.449482	0.449482	0.449482	0.635626	0.635626	0.449482	0.655199	0.810259	0.572971	0.449482	0.449482	0.449482	0.655199	0.855732	0.898909	0.794544	0.572971	0.449482	0.449482	0.449482	0.655199	0.855732	0.898909	0.898909	0.794544	0.572971	0.449482	0.449482	0.449482	0.355347	0.158913	0	0	0	0	0	0.449447	0.449447	0	0	0	0	0	0.158913	0.502502	0.355325	0	0.355325	0.476728	0.449482	0.449482	0.449482	0.655199	0.926565	1.241	1.49889	1.71845	1.79738	1.79738	1.91293	2.13705	2.16051	2.07114	2.13705	2.16051	2.07114	2.20667	2.29074	2.16051	1.93911	1.85265	1.85265	1.79738	1.85265	1.85265	1.85942	1.65867	1.42111	1.42111	1.46484	1.77619	1.85265	1.79738	1.79738	1.85265	2.00933	1.85265	1.79738	1.85265	1.85942	1.49889	1.42111	1.46481	1.06593	1.01747	1.241	1.28103	1.281	1.00497	0.898909	1.00497	1.00497	0.898909	1.00497	1.00497	0.898909	0.898909	0.855732	0.655199	0.449482	0.476728	0.355325	0	0	0.355325	0.476728
0	0	0	0	0	0.449405	0.449405	0	0	0	0	0	0	0	0	0	0	0	0	0	0	0	0	0.449405	0.449405	0	0.449405	0.449405	0	0	0	0	0	0	0.449405	0.449405	0	0	0	0	0	0.449405	0.449405	0	0	0	0	0	0	0.449405	0.449405	0	0.449405	0.449405	0	0	0	0	0	0	0	0.449405	0.449405	0	0	0	0	0.449405	0.449405	0	0	0.449405	0.449405	0	0	0.449405	0.449405	0	0.449405	0.449405	0.449405	0.449405	0.449405	0.449405	0	0.449405	0.449405	0	0	0.898754	0.898754	0	0	0.449405	0.449405	0	0	0	0.449405	0.449405	0.449405	0.449405	0	0	0	0.449405	0.449405	0	0	0	0.449405	0.449405	0	0	0	0	0	0	0	0	0	0	0	0	0	0	0	0	0	0	0	0	0	0	0	0.449405	0.449405	0	0.449405	0.449405	0	0	0	0.449405	0.449405	0	0.449405	0.449405	0	0	0	0	0.449405	0.449405	0	0	0	0	0	0	0.449405	0.449405	0	0	0	0	0	0	0	0	0	0	0	0	0	0	0.449405	0.449405	0	0	0	0	0	0	0.449405	0.449405	0	0.449405	0.449405	0	0	0	0.449405	0.449405	0	0.449405	0.449405	0	0	0	0	0.449405	0.449405	0	0.449405	0.449405	0.449405	0.449405	0.449405	0.449405	0.449405	0.449405	0	0.449405	0.449405	0.898754	0.898754	0.449405	0.449405	0	0.449405	0.449405	0	0	0.449405	0.898754	0.449405	0	0.449405	0.898754	0.449405	0.449405	0.898754	0.449405	0	0	0.449405	0.898754	0.449405	0	0.449405	0.449405	0	0.449405	0.449405	0	0	0.449405	0.449405	0	0.449405	0.449405	0	0	0.449405	0.449405
0	0	0	0	0	0.449362	0.449362	0	0	0	0	0	0	0	0	0	0	0	0	0	0	0	0	0.449362	0.449362	0	0.449362	0.449362	0	0	0	0	0	0	0.449362	0.449362	0	0	0	0	0	0.449362	0.449362	0	0	0	0	0	0	0.449362	0.449362	0	0.449362	0.449362	0	0	0	0	0	0	0	0.449362	0.449362	0	0	0	0	0.449362	0.449362	0	0	0.449362	0.449362	0	0	0.449362	0.449362	0	0.449362	0.449362	0.449362	0.449362	0.449362	0.449362	0	0.449362	0.449362	0	0	0.89867	0.89867	0	0	0.449362	0.449362	0	0	0	0.449362	0.449362	0.449362	0.449362	0	0	0	0.449362	0.449362	0	0	0	0.449362	0.449362	0	0	0	0	0	0	0	0	0	0	0	0	0	0	0	0	0	0	0	0	0	0	0	0.449362	0.449362	0	0.449362	0.449362	0	0	0	0.449362	0.449362	0	0.449362	0.449362	0	0	0	0	0.449362	0.449362	0	0	0	0	0	0	0.449362	0.449362	0	0	0	0	0	0	0	0	0	0	0	0	0	0	0.449362	0.449362	0	0	0	0	0	0	0.449362	0.449362	0	0.449362	0.449362	0	0	0	0.449362	0.449362	0	0.449362	0.449362	0	0	0	0	0.449362	0.449362	0	0.449362	0.449362	0.449362	0.449362	0.449362	0.449362	0.449362	0.449362	0	0.449362	0.449362	0.89867	0.89867	0.449362	0.449362	0	0.449362	0.449362	0	0	0.449362	0.89867	0.449362	0	0.449362	0.89867	0.449362	0.449362	0.89867	0.449362	0	0	0.449362	0.89867	0.449362	0	0.449362	0.449362	0	0.449362	0.449362	0	0	0.449362	0.449362	0	0.449362	0.449362	0	0	0.449362	0.449362
0	0	0	0	0	0.44932	0.44932	0	0	0	0	0	0	0	0	0	0	0	0	0	0	0	0	0.44932	0.44932	0	0.44932	0.44932	0	0	0	0	0	0	0.44932	0.44932	0	0	0	0	0	0.44932	0.44932	0	0	0	0	0	0	0.44932	0.44932	0	0.44932	0.44932	0	0	0	0	0	0	0	0.44932	0.44932	0	0	0	0	0.44932	0.44932	0	0	0.44932	0.44932	0	0	0.44932	0.44932	0	0.44932	0.44932	0.44932	0.44932	0.44932	0.44932	0	0.44932	0.44932	0	0	0.898585	0.898585	0	0	0.44932	0.44932	0	0	0	0.44932	0.44932	0.44932	0.44932	0	0	0	0.44932	0.44932	0	0	0	0.44932	0.44932	0	0	0	0	0	0	0	0	0	0	0	0	0	0	0	0	0	0	0	0	0	0	0	0.44932	0.44932	0	0.44932	0.44932	0	0	0	0.44932	0.44932	0	0.44932	0.44932	0	0	0	0	0.44932	0.44932	0	0	0	0	0	0	0.44932	0.44932	0	0	0	0	0	0	0	0	0	0	0	0	0	0	0.44932	0.44932	0	0	0	0	0	0	0.44932	0.44932	0	0.44932	0.44932	0	0	0	0.44932	0.44932	0	0.44932	0.44932	0	0	0	0	0.44932	0.44932	0	0.44932	0.44932	0.44932	0.44932	0.44932	0.44932	0.44932	0.44932	0	0.44932	0.44932	0.898585	0.898585	0.44932	0.44932	0	0.44932	0.44932	0	0	0.44932	0.898585	0.44932	0	0.44932	0.898585	0.44932	0.44932	0.898585	0.44932	0	0	0.44932	0.898585	0.44932	0	0.44932	0.44932	0	0.44932	0.44932	0	0	0.44932	0.44932	0	0.44932	0.44932	0	0	0.44932	0.44932
0	0	0	0	0	0.449278	0.449278	0	0	0	0	0	0	0	0	0	0	0	0	0	0	0	0	0.449278	0.449278	0	0.449278	0.449278	0	0	0	0	0	0	0.449278	0.449278	0	0	0	0	0	0.449278	0.449278	0	0	0	0	0	0	0.449278	0.449278	0	0.449278	0.449278	0	0	0	0	0	0	0	0.449278	0.449278	0	0	0	0	0.449278	0.449278	0	0	0.449278	0.449278	0	0	0.449278	0.449278	0	0.449278	0.449278	0.449278	0.449278	0.449278	0.449278	0	0.449278	0.449278	0	0	0.8985	0.8985	0	0	0.449278	0.449278	0	0	0	0.449278	0.449278	0.449278	0.449278	0	0	0	0.449278	0.449278	0	0	0	0.449278	0.449278	0	0	0	0	0	0	0	0	0	0	0	0	0	0	0	0	0	0	0	0	0	0	0	0.449278	0.449278	0	0.449278	0.449278	0	0	0	0.449278	0.449278	0	0.449278	0.449278	0	0	0	0	0.449278	0.449278	0	0	0	0	0	0	0.449278	0.449278	0	0	0	0	0	0	0	0	0	0	0	0	0	0	0.449278	0.449278	0	0	0	0	0	0	0.449278	0.449278	0	0.449278	0.449278	0	0	0	0.449278	0.449278	0	0.449278	0.449278	0	0	0	0	0.449278	0.449278	0	0.449278	0.449278	0.449278	0.449278	0.449278	0.449278	0.449278	0.449278	0	0.449278	0.449278	0.8985	0.8985	0.449278	0.449278	0	0.449278	0.449278	0	0	0.449278	0.8985	0.449278	0	0.449278	0.8985	0.449278	0.449278	0.8985	0.449278	0	0	0.449278	0.8985	0.449278	0	0.449278	0.449278	0	0.449278	0.449278	0	0	0.449278	0.449278	0	0.449278	0.449278	0	0	0.449278	0.449278
0	0	0	0	0	0.449236	0.449236	0	0	0	0	0	0	0	0	0	0	0	0	0	0	0	0	0.449236	0.449236	0	0.449236	0.449236	0	0	0	0	0	0	0.449236	0.449236	0	0	0	0	0	0.449236	0.449236	0	0	0	0	0	0	0.449236	0.449236	0	0.449236	0.449236	0	0	0	0	0	0	0	0.449236	0.449236	0	0	0	0	0.449236	0.449236	0	0	0.449236	0.449236	0	0	0.449236	0.449236	0	0.449236	0.449236	0.449236	0.449236	0.449236	0.449236	0	0.449236	0.449236	0	0	0.898416	0.898416	0	0	0.449236	0.449236	0	0	0	0.449236	0.449236	0.449236	0.449236	0	0	0	0.449236	0.449236	0	0	0	0.449236	0.449236	0	0	0	0	0	0	0	0	0	0	0	0	0	0	0	0	0	0	0	0	0	0	0	0.449236	0.449236	0	0.449236	0.449236	0	0	0	0.449236	0.449236	0	0.449236	0.449236	0	0	0	0	0.449236	0.449236	0	0	0	0	0	0	0.449236	0.449236	0	0	0	0	0	0	0	0	0	0	0	0	0	0	0.449236	0.449236	0	0	0	0	0	0	0.449236	0.449236	0	0.449236	0.449236	0	0	0	0.449236	0.449236	0	0.449236	0.449236	0	0	0	0	0.449236	0.449236	0	0.449236	0.449236	0.449236	0.449236	0.449236	0.449236	0.449236	0.449236	0	0.449236	0.449236	0.898416	0.898416	0.449236	0.449236	0	0.449236	0.449236	0	0	0.449236	0.898416	0.449236	0	0.449236	0.898416	0.449236	0.449236	0.898416	0.449236	0	0	0.449236	0.898416	0.449236	0	0.449236	0.449236	0	0.449236	0.449236	0	0	0.449236	0.449236	0	0.449236	0.449236	0	0	0.449236	0.449236
0	0	0	0	0	0.449193	0.449193	0	0	0	0	0	0	0	0	0	0	0	0	0	0	0	0	0.449193	0.449193	0	0.449193	0.449193	0	0	0	0	0	0	0.449193	0.449193	0	0	0	0	0	0.449193	0.449193	0	0	0	0	0	0	0.449193	0.449193	0	0.449193	0.449193	0	0	0	0	0	0	0	0.449193	0.449193	0	0	0	0	0.449193	0.449193	0	0	0.449193	0.449193	0	0	0.449193	0.449193	0	0.449193	0.449193	0.449193	0.449193	0.449193	0.449193	0	0.449193	0.449193	0	0	0.898331	0.898331	0	0	0.449193	0.449193	0	0	0	0.449193	0.449193	0.449193	0.449193	0	0	0	0.449193	0.449193	0	0	0	0.449193	0.449193	0	0	0	0	0	0	0	0	0	0	0	0	0	0	0	0	0	0	0	0	0	0	0	0.449193	0.449193	0	0.449193	0.449193	0	0	0	0.449193	0.449193	0	0.449193	0.449193	0	0	0	0	0.449193	0.449193	0	0	0	0	0	0	0.449193	0.449193	0	0	0	0	0	0	0	0	0	0	0	0	0	0	0.449193	0.449193	0	0	0	0	0	0	0.449193	0.449193	0	0.449193	0.449193	0	0	0	0.449193	0.449193	0	0.449193	0.449193	0	0	0	0	0.449193	0.449193	0	0.449193	0.449193	0.449193	0.449193	0.449193	0.449193	0.449193	0.449193	0	0.449193	0.449193	0.898331	0.898331	0.449193	0.449193	0	0.449193	0.449193	0	0	0.449193	0.898331	0.449193	0	0.449193	0.898331	0.449193	0.449193	0.898331	0.449193	0	0	0.449193	0.898331	0.449193	0	0.449193	0.449193	0	0.449193	0.449193	0	0	0.449193	0.449193	0	0.449193	0.449193	0	0	0.449193	0.449193
0	0	0	0	0	0.449151	0.449151	0	0	0	0	0	0	0	0	0	0	0	0	0	0	0	0	0.449151	0.449151	0	0.449151	0.449151	0	0	0	0	0	0	0.449151	0.449151	0	0	0	0	0	0.449151	0.449151	0	0	0	0	0	0	0.449151	0.449151	0	0.449151	0.449151	0	0	0	0	0	0	0	0.449151	0.449151	0	0	0	0	0.449151	0.449151	0	0	0.449151	0.449151	0	0	0.449151	0.449151	0	0.449151	0.449151	0.449151	0.449151	0.449151	0.449151	0	0.449151	0.449151	0	0	0.898247	0.898247	0	0	0.449151	0.449151	0	0	0	0.449151	0.449151	0.449151	0.449151	0	0	0	0.449151	0.449151	0	0	0	0.449151	0.449151	0	0	0	0	0	0	0	0	0	0	0	0	0	0	0	0	0	0	0	0	0	0	0	0.449151	0.449151	0	0.449151	0.449151	0	0	0	0.449151	0.449151	0	0.449151	0.449151	0	0	0	0	0.449151	0.449151	0	0	0	0	0	0	0.449151	0.449151	0	0	0	0	0	0	0	0	0	0	0	0	0	0	0.449151	0.449151	0	0	0	0	0	0	0.449151	0.449151	0	0.449151	0.449151	0	0	0	0.449151	0.449151	0	0.449151	0.449151	0	0	0	0	0.449151	0.449151	0	0.449151	0.449151	0.449151	0.449151	0.449151	0.449151	0.449151	0.449151	0	0.449151	0.449151	0.898247	0.898247	0.449151	0.449151	0	0.449151	0.449151	0	0	0.449151	0.898247	0.449151	0	0.449151	0.898247	0.449151	0.449151	0.898247	0.449151	0	0	0.449151	0.898247	0.449151	0	0.449151	0.449151	0	0.449151	0.449151	0	0	0.449151	0.449151	0	0.449151	0.449151	0	0	0.449151	0.449151
0	0	0	0	0	0.449109	0.449109	0	0	0	0	0	0	0	0	0	0	0	0	0	0	0	0	0.449109	0.449109	0	0.449109	0.449109	0	0	0	0	0	0	0.449109	0.449109	0	0	0	0	0	0.449109	0.449109	0	0	0	0	0	0	0.449109	0.449109	0	0.449109	0.449109	0	0	0	0	0	0	0	0.449109	0.449109	0	0	0	0	0.449109	0.449109	0	0	0.449109	0.449109	0	0	0.449109	0.449109	0	0.449109	0.449109	0.449109	0.449109	0.449109	0.449109	0	0.449109	0.449109	0	0	0.898162	0.898162	0	0	0.449109	0.449109	0	0	0	0.449109	0.449109	0.449109	0.449109	0	0	0	0.449109	0.449109	0	0	0	0.449109	0.449109	0	0	0	0	0	0	0	0	0	0	0	0	0	0	0	0	0	0	0	0	0	0	0	0.449109	0.449109	0	0.449109	0.449109	0	0	0	0.449109	0.449109	0	0.449109	0.449109	0	0	0	0	0.449109	0.449109	0	0	0	0	0	0	0.449109	0.449109	0	0	0	0	0	0	0	0	0	0	0	0	0	0	0.449109	0.449109	0	0	0	0	0	0	0.449109	0.449109	0	0.449109	0.449109	0	0	0	0.449109	0.449109	0	0.449109	0.449109	0	0	0	0	0.449109	0.449109	0	0.449109	0.449109	0.449109	0.449109	0.449109	0.449109	0.449109	0.449109	0	0.449109	0.449109	0.898162	0.898162	0.449109	0.449109	0	0.449109	0.449109	0	0	0.449109	0.898162	0.449109	0	0.449109	0.898162	0.449109	0.449109	0.898162	0.449109	0	0	0.449109	0.898162	0.449109	0	0.449109	0.449109	0	0.449109	0.449109	0	0	0.449109	0.449109	0	0.449109	0.449109	0	0	0.449109	0.449109
0	0	0	0	0	0.449067	0.449067	0	0	0	0	0	0	0	0	0	0	0	0	0	0	0	0	0.449067	0.449067	0	0.449067	0.449067	0	0	0	0	0	0	0.449067	0.449067	0	0	0	0	0	0.449067	0.449067	0	0	0	0	0	0	0.449067	0.449067	0	0.449067	0.449067	0	0	0	0	0	0	0	0.449067	0.449067	0	0	0	0	0.449067	0.449067	0	0	0.449067	0.449067	0	0	0.449067	0.449067	0	0.449067	0.449067	0.449067	0.449067	0.449067	0.449067	0	0.449067	0.449067	0	0	0.898078	0.898078	0	0	0.449067	0.449067	0	0	0	0.449067	0.449067	0.449067	0.449067	0	0	0	0.449067	0.449067	0	0	0	0.449067	0.449067	0	0	0	0	0	0	0	0	0	0	0	0	0	0	0	0	0	0	0	0	0	0	0	0.449067	0.449067	0	0.449067	0.449067	0	0	0	0.449067	0.449067	0	0.449067	0.449067	0	0	0	0	0.449067	0.449067	0	0	0	0	0	0	0.449067	0.449067	0	0	0	0	0	0	0	0	0	0	0	0	0	0	0.449067	0.449067	0	0	0	0	0	0	0.449067	0.449067	0	0.449067	0.449067	0	0	0	0.449067	0.449067	0	0.449067	0.449067	0	0	0	0	0.449067	0.449067	0	0.449067	0.449067	0.449067	0.449067	0.449067	0.449067	0.449067	0.449067	0	0.449067	0.449067	0.898078	0.898078	0.449067	0.449067	0	0.449067	0.449067	0	0	0.449067	0.898078	0.449067	0	0.449067	0.898078	0.449067	0.449067	0.898078	0.449067	0	0	0.449067	0.898078	0.449067	0	0.449067	0.449067	0	0.449067	0.449067	0	0	0.449067	0.449067	0	0.449067	0.449067	0	0	0.449067	0.449067
0	0	0	0	0	0.449024	0.449024	0	0	0	0	0	0	0	0	0	0	0	0	0	0	0	0	0.449024	0.449024	0	0.449024	0.449024	0	0	0	0	0	0	0.449024	0.449024	0	0	0	0	0	0.449024	0.449024	0	0	0	0	0	0	0.449024	0.449024	0	0.449024	0.449024	0	0	0	0	0	0	0	0.449024	0.449024	0	0	0	0	0.449024	0.449024	0	0	0.449024	0.449024	0	0	0.449024	0.449024	0	0.449024	0.449024	0.449024	0.449024	0.449024	0.449024	0	0.449024	0.449024	0	0	0.897994	0.897994	0	0	0.449024	0.449024	0	0	0	0.449024	0.449024	0.449024	0.449024	0	0	0	0.449024	0.449024	0	0	0	0.449024	0.449024	0	0	0	0	0	0	0	0	0	0	0	0	0	0	0	0	0	0	0	0	0	0	0	0.449024	0.449024	0	0.449024	0.449024	0	0	0	0.449024	0.449024	0	0.449024	0.449024	0	0	0	0	0.449024	0.449024	0	0	0	0	0	0	0.449024	0.449024	0	0	0	0	0	0	0	0	0	0	0	0	0	0	0.449024	0.449024	0	0	0	0	0	0	0.449024	0.449024	0	0.449024	0.449024	0	0	0	0.449024	0.449024	0	0.449024	0.449024	0	0	0	0	0.449024	0.449024	0	0.449024	0.449024	0.449024	0.449024	0.449024	0.449024	0.449024	0.449024	0	0.449024	0.449024	0.897994	0.897994	0.449024	0.449024	0	0.449024	0.449024	0	0	0.449024	0.897994	0.449024	0	0.449024	0.897994	0.449024	0.449024	0.897994	0.449024	0	0	0.449024	0.897994	0.449024	0	0.449024	0.449024	0	0.449024	0.449024	0	0	0.449024	0.449024	0	0.449024	0.449024	0	0	0.449024	0.449024
0.572369	0.44901	0.44901	0.44901	0.44901	0.654513	0.854836	0.897965	0.897965	0.79371	0.572369	0.44901	0.44901	0.44901	0.44901	0.44901	0.44901	0.44901	0.44901	0.44901	0.44901	0.44901	0.44901	0.654513	0.854836	0.897965	1.00392	1.00392	0.897965	0.897965	0.897965	0.897965	0.897965	0.897965	1.00392	1.00392	0.897965	0.897965	1.0164	1.2397	1.34681	1.27968	1.06481	1.0164	1.2397	1.34681	1.34681	1.34681	1.46331	1.634	1.49732	1.34681	1.49732	1.71665	1.79549	1.79549	1.79549	1.79549	1.79549	1.79549	1.79549	1.93708	2.15824	2.24395	2.24395	2.24395	2.24395	2.28834	2.28834	2.24395	2.24395	2.37991	2.60194	2.58255	2.35869	2.37991	2.60194	2.69213	2.72921	2.72921	2.72921	2.72921	2.82421	3.04666	3.03013	2.95035	3.04666	3.03013	2.80637	2.91178	3.12796	3.03013	2.80637	2.82421	2.95035	2.80637	2.69213	2.69213	2.72921	2.72921	2.72921	2.72921	2.69213	2.58255	2.35869	2.37991	2.60194	2.58255	2.35869	2.24395	2.37991	2.50849	2.35869	2.24395	2.24395	2.24395	2.24395	2.24395	2.24395	2.13481	1.91092	1.79549	1.79549	1.79549	1.79549	1.79549	1.79549	1.79549	1.79549	1.79549	1.79549	1.79549	1.79549	1.79549	1.79549	1.71665	1.49732	1.34681	1.27968	1.06481	1.0164	1.2397	1.34681	1.27968	1.06481	0.897965	1.00392	1.00392	0.897965	1.0164	1.2397	1.46331	1.634	1.49732	1.34681	1.46331	1.68707	1.79549	1.79549	1.79549	1.71665	1.49732	1.34681	1.2397	1.0164	0.79371	0.572369	0.354974	0.158747	0	0.158747	0.354974	0.44901	0.44901	0.44901	0.44901	0.654513	0.854836	0.79371	0.572369	0.44901	0.354974	0.158747	0.158747	0.501981	0.501981	0.354974	0.634963	0.634963	0.44901	0.572369	0.79371	1.00392	1.00392	0.897965	1.00392	1.00392	0.897965	0.897965	0.897965	0.897965	1.06481	1.27968	1.34681	1.49732	1.71665	1.93708	2.15824	2.28834	2.28834	2.37991	2.60194	2.69213	2.72921	2.72921	2.91178	3.12796	3.26921	3.49183	3.47743	3.39347	3.49183	3.47743	3.25382	3.1718	3.34507	3.39347	3.25382	3.1718	3.34507	3.49183	3.6153	3.69755	3.6153	3.47743	3.25382	3.26921	3.5629	3.52043	3.25382	3.26921	3.39347	3.25382	3.26921	3.49183	3.47743	3.14797	2.95035	3.04666	3.03013	2.85957	2.72921	2.58255	2.35869	2.28834	2.20436
0.654449	0.448968	0.448968	0.448968	0.448968	0.572315	0.793635	0.897881	0.897881	0.854753	0.654449	0.448968	0.448968	0.448968	0.448968	0.448968	0.448968	0.448968	0.448968	0.448968	0.448968	0.448968	0.448968	0.572315	0.793635	0.897881	1.00383	1.00383	0.897881	0.897881	0.897881	0.897881	0.897881	0.897881	1.00383	1.00383	0.897881	0.897881	1.06471	1.27956	1.34668	1.23958	1.01631	1.06471	1.27956	1.34668	1.34668	1.34668	1.49718	1.63385	1.46317	1.34668	1.46317	1.68691	1.79532	1.79532	1.79532	1.79532	1.79532	1.79532	1.79532	1.91074	2.1346	2.24374	2.24374	2.24374	2.24374	2.28812	2.28812	2.24374	2.24374	2.35847	2.58231	2.60169	2.37969	2.35847	2.58231	2.69188	2.72895	2.72895	2.72895	2.72895	2.80611	3.02985	3.04637	2.95007	3.02985	3.04637	2.82395	2.85929	3.07915	3.04637	2.82395	2.80611	2.95007	2.82395	2.69188	2.69188	2.72895	2.72895	2.72895	2.72895	2.69188	2.60169	2.37969	2.35847	2.58231	2.60169	2.37969	2.24374	2.35847	2.50825	2.37969	2.24374	2.24374	2.24374	2.24374	2.24374	2.24374	2.15804	1.93689	1.79532	1.79532	1.79532	1.79532	1.79532	1.79532	1.79532	1.79532	1.79532	1.79532	1.79532	1.79532	1.79532	1.79532	1.68691	1.46317	1.34668	1.23958	1.01631	1.06471	1.27956	1.34668	1.23958	1.01631	0.897881	1.00383	1.00383	0.897881	1.06471	1.27956	1.49718	1.63385	1.46317	1.34668	1.49718	1.71649	1.79532	1.79532	1.79532	1.68691	1.46317	1.34668	1.27956	1.06471	0.854753	0.654449	0.476183	0.354918	0	0.354918	0.476183	0.448968	0.448968	0.448968	0.448968	0.572315	0.793635	0.854753	0.654449	0.448968	0.476183	0.354918	0.354918	0.501927	0.501927	0.476183	0.634899	0.634899	0.448968	0.654449	0.854753	1.00383	1.00383	0.897881	1.00383	1.00383	0.897881	0.897881	0.897881	0.897881	1.01631	1.23958	1.34668	1.46317	1.68691	1.91074	2.1346	2.28812	2.28812	2.35847	2.58231	2.69188	2.72895	2.72895	2.85929	3.07915	3.25352	3.47711	3.4915	3.39315	3.47711	3.4915	3.2689	3.1715	3.29945	3.39315	3.2689	3.1715	3.29945	3.47711	3.61496	3.6972	3.61496	3.4915	3.2689	3.25352	3.5201	3.56257	3.2689	3.25352	3.39315	3.2689	3.25352	3.47711	3.4915	3.21081	2.95007	3.02985	3.04637	2.91151	2.72895	2.60169	2.37969	2.28812	2.27156
0.448891	0	0	0	0	0	0	0	0	0.448891	0.448891	0	0	0	0	0	0	0	0	0	0	0	0	0	0	0	0.448891	0.448891	0	0	0	0	0	0	0.448891	0.448891	0	0	0.448891	0.448891	0	0	0	0.448891	0.448891	0	0	0	0.448891	0.448891	0	0	0	0	0	0	0	0	0	0	0	0	0	0	0	0	0	0.448891	0.448891	0	0	0	0	0.448891	0.448891	0	0	0	0.448891	0.448891	0.448891	0.448891	0	0	0.448891	0.448891	0	0.448891	0.448891	0.448891	0.448891	0.448891	0.448891	0	0.448891	0.448891	0	0	0.448891	0.448891	0.448891	0.448891	0	0.448891	0.448891	0	0	0.448891	0.448891	0	0	0.448891	0.448891	0	0	0	0	0	0	0.448891	0.448891	0	0	0	0	0	0	0	0	0	0	0	0	0	0	0	0	0	0	0	0.448891	0.448891	0	0	0	0	0.448891	0.448891	0	0.448891	0.448891	0.448891	0.448891	0	0	0.448891	0.448891	0	0	0	0	0	0	0.448891	0.448891	0.448891	0.448891	0.448891	0.448891	0	0.448891	0.448891	0	0	0	0	0	0	0.448891	0.448891	0	0.448891	0.448891	0.448891	0.448891	0.448891	0.448891	0.448891	0.448891	0	0.448891	0.448891	0.448891	0.448891	0	0.448891	0.448891	0	0	0	0	0	0	0	0	0	0	0	0.448891	0.448891	0	0	0	0.448891	0.448891	0.448891	0.448891	0	0	0.448891	0.448891	0	0.448891	0.448891	0.448891	0.448891	0.448891	0.448891	0.448891	0.448891	0	0.448891	0.897726	0.448891	0.448891	0.448891	0	0.448891	0.897726	0.448891	0	0.448891	0.448891	0	0	0.448891	0.897726	0.448891	0	0.448891	0.897726	0.448891	0.448891	0.448891	0.448891	0.897726
0.448848	0	0	0	0	0	0	0	0	0.448848	0.448848	0	0	0	0	0	0	0	0	0	0	0	0	0	0	0	0.448848	0.448848	0	0	0	0	0	0	0.448848	0.448848	0	0	0.448848	0.448848	0	0	0	0.448848	0.448848	0	0	0	0.448848	0.448848	0	0	0	0	0	0	0	0	0	0	0	0	0	0	0	0	0	0.448848	0.448848	0	0	0	0	0.448848	0.448848	0	0	0	0.448848	0.448848	0.448848	0.448848	0	0	0.448848	0.448848	0	0.448848	0.448848	0.448848	0.448848	0.448848	0.448848	0	0.448848	0.448848	0	0	0.448848	0.448848	0.448848	0.448848	0	0.448848	0.448848	0	0	0.448848	0.448848	0	0	0.448848	0.448848	0	0	0	0	0	0	0.448848	0.448848	0	0	0	0	0	0	0	0	0	0	0	0	0	0	0	0	0	0	0	0.448848	0.448848	0	0	0	0	0.448848	0.448848	0	0.448848	0.448848	0.448848	0.448848	0	0	0.448848	0.448848	0	0	0	0	0	0	0.448848	0.448848	0.448848	0.448848	0.448848	0.448848	0	0.448848	0.448848	0	0	0	0	0	0	0.448848	0.448848	0	0.448848	0.448848	0.448848	0.448848	0.448848	0.448848	0.448848	0.448848	0	0.448848	0.448848	0.448848	0.448848	0	0.448848	0.448848	0	0	0	0	0	0	0	0	0	0	0	0.448848	0.448848	0	0	0	0.448848	0.448848	0.448848	0.448848	0	0	0.448848	0.448848	0	0.448848	0.448848	0.448848	0.448848	0.448848	0.448848	0.448848	0.448848	0	0.448848	0.897642	0.448848	0.448848	0.448848	0	0.448848	0.897642	0.448848	0	0.448848	0.448848	0	0	0.448848	0.897642	0.448848	0	0.448848	0.897642	0.448848	0.448848	0.448848	0.448848	0.897642
0.448806	0	0	0	0	0	0	0	0	0.448806	0.448806	0	0	0	0	0	0	0	0	0	0	0	0	0	0	0	0.448806	0.448806	0	0	0	0	0	0	0.448806	0.448806	0	0	0.448806	0.448806	0	0	0	0.448806	0.448806	0	0	0	0.448806	0.448806	0	0	0	0	0	0	0	0	0	0	0	0	0	0	0	0	0	0.448806	0.448806	0	0	0	0	0.448806	0.448806	0	0	0	0.448806	0.448806	0.448806	0.448806	0	0	0.448806	0.448806	0	0.448806	0.448806	0.448806	0.448806	0.448806	0.448806	0	0.448806	0.448806	0	0	0.448806	0.448806	0.448806	0.448806	0	0.448806	0.448806	0	0	0.448806	0.448806	0	0	0.448806	0.448806	0	0	0	0	0	0	0.448806	0.448806	0	0	0	0	0	0	0	0	0	0	0	0	0	0	0	0	0	0	0	0.448806	0.448806	0	0	0	0	0.448806	0.448806	0	0.448806	0.448806	0.448806	0.448806	0	0	0.448806	0.448806	0	0	0	0	0	0	0.448806	0.448806	0.448806	0.448806	0.448806	0.448806	0	0.448806	0.448806	0	0	0	0	0	0	0.448806	0.448806	0	0.448806	0.448806	0.448806	0.448806	0.448806	0.448806	0.448806	0.448806	0	0.448806	0.448806	0.448806	0.448806	0	0.448806	0.448806	0	0	0	0	0	0	0	0	0	0	0	0.448806	0.448806	0	0	0	0.448806	0.448806	0.448806	0.448806	0	0	0.448806	0.448806	0	0.448806	0.448806	0.448806	0.448806	0.448806	0.448806	0.448806	0.448806	0	0.448806	0.897557	0.448806	0.448806	0.448806	0	0.448806	0.897557	0.448806	0	0.448806	0.448806	0	0	0.448806	0.897557	0.448806	0	0.448806	0.897557	0.448806	0.448806	0.448806	0.448806	0.897557
0.448764	0	0	0	0	0	0	0	0	0.448764	0.448764	0	0	0	0	0	0	0	0	0	0	0	0	0	0	0	0.448764	0.448764	0	0	0	0	0	0	0.448764	0.448764	0	0	0.448764	0.448764	0	0	0	0.448764	0.448764	0	0	0	0.448764	0.448764	0	0	0	0	0	0	0	0	0	0	0	0	0	0	0	0	0	0.448764	0.448764	0	0	0	0	0.448764	0.448764	0	0	0	0.448764	0.448764	0.448764	0.448764	0	0	0.448764	0.448764	0	0.448764	0.448764	0.448764	0.448764	0.448764	0.448764	0	0.448764	0.448764	0	0	0.448764	0.448764	0.448764	0.448764	0	0.448764	0.448764	0	0	0.448764	0.448764	0	0	0.448764	0.448764	0	0	0	0	0	0	0.448764	0.448764	0	0	0	0	0	0	0	0	0	0	0	0	0	0	0	0	0	0	0	0.448764	0.448764	0	0	0	0	0.448764	0.448764	0	0.448764	0.448764	0.448764	0.448764	0	0	0.448764	0.448764	0	0	0	0	0	0	0.448764	0.448764	0.448764	0.448764	0.448764	0.448764	0	0.448764	0.448764	0	0	0	0	0	0	0.448764	0.448764	0	0.448764	0.448764	0.448764	0.448764	0.448764	0.448764	0.448764	0.448764	0	0.448764	0.448764	0.448764	0.448764	0	0.448764	0.448764	0	0	0	0	0	0	0	0	0	0	0	0.448764	0.448764	0	0	0	0.448764	0.448764	0.448764	0.448764	0	0	0.448764	0.448764	0	0.448764	0.448764	0.448764	0.448764	0.448764	0.448764	0.448764	0.448764	0	0.448764	0.897473	0.448764	0.448764	0.448764	0	0.448764	0.897473	0.448764	0	0.448764	0.448764	0	0	0.448764	0.897473	0.448764	0	0.448764	0.897473	0.448764	0.448764	0.448764	0.448764	0.897473
0.448722	0	0	0	0	0	0	0	0	0.448722	0.448722	0	0	0	0	0	0	0	0	0	0	0	0	0	0	0	0.448722	0.448722	0	0	0	0	0	0	0.448722	0.448722	0	0	0.448722	0.448722	0	0	0	0.448722	0.448722	0	0	0	0.448722	0.448722	0	0	0	0	0	0	0	0	0	0	0	0	0	0	0	0	0	0.448722	0.448722	0	0	0	0	0.448722	0.448722	0	0	0	0.448722	0.448722	0.448722	0.448722	0	0	0.448722	0.448722	0	0.448722	0.448722	0.448722	0.448722	0.448722	0.448722	0	0.448722	0.448722	0	0	0.448722	0.448722	0.448722	0.448722	0	0.448722	0.448722	0	0	0.448722	0.448722	0	0	0.448722	0.448722	0	0	0	0	0	0	0.448722	0.448722	0	0	0	0	0	0	0	0	0	0	0	0	0	0	0	0	0	0	0	0.448722	0.448722	0	0	0	0	0.448722	0.448722	0	0.448722	0.448722	0.448722	0.448722	0	0	0.448722	0.448722	0	0	0	0	0	0	0.448722	0.448722	0.448722	0.448722	0.448722	0.448722	0	0.448722	0.448722	0	0	0	0	0	0	0.448722	0.448722	0	0.448722	0.448722	0.448722	0.448722	0.448722	0.448722	0.448722	0.448722	0	0.448722	0.448722	0.448722	0.448722	0	0.448722	0.448722	0	0	0	0	0	0	0	0	0	0	0	0.448722	0.448722	0	0	0	0.448722	0.448722	0.448722	0.448722	0	0	0.448722	0.448722	0	0.448722	0.448722	0.448722	0.448722	0.448722	0.448722	0.448722	0.448722	0	0.448722	0.897389	0.448722	0.448722	0.448722	0	0.448722	0.897389	0.448722	0	0.448722	0.448722	0	0	0.448722	0.897389	0.448722	0	0.448722	0.897389	0.448722	0.448722	0.448722	0.448722	0.897389
0.44868	0	0	0	0	0	0	0	0	0.44868	0.44868	0	0	0	0	0	0	0	0	0	0	0	0	0	0	0	0.44868	0.44868	0	0	0	0	0	0	0.44868	0.44868	0	0	0.44868	0.44868	0	0	0	0.44868	0.44868	0	0	0	0.44868	0.44868	0	0	0	0	0	0	0	0	0	0	0	0	0	0	0	0	0	0.44868	0.44868	0	0	0	0	0.44868	0.44868	0	0	0	0.44868	0.44868	0.44868	0.44868	0	0	0.44868	0.44868	0	0.44868	0.44868	0.44868	0.44868	0.44868	0.44868	0	0.44868	0.44868	0	0	0.44868	0.44868	0.44868	0.44868	0	0.44868	0.44868	0	0	0.44868	0.44868	0	0	0.44868	0.44868	0	0	0	0	0	0	0.44868	0.44868	0	0	0	0	0	0	0	0	0	0	0	0	0	0	0	0	0	0	0	0.44868	0.44868	0	0	0	0	0.44868	0.44868	0	0.44868	0.44868	0.44868	0.44868	0	0	0.44868	0.44868	0	0	0	0	0	0	0.44868	0.44868	0.44868	0.44868	0.44868	0.44868	0	0.44868	0.44868	0	0	0	0	0	0	0.44868	0.44868	0	0.44868	0.44868	0.44868	0.44868	0.44868	0.44868	0.44868	0.44868	0	0.44868	0.44868	0.44868	0.44868	0	0.44868	0.44868	0	0	0	0	0	0	0	0	0	0	0	0.44868	0.44868	0	0	0	0.44868	0.44868	0.44868	0.44868	0	0	0.44868	0.44868	0	0.44868	0.44868	0.44868	0.44868	0.44868	0.44868	0.44868	0.44868	0	0.44868	0.897304	0.44868	0.44868	0.44868	0	0.44868	0.897304	0.44868	0	0.44868	0.44868	0	0	0.44868	0.897304	0.44868	0	0.44868	0.897304	0.44868	0.44868	0.44868	0.44868	0.897304
0.448638	0	0	0	0	0	0	0	0	0.448638	0.448638	0	0	0	0	0	0	0	0	0	0	0	0	0	0	0	0.448638	0.448638	0	0	0	0	0	0	0.448638	0.448638	0	0	0.448638	0.448638	0	0	0	0.448638	0.448638	0	0	0	0.448638	0.448638	0	0	0	0	0	0	0	0	0	0	0	0	0	0	0	0	0	0.448638	0.448638	0	0	0	0	0.448638	0.448638	0	0	0	0.448638	0.448638	0.448638	0.448638	0	0	0.448638	0.448638	0	0.448638	0.448638	0.448638	0.448638	0.448638	0.448638	0	0.448638	0.448638	0	0	0.448638	0.448638	0.448638	0.448638	0	0.448638	0.448638	0	0	0.448638	0.448638	0	0	0.448638	0.448638	0	0	0	0	0	0	0.448638	0.448638	0	0	0	0	0	0	0	0	0	0	0	0	0	0	0	0	0	0	0	0.448638	0.448638	0	0	0	0	0.448638	0.448638	0	0.448638	0.448638	0.448638	0.448638	0	0	0.448638	0.448638	0	0	0	0	0	0	0.448638	0.448638	0.448638	0.448638	0.448638	0.448638	0	0.448638	0.448638	0	0	0	0	0	0	0.448638	0.448638	0	0.448638	0.448638	0.448638	0.448638	0.448638	0.448638	0.448638	0.448638	0	0.448638	0.448638	0.448638	0.448638	0	0.448638	0.448638	0	0	0	0	0	0	0	0	0	0	0	0.448638	0.448638	0	0	0	0.448638	0.448638	0.448638	0.448638	0	0	0.448638	0.448638	0	0.448638	0.448638	0.448638	0.448638	0.448638	0.448638	0.448638	0.448638	0	0.448638	0.89722	0.448638	0.448638	0.448638	0	0.448638	0.89722	0.448638	0	0.448638	0.448638	0	0	0.448638	0.89722	0.448638	0	0.448638	0.89722	0.448638	0.448638	0.448638	0.448638	0.89722
0.448595	0	0	0	0	0	0	0	0	0.448595	0.448595	0	0	0	0	0	0	0	0	0	0	0	0	0	0	0	0.448595	0.448595	0	0	0	0	0	0	0.448595	0.448595	0	0	0.448595	0.448595	0	0	0	0.448595	0.448595	0	0	0	0.448595	0.448595	0	0	0	0	0	0	0	0	0	0	0	0	0	0	0	0	0	0.448595	0.448595	0	0	0	0	0.448595	0.448595	0	0	0	0.448595	0.448595	0.448595	0.448595	0	0	0.448595	0.448595	0	0.448595	0.448595	0.448595	0.448595	0.448595	0.448595	0	0.448595	0.448595	0	0	0.448595	0.448595	0.448595	0.448595	0	0.448595	0.448595	0	0	0.448595	0.448595	0	0	0.448595	0.448595	0	0	0	0	0	0	0.448595	0.448595	0	0	0	0	0	0	0	0	0	0	0	0	0	0	0	0	0	0	0	0.448595	0.448595	0	0	0	0	0.448595	0.448595	0	0.448595	0.448595	0.448595	0.448595	0	0	0.448595	0.448595	0	0	0	0	0	0	0.448595	0.448595	0.448595	0.448595	0.448595	0.448595	0	0.448595	0.448595	0	0	0	0	0	0	0.448595	0.448595	0	0.448595	0.448595	0.448595	0.448595	0.448595	0.448595	0.448595	0.448595	0	0.448595	0.448595	0.448595	0.448595	0	0.448595	0.448595	0	0	0	0	0	0	0	0	0	0	0	0.448595	0.448595	0	0	0	0.448595	0.448595	0.448595	0.448595	0	0	0.448595	0.448595	0	0.448595	0.448595	0.448595	0.448595	0.448595	0.448595	0.448595	0.448595	0	0.448595	0.897136	0.448595	0.448595	0.448595	0	0.448595	0.897136	0.448595	0	0.448595	0.448595	0	0	0.448595	0.897136	0.448595	0	0.448595	0.897136	0.448595	0.448595	0.448595	0.448595	0.897136
0.448553	0	0	0	0	0	0	0	0	0.448553	0.448553	0	0	0	0	0	0	0	0	0	0	0	0	0	0	0	0.448553	0.448553	0	0	0	0	0	0	0.448553	0.448553	0	0	0.448553	0.448553	0	0	0	0.448553	0.448553	0	0	0	0.448553	0.448553	0	0	0	0	0	0	0	0	0	0	0	0	0	0	0	0	0	0.448553	0.448553	0	0	0	0	0.448553	0.448553	0	0	0	0.448553	0.448553	0.448553	0.448553	0	0	0.448553	0.448553	0	0.448553	0.448553	0.448553	0.448553	0.448553	0.448553	0	0.448553	0.448553	0	0	0.448553	0.448553	0.448553	0.448553	0	0.448553	0.448553	0	0	0.448553	0.448553	0	0	0.448553	0.448553	0	0	0	0	0	0	0.448553	0.448553	0	0	0	0	0	0	0	0	0	0	0	0	0	0	0	0	0	0	0	0.448553	0.448553	0	0	0	0	0.448553	0.448553	0	0.448553	0.448553	0.448553	0.448553	0	0	0.448553	0.448553	0	0	0	0	0	0	0.448553	0.448553	0.448553	0.448553	0.448553	0.448553	0	0.448553	0.448553	0	0	0	0	0	0	0.448553	0.448553	0	0.448553	0.448553	0.448553	0.448553	0.448553	0.448553	0.448553	0.448553	0	0.448553	0.448553	0.448553	0.448553	0	0.448553	0.448553	0	0	0	0	0	0	0	0	0	0	0	0.448553	0.448553	0	0	0	0.448553	0.448553	0.448553	0.448553	0	0	0.448553	0.448553	0	0.448553	0.448553	0.448553	0.448553	0.448553	0.448553	0.448553	0.448553	0	0.448553	0.897052	0.448553	0.448553	0.448553	0	0.448553	0.897052	0.448553	0	0.448553	0.448553	0	0	0.448553	0.897052	0.448553	0	0.448553	0.897052	0.448553	0.448553	0.448553	0.448553	0.897052
0.448511	0	0	0	0	0	0	0	0	0.448511	0.448511	0	0	0	0	0	0	0	0	0	0	0	0	0	0	0	0.448511	0.448511	0	0	0	0	0	0	0.448511	0.448511	0	0	0.448511	0.448511	0	0	0	0.448511	0.448511	0	0	0	0.448511	0.448511	0	0	0	0	0	0	0	0	0	0	0	0	0	0	0	0	0	0.448511	0.448511	0	0	0	0	0.448511	0.448511	0	0	0	0.448511	0.448511	0.448511	0.448511	0	0	0.448511	0.448511	0	0.448511	0.448511	0.448511	0.448511	0.448511	0.448511	0	0.448511	0.448511	0	0	0.448511	0.448511	0.448511	0.448511	0	0.448511	0.448511	0	0	0.448511	0.448511	0	0	0.448511	0.448511	0	0	0	0	0	0	0.448511	0.448511	0	0	0	0	0	0	0	0	0	0	0	0	0	0	0	0	0	0	0	0.448511	0.448511	0	0	0	0	0.448511	0.448511	0	0.448511	0.448511	0.448511	0.448511	0	0	0.448511	0.448511	0	0	0	0	0	0	0.448511	0.448511	0.448511	0.448511	0.448511	0.448511	0	0.448511	0.448511	0	0	0	0	0	0	0.448511	0.448511	0	0.448511	0.448511	0.448511	0.448511	0.448511	0.448511	0.448511	0.448511	0	0.448511	0.448511	0.448511	0.448511	0	0.448511	0.448511	0	0	0	0	0	0	0	0	0	0	0	0.448511	0.448511	0	0	0	0.448511	0.448511	0.448511	0.448511	0	0	0.448511	0.448511	0	0.448511	0.448511	0.448511	0.448511	0.448511	0.448511	0.448511	0.448511	0	0.448511	0.896967	0.448511	0.448511	0.448511	0	0.448511	0.896967	0.448511	0	0.448511	0.448511	0	0	0.448511	0.896967	0.448511	0	0.448511	0.896967	0.448511	0.448511	0.448511	0.448511	0.896967
1.27822	1.34527	1.34527	1.34527	1.23828	1.01524	0.896939	0.896939	0.896939	1.0636	1.27822	1.34527	1.34527	1.23828	1.01524	0.896939	0.896939	0.896939	0.896939	0.896939	0.896939	0.896939	0.896939	0.896939	0.896939	1.01524	1.20745	1.0636	0.896939	0.896939	0.896939	0.896939	0.896939	0.896939	0.853857	0.808483	0.792803	0.896939	0.853857	0.653763	0.571715	0.792803	0.896939	0.853857	0.808483	0.792803	0.896939	0.896939	0.853857	0.808483	0.792803	0.896939	0.896939	1.01524	1.23828	1.34527	1.34527	1.34527	1.34527	1.34527	1.34527	1.34527	1.34527	1.34527	1.34527	1.34527	1.34527	1.49561	1.71469	1.79344	1.79344	1.79344	1.79344	1.93486	2.15578	2.24139	2.13237	1.90874	1.93486	2.15578	2.28572	2.28572	2.24139	2.24139	2.28572	2.28572	2.24139	2.28572	2.28572	2.28572	2.28572	2.3772	2.59897	2.68906	2.72609	2.72609	2.68906	2.68906	2.72609	2.72609	2.82099	3.04318	3.02667	2.94698	3.04318	3.02667	2.80317	2.82099	2.94698	2.80317	2.68906	2.72609	2.72609	2.68906	2.68906	2.68906	2.5796	2.356	2.24139	2.3772	2.50562	2.356	2.24139	2.24139	2.24139	2.24139	2.24139	2.24139	2.24139	2.13237	1.90874	1.79344	1.79344	1.79344	1.79344	1.79344	1.79344	1.79344	1.79344	1.79344	1.71469	1.49561	1.34527	1.34527	1.34527	1.34527	1.418	1.418	1.34527	1.418	1.418	1.27822	1.20745	1.23828	1.34527	1.27822	1.0636	0.896939	0.896939	0.896939	0.896939	0.896939	0.896939	1.0636	1.27822	1.418	1.418	1.49561	1.71469	1.68515	1.63214	1.71469	1.79344	1.79344	1.79344	1.79344	1.68515	1.46163	1.27822	1.20745	1.23828	1.27822	1.0636	0.853857	0.653763	0.634233	0.634233	0.634233	0.792773	0.792803	1.00277	1.00277	0.853857	0.808483	0.792803	1.00277	1.15424	1.23828	1.34527	1.46163	1.68515	1.79344	1.90874	2.13237	2.24139	2.356	2.5796	2.68906	2.82099	3.04318	3.13641	3.13641	3.13641	3.26548	3.48784	3.61118	3.61118	3.58337	3.58337	3.71024	3.83286	3.69674	3.71024	3.93263	4.155	4.27639	4.27639	4.37732	4.49816	4.49816	4.47594	4.49816	4.65344	4.82175	4.94162	4.94162	4.92143	4.94162	5.09291	5.2658	5.25635	5.16326	5.2658	5.25635	5.03395	5.04382	5.31279	5.28464	5.03395	4.94162	5.09291	5.2658	5.38482	5.38482	5.38482	5.4399
1.23817	1.34515	1.34515	1.34515	1.2781	1.0635	0.896855	0.896855	0.896855	1.01515	1.23817	1.34515	1.34515	1.2781	1.0635	0.896855	0.896855	0.896855	0.896855	0.896855	0.896855	0.896855	0.896855	0.896855	0.896855	1.0635	1.20733	1.01515	0.896855	0.896855	0.896855	0.896855	0.896855	0.896855	0.792728	0.808407	0.853777	0.896855	0.792728	0.571661	0.653701	0.853777	0.896855	0.792728	0.808407	0.853777	0.896855	0.896855	0.792728	0.808407	0.853777	0.896855	0.896855	1.0635	1.2781	1.34515	1.34515	1.34515	1.34515	1.34515	1.34515	1.34515	1.34515	1.34515	1.34515	1.34515	1.34515	1.4615	1.68499	1.79327	1.79327	1.79327	1.79327	1.90856	2.13217	2.24118	2.15557	1.93468	1.90856	2.13217	2.28551	2.28551	2.24118	2.24118	2.28551	2.28551	2.24118	2.28551	2.28551	2.28551	2.28551	2.35578	2.57936	2.68881	2.72584	2.72584	2.68881	2.68881	2.72584	2.72584	2.8029	3.02639	3.04289	2.94671	3.02639	3.04289	2.82073	2.8029	2.94671	2.82073	2.68881	2.72584	2.72584	2.68881	2.68881	2.68881	2.59873	2.37697	2.24118	2.35578	2.50539	2.37697	2.24118	2.24118	2.24118	2.24118	2.24118	2.24118	2.24118	2.15557	1.93468	1.79327	1.79327	1.79327	1.79327	1.79327	1.79327	1.79327	1.79327	1.79327	1.68499	1.4615	1.34515	1.34515	1.34515	1.34515	1.41787	1.41787	1.34515	1.41787	1.41787	1.23817	1.20733	1.2781	1.34515	1.23817	1.01515	0.896855	0.896855	0.896855	0.896855	0.896855	0.896855	1.01515	1.23817	1.41787	1.41787	1.4615	1.68499	1.71453	1.63198	1.68499	1.79327	1.79327	1.79327	1.79327	1.71453	1.49547	1.23817	1.20733	1.2781	1.23817	1.01515	0.792728	0.571661	0.634173	0.634173	0.634173	0.964318	0.853777	1.00268	1.00268	0.792728	0.808407	0.853777	1.00268	1.27807	1.2781	1.34515	1.49547	1.71453	1.79327	1.93468	2.15557	2.24118	2.37697	2.59873	2.68881	2.8029	3.02639	3.13611	3.13611	3.13611	3.24981	3.47314	3.61084	3.61084	3.58304	3.58304	3.69639	3.8325	3.70989	3.69639	3.91954	4.14257	4.27599	4.27599	4.3655	4.49774	4.49774	4.47552	4.49774	4.62076	4.81095	4.94116	4.94116	4.92097	4.94116	5.06304	5.25585	5.2653	5.16278	5.25585	5.2653	5.04335	5.03348	5.28415	5.31229	5.04335	4.94116	5.06304	5.25585	5.38431	5.38431	5.38431	5.43939
0	0	0	0	0.448378	0.448378	0	0	0	0	0	0	0	0.448378	0.448378	0	0	0	0	0	0	0	0	0	0	0.448378	0.448378	0	0	0	0	0	0	0	0	0.448378	0.448378	0	0	0	0.448378	0.448378	0	0	0.448378	0.448378	0	0	0	0.448378	0.448378	0	0	0.448378	0.448378	0	0	0	0	0	0	0	0	0	0	0	0	0	0	0	0	0	0	0	0	0	0.448378	0.448378	0	0	0.448378	0.448378	0	0	0.448378	0.448378	0	0.448378	0.448378	0.448378	0.448378	0	0	0	0.448378	0.448378	0	0	0.448378	0.448378	0	0	0.448378	0.448378	0	0.448378	0.448378	0	0.448378	0.448378	0	0.448378	0.448378	0	0	0	0.448378	0.448378	0	0	0.448378	0.448378	0	0	0	0	0	0	0	0.448378	0.448378	0	0	0	0	0	0	0	0	0	0	0	0	0	0	0	0.448378	0.448378	0	0.448378	0.448378	0	0.448378	0.448378	0	0	0	0	0	0	0	0	0	0	0	0.448378	0.448378	0	0	0.448378	0.448378	0	0	0	0	0	0.448378	0.448378	0	0.448378	0.448378	0	0	0	0	0.448378	0.448378	0.448378	0.896701	0.448378	0.448378	0.448378	0	0.448378	0.448378	0.448378	0.896701	0.448378	0	0.448378	0.448378	0	0.448378	0.448378	0	0.448378	0.448378	0	0	0	0	0	0	0	0	0.448378	0.448378	0	0	0	0.448378	0.448378	0	0	0	0.448378	0.448378	0	0.448378	0.448378	0	0.448378	0.448378	0	0.448378	0.448378	0	0.448378	0.448378	0	0.448378	0.448378	0	0.448378	0.448378	0	0.448378	0.896701	0.448378	0.448378	0.448378	0	0.448378	0.448378	0.448378	0.896701
0	0	0	0	0.448336	0.448336	0	0	0	0	0	0	0	0.448336	0.448336	0	0	0	0	0	0	0	0	0	0	0.448336	0.448336	0	0	0	0	0	0	0	0	0.448336	0.448336	0	0	0	0.448336	0.448336	0	0	0.448336	0.448336	0	0	0	0.448336	0.448336	0	0	0.448336	0.448336	0	0	0	0	0	0	0	0	0	0	0	0	0	0	0	0	0	0	0	0	0	0.448336	0.448336	0	0	0.448336	0.448336	0	0	0.448336	0.448336	0	0.448336	0.448336	0.448336	0.448336	0	0	0	0.448336	0.448336	0	0	0.448336	0.448336	0	0	0.448336	0.448336	0	0.448336	0.448336	0	0.448336	0.448336	0	0.448336	0.448336	0	0	0	0.448336	0.448336	0	0	0.448336	0.448336	0	0	0	0	0	0	0	0.448336	0.448336	0	0	0	0	0	0	0	0	0	0	0	0	0	0	0	0.448336	0.448336	0	0.448336	0.448336	0	0.448336	0.448336	0	0	0	0	0	0	0	0	0	0	0	0.448336	0.448336	0	0	0.448336	0.448336	0	0	0	0	0	0.448336	0.448336	0	0.448336	0.448336	0	0	0	0	0.448336	0.448336	0.448336	0.896616	0.448336	0.448336	0.448336	0	0.448336	0.448336	0.448336	0.896616	0.448336	0	0.448336	0.448336	0	0.448336	0.448336	0	0.448336	0.448336	0	0	0	0	0	0	0	0	0.448336	0.448336	0	0	0	0.448336	0.448336	0	0	0	0.448336	0.448336	0	0.448336	0.448336	0	0.448336	0.448336	0	0.448336	0.448336	0	0.448336	0.448336	0	0.448336	0.448336	0	0.448336	0.448336	0	0.448336	0.896616	0.448336	0.448336	0.448336	0	0.448336	0.448336	0.448336	0.896616
0	0	0	0	0.448294	0.448294	0	0	0	0	0	0	0	0.448294	0.448294	0	0	0	0	0	0	0	0	0	0	0.448294	0.448294	0	0	0	0	0	0	0	0	0.448294	0.448294	0	0	0	0.448294	0.448294	0	0	0.448294	0.448294	0	0	0	0.448294	0.448294	0	0	0.448294	0.448294	0	0	0	0	0	0	0	0	0	0	0	0	0	0	0	0	0	0	0	0	0	0.448294	0.448294	0	0	0.448294	0.448294	0	0	0.448294	0.448294	0	0.448294	0.448294	0.448294	0.448294	0	0	0	0.448294	0.448294	0	0	0.448294	0.448294	0	0	0.448294	0.448294	0	0.448294	0.448294	0	0.448294	0.448294	0	0.448294	0.448294	0	0	0	0.448294	0.448294	0	0	0.448294	0.448294	0	0	0	0	0	0	0	0.448294	0.448294	0	0	0	0	0	0	0	0	0	0	0	0	0	0	0	0.448294	0.448294	0	0.448294	0.448294	0	0.448294	0.448294	0	0	0	0	0	0	0	0	0	0	0	0.448294	0.448294	0	0	0.448294	0.448294	0	0	0	0	0	0.448294	0.448294	0	0.448294	0.448294	0	0	0	0	0.448294	0.448294	0.448294	0.896532	0.448294	0.448294	0.448294	0	0.448294	0.448294	0.448294	0.896532	0.448294	0	0.448294	0.448294	0	0.448294	0.448294	0	0.448294	0.448294	0	0	0	0	0	0	0	0	0.448294	0.448294	0	0	0	0.448294	0.448294	0	0	0	0.448294	0.448294	0	0.448294	0.448294	0	0.448294	0.448294	0	0.448294	0.448294	0	0.448294	0.448294	0	0.448294	0.448294	0	0.448294	0.448294	0	0.448294	0.896532	0.448294	0.448294	0.448294	0	0.448294	0.448294	0.448294	0.896532
0	0	0	0	0.448252	0.448252	0	0	0	0	0	0	0	0.448252	0.448252	0	0	0	0	0	0	0	0	0	0	0.448252	0.448252	0	0	0	0	0	0	0	0	0.448252	0.448252	0	0	0	0.448252	0.448252	0	0	0.448252	0.448252	0	0	0	0.448252	0.448252	0	0	0.448252	0.448252	0	0	0	0	0	0	0	0	0	0	0	0	0	0	0	0	0	0	0	0	0	0.448252	0.448252	0	0	0.448252	0.448252	0	0	0.448252	0.448252	0	0.448252	0.448252	0.448252	0.448252	0	0	0	0.448252	0.448252	0	0	0.448252	0.448252	0	0	0.448252	0.448252	0	0.448252	0.448252	0	0.448252	0.448252	0	0.448252	0.448252	0	0	0	0.448252	0.448252	0	0	0.448252	0.448252	0	0	0	0	0	0	0	0.448252	0.448252	0	0	0	0	0	0	0	0	0	0	0	0	0	0	0	0.448252	0.448252	0	0.448252	0.448252	0	0.448252	0.448252	0	0	0	0	0	0	0	0	0	0	0	0.448252	0.448252	0	0	0.448252	0.448252	0	0	0	0	0	0.448252	0.448252	0	0.448252	0.448252	0	0	0	0	0.448252	0.448252	0.448252	0.896448	0.448252	0.448252	0.448252	0	0.448252	0.448252	0.448252	0.896448	0.448252	0	0.448252	0.448252	0	0.448252	0.448252	0	0.448252	0.448252	0	0	0	0	0	0	0	0	0.448252	0.448252	0	0	0	0.448252	0.448252	0	0	0	0.448252	0.448252	0	0.448252	0.448252	0	0.448252	0.448252	0	0.448252	0.448252	0	0.448252	0.448252	0	0.448252	0.448252	0	0.448252	0.448252	0	0.448252	0.896448	0.448252	0.448252	0.448252	0	0.448252	0.448252	0.448252	0.896448
0	0	0	0	0.448209	0.448209	0	0	0	0	0	0	0	0.448209	0.448209	0	0	0	0	0	0	0	0	0	0	0.448209	0.448209	0	0	0	0	0	0	0	0	0.448209	0.448209	0	0	0	0.448209	0.448209	0	0	0.448209	0.448209	0	0	0	0.448209	0.448209	0	0	0.448209	0.448209	0	0	0	0	0	0	0	0	0	0	0	0	0	0	0	0	0	0	0	0	0	0.448209	0.448209	0	0	0.448209	0.448209	0	0	0.448209	0.448209	0	0.448209	0.448209	0.448209	0.448209	0	0	0	0.448209	0.448209	0	0	0.448209	0.448209	0	0	0.448209	0.448209	0	0.448209	0.448209	0	0.448209	0.448209	0	0.448209	0.448209	0	0	0	0.448209	0.448209	0	0	0.448209	0.448209	0	0	0	0	0	0	0	0.448209	0.448209	0	0	0	0	0	0	0	0	0	0	0	0	0	0	0	0.448209	0.448209	0	0.448209	0.448209	0	0.448209	0.448209	0	0	0	0	0	0	0	0	0	0	0	0.448209	0.448209	0	0	0.448209	0.448209	0	0	0	0	0	0.448209	0.448209	0	0.448209	0.448209	0	0	0	0	0.448209	0.448209	0.448209	0.896364	0.448209	0.448209	0.448209	0	0.448209	0.448209	0.448209	0.896364	0.448209	0	0.448209	0.448209	0	0.448209	0.448209	0	0.448209	0.448209	0	0	0	0	0	0	0	0	0.448209	0.448209	0	0	0	0.448209	0.448209	0	0	0	0.448209	0.448209	0	0.448209	0.448209	0	0.448209	0.448209	0	0.448209	0.448209	0	0.448209	0.448209	0	0.448209	0.448209	0	0.448209	0.448209	0	0.448209	0.896364	0.448209	0.448209	0.448209	0	0.448209	0.448209	0.448209	0.896364
0	0	0	0	0.448167	0.448167	0	0	0	0	0	0	0	0.448167	0.448167	0	0	0	0	0	0	0	0	0	0	0.448167	0.448167	0	0	0	0	0	0	0	0	0.448167	0.448167	0	0	0	0.448167	0.448167	0	0	0.448167	0.448167	0	0	0	0.448167	0.448167	0	0	0.448167	0.448167	0	0	0	0	0	0	0	0	0	0	0	0	0	0	0	0	0	0	0	0	0	0.448167	0.448167	0	0	0.448167	0.448167	0	0	0.448167	0.448167	0	0.448167	0.448167	0.448167	0.448167	0	0	0	0.448167	0.448167	0	0	0.448167	0.448167	0	0	0.448167	0.448167	0	0.448167	0.448167	0	0.448167	0.448167	0	0.448167	0.448167	0	0	0	0.448167	0.448167	0	0	0.448167	0.448167	0	0	0	0	0	0	0	0.448167	0.448167	0	0	0	0	0	0	0	0	0	0	0	0	0	0	0	0.448167	0.448167	0	0.448167	0.448167	0	0.448167	0.448167	0	0	0	0	0	0	0	0	0	0	0	0.448167	0.448167	0	0	0.448167	0.448167	0	0	0	0	0	0.448167	0.448167	0	0.448167	0.448167	0	0	0	0	0.448167	0.448167	0.448167	0.89628	0.448167	0.448167	0.448167	0	0.448167	0.448167	0.448167	0.89628	0.448167	0	0.448167	0.448167	0	0.448167	0.448167	0	0.448167	0.448167	0	0	0	0	0	0	0	0	0.448167	0.448167	0	0	0	0.448167	0.448167	0	0	0	0.448167	0.448167	0	0.448167	0.448167	0	0.448167	0.448167	0	0.448167	0.448167	0	0.448167	0.448167	0	0.448167	0.448167	0	0.448167	0.448167	0	0.448167	0.89628	0.448167	0.448167	0.448167	0	0.448167	0.448167	0.448167	0.89628
0	0	0	0	0.448125	0.448125	0	0	0	0	0	0	0	0.448125	0.448125	0	0	0	0	0	0	0	0	0	0	0.448125	0.448125	0	0	0	0	0	0	0	0	0.448125	0.448125	0	0	0	0.448125	0.448125	0	0	0.448125	0.448125	0	0	0	0.448125	0.448125	0	0	0.448125	0.448125	0	0	0	0	0	0	0	0	0	0	0	0	0	0	0	0	0	0	0	0	0	0.448125	0.448125	0	0	0.448125	0.448125	0	0	0.448125	0.448125	0	0.448125	0.448125	0.448125	0.448125	0	0	0	0.448125	0.448125	0	0	0.448125	0.448125	0	0	0.448125	0.448125	0	0.448125	0.448125	0	0.448125	0.448125	0	0.448125	0.448125	0	0	0	0.448125	0.448125	0	0	0.448125	0.448125	0	0	0	0	0	0	0	0.448125	0.448125	0	0	0	0	0	0	0	0	0	0	0	0	0	0	0	0.448125	0.448125	0	0.448125	0.448125	0	0.448125	0.448125	0	0	0	0	0	0	0	0	0	0	0	0.448125	0.448125	0	0	0.448125	0.448125	0	0	0	0	0	0.448125	0.448125	0	0.448125	0.448125	0	0	0	0	0.448125	0.448125	0.448125	0.896196	0.448125	0.448125	0.448125	0	0.448125	0.448125	0.448125	0.896196	0.448125	0	0.448125	0.448125	0	0.448125	0.448125	0	0.448125	0.448125	0	0	0	0	0	0	0	0	0.448125	0.448125	0	0	0	0.448125	0.448125	0	0	0	0.448125	0.448125	0	0.448125	0.448125	0	0.448125	0.448125	0	0.448125	0.448125	0	0.448125	0.448125	0	0.448125	0.448125	0	0.448125	0.448125	0	0.448125	0.896196	0.448125	0.448125	0.448125	0	0.448125	0.448125	0.448125	0.896196
0	0	0	0	0.448083	0.448083	0	0	0	0	0	0	0	0.448083	0.448083	0	0	0	0	0	0	0	0	0	0	0.448083	0.448083	0	0	0	0	0	0	0	0	0.448083	0.448083	0	0	0	0.448083	0.448083	0	0	0.448083	0.448083	0	0	0	0.448083	0.448083	0	0	0.448083	0.448083	0	0	0	0	0	0	0	0	0	0	0	0	0	0	0	0	0	0	0	0	0	0.448083	0.448083	0	0	0.448083	0.448083	0	0	0.448083	0.448083	0	0.448083	0.448083	0.448083	0.448083	0	0	0	0.448083	0.448083	0	0	0.448083	0.448083	0	0	0.448083	0.448083	0	0.448083	0.448083	0	0.448083	0.448083	0	0.448083	0.448083	0	0	0	0.448083	0.448083	0	0	0.448083	0.448083	0	0	0	0	0	0	0	0.448083	0.448083	0	0	0	0	0	0	0	0	0	0	0	0	0	0	0	0.448083	0.448083	0	0.448083	0.448083	0	0.448083	0.448083	0	0	0	0	0	0	0	0	0	0	0	0.448083	0.448083	0	0	0.448083	0.448083	0	0	0	0	0	0.448083	0.448083	0	0.448083	0.448083	0	0	0	0	0.448083	0.448083	0.448083	0.896112	0.448083	0.448083	0.448083	0	0.448083	0.448083	0.448083	0.896112	0.448083	0	0.448083	0.448083	0	0.448083	0.448083	0	0.448083	0.448083	0	0	0	0	0	0	0	0	0.448083	0.448083	0	0	0	0.448083	0.448083	0	0	0	0.448083	0.448083	0	0.448083	0.448083	0	0.448083	0.448083	0	0.448083	0.448083	0	0.448083	0.448083	0	0.448083	0.448083	0	0.448083	0.448083	0	0.448083	0.896112	0.448083	0.448083	0.448083	0	0.448083	0.448083	0.448083	0.896112
0	0	0	0	0.448041	0.448041	0	0	0	0	0	0	0	0.448041	0.448041	0	0	0	0	0	0	0	0	0	0	0.448041	0.448041	0	0	0	0	0	0	0	0	0.448041	0.448041	0	0	0	0.448041	0.448041	0	0	0.448041	0.448041	0	0	0	0.448041	0.448041	0	0	0.448041	0.448041	0	0	0	0	0	0	0	0	0	0	0	0	0	0	0	0	0	0	0	0	0	0.448041	0.448041	0	0	0.448041	0.448041	0	0	0.448041	0.448041	0	0.448041	0.448041	0.448041	0.448041	0	0	0	0.448041	0.448041	0	0	0.448041	0.448041	0	0	0.448041	0.448041	0	0.448041	0.448041	0	0.448041	0.448041	0	0.448041	0.448041	0	0	0	0.448041	0.448041	0	0	0.448041	0.448041	0	0	0	0	0	0	0	0.448041	0.448041	0	0	0	0	0	0	0	0	0	0	0	0	0	0	0	0.448041	0.448041	0	0.448041	0.448041	0	0.448041	0.448041	0	0	0	0	0	0	0	0	0	0	0	0.448041	0.448041	0	0	0.448041	0.448041	0	0	0	0	0	0.448041	0.448041	0	0.448041	0.448041	0	0	0	0	0.448041	0.448041	0.448041	0.896028	0.448041	0.448041	0.448041	0	0.448041	0.448041	0.448041	0.896028	0.448041	0	0.448041	0.448041	0	0.448041	0.448041	0	0.448041	0.448041	0	0	0	0	0	0	0	0	0.448041	0.448041	0	0	0	0.448041	0.448041	0	0	0	0.448041	0.448041	0	0.448041	0.448041	0	0.448041	0.448041	0	0.448041	0.448041	0	0.448041	0.448041	0	0.448041	0.448041	0	0.448041	0.448041	0	0.448041	0.896028	0.448041	0.448041	0.448041	0	0.448041	0.448041	0.448041	0.896028
0	0	0	0	0.447992	0.447992	0	0	0	0	0	0	0	0.447992	0.447992	0	0	0	0	0	0	0	0	0	0	0.447992	0.447992	0	0	0	0	0	0	0	0	0.447992	0.447992	0	0	0	0.447992	0.447992	0	0	0.447992	0.447992	0	0	0	0.447992	0.447992	0	0	0.447992	0.447992	0	0	0	0	0	0	0	0	0	0	0	0	0	0	0	0	0	0	0	0	0	0.447992	0.447992	0	0	0.447992	0.447992	0	0	0.447992	0.447992	0	0.447992	0.447992	0.447992	0.447992	0	0	0	0.447992	0.447992	0	0	0.447992	0.447992	0	0	0.447992	0.447992	0	0.447992	0.447992	0	0.447992	0.447992	0	0.447992	0.447992	0	0	0	0.447992	0.447992	0	0	0.447992	0.447992	0	0	0	0	0	0	0	0.447992	0.447992	0	0	0	0	0	0	0	0	0	0	0	0	0	0	0	0.447992	0.447992	0	0.447992	0.447992	0	0.447992	0.447992	0	0	0	0	0	0	0	0	0	0	0	0.447992	0.447992	0	0	0.447992	0.447992	0	0	0	0	0	0.447992	0.447992	0	0.447992	0.447992	0	0	0	0	0.447992	0.447992	0.447992	0.89593	0.447992	0.447992	0.447992	0	0.447992	0.447992	0.447992	0.89593	0.447992	0	0.447992	0.447992	0	0.447992	0.447992	0	0.447992	0.447992	0	0	0	0	0	0	0	0	0.447992	0.447992	0	0	0	0.447992	0.447992	0	0	0	0.447992	0.447992	0	0.447992	0.447992	0	0.447992	0.447992	0	0.447992	0.447992	0	0.447992	0.447992	0	0.447992	0.447992	0	0.447992	0.447992	0	0.447992	0.89593	0.447992	0.447992	0.447992	0	0.447992	0.447992	0.447992	0.89593
1.34374	1.34374	1.23687	1.01408	1.06238	1.27676	1.34374	1.34374	1.34374	1.34374	1.34374	1.34374	1.34374	1.4939	1.71273	1.79139	1.68322	1.45997	1.34374	1.34374	1.34374	1.34374	1.34374	1.34374	1.34374	1.27676	1.06238	0.895916	0.895916	0.895916	0.895916	0.895916	0.895916	0.895916	0.895916	1.00163	1.00163	0.895916	0.895916	0.895916	0.852882	0.80756	0.791898	0.895916	0.852882	0.653016	0.571062	0.791898	0.895916	0.852882	0.653016	0.447985	0.447985	0.633509	0.633509	0.447985	0.447985	0.447985	0.447985	0.447985	0.447985	0.447985	0.571062	0.791898	0.895916	0.895916	0.895916	0.895916	0.895916	0.895916	0.895916	1.01408	1.23687	1.34374	1.34374	1.23687	1.20607	1.27676	1.34374	1.34374	1.41638	1.41638	1.34374	1.34374	1.4939	1.63027	1.45997	1.4939	1.71273	1.93266	2.15332	2.12994	1.90656	1.79139	1.93266	2.15332	2.12994	1.90656	1.93266	2.06425	1.90656	1.79139	1.84648	1.84648	1.79139	1.93266	2.15332	2.12994	2.06425	2.15332	2.12994	2.06425	2.15332	2.23883	2.23883	2.23883	2.28312	2.28312	2.23883	2.23883	2.28312	2.28312	2.23883	2.23883	2.23883	2.23883	2.12994	1.90656	1.79139	1.93266	2.15332	2.23883	2.23883	2.23883	2.23883	2.23883	2.23883	2.23883	2.23883	2.23883	2.23883	2.23883	2.23883	2.23883	2.12994	1.90656	1.71273	1.36226	1.01408	0.852882	0.653016	0.447985	0.316764	0.316764	0.447985	0.571062	0.791898	0.895916	1.01408	1.23687	1.23687	1.01408	0.895916	0.791898	0.500852	0.223978	0.47514	0.571062	0.791898	1.06238	1.27676	1.34374	1.34374	1.34374	1.34374	1.34374	1.4939	1.71273	1.90656	2.06425	1.93266	1.90656	2.12994	2.35331	2.57666	2.72299	2.72299	2.72299	2.69063	2.37448	2.28312	2.28312	2.23883	2.28312	2.28312	2.15332	1.9131	1.63027	1.68322	1.71273	1.4939	1.45997	1.63027	1.4939	1.45997	1.63027	1.63027	1.68322	1.79139	1.79139	1.79139	1.90656	2.12994	2.23883	2.23883	2.47259	2.91804	3.24641	3.46951	3.57929	3.70601	3.92815	4.13825	4.36094	4.36094	4.27152	4.37234	4.47085	4.49305	4.49305	4.47085	4.59434	4.81627	4.91584	4.93601	4.93601	4.91584	5.0381	5.25982	5.36024	5.48142	5.70289	5.80399	5.92422	6.1454	6.13736	5.94089	5.87179	5.82102	5.82102	5.72023	5.47237	5.48142	5.70289	5.82102	5.87179
1.34361	1.34361	1.27664	1.06228	1.01399	1.23676	1.34361	1.34361	1.34361	1.34361	1.34361	1.34361	1.34361	1.45983	1.68306	1.79123	1.71257	1.49376	1.34361	1.34361	1.34361	1.34361	1.34361	1.34361	1.34361	1.23676	1.01399	0.895831	0.895831	0.895831	0.895831	0.895831	0.895831	0.895831	0.895831	1.00153	1.00153	0.895831	0.895831	0.895831	0.791824	0.807484	0.852802	0.895831	0.791824	0.571009	0.652955	0.852802	0.895831	0.791824	0.571009	0.447943	0.447943	0.63345	0.63345	0.447943	0.447943	0.447943	0.447943	0.447943	0.447943	0.447943	0.652955	0.852802	0.895831	0.895831	0.895831	0.895831	0.895831	0.895831	0.895831	1.06228	1.27664	1.34361	1.34361	1.27664	1.20596	1.23676	1.34361	1.34361	1.41625	1.41625	1.34361	1.34361	1.45983	1.63012	1.49376	1.45983	1.68306	1.90638	2.12974	2.15312	1.93248	1.79123	1.90638	2.12974	2.15312	1.93248	1.90638	2.06406	1.93248	1.79123	1.84631	1.84631	1.79123	1.90638	2.12974	2.15312	2.06406	2.12974	2.15312	2.06406	2.12974	2.23862	2.23862	2.23862	2.2829	2.2829	2.23862	2.23862	2.2829	2.2829	2.23862	2.23862	2.23862	2.23862	2.15312	1.93248	1.79123	1.90638	2.12974	2.23862	2.23862	2.23862	2.23862	2.23862	2.23862	2.23862	2.23862	2.23862	2.23862	2.23862	2.23862	2.23862	2.15312	1.93248	1.68306	1.36213	1.06228	0.791824	0.571009	0.447943	0.316734	0.316734	0.447943	0.652955	0.852802	0.895831	1.06228	1.27664	1.27664	1.06228	0.895831	0.852802	0.80746	0.223957	0.35413	0.652955	0.852802	1.01399	1.23676	1.34361	1.34361	1.34361	1.34361	1.34361	1.45983	1.68306	1.93248	2.06406	1.90638	1.93248	2.15312	2.37426	2.59576	2.72273	2.72273	2.72273	2.63402	2.35309	2.2829	2.2829	2.23862	2.2829	2.2829	2.12974	1.80515	1.63012	1.71257	1.68306	1.45983	1.49376	1.63012	1.45983	1.49376	1.63012	1.63012	1.71257	1.79123	1.79123	1.79123	1.93248	2.15312	2.23862	2.23862	2.47236	2.91777	3.26146	3.48355	3.57896	3.69218	3.91508	4.14988	4.37193	4.37193	4.27112	4.36053	4.47043	4.49263	4.49263	4.47043	4.58308	4.80549	4.91538	4.93555	4.93555	4.91538	5.02776	5.24989	5.35974	5.47186	5.69367	5.80345	5.91532	6.13679	6.14483	5.96526	5.87124	5.82047	5.82047	5.74559	5.48091	5.47186	5.69367	5.82047	5.87124
0	0	0.447866	0.447866	0	0	0	0	0	0	0	0	0	0	0	0	0.447866	0.447866	0	0	0	0	0	0	0	0	0	0	0	0	0	0	0	0	0	0.447866	0.447866	0	0	0	0	0.447866	0.447866	0	0	0	0.447866	0.447866	0	0	0	0	0	0.447866	0.447866	0	0	0	0	0	0	0	0.447866	0.447866	0	0	0	0	0	0	0	0.447866	0.447866	0	0	0.447866	0.447866	0	0	0	0.447866	0.447866	0	0	0	0.447866	0.447866	0	0	0	0	0.447866	0.447866	0	0	0	0.447866	0.447866	0	0.447866	0.447866	0	0.447866	0.447866	0	0	0	0.447866	0.447866	0	0.447866	0.447866	0	0	0	0	0.447866	0.447866	0	0	0.447866	0.447866	0	0	0	0	0.447866	0.447866	0	0	0	0	0	0	0	0	0	0	0	0	0	0	0	0	0.447866	0.447866	0	0.447866	0.447866	0	0	0	0.447866	0.447866	0	0.447866	0.447866	0	0.447866	0.447866	0.447866	0.447866	0	0.447866	0.895677	0.447866	0	0.447866	0.447866	0	0	0	0	0	0	0	0	0	0.447866	0.447866	0	0.447866	0.447866	0.447866	0.447866	0.447866	0.447866	0.447866	0.447866	0	0.447866	0.447866	0	0.447866	0.447866	0	0	0.447866	0.447866	0	0	0.447866	0.447866	0	0.447866	0.447866	0.447866	0.447866	0	0	0	0.447866	0.447866	0	0	0.447866	0.447866	0.447866	0.447866	0	0	0	0.447866	0.447866	0.447866	0.447866	0	0	0.447866	0.447866	0	0	0	0	0.447866	0.447866	0	0	0	0	0	0	0	0	0	0.447866	0.895677	0.895677	0.447866	0.447866	0.895677	0.447866	0	0	0.447866	0.895677
0	0	0.447824	0.447824	0	0	0	0	0	0	0	0	0	0	0	0	0.447824	0.447824	0	0	0	0	0	0	0	0	0	0	0	0	0	0	0	0	0	0.447824	0.447824	0	0	0	0	0.447824	0.447824	0	0	0	0.447824	0.447824	0	0	0	0	0	0.447824	0.447824	0	0	0	0	0	0	0	0.447824	0.447824	0	0	0	0	0	0	0	0.447824	0.447824	0	0	0.447824	0.447824	0	0	0	0.447824	0.447824	0	0	0	0.447824	0.447824	0	0	0	0	0.447824	0.447824	0	0	0	0.447824	0.447824	0	0.447824	0.447824	0	0.447824	0.447824	0	0	0	0.447824	0.447824	0	0.447824	0.447824	0	0	0	0	0.447824	0.447824	0	0	0.447824	0.447824	0	0	0	0	0.447824	0.447824	0	0	0	0	0	0	0	0	0	0	0	0	0	0	0	0	0.447824	0.447824	0	0.447824	0.447824	0	0	0	0.447824	0.447824	0	0.447824	0.447824	0	0.447824	0.447824	0.447824	0.447824	0	0.447824	0.895593	0.447824	0	0.447824	0.447824	0	0	0	0	0	0	0	0	0	0.447824	0.447824	0	0.447824	0.447824	0.447824	0.447824	0.447824	0.447824	0.447824	0.447824	0	0.447824	0.447824	0	0.447824	0.447824	0	0	0.447824	0.447824	0	0	0.447824	0.447824	0	0.447824	0.447824	0.447824	0.447824	0	0	0	0.447824	0.447824	0	0	0.447824	0.447824	0.447824	0.447824	0	0	0	0.447824	0.447824	0.447824	0.447824	0	0	0.447824	0.447824	0	0	0	0	0.447824	0.447824	0	0	0	0	0	0	0	0	0	0.447824	0.895593	0.895593	0.447824	0.447824	0.895593	0.447824	0	0	0.447824	0.895593
0	0	0.447782	0.447782	0	0	0	0	0	0	0	0	0	0	0	0	0.447782	0.447782	0	0	0	0	0	0	0	0	0	0	0	0	0	0	0	0	0	0.447782	0.447782	0	0	0	0	0.447782	0.447782	0	0	0	0.447782	0.447782	0	0	0	0	0	0.447782	0.447782	0	0	0	0	0	0	0	0.447782	0.447782	0	0	0	0	0	0	0	0.447782	0.447782	0	0	0.447782	0.447782	0	0	0	0.447782	0.447782	0	0	0	0.447782	0.447782	0	0	0	0	0.447782	0.447782	0	0	0	0.447782	0.447782	0	0.447782	0.447782	0	0.447782	0.447782	0	0	0	0.447782	0.447782	0	0.447782	0.447782	0	0	0	0	0.447782	0.447782	0	0	0.447782	0.447782	0	0	0	0	0.447782	0.447782	0	0	0	0	0	0	0	0	0	0	0	0	0	0	0	0	0.447782	0.447782	0	0.447782	0.447782	0	0	0	0.447782	0.447782	0	0.447782	0.447782	0	0.447782	0.447782	0.447782	0.447782	0	0.447782	0.895509	0.447782	0	0.447782	0.447782	0	0	0	0	0	0	0	0	0	0.447782	0.447782	0	0.447782	0.447782	0.447782	0.447782	0.447782	0.447782	0.447782	0.447782	0	0.447782	0.447782	0	0.447782	0.447782	0	0	0.447782	0.447782	0	0	0.447782	0.447782	0	0.447782	0.447782	0.447782	0.447782	0	0	0	0.447782	0.447782	0	0	0.447782	0.447782	0.447782	0.447782	0	0	0	0.447782	0.447782	0.447782	0.447782	0	0	0.447782	0.447782	0	0	0	0	0.447782	0.447782	0	0	0	0	0	0	0	0	0	0.447782	0.895509	0.895509	0.447782	0.447782	0.895509	0.447782	0	0	0.447782	0.895509
0	0	0.44774	0.44774	0	0	0	0	0	0	0	0	0	0	0	0	0.44774	0.44774	0	0	0	0	0	0	0	0	0	0	0	0	0	0	0	0	0	0.44774	0.44774	0	0	0	0	0.44774	0.44774	0	0	0	0.44774	0.44774	0	0	0	0	0	0.44774	0.44774	0	0	0	0	0	0	0	0.44774	0.44774	0	0	0	0	0	0	0	0.44774	0.44774	0	0	0.44774	0.44774	0	0	0	0.44774	0.44774	0	0	0	0.44774	0.44774	0	0	0	0	0.44774	0.44774	0	0	0	0.44774	0.44774	0	0.44774	0.44774	0	0.44774	0.44774	0	0	0	0.44774	0.44774	0	0.44774	0.44774	0	0	0	0	0.44774	0.44774	0	0	0.44774	0.44774	0	0	0	0	0.44774	0.44774	0	0	0	0	0	0	0	0	0	0	0	0	0	0	0	0	0.44774	0.44774	0	0.44774	0.44774	0	0	0	0.44774	0.44774	0	0.44774	0.44774	0	0.44774	0.44774	0.44774	0.44774	0	0.44774	0.895426	0.44774	0	0.44774	0.44774	0	0	0	0	0	0	0	0	0	0.44774	0.44774	0	0.44774	0.44774	0.44774	0.44774	0.44774	0.44774	0.44774	0.44774	0	0.44774	0.44774	0	0.44774	0.44774	0	0	0.44774	0.44774	0	0	0.44774	0.44774	0	0.44774	0.44774	0.44774	0.44774	0	0	0	0.44774	0.44774	0	0	0.44774	0.44774	0.44774	0.44774	0	0	0	0.44774	0.44774	0.44774	0.44774	0	0	0.44774	0.44774	0	0	0	0	0.44774	0.44774	0	0	0	0	0	0	0	0	0	0.44774	0.895426	0.895426	0.44774	0.44774	0.895426	0.44774	0	0	0.44774	0.895426
0	0	0.447698	0.447698	0	0	0	0	0	0	0	0	0	0	0	0	0.447698	0.447698	0	0	0	0	0	0	0	0	0	0	0	0	0	0	0	0	0	0.447698	0.447698	0	0	0	0	0.447698	0.447698	0	0	0	0.447698	0.447698	0	0	0	0	0	0.447698	0.447698	0	0	0	0	0	0	0	0.447698	0.447698	0	0	0	0	0	0	0	0.447698	0.447698	0	0	0.447698	0.447698	0	0	0	0.447698	0.447698	0	0	0	0.447698	0.447698	0	0	0	0	0.447698	0.447698	0	0	0	0.447698	0.447698	0	0.447698	0.447698	0	0.447698	0.447698	0	0	0	0.447698	0.447698	0	0.447698	0.447698	0	0	0	0	0.447698	0.447698	0	0	0.447698	0.447698	0	0	0	0	0.447698	0.447698	0	0	0	0	0	0	0	0	0	0	0	0	0	0	0	0	0.447698	0.447698	0	0.447698	0.447698	0	0	0	0.447698	0.447698	0	0.447698	0.447698	0	0.447698	0.447698	0.447698	0.447698	0	0.447698	0.895342	0.447698	0	0.447698	0.447698	0	0	0	0	0	0	0	0	0	0.447698	0.447698	0	0.447698	0.447698	0.447698	0.447698	0.447698	0.447698	0.447698	0.447698	0	0.447698	0.447698	0	0.447698	0.447698	0	0	0.447698	0.447698	0	0	0.447698	0.447698	0	0.447698	0.447698	0.447698	0.447698	0	0	0	0.447698	0.447698	0	0	0.447698	0.447698	0.447698	0.447698	0	0	0	0.447698	0.447698	0.447698	0.447698	0	0	0.447698	0.447698	0	0	0	0	0.447698	0.447698	0	0	0	0	0	0	0	0	0	0.447698	0.895342	0.895342	0.447698	0.447698	0.895342	0.447698	0	0	0.447698	0.895342
0	0	0.447656	0.447656	0	0	0	0	0	0	0	0	0	0	0	0	0.447656	0.447656	0	0	0	0	0	0	0	0	0	0	0	0	0	0	0	0	0	0.447656	0.447656	0	0	0	0	0.447656	0.447656	0	0	0	0.447656	0.447656	0	0	0	0	0	0.447656	0.447656	0	0	0	0	0	0	0	0.447656	0.447656	0	0	0	0	0	0	0	0.447656	0.447656	0	0	0.447656	0.447656	0	0	0	0.447656	0.447656	0	0	0	0.447656	0.447656	0	0	0	0	0.447656	0.447656	0	0	0	0.447656	0.447656	0	0.447656	0.447656	0	0.447656	0.447656	0	0	0	0.447656	0.447656	0	0.447656	0.447656	0	0	0	0	0.447656	0.447656	0	0	0.447656	0.447656	0	0	0	0	0.447656	0.447656	0	0	0	0	0	0	0	0	0	0	0	0	0	0	0	0	0.447656	0.447656	0	0.447656	0.447656	0	0	0	0.447656	0.447656	0	0.447656	0.447656	0	0.447656	0.447656	0.447656	0.447656	0	0.447656	0.895258	0.447656	0	0.447656	0.447656	0	0	0	0	0	0	0	0	0	0.447656	0.447656	0	0.447656	0.447656	0.447656	0.447656	0.447656	0.447656	0.447656	0.447656	0	0.447656	0.447656	0	0.447656	0.447656	0	0	0.447656	0.447656	0	0	0.447656	0.447656	0	0.447656	0.447656	0.447656	0.447656	0	0	0	0.447656	0.447656	0	0	0.447656	0.447656	0.447656	0.447656	0	0	0	0.447656	0.447656	0.447656	0.447656	0	0	0.447656	0.447656	0	0	0	0	0.447656	0.447656	0	0	0	0	0	0	0	0	0	0.447656	0.895258	0.895258	0.447656	0.447656	0.895258	0.447656	0	0	0.447656	0.895258
0	0	0.447614	0.447614	0	0	0	0	0	0	0	0	0	0	0	0	0.447614	0.447614	0	0	0	0	0	0	0	0	0	0	0	0	0	0	0	0	0	0.447614	0.447614	0	0	0	0	0.447614	0.447614	0	0	0	0.447614	0.447614	0	0	0	0	0	0.447614	0.447614	0	0	0	0	0	0	0	0.447614	0.447614	0	0	0	0	0	0	0	0.447614	0.447614	0	0	0.447614	0.447614	0	0	0	0.447614	0.447614	0	0	0	0.447614	0.447614	0	0	0	0	0.447614	0.447614	0	0	0	0.447614	0.447614	0	0.447614	0.447614	0	0.447614	0.447614	0	0	0	0.447614	0.447614	0	0.447614	0.447614	0	0	0	0	0.447614	0.447614	0	0	0.447614	0.447614	0	0	0	0	0.447614	0.447614	0	0	0	0	0	0	0	0	0	0	0	0	0	0	0	0	0.447614	0.447614	0	0.447614	0.447614	0	0	0	0.447614	0.447614	0	0.447614	0.447614	0	0.447614	0.447614	0.447614	0.447614	0	0.447614	0.895174	0.447614	0	0.447614	0.447614	0	0	0	0	0	0	0	0	0	0.447614	0.447614	0	0.447614	0.447614	0.447614	0.447614	0.447614	0.447614	0.447614	0.447614	0	0.447614	0.447614	0	0.447614	0.447614	0	0	0.447614	0.447614	0	0	0.447614	0.447614	0	0.447614	0.447614	0.447614	0.447614	0	0	0	0.447614	0.447614	0	0	0.447614	0.447614	0.447614	0.447614	0	0	0	0.447614	0.447614	0.447614	0.447614	0	0	0.447614	0.447614	0	0	0	0	0.447614	0.447614	0	0	0	0	0	0	0	0	0	0.447614	0.895174	0.895174	0.447614	0.447614	0.895174	0.447614	0	0	0.447614	0.895174
0	0	0.447565	0.447565	0	0	0	0	0	0	0	0	0	0	0	0	0.447565	0.447565	0	0	0	0	0	0	0	0	0	0	0	0	0	0	0	0	0	0.447565	0.447565	0	0	0	0	0.447565	0.447565	0	0	0	0.447565	0.447565	0	0	0	0	0	0.447565	0.447565	0	0	0	0	0	0	0	0.447565	0.447565	0	0	0	0	0	0	0	0.447565	0.447565	0	0	0.447565	0.447565	0	0	0	0.447565	0.447565	0	0	0	0.447565	0.447565	0	0	0	0	0.447565	0.447565	0	0	0	0.447565	0.447565	0	0.447565	0.447565	0	0.447565	0.447565	0	0	0	0.447565	0.447565	0	0.447565	0.447565	0	0	0	0	0.447565	0.447565	0	0	0.447565	0.447565	0	0	0	0	0.447565	0.447565	0	0	0	0	0	0	0	0	0	0	0	0	0	0	0	0	0.447565	0.447565	0	0.447565	0.447565	0	0	0	0.447565	0.447565	0	0.447565	0.447565	0	0.447565	0.447565	0.447565	0.447565	0	0.447565	0.895076	0.447565	0	0.447565	0.447565	0	0	0	0	0	0	0	0	0	0.447565	0.447565	0	0.447565	0.447565	0.447565	0.447565	0.447565	0.447565	0.447565	0.447565	0	0.447565	0.447565	0	0.447565	0.447565	0	0	0.447565	0.447565	0	0	0.447565	0.447565	0	0.447565	0.447565	0.447565	0.447565	0	0	0	0.447565	0.447565	0	0	0.447565	0.447565	0.447565	0.447565	0	0	0	0.447565	0.447565	0.447565	0.447565	0	0	0.447565	0.447565	0	0	0	0	0.447565	0.447565	0	0	0	0	0	0	0	0	0	0.447565	0.895076	0.895076	0.447565	0.447565	0.895076	0.447565	0	0	0.447565	0.895076
0	0	0.447523	0.447523	0	0	0	0	0	0	0	0	0	0	0	0	0.447523	0.447523	0	0	0	0	0	0	0	0	0	0	0	0	0	0	0	0	0	0.447523	0.447523	0	0	0	0	0.447523	0.447523	0	0	0	0.447523	0.447523	0	0	0	0	0	0.447523	0.447523	0	0	0	0	0	0	0	0.447523	0.447523	0	0	0	0	0	0	0	0.447523	0.447523	0	0	0.447523	0.447523	0	0	0	0.447523	0.447523	0	0	0	0.447523	0.447523	0	0	0	0	0.447523	0.447523	0	0	0	0.447523	0.447523	0	0.447523	0.447523	0	0.447523	0.447523	0	0	0	0.447523	0.447523	0	0.447523	0.447523	0	0	0	0	0.447523	0.447523	0	0	0.447523	0.447523	0	0	0	0	0.447523	0.447523	0	0	0	0	0	0	0	0	0	0	0	0	0	0	0	0	0.447523	0.447523	0	0.447523	0.447523	0	0	0	0.447523	0.447523	0	0.447523	0.447523	0	0.447523	0.447523	0.447523	0.447523	0	0.447523	0.894992	0.447523	0	0.447523	0.447523	0	0	0	0	0	0	0	0	0	0.447523	0.447523	0	0.447523	0.447523	0.447523	0.447523	0.447523	0.447523	0.447523	0.447523	0	0.447523	0.447523	0	0.447523	0.447523	0	0	0.447523	0.447523	0	0	0.447523	0.447523	0	0.447523	0.447523	0.447523	0.447523	0	0	0	0.447523	0.447523	0	0	0.447523	0.447523	0.447523	0.447523	0	0	0	0.447523	0.447523	0.447523	0.447523	0	0	0.447523	0.447523	0	0	0	0	0.447523	0.447523	0	0	0	0	0	0	0	0	0	0.447523	0.894992	0.894992	0.447523	0.447523	0.894992	0.447523	0	0	0.447523	0.894992
0	0	0.447481	0.447481	0	0	0	0	0	0	0	0	0	0	0	0	0.447481	0.447481	0	0	0	0	0	0	0	0	0	0	0	0	0	0	0	0	0	0.447481	0.447481	0	0	0	0	0.447481	0.447481	0	0	0	0.447481	0.447481	0	0	0	0	0	0.447481	0.447481	0	0	0	0	0	0	0	0.447481	0.447481	0	0	0	0	0	0	0	0.447481	0.447481	0	0	0.447481	0.447481	0	0	0	0.447481	0.447481	0	0	0	0.447481	0.447481	0	0	0	0	0.447481	0.447481	0	0	0	0.447481	0.447481	0	0.447481	0.447481	0	0.447481	0.447481	0	0	0	0.447481	0.447481	0	0.447481	0.447481	0	0	0	0	0.447481	0.447481	0	0	0.447481	0.447481	0	0	0	0	0.447481	0.447481	0	0	0	0	0	0	0	0	0	0	0	0	0	0	0	0	0.447481	0.447481	0	0.447481	0.447481	0	0	0	0.447481	0.447481	0	0.447481	0.447481	0	0.447481	0.447481	0.447481	0.447481	0	0.447481	0.894908	0.447481	0	0.447481	0.447481	0	0	0	0	0	0	0	0	0	0.447481	0.447481	0	0.447481	0.447481	0.447481	0.447481	0.447481	0.447481	0.447481	0.447481	0	0.447481	0.447481	0	0.447481	0.447481	0	0	0.447481	0.447481	0	0	0.447481	0.447481	0	0.447481	0.447481	0.447481	0.447481	0	0	0	0.447481	0.447481	0	0	0.447481	0.447481	0.447481	0.447481	0	0	0	0.447481	0.447481	0.447481	0.447481	0	0	0.447481	0.447481	0	0	0	0	0.447481	0.447481	0	0	0	0	0	0	0	0	0	0.447481	0.894908	0.894908	0.447481	0.447481	0.894908	0.447481	0	0	0.447481	0.894908
0.894894	0.894894	1.06117	1.27531	1.3422	1.3422	1.3422	1.3422	1.23546	1.01293	0.894894	0.894894	0.894894	0.894894	0.894894	0.894894	1.06117	1.27531	1.3422	1.3422	1.23546	1.01293	0.894894	0.894894	0.894894	0.894894	0.894894	0.894894	0.894894	0.894894	0.894894	0.894894	0.894894	0.894894	0.894894	0.85191	0.652272	0.447474	0.570411	0.790995	0.894894	0.85191	0.652272	0.447474	0.447474	0.447474	0.474598	0.353737	0	0.158203	0.353759	0.447474	0.447474	0.474598	0.353737	0	0	0	0	0	0	0	0.353737	0.474598	0.353759	0.158203	0	0	0	0	0	0.353737	0.474598	0.447474	0.447474	0.474598	0.353737	0	0	0	0.353737	0.474598	0.447474	0.447474	0.447474	0.652272	0.85191	0.894894	0.894894	0.790995	0.570411	0.652272	0.85191	0.894894	0.894894	0.894894	1.00049	1.00049	0.894894	1.06117	1.2047	1.01293	1.06117	1.27531	1.3422	1.3422	1.3422	1.41477	1.41477	1.3422	1.4922	1.71078	1.6813	1.4583	1.3422	1.3422	1.4922	1.71078	1.78935	1.6813	1.62842	1.71078	1.78935	1.78935	1.78935	1.6813	1.62842	1.71078	1.78935	1.78935	1.78935	1.78935	1.78935	1.78935	1.78935	1.6813	1.4583	1.3422	1.3422	1.3422	1.3422	1.3422	1.23546	1.01293	1.06117	1.27531	1.3422	1.41477	1.41477	1.3422	1.3422	1.23546	1.2047	1.27531	1.3422	1.4922	1.80327	2.12751	2.37178	2.59305	2.59305	2.37178	2.23628	2.28051	2.26401	2.0619	2.12751	2.15086	1.93046	1.78935	1.78935	1.78935	1.78935	1.78935	1.78935	1.78935	1.90439	2.12751	2.15086	1.93046	1.78935	1.84438	1.84438	1.71078	1.62842	1.76826	1.84438	1.84438	1.84438	1.78935	1.84438	1.84438	1.78935	1.71078	1.4922	1.3422	1.4583	1.62842	1.4922	1.3422	1.3422	1.41477	1.41477	1.3422	1.41477	1.41477	1.41477	1.41477	1.3422	1.3422	1.4583	1.76826	1.84438	1.78935	1.78935	1.84438	1.84438	1.71078	1.4922	1.4583	1.6813	1.78935	1.71078	1.4922	1.4922	1.71078	1.78935	1.78935	1.93046	2.24742	2.57373	2.68294	2.68294	2.68294	2.71988	2.71988	2.68294	2.68294	2.68294	2.68294	2.68294	2.68294	2.68294	2.57373	2.35063	2.37178	2.76537	3.11728	3.16097	3.25805	3.55075	3.60297	3.46557	3.24272	3.25805	3.55075
0.89481	0.89481	1.01283	1.23535	1.34208	1.34208	1.34208	1.34208	1.27519	1.06107	0.89481	0.89481	0.89481	0.89481	0.89481	0.89481	1.01283	1.23535	1.34208	1.34208	1.27519	1.06107	0.89481	0.89481	0.89481	0.89481	0.89481	0.89481	0.89481	0.89481	0.89481	0.89481	0.89481	0.89481	0.89481	0.790921	0.570358	0.447432	0.652211	0.85183	0.89481	0.790921	0.570358	0.447432	0.447432	0.447432	0.353726	0.158188	0	0.353704	0.474554	0.447432	0.447432	0.353726	0.158188	0	0	0	0	0	0	0	0.158188	0.353726	0.474554	0.353704	0	0	0	0	0	0.158188	0.353726	0.447432	0.447432	0.353726	0.158188	0	0	0	0.158188	0.353726	0.447432	0.447432	0.447432	0.570358	0.790921	0.89481	0.89481	0.85183	0.652211	0.570358	0.790921	0.89481	0.89481	0.89481	1.00039	1.00039	0.89481	1.01283	1.20458	1.06107	1.01283	1.23535	1.34208	1.34208	1.34208	1.41464	1.41464	1.34208	1.45817	1.68115	1.71062	1.49206	1.34208	1.34208	1.45817	1.68115	1.78918	1.71062	1.62826	1.68115	1.78918	1.78918	1.78918	1.71062	1.62826	1.68115	1.78918	1.78918	1.78918	1.78918	1.78918	1.78918	1.78918	1.71062	1.49206	1.34208	1.34208	1.34208	1.34208	1.34208	1.27519	1.06107	1.01283	1.23535	1.34208	1.41464	1.41464	1.34208	1.34208	1.27519	1.20458	1.23535	1.34208	1.45817	1.8031	2.15066	2.35041	2.57349	2.57349	2.35041	2.23607	2.2803	2.19662	2.06171	2.15066	2.12731	1.90421	1.78918	1.78918	1.78918	1.78918	1.78918	1.78918	1.78918	1.93027	2.15066	2.12731	1.90421	1.78918	1.8442	1.8442	1.68115	1.62826	1.85095	1.8442	1.8442	1.8442	1.78918	1.8442	1.8442	1.78918	1.68115	1.45817	1.34208	1.49206	1.62826	1.45817	1.34208	1.34208	1.41464	1.41464	1.34208	1.41464	1.41464	1.41464	1.41464	1.34208	1.34208	1.49206	1.85095	1.8442	1.78918	1.78918	1.8442	1.8442	1.68115	1.45817	1.49206	1.71062	1.78918	1.68115	1.45817	1.45817	1.68115	1.78918	1.78918	1.90421	2.24721	2.59281	2.68269	2.68269	2.68269	2.71963	2.71963	2.68269	2.68269	2.68269	2.68269	2.68269	2.68269	2.68269	2.59281	2.37156	2.35041	2.69197	3.06864	3.16067	3.24241	3.50809	3.60263	3.47959	3.25774	3.24241	3.50809
0	0	0	0	0	0	0	0	0.447356	0.447356	0	0	0	0	0	0	0	0	0	0	0.447356	0.447356	0	0	0	0	0	0	0	0	0	0	0	0	0	0	0	0	0.447356	0.447356	0	0	0	0	0	0	0	0	0	0.447356	0.447356	0	0	0	0	0	0	0	0	0	0	0	0	0	0.447356	0.447356	0	0	0	0	0	0	0	0	0	0	0	0	0	0	0	0	0	0	0	0	0	0	0	0.447356	0.447356	0	0	0	0	0	0.447356	0.447356	0	0	0.447356	0.447356	0	0	0	0	0	0.447356	0.447356	0	0	0	0.447356	0.447356	0	0	0	0	0	0.447356	0.447356	0	0	0	0	0.447356	0.447356	0	0	0	0	0	0	0	0	0.447356	0.447356	0	0	0	0	0	0.447356	0.447356	0	0	0	0.447356	0.447356	0	0	0.447356	0.447356	0	0	0	0.447356	0.447356	0	0	0	0	0	0.447356	0.447356	0.447356	0.447356	0	0	0	0	0	0	0	0	0	0.447356	0.447356	0	0	0	0.447356	0.447356	0	0.447356	0.894657	0.447356	0.447356	0.447356	0	0.447356	0.447356	0	0	0	0	0.447356	0.447356	0	0	0	0.447356	0.447356	0	0.447356	0.447356	0.447356	0.447356	0	0	0.447356	0.894657	0.447356	0	0	0.447356	0.447356	0	0	0.447356	0.447356	0	0	0	0	0	0	0	0	0.447356	0.447356	0	0	0	0.447356	0.447356	0	0	0	0	0	0	0	0.447356	0.447356	0	0	0.447356	0.447356	0	0.447356	0.447356	0.447356	0.447356	0	0.447356
0	0	0	0	0	0	0	0	0.447314	0.447314	0	0	0	0	0	0	0	0	0	0	0.447314	0.447314	0	0	0	0	0	0	0	0	0	0	0	0	0	0	0	0	0.447314	0.447314	0	0	0	0	0	0	0	0	0	0.447314	0.447314	0	0	0	0	0	0	0	0	0	0	0	0	0	0.447314	0.447314	0	0	0	0	0	0	0	0	0	0	0	0	0	0	0	0	0	0	0	0	0	0	0	0.447314	0.447314	0	0	0	0	0	0.447314	0.447314	0	0	0.447314	0.447314	0	0	0	0	0	0.447314	0.447314	0	0	0	0.447314	0.447314	0	0	0	0	0	0.447314	0.447314	0	0	0	0	0.447314	0.447314	0	0	0	0	0	0	0	0	0.447314	0.447314	0	0	0	0	0	0.447314	0.447314	0	0	0	0.447314	0.447314	0	0	0.447314	0.447314	0	0	0	0.447314	0.447314	0	0	0	0	0	0.447314	0.447314	0.447314	0.447314	0	0	0	0	0	0	0	0	0	0.447314	0.447314	0	0	0	0.447314	0.447314	0	0.447314	0.894573	0.447314	0.447314	0.447314	0	0.447314	0.447314	0	0	0	0	0.447314	0.447314	0	0	0	0.447314	0.447314	0	0.447314	0.447314	0.447314	0.447314	0	0	0.447314	0.894573	0.447314	0	0	0.447314	0.447314	0	0	0.447314	0.447314	0	0	0	0	0	0	0	0	0.447314	0.447314	0	0	0	0.447314	0.447314	0	0	0	0	0	0	0	0.447314	0.447314	0	0	0.447314	0.447314	0	0.447314	0.447314	0.447314	0.447314	0	0.447314
0	0	0	0	0	0	0	0	0.447272	0.447272	0	0	0	0	0	0	0	0	0	0	0.447272	0.447272	0	0	0	0	0	0	0	0	0	0	0	0	0	0	0	0	0.447272	0.447272	0	0	0	0	0	0	0	0	0	0.447272	0.447272	0	0	0	0	0	0	0	0	0	0	0	0	0	0.447272	0.447272	0	0	0	0	0	0	0	0	0	0	0	0	0	0	0	0	0	0	0	0	0	0	0	0.447272	0.447272	0	0	0	0	0	0.447272	0.447272	0	0	0.447272	0.447272	0	0	0	0	0	0.447272	0.447272	0	0	0	0.447272	0.447272	0	0	0	0	0	0.447272	0.447272	0	0	0	0	0.447272	0.447272	0	0	0	0	0	0	0	0	0.447272	0.447272	0	0	0	0	0	0.447272	0.447272	0	0	0	0.447272	0.447272	0	0	0.447272	0.447272	0	0	0	0.447272	0.447272	0	0	0	0	0	0.447272	0.447272	0.447272	0.447272	0	0	0	0	0	0	0	0	0	0.447272	0.447272	0	0	0	0.447272	0.447272	0	0.447272	0.894489	0.447272	0.447272	0.447272	0	0.447272	0.447272	0	0	0	0	0.447272	0.447272	0	0	0	0.447272	0.447272	0	0.447272	0.447272	0.447272	0.447272	0	0	0.447272	0.894489	0.447272	0	0	0.447272	0.447272	0	0	0.447272	0.447272	0	0	0	0	0	0	0	0	0.447272	0.447272	0	0	0	0.447272	0.447272	0	0	0	0	0	0	0	0.447272	0.447272	0	0	0.447272	0.447272	0	0.447272	0.447272	0.447272	0.447272	0	0.447272
0	0	0	0	0	0	0	0	0.44723	0.44723	0	0	0	0	0	0	0	0	0	0	0.44723	0.44723	0	0	0	0	0	0	0	0	0	0	0	0	0	0	0	0	0.44723	0.44723	0	0	0	0	0	0	0	0	0	0.44723	0.44723	0	0	0	0	0	0	0	0	0	0	0	0	0	0.44723	0.44723	0	0	0	0	0	0	0	0	0	0	0	0	0	0	0	0	0	0	0	0	0	0	0	0.44723	0.44723	0	0	0	0	0	0.44723	0.44723	0	0	0.44723	0.44723	0	0	0	0	0	0.44723	0.44723	0	0	0	0.44723	0.44723	0	0	0	0	0	0.44723	0.44723	0	0	0	0	0.44723	0.44723	0	0	0	0	0	0	0	0	0.44723	0.44723	0	0	0	0	0	0.44723	0.44723	0	0	0	0.44723	0.44723	0	0	0.44723	0.44723	0	0	0	0.44723	0.44723	0	0	0	0	0	0.44723	0.44723	0.44723	0.44723	0	0	0	0	0	0	0	0	0	0.44723	0.44723	0	0	0	0.44723	0.44723	0	0.44723	0.894405	0.44723	0.44723	0.44723	0	0.44723	0.44723	0	0	0	0	0.44723	0.44723	0	0	0	0.44723	0.44723	0	0.44723	0.44723	0.44723	0.44723	0	0	0.44723	0.894405	0.44723	0	0	0.44723	0.44723	0	0	0.44723	0.44723	0	0	0	0	0	0	0	0	0.44723	0.44723	0	0	0	0.44723	0.44723	0	0	0	0	0	0	0	0.44723	0.44723	0	0	0.44723	0.44723	0	0.44723	0.44723	0.44723	0.44723	0	0.44723
0	0	0	0	0	0	0	0	0.447181	0.447181	0	0	0	0	0	0	0	0	0	0	0.447181	0.447181	0	0	0	0	0	0	0	0	0	0	0	0	0	0	0	0	0.447181	0.447181	0	0	0	0	0	0	0	0	0	0.447181	0.447181	0	0	0	0	0	0	0	0	0	0	0	0	0	0.447181	0.447181	0	0	0	0	0	0	0	0	0	0	0	0	0	0	0	0	0	0	0	0	0	0	0	0.447181	0.447181	0	0	0	0	0	0.447181	0.447181	0	0	0.447181	0.447181	0	0	0	0	0	0.447181	0.447181	0	0	0	0.447181	0.447181	0	0	0	0	0	0.447181	0.447181	0	0	0	0	0.447181	0.447181	0	0	0	0	0	0	0	0	0.447181	0.447181	0	0	0	0	0	0.447181	0.447181	0	0	0	0.447181	0.447181	0	0	0.447181	0.447181	0	0	0	0.447181	0.447181	0	0	0	0	0	0.447181	0.447181	0.447181	0.447181	0	0	0	0	0	0	0	0	0	0.447181	0.447181	0	0	0	0.447181	0.447181	0	0.447181	0.894307	0.447181	0.447181	0.447181	0	0.447181	0.447181	0	0	0	0	0.447181	0.447181	0	0	0	0.447181	0.447181	0	0.447181	0.447181	0.447181	0.447181	0	0	0.447181	0.894307	0.447181	0	0	0.447181	0.447181	0	0	0.447181	0.447181	0	0	0	0	0	0	0	0	0.447181	0.447181	0	0	0	0.447181	0.447181	0	0	0	0	0	0	0	0.447181	0.447181	0	0	0.447181	0.447181	0	0.447181	0.447181	0.447181	0.447181	0	0.447181
0	0	0	0	0	0	0	0	0.447139	0.447139	0	0	0	0	0	0	0	0	0	0	0.447139	0.447139	0	0	0	0	0	0	0	0	0	0	0	0	0	0	0	0	0.447139	0.447139	0	0	0	0	0	0	0	0	0	0.447139	0.447139	0	0	0	0	0	0	0	0	0	0	0	0	0	0.447139	0.447139	0	0	0	0	0	0	0	0	0	0	0	0	0	0	0	0	0	0	0	0	0	0	0	0.447139	0.447139	0	0	0	0	0	0.447139	0.447139	0	0	0.447139	0.447139	0	0	0	0	0	0.447139	0.447139	0	0	0	0.447139	0.447139	0	0	0	0	0	0.447139	0.447139	0	0	0	0	0.447139	0.447139	0	0	0	0	0	0	0	0	0.447139	0.447139	0	0	0	0	0	0.447139	0.447139	0	0	0	0.447139	0.447139	0	0	0.447139	0.447139	0	0	0	0.447139	0.447139	0	0	0	0	0	0.447139	0.447139	0.447139	0.447139	0	0	0	0	0	0	0	0	0	0.447139	0.447139	0	0	0	0.447139	0.447139	0	0.447139	0.894224	0.447139	0.447139	0.447139	0	0.447139	0.447139	0	0	0	0	0.447139	0.447139	0	0	0	0.447139	0.447139	0	0.447139	0.447139	0.447139	0.447139	0	0	0.447139	0.894224	0.447139	0	0	0.447139	0.447139	0	0	0.447139	0.447139	0	0	0	0	0	0	0	0	0.447139	0.447139	0	0	0	0.447139	0.447139	0	0	0	0	0	0	0	0.447139	0.447139	0	0	0.447139	0.447139	0	0.447139	0.447139	0.447139	0.447139	0	0.447139
0	0	0	0	0	0	0	0	0.447097	0.447097	0	0	0	0	0	0	0	0	0	0	0.447097	0.447097	0	0	0	0	0	0	0	0	0	0	0	0	0	0	0	0	0.447097	0.447097	0	0	0	0	0	0	0	0	0	0.447097	0.447097	0	0	0	0	0	0	0	0	0	0	0	0	0	0.447097	0.447097	0	0	0	0	0	0	0	0	0	0	0	0	0	0	0	0	0	0	0	0	0	0	0	0.447097	0.447097	0	0	0	0	0	0.447097	0.447097	0	0	0.447097	0.447097	0	0	0	0	0	0.447097	0.447097	0	0	0	0.447097	0.447097	0	0	0	0	0	0.447097	0.447097	0	0	0	0	0.447097	0.447097	0	0	0	0	0	0	0	0	0.447097	0.447097	0	0	0	0	0	0.447097	0.447097	0	0	0	0.447097	0.447097	0	0	0.447097	0.447097	0	0	0	0.447097	0.447097	0	0	0	0	0	0.447097	0.447097	0.447097	0.447097	0	0	0	0	0	0	0	0	0	0.447097	0.447097	0	0	0	0.447097	0.447097	0	0.447097	0.89414	0.447097	0.447097	0.447097	0	0.447097	0.447097	0	0	0	0	0.447097	0.447097	0	0	0	0.447097	0.447097	0	0.447097	0.447097	0.447097	0.447097	0	0	0.447097	0.89414	0.447097	0	0	0.447097	0.447097	0	0	0.447097	0.447097	0	0	0	0	0	0	0	0	0.447097	0.447097	0	0	0	0.447097	0.447097	0	0	0	0	0	0	0	0.447097	0.447097	0	0	0.447097	0.447097	0	0.447097	0.447097	0.447097	0.447097	0	0.447097
0	0	0	0	0	0	0	0	0.447055	0.447055	0	0	0	0	0	0	0	0	0	0	0.447055	0.447055	0	0	0	0	0	0	0	0	0	0	0	0	0	0	0	0	0.447055	0.447055	0	0	0	0	0	0	0	0	0	0.447055	0.447055	0	0	0	0	0	0	0	0	0	0	0	0	0	0.447055	0.447055	0	0	0	0	0	0	0	0	0	0	0	0	0	0	0	0	0	0	0	0	0	0	0	0.447055	0.447055	0	0	0	0	0	0.447055	0.447055	0	0	0.447055	0.447055	0	0	0	0	0	0.447055	0.447055	0	0	0	0.447055	0.447055	0	0	0	0	0	0.447055	0.447055	0	0	0	0	0.447055	0.447055	0	0	0	0	0	0	0	0	0.447055	0.447055	0	0	0	0	0	0.447055	0.447055	0	0	0	0.447055	0.447055	0	0	0.447055	0.447055	0	0	0	0.447055	0.447055	0	0	0	0	0	0.447055	0.447055	0.447055	0.447055	0	0	0	0	0	0	0	0	0	0.447055	0.447055	0	0	0	0.447055	0.447055	0	0.447055	0.894056	0.447055	0.447055	0.447055	0	0.447055	0.447055	0	0	0	0	0.447055	0.447055	0	0	0	0.447055	0.447055	0	0.447055	0.447055	0.447055	0.447055	0	0	0.447055	0.894056	0.447055	0	0	0.447055	0.447055	0	0	0.447055	0.447055	0	0	0	0	0	0	0	0	0.447055	0.447055	0	0	0	0.447055	0.447055	0	0	0	0	0	0	0	0.447055	0.447055	0	0	0.447055	0.447055	0	0.447055	0.447055	0.447055	0.447055	0	0.447055
0	0	0	0	0	0	0	0	0.447014	0.447014	0	0	0	0	0	0	0	0	0	0	0.447014	0.447014	0	0	0	0	0	0	0	0	0	0	0	0	0	0	0	0	0.447014	0.447014	0	0	0	0	0	0	0	0	0	0.447014	0.447014	0	0	0	0	0	0	0	0	0	0	0	0	0	0.447014	0.447014	0	0	0	0	0	0	0	0	0	0	0	0	0	0	0	0	0	0	0	0	0	0	0	0.447014	0.447014	0	0	0	0	0	0.447014	0.447014	0	0	0.447014	0.447014	0	0	0	0	0	0.447014	0.447014	0	0	0	0.447014	0.447014	0	0	0	0	0	0.447014	0.447014	0	0	0	0	0.447014	0.447014	0	0	0	0	0	0	0	0	0.447014	0.447014	0	0	0	0	0	0.447014	0.447014	0	0	0	0.447014	0.447014	0	0	0.447014	0.447014	0	0	0	0.447014	0.447014	0	0	0	0	0	0.447014	0.447014	0.447014	0.447014	0	0	0	0	0	0	0	0	0	0.447014	0.447014	0	0	0	0.447014	0.447014	0	0.447014	0.893973	0.447014	0.447014	0.447014	0	0.447014	0.447014	0	0	0	0	0.447014	0.447014	0	0	0	0.447014	0.447014	0	0.447014	0.447014	0.447014	0.447014	0	0	0.447014	0.893973	0.447014	0	0	0.447014	0.447014	0	0	0.447014	0.447014	0	0	0	0	0	0	0	0	0.447014	0.447014	0	0	0	0.447014	0.447014	0	0	0	0	0	0	0	0.447014	0.447014	0	0	0.447014	0.447014	0	0.447014	0.447014	0.447014	0.447014	0	0.447014
0.447007	0.447007	0.35339	0.158037	0	0	0	0	0.353368	0.474102	0.447007	0.447007	0.447007	0.447007	0.447007	0.447007	0.447007	0.447007	0.447007	0.447007	0.632125	0.632125	0.447007	0.447007	0.447007	0.447007	0.447007	0.447007	0.447007	0.447007	0.447007	0.447007	0.447007	0.447007	0.447007	0.447007	0.447007	0.447007	0.474102	0.353368	0	0	0	0	0	0	0	0	0	0.446972	0.446972	0	0	0	0	0	0	0	0	0	0	0	0	0	0.353368	0.474102	0.447007	0.35339	0.158037	0	0	0	0	0	0	0	0	0	0	0	0	0	0	0	0	0	0	0	0	0.353368	0.474102	0.447007	0.447007	0.35339	0.158037	0	0.353368	0.474102	0.447007	0.447007	0.65159	0.851019	0.893959	0.790168	0.569815	0.447007	0.447007	0.65159	0.851019	0.893959	0.790168	0.569815	0.65159	0.851019	0.893959	0.893959	0.893959	0.893959	0.893959	1.06006	1.20344	1.01187	0.893959	0.893959	0.893959	1.06006	1.27397	1.3408	1.3408	1.3408	1.3408	1.3408	1.3408	1.3408	1.3408	1.41329	1.41329	1.3408	1.3408	1.3408	1.3408	1.3408	1.49064	1.70899	1.78748	1.78748	1.78748	1.92844	2.14862	2.12529	1.9024	1.92844	2.14862	2.23395	2.23395	2.23395	2.14862	1.92844	1.78748	1.78748	1.78748	1.78748	1.78748	1.58004	1.13952	0.851019	0.65159	0.447007	0.447007	0.447007	0.447007	0.447007	0.447007	0.447007	0.569815	0.790168	0.99944	0.99944	0.893959	1.01187	1.23417	1.41329	1.41329	1.45678	1.76641	1.99827	1.84245	1.84245	1.97948	2.12529	2.27813	2.27813	2.23395	2.23395	2.23395	2.23395	2.14862	1.92844	1.78748	1.78748	1.78748	1.70899	1.49064	1.3408	1.41329	1.41329	1.27397	1.06006	0.893959	0.893959	0.851019	0.961204	0.632125	0.447007	0.447007	0.632125	0.632125	0.447007	0.447007	0.474102	0.499735	0.35339	0.447007	0.447007	0.447007	0.447007	0.447007	0.447007	0.447007	0.474102	0.353368	0	0	0	0.353368	0.474102	0.447007	0.447007	0.447007	0.447007	0.35339	0.158037	0	0.353368	0.474102	0.447007	0.35339	0.499735	0.474102	0.447007	0.632125	0.632125	0.65159	0.851019	0.893959	0.99944
0.446965	0.446965	0.474058	0.353335	0	0	0	0	0.158023	0.353357	0.446965	0.446965	0.446965	0.446965	0.446965	0.446965	0.446965	0.446965	0.446965	0.446965	0.632066	0.632066	0.446965	0.446965	0.446965	0.446965	0.446965	0.446965	0.446965	0.446965	0.446965	0.446965	0.446965	0.446965	0.446965	0.446965	0.446965	0.446965	0.353357	0.158023	0	0	0	0	0	0	0	0	0	0.44693	0.44693	0	0	0	0	0	0	0	0	0	0	0	0	0	0.158023	0.353357	0.446965	0.474058	0.353335	0	0	0	0	0	0	0	0	0	0	0	0	0	0	0	0	0	0	0	0	0.158023	0.353357	0.446965	0.446965	0.474058	0.353335	0	0.158023	0.353357	0.446965	0.446965	0.569762	0.790094	0.893875	0.85094	0.651529	0.446965	0.446965	0.569762	0.790094	0.893875	0.85094	0.651529	0.569762	0.790094	0.893875	0.893875	0.893875	0.893875	0.893875	1.01177	1.20332	1.05996	0.893875	0.893875	0.893875	1.01177	1.23406	1.34068	1.34068	1.34068	1.34068	1.34068	1.34068	1.34068	1.34068	1.41316	1.41316	1.34068	1.34068	1.34068	1.34068	1.34068	1.45664	1.67939	1.78732	1.78732	1.78732	1.90222	2.12509	2.14842	1.92826	1.90222	2.12509	2.23374	2.23374	2.23374	2.12509	1.90222	1.78732	1.78732	1.78732	1.78732	1.78732	1.57989	1.13941	0.790094	0.569762	0.446965	0.446965	0.446965	0.446965	0.446965	0.446965	0.446965	0.651529	0.85094	0.999347	0.999347	0.893875	1.05996	1.27385	1.41316	1.41316	1.4905	1.84902	1.99809	1.84228	1.84228	2.05348	2.14842	2.27792	2.27792	2.23374	2.23374	2.23374	2.23374	2.12509	1.90222	1.78732	1.78732	1.78732	1.67939	1.45664	1.34068	1.41316	1.41316	1.23406	1.01177	0.893875	0.893875	0.790094	0.790065	0.632066	0.446965	0.446965	0.632066	0.632066	0.446965	0.446965	0.353357	0.499688	0.474058	0.446965	0.446965	0.446965	0.446965	0.446965	0.446965	0.446965	0.353357	0.158023	0	0	0	0.158023	0.353357	0.446965	0.446965	0.446965	0.446965	0.474058	0.353335	0	0.158023	0.353357	0.446965	0.474058	0.499688	0.353357	0.446965	0.632066	0.632066	0.569762	0.790094	0.893875	0.999347
0	0	0.446888	0.446888	0	0	0	0	0	0	0	0	0	0	0	0	0	0	0	0	0.446888	0.446888	0	0	0	0	0	0	0	0	0	0	0	0	0	0	0	0	0	0	0	0	0	0	0	0	0	0	0	0.446888	0.446888	0	0	0	0	0	0	0	0	0	0	0	0	0	0	0	0	0.446888	0.446888	0	0	0	0	0	0	0	0	0	0	0	0	0	0	0	0	0	0	0	0	0	0	0	0	0.446888	0.446888	0	0	0	0	0	0	0	0	0.446888	0.446888	0	0	0	0	0	0.446888	0.446888	0	0	0	0	0	0	0	0	0.446888	0.446888	0	0	0	0	0	0	0	0	0	0	0	0	0	0.446888	0.446888	0	0	0	0	0	0	0	0	0	0	0	0	0.446888	0.446888	0	0	0	0	0	0	0	0	0	0	0	0	0.446888	0.446888	0	0	0	0	0	0	0	0	0	0.446888	0.446888	0.446888	0.446888	0	0.446888	0.446888	0.446888	0.446888	0.446888	0.893722	0.893722	0.446888	0.446888	0.893722	0.446888	0.446888	0.446888	0	0	0	0	0	0	0	0	0	0	0	0	0.446888	0.446888	0	0	0	0	0	0.446888	0.446888	0	0	0.446888	0.446888	0	0	0	0.446888	0.446888	0	0	0	0	0	0	0	0	0	0	0	0	0	0	0	0	0	0	0.446888	0.446888	0	0	0	0	0.446888	0.446888	0	0	0.446888	0.446888	0	0	0	0.446888
0	0	0.446846	0.446846	0	0	0	0	0	0	0	0	0	0	0	0	0	0	0	0	0.446846	0.446846	0	0	0	0	0	0	0	0	0	0	0	0	0	0	0	0	0	0	0	0	0	0	0	0	0	0	0	0.446846	0.446846	0	0	0	0	0	0	0	0	0	0	0	0	0	0	0	0	0.446846	0.446846	0	0	0	0	0	0	0	0	0	0	0	0	0	0	0	0	0	0	0	0	0	0	0	0	0.446846	0.446846	0	0	0	0	0	0	0	0	0.446846	0.446846	0	0	0	0	0	0.446846	0.446846	0	0	0	0	0	0	0	0	0.446846	0.446846	0	0	0	0	0	0	0	0	0	0	0	0	0	0.446846	0.446846	0	0	0	0	0	0	0	0	0	0	0	0	0.446846	0.446846	0	0	0	0	0	0	0	0	0	0	0	0	0.446846	0.446846	0	0	0	0	0	0	0	0	0	0.446846	0.446846	0.446846	0.446846	0	0.446846	0.446846	0.446846	0.446846	0.446846	0.893638	0.893638	0.446846	0.446846	0.893638	0.446846	0.446846	0.446846	0	0	0	0	0	0	0	0	0	0	0	0	0.446846	0.446846	0	0	0	0	0	0.446846	0.446846	0	0	0.446846	0.446846	0	0	0	0.446846	0.446846	0	0	0	0	0	0	0	0	0	0	0	0	0	0	0	0	0	0	0.446846	0.446846	0	0	0	0	0.446846	0.446846	0	0	0.446846	0.446846	0	0	0	0.446846
0	0	0.446797	0.446797	0	0	0	0	0	0	0	0	0	0	0	0	0	0	0	0	0.446797	0.446797	0	0	0	0	0	0	0	0	0	0	0	0	0	0	0	0	0	0	0	0	0	0	0	0	0	0	0	0.446797	0.446797	0	0	0	0	0	0	0	0	0	0	0	0	0	0	0	0	0.446797	0.446797	0	0	0	0	0	0	0	0	0	0	0	0	0	0	0	0	0	0	0	0	0	0	0	0	0.446797	0.446797	0	0	0	0	0	0	0	0	0.446797	0.446797	0	0	0	0	0	0.446797	0.446797	0	0	0	0	0	0	0	0	0.446797	0.446797	0	0	0	0	0	0	0	0	0	0	0	0	0	0.446797	0.446797	0	0	0	0	0	0	0	0	0	0	0	0	0.446797	0.446797	0	0	0	0	0	0	0	0	0	0	0	0	0.446797	0.446797	0	0	0	0	0	0	0	0	0	0.446797	0.446797	0.446797	0.446797	0	0.446797	0.446797	0.446797	0.446797	0.446797	0.89354	0.89354	0.446797	0.446797	0.89354	0.446797	0.446797	0.446797	0	0	0	0	0	0	0	0	0	0	0	0	0.446797	0.446797	0	0	0	0	0	0.446797	0.446797	0	0	0.446797	0.446797	0	0	0	0.446797	0.446797	0	0	0	0	0	0	0	0	0	0	0	0	0	0	0	0	0	0	0.446797	0.446797	0	0	0	0	0.446797	0.446797	0	0	0.446797	0.446797	0	0	0	0.446797
0	0	0.446756	0.446756	0	0	0	0	0	0	0	0	0	0	0	0	0	0	0	0	0.446756	0.446756	0	0	0	0	0	0	0	0	0	0	0	0	0	0	0	0	0	0	0	0	0	0	0	0	0	0	0	0.446756	0.446756	0	0	0	0	0	0	0	0	0	0	0	0	0	0	0	0	0.446756	0.446756	0	0	0	0	0	0	0	0	0	0	0	0	0	0	0	0	0	0	0	0	0	0	0	0	0.446756	0.446756	0	0	0	0	0	0	0	0	0.446756	0.446756	0	0	0	0	0	0.446756	0.446756	0	0	0	0	0	0	0	0	0.446756	0.446756	0	0	0	0	0	0	0	0	0	0	0	0	0	0.446756	0.446756	0	0	0	0	0	0	0	0	0	0	0	0	0.446756	0.446756	0	0	0	0	0	0	0	0	0	0	0	0	0.446756	0.446756	0	0	0	0	0	0	0	0	0	0.446756	0.446756	0.446756	0.446756	0	0.446756	0.446756	0.446756	0.446756	0.446756	0.893457	0.893457	0.446756	0.446756	0.893457	0.446756	0.446756	0.446756	0	0	0	0	0	0	0	0	0	0	0	0	0.446756	0.446756	0	0	0	0	0	0.446756	0.446756	0	0	0.446756	0.446756	0	0	0	0.446756	0.446756	0	0	0	0	0	0	0	0	0	0	0	0	0	0	0	0	0	0	0.446756	0.446756	0	0	0	0	0.446756	0.446756	0	0	0.446756	0.446756	0	0	0	0.446756
0	0	0.446714	0.446714	0	0	0	0	0	0	0	0	0	0	0	0	0	0	0	0	0.446714	0.446714	0	0	0	0	0	0	0	0	0	0	0	0	0	0	0	0	0	0	0	0	0	0	0	0	0	0	0	0.446714	0.446714	0	0	0	0	0	0	0	0	0	0	0	0	0	0	0	0	0.446714	0.446714	0	0	0	0	0	0	0	0	0	0	0	0	0	0	0	0	0	0	0	0	0	0	0	0	0.446714	0.446714	0	0	0	0	0	0	0	0	0.446714	0.446714	0	0	0	0	0	0.446714	0.446714	0	0	0	0	0	0	0	0	0.446714	0.446714	0	0	0	0	0	0	0	0	0	0	0	0	0	0.446714	0.446714	0	0	0	0	0	0	0	0	0	0	0	0	0.446714	0.446714	0	0	0	0	0	0	0	0	0	0	0	0	0.446714	0.446714	0	0	0	0	0	0	0	0	0	0.446714	0.446714	0.446714	0.446714	0	0.446714	0.446714	0.446714	0.446714	0.446714	0.893373	0.893373	0.446714	0.446714	0.893373	0.446714	0.446714	0.446714	0	0	0	0	0	0	0	0	0	0	0	0	0.446714	0.446714	0	0	0	0	0	0.446714	0.446714	0	0	0.446714	0.446714	0	0	0	0.446714	0.446714	0	0	0	0	0	0	0	0	0	0	0	0	0	0	0	0	0	0	0.446714	0.446714	0	0	0	0	0.446714	0.446714	0	0	0.446714	0.446714	0	0	0	0.446714
0	0	0.446672	0.446672	0	0	0	0	0	0	0	0	0	0	0	0	0	0	0	0	0.446672	0.446672	0	0	0	0	0	0	0	0	0	0	0	0	0	0	0	0	0	0	0	0	0	0	0	0	0	0	0	0.446672	0.446672	0	0	0	0	0	0	0	0	0	0	0	0	0	0	0	0	0.446672	0.446672	0	0	0	0	0	0	0	0	0	0	0	0	0	0	0	0	0	0	0	0	0	0	0	0	0.446672	0.446672	0	0	0	0	0	0	0	0	0.446672	0.446672	0	0	0	0	0	0.446672	0.446672	0	0	0	0	0	0	0	0	0.446672	0.446672	0	0	0	0	0	0	0	0	0	0	0	0	0	0.446672	0.446672	0	0	0	0	0	0	0	0	0	0	0	0	0.446672	0.446672	0	0	0	0	0	0	0	0	0	0	0	0	0.446672	0.446672	0	0	0	0	0	0	0	0	0	0.446672	0.446672	0.446672	0.446672	0	0.446672	0.446672	0.446672	0.446672	0.446672	0.89329	0.89329	0.446672	0.446672	0.89329	0.446672	0.446672	0.446672	0	0	0	0	0	0	0	0	0	0	0	0	0.446672	0.446672	0	0	0	0	0	0.446672	0.446672	0	0	0.446672	0.446672	0	0	0	0.446672	0.446672	0	0	0	0	0	0	0	0	0	0	0	0	0	0	0	0	0	0	0.446672	0.446672	0	0	0	0	0.446672	0.446672	0	0	0.446672	0.446672	0	0	0	0.446672
0	0	0.44663	0.44663	0	0	0	0	0	0	0	0	0	0	0	0	0	0	0	0	0.44663	0.44663	0	0	0	0	0	0	0	0	0	0	0	0	0	0	0	0	0	0	0	0	0	0	0	0	0	0	0	0.44663	0.44663	0	0	0	0	0	0	0	0	0	0	0	0	0	0	0	0	0.44663	0.44663	0	0	0	0	0	0	0	0	0	0	0	0	0	0	0	0	0	0	0	0	0	0	0	0	0.44663	0.44663	0	0	0	0	0	0	0	0	0.44663	0.44663	0	0	0	0	0	0.44663	0.44663	0	0	0	0	0	0	0	0	0.44663	0.44663	0	0	0	0	0	0	0	0	0	0	0	0	0	0.44663	0.44663	0	0	0	0	0	0	0	0	0	0	0	0	0.44663	0.44663	0	0	0	0	0	0	0	0	0	0	0	0	0.44663	0.44663	0	0	0	0	0	0	0	0	0	0.44663	0.44663	0.44663	0.44663	0	0.44663	0.44663	0.44663	0.44663	0.44663	0.893206	0.893206	0.44663	0.44663	0.893206	0.44663	0.44663	0.44663	0	0	0	0	0	0	0	0	0	0	0	0	0.44663	0.44663	0	0	0	0	0	0.44663	0.44663	0	0	0.44663	0.44663	0	0	0	0.44663	0.44663	0	0	0	0	0	0	0	0	0	0	0	0	0	0	0	0	0	0	0.44663	0.44663	0	0	0	0	0.44663	0.44663	0	0	0.44663	0.44663	0	0	0	0.44663
0	0	0.446588	0.446588	0	0	0	0	0	0	0	0	0	0	0	0	0	0	0	0	0.446588	0.446588	0	0	0	0	0	0	0	0	0	0	0	0	0	0	0	0	0	0	0	0	0	0	0	0	0	0	0	0.446588	0.446588	0	0	0	0	0	0	0	0	0	0	0	0	0	0	0	0	0.446588	0.446588	0	0	0	0	0	0	0	0	0	0	0	0	0	0	0	0	0	0	0	0	0	0	0	0	0.446588	0.446588	0	0	0	0	0	0	0	0	0.446588	0.446588	0	0	0	0	0	0.446588	0.446588	0	0	0	0	0	0	0	0	0.446588	0.446588	0	0	0	0	0	0	0	0	0	0	0	0	0	0.446588	0.446588	0	0	0	0	0	0	0	0	0	0	0	0	0.446588	0.446588	0	0	0	0	0	0	0	0	0	0	0	0	0.446588	0.446588	0	0	0	0	0	0	0	0	0	0.446588	0.446588	0.446588	0.446588	0	0.446588	0.446588	0.446588	0.446588	0.446588	0.893123	0.893123	0.446588	0.446588	0.893123	0.446588	0.446588	0.446588	0	0	0	0	0	0	0	0	0	0	0	0	0.446588	0.446588	0	0	0	0	0	0.446588	0.446588	0	0	0.446588	0.446588	0	0	0	0.446588	0.446588	0	0	0	0	0	0	0	0	0	0	0	0	0	0	0	0	0	0	0.446588	0.446588	0	0	0	0	0.446588	0.446588	0	0	0.446588	0.446588	0	0	0	0.446588
0	0	0.446547	0.446547	0	0	0	0	0	0	0	0	0	0	0	0	0	0	0	0	0.446547	0.446547	0	0	0	0	0	0	0	0	0	0	0	0	0	0	0	0	0	0	0	0	0	0	0	0	0	0	0	0.446547	0.446547	0	0	0	0	0	0	0	0	0	0	0	0	0	0	0	0	0.446547	0.446547	0	0	0	0	0	0	0	0	0	0	0	0	0	0	0	0	0	0	0	0	0	0	0	0	0.446547	0.446547	0	0	0	0	0	0	0	0	0.446547	0.446547	0	0	0	0	0	0.446547	0.446547	0	0	0	0	0	0	0	0	0.446547	0.446547	0	0	0	0	0	0	0	0	0	0	0	0	0	0.446547	0.446547	0	0	0	0	0	0	0	0	0	0	0	0	0.446547	0.446547	0	0	0	0	0	0	0	0	0	0	0	0	0.446547	0.446547	0	0	0	0	0	0	0	0	0	0.446547	0.446547	0.446547	0.446547	0	0.446547	0.446547	0.446547	0.446547	0.446547	0.893039	0.893039	0.446547	0.446547	0.893039	0.446547	0.446547	0.446547	0	0	0	0	0	0	0	0	0	0	0	0	0.446547	0.446547	0	0	0	0	0	0.446547	0.446547	0	0	0.446547	0.446547	0	0	0	0.446547	0.446547	0	0	0	0	0	0	0	0	0	0	0	0	0	0	0	0	0	0	0.446547	0.446547	0	0	0	0	0.446547	0.446547	0	0	0.446547	0.446547	0	0	0	0.446547
0	0	0.446505	0.446505	0	0	0	0	0	0	0	0	0	0	0	0	0	0	0	0	0.446505	0.446505	0	0	0	0	0	0	0	0	0	0	0	0	0	0	0	0	0	0	0	0	0	0	0	0	0	0	0	0.446505	0.446505	0	0	0	0	0	0	0	0	0	0	0	0	0	0	0	0	0.446505	0.446505	0	0	0	0	0	0	0	0	0	0	0	0	0	0	0	0	0	0	0	0	0	0	0	0	0.446505	0.446505	0	0	0	0	0	0	0	0	0.446505	0.446505	0	0	0	0	0	0.446505	0.446505	0	0	0	0	0	0	0	0	0.446505	0.446505	0	0	0	0	0	0	0	0	0	0	0	0	0	0.446505	0.446505	0	0	0	0	0	0	0	0	0	0	0	0	0.446505	0.446505	0	0	0	0	0	0	0	0	0	0	0	0	0.446505	0.446505	0	0	0	0	0	0	0	0	0	0.446505	0.446505	0.446505	0.446505	0	0.446505	0.446505	0.446505	0.446505	0.446505	0.892956	0.892956	0.446505	0.446505	0.892956	0.446505	0.446505	0.446505	0	0	0	0	0	0	0	0	0	0	0	0	0.446505	0.446505	0	0	0	0	0	0.446505	0.446505	0	0	0.446505	0.446505	0	0	0	0.446505	0.446505	0	0	0	0	0	0	0	0	0	0	0	0	0	0	0	0	0	0	0.446505	0.446505	0	0	0	0	0.446505	0.446505	0	0	0.446505	0.446505	0	0	0	0.446505
1.33926	1.33926	1.27251	1.05884	0.892928	0.789257	0.569158	0.446491	0.446491	0.446491	0.446491	0.446491	0.446491	0.446491	0.446491	0.446491	0.569158	0.789257	0.892928	0.892928	0.85004	0.650841	0.446491	0.446491	0.446491	0.352983	0.157856	0	0	0	0	0	0	0	0	0	0	0	0	0	0	0	0	0	0	0	0	0	0	0.446463	0.446463	0	0	0	0	0	0	0	0	0	0	0	0	0	0	0	0	0.446463	0.446463	0	0	0	0	0	0	0.157856	0.352983	0.446491	0.446491	0.446491	0.446491	0.446491	0.446491	0.446491	0.446491	0.446491	0.446491	0.446491	0.446491	0.352983	0.157856	0	0	0.352965	0.473559	0.446491	0.446491	0.446491	0.446491	0.446491	0.446491	0.446491	0.446491	0.631401	0.631401	0.446491	0.446491	0.446491	0.446491	0.446491	0.650841	0.85004	0.892928	0.892928	0.789257	0.569158	0.446491	0.446491	0.446491	0.446491	0.650841	0.85004	0.892928	0.892928	0.892928	1.0107	1.23275	1.33926	1.33926	1.33926	1.33926	1.33926	1.33926	1.33926	1.33926	1.48892	1.70703	1.78542	1.78542	1.78542	1.78542	1.78542	1.67761	1.4551	1.33926	1.33926	1.33926	1.33926	1.33926	1.48892	1.70703	1.78542	1.78542	1.78542	1.78542	1.78542	1.90021	2.12284	2.23137	2.23137	2.23137	2.23137	2.23137	2.36657	2.58736	2.67705	2.67705	2.67705	2.67705	2.67705	2.67705	2.67705	2.67705	2.67705	2.58736	2.36657	2.14614	1.92622	1.90021	2.05737	1.92622	1.84033	1.84033	1.70703	1.64765	1.45507	1.05884	0.85004	0.960105	0.631401	0.473559	0.352965	0	0.157856	0.352983	0.446491	0.446491	0.446491	0.446491	0.446491	0.446491	0.446491	0.446491	0.446491	0.473559	0.499165	0.352983	0.446491	0.446491	0.446491	0.446491	0.473559	0.352965	0	0	0.352965	0.473559	0.446491	0.446491	0.446491	0.650841	0.85004	0.892928	0.892928	0.892928	0.892928	0.892928	0.892928	0.892928	0.892928	0.892928	0.892928	0.892928	0.892928	0.892928	0.892928	1.0107	1.23275	1.33926	1.33926	1.27251	1.05884	0.892928	1.0107	1.23275	1.33926	1.27251	1.20205	1.23275	1.33926	1.41166	1.41166	1.33926	1.33926	1.33926	1.41166
1.33913	1.33913	1.23263	1.01061	0.892844	0.849959	0.650778	0.446449	0.446449	0.446449	0.446449	0.446449	0.446449	0.446449	0.446449	0.446449	0.650778	0.849959	0.892844	0.892844	0.789183	0.569104	0.446449	0.446449	0.446449	0.473511	0.352927	0	0	0	0	0	0	0	0	0	0	0	0	0	0	0	0	0	0	0	0	0	0	0.446414	0.446414	0	0	0	0	0	0	0	0	0	0	0	0	0	0	0	0	0.446414	0.446414	0	0	0	0	0	0	0.352927	0.473511	0.446449	0.446449	0.446449	0.446449	0.446449	0.446449	0.446449	0.446449	0.446449	0.446449	0.446449	0.446449	0.473511	0.352927	0	0	0.15784	0.352949	0.446449	0.446449	0.446449	0.446449	0.446449	0.446449	0.446449	0.446449	0.631337	0.631337	0.446449	0.446449	0.446449	0.446449	0.446449	0.569104	0.789183	0.892844	0.892844	0.849959	0.650778	0.446449	0.446449	0.446449	0.446449	0.569104	0.789183	0.892844	0.892844	0.892844	1.05874	1.27239	1.33913	1.33913	1.33913	1.33913	1.33913	1.33913	1.33913	1.33913	1.45496	1.67745	1.78526	1.78526	1.78526	1.78526	1.78526	1.70686	1.48878	1.33913	1.33913	1.33913	1.33913	1.33913	1.45496	1.67745	1.78526	1.78526	1.78526	1.78526	1.78526	1.92604	2.14594	2.23116	2.23116	2.23116	2.23116	2.23116	2.34525	2.56784	2.6768	2.6768	2.6768	2.6768	2.6768	2.6768	2.6768	2.6768	2.6768	2.56784	2.34525	2.12264	1.90003	1.92604	2.05718	1.90003	1.84015	1.84015	1.67745	1.55421	1.34838	1.01061	0.789183	0.789154	0.631337	0.352949	0.15784	0	0.352927	0.473511	0.446449	0.446449	0.446449	0.446449	0.446449	0.446449	0.446449	0.446449	0.446449	0.352949	0.499112	0.473511	0.446449	0.446449	0.446449	0.446449	0.352949	0.15784	0	0	0.15784	0.352949	0.446449	0.446449	0.446449	0.569104	0.789183	0.892844	0.892844	0.892844	0.892844	0.892844	0.892844	0.892844	0.892844	0.892844	0.892844	0.892844	0.892844	0.892844	0.892844	1.05874	1.27239	1.33913	1.33913	1.23263	1.01061	0.892844	1.05874	1.27239	1.33913	1.23263	1.20194	1.27239	1.33913	1.41153	1.41153	1.33913	1.33913	1.33913	1.41153
0	0	0	0	0	0.446373	0.446373	0	0	0	0	0	0	0	0	0	0.446373	0.446373	0	0	0	0	0	0	0	0.446373	0.446373	0	0	0	0	0	0	0	0	0	0	0	0	0	0	0	0	0	0	0	0	0	0	0.446373	0.446373	0	0	0	0	0	0	0	0	0	0	0	0	0	0	0	0	0.446373	0.446373	0	0	0	0	0	0	0.446373	0.446373	0	0	0	0	0	0	0	0	0	0	0	0	0.446373	0.446373	0	0	0	0	0	0	0	0	0	0	0	0	0.446373	0.446373	0	0	0	0	0	0	0	0	0	0.446373	0.446373	0	0	0	0	0	0	0	0	0	0.446373	0.446373	0	0	0	0	0	0	0	0	0	0	0	0	0	0	0	0.446373	0.446373	0	0	0	0	0	0	0	0	0	0	0	0	0.446373	0.446373	0	0	0	0	0	0	0	0	0	0	0	0	0	0	0	0	0	0	0	0	0.446373	0.446373	0	0.446373	0.446373	0	0.446373	0.446373	0	0	0.446373	0.446373	0	0	0	0.446373	0.446373	0	0	0	0	0	0	0	0	0	0	0.446373	0.446373	0	0	0	0	0	0	0	0	0	0	0	0	0	0	0	0	0	0	0	0	0	0	0	0	0	0	0	0	0	0.446373	0.446373	0	0	0	0	0	0.446373	0.446373	0	0	0.446373	0.446373	0	0.446373	0.446373	0	0	0	0.446373
0	0	0	0	0	0.446331	0.446331	0	0	0	0	0	0	0	0	0	0.446331	0.446331	0	0	0	0	0	0	0	0.446331	0.446331	0	0	0	0	0	0	0	0	0	0	0	0	0	0	0	0	0	0	0	0	0	0	0.446331	0.446331	0	0	0	0	0	0	0	0	0	0	0	0	0	0	0	0	0.446331	0.446331	0	0	0	0	0	0	0.446331	0.446331	0	0	0	0	0	0	0	0	0	0	0	0	0.446331	0.446331	0	0	0	0	0	0	0	0	0	0	0	0	0.446331	0.446331	0	0	0	0	0	0	0	0	0	0.446331	0.446331	0	0	0	0	0	0	0	0	0	0.446331	0.446331	0	0	0	0	0	0	0	0	0	0	0	0	0	0	0	0.446331	0.446331	0	0	0	0	0	0	0	0	0	0	0	0	0.446331	0.446331	0	0	0	0	0	0	0	0	0	0	0	0	0	0	0	0	0	0	0	0	0.446331	0.446331	0	0.446331	0.446331	0	0.446331	0.446331	0	0	0.446331	0.446331	0	0	0	0.446331	0.446331	0	0	0	0	0	0	0	0	0	0	0.446331	0.446331	0	0	0	0	0	0	0	0	0	0	0	0	0	0	0	0	0	0	0	0	0	0	0	0	0	0	0	0	0	0.446331	0.446331	0	0	0	0	0	0.446331	0.446331	0	0	0.446331	0.446331	0	0.446331	0.446331	0	0	0	0.446331
0	0	0	0	0	0.446289	0.446289	0	0	0	0	0	0	0	0	0	0.446289	0.446289	0	0	0	0	0	0	0	0.446289	0.446289	0	0	0	0	0	0	0	0	0	0	0	0	0	0	0	0	0	0	0	0	0	0	0.446289	0.446289	0	0	0	0	0	0	0	0	0	0	0	0	0	0	0	0	0.446289	0.446289	0	0	0	0	0	0	0.446289	0.446289	0	0	0	0	0	0	0	0	0	0	0	0	0.446289	0.446289	0	0	0	0	0	0	0	0	0	0	0	0	0.446289	0.446289	0	0	0	0	0	0	0	0	0	0.446289	0.446289	0	0	0	0	0	0	0	0	0	0.446289	0.446289	0	0	0	0	0	0	0	0	0	0	0	0	0	0	0	0.446289	0.446289	0	0	0	0	0	0	0	0	0	0	0	0	0.446289	0.446289	0	0	0	0	0	0	0	0	0	0	0	0	0	0	0	0	0	0	0	0	0.446289	0.446289	0	0.446289	0.446289	0	0.446289	0.446289	0	0	0.446289	0.446289	0	0	0	0.446289	0.446289	0	0	0	0	0	0	0	0	0	0	0.446289	0.446289	0	0	0	0	0	0	0	0	0	0	0	0	0	0	0	0	0	0	0	0	0	0	0	0	0	0	0	0	0	0.446289	0.446289	0	0	0	0	0	0.446289	0.446289	0	0	0.446289	0.446289	0	0.446289	0.446289	0	0	0	0.446289
0	0	0	0	0	0.446248	0.446248	0	0	0	0	0	0	0	0	0	0.446248	0.446248	0	0	0	0	0	0	0	0.446248	0.446248	0	0	0	0	0	0	0	0	0	0	0	0	0	0	0	0	0	0	0	0	0	0	0.446248	0.446248	0	0	0	0	0	0	0	0	0	0	0	0	0	0	0	0	0.446248	0.446248	0	0	0	0	0	0	0.446248	0.446248	0	0	0	0	0	0	0	0	0	0	0	0	0.446248	0.446248	0	0	0	0	0	0	0	0	0	0	0	0	0.446248	0.446248	0	0	0	0	0	0	0	0	0	0.446248	0.446248	0	0	0	0	0	0	0	0	0	0.446248	0.446248	0	0	0	0	0	0	0	0	0	0	0	0	0	0	0	0.446248	0.446248	0	0	0	0	0	0	0	0	0	0	0	0	0.446248	0.446248	0	0	0	0	0	0	0	0	0	0	0	0	0	0	0	0	0	0	0	0	0.446248	0.446248	0	0.446248	0.446248	0	0.446248	0.446248	0	0	0.446248	0.446248	0	0	0	0.446248	0.446248	0	0	0	0	0	0	0	0	0	0	0.446248	0.446248	0	0	0	0	0	0	0	0	0	0	0	0	0	0	0	0	0	0	0	0	0	0	0	0	0	0	0	0	0	0.446248	0.446248	0	0	0	0	0	0.446248	0.446248	0	0	0.446248	0.446248	0	0.446248	0.446248	0	0	0	0.446248
0	0	0	0	0	0.446206	0.446206	0	0	0	0	0	0	0	0	0	0.446206	0.446206	0	0	0	0	0	0	0	0.446206	0.446206	0	0	0	0	0	0	0	0	0	0	0	0	0	0	0	0	0	0	0	0	0	0	0.446206	0.446206	0	0	0	0	0	0	0	0	0	0	0	0	0	0	0	0	0.446206	0.446206	0	0	0	0	0	0	0.446206	0.446206	0	0	0	0	0	0	0	0	0	0	0	0	0.446206	0.446206	0	0	0	0	0	0	0	0	0	0	0	0	0.446206	0.446206	0	0	0	0	0	0	0	0	0	0.446206	0.446206	0	0	0	0	0	0	0	0	0	0.446206	0.446206	0	0	0	0	0	0	0	0	0	0	0	0	0	0	0	0.446206	0.446206	0	0	0	0	0	0	0	0	0	0	0	0	0.446206	0.446206	0	0	0	0	0	0	0	0	0	0	0	0	0	0	0	0	0	0	0	0	0.446206	0.446206	0	0.446206	0.446206	0	0.446206	0.446206	0	0	0.446206	0.446206	0	0	0	0.446206	0.446206	0	0	0	0	0	0	0	0	0	0	0.446206	0.446206	0	0	0	0	0	0	0	0	0	0	0	0	0	0	0	0	0	0	0	0	0	0	0	0	0	0	0	0	0	0.446206	0.446206	0	0	0	0	0	0.446206	0.446206	0	0	0.446206	0.446206	0	0.446206	0.446206	0	0	0	0.446206
0	0	0	0	0	0.446164	0.446164	0	0	0	0	0	0	0	0	0	0.446164	0.446164	0	0	0	0	0	0	0	0.446164	0.446164	0	0	0	0	0	0	0	0	0	0	0	0	0	0	0	0	0	0	0	0	0	0	0.446164	0.446164	0	0	0	0	0	0	0	0	0	0	0	0	0	0	0	0	0.446164	0.446164	0	0	0	0	0	0	0.446164	0.446164	0	0	0	0	0	0	0	0	0	0	0	0	0.446164	0.446164	0	0	0	0	0	0	0	0	0	0	0	0	0.446164	0.446164	0	0	0	0	0	0	0	0	0	0.446164	0.446164	0	0	0	0	0	0	0	0	0	0.446164	0.446164	0	0	0	0	0	0	0	0	0	0	0	0	0	0	0	0.446164	0.446164	0	0	0	0	0	0	0	0	0	0	0	0	0.446164	0.446164	0	0	0	0	0	0	0	0	0	0	0	0	0	0	0	0	0	0	0	0	0.446164	0.446164	0	0.446164	0.446164	0	0.446164	0.446164	0	0	0.446164	0.446164	0	0	0	0.446164	0.446164	0	0	0	0	0	0	0	0	0	0	0.446164	0.446164	0	0	0	0	0	0	0	0	0	0	0	0	0	0	0	0	0	0	0	0	0	0	0	0	0	0	0	0	0	0.446164	0.446164	0	0	0	0	0	0.446164	0.446164	0	0	0.446164	0.446164	0	0.446164	0.446164	0	0	0	0.446164
0	0	0	0	0	0.446123	0.446123	0	0	0	0	0	0	0	0	0	0.446123	0.446123	0	0	0	0	0	0	0	0.446123	0.446123	0	0	0	0	0	0	0	0	0	0	0	0	0	0	0	0	0	0	0	0	0	0	0.446123	0.446123	0	0	0	0	0	0	0	0	0	0	0	0	0	0	0	0	0.446123	0.446123	0	0	0	0	0	0	0.446123	0.446123	0	0	0	0	0	0	0	0	0	0	0	0	0.446123	0.446123	0	0	0	0	0	0	0	0	0	0	0	0	0.446123	0.446123	0	0	0	0	0	0	0	0	0	0.446123	0.446123	0	0	0	0	0	0	0	0	0	0.446123	0.446123	0	0	0	0	0	0	0	0	0	0	0	0	0	0	0	0.446123	0.446123	0	0	0	0	0	0	0	0	0	0	0	0	0.446123	0.446123	0	0	0	0	0	0	0	0	0	0	0	0	0	0	0	0	0	0	0	0	0.446123	0.446123	0	0.446123	0.446123	0	0.446123	0.446123	0	0	0.446123	0.446123	0	0	0	0.446123	0.446123	0	0	0	0	0	0	0	0	0	0	0.446123	0.446123	0	0	0	0	0	0	0	0	0	0	0	0	0	0	0	0	0	0	0	0	0	0	0	0	0	0	0	0	0	0.446123	0.446123	0	0	0	0	0	0.446123	0.446123	0	0	0.446123	0.446123	0	0.446123	0.446123	0	0	0	0.446123
0	0	0	0	0	0.446074	0.446074	0	0	0	0	0	0	0	0	0	0.446074	0.446074	0	0	0	0	0	0	0	0.446074	0.446074	0	0	0	0	0	0	0	0	0	0	0	0	0	0	0	0	0	0	0	0	0	0	0.446074	0.446074	0	0	0	0	0	0	0	0	0	0	0	0	0	0	0	0	0.446074	0.446074	0	0	0	0	0	0	0.446074	0.446074	0	0	0	0	0	0	0	0	0	0	0	0	0.446074	0.446074	0	0	0	0	0	0	0	0	0	0	0	0	0.446074	0.446074	0	0	0	0	0	0	0	0	0	0.446074	0.446074	0	0	0	0	0	0	0	0	0	0.446074	0.446074	0	0	0	0	0	0	0	0	0	0	0	0	0	0	0	0.446074	0.446074	0	0	0	0	0	0	0	0	0	0	0	0	0.446074	0.446074	0	0	0	0	0	0	0	0	0	0	0	0	0	0	0	0	0	0	0	0	0.446074	0.446074	0	0.446074	0.446074	0	0.446074	0.446074	0	0	0.446074	0.446074	0	0	0	0.446074	0.446074	0	0	0	0	0	0	0	0	0	0	0.446074	0.446074	0	0	0	0	0	0	0	0	0	0	0	0	0	0	0	0	0	0	0	0	0	0	0	0	0	0	0	0	0	0.446074	0.446074	0	0	0	0	0	0.446074	0.446074	0	0	0.446074	0.446074	0	0.446074	0.446074	0	0	0	0.446074
0	0	0	0	0	0.446032	0.446032	0	0	0	0	0	0	0	0	0	0.446032	0.446032	0	0	0	0	0	0	0	0.446032	0.446032	0	0	0	0	0	0	0	0	0	0	0	0	0	0	0	0	0	0	0	0	0	0	0.446032	0.446032	0	0	0	0	0	0	0	0	0	0	0	0	0	0	0	0	0.446032	0.446032	0	0	0	0	0	0	0.446032	0.446032	0	0	0	0	0	0	0	0	0	0	0	0	0.446032	0.446032	0	0	0	0	0	0	0	0	0	0	0	0	0.446032	0.446032	0	0	0	0	0	0	0	0	0	0.446032	0.446032	0	0	0	0	0	0	0	0	0	0.446032	0.446032	0	0	0	0	0	0	0	0	0	0	0	0	0	0	0	0.446032	0.446032	0	0	0	0	0	0	0	0	0	0	0	0	0.446032	0.446032	0	0	0	0	0	0	0	0	0	0	0	0	0	0	0	0	0	0	0	0	0.446032	0.446032	0	0.446032	0.446032	0	0.446032	0.446032	0	0	0.446032	0.446032	0	0	0	0.446032	0.446032	0	0	0	0	0	0	0	0	0	0	0.446032	0.446032	0	0	0	0	0	0	0	0	0	0	0	0	0	0	0	0	0	0	0	0	0	0	0	0	0	0	0	0	0	0.446032	0.446032	0	0	0	0	0	0.446032	0.446032	0	0	0.446032	0.446032	0	0.446032	0.446032	0	0	0	0.446032
0	0	0	0	0	0.445991	0.445991	0	0	0	0	0	0	0	0	0	0.445991	0.445991	0	0	0	0	0	0	0	0.445991	0.445991	0	0	0	0	0	0	0	0	0	0	0	0	0	0	0	0	0	0	0	0	0	0	0.445991	0.445991	0	0	0	0	0	0	0	0	0	0	0	0	0	0	0	0	0.445991	0.445991	0	0	0	0	0	0	0.445991	0.445991	0	0	0	0	0	0	0	0	0	0	0	0	0.445991	0.445991	0	0	0	0	0	0	0	0	0	0	0	0	0.445991	0.445991	0	0	0	0	0	0	0	0	0	0.445991	0.445991	0	0	0	0	0	0	0	0	0	0.445991	0.445991	0	0	0	0	0	0	0	0	0	0	0	0	0	0	0	0.445991	0.445991	0	0	0	0	0	0	0	0	0	0	0	0	0.445991	0.445991	0	0	0	0	0	0	0	0	0	0	0	0	0	0	0	0	0	0	0	0	0.445991	0.445991	0	0.445991	0.445991	0	0.445991	0.445991	0	0	0.445991	0.445991	0	0	0	0.445991	0.445991	0	0	0	0	0	0	0	0	0	0	0.445991	0.445991	0	0	0	0	0	0	0	0	0	0	0	0	0	0	0	0	0	0	0	0	0	0	0	0	0	0	0	0	0	0.445991	0.445991	0	0	0	0	0	0.445991	0.445991	0	0	0.445991	0.445991	0	0.445991	0.445991	0	0	0	0.445991
1.33773	1.33773	1.23135	1.00955	0.891913	1.05764	1.27106	1.33773	1.33773	1.33773	1.33773	1.33773	1.33773	1.33773	1.33773	1.33773	1.13691	0.705135	0.445984	0.445984	0.445984	0.445984	0.445984	0.445984	0.445984	0.650099	0.803953	0.568511	0.445984	0.445984	0.445984	0.445984	0.445984	0.445984	0.445984	0.445984	0.445984	0.445984	0.445984	0.445984	0.352581	0.157676	0	0	0	0	0	0	0	0.352559	0.473017	0.445984	0.445984	0.445984	0.445984	0.445984	0.445984	0.445984	0.445984	0.445984	0.445984	0.352581	0.157676	0	0	0	0	0.352559	0.473017	0.445984	0.445984	0.445984	0.445984	0.445984	0.445984	0.473017	0.352559	0	0	0	0	0	0	0	0	0	0	0	0	0.352559	0.473017	0.445984	0.445984	0.445984	0.445984	0.445984	0.445984	0.445984	0.352581	0.157676	0	0	0	0.352559	0.473017	0.445984	0.445984	0.445984	0.445984	0.445984	0.445984	0.445984	0.445984	0.445984	0.650099	0.849072	0.891913	0.891913	0.891913	0.891913	0.891913	0.891913	0.891913	1.00955	1.23135	1.27106	1.05764	0.891913	0.891913	0.891913	0.891913	0.891913	0.891913	0.891913	0.891913	0.891913	0.891913	0.891913	0.891913	0.891913	0.78836	0.568511	0.650099	0.849072	0.891913	0.891913	0.891913	0.891913	0.891913	0.891913	0.891913	1.00955	1.23135	1.33773	1.33773	1.33773	1.27106	1.05764	0.891913	0.891913	0.891913	0.891913	0.891913	0.891913	0.891913	0.891913	0.891913	0.891913	0.891913	0.891913	0.891913	0.891913	0.891913	0.891913	1.00955	1.23135	1.33773	1.33773	1.27106	1.05764	0.891913	0.997154	0.997154	0.891913	0.849072	0.803953	0.78836	0.891913	0.849072	0.650099	0.445984	0.445984	0.445984	0.473017	0.352559	0	0.157676	0.352581	0.445984	0.445984	0.445984	0.445984	0.445984	0.445984	0.445984	0.473017	0.352559	0	0	0	0	0	0	0	0	0	0	0.157676	0.352581	0.445984	0.445984	0.445984	0.445984	0.445984	0.445984	0.445984	0.445984	0.445984	0.445984	0.568511	0.78836	0.891913	0.891913	0.891913	0.891913	0.891913	0.997154	0.997154	0.891913	0.891913	1.00955	1.23135	1.33773	1.41006	1.41006	1.33773	1.33773	1.41006	1.41006	1.33773	1.27106	1.05764	1.00955	1.23135	1.33773	1.41006
1.33761	1.33761	1.27094	1.05754	0.89183	1.00946	1.23123	1.33761	1.33761	1.33761	1.33761	1.33761	1.33761	1.33761	1.33761	1.33761	1.1368	0.705069	0.445942	0.445942	0.445942	0.445942	0.445942	0.445942	0.445942	0.568458	0.803878	0.650038	0.445942	0.445942	0.445942	0.445942	0.445942	0.445942	0.445942	0.445942	0.445942	0.445942	0.445942	0.445942	0.472973	0.352526	0	0	0	0	0	0	0	0.157661	0.352548	0.445942	0.445942	0.445942	0.445942	0.445942	0.445942	0.445942	0.445942	0.445942	0.445942	0.472973	0.352526	0	0	0	0	0.157661	0.352548	0.445942	0.445942	0.445942	0.445942	0.445942	0.445942	0.352548	0.157661	0	0	0	0	0	0	0	0	0	0	0	0	0.157661	0.352548	0.445942	0.445942	0.445942	0.445942	0.445942	0.445942	0.445942	0.472973	0.352526	0	0	0	0.157661	0.352548	0.445942	0.445942	0.445942	0.445942	0.445942	0.445942	0.445942	0.445942	0.445942	0.568458	0.788286	0.89183	0.89183	0.89183	0.89183	0.89183	0.89183	0.89183	1.05754	1.27094	1.23123	1.00946	0.89183	0.89183	0.89183	0.89183	0.89183	0.89183	0.89183	0.89183	0.89183	0.89183	0.89183	0.89183	0.89183	0.848993	0.650038	0.568458	0.788286	0.89183	0.89183	0.89183	0.89183	0.89183	0.89183	0.89183	1.05754	1.27094	1.33761	1.33761	1.33761	1.23123	1.00946	0.89183	0.89183	0.89183	0.89183	0.89183	0.89183	0.89183	0.89183	0.89183	0.89183	0.89183	0.89183	0.89183	0.89183	0.89183	0.89183	1.05754	1.27094	1.33761	1.33761	1.23123	1.00946	0.89183	0.99706	0.99706	0.89183	0.788286	0.803878	0.848993	0.89183	0.788286	0.568458	0.445942	0.445942	0.445942	0.352548	0.157661	0	0.352526	0.472973	0.445942	0.445942	0.445942	0.445942	0.445942	0.445942	0.445942	0.352548	0.157661	0	0	0	0	0	0	0	0	0	0	0.352526	0.472973	0.445942	0.445942	0.445942	0.445942	0.445942	0.445942	0.445942	0.445942	0.445942	0.445942	0.650038	0.848993	0.89183	0.89183	0.89183	0.89183	0.89183	0.99706	0.99706	0.89183	0.89183	1.05754	1.27094	1.33761	1.40993	1.40993	1.33761	1.33761	1.40993	1.40993	1.33761	1.23123	1.00946	1.05754	1.27094	1.33761	1.40993
0	0	0.445866	0.445866	0	0	0	0	0	0	0	0	0	0	0	0	0.445866	0.445866	0	0	0	0	0	0	0	0	0.445866	0.445866	0	0	0	0	0	0	0	0	0	0	0	0	0.445866	0.445866	0	0	0	0	0	0	0	0	0	0	0	0	0	0	0	0	0	0	0	0.445866	0.445866	0	0	0	0	0	0	0	0	0	0	0	0	0	0	0	0	0	0	0	0	0	0	0	0	0	0	0	0	0	0	0	0	0	0	0	0.445866	0.445866	0	0	0	0	0	0	0	0	0	0	0	0	0	0	0	0	0	0	0	0	0	0	0	0.445866	0.445866	0	0	0	0	0	0	0	0	0	0	0	0	0	0	0	0.445866	0.445866	0	0	0	0	0	0	0	0	0	0.445866	0.445866	0	0	0	0	0	0	0	0	0	0	0	0	0	0	0	0	0	0	0	0	0	0.445866	0.445866	0	0	0	0	0	0.445866	0.445866	0	0	0.445866	0.445866	0	0	0	0	0	0	0	0	0	0.445866	0.445866	0	0	0	0	0	0	0	0	0	0	0	0	0	0	0	0	0	0	0	0.445866	0.445866	0	0	0	0	0	0	0	0	0	0	0.445866	0.445866	0	0	0	0	0	0.445866	0.445866	0	0	0.445866	0.445866	0	0.445866	0.445866	0	0	0.445866	0.445866	0	0	0	0.445866	0.445866	0	0.445866
0	0	0.445824	0.445824	0	0	0	0	0	0	0	0	0	0	0	0	0.445824	0.445824	0	0	0	0	0	0	0	0	0.445824	0.445824	0	0	0	0	0	0	0	0	0	0	0	0	0.445824	0.445824	0	0	0	0	0	0	0	0	0	0	0	0	0	0	0	0	0	0	0	0.445824	0.445824	0	0	0	0	0	0	0	0	0	0	0	0	0	0	0	0	0	0	0	0	0	0	0	0	0	0	0	0	0	0	0	0	0	0	0	0.445824	0.445824	0	0	0	0	0	0	0	0	0	0	0	0	0	0	0	0	0	0	0	0	0	0	0	0.445824	0.445824	0	0	0	0	0	0	0	0	0	0	0	0	0	0	0	0.445824	0.445824	0	0	0	0	0	0	0	0	0	0.445824	0.445824	0	0	0	0	0	0	0	0	0	0	0	0	0	0	0	0	0	0	0	0	0	0.445824	0.445824	0	0	0	0	0	0.445824	0.445824	0	0	0.445824	0.445824	0	0	0	0	0	0	0	0	0	0.445824	0.445824	0	0	0	0	0	0	0	0	0	0	0	0	0	0	0	0	0	0	0	0.445824	0.445824	0	0	0	0	0	0	0	0	0	0	0.445824	0.445824	0	0	0	0	0	0.445824	0.445824	0	0	0.445824	0.445824	0	0.445824	0.445824	0	0	0.445824	0.445824	0	0	0	0.445824	0.445824	0	0.445824
0	0	0.445782	0.445782	0	0	0	0	0	0	0	0	0	0	0	0	0.445782	0.445782	0	0	0	0	0	0	0	0	0.445782	0.445782	0	0	0	0	0	0	0	0	0	0	0	0	0.445782	0.445782	0	0	0	0	0	0	0	0	0	0	0	0	0	0	0	0	0	0	0	0.445782	0.445782	0	0	0	0	0	0	0	0	0	0	0	0	0	0	0	0	0	0	0	0	0	0	0	0	0	0	0	0	0	0	0	0	0	0	0	0.445782	0.445782	0	0	0	0	0	0	0	0	0	0	0	0	0	0	0	0	0	0	0	0	0	0	0	0.445782	0.445782	0	0	0	0	0	0	0	0	0	0	0	0	0	0	0	0.445782	0.445782	0	0	0	0	0	0	0	0	0	0.445782	0.445782	0	0	0	0	0	0	0	0	0	0	0	0	0	0	0	0	0	0	0	0	0	0.445782	0.445782	0	0	0	0	0	0.445782	0.445782	0	0	0.445782	0.445782	0	0	0	0	0	0	0	0	0	0.445782	0.445782	0	0	0	0	0	0	0	0	0	0	0	0	0	0	0	0	0	0	0	0.445782	0.445782	0	0	0	0	0	0	0	0	0	0	0.445782	0.445782	0	0	0	0	0	0.445782	0.445782	0	0	0.445782	0.445782	0	0.445782	0.445782	0	0	0.445782	0.445782	0	0	0	0.445782	0.445782	0	0.445782
0	0	0.445734	0.445734	0	0	0	0	0	0	0	0	0	0	0	0	0.445734	0.445734	0	0	0	0	0	0	0	0	0.445734	0.445734	0	0	0	0	0	0	0	0	0	0	0	0	0.445734	0.445734	0	0	0	0	0	0	0	0	0	0	0	0	0	0	0	0	0	0	0	0.445734	0.445734	0	0	0	0	0	0	0	0	0	0	0	0	0	0	0	0	0	0	0	0	0	0	0	0	0	0	0	0	0	0	0	0	0	0	0	0.445734	0.445734	0	0	0	0	0	0	0	0	0	0	0	0	0	0	0	0	0	0	0	0	0	0	0	0.445734	0.445734	0	0	0	0	0	0	0	0	0	0	0	0	0	0	0	0.445734	0.445734	0	0	0	0	0	0	0	0	0	0.445734	0.445734	0	0	0	0	0	0	0	0	0	0	0	0	0	0	0	0	0	0	0	0	0	0.445734	0.445734	0	0	0	0	0	0.445734	0.445734	0	0	0.445734	0.445734	0	0	0	0	0	0	0	0	0	0.445734	0.445734	0	0	0	0	0	0	0	0	0	0	0	0	0	0	0	0	0	0	0	0.445734	0.445734	0	0	0	0	0	0	0	0	0	0	0.445734	0.445734	0	0	0	0	0	0.445734	0.445734	0	0	0.445734	0.445734	0	0.445734	0.445734	0	0	0.445734	0.445734	0	0	0	0.445734	0.445734	0	0.445734
0	0	0.445692	0.445692	0	0	0	0	0	0	0	0	0	0	0	0	0.445692	0.445692	0	0	0	0	0	0	0	0	0.445692	0.445692	0	0	0	0	0	0	0	0	0	0	0	0	0.445692	0.445692	0	0	0	0	0	0	0	0	0	0	0	0	0	0	0	0	0	0	0	0.445692	0.445692	0	0	0	0	0	0	0	0	0	0	0	0	0	0	0	0	0	0	0	0	0	0	0	0	0	0	0	0	0	0	0	0	0	0	0	0.445692	0.445692	0	0	0	0	0	0	0	0	0	0	0	0	0	0	0	0	0	0	0	0	0	0	0	0.445692	0.445692	0	0	0	0	0	0	0	0	0	0	0	0	0	0	0	0.445692	0.445692	0	0	0	0	0	0	0	0	0	0.445692	0.445692	0	0	0	0	0	0	0	0	0	0	0	0	0	0	0	0	0	0	0	0	0	0.445692	0.445692	0	0	0	0	0	0.445692	0.445692	0	0	0.445692	0.445692	0	0	0	0	0	0	0	0	0	0.445692	0.445692	0	0	0	0	0	0	0	0	0	0	0	0	0	0	0	0	0	0	0	0.445692	0.445692	0	0	0	0	0	0	0	0	0	0	0.445692	0.445692	0	0	0	0	0	0.445692	0.445692	0	0	0.445692	0.445692	0	0.445692	0.445692	0	0	0.445692	0.445692	0	0	0	0.445692	0.445692	0	0.445692
0	0	0.445651	0.445651	0	0	0	0	0	0	0	0	0	0	0	0	0.445651	0.445651	0	0	0	0	0	0	0	0	0.445651	0.445651	0	0	0	0	0	0	0	0	0	0	0	0	0.445651	0.445651	0	0	0	0	0	0	0	0	0	0	0	0	0	0	0	0	0	0	0	0.445651	0.445651	0	0	0	0	0	0	0	0	0	0	0	0	0	0	0	0	0	0	0	0	0	0	0	0	0	0	0	0	0	0	0	0	0	0	0	0.445651	0.445651	0	0	0	0	0	0	0	0	0	0	0	0	0	0	0	0	0	0	0	0	0	0	0	0.445651	0.445651	0	0	0	0	0	0	0	0	0	0	0	0	0	0	0	0.445651	0.445651	0	0	0	0	0	0	0	0	0	0.445651	0.445651	0	0	0	0	0	0	0	0	0	0	0	0	0	0	0	0	0	0	0	0	0	0.445651	0.445651	0	0	0	0	0	0.445651	0.445651	0	0	0.445651	0.445651	0	0	0	0	0	0	0	0	0	0.445651	0.445651	0	0	0	0	0	0	0	0	0	0	0	0	0	0	0	0	0	0	0	0.445651	0.445651	0	0	0	0	0	0	0	0	0	0	0.445651	0.445651	0	0	0	0	0	0.445651	0.445651	0	0	0.445651	0.445651	0	0.445651	0.445651	0	0	0.445651	0.445651	0	0	0	0.445651	0.445651	0	0.445651
0	0	0.445609	0.445609	0	0	0	0	0	0	0	0	0	0	0	0	0.445609	0.445609	0	0	0	0	0	0	0	0	0.445609	0.445609	0	0	0	0	0	0	0	0	0	0	0	0	0.445609	0.445609	0	0	0	0	0	0	0	0	0	0	0	0	0	0	0	0	0	0	0	0.445609	0.445609	0	0	0	0	0	0	0	0	0	0	0	0	0	0	0	0	0	0	0	0	0	0	0	0	0	0	0	0	0	0	0	0	0	0	0	0.445609	0.445609	0	0	0	0	0	0	0	0	0	0	0	0	0	0	0	0	0	0	0	0	0	0	0	0.445609	0.445609	0	0	0	0	0	0	0	0	0	0	0	0	0	0	0	0.445609	0.445609	0	0	0	0	0	0	0	0	0	0.445609	0.445609	0	0	0	0	0	0	0	0	0	0	0	0	0	0	0	0	0	0	0	0	0	0.445609	0.445609	0	0	0	0	0	0.445609	0.445609	0	0	0.445609	0.445609	0	0	0	0	0	0	0	0	0	0.445609	0.445609	0	0	0	0	0	0	0	0	0	0	0	0	0	0	0	0	0	0	0	0.445609	0.445609	0	0	0	0	0	0	0	0	0	0	0.445609	0.445609	0	0	0	0	0	0.445609	0.445609	0	0	0.445609	0.445609	0	0.445609	0.445609	0	0	0.445609	0.445609	0	0	0	0.445609	0.445609	0	0.445609
0	0	0.445567	0.445567	0	0	0	0	0	0	0	0	0	0	0	0	0.445567	0.445567	0	0	0	0	0	0	0	0	0.445567	0.445567	0	0	0	0	0	0	0	0	0	0	0	0	0.445567	0.445567	0	0	0	0	0	0	0	0	0	0	0	0	0	0	0	0	0	0	0	0.445567	0.445567	0	0	0	0	0	0	0	0	0	0	0	0	0	0	0	0	0	0	0	0	0	0	0	0	0	0	0	0	0	0	0	0	0	0	0	0.445567	0.445567	0	0	0	0	0	0	0	0	0	0	0	0	0	0	0	0	0	0	0	0	0	0	0	0.445567	0.445567	0	0	0	0	0	0	0	0	0	0	0	0	0	0	0	0.445567	0.445567	0	0	0	0	0	0	0	0	0	0.445567	0.445567	0	0	0	0	0	0	0	0	0	0	0	0	0	0	0	0	0	0	0	0	0	0.445567	0.445567	0	0	0	0	0	0.445567	0.445567	0	0	0.445567	0.445567	0	0	0	0	0	0	0	0	0	0.445567	0.445567	0	0	0	0	0	0	0	0	0	0	0	0	0	0	0	0	0	0	0	0.445567	0.445567	0	0	0	0	0	0	0	0	0	0	0.445567	0.445567	0	0	0	0	0	0.445567	0.445567	0	0	0.445567	0.445567	0	0.445567	0.445567	0	0	0.445567	0.445567	0	0	0	0.445567	0.445567	0	0.445567
0	0	0.445526	0.445526	0	0	0	0	0	0	0	0	0	0	0	0	0.445526	0.445526	0	0	0	0	0	0	0	0	0.445526	0.445526	0	0	0	0	0	0	0	0	0	0	0	0	0.445526	0.445526	0	0	0	0	0	0	0	0	0	0	0	0	0	0	0	0	0	0	0	0.445526	0.445526	0	0	0	0	0	0	0	0	0	0	0	0	0	0	0	0	0	0	0	0	0	0	0	0	0	0	0	0	0	0	0	0	0	0	0	0.445526	0.445526	0	0	0	0	0	0	0	0	0	0	0	0	0	0	0	0	0	0	0	0	0	0	0	0.445526	0.445526	0	0	0	0	0	0	0	0	0	0	0	0	0	0	0	0.445526	0.445526	0	0	0	0	0	0	0	0	0	0.445526	0.445526	0	0	0	0	0	0	0	0	0	0	0	0	0	0	0	0	0	0	0	0	0	0.445526	0.445526	0	0	0	0	0	0.445526	0.445526	0	0	0.445526	0.445526	0	0	0	0	0	0	0	0	0	0.445526	0.445526	0	0	0	0	0	0	0	0	0	0	0	0	0	0	0	0	0	0	0	0.445526	0.445526	0	0	0	0	0	0	0	0	0	0	0.445526	0.445526	0	0	0	0	0	0.445526	0.445526	0	0	0.445526	0.445526	0	0.445526	0.445526	0	0	0.445526	0.445526	0	0	0	0.445526	0.445526	0	0.445526
1.33632	1.33632	1.48566	1.70328	1.78151	1.67394	1.45191	1.33632	1.33632	1.33632	1.33632	1.23005	1.00849	0.89097	0.89097	0.89097	1.05652	1.26972	1.33632	1.33632	1.23005	1.00849	0.89097	0.89097	0.89097	0.89097	0.996102	0.996102	0.89097	0.89097	0.89097	0.89097	0.89097	0.89097	0.787527	0.56791	0.445512	0.445512	0.445512	0.445512	0.649414	0.803106	0.56791	0.445512	0.445512	0.445512	0.445512	0.445512	0.445512	0.445512	0.445512	0.445512	0.445512	0.445512	0.445512	0.445512	0.445512	0.445512	0.352209	0.15751	0	0.352191	0.472521	0.445512	0.445512	0.445512	0.445512	0.445512	0.445512	0.445512	0.445512	0.445512	0.445512	0.445512	0.445512	0.445512	0.352209	0.15751	0	0	0	0	0	0	0	0	0	0	0	0	0	0	0	0	0	0	0	0	0.445484	0.445484	0	0	0	0	0	0	0	0	0.15751	0.352209	0.445512	0.445512	0.445512	0.445512	0.445512	0.445512	0.445512	0.445512	0.445512	0.445512	0.445512	0.445512	0.445512	0.472521	0.352191	0.15751	0.352209	0.445512	0.445512	0.445512	0.445512	0.445512	0.445512	0.445512	0.445512	0.445512	0.445512	0.445512	0.445512	0.445512	0.630017	0.630017	0.445512	0.445512	0.445512	0.445512	0.445512	0.445512	0.445512	0.445512	0.445512	0.472521	0.49807	0.352209	0.445512	0.445512	0.445512	0.445512	0.445512	0.445512	0.445512	0.445512	0.445512	0.445512	0.56791	0.787527	0.89097	0.89097	0.89097	0.89097	0.89097	0.89097	1.00849	1.23005	1.26972	1.05652	0.89097	0.89097	0.89097	1.00849	1.23005	1.26972	1.05652	0.89097	0.89097	0.848177	0.649414	0.445512	0.445512	0.445512	0.445512	0.445512	0.56791	0.787527	0.89097	0.89097	0.848177	0.649414	0.445512	0.445512	0.445512	0.445512	0.445512	0.445512	0.445512	0.445512	0.445512	0.445512	0.445512	0.445512	0.445512	0.445512	0.445512	0.445512	0.445512	0.445512	0.445512	0.649414	0.848177	0.89097	0.89097	0.89097	0.89097	0.89097	0.787527	0.56791	0.445512	0.445512	0.352209	0.49807	0.472521	0.445512	0.352209	0.15751	0	0	0.352191	0.49807	0.15751	0	0.352191	0.49807	0.15751	0.352191	0.472521	0.352209	0.15751	0.352191	0.472521	0.352209	0.15751	0	0.445484	0.445484	0	0.445484
1.3362	1.3362	1.45177	1.67378	1.78134	1.70313	1.48552	1.3362	1.3362	1.3362	1.3362	1.2696	1.05642	0.890887	0.890887	0.890887	1.00839	1.22993	1.3362	1.3362	1.2696	1.05642	0.890887	0.890887	0.890887	0.890887	0.99601	0.99601	0.890887	0.890887	0.890887	0.890887	0.890887	0.890887	0.848097	0.649354	0.44547	0.44547	0.44547	0.44547	0.567857	0.803031	0.649354	0.44547	0.44547	0.44547	0.44547	0.44547	0.44547	0.44547	0.44547	0.44547	0.44547	0.44547	0.44547	0.44547	0.44547	0.44547	0.472477	0.352158	0	0.157495	0.352176	0.44547	0.44547	0.44547	0.44547	0.44547	0.44547	0.44547	0.44547	0.44547	0.44547	0.44547	0.44547	0.44547	0.472477	0.352158	0	0	0	0	0	0	0	0	0	0	0	0	0	0	0	0	0	0	0	0	0.445443	0.445443	0	0	0	0	0	0	0	0	0.352158	0.472477	0.44547	0.44547	0.44547	0.44547	0.44547	0.44547	0.44547	0.44547	0.44547	0.44547	0.44547	0.44547	0.44547	0.352176	0.157495	0.352158	0.472477	0.44547	0.44547	0.44547	0.44547	0.44547	0.44547	0.44547	0.44547	0.44547	0.44547	0.44547	0.44547	0.44547	0.629958	0.629958	0.44547	0.44547	0.44547	0.44547	0.44547	0.44547	0.44547	0.44547	0.44547	0.352176	0.498024	0.472477	0.44547	0.44547	0.44547	0.44547	0.44547	0.44547	0.44547	0.44547	0.44547	0.44547	0.649354	0.848097	0.890887	0.890887	0.890887	0.890887	0.890887	0.890887	1.05642	1.2696	1.22993	1.00839	0.890887	0.890887	0.890887	1.05642	1.2696	1.22993	1.00839	0.890887	0.890887	0.787453	0.567857	0.44547	0.44547	0.44547	0.44547	0.44547	0.649354	0.848097	0.890887	0.890887	0.787453	0.567857	0.44547	0.44547	0.44547	0.44547	0.44547	0.44547	0.44547	0.44547	0.44547	0.44547	0.44547	0.44547	0.44547	0.44547	0.44547	0.44547	0.44547	0.44547	0.44547	0.567857	0.787453	0.890887	0.890887	0.890887	0.890887	0.890887	0.848097	0.649354	0.44547	0.44547	0.472477	0.498024	0.352176	0.44547	0.472477	0.352158	0	0	0.157495	0.498024	0.352158	0	0.157495	0.498024	0.352158	0.157495	0.352176	0.472477	0.352158	0.157495	0.352176	0.472477	0.352158	0	0.445443	0.445443	0	0.445443
0	0	0	0	0	0.445394	0.445394	0	0	0	0	0.445394	0.445394	0	0	0	0	0	0	0	0.445394	0.445394	0	0	0	0	0.445394	0.445394	0	0	0	0	0	0	0.445394	0.445394	0	0	0	0	0	0.445394	0.445394	0	0	0	0	0	0	0	0	0	0	0	0	0	0	0	0.445394	0.445394	0	0	0	0	0	0	0	0	0	0	0	0	0	0	0	0	0.445394	0.445394	0	0	0	0	0	0	0	0	0	0	0	0	0	0	0	0	0	0	0	0	0.445394	0.445394	0	0	0	0	0	0	0	0	0.445394	0.445394	0	0	0	0	0	0	0	0	0	0	0	0	0	0	0	0.445394	0.445394	0	0	0	0	0	0	0	0	0	0	0	0	0	0.445394	0.445394	0	0	0	0	0	0	0	0	0	0	0.445394	0.445394	0	0	0	0	0	0	0	0	0	0	0.445394	0.445394	0	0	0	0	0	0	0.445394	0.445394	0	0	0	0	0	0.445394	0.445394	0	0	0	0	0	0	0	0	0	0	0	0.445394	0.445394	0	0	0	0	0	0	0	0	0	0	0	0	0	0	0	0	0	0	0	0	0	0	0	0	0	0	0	0	0	0	0.445394	0.445394	0	0	0.445394	0.445394	0	0	0.445394	0.445394	0	0	0	0.445394	0.445394	0	0	0.445394	0.445394	0	0	0.445394	0.445394	0	0	0.445394	0.445394	0	0.445394	0.445394	0	0.445394
0	0	0	0	0	0.445353	0.445353	0	0	0	0	0.445353	0.445353	0	0	0	0	0	0	0	0.445353	0.445353	0	0	0	0	0.445353	0.445353	0	0	0	0	0	0	0.445353	0.445353	0	0	0	0	0	0.445353	0.445353	0	0	0	0	0	0	0	0	0	0	0	0	0	0	0	0.445353	0.445353	0	0	0	0	0	0	0	0	0	0	0	0	0	0	0	0	0.445353	0.445353	0	0	0	0	0	0	0	0	0	0	0	0	0	0	0	0	0	0	0	0	0.445353	0.445353	0	0	0	0	0	0	0	0	0.445353	0.445353	0	0	0	0	0	0	0	0	0	0	0	0	0	0	0	0.445353	0.445353	0	0	0	0	0	0	0	0	0	0	0	0	0	0.445353	0.445353	0	0	0	0	0	0	0	0	0	0	0.445353	0.445353	0	0	0	0	0	0	0	0	0	0	0.445353	0.445353	0	0	0	0	0	0	0.445353	0.445353	0	0	0	0	0	0.445353	0.445353	0	0	0	0	0	0	0	0	0	0	0	0.445353	0.445353	0	0	0	0	0	0	0	0	0	0	0	0	0	0	0	0	0	0	0	0	0	0	0	0	0	0	0	0	0	0	0.445353	0.445353	0	0	0.445353	0.445353	0	0	0.445353	0.445353	0	0	0	0.445353	0.445353	0	0	0.445353	0.445353	0	0	0.445353	0.445353	0	0	0.445353	0.445353	0	0.445353	0.445353	0	0.445353
0	0	0	0	0	0.445311	0.445311	0	0	0	0	0.445311	0.445311	0	0	0	0	0	0	0	0.445311	0.445311	0	0	0	0	0.445311	0.445311	0	0	0	0	0	0	0.445311	0.445311	0	0	0	0	0	0.445311	0.445311	0	0	0	0	0	0	0	0	0	0	0	0	0	0	0	0.445311	0.445311	0	0	0	0	0	0	0	0	0	0	0	0	0	0	0	0	0.445311	0.445311	0	0	0	0	0	0	0	0	0	0	0	0	0	0	0	0	0	0	0	0	0.445311	0.445311	0	0	0	0	0	0	0	0	0.445311	0.445311	0	0	0	0	0	0	0	0	0	0	0	0	0	0	0	0.445311	0.445311	0	0	0	0	0	0	0	0	0	0	0	0	0	0.445311	0.445311	0	0	0	0	0	0	0	0	0	0	0.445311	0.445311	0	0	0	0	0	0	0	0	0	0	0.445311	0.445311	0	0	0	0	0	0	0.445311	0.445311	0	0	0	0	0	0.445311	0.445311	0	0	0	0	0	0	0	0	0	0	0	0.445311	0.445311	0	0	0	0	0	0	0	0	0	0	0	0	0	0	0	0	0	0	0	0	0	0	0	0	0	0	0	0	0	0	0.445311	0.445311	0	0	0.445311	0.445311	0	0	0.445311	0.445311	0	0	0	0.445311	0.445311	0	0	0.445311	0.445311	0	0	0.445311	0.445311	0	0	0.445311	0.445311	0	0.445311	0.445311	0	0.445311
0	0	0	0	0	0.44527	0.44527	0	0	0	0	0.44527	0.44527	0	0	0	0	0	0	0	0.44527	0.44527	0	0	0	0	0.44527	0.44527	0	0	0	0	0	0	0.44527	0.44527	0	0	0	0	0	0.44527	0.44527	0	0	0	0	0	0	0	0	0	0	0	0	0	0	0	0.44527	0.44527	0	0	0	0	0	0	0	0	0	0	0	0	0	0	0	0	0.44527	0.44527	0	0	0	0	0	0	0	0	0	0	0	0	0	0	0	0	0	0	0	0	0.44527	0.44527	0	0	0	0	0	0	0	0	0.44527	0.44527	0	0	0	0	0	0	0	0	0	0	0	0	0	0	0	0.44527	0.44527	0	0	0	0	0	0	0	0	0	0	0	0	0	0.44527	0.44527	0	0	0	0	0	0	0	0	0	0	0.44527	0.44527	0	0	0	0	0	0	0	0	0	0	0.44527	0.44527	0	0	0	0	0	0	0.44527	0.44527	0	0	0	0	0	0.44527	0.44527	0	0	0	0	0	0	0	0	0	0	0	0.44527	0.44527	0	0	0	0	0	0	0	0	0	0	0	0	0	0	0	0	0	0	0	0	0	0	0	0	0	0	0	0	0	0	0.44527	0.44527	0	0	0.44527	0.44527	0	0	0.44527	0.44527	0	0	0	0.44527	0.44527	0	0	0.44527	0.44527	0	0	0.44527	0.44527	0	0	0.44527	0.44527	0	0.44527	0.44527	0	0.44527
0	0	0	0	0	0.445228	0.445228	0	0	0	0	0.445228	0.445228	0	0	0	0	0	0	0	0.445228	0.445228	0	0	0	0	0.445228	0.445228	0	0	0	0	0	0	0.445228	0.445228	0	0	0	0	0	0.445228	0.445228	0	0	0	0	0	0	0	0	0	0	0	0	0	0	0	0.445228	0.445228	0	0	0	0	0	0	0	0	0	0	0	0	0	0	0	0	0.445228	0.445228	0	0	0	0	0	0	0	0	0	0	0	0	0	0	0	0	0	0	0	0	0.445228	0.445228	0	0	0	0	0	0	0	0	0.445228	0.445228	0	0	0	0	0	0	0	0	0	0	0	0	0	0	0	0.445228	0.445228	0	0	0	0	0	0	0	0	0	0	0	0	0	0.445228	0.445228	0	0	0	0	0	0	0	0	0	0	0.445228	0.445228	0	0	0	0	0	0	0	0	0	0	0.445228	0.445228	0	0	0	0	0	0	0.445228	0.445228	0	0	0	0	0	0.445228	0.445228	0	0	0	0	0	0	0	0	0	0	0	0.445228	0.445228	0	0	0	0	0	0	0	0	0	0	0	0	0	0	0	0	0	0	0	0	0	0	0	0	0	0	0	0	0	0	0.445228	0.445228	0	0	0.445228	0.445228	0	0	0.445228	0.445228	0	0	0	0.445228	0.445228	0	0	0.445228	0.445228	0	0	0.445228	0.445228	0	0	0.445228	0.445228	0	0.445228	0.445228	0	0.445228
0	0	0	0	0	0.445187	0.445187	0	0	0	0	0.445187	0.445187	0	0	0	0	0	0	0	0.445187	0.445187	0	0	0	0	0.445187	0.445187	0	0	0	0	0	0	0.445187	0.445187	0	0	0	0	0	0.445187	0.445187	0	0	0	0	0	0	0	0	0	0	0	0	0	0	0	0.445187	0.445187	0	0	0	0	0	0	0	0	0	0	0	0	0	0	0	0	0.445187	0.445187	0	0	0	0	0	0	0	0	0	0	0	0	0	0	0	0	0	0	0	0	0.445187	0.445187	0	0	0	0	0	0	0	0	0.445187	0.445187	0	0	0	0	0	0	0	0	0	0	0	0	0	0	0	0.445187	0.445187	0	0	0	0	0	0	0	0	0	0	0	0	0	0.445187	0.445187	0	0	0	0	0	0	0	0	0	0	0.445187	0.445187	0	0	0	0	0	0	0	0	0	0	0.445187	0.445187	0	0	0	0	0	0	0.445187	0.445187	0	0	0	0	0	0.445187	0.445187	0	0	0	0	0	0	0	0	0	0	0	0.445187	0.445187	0	0	0	0	0	0	0	0	0	0	0	0	0	0	0	0	0	0	0	0	0	0	0	0	0	0	0	0	0	0	0.445187	0.445187	0	0	0.445187	0.445187	0	0	0.445187	0.445187	0	0	0	0.445187	0.445187	0	0	0.445187	0.445187	0	0	0.445187	0.445187	0	0	0.445187	0.445187	0	0.445187	0.445187	0	0.445187
0	0	0	0	0	0.445145	0.445145	0	0	0	0	0.445145	0.445145	0	0	0	0	0	0	0	0.445145	0.445145	0	0	0	0	0.445145	0.445145	0	0	0	0	0	0	0.445145	0.445145	0	0	0	0	0	0.445145	0.445145	0	0	0	0	0	0	0	0	0	0	0	0	0	0	0	0.445145	0.445145	0	0	0	0	0	0	0	0	0	0	0	0	0	0	0	0	0.445145	0.445145	0	0	0	0	0	0	0	0	0	0	0	0	0	0	0	0	0	0	0	0	0.445145	0.445145	0	0	0	0	0	0	0	0	0.445145	0.445145	0	0	0	0	0	0	0	0	0	0	0	0	0	0	0	0.445145	0.445145	0	0	0	0	0	0	0	0	0	0	0	0	0	0.445145	0.445145	0	0	0	0	0	0	0	0	0	0	0.445145	0.445145	0	0	0	0	0	0	0	0	0	0	0.445145	0.445145	0	0	0	0	0	0	0.445145	0.445145	0	0	0	0	0	0.445145	0.445145	0	0	0	0	0	0	0	0	0	0	0	0.445145	0.445145	0	0	0	0	0	0	0	0	0	0	0	0	0	0	0	0	0	0	0	0	0	0	0	0	0	0	0	0	0	0	0.445145	0.445145	0	0	0.445145	0.445145	0	0	0.445145	0.445145	0	0	0	0.445145	0.445145	0	0	0.445145	0.445145	0	0	0.445145	0.445145	0	0	0.445145	0.445145	0	0.445145	0.445145	0	0.445145
0	0	0	0	0	0.445104	0.445104	0	0	0	0	0.445104	0.445104	0	0	0	0	0	0	0	0.445104	0.445104	0	0	0	0	0.445104	0.445104	0	0	0	0	0	0	0.445104	0.445104	0	0	0	0	0	0.445104	0.445104	0	0	0	0	0	0	0	0	0	0	0	0	0	0	0	0.445104	0.445104	0	0	0	0	0	0	0	0	0	0	0	0	0	0	0	0	0.445104	0.445104	0	0	0	0	0	0	0	0	0	0	0	0	0	0	0	0	0	0	0	0	0.445104	0.445104	0	0	0	0	0	0	0	0	0.445104	0.445104	0	0	0	0	0	0	0	0	0	0	0	0	0	0	0	0.445104	0.445104	0	0	0	0	0	0	0	0	0	0	0	0	0	0.445104	0.445104	0	0	0	0	0	0	0	0	0	0	0.445104	0.445104	0	0	0	0	0	0	0	0	0	0	0.445104	0.445104	0	0	0	0	0	0	0.445104	0.445104	0	0	0	0	0	0.445104	0.445104	0	0	0	0	0	0	0	0	0	0	0	0.445104	0.445104	0	0	0	0	0	0	0	0	0	0	0	0	0	0	0	0	0	0	0	0	0	0	0	0	0	0	0	0	0	0	0.445104	0.445104	0	0	0.445104	0.445104	0	0	0.445104	0.445104	0	0	0	0.445104	0.445104	0	0	0.445104	0.445104	0	0	0.445104	0.445104	0	0	0.445104	0.445104	0	0.445104	0.445104	0	0.445104
0	0	0	0	0	0.445055	0.445055	0	0	0	0	0.445055	0.445055	0	0	0	0	0	0	0	0.445055	0.445055	0	0	0	0	0.445055	0.445055	0	0	0	0	0	0	0.445055	0.445055	0	0	0	0	0	0.445055	0.445055	0	0	0	0	0	0	0	0	0	0	0	0	0	0	0	0.445055	0.445055	0	0	0	0	0	0	0	0	0	0	0	0	0	0	0	0	0.445055	0.445055	0	0	0	0	0	0	0	0	0	0	0	0	0	0	0	0	0	0	0	0	0.445055	0.445055	0	0	0	0	0	0	0	0	0.445055	0.445055	0	0	0	0	0	0	0	0	0	0	0	0	0	0	0	0.445055	0.445055	0	0	0	0	0	0	0	0	0	0	0	0	0	0.445055	0.445055	0	0	0	0	0	0	0	0	0	0	0.445055	0.445055	0	0	0	0	0	0	0	0	0	0	0.445055	0.445055	0	0	0	0	0	0	0.445055	0.445055	0	0	0	0	0	0.445055	0.445055	0	0	0	0	0	0	0	0	0	0	0	0.445055	0.445055	0	0	0	0	0	0	0	0	0	0	0	0	0	0	0	0	0	0	0	0	0	0	0	0	0	0	0	0	0	0	0.445055	0.445055	0	0	0.445055	0.445055	0	0	0.445055	0.445055	0	0	0	0.445055	0.445055	0	0	0.445055	0.445055	0	0	0.445055	0.445055	0	0	0.445055	0.445055	0	0.445055	0.445055	0	0.445055
0	0	0	0	0	0.445014	0.445014	0	0	0	0	0.445014	0.445014	0	0	0	0	0	0	0	0.445014	0.445014	0	0	0	0	0.445014	0.445014	0	0	0	0	0	0	0.445014	0.445014	0	0	0	0	0	0.445014	0.445014	0	0	0	0	0	0	0	0	0	0	0	0	0	0	0	0.445014	0.445014	0	0	0	0	0	0	0	0	0	0	0	0	0	0	0	0	0.445014	0.445014	0	0	0	0	0	0	0	0	0	0	0	0	0	0	0	0	0	0	0	0	0.445014	0.445014	0	0	0	0	0	0	0	0	0.445014	0.445014	0	0	0	0	0	0	0	0	0	0	0	0	0	0	0	0.445014	0.445014	0	0	0	0	0	0	0	0	0	0	0	0	0	0.445014	0.445014	0	0	0	0	0	0	0	0	0	0	0.445014	0.445014	0	0	0	0	0	0	0	0	0	0	0.445014	0.445014	0	0	0	0	0	0	0.445014	0.445014	0	0	0	0	0	0.445014	0.445014	0	0	0	0	0	0	0	0	0	0	0	0.445014	0.445014	0	0	0	0	0	0	0	0	0	0	0	0	0	0	0	0	0	0	0	0	0	0	0	0	0	0	0	0	0	0	0.445014	0.445014	0	0	0.445014	0.445014	0	0	0.445014	0.445014	0	0	0	0.445014	0.445014	0	0	0.445014	0.445014	0	0	0.445014	0.445014	0	0	0.445014	0.445014	0	0.445014	0.445014	0	0.445014
0.445007	0.445007	0.445007	0.445007	0.445007	0.648675	0.802192	0.567266	0.445007	0.445007	0.445007	0.648675	0.847213	0.88996	0.88996	0.88996	0.88996	0.88996	0.88996	0.88996	0.99497	0.99497	0.88996	0.88996	0.88996	0.88996	1.05532	1.19805	1.00734	0.88996	0.88996	0.88996	0.88996	0.88996	1.05532	1.19805	1.00734	0.88996	0.88996	0.88996	0.88996	0.99497	0.99497	0.88996	0.88996	0.88996	0.88996	0.88996	0.88996	0.88996	0.88996	0.88996	0.786634	0.567266	0.445007	0.445007	0.445007	0.445007	0.648675	0.847213	0.88996	0.88996	0.88996	0.88996	0.88996	0.88996	0.88996	0.88996	0.88996	0.786634	0.567266	0.445007	0.445007	0.445007	0.445007	0.445007	0.648675	0.847213	0.88996	0.88996	0.786634	0.567266	0.445007	0.445007	0.445007	0.445007	0.445007	0.445007	0.445007	0.445007	0.445007	0.445007	0.445007	0.445007	0.351809	0.15733	0	0	0.351787	0.471981	0.351809	0.15733	0	0	0	0	0	0	0.351787	0.471981	0.445007	0.445007	0.351809	0.15733	0	0	0	0	0	0	0	0	0	0	0	0.351787	0.471981	0.445007	0.351809	0.15733	0	0	0	0	0	0	0	0	0	0	0.351787	0.471981	0.445007	0.445007	0.445007	0.445007	0.445007	0.445007	0.445007	0.445007	0.445007	0.445007	0.471981	0.351787	0	0.15733	0.351809	0.445007	0.445007	0.445007	0.445007	0.445007	0.445007	0.445007	0.629298	0.629298	0.445007	0.445007	0.445007	0.445007	0.445007	0.445007	0.471981	0.351787	0.15733	0.351809	0.445007	0.445007	0.445007	0.471981	0.351787	0	0	0.15733	0.351809	0.445007	0.445007	0.445007	0.445007	0.445007	0.445007	0.445007	0.629298	0.629298	0.445007	0.445007	0.445007	0.445007	0.445007	0.567266	0.786634	0.88996	0.88996	0.88996	0.88996	0.88996	0.88996	0.88996	1.00734	1.22865	1.33481	1.33481	1.33481	1.33481	1.33481	1.33481	1.33481	1.33481	1.33481	1.33481	1.22865	1.00734	0.88996	0.88996	1.05532	1.26828	1.33481	1.33481	1.48397	1.70135	1.77949	1.77949	1.83421	1.83421	1.77949	1.77949	1.77949	1.83421	1.83421	1.77949	1.77949	1.83421	1.83421	1.77949	1.77949	1.91982	2.05054	1.8939	1.77949	1.91982	2.05054	1.8939	1.91982	2.13901	2.22396	2.26795
0.444965	0.444965	0.444965	0.444965	0.444965	0.567213	0.802117	0.648615	0.444965	0.444965	0.444965	0.567213	0.78656	0.889877	0.889877	0.889877	0.889877	0.889877	0.889877	0.889877	0.994877	0.994877	0.889877	0.889877	0.889877	0.889877	1.00725	1.19794	1.05522	0.889877	0.889877	0.889877	0.889877	0.889877	1.00725	1.19794	1.05522	0.889877	0.889877	0.889877	0.889877	0.994877	0.994877	0.889877	0.889877	0.889877	0.889877	0.889877	0.889877	0.889877	0.889877	0.889877	0.847134	0.648615	0.444965	0.444965	0.444965	0.444965	0.567213	0.78656	0.889877	0.889877	0.889877	0.889877	0.889877	0.889877	0.889877	0.889877	0.889877	0.847134	0.648615	0.444965	0.444965	0.444965	0.444965	0.444965	0.567213	0.78656	0.889877	0.889877	0.847134	0.648615	0.444965	0.444965	0.444965	0.444965	0.444965	0.444965	0.444965	0.444965	0.444965	0.444965	0.444965	0.444965	0.471938	0.351754	0	0	0.157316	0.351776	0.471938	0.351754	0	0	0	0	0	0	0.157316	0.351776	0.444965	0.444965	0.471938	0.351754	0	0	0	0	0	0	0	0	0	0	0	0.157316	0.351776	0.444965	0.471938	0.351754	0	0	0	0	0	0	0	0	0	0	0.157316	0.351776	0.444965	0.444965	0.444965	0.444965	0.444965	0.444965	0.444965	0.444965	0.444965	0.444965	0.351776	0.157316	0	0.351754	0.471938	0.444965	0.444965	0.444965	0.444965	0.444965	0.444965	0.444965	0.629239	0.629239	0.444965	0.444965	0.444965	0.444965	0.444965	0.444965	0.351776	0.157316	0.351754	0.471938	0.444965	0.444965	0.444965	0.351776	0.157316	0	0	0.351754	0.471938	0.444965	0.444965	0.444965	0.444965	0.444965	0.444965	0.444965	0.629239	0.629239	0.444965	0.444965	0.444965	0.444965	0.444965	0.648615	0.847134	0.889877	0.889877	0.889877	0.889877	0.889877	0.889877	0.889877	1.05522	1.26816	1.33468	1.33468	1.33468	1.33468	1.33468	1.33468	1.33468	1.33468	1.33468	1.33468	1.26816	1.05522	0.889877	0.889877	1.00725	1.22854	1.33468	1.33468	1.45013	1.67188	1.77932	1.77932	1.83404	1.83404	1.77932	1.77932	1.77932	1.83404	1.83404	1.77932	1.77932	1.83404	1.83404	1.77932	1.77932	1.89372	2.05035	1.91964	1.77932	1.89372	2.05035	1.91964	1.89372	2.11559	2.22375	2.26774
0	0	0	0	0	0	0.444889	0.444889	0	0	0	0	0	0	0	0	0	0	0	0	0.444889	0.444889	0	0	0	0	0	0.444889	0.444889	0	0	0	0	0	0	0.444889	0.444889	0	0	0	0	0.444889	0.444889	0	0	0	0	0	0	0	0	0	0.444889	0.444889	0	0	0	0	0	0	0	0	0	0	0	0	0	0	0	0.444889	0.444889	0	0	0	0	0	0	0	0	0	0.444889	0.444889	0	0	0	0	0	0	0	0	0	0	0	0	0.444889	0.444889	0	0	0	0	0.444889	0.444889	0	0	0	0	0	0	0	0	0	0	0.444889	0.444889	0	0	0	0	0	0	0	0	0	0	0	0	0	0	0.444889	0.444889	0	0	0	0	0	0	0	0	0	0	0	0	0	0	0	0	0	0	0	0	0	0	0	0	0	0.444889	0.444889	0	0	0	0	0	0	0	0.444889	0.444889	0	0	0	0	0	0	0	0	0.444889	0.444889	0	0	0	0	0	0	0	0.444889	0.444889	0	0	0	0	0	0	0	0.444889	0.444889	0	0	0	0	0	0.444889	0.444889	0	0	0	0	0	0	0	0.444889	0.444889	0	0	0	0	0	0	0	0	0	0	0.444889	0.444889	0	0	0	0	0	0	0	0	0	0	0.444889	0.444889	0	0	0	0.444889	0.444889	0	0	0.444889	0.444889	0	0	0	0.444889	0.444889	0	0	0.444889	0.444889	0	0	0	0.444889
0	0	0	0	0	0	0.444848	0.444848	0	0	0	0	0	0	0	0	0	0	0	0	0.444848	0.444848	0	0	0	0	0	0.444848	0.444848	0	0	0	0	0	0	0.444848	0.444848	0	0	0	0	0.444848	0.444848	0	0	0	0	0	0	0	0	0	0.444848	0.444848	0	0	0	0	0	0	0	0	0	0	0	0	0	0	0	0.444848	0.444848	0	0	0	0	0	0	0	0	0	0.444848	0.444848	0	0	0	0	0	0	0	0	0	0	0	0	0.444848	0.444848	0	0	0	0	0.444848	0.444848	0	0	0	0	0	0	0	0	0	0	0.444848	0.444848	0	0	0	0	0	0	0	0	0	0	0	0	0	0	0.444848	0.444848	0	0	0	0	0	0	0	0	0	0	0	0	0	0	0	0	0	0	0	0	0	0	0	0	0	0.444848	0.444848	0	0	0	0	0	0	0	0.444848	0.444848	0	0	0	0	0	0	0	0	0.444848	0.444848	0	0	0	0	0	0	0	0.444848	0.444848	0	0	0	0	0	0	0	0.444848	0.444848	0	0	0	0	0	0.444848	0.444848	0	0	0	0	0	0	0	0.444848	0.444848	0	0	0	0	0	0	0	0	0	0	0.444848	0.444848	0	0	0	0	0	0	0	0	0	0	0.444848	0.444848	0	0	0	0.444848	0.444848	0	0	0.444848	0.444848	0	0	0	0.444848	0.444848	0	0	0.444848	0.444848	0	0	0	0.444848
0	0	0	0	0	0	0.444806	0.444806	0	0	0	0	0	0	0	0	0	0	0	0	0.444806	0.444806	0	0	0	0	0	0.444806	0.444806	0	0	0	0	0	0	0.444806	0.444806	0	0	0	0	0.444806	0.444806	0	0	0	0	0	0	0	0	0	0.444806	0.444806	0	0	0	0	0	0	0	0	0	0	0	0	0	0	0	0.444806	0.444806	0	0	0	0	0	0	0	0	0	0.444806	0.444806	0	0	0	0	0	0	0	0	0	0	0	0	0.444806	0.444806	0	0	0	0	0.444806	0.444806	0	0	0	0	0	0	0	0	0	0	0.444806	0.444806	0	0	0	0	0	0	0	0	0	0	0	0	0	0	0.444806	0.444806	0	0	0	0	0	0	0	0	0	0	0	0	0	0	0	0	0	0	0	0	0	0	0	0	0	0.444806	0.444806	0	0	0	0	0	0	0	0.444806	0.444806	0	0	0	0	0	0	0	0	0.444806	0.444806	0	0	0	0	0	0	0	0.444806	0.444806	0	0	0	0	0	0	0	0.444806	0.444806	0	0	0	0	0	0.444806	0.444806	0	0	0	0	0	0	0	0.444806	0.444806	0	0	0	0	0	0	0	0	0	0	0.444806	0.444806	0	0	0	0	0	0	0	0	0	0	0.444806	0.444806	0	0	0	0.444806	0.444806	0	0	0.444806	0.444806	0	0	0	0.444806	0.444806	0	0	0.444806	0.444806	0	0	0	0.444806
0	0	0	0	0	0	0.444758	0.444758	0	0	0	0	0	0	0	0	0	0	0	0	0.444758	0.444758	0	0	0	0	0	0.444758	0.444758	0	0	0	0	0	0	0.444758	0.444758	0	0	0	0	0.444758	0.444758	0	0	0	0	0	0	0	0	0	0.444758	0.444758	0	0	0	0	0	0	0	0	0	0	0	0	0	0	0	0.444758	0.444758	0	0	0	0	0	0	0	0	0	0.444758	0.444758	0	0	0	0	0	0	0	0	0	0	0	0	0.444758	0.444758	0	0	0	0	0.444758	0.444758	0	0	0	0	0	0	0	0	0	0	0.444758	0.444758	0	0	0	0	0	0	0	0	0	0	0	0	0	0	0.444758	0.444758	0	0	0	0	0	0	0	0	0	0	0	0	0	0	0	0	0	0	0	0	0	0	0	0	0	0.444758	0.444758	0	0	0	0	0	0	0	0.444758	0.444758	0	0	0	0	0	0	0	0	0.444758	0.444758	0	0	0	0	0	0	0	0.444758	0.444758	0	0	0	0	0	0	0	0.444758	0.444758	0	0	0	0	0	0.444758	0.444758	0	0	0	0	0	0	0	0.444758	0.444758	0	0	0	0	0	0	0	0	0	0	0.444758	0.444758	0	0	0	0	0	0	0	0	0	0	0.444758	0.444758	0	0	0	0.444758	0.444758	0	0	0.444758	0.444758	0	0	0	0.444758	0.444758	0	0	0.444758	0.444758	0	0	0	0.444758
0	0	0	0	0	0	0.444717	0.444717	0	0	0	0	0	0	0	0	0	0	0	0	0.444717	0.444717	0	0	0	0	0	0.444717	0.444717	0	0	0	0	0	0	0.444717	0.444717	0	0	0	0	0.444717	0.444717	0	0	0	0	0	0	0	0	0	0.444717	0.444717	0	0	0	0	0	0	0	0	0	0	0	0	0	0	0	0.444717	0.444717	0	0	0	0	0	0	0	0	0	0.444717	0.444717	0	0	0	0	0	0	0	0	0	0	0	0	0.444717	0.444717	0	0	0	0	0.444717	0.444717	0	0	0	0	0	0	0	0	0	0	0.444717	0.444717	0	0	0	0	0	0	0	0	0	0	0	0	0	0	0.444717	0.444717	0	0	0	0	0	0	0	0	0	0	0	0	0	0	0	0	0	0	0	0	0	0	0	0	0	0.444717	0.444717	0	0	0	0	0	0	0	0.444717	0.444717	0	0	0	0	0	0	0	0	0.444717	0.444717	0	0	0	0	0	0	0	0.444717	0.444717	0	0	0	0	0	0	0	0.444717	0.444717	0	0	0	0	0	0.444717	0.444717	0	0	0	0	0	0	0	0.444717	0.444717	0	0	0	0	0	0	0	0	0	0	0.444717	0.444717	0	0	0	0	0	0	0	0	0	0	0.444717	0.444717	0	0	0	0.444717	0.444717	0	0	0.444717	0.444717	0	0	0	0.444717	0.444717	0	0	0.444717	0.444717	0	0	0	0.444717
0	0	0	0	0	0	0.444675	0.444675	0	0	0	0	0	0	0	0	0	0	0	0	0.444675	0.444675	0	0	0	0	0	0.444675	0.444675	0	0	0	0	0	0	0.444675	0.444675	0	0	0	0	0.444675	0.444675	0	0	0	0	0	0	0	0	0	0.444675	0.444675	0	0	0	0	0	0	0	0	0	0	0	0	0	0	0	0.444675	0.444675	0	0	0	0	0	0	0	0	0	0.444675	0.444675	0	0	0	0	0	0	0	0	0	0	0	0	0.444675	0.444675	0	0	0	0	0.444675	0.444675	0	0	0	0	0	0	0	0	0	0	0.444675	0.444675	0	0	0	0	0	0	0	0	0	0	0	0	0	0	0.444675	0.444675	0	0	0	0	0	0	0	0	0	0	0	0	0	0	0	0	0	0	0	0	0	0	0	0	0	0.444675	0.444675	0	0	0	0	0	0	0	0.444675	0.444675	0	0	0	0	0	0	0	0	0.444675	0.444675	0	0	0	0	0	0	0	0.444675	0.444675	0	0	0	0	0	0	0	0.444675	0.444675	0	0	0	0	0	0.444675	0.444675	0	0	0	0	0	0	0	0.444675	0.444675	0	0	0	0	0	0	0	0	0	0	0.444675	0.444675	0	0	0	0	0	0	0	0	0	0	0.444675	0.444675	0	0	0	0.444675	0.444675	0	0	0.444675	0.444675	0	0	0	0.444675	0.444675	0	0	0.444675	0.444675	0	0	0	0.444675
0	0	0	0	0	0	0.444634	0.444634	0	0	0	0	0	0	0	0	0	0	0	0	0.444634	0.444634	0	0	0	0	0	0.444634	0.444634	0	0	0	0	0	0	0.444634	0.444634	0	0	0	0	0.444634	0.444634	0	0	0	0	0	0	0	0	0	0.444634	0.444634	0	0	0	0	0	0	0	0	0	0	0	0	0	0	0	0.444634	0.444634	0	0	0	0	0	0	0	0	0	0.444634	0.444634	0	0	0	0	0	0	0	0	0	0	0	0	0.444634	0.444634	0	0	0	0	0.444634	0.444634	0	0	0	0	0	0	0	0	0	0	0.444634	0.444634	0	0	0	0	0	0	0	0	0	0	0	0	0	0	0.444634	0.444634	0	0	0	0	0	0	0	0	0	0	0	0	0	0	0	0	0	0	0	0	0	0	0	0	0	0.444634	0.444634	0	0	0	0	0	0	0	0.444634	0.444634	0	0	0	0	0	0	0	0	0.444634	0.444634	0	0	0	0	0	0	0	0.444634	0.444634	0	0	0	0	0	0	0	0.444634	0.444634	0	0	0	0	0	0.444634	0.444634	0	0	0	0	0	0	0	0.444634	0.444634	0	0	0	0	0	0	0	0	0	0	0.444634	0.444634	0	0	0	0	0	0	0	0	0	0	0.444634	0.444634	0	0	0	0.444634	0.444634	0	0	0.444634	0.444634	0	0	0	0.444634	0.444634	0	0	0.444634	0.444634	0	0	0	0.444634
0	0	0	0	0	0	0.444592	0.444592	0	0	0	0	0	0	0	0	0	0	0	0	0.444592	0.444592	0	0	0	0	0	0.444592	0.444592	0	0	0	0	0	0	0.444592	0.444592	0	0	0	0	0.444592	0.444592	0	0	0	0	0	0	0	0	0	0.444592	0.444592	0	0	0	0	0	0	0	0	0	0	0	0	0	0	0	0.444592	0.444592	0	0	0	0	0	0	0	0	0	0.444592	0.444592	0	0	0	0	0	0	0	0	0	0	0	0	0.444592	0.444592	0	0	0	0	0.444592	0.444592	0	0	0	0	0	0	0	0	0	0	0.444592	0.444592	0	0	0	0	0	0	0	0	0	0	0	0	0	0	0.444592	0.444592	0	0	0	0	0	0	0	0	0	0	0	0	0	0	0	0	0	0	0	0	0	0	0	0	0	0.444592	0.444592	0	0	0	0	0	0	0	0.444592	0.444592	0	0	0	0	0	0	0	0	0.444592	0.444592	0	0	0	0	0	0	0	0.444592	0.444592	0	0	0	0	0	0	0	0.444592	0.444592	0	0	0	0	0	0.444592	0.444592	0	0	0	0	0	0	0	0.444592	0.444592	0	0	0	0	0	0	0	0	0	0	0.444592	0.444592	0	0	0	0	0	0	0	0	0	0	0.444592	0.444592	0	0	0	0.444592	0.444592	0	0	0.444592	0.444592	0	0	0	0.444592	0.444592	0	0	0.444592	0.444592	0	0	0	0.444592
0	0	0	0	0	0	0.444551	0.444551	0	0	0	0	0	0	0	0	0	0	0	0	0.444551	0.444551	0	0	0	0	0	0.444551	0.444551	0	0	0	0	0	0	0.444551	0.444551	0	0	0	0	0.444551	0.444551	0	0	0	0	0	0	0	0	0	0.444551	0.444551	0	0	0	0	0	0	0	0	0	0	0	0	0	0	0	0.444551	0.444551	0	0	0	0	0	0	0	0	0	0.444551	0.444551	0	0	0	0	0	0	0	0	0	0	0	0	0.444551	0.444551	0	0	0	0	0.444551	0.444551	0	0	0	0	0	0	0	0	0	0	0.444551	0.444551	0	0	0	0	0	0	0	0	0	0	0	0	0	0	0.444551	0.444551	0	0	0	0	0	0	0	0	0	0	0	0	0	0	0	0	0	0	0	0	0	0	0	0	0	0.444551	0.444551	0	0	0	0	0	0	0	0.444551	0.444551	0	0	0	0	0	0	0	0	0.444551	0.444551	0	0	0	0	0	0	0	0.444551	0.444551	0	0	0	0	0	0	0	0.444551	0.444551	0	0	0	0	0	0.444551	0.444551	0	0	0	0	0	0	0	0.444551	0.444551	0	0	0	0	0	0	0	0	0	0	0.444551	0.444551	0	0	0	0	0	0	0	0	0	0	0.444551	0.444551	0	0	0	0.444551	0.444551	0	0	0.444551	0.444551	0	0	0	0.444551	0.444551	0	0	0.444551	0.444551	0	0	0	0.444551
0	0	0	0	0	0	0.44451	0.44451	0	0	0	0	0	0	0	0	0	0	0	0	0.44451	0.44451	0	0	0	0	0	0.44451	0.44451	0	0	0	0	0	0	0.44451	0.44451	0	0	0	0	0.44451	0.44451	0	0	0	0	0	0	0	0	0	0.44451	0.44451	0	0	0	0	0	0	0	0	0	0	0	0	0	0	0	0.44451	0.44451	0	0	0	0	0	0	0	0	0	0.44451	0.44451	0	0	0	0	0	0	0	0	0	0	0	0	0.44451	0.44451	0	0	0	0	0.44451	0.44451	0	0	0	0	0	0	0	0	0	0	0.44451	0.44451	0	0	0	0	0	0	0	0	0	0	0	0	0	0	0.44451	0.44451	0	0	0	0	0	0	0	0	0	0	0	0	0	0	0	0	0	0	0	0	0	0	0	0	0	0.44451	0.44451	0	0	0	0	0	0	0	0.44451	0.44451	0	0	0	0	0	0	0	0	0.44451	0.44451	0	0	0	0	0	0	0	0.44451	0.44451	0	0	0	0	0	0	0	0.44451	0.44451	0	0	0	0	0	0.44451	0.44451	0	0	0	0	0	0	0	0.44451	0.44451	0	0	0	0	0	0	0	0	0	0	0.44451	0.44451	0	0	0	0	0	0	0	0	0	0	0.44451	0.44451	0	0	0	0.44451	0.44451	0	0	0.44451	0.44451	0	0	0	0.44451	0.44451	0	0	0.44451	0.44451	0	0	0	0.44451
0.444496	0.444496	0.444496	0.444496	0.444496	0.351405	0.222234	0.47144	0.444496	0.444496	0.444496	0.444496	0.444496	0.444496	0.444496	0.444496	0.444496	0.444496	0.444496	0.444496	0.647931	0.84624	0.888938	0.888938	0.888938	0.888938	0.78573	0.801271	0.84624	0.888938	0.888938	0.888938	0.888938	0.888938	0.888938	1.05411	1.26682	1.33327	1.22724	1.00619	0.888938	1.05411	1.26682	1.33327	1.33327	1.33327	1.22724	1.00619	0.888938	0.888938	0.888938	0.888938	1.05411	1.26682	1.33327	1.33327	1.33327	1.33327	1.33327	1.33327	1.33327	1.33327	1.33327	1.33327	1.22724	1.00619	0.888938	0.888938	0.888938	1.05411	1.26682	1.33327	1.33327	1.33327	1.33327	1.33327	1.22724	1.00619	0.888938	0.888938	1.05411	1.26682	1.33327	1.33327	1.33327	1.33327	1.33327	1.22724	1.00619	0.888938	0.888938	0.888938	0.888938	0.78573	0.801271	0.84624	0.888938	0.888938	0.888938	0.78573	0.801271	0.84624	0.888938	0.888938	0.888938	0.78573	0.566614	0.444496	0.444496	0.444496	0.444496	0.444496	0.628575	0.628575	0.444496	0.444496	0.444496	0.444496	0.444496	0.444496	0.444496	0.444496	0.444496	0.351405	0.15715	0	0	0	0.351383	0.47144	0.444496	0.444496	0.444496	0.444496	0.444496	0.444496	0.444496	0.444496	0.444496	0.444496	0.444496	0.444496	0.444496	0.444496	0.444496	0.444496	0.444496	0.444496	0.444496	0.444496	0.444496	0.444496	0.351405	0.15715	0	0.351383	0.47144	0.444496	0.444496	0.444496	0.444496	0.444496	0.444496	0.444496	0.647931	0.801271	0.566614	0.444496	0.444496	0.444496	0.444496	0.444496	0.351405	0.15715	0.351383	0.47144	0.444496	0.444496	0.351405	0.15715	0	0	0	0.351383	0.47144	0.444496	0.444496	0.351405	0.15715	0	0	0	0.351383	0.496928	0.15715	0	0	0.15715	0.351405	0.47144	0.351383	0	0	0	0.15715	0.351405	0.444496	0.444496	0.47144	0.351383	0	0.15715	0.351405	0.444496	0.444496	0.444496	0.444496	0.566614	0.78573	0.888938	1.05411	1.26682	1.33327	1.33327	1.4486	1.67012	1.77745	1.77745	1.77745	1.67012	1.4486	1.33327	1.48227	1.6994	1.77745	1.77745	1.77745	1.91761	2.13656	2.22141	2.22141	2.35601	2.57581	2.66511	2.66511	2.55662	2.4833	2.57581	2.66511	2.55662	2.4833	2.57581	2.66511	2.66511	2.55662	2.4833
0.444455	0.444455	0.444455	0.444455	0.444455	0.471396	0.222213	0.351372	0.444455	0.444455	0.444455	0.444455	0.444455	0.444455	0.444455	0.444455	0.444455	0.444455	0.444455	0.444455	0.566562	0.785657	0.888856	0.888856	0.888856	0.888856	0.846161	0.801196	0.785657	0.888856	0.888856	0.888856	0.888856	0.888856	0.888856	1.00609	1.22713	1.33315	1.2667	1.05401	0.888856	1.00609	1.22713	1.33315	1.33315	1.33315	1.2667	1.05401	0.888856	0.888856	0.888856	0.888856	1.00609	1.22713	1.33315	1.33315	1.33315	1.33315	1.33315	1.33315	1.33315	1.33315	1.33315	1.33315	1.2667	1.05401	0.888856	0.888856	0.888856	1.00609	1.22713	1.33315	1.33315	1.33315	1.33315	1.33315	1.2667	1.05401	0.888856	0.888856	1.00609	1.22713	1.33315	1.33315	1.33315	1.33315	1.33315	1.2667	1.05401	0.888856	0.888856	0.888856	0.888856	0.846161	0.801196	0.785657	0.888856	0.888856	0.888856	0.846161	0.801196	0.785657	0.888856	0.888856	0.888856	0.846161	0.64787	0.444455	0.444455	0.444455	0.444455	0.444455	0.628517	0.628517	0.444455	0.444455	0.444455	0.444455	0.444455	0.444455	0.444455	0.444455	0.444455	0.471396	0.35135	0	0	0	0.157135	0.351372	0.444455	0.444455	0.444455	0.444455	0.444455	0.444455	0.444455	0.444455	0.444455	0.444455	0.444455	0.444455	0.444455	0.444455	0.444455	0.444455	0.444455	0.444455	0.444455	0.444455	0.444455	0.444455	0.471396	0.35135	0	0.157135	0.351372	0.444455	0.444455	0.444455	0.444455	0.444455	0.444455	0.444455	0.566562	0.801196	0.64787	0.444455	0.444455	0.444455	0.444455	0.444455	0.471396	0.35135	0.157135	0.351372	0.444455	0.444455	0.471396	0.35135	0	0	0	0.157135	0.351372	0.444455	0.444455	0.471396	0.35135	0	0	0	0.157135	0.496882	0.35135	0	0	0.35135	0.471396	0.351372	0.157135	0	0	0	0.35135	0.471396	0.444455	0.444455	0.351372	0.157135	0	0.35135	0.471396	0.444455	0.444455	0.444455	0.444455	0.64787	0.846161	0.888856	1.00609	1.22713	1.33315	1.33315	1.48213	1.69924	1.77728	1.77728	1.77728	1.69924	1.48213	1.33315	1.44846	1.66996	1.77728	1.77728	1.77728	1.89155	2.11316	2.2212	2.2212	2.33478	2.55638	2.66486	2.66486	2.57557	2.48306	2.55638	2.66486	2.57557	2.48306	2.55638	2.66486	2.66486	2.57557	2.48306
0	0	0	0	0	0.444379	0.444379	0	0	0	0	0	0	0	0	0	0	0	0	0	0	0	0	0	0	0	0.444379	0.444379	0	0	0	0	0	0	0	0	0	0	0.444379	0.444379	0	0	0	0	0	0	0.444379	0.444379	0	0	0	0	0	0	0	0	0	0	0	0	0	0	0	0	0.444379	0.444379	0	0	0	0	0	0	0	0	0	0	0.444379	0.444379	0	0	0	0	0	0	0	0	0	0.444379	0.444379	0	0	0	0	0.444379	0.444379	0	0	0	0	0.444379	0.444379	0	0	0	0	0.444379	0.444379	0	0	0	0	0	0.444379	0.444379	0	0	0	0	0	0	0	0	0	0.444379	0.444379	0	0	0	0	0	0	0	0	0	0	0	0	0	0	0	0	0	0	0	0	0	0	0	0	0	0	0	0.444379	0.444379	0	0	0	0	0	0	0	0	0	0	0	0.444379	0.444379	0	0	0	0	0	0.444379	0.444379	0	0	0	0	0.444379	0.444379	0	0	0	0	0	0	0	0.444379	0.444379	0	0	0	0	0.444379	0.444379	0	0	0.444379	0.444379	0	0	0	0	0	0.444379	0.444379	0	0	0	0	0	0.444379	0.444379	0	0	0	0	0.444379	0.444379	0	0	0	0	0	0.444379	0.444379	0	0	0	0.444379	0.444379	0	0	0	0	0	0	0	0	0	0	0	0	0	0	0.444379	0.444379	0	0	0.444379	0.444379	0	0	0	0.444379	0.444379
0	0	0	0	0	0.444337	0.444337	0	0	0	0	0	0	0	0	0	0	0	0	0	0	0	0	0	0	0	0.444337	0.444337	0	0	0	0	0	0	0	0	0	0	0.444337	0.444337	0	0	0	0	0	0	0.444337	0.444337	0	0	0	0	0	0	0	0	0	0	0	0	0	0	0	0	0.444337	0.444337	0	0	0	0	0	0	0	0	0	0	0.444337	0.444337	0	0	0	0	0	0	0	0	0	0.444337	0.444337	0	0	0	0	0.444337	0.444337	0	0	0	0	0.444337	0.444337	0	0	0	0	0.444337	0.444337	0	0	0	0	0	0.444337	0.444337	0	0	0	0	0	0	0	0	0	0.444337	0.444337	0	0	0	0	0	0	0	0	0	0	0	0	0	0	0	0	0	0	0	0	0	0	0	0	0	0	0	0.444337	0.444337	0	0	0	0	0	0	0	0	0	0	0	0.444337	0.444337	0	0	0	0	0	0.444337	0.444337	0	0	0	0	0.444337	0.444337	0	0	0	0	0	0	0	0.444337	0.444337	0	0	0	0	0.444337	0.444337	0	0	0.444337	0.444337	0	0	0	0	0	0.444337	0.444337	0	0	0	0	0	0.444337	0.444337	0	0	0	0	0.444337	0.444337	0	0	0	0	0	0.444337	0.444337	0	0	0	0.444337	0.444337	0	0	0	0	0	0	0	0	0	0	0	0	0	0	0.444337	0.444337	0	0	0.444337	0.444337	0	0	0	0.444337	0.444337
0	0	0	0	0	0.444296	0.444296	0	0	0	0	0	0	0	0	0	0	0	0	0	0	0	0	0	0	0	0.444296	0.444296	0	0	0	0	0	0	0	0	0	0	0.444296	0.444296	0	0	0	0	0	0	0.444296	0.444296	0	0	0	0	0	0	0	0	0	0	0	0	0	0	0	0	0.444296	0.444296	0	0	0	0	0	0	0	0	0	0	0.444296	0.444296	0	0	0	0	0	0	0	0	0	0.444296	0.444296	0	0	0	0	0.444296	0.444296	0	0	0	0	0.444296	0.444296	0	0	0	0	0.444296	0.444296	0	0	0	0	0	0.444296	0.444296	0	0	0	0	0	0	0	0	0	0.444296	0.444296	0	0	0	0	0	0	0	0	0	0	0	0	0	0	0	0	0	0	0	0	0	0	0	0	0	0	0	0.444296	0.444296	0	0	0	0	0	0	0	0	0	0	0	0.444296	0.444296	0	0	0	0	0	0.444296	0.444296	0	0	0	0	0.444296	0.444296	0	0	0	0	0	0	0	0.444296	0.444296	0	0	0	0	0.444296	0.444296	0	0	0.444296	0.444296	0	0	0	0	0	0.444296	0.444296	0	0	0	0	0	0.444296	0.444296	0	0	0	0	0.444296	0.444296	0	0	0	0	0	0.444296	0.444296	0	0	0	0.444296	0.444296	0	0	0	0	0	0	0	0	0	0	0	0	0	0	0.444296	0.444296	0	0	0.444296	0.444296	0	0	0	0.444296	0.444296
0	0	0	0	0	0.444255	0.444255	0	0	0	0	0	0	0	0	0	0	0	0	0	0	0	0	0	0	0	0.444255	0.444255	0	0	0	0	0	0	0	0	0	0	0.444255	0.444255	0	0	0	0	0	0	0.444255	0.444255	0	0	0	0	0	0	0	0	0	0	0	0	0	0	0	0	0.444255	0.444255	0	0	0	0	0	0	0	0	0	0	0.444255	0.444255	0	0	0	0	0	0	0	0	0	0.444255	0.444255	0	0	0	0	0.444255	0.444255	0	0	0	0	0.444255	0.444255	0	0	0	0	0.444255	0.444255	0	0	0	0	0	0.444255	0.444255	0	0	0	0	0	0	0	0	0	0.444255	0.444255	0	0	0	0	0	0	0	0	0	0	0	0	0	0	0	0	0	0	0	0	0	0	0	0	0	0	0	0.444255	0.444255	0	0	0	0	0	0	0	0	0	0	0	0.444255	0.444255	0	0	0	0	0	0.444255	0.444255	0	0	0	0	0.444255	0.444255	0	0	0	0	0	0	0	0.444255	0.444255	0	0	0	0	0.444255	0.444255	0	0	0.444255	0.444255	0	0	0	0	0	0.444255	0.444255	0	0	0	0	0	0.444255	0.444255	0	0	0	0	0.444255	0.444255	0	0	0	0	0	0.444255	0.444255	0	0	0	0.444255	0.444255	0	0	0	0	0	0	0	0	0	0	0	0	0	0	0.444255	0.444255	0	0	0.444255	0.444255	0	0	0	0.444255	0.444255
0.78528	0.56629	0.444241	0.444241	0.351204	0.496649	0.471173	0.444241	0.444241	0.444241	0.444241	0.351204	0.157061	0	0	0	0	0	0	0	0.157061	0.351204	0.444241	0.444241	0.444241	0.444241	0.647562	0.845757	0.888428	0.888428	0.888428	0.888428	0.888428	0.888428	0.888428	0.888428	0.888428	0.888428	1.05351	1.2661	1.33251	1.33251	1.33251	1.33251	1.33251	1.33251	1.48142	1.69843	1.77643	1.77643	1.77643	1.77643	1.77643	1.77643	1.77643	1.77643	1.77643	1.77643	1.77643	1.77643	1.77643	1.77643	1.77643	1.77643	1.83106	1.83106	1.77643	1.77643	1.77643	1.77643	1.77643	1.77643	1.77643	1.77643	1.77643	1.77643	1.91652	2.13534	2.11215	1.89064	1.77643	1.77643	1.77643	1.77643	1.66916	1.44777	1.33251	1.48142	1.69843	1.66916	1.44777	1.33251	1.33251	1.48142	1.69843	1.77643	1.66916	1.44777	1.33251	1.48142	1.61666	1.44777	1.33251	1.22654	1.00561	1.05351	1.2661	1.22654	1.00561	0.888428	0.78528	0.56629	0.647562	0.845757	0.888428	0.888428	0.888428	0.78528	0.56629	0.444241	0.444241	0.444241	0.444241	0.647562	0.845757	0.888428	0.888428	0.888428	0.888428	0.78528	0.56629	0.444241	0.444241	0.444241	0.444241	0.444241	0.444241	0.444241	0.444241	0.444241	0.444241	0.444241	0.444241	0.444241	0.444241	0.444241	0.444241	0.444241	0.444241	0.444241	0.444241	0.444241	0.647562	0.845757	0.888428	0.888428	0.888428	0.888428	0.888428	0.888428	0.888428	0.888428	0.888428	0.888428	0.78528	0.800815	0.845757	0.888428	0.888428	0.888428	0.888428	0.888428	1.05351	1.2661	1.22654	1.00561	0.888428	0.888428	1.05351	1.2661	1.33251	1.33251	1.33251	1.33251	1.22654	1.00561	0.888428	1.05351	1.196	1.00561	0.888428	0.888428	0.888428	0.993261	0.993261	0.888428	0.78528	0.800815	0.845757	0.888428	0.888428	0.888428	0.78528	0.56629	0.647562	0.845757	0.78528	0.56629	0.444241	0.444241	0.351204	0.496649	0.471173	0.444241	0.444241	0.351204	0.157061	0.444213	0.444213	0	0	0	0.157061	0.351204	0.471173	0.351186	0	0	0.157061	0.496668	0.845757	0.888428	0.888428	0.888428	1.00561	1.22654	1.33251	1.33251	1.33251	1.33251	1.33251	1.33251	1.33251	1.33251	1.33251	1.48142	1.69843	1.66916	1.44777	1.48142	1.69843	1.77643	1.77643	1.77643	1.83106	1.83106
0.845676	0.647499	0.4442	0.4442	0.471125	0.496597	0.35117	0.4442	0.4442	0.4442	0.4442	0.471125	0.351149	0	0	0	0	0	0	0	0.351149	0.471125	0.4442	0.4442	0.4442	0.4442	0.566237	0.785207	0.888346	0.888346	0.888346	0.888346	0.888346	0.888346	0.888346	0.888346	0.888346	0.888346	1.00552	1.22642	1.33239	1.33239	1.33239	1.33239	1.33239	1.33239	1.44763	1.66901	1.77626	1.77626	1.77626	1.77626	1.77626	1.77626	1.77626	1.77626	1.77626	1.77626	1.77626	1.77626	1.77626	1.77626	1.77626	1.77626	1.83089	1.83089	1.77626	1.77626	1.77626	1.77626	1.77626	1.77626	1.77626	1.77626	1.77626	1.77626	1.89046	2.11195	2.13514	1.91634	1.77626	1.77626	1.77626	1.77626	1.69827	1.48128	1.33239	1.44763	1.66901	1.69827	1.48128	1.33239	1.33239	1.44763	1.66901	1.77626	1.69827	1.48128	1.33239	1.44763	1.6165	1.48128	1.33239	1.26598	1.05341	1.00552	1.22642	1.26598	1.05341	0.888346	0.845676	0.647499	0.566237	0.785207	0.888346	0.888346	0.888346	0.845676	0.647499	0.4442	0.4442	0.4442	0.4442	0.566237	0.785207	0.888346	0.888346	0.888346	0.888346	0.845676	0.647499	0.4442	0.4442	0.4442	0.4442	0.4442	0.4442	0.4442	0.4442	0.4442	0.4442	0.4442	0.4442	0.4442	0.4442	0.4442	0.4442	0.4442	0.4442	0.4442	0.4442	0.4442	0.566237	0.785207	0.888346	0.888346	0.888346	0.888346	0.888346	0.888346	0.888346	0.888346	0.888346	0.888346	0.845676	0.800737	0.785207	0.888346	0.888346	0.888346	0.888346	0.888346	1.00552	1.22642	1.26598	1.05341	0.888346	0.888346	1.00552	1.22642	1.33239	1.33239	1.33239	1.33239	1.26598	1.05341	0.888346	1.00552	1.19588	1.05341	0.888346	0.888346	0.888346	0.993165	0.993165	0.888346	0.845676	0.800737	0.785207	0.888346	0.888346	0.888346	0.845676	0.647499	0.566237	0.785207	0.845676	0.647499	0.4442	0.4442	0.471125	0.496597	0.35117	0.4442	0.4442	0.471125	0.351149	0.444165	0.444165	0	0	0	0.351149	0.471125	0.35117	0.157045	0	0	0.351149	0.49662	0.785207	0.888346	0.888346	0.888346	1.05341	1.26598	1.33239	1.33239	1.33239	1.33239	1.33239	1.33239	1.33239	1.33239	1.33239	1.44763	1.66901	1.69827	1.48128	1.44763	1.66901	1.77626	1.77626	1.77626	1.83089	1.83089
0.444124	0.444124	0	0	0.444124	0.444124	0	0	0	0	0	0.444124	0.444124	0	0	0	0	0	0	0	0.444124	0.444124	0	0	0	0	0	0	0	0	0	0	0	0	0	0	0	0	0	0	0	0	0	0	0	0	0	0	0	0	0	0	0	0	0	0	0	0	0	0	0	0	0	0	0.444124	0.444124	0	0	0	0	0	0	0	0	0	0	0	0	0.444124	0.444124	0	0	0	0	0.444124	0.444124	0	0	0	0.444124	0.444124	0	0	0	0	0	0.444124	0.444124	0	0	0.444124	0.444124	0	0.444124	0.444124	0	0	0.444124	0.444124	0	0.444124	0.444124	0	0	0	0	0	0.444124	0.444124	0	0	0	0	0	0	0	0	0	0	0.444124	0.444124	0	0	0	0	0	0	0	0	0	0	0	0	0	0	0	0	0	0	0	0	0	0	0	0	0	0	0	0	0	0	0	0	0	0.444124	0.444124	0	0	0	0	0	0	0	0	0.444124	0.444124	0	0	0	0	0	0	0	0	0.444124	0.444124	0	0	0.444124	0.444124	0	0	0	0.444124	0.444124	0	0.444124	0.444124	0	0	0	0	0.444124	0.444124	0	0	0.444124	0.444124	0	0	0.444124	0.444124	0	0	0	0.444124	0.444124	0.444124	0.444124	0	0	0	0.444124	0.444124	0	0	0	0	0.444124	0.444124	0	0	0	0	0.444124	0.444124	0	0	0	0	0	0	0	0	0	0	0	0.444124	0.444124	0	0	0	0	0	0.444124	0.444124
0.444082	0.444082	0	0	0.444082	0.444082	0	0	0	0	0	0.444082	0.444082	0	0	0	0	0	0	0	0.444082	0.444082	0	0	0	0	0	0	0	0	0	0	0	0	0	0	0	0	0	0	0	0	0	0	0	0	0	0	0	0	0	0	0	0	0	0	0	0	0	0	0	0	0	0	0.444082	0.444082	0	0	0	0	0	0	0	0	0	0	0	0	0.444082	0.444082	0	0	0	0	0.444082	0.444082	0	0	0	0.444082	0.444082	0	0	0	0	0	0.444082	0.444082	0	0	0.444082	0.444082	0	0.444082	0.444082	0	0	0.444082	0.444082	0	0.444082	0.444082	0	0	0	0	0	0.444082	0.444082	0	0	0	0	0	0	0	0	0	0	0.444082	0.444082	0	0	0	0	0	0	0	0	0	0	0	0	0	0	0	0	0	0	0	0	0	0	0	0	0	0	0	0	0	0	0	0	0	0.444082	0.444082	0	0	0	0	0	0	0	0	0.444082	0.444082	0	0	0	0	0	0	0	0	0.444082	0.444082	0	0	0.444082	0.444082	0	0	0	0.444082	0.444082	0	0.444082	0.444082	0	0	0	0	0.444082	0.444082	0	0	0.444082	0.444082	0	0	0.444082	0.444082	0	0	0	0.444082	0.444082	0.444082	0.444082	0	0	0	0.444082	0.444082	0	0	0	0	0.444082	0.444082	0	0	0	0	0.444082	0.444082	0	0	0	0	0	0	0	0	0	0	0	0.444082	0.444082	0	0	0	0	0	0.444082	0.444082
0.444041	0.444041	0	0	0.444041	0.444041	0	0	0	0	0	0.444041	0.444041	0	0	0	0	0	0	0	0.444041	0.444041	0	0	0	0	0	0	0	0	0	0	0	0	0	0	0	0	0	0	0	0	0	0	0	0	0	0	0	0	0	0	0	0	0	0	0	0	0	0	0	0	0	0	0.444041	0.444041	0	0	0	0	0	0	0	0	0	0	0	0	0.444041	0.444041	0	0	0	0	0.444041	0.444041	0	0	0	0.444041	0.444041	0	0	0	0	0	0.444041	0.444041	0	0	0.444041	0.444041	0	0.444041	0.444041	0	0	0.444041	0.444041	0	0.444041	0.444041	0	0	0	0	0	0.444041	0.444041	0	0	0	0	0	0	0	0	0	0	0.444041	0.444041	0	0	0	0	0	0	0	0	0	0	0	0	0	0	0	0	0	0	0	0	0	0	0	0	0	0	0	0	0	0	0	0	0	0.444041	0.444041	0	0	0	0	0	0	0	0	0.444041	0.444041	0	0	0	0	0	0	0	0	0.444041	0.444041	0	0	0.444041	0.444041	0	0	0	0.444041	0.444041	0	0.444041	0.444041	0	0	0	0	0.444041	0.444041	0	0	0.444041	0.444041	0	0	0.444041	0.444041	0	0	0	0.444041	0.444041	0.444041	0.444041	0	0	0	0.444041	0.444041	0	0	0	0	0.444041	0.444041	0	0	0	0	0.444041	0.444041	0	0	0	0	0	0	0	0	0	0	0	0.444041	0.444041	0	0	0	0	0	0.444041	0.444041
0.444	0.444	0	0	0.444	0.444	0	0	0	0	0	0.444	0.444	0	0	0	0	0	0	0	0.444	0.444	0	0	0	0	0	0	0	0	0	0	0	0	0	0	0	0	0	0	0	0	0	0	0	0	0	0	0	0	0	0	0	0	0	0	0	0	0	0	0	0	0	0	0.444	0.444	0	0	0	0	0	0	0	0	0	0	0	0	0.444	0.444	0	0	0	0	0.444	0.444	0	0	0	0.444	0.444	0	0	0	0	0	0.444	0.444	0	0	0.444	0.444	0	0.444	0.444	0	0	0.444	0.444	0	0.444	0.444	0	0	0	0	0	0.444	0.444	0	0	0	0	0	0	0	0	0	0	0.444	0.444	0	0	0	0	0	0	0	0	0	0	0	0	0	0	0	0	0	0	0	0	0	0	0	0	0	0	0	0	0	0	0	0	0	0.444	0.444	0	0	0	0	0	0	0	0	0.444	0.444	0	0	0	0	0	0	0	0	0.444	0.444	0	0	0.444	0.444	0	0	0	0.444	0.444	0	0.444	0.444	0	0	0	0	0.444	0.444	0	0	0.444	0.444	0	0	0.444	0.444	0	0	0	0.444	0.444	0.444	0.444	0	0	0	0.444	0.444	0	0	0	0	0.444	0.444	0	0	0	0	0.444	0.444	0	0	0	0	0	0	0	0	0	0	0	0.444	0.444	0	0	0	0	0	0.444	0.444
0.443959	0.443959	0	0	0.443959	0.443959	0	0	0	0	0	0.443959	0.443959	0	0	0	0	0	0	0	0.443959	0.443959	0	0	0	0	0	0	0	0	0	0	0	0	0	0	0	0	0	0	0	0	0	0	0	0	0	0	0	0	0	0	0	0	0	0	0	0	0	0	0	0	0	0	0.443959	0.443959	0	0	0	0	0	0	0	0	0	0	0	0	0.443959	0.443959	0	0	0	0	0.443959	0.443959	0	0	0	0.443959	0.443959	0	0	0	0	0	0.443959	0.443959	0	0	0.443959	0.443959	0	0.443959	0.443959	0	0	0.443959	0.443959	0	0.443959	0.443959	0	0	0	0	0	0.443959	0.443959	0	0	0	0	0	0	0	0	0	0	0.443959	0.443959	0	0	0	0	0	0	0	0	0	0	0	0	0	0	0	0	0	0	0	0	0	0	0	0	0	0	0	0	0	0	0	0	0	0.443959	0.443959	0	0	0	0	0	0	0	0	0.443959	0.443959	0	0	0	0	0	0	0	0	0.443959	0.443959	0	0	0.443959	0.443959	0	0	0	0.443959	0.443959	0	0.443959	0.443959	0	0	0	0	0.443959	0.443959	0	0	0.443959	0.443959	0	0	0.443959	0.443959	0	0	0	0.443959	0.443959	0.443959	0.443959	0	0	0	0.443959	0.443959	0	0	0	0	0.443959	0.443959	0	0	0	0	0.443959	0.443959	0	0	0	0	0	0	0	0	0	0	0	0.443959	0.443959	0	0	0	0	0	0.443959	0.443959
0.44391	0.44391	0	0	0.44391	0.44391	0	0	0	0	0	0.44391	0.44391	0	0	0	0	0	0	0	0.44391	0.44391	0	0	0	0	0	0	0	0	0	0	0	0	0	0	0	0	0	0	0	0	0	0	0	0	0	0	0	0	0	0	0	0	0	0	0	0	0	0	0	0	0	0	0.44391	0.44391	0	0	0	0	0	0	0	0	0	0	0	0	0.44391	0.44391	0	0	0	0	0.44391	0.44391	0	0	0	0.44391	0.44391	0	0	0	0	0	0.44391	0.44391	0	0	0.44391	0.44391	0	0.44391	0.44391	0	0	0.44391	0.44391	0	0.44391	0.44391	0	0	0	0	0	0.44391	0.44391	0	0	0	0	0	0	0	0	0	0	0.44391	0.44391	0	0	0	0	0	0	0	0	0	0	0	0	0	0	0	0	0	0	0	0	0	0	0	0	0	0	0	0	0	0	0	0	0	0.44391	0.44391	0	0	0	0	0	0	0	0	0.44391	0.44391	0	0	0	0	0	0	0	0	0.44391	0.44391	0	0	0.44391	0.44391	0	0	0	0.44391	0.44391	0	0.44391	0.44391	0	0	0	0	0.44391	0.44391	0	0	0.44391	0.44391	0	0	0.44391	0.44391	0	0	0	0.44391	0.44391	0.44391	0.44391	0	0	0	0.44391	0.44391	0	0	0	0	0.44391	0.44391	0	0	0	0	0.44391	0.44391	0	0	0	0	0	0	0	0	0	0	0	0.44391	0.44391	0	0	0	0	0	0.44391	0.44391
0.443869	0.443869	0	0	0.443869	0.443869	0	0	0	0	0	0.443869	0.443869	0	0	0	0	0	0	0	0.443869	0.443869	0	0	0	0	0	0	0	0	0	0	0	0	0	0	0	0	0	0	0	0	0	0	0	0	0	0	0	0	0	0	0	0	0	0	0	0	0	0	0	0	0	0	0.443869	0.443869	0	0	0	0	0	0	0	0	0	0	0	0	0.443869	0.443869	0	0	0	0	0.443869	0.443869	0	0	0	0.443869	0.443869	0	0	0	0	0	0.443869	0.443869	0	0	0.443869	0.443869	0	0.443869	0.443869	0	0	0.443869	0.443869	0	0.443869	0.443869	0	0	0	0	0	0.443869	0.443869	0	0	0	0	0	0	0	0	0	0	0.443869	0.443869	0	0	0	0	0	0	0	0	0	0	0	0	0	0	0	0	0	0	0	0	0	0	0	0	0	0	0	0	0	0	0	0	0	0.443869	0.443869	0	0	0	0	0	0	0	0	0.443869	0.443869	0	0	0	0	0	0	0	0	0.443869	0.443869	0	0	0.443869	0.443869	0	0	0	0.443869	0.443869	0	0.443869	0.443869	0	0	0	0	0.443869	0.443869	0	0	0.443869	0.443869	0	0	0.443869	0.443869	0	0	0	0.443869	0.443869	0.443869	0.443869	0	0	0	0.443869	0.443869	0	0	0	0	0.443869	0.443869	0	0	0	0	0.443869	0.443869	0	0	0	0	0	0	0	0	0	0	0	0.443869	0.443869	0	0	0	0	0	0.443869	0.443869
0.443828	0.443828	0	0	0.443828	0.443828	0	0	0	0	0	0.443828	0.443828	0	0	0	0	0	0	0	0.443828	0.443828	0	0	0	0	0	0	0	0	0	0	0	0	0	0	0	0	0	0	0	0	0	0	0	0	0	0	0	0	0	0	0	0	0	0	0	0	0	0	0	0	0	0	0.443828	0.443828	0	0	0	0	0	0	0	0	0	0	0	0	0.443828	0.443828	0	0	0	0	0.443828	0.443828	0	0	0	0.443828	0.443828	0	0	0	0	0	0.443828	0.443828	0	0	0.443828	0.443828	0	0.443828	0.443828	0	0	0.443828	0.443828	0	0.443828	0.443828	0	0	0	0	0	0.443828	0.443828	0	0	0	0	0	0	0	0	0	0	0.443828	0.443828	0	0	0	0	0	0	0	0	0	0	0	0	0	0	0	0	0	0	0	0	0	0	0	0	0	0	0	0	0	0	0	0	0	0.443828	0.443828	0	0	0	0	0	0	0	0	0.443828	0.443828	0	0	0	0	0	0	0	0	0.443828	0.443828	0	0	0.443828	0.443828	0	0	0	0.443828	0.443828	0	0.443828	0.443828	0	0	0	0	0.443828	0.443828	0	0	0.443828	0.443828	0	0	0.443828	0.443828	0	0	0	0.443828	0.443828	0.443828	0.443828	0	0	0	0.443828	0.443828	0	0	0	0	0.443828	0.443828	0	0	0	0	0.443828	0.443828	0	0	0	0	0	0	0	0	0	0	0	0.443828	0.443828	0	0	0	0	0	0.443828	0.443828
0.443787	0.443787	0	0	0.443787	0.443787	0	0	0	0	0	0.443787	0.443787	0	0	0	0	0	0	0	0.443787	0.443787	0	0	0	0	0	0	0	0	0	0	0	0	0	0	0	0	0	0	0	0	0	0	0	0	0	0	0	0	0	0	0	0	0	0	0	0	0	0	0	0	0	0	0.443787	0.443787	0	0	0	0	0	0	0	0	0	0	0	0	0.443787	0.443787	0	0	0	0	0.443787	0.443787	0	0	0	0.443787	0.443787	0	0	0	0	0	0.443787	0.443787	0	0	0.443787	0.443787	0	0.443787	0.443787	0	0	0.443787	0.443787	0	0.443787	0.443787	0	0	0	0	0	0.443787	0.443787	0	0	0	0	0	0	0	0	0	0	0.443787	0.443787	0	0	0	0	0	0	0	0	0	0	0	0	0	0	0	0	0	0	0	0	0	0	0	0	0	0	0	0	0	0	0	0	0	0.443787	0.443787	0	0	0	0	0	0	0	0	0.443787	0.443787	0	0	0	0	0	0	0	0	0.443787	0.443787	0	0	0.443787	0.443787	0	0	0	0.443787	0.443787	0	0.443787	0.443787	0	0	0	0	0.443787	0.443787	0	0	0.443787	0.443787	0	0	0.443787	0.443787	0	0	0	0.443787	0.443787	0.443787	0.443787	0	0	0	0.443787	0.443787	0	0	0	0	0.443787	0.443787	0	0	0	0	0.443787	0.443787	0	0	0	0	0	0	0	0	0	0	0	0.443787	0.443787	0	0	0	0	0	0.443787	0.443787
0.443745	0.443745	0	0	0.443745	0.443745	0	0	0	0	0	0.443745	0.443745	0	0	0	0	0	0	0	0.443745	0.443745	0	0	0	0	0	0	0	0	0	0	0	0	0	0	0	0	0	0	0	0	0	0	0	0	0	0	0	0	0	0	0	0	0	0	0	0	0	0	0	0	0	0	0.443745	0.443745	0	0	0	0	0	0	0	0	0	0	0	0	0.443745	0.443745	0	0	0	0	0.443745	0.443745	0	0	0	0.443745	0.443745	0	0	0	0	0	0.443745	0.443745	0	0	0.443745	0.443745	0	0.443745	0.443745	0	0	0.443745	0.443745	0	0.443745	0.443745	0	0	0	0	0	0.443745	0.443745	0	0	0	0	0	0	0	0	0	0	0.443745	0.443745	0	0	0	0	0	0	0	0	0	0	0	0	0	0	0	0	0	0	0	0	0	0	0	0	0	0	0	0	0	0	0	0	0	0.443745	0.443745	0	0	0	0	0	0	0	0	0.443745	0.443745	0	0	0	0	0	0	0	0	0.443745	0.443745	0	0	0.443745	0.443745	0	0	0	0.443745	0.443745	0	0.443745	0.443745	0	0	0	0	0.443745	0.443745	0	0	0.443745	0.443745	0	0	0.443745	0.443745	0	0	0	0.443745	0.443745	0.443745	0.443745	0	0	0	0.443745	0.443745	0	0	0	0	0.443745	0.443745	0	0	0	0	0.443745	0.443745	0	0	0	0	0	0	0	0	0	0	0	0.443745	0.443745	0	0	0	0	0	0.443745	0.443745
1.40296	1.40296	1.331	1.331	1.40296	1.40296	1.22515	1.00447	0.887424	0.887424	0.887424	0.992135	0.992135	0.887424	0.784392	0.565649	0.443739	0.350806	0.156882	0	0.350784	0.470636	0.350806	0.156882	0	0	0	0	0	0	0	0.156882	0.350806	0.443739	0.565649	0.784392	0.887424	0.887424	1.00447	1.22515	1.331	1.331	1.331	1.331	1.331	1.331	1.331	1.331	1.331	1.331	1.44613	1.66728	1.77442	1.77442	1.77442	1.77442	1.77442	1.77442	1.77442	1.77442	1.77442	1.77442	1.77442	1.77442	1.91435	2.13292	2.21763	2.21763	2.21763	2.21763	2.21763	2.21763	2.21763	2.21763	2.21763	2.21763	2.10976	1.8885	1.91435	2.13292	2.21763	2.21763	2.21763	2.21763	2.26149	2.26149	2.21763	2.21763	2.21763	2.26149	2.26149	2.21763	2.21763	2.21763	2.10976	1.8885	1.91435	2.13292	2.21763	2.10976	2.0447	2.13292	2.21763	2.26149	2.26149	2.21763	2.21763	2.26149	2.26149	2.21763	2.26149	2.26149	2.10976	1.8885	1.77442	1.77442	1.77442	1.82899	1.82899	1.77442	1.66728	1.44613	1.331	1.331	1.331	1.22515	1.00447	0.887424	0.887424	1.05231	1.26466	1.331	1.331	1.331	1.22515	1.00447	0.887424	0.887424	0.887424	0.887424	0.887424	0.887424	0.887424	0.887424	0.887424	0.887424	0.887424	0.887424	0.887424	1.00447	1.22515	1.331	1.331	1.331	1.331	1.22515	1.00447	0.887424	0.887424	0.887424	0.887424	0.887424	0.887424	0.887424	1.05231	1.26466	1.331	1.331	1.331	1.331	1.331	1.331	1.331	1.331	1.47975	1.69651	1.77442	1.77442	1.66728	1.44613	1.331	1.331	1.331	1.331	1.40296	1.40296	1.331	1.331	1.47975	1.69651	1.66728	1.44613	1.331	1.40296	1.40296	1.331	1.47975	1.61483	1.44613	1.331	1.331	1.331	1.40296	1.40296	1.331	1.22515	1.19464	1.26466	1.22515	1.00447	1.05231	1.19464	1.00447	0.887424	0.887424	0.992135	0.992135	0.992135	0.992135	0.887424	0.887424	0.887424	0.992135	0.992135	0.887424	0.784392	0.565649	0.443739	0.627504	0.627504	0.443739	0.350806	0.156882	0	0.443704	0.443704	0	0	0	0	0	0	0	0	0	0	0	0.350784	0.470636	0.443739	0.443739	0.443739	0.443739	0.443739	0.646827	0.844799
1.40281	1.40281	1.33086	1.33086	1.40281	1.40281	1.26453	1.0522	0.887328	0.887328	0.887328	0.99203	0.99203	0.887328	0.844709	0.646759	0.44369	0.470589	0.350751	0	0.156866	0.350769	0.470589	0.350751	0	0	0	0	0	0	0	0.350751	0.470589	0.44369	0.646759	0.844709	0.887328	0.887328	1.0522	1.26453	1.33086	1.33086	1.33086	1.33086	1.33086	1.33086	1.33086	1.33086	1.33086	1.33086	1.47959	1.69632	1.77423	1.77423	1.77423	1.77423	1.77423	1.77423	1.77423	1.77423	1.77423	1.77423	1.77423	1.77423	1.8883	2.10953	2.21739	2.21739	2.21739	2.21739	2.21739	2.21739	2.21739	2.21739	2.21739	2.21739	2.13269	1.91414	1.8883	2.10953	2.21739	2.21739	2.21739	2.21739	2.26125	2.26125	2.21739	2.21739	2.21739	2.26125	2.26125	2.21739	2.21739	2.21739	2.13269	1.91414	1.8883	2.10953	2.21739	2.13269	2.04448	2.10953	2.21739	2.26125	2.26125	2.21739	2.21739	2.26125	2.26125	2.21739	2.26125	2.26125	2.13269	1.91414	1.77423	1.77423	1.77423	1.82879	1.82879	1.77423	1.69632	1.47959	1.33086	1.33086	1.33086	1.26453	1.0522	0.887328	0.887328	1.00436	1.22502	1.33086	1.33086	1.33086	1.26453	1.0522	0.887328	0.887328	0.887328	0.887328	0.887328	0.887328	0.887328	0.887328	0.887328	0.887328	0.887328	0.887328	0.887328	1.0522	1.26453	1.33086	1.33086	1.33086	1.33086	1.26453	1.0522	0.887328	0.887328	0.887328	0.887328	0.887328	0.887328	0.887328	1.00436	1.22502	1.33086	1.33086	1.33086	1.33086	1.33086	1.33086	1.33086	1.33086	1.44598	1.66709	1.77423	1.77423	1.69632	1.47959	1.33086	1.33086	1.33086	1.33086	1.40281	1.40281	1.33086	1.33086	1.44598	1.66709	1.69632	1.47959	1.33086	1.40281	1.40281	1.33086	1.44598	1.61465	1.47959	1.33086	1.33086	1.33086	1.40281	1.40281	1.33086	1.26453	1.19451	1.22502	1.26453	1.0522	1.00436	1.19451	1.0522	0.887328	0.887328	0.99203	0.99203	0.99203	0.99203	0.887328	0.887328	0.887328	0.99203	0.99203	0.887328	0.844709	0.646759	0.44369	0.627441	0.627441	0.44369	0.470589	0.350751	0	0.443663	0.443663	0	0	0	0	0	0	0	0	0	0	0	0.156866	0.350769	0.44369	0.44369	0.44369	0.44369	0.44369	0.565588	0.784307
0.443615	0.443615	0	0	0.443615	0.443615	0.443615	0.443615	0	0	0	0.443615	0.443615	0	0.443615	0.443615	0	0.443615	0.443615	0	0	0	0.443615	0.443615	0	0	0	0	0	0	0	0.443615	0.443615	0	0.443615	0.443615	0	0	0.443615	0.443615	0	0	0	0	0	0	0	0	0	0	0.443615	0.443615	0	0	0	0	0	0	0	0	0	0	0	0	0	0	0	0	0	0	0	0	0	0	0	0	0.443615	0.443615	0	0	0	0	0	0	0.443615	0.443615	0	0	0	0.443615	0.443615	0	0	0	0.443615	0.443615	0	0	0	0.443615	0.443615	0	0	0.443615	0.443615	0	0	0.443615	0.443615	0	0.443615	0.443615	0.443615	0.443615	0	0	0	0.443615	0.443615	0	0.443615	0.443615	0	0	0	0.443615	0.443615	0	0	0	0	0	0	0	0.443615	0.443615	0	0	0	0	0	0	0	0	0	0	0	0	0	0.443615	0.443615	0	0	0	0	0.443615	0.443615	0	0	0	0	0	0	0	0	0	0	0	0	0	0	0	0	0	0	0	0	0	0.443615	0.443615	0	0	0	0	0.443615	0.443615	0	0	0	0	0.443615	0.443615	0	0.443615	0.443615	0	0	0.443615	0.443615	0	0	0	0.443615	0.443615	0	0.443615	0.443615	0	0.443615	0.443615	0	0.443615	0.443615	0	0	0.443615	0.443615	0.443615	0.443615	0	0	0	0.443615	0.443615	0	0.443615	0.443615	0	0.443615	0.443615	0	0.443615	0.443615	0	0.443615	0.443615	0	0	0	0	0	0	0	0	0	0	0	0	0	0	0	0	0	0	0	0
0.443574	0.443574	0	0	0.443574	0.443574	0.443574	0.443574	0	0	0	0.443574	0.443574	0	0.443574	0.443574	0	0.443574	0.443574	0	0	0	0.443574	0.443574	0	0	0	0	0	0	0	0.443574	0.443574	0	0.443574	0.443574	0	0	0.443574	0.443574	0	0	0	0	0	0	0	0	0	0	0.443574	0.443574	0	0	0	0	0	0	0	0	0	0	0	0	0	0	0	0	0	0	0	0	0	0	0	0	0.443574	0.443574	0	0	0	0	0	0	0.443574	0.443574	0	0	0	0.443574	0.443574	0	0	0	0.443574	0.443574	0	0	0	0.443574	0.443574	0	0	0.443574	0.443574	0	0	0.443574	0.443574	0	0.443574	0.443574	0.443574	0.443574	0	0	0	0.443574	0.443574	0	0.443574	0.443574	0	0	0	0.443574	0.443574	0	0	0	0	0	0	0	0.443574	0.443574	0	0	0	0	0	0	0	0	0	0	0	0	0	0.443574	0.443574	0	0	0	0	0.443574	0.443574	0	0	0	0	0	0	0	0	0	0	0	0	0	0	0	0	0	0	0	0	0	0.443574	0.443574	0	0	0	0	0.443574	0.443574	0	0	0	0	0.443574	0.443574	0	0.443574	0.443574	0	0	0.443574	0.443574	0	0	0	0.443574	0.443574	0	0.443574	0.443574	0	0.443574	0.443574	0	0.443574	0.443574	0	0	0.443574	0.443574	0.443574	0.443574	0	0	0	0.443574	0.443574	0	0.443574	0.443574	0	0.443574	0.443574	0	0.443574	0.443574	0	0.443574	0.443574	0	0	0	0	0	0	0	0	0	0	0	0	0	0	0	0	0	0	0	0
0.443532	0.443532	0	0	0.443532	0.443532	0.443532	0.443532	0	0	0	0.443532	0.443532	0	0.443532	0.443532	0	0.443532	0.443532	0	0	0	0.443532	0.443532	0	0	0	0	0	0	0	0.443532	0.443532	0	0.443532	0.443532	0	0	0.443532	0.443532	0	0	0	0	0	0	0	0	0	0	0.443532	0.443532	0	0	0	0	0	0	0	0	0	0	0	0	0	0	0	0	0	0	0	0	0	0	0	0	0.443532	0.443532	0	0	0	0	0	0	0.443532	0.443532	0	0	0	0.443532	0.443532	0	0	0	0.443532	0.443532	0	0	0	0.443532	0.443532	0	0	0.443532	0.443532	0	0	0.443532	0.443532	0	0.443532	0.443532	0.443532	0.443532	0	0	0	0.443532	0.443532	0	0.443532	0.443532	0	0	0	0.443532	0.443532	0	0	0	0	0	0	0	0.443532	0.443532	0	0	0	0	0	0	0	0	0	0	0	0	0	0.443532	0.443532	0	0	0	0	0.443532	0.443532	0	0	0	0	0	0	0	0	0	0	0	0	0	0	0	0	0	0	0	0	0	0.443532	0.443532	0	0	0	0	0.443532	0.443532	0	0	0	0	0.443532	0.443532	0	0.443532	0.443532	0	0	0.443532	0.443532	0	0	0	0.443532	0.443532	0	0.443532	0.443532	0	0.443532	0.443532	0	0.443532	0.443532	0	0	0.443532	0.443532	0.443532	0.443532	0	0	0	0.443532	0.443532	0	0.443532	0.443532	0	0.443532	0.443532	0	0.443532	0.443532	0	0.443532	0.443532	0	0	0	0	0	0	0	0	0	0	0	0	0	0	0	0	0	0	0	0
0.443491	0.443491	0	0	0.443491	0.443491	0.443491	0.443491	0	0	0	0.443491	0.443491	0	0.443491	0.443491	0	0.443491	0.443491	0	0	0	0.443491	0.443491	0	0	0	0	0	0	0	0.443491	0.443491	0	0.443491	0.443491	0	0	0.443491	0.443491	0	0	0	0	0	0	0	0	0	0	0.443491	0.443491	0	0	0	0	0	0	0	0	0	0	0	0	0	0	0	0	0	0	0	0	0	0	0	0	0.443491	0.443491	0	0	0	0	0	0	0.443491	0.443491	0	0	0	0.443491	0.443491	0	0	0	0.443491	0.443491	0	0	0	0.443491	0.443491	0	0	0.443491	0.443491	0	0	0.443491	0.443491	0	0.443491	0.443491	0.443491	0.443491	0	0	0	0.443491	0.443491	0	0.443491	0.443491	0	0	0	0.443491	0.443491	0	0	0	0	0	0	0	0.443491	0.443491	0	0	0	0	0	0	0	0	0	0	0	0	0	0.443491	0.443491	0	0	0	0	0.443491	0.443491	0	0	0	0	0	0	0	0	0	0	0	0	0	0	0	0	0	0	0	0	0	0.443491	0.443491	0	0	0	0	0.443491	0.443491	0	0	0	0	0.443491	0.443491	0	0.443491	0.443491	0	0	0.443491	0.443491	0	0	0	0.443491	0.443491	0	0.443491	0.443491	0	0.443491	0.443491	0	0.443491	0.443491	0	0	0.443491	0.443491	0.443491	0.443491	0	0	0	0.443491	0.443491	0	0.443491	0.443491	0	0.443491	0.443491	0	0.443491	0.443491	0	0.443491	0.443491	0	0	0	0	0	0	0	0	0	0	0	0	0	0	0	0	0	0	0	0
0.44345	0.44345	0	0	0.44345	0.44345	0.44345	0.44345	0	0	0	0.44345	0.44345	0	0.44345	0.44345	0	0.44345	0.44345	0	0	0	0.44345	0.44345	0	0	0	0	0	0	0	0.44345	0.44345	0	0.44345	0.44345	0	0	0.44345	0.44345	0	0	0	0	0	0	0	0	0	0	0.44345	0.44345	0	0	0	0	0	0	0	0	0	0	0	0	0	0	0	0	0	0	0	0	0	0	0	0	0.44345	0.44345	0	0	0	0	0	0	0.44345	0.44345	0	0	0	0.44345	0.44345	0	0	0	0.44345	0.44345	0	0	0	0.44345	0.44345	0	0	0.44345	0.44345	0	0	0.44345	0.44345	0	0.44345	0.44345	0.44345	0.44345	0	0	0	0.44345	0.44345	0	0.44345	0.44345	0	0	0	0.44345	0.44345	0	0	0	0	0	0	0	0.44345	0.44345	0	0	0	0	0	0	0	0	0	0	0	0	0	0.44345	0.44345	0	0	0	0	0.44345	0.44345	0	0	0	0	0	0	0	0	0	0	0	0	0	0	0	0	0	0	0	0	0	0.44345	0.44345	0	0	0	0	0.44345	0.44345	0	0	0	0	0.44345	0.44345	0	0.44345	0.44345	0	0	0.44345	0.44345	0	0	0	0.44345	0.44345	0	0.44345	0.44345	0	0.44345	0.44345	0	0.44345	0.44345	0	0	0.44345	0.44345	0.44345	0.44345	0	0	0	0.44345	0.44345	0	0.44345	0.44345	0	0.44345	0.44345	0	0.44345	0.44345	0	0.44345	0.44345	0	0	0	0	0	0	0	0	0	0	0	0	0	0	0	0	0	0	0	0
0.443409	0.443409	0	0	0.443409	0.443409	0.443409	0.443409	0	0	0	0.443409	0.443409	0	0.443409	0.443409	0	0.443409	0.443409	0	0	0	0.443409	0.443409	0	0	0	0	0	0	0	0.443409	0.443409	0	0.443409	0.443409	0	0	0.443409	0.443409	0	0	0	0	0	0	0	0	0	0	0.443409	0.443409	0	0	0	0	0	0	0	0	0	0	0	0	0	0	0	0	0	0	0	0	0	0	0	0	0.443409	0.443409	0	0	0	0	0	0	0.443409	0.443409	0	0	0	0.443409	0.443409	0	0	0	0.443409	0.443409	0	0	0	0.443409	0.443409	0	0	0.443409	0.443409	0	0	0.443409	0.443409	0	0.443409	0.443409	0.443409	0.443409	0	0	0	0.443409	0.443409	0	0.443409	0.443409	0	0	0	0.443409	0.443409	0	0	0	0	0	0	0	0.443409	0.443409	0	0	0	0	0	0	0	0	0	0	0	0	0	0.443409	0.443409	0	0	0	0	0.443409	0.443409	0	0	0	0	0	0	0	0	0	0	0	0	0	0	0	0	0	0	0	0	0	0.443409	0.443409	0	0	0	0	0.443409	0.443409	0	0	0	0	0.443409	0.443409	0	0.443409	0.443409	0	0	0.443409	0.443409	0	0	0	0.443409	0.443409	0	0.443409	0.443409	0	0.443409	0.443409	0	0.443409	0.443409	0	0	0.443409	0.443409	0.443409	0.443409	0	0	0	0.443409	0.443409	0	0.443409	0.443409	0	0.443409	0.443409	0	0.443409	0.443409	0	0.443409	0.443409	0	0	0	0	0	0	0	0	0	0	0	0	0	0	0	0	0	0	0	0
0.443361	0.443361	0	0	0.443361	0.443361	0.443361	0.443361	0	0	0	0.443361	0.443361	0	0.443361	0.443361	0	0.443361	0.443361	0	0	0	0.443361	0.443361	0	0	0	0	0	0	0	0.443361	0.443361	0	0.443361	0.443361	0	0	0.443361	0.443361	0	0	0	0	0	0	0	0	0	0	0.443361	0.443361	0	0	0	0	0	0	0	0	0	0	0	0	0	0	0	0	0	0	0	0	0	0	0	0	0.443361	0.443361	0	0	0	0	0	0	0.443361	0.443361	0	0	0	0.443361	0.443361	0	0	0	0.443361	0.443361	0	0	0	0.443361	0.443361	0	0	0.443361	0.443361	0	0	0.443361	0.443361	0	0.443361	0.443361	0.443361	0.443361	0	0	0	0.443361	0.443361	0	0.443361	0.443361	0	0	0	0.443361	0.443361	0	0	0	0	0	0	0	0.443361	0.443361	0	0	0	0	0	0	0	0	0	0	0	0	0	0.443361	0.443361	0	0	0	0	0.443361	0.443361	0	0	0	0	0	0	0	0	0	0	0	0	0	0	0	0	0	0	0	0	0	0.443361	0.443361	0	0	0	0	0.443361	0.443361	0	0	0	0	0.443361	0.443361	0	0.443361	0.443361	0	0	0.443361	0.443361	0	0	0	0.443361	0.443361	0	0.443361	0.443361	0	0.443361	0.443361	0	0.443361	0.443361	0	0	0.443361	0.443361	0.443361	0.443361	0	0	0	0.443361	0.443361	0	0.443361	0.443361	0	0.443361	0.443361	0	0.443361	0.443361	0	0.443361	0.443361	0	0	0	0	0	0	0	0	0	0	0	0	0	0	0	0	0	0	0	0
0.44332	0.44332	0	0	0.44332	0.44332	0.44332	0.44332	0	0	0	0.44332	0.44332	0	0.44332	0.44332	0	0.44332	0.44332	0	0	0	0.44332	0.44332	0	0	0	0	0	0	0	0.44332	0.44332	0	0.44332	0.44332	0	0	0.44332	0.44332	0	0	0	0	0	0	0	0	0	0	0.44332	0.44332	0	0	0	0	0	0	0	0	0	0	0	0	0	0	0	0	0	0	0	0	0	0	0	0	0.44332	0.44332	0	0	0	0	0	0	0.44332	0.44332	0	0	0	0.44332	0.44332	0	0	0	0.44332	0.44332	0	0	0	0.44332	0.44332	0	0	0.44332	0.44332	0	0	0.44332	0.44332	0	0.44332	0.44332	0.44332	0.44332	0	0	0	0.44332	0.44332	0	0.44332	0.44332	0	0	0	0.44332	0.44332	0	0	0	0	0	0	0	0.44332	0.44332	0	0	0	0	0	0	0	0	0	0	0	0	0	0.44332	0.44332	0	0	0	0	0.44332	0.44332	0	0	0	0	0	0	0	0	0	0	0	0	0	0	0	0	0	0	0	0	0	0.44332	0.44332	0	0	0	0	0.44332	0.44332	0	0	0	0	0.44332	0.44332	0	0.44332	0.44332	0	0	0.44332	0.44332	0	0	0	0.44332	0.44332	0	0.44332	0.44332	0	0.44332	0.44332	0	0.44332	0.44332	0	0	0.44332	0.44332	0.44332	0.44332	0	0	0	0.44332	0.44332	0	0.44332	0.44332	0	0.44332	0.44332	0	0.44332	0.44332	0	0.44332	0.44332	0	0	0	0	0	0	0	0	0	0	0	0	0	0	0	0	0	0	0	0
0.443279	0.443279	0	0	0.443279	0.443279	0.443279	0.443279	0	0	0	0.443279	0.443279	0	0.443279	0.443279	0	0.443279	0.443279	0	0	0	0.443279	0.443279	0	0	0	0	0	0	0	0.443279	0.443279	0	0.443279	0.443279	0	0	0.443279	0.443279	0	0	0	0	0	0	0	0	0	0	0.443279	0.443279	0	0	0	0	0	0	0	0	0	0	0	0	0	0	0	0	0	0	0	0	0	0	0	0	0.443279	0.443279	0	0	0	0	0	0	0.443279	0.443279	0	0	0	0.443279	0.443279	0	0	0	0.443279	0.443279	0	0	0	0.443279	0.443279	0	0	0.443279	0.443279	0	0	0.443279	0.443279	0	0.443279	0.443279	0.443279	0.443279	0	0	0	0.443279	0.443279	0	0.443279	0.443279	0	0	0	0.443279	0.443279	0	0	0	0	0	0	0	0.443279	0.443279	0	0	0	0	0	0	0	0	0	0	0	0	0	0.443279	0.443279	0	0	0	0	0.443279	0.443279	0	0	0	0	0	0	0	0	0	0	0	0	0	0	0	0	0	0	0	0	0	0.443279	0.443279	0	0	0	0	0.443279	0.443279	0	0	0	0	0.443279	0.443279	0	0.443279	0.443279	0	0	0.443279	0.443279	0	0	0	0.443279	0.443279	0	0.443279	0.443279	0	0.443279	0.443279	0	0.443279	0.443279	0	0	0.443279	0.443279	0.443279	0.443279	0	0	0	0.443279	0.443279	0	0.443279	0.443279	0	0.443279	0.443279	0	0.443279	0.443279	0	0.443279	0.443279	0	0	0	0	0	0	0	0	0	0	0	0	0	0	0	0	0	0	0	0
1.82706	1.82706	1.77256	1.77256	1.82706	1.82706	1.82706	1.82706	1.66552	1.44461	1.3296	1.40149	1.40149	1.22386	1.19338	1.26333	1.22386	1.19338	1.19338	1.00342	0.88649	0.88649	0.991091	0.991091	0.88649	0.783567	0.565054	0.350437	0.156717	0	0	0.443237	0.565014	0.350437	0.470141	0.49556	0.350437	0.443272	0.470141	0.350415	0.156717	0.350437	0.443272	0.443272	0.565054	0.783567	0.88649	0.88649	0.88649	1.00342	1.19338	1.05121	0.88649	1.00342	1.22386	1.3296	1.3296	1.3296	1.3296	1.3296	1.3296	1.3296	1.3296	1.3296	1.44461	1.66552	1.77256	1.77256	1.77256	1.77256	1.77256	1.77256	1.77256	1.77256	1.77256	1.77256	1.91234	2.13068	2.2153	2.2153	2.2153	2.2153	2.10755	1.88652	1.91234	2.13068	2.2153	2.10755	1.88652	1.82706	1.82706	1.77256	1.77256	1.66552	1.61313	1.69472	1.66552	1.44461	1.3296	1.47819	1.69472	1.77256	1.66552	1.61313	1.69472	1.77256	1.77256	1.91234	2.04255	1.88652	1.91234	2.13068	2.25912	2.25912	2.2153	2.2153	2.2153	2.25912	2.25912	2.2153	2.25912	2.25912	2.2153	2.10755	1.88652	1.91234	2.04255	1.88652	1.77256	1.77256	1.77256	1.66552	1.44461	1.3296	1.47819	1.69472	1.77256	1.66552	1.44461	1.3296	1.3296	1.3296	1.3296	1.3296	1.3296	1.3296	1.3296	1.3296	1.3296	1.26333	1.05121	0.88649	0.88649	0.88649	0.88649	1.05121	1.26333	1.3296	1.3296	1.3296	1.3296	1.3296	1.3296	1.3296	1.3296	1.3296	1.3296	1.3296	1.3296	1.3296	1.3296	1.3296	1.3296	1.3296	1.3296	1.3296	1.3296	1.3296	1.47819	1.61313	1.44461	1.3296	1.3296	1.3296	1.47819	1.69472	1.77256	1.77256	1.66552	1.44461	1.47819	1.69472	1.77256	1.82706	1.82706	1.77256	1.77256	1.82706	1.82706	1.77256	1.77256	1.77256	1.82706	1.82706	1.77256	1.82706	1.82706	1.77256	1.82706	1.82706	1.77256	1.82706	1.82706	1.77256	1.77256	1.75166	1.54316	1.47819	1.69472	1.66552	1.44461	1.3296	1.40149	1.40149	1.3296	1.40149	1.40149	1.3296	1.40149	1.40149	1.3296	1.40149	1.40149	1.3296	1.47819	1.69472	1.77256	1.66552	1.44461	1.3296	1.3296	1.3296	1.3296	1.3296	1.3296	1.3296	1.22386	1.00342	0.88649	0.88649	0.88649	0.88649	0.88649	0.88649	0.88649	0.88649
1.8269	1.8269	1.77239	1.77239	1.8269	1.8269	1.8269	1.8269	1.69457	1.47805	1.32948	1.40136	1.40136	1.26322	1.19327	1.22375	1.26322	1.19327	1.19327	1.05111	0.886408	0.886408	0.990999	0.990999	0.886408	0.843831	0.646086	0.470098	0.350383	0	0	0.443196	0.783436	0.470098	0.350404	0.495514	0.470098	0.443231	0.350404	0.156702	0.350383	0.470098	0.443231	0.443231	0.646086	0.843831	0.886408	0.886408	0.886408	1.05111	1.19327	1.00332	0.886408	1.05111	1.26322	1.32948	1.32948	1.32948	1.32948	1.32948	1.32948	1.32948	1.32948	1.32948	1.47805	1.69457	1.77239	1.77239	1.77239	1.77239	1.77239	1.77239	1.77239	1.77239	1.77239	1.77239	1.88634	2.10735	2.21509	2.21509	2.21509	2.21509	2.13048	1.91216	1.88634	2.10735	2.21509	2.13048	1.91216	1.8269	1.8269	1.77239	1.77239	1.69457	1.61298	1.66537	1.69457	1.47805	1.32948	1.44448	1.66537	1.77239	1.69457	1.61298	1.66537	1.77239	1.77239	1.88634	2.04236	1.91216	1.88634	2.10735	2.25891	2.25891	2.21509	2.21509	2.21509	2.25891	2.25891	2.21509	2.25891	2.25891	2.21509	2.13048	1.91216	1.88634	2.04236	1.91216	1.77239	1.77239	1.77239	1.69457	1.47805	1.32948	1.44448	1.66537	1.77239	1.69457	1.47805	1.32948	1.32948	1.32948	1.32948	1.32948	1.32948	1.32948	1.32948	1.32948	1.32948	1.22375	1.00332	0.886408	0.886408	0.886408	0.886408	1.00332	1.22375	1.32948	1.32948	1.32948	1.32948	1.32948	1.32948	1.32948	1.32948	1.32948	1.32948	1.32948	1.32948	1.32948	1.32948	1.32948	1.32948	1.32948	1.32948	1.32948	1.32948	1.32948	1.44448	1.61298	1.47805	1.32948	1.32948	1.32948	1.44448	1.66537	1.77239	1.77239	1.69457	1.47805	1.44448	1.66537	1.77239	1.8269	1.8269	1.77239	1.77239	1.8269	1.8269	1.77239	1.77239	1.77239	1.8269	1.8269	1.77239	1.8269	1.8269	1.77239	1.8269	1.8269	1.77239	1.8269	1.8269	1.77239	1.77239	1.83358	1.63561	1.44448	1.66537	1.69457	1.47805	1.32948	1.40136	1.40136	1.32948	1.40136	1.40136	1.32948	1.40136	1.40136	1.32948	1.40136	1.40136	1.32948	1.44448	1.66537	1.77239	1.69457	1.47805	1.32948	1.32948	1.32948	1.32948	1.32948	1.32948	1.32948	1.26322	1.05111	0.886408	0.886408	0.886408	0.886408	0.886408	0.886408	0.886408	0.886408
0.443155	0.443155	0	0	0.443155	0.443155	0.443155	0.443155	0.443155	0.443155	0	0.443155	0.443155	0.443155	0.443155	0	0.443155	0.443155	0.443155	0.443155	0	0	0.443155	0.443155	0	0.443155	0.443155	0.443155	0.443155	0	0	0.443155	0.886257	0.443155	0	0.443155	0.443155	0	0	0	0.443155	0.443155	0	0	0.443155	0.443155	0	0	0	0.443155	0.443155	0	0	0.443155	0.443155	0	0	0	0	0	0	0	0	0	0.443155	0.443155	0	0	0	0	0	0	0	0	0	0	0	0	0	0	0	0	0.443155	0.443155	0	0	0	0.443155	0.443155	0.443155	0.443155	0	0	0.443155	0.443155	0	0.443155	0.443155	0	0	0	0	0.443155	0.443155	0	0	0	0	0.443155	0.443155	0	0	0.443155	0.443155	0	0	0	0.443155	0.443155	0	0.443155	0.443155	0	0.443155	0.443155	0	0.443155	0.443155	0	0	0	0.443155	0.443155	0	0	0	0	0.443155	0.443155	0	0	0	0	0	0	0	0	0	0	0	0	0	0	0	0	0	0	0	0	0	0	0	0	0	0	0	0	0	0	0	0	0	0	0	0	0	0	0	0	0.443155	0.443155	0	0	0	0	0	0	0	0.443155	0.443155	0	0	0	0.443155	0.443155	0	0	0.443155	0.443155	0	0	0	0.443155	0.443155	0	0.443155	0.443155	0	0.443155	0.443155	0	0.443155	0.443155	0	0	0.886257	0.886257	0	0	0.443155	0.443155	0	0.443155	0.443155	0	0.443155	0.443155	0	0.443155	0.443155	0	0.443155	0.443155	0	0	0	0	0.443155	0.443155	0	0	0	0	0	0	0	0.443155	0.443155	0	0	0	0	0	0	0	0
0.443107	0.443107	0	0	0.443107	0.443107	0.443107	0.443107	0.443107	0.443107	0	0.443107	0.443107	0.443107	0.443107	0	0.443107	0.443107	0.443107	0.443107	0	0	0.443107	0.443107	0	0.443107	0.443107	0.443107	0.443107	0	0	0.443107	0.886161	0.443107	0	0.443107	0.443107	0	0	0	0.443107	0.443107	0	0	0.443107	0.443107	0	0	0	0.443107	0.443107	0	0	0.443107	0.443107	0	0	0	0	0	0	0	0	0	0.443107	0.443107	0	0	0	0	0	0	0	0	0	0	0	0	0	0	0	0	0.443107	0.443107	0	0	0	0.443107	0.443107	0.443107	0.443107	0	0	0.443107	0.443107	0	0.443107	0.443107	0	0	0	0	0.443107	0.443107	0	0	0	0	0.443107	0.443107	0	0	0.443107	0.443107	0	0	0	0.443107	0.443107	0	0.443107	0.443107	0	0.443107	0.443107	0	0.443107	0.443107	0	0	0	0.443107	0.443107	0	0	0	0	0.443107	0.443107	0	0	0	0	0	0	0	0	0	0	0	0	0	0	0	0	0	0	0	0	0	0	0	0	0	0	0	0	0	0	0	0	0	0	0	0	0	0	0	0	0.443107	0.443107	0	0	0	0	0	0	0	0.443107	0.443107	0	0	0	0.443107	0.443107	0	0	0.443107	0.443107	0	0	0	0.443107	0.443107	0	0.443107	0.443107	0	0.443107	0.443107	0	0.443107	0.443107	0	0	0.886161	0.886161	0	0	0.443107	0.443107	0	0.443107	0.443107	0	0.443107	0.443107	0	0.443107	0.443107	0	0.443107	0.443107	0	0	0	0	0.443107	0.443107	0	0	0	0	0	0	0	0.443107	0.443107	0	0	0	0	0	0	0	0
0.443066	0.443066	0	0	0.443066	0.443066	0.443066	0.443066	0.443066	0.443066	0	0.443066	0.443066	0.443066	0.443066	0	0.443066	0.443066	0.443066	0.443066	0	0	0.443066	0.443066	0	0.443066	0.443066	0.443066	0.443066	0	0	0.443066	0.886079	0.443066	0	0.443066	0.443066	0	0	0	0.443066	0.443066	0	0	0.443066	0.443066	0	0	0	0.443066	0.443066	0	0	0.443066	0.443066	0	0	0	0	0	0	0	0	0	0.443066	0.443066	0	0	0	0	0	0	0	0	0	0	0	0	0	0	0	0	0.443066	0.443066	0	0	0	0.443066	0.443066	0.443066	0.443066	0	0	0.443066	0.443066	0	0.443066	0.443066	0	0	0	0	0.443066	0.443066	0	0	0	0	0.443066	0.443066	0	0	0.443066	0.443066	0	0	0	0.443066	0.443066	0	0.443066	0.443066	0	0.443066	0.443066	0	0.443066	0.443066	0	0	0	0.443066	0.443066	0	0	0	0	0.443066	0.443066	0	0	0	0	0	0	0	0	0	0	0	0	0	0	0	0	0	0	0	0	0	0	0	0	0	0	0	0	0	0	0	0	0	0	0	0	0	0	0	0	0.443066	0.443066	0	0	0	0	0	0	0	0.443066	0.443066	0	0	0	0.443066	0.443066	0	0	0.443066	0.443066	0	0	0	0.443066	0.443066	0	0.443066	0.443066	0	0.443066	0.443066	0	0.443066	0.443066	0	0	0.886079	0.886079	0	0	0.443066	0.443066	0	0.443066	0.443066	0	0.443066	0.443066	0	0.443066	0.443066	0	0.443066	0.443066	0	0	0	0	0.443066	0.443066	0	0	0	0	0	0	0	0.443066	0.443066	0	0	0	0	0	0	0	0
0.443025	0.443025	0	0	0.443025	0.443025	0.443025	0.443025	0.443025	0.443025	0	0.443025	0.443025	0.443025	0.443025	0	0.443025	0.443025	0.443025	0.443025	0	0	0.443025	0.443025	0	0.443025	0.443025	0.443025	0.443025	0	0	0.443025	0.885997	0.443025	0	0.443025	0.443025	0	0	0	0.443025	0.443025	0	0	0.443025	0.443025	0	0	0	0.443025	0.443025	0	0	0.443025	0.443025	0	0	0	0	0	0	0	0	0	0.443025	0.443025	0	0	0	0	0	0	0	0	0	0	0	0	0	0	0	0	0.443025	0.443025	0	0	0	0.443025	0.443025	0.443025	0.443025	0	0	0.443025	0.443025	0	0.443025	0.443025	0	0	0	0	0.443025	0.443025	0	0	0	0	0.443025	0.443025	0	0	0.443025	0.443025	0	0	0	0.443025	0.443025	0	0.443025	0.443025	0	0.443025	0.443025	0	0.443025	0.443025	0	0	0	0.443025	0.443025	0	0	0	0	0.443025	0.443025	0	0	0	0	0	0	0	0	0	0	0	0	0	0	0	0	0	0	0	0	0	0	0	0	0	0	0	0	0	0	0	0	0	0	0	0	0	0	0	0	0.443025	0.443025	0	0	0	0	0	0	0	0.443025	0.443025	0	0	0	0.443025	0.443025	0	0	0.443025	0.443025	0	0	0	0.443025	0.443025	0	0.443025	0.443025	0	0.443025	0.443025	0	0.443025	0.443025	0	0	0.885997	0.885997	0	0	0.443025	0.443025	0	0.443025	0.443025	0	0.443025	0.443025	0	0.443025	0.443025	0	0.443025	0.443025	0	0	0	0	0.443025	0.443025	0	0	0	0	0	0	0	0.443025	0.443025	0	0	0	0	0	0	0	0
0.442984	0.442984	0	0	0.442984	0.442984	0.442984	0.442984	0.442984	0.442984	0	0.442984	0.442984	0.442984	0.442984	0	0.442984	0.442984	0.442984	0.442984	0	0	0.442984	0.442984	0	0.442984	0.442984	0.442984	0.442984	0	0	0.442984	0.885915	0.442984	0	0.442984	0.442984	0	0	0	0.442984	0.442984	0	0	0.442984	0.442984	0	0	0	0.442984	0.442984	0	0	0.442984	0.442984	0	0	0	0	0	0	0	0	0	0.442984	0.442984	0	0	0	0	0	0	0	0	0	0	0	0	0	0	0	0	0.442984	0.442984	0	0	0	0.442984	0.442984	0.442984	0.442984	0	0	0.442984	0.442984	0	0.442984	0.442984	0	0	0	0	0.442984	0.442984	0	0	0	0	0.442984	0.442984	0	0	0.442984	0.442984	0	0	0	0.442984	0.442984	0	0.442984	0.442984	0	0.442984	0.442984	0	0.442984	0.442984	0	0	0	0.442984	0.442984	0	0	0	0	0.442984	0.442984	0	0	0	0	0	0	0	0	0	0	0	0	0	0	0	0	0	0	0	0	0	0	0	0	0	0	0	0	0	0	0	0	0	0	0	0	0	0	0	0	0.442984	0.442984	0	0	0	0	0	0	0	0.442984	0.442984	0	0	0	0.442984	0.442984	0	0	0.442984	0.442984	0	0	0	0.442984	0.442984	0	0.442984	0.442984	0	0.442984	0.442984	0	0.442984	0.442984	0	0	0.885915	0.885915	0	0	0.442984	0.442984	0	0.442984	0.442984	0	0.442984	0.442984	0	0.442984	0.442984	0	0.442984	0.442984	0	0	0	0	0.442984	0.442984	0	0	0	0	0	0	0	0.442984	0.442984	0	0	0	0	0	0	0	0
0.442943	0.442943	0	0	0.442943	0.442943	0.442943	0.442943	0.442943	0.442943	0	0.442943	0.442943	0.442943	0.442943	0	0.442943	0.442943	0.442943	0.442943	0	0	0.442943	0.442943	0	0.442943	0.442943	0.442943	0.442943	0	0	0.442943	0.885832	0.442943	0	0.442943	0.442943	0	0	0	0.442943	0.442943	0	0	0.442943	0.442943	0	0	0	0.442943	0.442943	0	0	0.442943	0.442943	0	0	0	0	0	0	0	0	0	0.442943	0.442943	0	0	0	0	0	0	0	0	0	0	0	0	0	0	0	0	0.442943	0.442943	0	0	0	0.442943	0.442943	0.442943	0.442943	0	0	0.442943	0.442943	0	0.442943	0.442943	0	0	0	0	0.442943	0.442943	0	0	0	0	0.442943	0.442943	0	0	0.442943	0.442943	0	0	0	0.442943	0.442943	0	0.442943	0.442943	0	0.442943	0.442943	0	0.442943	0.442943	0	0	0	0.442943	0.442943	0	0	0	0	0.442943	0.442943	0	0	0	0	0	0	0	0	0	0	0	0	0	0	0	0	0	0	0	0	0	0	0	0	0	0	0	0	0	0	0	0	0	0	0	0	0	0	0	0	0.442943	0.442943	0	0	0	0	0	0	0	0.442943	0.442943	0	0	0	0.442943	0.442943	0	0	0.442943	0.442943	0	0	0	0.442943	0.442943	0	0.442943	0.442943	0	0.442943	0.442943	0	0.442943	0.442943	0	0	0.885832	0.885832	0	0	0.442943	0.442943	0	0.442943	0.442943	0	0.442943	0.442943	0	0.442943	0.442943	0	0.442943	0.442943	0	0	0	0	0.442943	0.442943	0	0	0	0	0	0	0	0.442943	0.442943	0	0	0	0	0	0	0	0
0.442902	0.442902	0	0	0.442902	0.442902	0.442902	0.442902	0.442902	0.442902	0	0.442902	0.442902	0.442902	0.442902	0	0.442902	0.442902	0.442902	0.442902	0	0	0.442902	0.442902	0	0.442902	0.442902	0.442902	0.442902	0	0	0.442902	0.88575	0.442902	0	0.442902	0.442902	0	0	0	0.442902	0.442902	0	0	0.442902	0.442902	0	0	0	0.442902	0.442902	0	0	0.442902	0.442902	0	0	0	0	0	0	0	0	0	0.442902	0.442902	0	0	0	0	0	0	0	0	0	0	0	0	0	0	0	0	0.442902	0.442902	0	0	0	0.442902	0.442902	0.442902	0.442902	0	0	0.442902	0.442902	0	0.442902	0.442902	0	0	0	0	0.442902	0.442902	0	0	0	0	0.442902	0.442902	0	0	0.442902	0.442902	0	0	0	0.442902	0.442902	0	0.442902	0.442902	0	0.442902	0.442902	0	0.442902	0.442902	0	0	0	0.442902	0.442902	0	0	0	0	0.442902	0.442902	0	0	0	0	0	0	0	0	0	0	0	0	0	0	0	0	0	0	0	0	0	0	0	0	0	0	0	0	0	0	0	0	0	0	0	0	0	0	0	0	0.442902	0.442902	0	0	0	0	0	0	0	0.442902	0.442902	0	0	0	0.442902	0.442902	0	0	0.442902	0.442902	0	0	0	0.442902	0.442902	0	0.442902	0.442902	0	0.442902	0.442902	0	0.442902	0.442902	0	0	0.88575	0.88575	0	0	0.442902	0.442902	0	0.442902	0.442902	0	0.442902	0.442902	0	0.442902	0.442902	0	0.442902	0.442902	0	0	0	0	0.442902	0.442902	0	0	0	0	0	0	0	0.442902	0.442902	0	0	0	0	0	0	0	0
0.442854	0.442854	0	0	0.442854	0.442854	0.442854	0.442854	0.442854	0.442854	0	0.442854	0.442854	0.442854	0.442854	0	0.442854	0.442854	0.442854	0.442854	0	0	0.442854	0.442854	0	0.442854	0.442854	0.442854	0.442854	0	0	0.442854	0.885654	0.442854	0	0.442854	0.442854	0	0	0	0.442854	0.442854	0	0	0.442854	0.442854	0	0	0	0.442854	0.442854	0	0	0.442854	0.442854	0	0	0	0	0	0	0	0	0	0.442854	0.442854	0	0	0	0	0	0	0	0	0	0	0	0	0	0	0	0	0.442854	0.442854	0	0	0	0.442854	0.442854	0.442854	0.442854	0	0	0.442854	0.442854	0	0.442854	0.442854	0	0	0	0	0.442854	0.442854	0	0	0	0	0.442854	0.442854	0	0	0.442854	0.442854	0	0	0	0.442854	0.442854	0	0.442854	0.442854	0	0.442854	0.442854	0	0.442854	0.442854	0	0	0	0.442854	0.442854	0	0	0	0	0.442854	0.442854	0	0	0	0	0	0	0	0	0	0	0	0	0	0	0	0	0	0	0	0	0	0	0	0	0	0	0	0	0	0	0	0	0	0	0	0	0	0	0	0	0.442854	0.442854	0	0	0	0	0	0	0	0.442854	0.442854	0	0	0	0.442854	0.442854	0	0	0.442854	0.442854	0	0	0	0.442854	0.442854	0	0.442854	0.442854	0	0.442854	0.442854	0	0.442854	0.442854	0	0	0.885654	0.885654	0	0	0.442854	0.442854	0	0.442854	0.442854	0	0.442854	0.442854	0	0.442854	0.442854	0	0.442854	0.442854	0	0	0	0	0.442854	0.442854	0	0	0	0	0	0	0	0.442854	0.442854	0	0	0	0	0	0	0	0
0.442813	0.442813	0	0	0.442813	0.442813	0.442813	0.442813	0.442813	0.442813	0	0.442813	0.442813	0.442813	0.442813	0	0.442813	0.442813	0.442813	0.442813	0	0	0.442813	0.442813	0	0.442813	0.442813	0.442813	0.442813	0	0	0.442813	0.885572	0.442813	0	0.442813	0.442813	0	0	0	0.442813	0.442813	0	0	0.442813	0.442813	0	0	0	0.442813	0.442813	0	0	0.442813	0.442813	0	0	0	0	0	0	0	0	0	0.442813	0.442813	0	0	0	0	0	0	0	0	0	0	0	0	0	0	0	0	0.442813	0.442813	0	0	0	0.442813	0.442813	0.442813	0.442813	0	0	0.442813	0.442813	0	0.442813	0.442813	0	0	0	0	0.442813	0.442813	0	0	0	0	0.442813	0.442813	0	0	0.442813	0.442813	0	0	0	0.442813	0.442813	0	0.442813	0.442813	0	0.442813	0.442813	0	0.442813	0.442813	0	0	0	0.442813	0.442813	0	0	0	0	0.442813	0.442813	0	0	0	0	0	0	0	0	0	0	0	0	0	0	0	0	0	0	0	0	0	0	0	0	0	0	0	0	0	0	0	0	0	0	0	0	0	0	0	0	0.442813	0.442813	0	0	0	0	0	0	0	0.442813	0.442813	0	0	0	0.442813	0.442813	0	0	0.442813	0.442813	0	0	0	0.442813	0.442813	0	0.442813	0.442813	0	0.442813	0.442813	0	0.442813	0.442813	0	0	0.885572	0.885572	0	0	0.442813	0.442813	0	0.442813	0.442813	0	0.442813	0.442813	0	0.442813	0.442813	0	0.442813	0.442813	0	0	0	0	0.442813	0.442813	0	0	0	0	0	0	0	0.442813	0.442813	0	0	0	0	0	0	0	0
0.442772	0.442772	0	0	0.442772	0.442772	0.442772	0.442772	0.442772	0.442772	0	0.442772	0.442772	0.442772	0.442772	0	0.442772	0.442772	0.442772	0.442772	0	0	0.442772	0.442772	0	0.442772	0.442772	0.442772	0.442772	0	0	0.442772	0.88549	0.442772	0	0.442772	0.442772	0	0	0	0.442772	0.442772	0	0	0.442772	0.442772	0	0	0	0.442772	0.442772	0	0	0.442772	0.442772	0	0	0	0	0	0	0	0	0	0.442772	0.442772	0	0	0	0	0	0	0	0	0	0	0	0	0	0	0	0	0.442772	0.442772	0	0	0	0.442772	0.442772	0.442772	0.442772	0	0	0.442772	0.442772	0	0.442772	0.442772	0	0	0	0	0.442772	0.442772	0	0	0	0	0.442772	0.442772	0	0	0.442772	0.442772	0	0	0	0.442772	0.442772	0	0.442772	0.442772	0	0.442772	0.442772	0	0.442772	0.442772	0	0	0	0.442772	0.442772	0	0	0	0	0.442772	0.442772	0	0	0	0	0	0	0	0	0	0	0	0	0	0	0	0	0	0	0	0	0	0	0	0	0	0	0	0	0	0	0	0	0	0	0	0	0	0	0	0	0.442772	0.442772	0	0	0	0	0	0	0	0.442772	0.442772	0	0	0	0.442772	0.442772	0	0	0.442772	0.442772	0	0	0	0.442772	0.442772	0	0.442772	0.442772	0	0.442772	0.442772	0	0.442772	0.442772	0	0	0.88549	0.88549	0	0	0.442772	0.442772	0	0.442772	0.442772	0	0.442772	0.442772	0	0.442772	0.442772	0	0.442772	0.442772	0	0	0	0	0.442772	0.442772	0	0	0	0	0	0	0	0.442772	0.442772	0	0	0	0	0	0	0	0
0.44273	0.44273	0	0	0.44273	0.44273	0.44273	0.44273	0.44273	0.44273	0	0.44273	0.44273	0.44273	0.44273	0	0.44273	0.44273	0.44273	0.44273	0	0	0.44273	0.44273	0	0.44273	0.44273	0.44273	0.44273	0	0	0.44273	0.885408	0.44273	0	0.44273	0.44273	0	0	0	0.44273	0.44273	0	0	0.44273	0.44273	0	0	0	0.44273	0.44273	0	0	0.44273	0.44273	0	0	0	0	0	0	0	0	0	0.44273	0.44273	0	0	0	0	0	0	0	0	0	0	0	0	0	0	0	0	0.44273	0.44273	0	0	0	0.44273	0.44273	0.44273	0.44273	0	0	0.44273	0.44273	0	0.44273	0.44273	0	0	0	0	0.44273	0.44273	0	0	0	0	0.44273	0.44273	0	0	0.44273	0.44273	0	0	0	0.44273	0.44273	0	0.44273	0.44273	0	0.44273	0.44273	0	0.44273	0.44273	0	0	0	0.44273	0.44273	0	0	0	0	0.44273	0.44273	0	0	0	0	0	0	0	0	0	0	0	0	0	0	0	0	0	0	0	0	0	0	0	0	0	0	0	0	0	0	0	0	0	0	0	0	0	0	0	0	0.44273	0.44273	0	0	0	0	0	0	0	0.44273	0.44273	0	0	0	0.44273	0.44273	0	0	0.44273	0.44273	0	0	0	0.44273	0.44273	0	0.44273	0.44273	0	0.44273	0.44273	0	0.44273	0.44273	0	0	0.885408	0.885408	0	0	0.44273	0.44273	0	0.44273	0.44273	0	0.44273	0.44273	0	0.44273	0.44273	0	0.44273	0.44273	0	0	0	0	0.44273	0.44273	0	0	0	0	0	0	0	0.44273	0.44273	0	0	0	0	0	0	0	0
2.25633	2.25633	2.21256	2.21256	2.25633	2.17352	2.04003	2.12805	2.25633	2.17352	1.88419	1.90997	2.12805	2.25633	2.17352	1.88419	1.90997	2.04003	1.96053	1.82481	1.77037	1.77037	1.82481	1.7495	1.44283	1.47636	1.61114	1.54125	1.39975	1.32796	1.32796	1.39975	1.59584	1.39975	1.32796	1.39975	1.39975	1.32796	1.22235	1.00218	0.989866	0.989866	0.885394	0.782598	0.798077	0.842867	0.782598	0.564355	0.442724	0.626069	0.626069	0.442724	0.350004	0.494947	0.46956	0.442724	0.442724	0.350004	0.156523	0	0	0.156523	0.350004	0.442724	0.46956	0.349982	0.156523	0.350004	0.442724	0.564355	0.782598	0.885394	0.885394	0.885394	0.885394	0.885394	1.00218	1.22235	1.22235	1.00218	0.782598	0.564355	0.645347	0.842867	0.782598	0.564355	0.442724	0.626069	0.626069	0.626069	0.626069	0.442724	0.442724	0.626069	0.626069	0.442724	0.645347	0.842867	0.885394	0.885394	0.885394	0.885394	1.04991	1.26177	1.32796	1.32796	1.32796	1.44283	1.78413	2.12805	2.21256	2.21256	2.25633	2.25633	2.21256	2.21256	2.10494	1.96053	1.82481	1.77037	1.82481	1.7495	1.44283	1.47636	1.69263	1.66346	1.61114	1.69263	1.66346	1.44283	1.32796	1.47636	1.69263	1.77037	1.77037	1.77037	1.77037	1.82481	1.82481	1.77037	1.77037	1.77037	1.77037	1.77037	1.77037	1.77037	1.66346	1.44283	1.32796	1.32796	1.32796	1.32796	1.32796	1.32796	1.32796	1.32796	1.32796	1.32796	1.32796	1.32796	1.32796	1.32796	1.32796	1.22235	1.00218	0.885394	0.885394	0.885394	0.885394	0.885394	0.885394	0.885394	0.885394	0.885394	0.885394	0.885394	0.885394	0.885394	0.885394	1.04991	1.26177	1.32796	1.32796	1.32796	1.22235	1.00218	0.885394	0.885394	1.04991	1.26177	1.32796	1.32796	1.32796	1.47636	1.69263	1.66346	1.44283	1.47636	1.69263	1.77037	1.77037	1.66346	1.61114	1.69263	1.66346	1.61114	1.61114	1.44283	1.47636	1.69263	1.66346	1.61114	1.69263	1.66346	1.44283	1.63375	1.83148	1.77037	1.77037	1.82481	1.82481	1.77037	1.82481	1.82481	1.77037	1.82481	1.82481	1.77037	1.90997	2.04003	1.88419	1.90997	2.04003	1.88419	1.77037	1.77037	1.77037	1.90997	2.04003	1.88419	1.77037	1.77037	1.77037	1.66346	1.44283	1.32796	1.47636	1.69263	1.77037	1.77037	1.77037	1.77037	1.77037	1.77037	1.77037	1.66346
2.25612	2.25612	2.21236	2.21236	2.25612	2.23979	2.03984	2.10475	2.25612	2.23979	1.9098	1.88401	2.10475	2.25612	2.23979	1.9098	1.88401	2.03984	2.03382	1.82464	1.7702	1.7702	1.82464	1.83131	1.47623	1.44269	1.61099	1.63359	1.39962	1.32784	1.32784	1.39962	1.5957	1.39962	1.32784	1.39962	1.39962	1.32784	1.26165	1.04981	0.989774	0.989774	0.885312	0.842788	0.798003	0.782525	0.842788	0.645288	0.442683	0.626011	0.626011	0.442683	0.469517	0.494901	0.349971	0.442683	0.442683	0.469517	0.34995	0	0	0.34995	0.469517	0.442683	0.349971	0.156509	0.34995	0.469517	0.442683	0.645288	0.842788	0.885312	0.885312	0.885312	0.885312	0.885312	1.04981	1.26165	1.26165	1.04981	0.842788	0.645288	0.564303	0.782525	0.842788	0.645288	0.442683	0.626011	0.626011	0.626011	0.626011	0.442683	0.442683	0.626011	0.626011	0.442683	0.564303	0.782525	0.885312	0.885312	0.885312	0.885312	1.00208	1.22224	1.32784	1.32784	1.32784	1.47623	1.78397	2.10475	2.21236	2.21236	2.25612	2.25612	2.21236	2.21236	2.12785	2.03382	1.82464	1.7702	1.82464	1.83131	1.47623	1.44269	1.66331	1.69247	1.61099	1.66331	1.69247	1.47623	1.32784	1.44269	1.66331	1.7702	1.7702	1.7702	1.7702	1.82464	1.82464	1.7702	1.7702	1.7702	1.7702	1.7702	1.7702	1.7702	1.69247	1.47623	1.32784	1.32784	1.32784	1.32784	1.32784	1.32784	1.32784	1.32784	1.32784	1.32784	1.32784	1.32784	1.32784	1.32784	1.32784	1.26165	1.04981	0.885312	0.885312	0.885312	0.885312	0.885312	0.885312	0.885312	0.885312	0.885312	0.885312	0.885312	0.885312	0.885312	0.885312	1.00208	1.22224	1.32784	1.32784	1.32784	1.26165	1.04981	0.885312	0.885312	1.00208	1.22224	1.32784	1.32784	1.32784	1.44269	1.66331	1.69247	1.47623	1.44269	1.66331	1.7702	1.7702	1.69247	1.61099	1.66331	1.69247	1.61099	1.61099	1.47623	1.44269	1.66331	1.69247	1.61099	1.66331	1.69247	1.47623	1.54111	1.74933	1.7702	1.7702	1.82464	1.82464	1.7702	1.82464	1.82464	1.7702	1.82464	1.82464	1.7702	1.88401	2.03984	1.9098	1.88401	2.03984	1.9098	1.7702	1.7702	1.7702	1.88401	2.03984	1.9098	1.7702	1.7702	1.7702	1.69247	1.47623	1.32784	1.44269	1.66331	1.7702	1.7702	1.7702	1.7702	1.7702	1.7702	1.7702	1.69247
0.442601	0.442601	0	0	0.442601	0.885148	0.442601	0	0.442601	0.885148	0.442601	0	0	0.442601	0.885148	0.442601	0	0.442601	0.885148	0.442601	0	0	0.442601	0.885148	0.442601	0	0.442601	0.885148	0.442601	0	0	0.442601	0.885148	0.442601	0	0.442601	0.442601	0	0.442601	0.442601	0.442601	0.442601	0	0.442601	0.442601	0	0.442601	0.442601	0	0.442601	0.442601	0	0.442601	0.442601	0	0	0	0.442601	0.442601	0	0	0.442601	0.442601	0	0	0	0.442601	0.442601	0	0.442601	0.442601	0	0	0	0	0	0.442601	0.442601	0.442601	0.442601	0.442601	0.442601	0	0	0.442601	0.442601	0	0.442601	0.442601	0.442601	0.442601	0	0	0.442601	0.442601	0	0	0	0	0	0	0	0	0	0	0	0	0.442601	0.442601	0	0	0	0.442601	0.442601	0	0	0.442601	0.885148	0.442601	0	0.442601	0.885148	0.442601	0	0	0.442601	0.442601	0	0.442601	0.442601	0	0	0	0	0	0	0	0.442601	0.442601	0	0	0	0	0	0	0	0.442601	0.442601	0	0	0	0	0	0	0	0	0	0	0	0	0	0	0	0.442601	0.442601	0	0	0	0	0	0	0	0	0	0	0	0	0	0	0	0	0	0	0	0.442601	0.442601	0	0	0	0	0	0	0	0	0	0.442601	0.442601	0	0	0	0	0.442601	0.442601	0	0.442601	0.442601	0.442601	0.442601	0	0	0.442601	0.442601	0	0.442601	0.442601	0.442601	0.442601	0	0	0.442601	0.442601	0	0.442601	0.442601	0	0.442601	0.442601	0	0	0.442601	0.442601	0	0.442601	0.442601	0	0	0	0	0.442601	0.442601	0	0	0	0.442601	0.442601	0	0	0	0	0	0	0	0	0	0	0.442601
0.44256	0.44256	0	0	0.44256	0.885066	0.44256	0	0.44256	0.885066	0.44256	0	0	0.44256	0.885066	0.44256	0	0.44256	0.885066	0.44256	0	0	0.44256	0.885066	0.44256	0	0.44256	0.885066	0.44256	0	0	0.44256	0.885066	0.44256	0	0.44256	0.44256	0	0.44256	0.44256	0.44256	0.44256	0	0.44256	0.44256	0	0.44256	0.44256	0	0.44256	0.44256	0	0.44256	0.44256	0	0	0	0.44256	0.44256	0	0	0.44256	0.44256	0	0	0	0.44256	0.44256	0	0.44256	0.44256	0	0	0	0	0	0.44256	0.44256	0.44256	0.44256	0.44256	0.44256	0	0	0.44256	0.44256	0	0.44256	0.44256	0.44256	0.44256	0	0	0.44256	0.44256	0	0	0	0	0	0	0	0	0	0	0	0	0.44256	0.44256	0	0	0	0.44256	0.44256	0	0	0.44256	0.885066	0.44256	0	0.44256	0.885066	0.44256	0	0	0.44256	0.44256	0	0.44256	0.44256	0	0	0	0	0	0	0	0.44256	0.44256	0	0	0	0	0	0	0	0.44256	0.44256	0	0	0	0	0	0	0	0	0	0	0	0	0	0	0	0.44256	0.44256	0	0	0	0	0	0	0	0	0	0	0	0	0	0	0	0	0	0	0	0.44256	0.44256	0	0	0	0	0	0	0	0	0	0.44256	0.44256	0	0	0	0	0.44256	0.44256	0	0.44256	0.44256	0.44256	0.44256	0	0	0.44256	0.44256	0	0.44256	0.44256	0.44256	0.44256	0	0	0.44256	0.44256	0	0.44256	0.44256	0	0.44256	0.44256	0	0	0.44256	0.44256	0	0.44256	0.44256	0	0	0	0	0.44256	0.44256	0	0	0	0.44256	0.44256	0	0	0	0	0	0	0	0	0	0	0.44256
0.442518	0.442518	0	0	0.442518	0.884984	0.442518	0	0.442518	0.884984	0.442518	0	0	0.442518	0.884984	0.442518	0	0.442518	0.884984	0.442518	0	0	0.442518	0.884984	0.442518	0	0.442518	0.884984	0.442518	0	0	0.442518	0.884984	0.442518	0	0.442518	0.442518	0	0.442518	0.442518	0.442518	0.442518	0	0.442518	0.442518	0	0.442518	0.442518	0	0.442518	0.442518	0	0.442518	0.442518	0	0	0	0.442518	0.442518	0	0	0.442518	0.442518	0	0	0	0.442518	0.442518	0	0.442518	0.442518	0	0	0	0	0	0.442518	0.442518	0.442518	0.442518	0.442518	0.442518	0	0	0.442518	0.442518	0	0.442518	0.442518	0.442518	0.442518	0	0	0.442518	0.442518	0	0	0	0	0	0	0	0	0	0	0	0	0.442518	0.442518	0	0	0	0.442518	0.442518	0	0	0.442518	0.884984	0.442518	0	0.442518	0.884984	0.442518	0	0	0.442518	0.442518	0	0.442518	0.442518	0	0	0	0	0	0	0	0.442518	0.442518	0	0	0	0	0	0	0	0.442518	0.442518	0	0	0	0	0	0	0	0	0	0	0	0	0	0	0	0.442518	0.442518	0	0	0	0	0	0	0	0	0	0	0	0	0	0	0	0	0	0	0	0.442518	0.442518	0	0	0	0	0	0	0	0	0	0.442518	0.442518	0	0	0	0	0.442518	0.442518	0	0.442518	0.442518	0.442518	0.442518	0	0	0.442518	0.442518	0	0.442518	0.442518	0.442518	0.442518	0	0	0.442518	0.442518	0	0.442518	0.442518	0	0.442518	0.442518	0	0	0.442518	0.442518	0	0.442518	0.442518	0	0	0	0	0.442518	0.442518	0	0	0	0.442518	0.442518	0	0	0	0	0	0	0	0	0	0	0.442518
0.442477	0.442477	0	0	0.442477	0.884902	0.442477	0	0.442477	0.884902	0.442477	0	0	0.442477	0.884902	0.442477	0	0.442477	0.884902	0.442477	0	0	0.442477	0.884902	0.442477	0	0.442477	0.884902	0.442477	0	0	0.442477	0.884902	0.442477	0	0.442477	0.442477	0	0.442477	0.442477	0.442477	0.442477	0	0.442477	0.442477	0	0.442477	0.442477	0	0.442477	0.442477	0	0.442477	0.442477	0	0	0	0.442477	0.442477	0	0	0.442477	0.442477	0	0	0	0.442477	0.442477	0	0.442477	0.442477	0	0	0	0	0	0.442477	0.442477	0.442477	0.442477	0.442477	0.442477	0	0	0.442477	0.442477	0	0.442477	0.442477	0.442477	0.442477	0	0	0.442477	0.442477	0	0	0	0	0	0	0	0	0	0	0	0	0.442477	0.442477	0	0	0	0.442477	0.442477	0	0	0.442477	0.884902	0.442477	0	0.442477	0.884902	0.442477	0	0	0.442477	0.442477	0	0.442477	0.442477	0	0	0	0	0	0	0	0.442477	0.442477	0	0	0	0	0	0	0	0.442477	0.442477	0	0	0	0	0	0	0	0	0	0	0	0	0	0	0	0.442477	0.442477	0	0	0	0	0	0	0	0	0	0	0	0	0	0	0	0	0	0	0	0.442477	0.442477	0	0	0	0	0	0	0	0	0	0.442477	0.442477	0	0	0	0	0.442477	0.442477	0	0.442477	0.442477	0.442477	0.442477	0	0	0.442477	0.442477	0	0.442477	0.442477	0.442477	0.442477	0	0	0.442477	0.442477	0	0.442477	0.442477	0	0.442477	0.442477	0	0	0.442477	0.442477	0	0.442477	0.442477	0	0	0	0	0.442477	0.442477	0	0	0	0.442477	0.442477	0	0	0	0	0	0	0	0	0	0	0.442477
0.442436	0.442436	0	0	0.442436	0.88482	0.442436	0	0.442436	0.88482	0.442436	0	0	0.442436	0.88482	0.442436	0	0.442436	0.88482	0.442436	0	0	0.442436	0.88482	0.442436	0	0.442436	0.88482	0.442436	0	0	0.442436	0.88482	0.442436	0	0.442436	0.442436	0	0.442436	0.442436	0.442436	0.442436	0	0.442436	0.442436	0	0.442436	0.442436	0	0.442436	0.442436	0	0.442436	0.442436	0	0	0	0.442436	0.442436	0	0	0.442436	0.442436	0	0	0	0.442436	0.442436	0	0.442436	0.442436	0	0	0	0	0	0.442436	0.442436	0.442436	0.442436	0.442436	0.442436	0	0	0.442436	0.442436	0	0.442436	0.442436	0.442436	0.442436	0	0	0.442436	0.442436	0	0	0	0	0	0	0	0	0	0	0	0	0.442436	0.442436	0	0	0	0.442436	0.442436	0	0	0.442436	0.88482	0.442436	0	0.442436	0.88482	0.442436	0	0	0.442436	0.442436	0	0.442436	0.442436	0	0	0	0	0	0	0	0.442436	0.442436	0	0	0	0	0	0	0	0.442436	0.442436	0	0	0	0	0	0	0	0	0	0	0	0	0	0	0	0.442436	0.442436	0	0	0	0	0	0	0	0	0	0	0	0	0	0	0	0	0	0	0	0.442436	0.442436	0	0	0	0	0	0	0	0	0	0.442436	0.442436	0	0	0	0	0.442436	0.442436	0	0.442436	0.442436	0.442436	0.442436	0	0	0.442436	0.442436	0	0.442436	0.442436	0.442436	0.442436	0	0	0.442436	0.442436	0	0.442436	0.442436	0	0.442436	0.442436	0	0	0.442436	0.442436	0	0.442436	0.442436	0	0	0	0	0.442436	0.442436	0	0	0	0.442436	0.442436	0	0	0	0	0	0	0	0	0	0	0.442436
0.442395	0.442395	0	0	0.442395	0.884738	0.442395	0	0.442395	0.884738	0.442395	0	0	0.442395	0.884738	0.442395	0	0.442395	0.884738	0.442395	0	0	0.442395	0.884738	0.442395	0	0.442395	0.884738	0.442395	0	0	0.442395	0.884738	0.442395	0	0.442395	0.442395	0	0.442395	0.442395	0.442395	0.442395	0	0.442395	0.442395	0	0.442395	0.442395	0	0.442395	0.442395	0	0.442395	0.442395	0	0	0	0.442395	0.442395	0	0	0.442395	0.442395	0	0	0	0.442395	0.442395	0	0.442395	0.442395	0	0	0	0	0	0.442395	0.442395	0.442395	0.442395	0.442395	0.442395	0	0	0.442395	0.442395	0	0.442395	0.442395	0.442395	0.442395	0	0	0.442395	0.442395	0	0	0	0	0	0	0	0	0	0	0	0	0.442395	0.442395	0	0	0	0.442395	0.442395	0	0	0.442395	0.884738	0.442395	0	0.442395	0.884738	0.442395	0	0	0.442395	0.442395	0	0.442395	0.442395	0	0	0	0	0	0	0	0.442395	0.442395	0	0	0	0	0	0	0	0.442395	0.442395	0	0	0	0	0	0	0	0	0	0	0	0	0	0	0	0.442395	0.442395	0	0	0	0	0	0	0	0	0	0	0	0	0	0	0	0	0	0	0	0.442395	0.442395	0	0	0	0	0	0	0	0	0	0.442395	0.442395	0	0	0	0	0.442395	0.442395	0	0.442395	0.442395	0.442395	0.442395	0	0	0.442395	0.442395	0	0.442395	0.442395	0.442395	0.442395	0	0	0.442395	0.442395	0	0.442395	0.442395	0	0.442395	0.442395	0	0	0.442395	0.442395	0	0.442395	0.442395	0	0	0	0	0.442395	0.442395	0	0	0	0.442395	0.442395	0	0	0	0	0	0	0	0	0	0	0.442395
0.442348	0.442348	0	0	0.442348	0.884643	0.442348	0	0.442348	0.884643	0.442348	0	0	0.442348	0.884643	0.442348	0	0.442348	0.884643	0.442348	0	0	0.442348	0.884643	0.442348	0	0.442348	0.884643	0.442348	0	0	0.442348	0.884643	0.442348	0	0.442348	0.442348	0	0.442348	0.442348	0.442348	0.442348	0	0.442348	0.442348	0	0.442348	0.442348	0	0.442348	0.442348	0	0.442348	0.442348	0	0	0	0.442348	0.442348	0	0	0.442348	0.442348	0	0	0	0.442348	0.442348	0	0.442348	0.442348	0	0	0	0	0	0.442348	0.442348	0.442348	0.442348	0.442348	0.442348	0	0	0.442348	0.442348	0	0.442348	0.442348	0.442348	0.442348	0	0	0.442348	0.442348	0	0	0	0	0	0	0	0	0	0	0	0	0.442348	0.442348	0	0	0	0.442348	0.442348	0	0	0.442348	0.884643	0.442348	0	0.442348	0.884643	0.442348	0	0	0.442348	0.442348	0	0.442348	0.442348	0	0	0	0	0	0	0	0.442348	0.442348	0	0	0	0	0	0	0	0.442348	0.442348	0	0	0	0	0	0	0	0	0	0	0	0	0	0	0	0.442348	0.442348	0	0	0	0	0	0	0	0	0	0	0	0	0	0	0	0	0	0	0	0.442348	0.442348	0	0	0	0	0	0	0	0	0	0.442348	0.442348	0	0	0	0	0.442348	0.442348	0	0.442348	0.442348	0.442348	0.442348	0	0	0.442348	0.442348	0	0.442348	0.442348	0.442348	0.442348	0	0	0.442348	0.442348	0	0.442348	0.442348	0	0.442348	0.442348	0	0	0.442348	0.442348	0	0.442348	0.442348	0	0	0	0	0.442348	0.442348	0	0	0	0.442348	0.442348	0	0	0	0	0	0	0	0	0	0	0.442348
0.442307	0.442307	0	0	0.442307	0.884561	0.442307	0	0.442307	0.884561	0.442307	0	0	0.442307	0.884561	0.442307	0	0.442307	0.884561	0.442307	0	0	0.442307	0.884561	0.442307	0	0.442307	0.884561	0.442307	0	0	0.442307	0.884561	0.442307	0	0.442307	0.442307	0	0.442307	0.442307	0.442307	0.442307	0	0.442307	0.442307	0	0.442307	0.442307	0	0.442307	0.442307	0	0.442307	0.442307	0	0	0	0.442307	0.442307	0	0	0.442307	0.442307	0	0	0	0.442307	0.442307	0	0.442307	0.442307	0	0	0	0	0	0.442307	0.442307	0.442307	0.442307	0.442307	0.442307	0	0	0.442307	0.442307	0	0.442307	0.442307	0.442307	0.442307	0	0	0.442307	0.442307	0	0	0	0	0	0	0	0	0	0	0	0	0.442307	0.442307	0	0	0	0.442307	0.442307	0	0	0.442307	0.884561	0.442307	0	0.442307	0.884561	0.442307	0	0	0.442307	0.442307	0	0.442307	0.442307	0	0	0	0	0	0	0	0.442307	0.442307	0	0	0	0	0	0	0	0.442307	0.442307	0	0	0	0	0	0	0	0	0	0	0	0	0	0	0	0.442307	0.442307	0	0	0	0	0	0	0	0	0	0	0	0	0	0	0	0	0	0	0	0.442307	0.442307	0	0	0	0	0	0	0	0	0	0.442307	0.442307	0	0	0	0	0.442307	0.442307	0	0.442307	0.442307	0.442307	0.442307	0	0	0.442307	0.442307	0	0.442307	0.442307	0.442307	0.442307	0	0	0.442307	0.442307	0	0.442307	0.442307	0	0.442307	0.442307	0	0	0.442307	0.442307	0	0.442307	0.442307	0	0	0	0	0.442307	0.442307	0	0	0	0.442307	0.442307	0	0	0	0	0	0	0	0	0	0	0.442307
0.442266	0.442266	0	0	0.442266	0.884479	0.442266	0	0.442266	0.884479	0.442266	0	0	0.442266	0.884479	0.442266	0	0.442266	0.884479	0.442266	0	0	0.442266	0.884479	0.442266	0	0.442266	0.884479	0.442266	0	0	0.442266	0.884479	0.442266	0	0.442266	0.442266	0	0.442266	0.442266	0.442266	0.442266	0	0.442266	0.442266	0	0.442266	0.442266	0	0.442266	0.442266	0	0.442266	0.442266	0	0	0	0.442266	0.442266	0	0	0.442266	0.442266	0	0	0	0.442266	0.442266	0	0.442266	0.442266	0	0	0	0	0	0.442266	0.442266	0.442266	0.442266	0.442266	0.442266	0	0	0.442266	0.442266	0	0.442266	0.442266	0.442266	0.442266	0	0	0.442266	0.442266	0	0	0	0	0	0	0	0	0	0	0	0	0.442266	0.442266	0	0	0	0.442266	0.442266	0	0	0.442266	0.884479	0.442266	0	0.442266	0.884479	0.442266	0	0	0.442266	0.442266	0	0.442266	0.442266	0	0	0	0	0	0	0	0.442266	0.442266	0	0	0	0	0	0	0	0.442266	0.442266	0	0	0	0	0	0	0	0	0	0	0	0	0	0	0	0.442266	0.442266	0	0	0	0	0	0	0	0	0	0	0	0	0	0	0	0	0	0	0	0.442266	0.442266	0	0	0	0	0	0	0	0	0	0.442266	0.442266	0	0	0	0	0.442266	0.442266	0	0.442266	0.442266	0.442266	0.442266	0	0	0.442266	0.442266	0	0.442266	0.442266	0.442266	0.442266	0	0	0.442266	0.442266	0	0.442266	0.442266	0	0.442266	0.442266	0	0	0.442266	0.442266	0	0.442266	0.442266	0	0	0	0	0.442266	0.442266	0	0	0	0.442266	0.442266	0	0	0	0	0	0	0	0	0	0	0.442266
2.68823	2.68823	2.65171	2.65171	2.68823	2.86807	2.90606	2.76424	2.68823	2.86807	3.00093	2.98465	2.76424	2.68823	2.79491	2.68823	2.65171	2.68823	2.79491	2.68823	2.54377	2.32326	2.34417	2.65629	2.68823	2.54377	2.47081	2.65629	2.68823	2.54377	2.32326	2.25396	2.446	2.56287	2.54377	2.38542	2.25396	2.10273	2.03789	2.12582	2.25396	2.17124	1.88221	1.90797	2.03789	1.88221	1.82289	1.82289	1.76851	1.82289	1.82289	1.76851	1.90797	2.03789	1.88221	1.76851	1.76851	1.82289	1.74766	1.44131	1.32657	1.39828	1.39828	1.32657	1.22107	1.00112	0.988827	0.988827	0.884465	1.0488	1.26045	1.32657	1.32657	1.32657	1.32657	1.32657	1.47482	1.69085	1.69085	1.47482	1.26045	1.0488	0.884465	0.884465	0.841982	0.64467	0.442259	0.312715	0.312715	0.625412	0.625412	0.442259	0.442259	0.64467	0.797239	0.563763	0.442259	0.442259	0.442259	0.442259	0.442259	0.442259	0.442259	0.442259	0.442259	0.442259	0.442259	0.625412	0.625412	0.442259	0.442259	0.442259	0.64467	0.841982	0.781776	0.563763	0.64467	1.09438	0.988827	0.884465	0.988827	1.26042	1.26045	1.22107	1.00112	0.988827	0.988827	0.884465	0.988827	0.988827	0.884465	0.781776	0.563763	0.442259	0.442259	0.442259	0.442259	0.64467	0.841982	0.884465	0.884465	0.884465	0.884465	0.884465	0.884465	0.884465	1.0488	1.26045	1.32657	1.22107	1.00112	0.884465	0.884465	0.884465	0.884465	0.781776	0.563763	0.442259	0.442259	0.442259	0.442259	0.442259	0.442259	0.64467	0.797239	0.563763	0.442259	0.442259	0.442259	0.442259	0.442259	0.442259	0.442259	0.442259	0.349636	0.156359	0	0	0	0	0	0	0	0	0.349615	0.469067	0.442259	0.442259	0.349636	0.156359	0	0	0	0	0	0.349615	0.469067	0.442259	0.442259	0.442259	0.442259	0.625412	0.625412	0.442259	0.64467	0.841982	0.988827	0.988827	0.884465	0.884465	1.0488	1.26045	1.32657	1.39828	1.39828	1.47482	1.69085	1.76851	1.76851	1.82289	1.82289	1.76851	1.82289	1.82289	1.76851	1.82289	1.82289	1.76851	1.66172	1.60945	1.69085	1.76851	1.82289	1.82289	1.76851	1.76851	1.76851	1.76851	1.82289	1.82289	1.76851	1.76851	1.76851	1.90797	2.12582	2.10273	1.88221	1.76851	1.76851	1.76851	1.76851	1.76851	1.76851	1.76851	1.76851	1.90797
2.68798	2.68798	2.65147	2.65147	2.68798	2.81637	2.90579	2.78156	2.68798	2.81637	2.98437	3.00065	2.78156	2.68798	2.79465	2.68798	2.65147	2.68798	2.79465	2.68798	2.56263	2.34395	2.32305	2.6004	2.68798	2.56263	2.47058	2.6004	2.68798	2.56263	2.34395	2.25375	2.3852	2.54353	2.56263	2.44577	2.25375	2.12562	2.0377	2.10254	2.25375	2.23744	1.90779	1.88203	2.0377	1.90779	1.82272	1.82272	1.76835	1.82272	1.82272	1.76835	1.88203	2.0377	1.90779	1.76835	1.76835	1.82272	1.82939	1.47468	1.32644	1.39816	1.39816	1.32644	1.26033	1.04871	0.988736	0.988736	0.884383	1.00103	1.22095	1.32644	1.32644	1.32644	1.32644	1.32644	1.44118	1.66156	1.66156	1.44118	1.22095	1.00103	0.884383	0.884383	0.781704	0.563711	0.442218	0.312686	0.312686	0.625354	0.625354	0.442218	0.442218	0.563711	0.797165	0.64461	0.442218	0.442218	0.442218	0.442218	0.442218	0.442218	0.442218	0.442218	0.442218	0.442218	0.442218	0.625354	0.625354	0.442218	0.442218	0.442218	0.563711	0.781704	0.841904	0.64461	0.563711	0.950932	0.988736	0.884383	0.988736	1.13808	1.22095	1.26033	1.04871	0.988736	0.988736	0.884383	0.988736	0.988736	0.884383	0.841904	0.64461	0.442218	0.442218	0.442218	0.442218	0.563711	0.781704	0.884383	0.884383	0.884383	0.884383	0.884383	0.884383	0.884383	1.00103	1.22095	1.32644	1.26033	1.04871	0.884383	0.884383	0.884383	0.884383	0.841904	0.64461	0.442218	0.442218	0.442218	0.442218	0.442218	0.442218	0.563711	0.797165	0.64461	0.442218	0.442218	0.442218	0.442218	0.442218	0.442218	0.442218	0.442218	0.469024	0.349582	0	0	0	0	0	0	0	0	0.156344	0.349604	0.442218	0.442218	0.469024	0.349582	0	0	0	0	0	0.156344	0.349604	0.442218	0.442218	0.442218	0.442218	0.625354	0.625354	0.442218	0.563711	0.781704	0.988736	0.988736	0.884383	0.884383	1.00103	1.22095	1.32644	1.39816	1.39816	1.44118	1.66156	1.76835	1.76835	1.82272	1.82272	1.76835	1.82272	1.82272	1.76835	1.82272	1.82272	1.76835	1.6907	1.6093	1.66156	1.76835	1.82272	1.82272	1.76835	1.76835	1.76835	1.76835	1.82272	1.82272	1.76835	1.76835	1.76835	1.88203	2.10254	2.12562	1.90779	1.76835	1.76835	1.76835	1.76835	1.76835	1.76835	1.76835	1.76835	1.88203
0.442143	0.442143	0	0	0.442143	0.442143	0.442143	0.442143	0.442143	0.442143	0	0.442143	0.442143	0.442143	0.884233	0.442143	0	0.442143	0.884233	0.442143	0.442143	0.442143	0	0.442143	0.442143	0.442143	0.442143	0.442143	0.442143	0.442143	0.442143	0.442143	0.442143	0	0.442143	0.884233	0.442143	0.442143	0.442143	0	0.442143	0.884233	0.442143	0	0.442143	0.442143	0.442143	0.442143	0	0.442143	0.442143	0	0	0.442143	0.442143	0	0	0.442143	0.884233	0.442143	0	0.442143	0.442143	0	0.442143	0.442143	0.442143	0.442143	0	0	0	0	0	0	0	0	0	0	0	0	0	0	0	0	0	0	0	0.442143	0.442143	0.442143	0.442143	0	0	0	0.442143	0.442143	0	0	0	0	0	0	0	0	0	0	0	0.442143	0.442143	0	0	0	0	0	0.442143	0.442143	0	0.442143	0.442143	0	0.442143	0.442143	0	0.442143	0.442143	0.442143	0.442143	0	0.442143	0.442143	0	0.442143	0.442143	0	0	0	0	0	0	0	0	0	0	0	0	0	0	0	0	0.442143	0.442143	0	0	0	0	0.442143	0.442143	0	0	0	0	0	0	0	0.442143	0.442143	0	0	0	0	0	0	0	0	0.442143	0.442143	0	0	0	0	0	0	0	0	0	0	0	0	0.442143	0.442143	0	0	0	0	0	0	0	0	0	0	0	0.442143	0.442143	0	0	0	0.442143	0.442143	0	0	0	0	0	0.442143	0.442143	0	0	0	0	0.442143	0.442143	0	0.442143	0.442143	0	0.442143	0.442143	0	0.442143	0.442143	0	0	0.442143	0.442143	0	0	0	0	0.442143	0.442143	0	0	0	0	0	0.442143	0.442143	0	0	0	0	0	0	0	0	0
0.442095	0.442095	0	0	0.442095	0.442095	0.442095	0.442095	0.442095	0.442095	0	0.442095	0.442095	0.442095	0.884138	0.442095	0	0.442095	0.884138	0.442095	0.442095	0.442095	0	0.442095	0.442095	0.442095	0.442095	0.442095	0.442095	0.442095	0.442095	0.442095	0.442095	0	0.442095	0.884138	0.442095	0.442095	0.442095	0	0.442095	0.884138	0.442095	0	0.442095	0.442095	0.442095	0.442095	0	0.442095	0.442095	0	0	0.442095	0.442095	0	0	0.442095	0.884138	0.442095	0	0.442095	0.442095	0	0.442095	0.442095	0.442095	0.442095	0	0	0	0	0	0	0	0	0	0	0	0	0	0	0	0	0	0	0	0.442095	0.442095	0.442095	0.442095	0	0	0	0.442095	0.442095	0	0	0	0	0	0	0	0	0	0	0	0.442095	0.442095	0	0	0	0	0	0.442095	0.442095	0	0.442095	0.442095	0	0.442095	0.442095	0	0.442095	0.442095	0.442095	0.442095	0	0.442095	0.442095	0	0.442095	0.442095	0	0	0	0	0	0	0	0	0	0	0	0	0	0	0	0	0.442095	0.442095	0	0	0	0	0.442095	0.442095	0	0	0	0	0	0	0	0.442095	0.442095	0	0	0	0	0	0	0	0	0.442095	0.442095	0	0	0	0	0	0	0	0	0	0	0	0	0.442095	0.442095	0	0	0	0	0	0	0	0	0	0	0	0.442095	0.442095	0	0	0	0.442095	0.442095	0	0	0	0	0	0.442095	0.442095	0	0	0	0	0.442095	0.442095	0	0.442095	0.442095	0	0.442095	0.442095	0	0.442095	0.442095	0	0	0.442095	0.442095	0	0	0	0	0.442095	0.442095	0	0	0	0	0	0.442095	0.442095	0	0	0	0	0	0	0	0	0
0.442054	0.442054	0	0	0.442054	0.442054	0.442054	0.442054	0.442054	0.442054	0	0.442054	0.442054	0.442054	0.884056	0.442054	0	0.442054	0.884056	0.442054	0.442054	0.442054	0	0.442054	0.442054	0.442054	0.442054	0.442054	0.442054	0.442054	0.442054	0.442054	0.442054	0	0.442054	0.884056	0.442054	0.442054	0.442054	0	0.442054	0.884056	0.442054	0	0.442054	0.442054	0.442054	0.442054	0	0.442054	0.442054	0	0	0.442054	0.442054	0	0	0.442054	0.884056	0.442054	0	0.442054	0.442054	0	0.442054	0.442054	0.442054	0.442054	0	0	0	0	0	0	0	0	0	0	0	0	0	0	0	0	0	0	0	0.442054	0.442054	0.442054	0.442054	0	0	0	0.442054	0.442054	0	0	0	0	0	0	0	0	0	0	0	0.442054	0.442054	0	0	0	0	0	0.442054	0.442054	0	0.442054	0.442054	0	0.442054	0.442054	0	0.442054	0.442054	0.442054	0.442054	0	0.442054	0.442054	0	0.442054	0.442054	0	0	0	0	0	0	0	0	0	0	0	0	0	0	0	0	0.442054	0.442054	0	0	0	0	0.442054	0.442054	0	0	0	0	0	0	0	0.442054	0.442054	0	0	0	0	0	0	0	0	0.442054	0.442054	0	0	0	0	0	0	0	0	0	0	0	0	0.442054	0.442054	0	0	0	0	0	0	0	0	0	0	0	0.442054	0.442054	0	0	0	0.442054	0.442054	0	0	0	0	0	0.442054	0.442054	0	0	0	0	0.442054	0.442054	0	0.442054	0.442054	0	0.442054	0.442054	0	0.442054	0.442054	0	0	0.442054	0.442054	0	0	0	0	0.442054	0.442054	0	0	0	0	0	0.442054	0.442054	0	0	0	0	0	0	0	0	0
0.442013	0.442013	0	0	0.442013	0.442013	0.442013	0.442013	0.442013	0.442013	0	0.442013	0.442013	0.442013	0.883974	0.442013	0	0.442013	0.883974	0.442013	0.442013	0.442013	0	0.442013	0.442013	0.442013	0.442013	0.442013	0.442013	0.442013	0.442013	0.442013	0.442013	0	0.442013	0.883974	0.442013	0.442013	0.442013	0	0.442013	0.883974	0.442013	0	0.442013	0.442013	0.442013	0.442013	0	0.442013	0.442013	0	0	0.442013	0.442013	0	0	0.442013	0.883974	0.442013	0	0.442013	0.442013	0	0.442013	0.442013	0.442013	0.442013	0	0	0	0	0	0	0	0	0	0	0	0	0	0	0	0	0	0	0	0.442013	0.442013	0.442013	0.442013	0	0	0	0.442013	0.442013	0	0	0	0	0	0	0	0	0	0	0	0.442013	0.442013	0	0	0	0	0	0.442013	0.442013	0	0.442013	0.442013	0	0.442013	0.442013	0	0.442013	0.442013	0.442013	0.442013	0	0.442013	0.442013	0	0.442013	0.442013	0	0	0	0	0	0	0	0	0	0	0	0	0	0	0	0	0.442013	0.442013	0	0	0	0	0.442013	0.442013	0	0	0	0	0	0	0	0.442013	0.442013	0	0	0	0	0	0	0	0	0.442013	0.442013	0	0	0	0	0	0	0	0	0	0	0	0	0.442013	0.442013	0	0	0	0	0	0	0	0	0	0	0	0.442013	0.442013	0	0	0	0.442013	0.442013	0	0	0	0	0	0.442013	0.442013	0	0	0	0	0.442013	0.442013	0	0.442013	0.442013	0	0.442013	0.442013	0	0.442013	0.442013	0	0	0.442013	0.442013	0	0	0	0	0.442013	0.442013	0	0	0	0	0	0.442013	0.442013	0	0	0	0	0	0	0	0	0
0.441972	0.441972	0	0	0.441972	0.441972	0.441972	0.441972	0.441972	0.441972	0	0.441972	0.441972	0.441972	0.883892	0.441972	0	0.441972	0.883892	0.441972	0.441972	0.441972	0	0.441972	0.441972	0.441972	0.441972	0.441972	0.441972	0.441972	0.441972	0.441972	0.441972	0	0.441972	0.883892	0.441972	0.441972	0.441972	0	0.441972	0.883892	0.441972	0	0.441972	0.441972	0.441972	0.441972	0	0.441972	0.441972	0	0	0.441972	0.441972	0	0	0.441972	0.883892	0.441972	0	0.441972	0.441972	0	0.441972	0.441972	0.441972	0.441972	0	0	0	0	0	0	0	0	0	0	0	0	0	0	0	0	0	0	0	0.441972	0.441972	0.441972	0.441972	0	0	0	0.441972	0.441972	0	0	0	0	0	0	0	0	0	0	0	0.441972	0.441972	0	0	0	0	0	0.441972	0.441972	0	0.441972	0.441972	0	0.441972	0.441972	0	0.441972	0.441972	0.441972	0.441972	0	0.441972	0.441972	0	0.441972	0.441972	0	0	0	0	0	0	0	0	0	0	0	0	0	0	0	0	0.441972	0.441972	0	0	0	0	0.441972	0.441972	0	0	0	0	0	0	0	0.441972	0.441972	0	0	0	0	0	0	0	0	0.441972	0.441972	0	0	0	0	0	0	0	0	0	0	0	0	0.441972	0.441972	0	0	0	0	0	0	0	0	0	0	0	0.441972	0.441972	0	0	0	0.441972	0.441972	0	0	0	0	0	0.441972	0.441972	0	0	0	0	0.441972	0.441972	0	0.441972	0.441972	0	0.441972	0.441972	0	0.441972	0.441972	0	0	0.441972	0.441972	0	0	0	0	0.441972	0.441972	0	0	0	0	0	0.441972	0.441972	0	0	0	0	0	0	0	0	0
0.441931	0.441931	0	0	0.441931	0.441931	0.441931	0.441931	0.441931	0.441931	0	0.441931	0.441931	0.441931	0.88381	0.441931	0	0.441931	0.88381	0.441931	0.441931	0.441931	0	0.441931	0.441931	0.441931	0.441931	0.441931	0.441931	0.441931	0.441931	0.441931	0.441931	0	0.441931	0.88381	0.441931	0.441931	0.441931	0	0.441931	0.88381	0.441931	0	0.441931	0.441931	0.441931	0.441931	0	0.441931	0.441931	0	0	0.441931	0.441931	0	0	0.441931	0.88381	0.441931	0	0.441931	0.441931	0	0.441931	0.441931	0.441931	0.441931	0	0	0	0	0	0	0	0	0	0	0	0	0	0	0	0	0	0	0	0.441931	0.441931	0.441931	0.441931	0	0	0	0.441931	0.441931	0	0	0	0	0	0	0	0	0	0	0	0.441931	0.441931	0	0	0	0	0	0.441931	0.441931	0	0.441931	0.441931	0	0.441931	0.441931	0	0.441931	0.441931	0.441931	0.441931	0	0.441931	0.441931	0	0.441931	0.441931	0	0	0	0	0	0	0	0	0	0	0	0	0	0	0	0	0.441931	0.441931	0	0	0	0	0.441931	0.441931	0	0	0	0	0	0	0	0.441931	0.441931	0	0	0	0	0	0	0	0	0.441931	0.441931	0	0	0	0	0	0	0	0	0	0	0	0	0.441931	0.441931	0	0	0	0	0	0	0	0	0	0	0	0.441931	0.441931	0	0	0	0.441931	0.441931	0	0	0	0	0	0.441931	0.441931	0	0	0	0	0.441931	0.441931	0	0.441931	0.441931	0	0.441931	0.441931	0	0.441931	0.441931	0	0	0.441931	0.441931	0	0	0	0	0.441931	0.441931	0	0	0	0	0	0.441931	0.441931	0	0	0	0	0	0	0	0	0
0.441884	0.441884	0	0	0.441884	0.441884	0.441884	0.441884	0.441884	0.441884	0	0.441884	0.441884	0.441884	0.883715	0.441884	0	0.441884	0.883715	0.441884	0.441884	0.441884	0	0.441884	0.441884	0.441884	0.441884	0.441884	0.441884	0.441884	0.441884	0.441884	0.441884	0	0.441884	0.883715	0.441884	0.441884	0.441884	0	0.441884	0.883715	0.441884	0	0.441884	0.441884	0.441884	0.441884	0	0.441884	0.441884	0	0	0.441884	0.441884	0	0	0.441884	0.883715	0.441884	0	0.441884	0.441884	0	0.441884	0.441884	0.441884	0.441884	0	0	0	0	0	0	0	0	0	0	0	0	0	0	0	0	0	0	0	0.441884	0.441884	0.441884	0.441884	0	0	0	0.441884	0.441884	0	0	0	0	0	0	0	0	0	0	0	0.441884	0.441884	0	0	0	0	0	0.441884	0.441884	0	0.441884	0.441884	0	0.441884	0.441884	0	0.441884	0.441884	0.441884	0.441884	0	0.441884	0.441884	0	0.441884	0.441884	0	0	0	0	0	0	0	0	0	0	0	0	0	0	0	0	0.441884	0.441884	0	0	0	0	0.441884	0.441884	0	0	0	0	0	0	0	0.441884	0.441884	0	0	0	0	0	0	0	0	0.441884	0.441884	0	0	0	0	0	0	0	0	0	0	0	0	0.441884	0.441884	0	0	0	0	0	0	0	0	0	0	0	0.441884	0.441884	0	0	0	0.441884	0.441884	0	0	0	0	0	0.441884	0.441884	0	0	0	0	0.441884	0.441884	0	0.441884	0.441884	0	0.441884	0.441884	0	0.441884	0.441884	0	0	0.441884	0.441884	0	0	0	0	0.441884	0.441884	0	0	0	0	0	0.441884	0.441884	0	0	0	0	0	0	0	0	0
0.441843	0.441843	0	0	0.441843	0.441843	0.441843	0.441843	0.441843	0.441843	0	0.441843	0.441843	0.441843	0.883633	0.441843	0	0.441843	0.883633	0.441843	0.441843	0.441843	0	0.441843	0.441843	0.441843	0.441843	0.441843	0.441843	0.441843	0.441843	0.441843	0.441843	0	0.441843	0.883633	0.441843	0.441843	0.441843	0	0.441843	0.883633	0.441843	0	0.441843	0.441843	0.441843	0.441843	0	0.441843	0.441843	0	0	0.441843	0.441843	0	0	0.441843	0.883633	0.441843	0	0.441843	0.441843	0	0.441843	0.441843	0.441843	0.441843	0	0	0	0	0	0	0	0	0	0	0	0	0	0	0	0	0	0	0	0.441843	0.441843	0.441843	0.441843	0	0	0	0.441843	0.441843	0	0	0	0	0	0	0	0	0	0	0	0.441843	0.441843	0	0	0	0	0	0.441843	0.441843	0	0.441843	0.441843	0	0.441843	0.441843	0	0.441843	0.441843	0.441843	0.441843	0	0.441843	0.441843	0	0.441843	0.441843	0	0	0	0	0	0	0	0	0	0	0	0	0	0	0	0	0.441843	0.441843	0	0	0	0	0.441843	0.441843	0	0	0	0	0	0	0	0.441843	0.441843	0	0	0	0	0	0	0	0	0.441843	0.441843	0	0	0	0	0	0	0	0	0	0	0	0	0.441843	0.441843	0	0	0	0	0	0	0	0	0	0	0	0.441843	0.441843	0	0	0	0.441843	0.441843	0	0	0	0	0	0.441843	0.441843	0	0	0	0	0.441843	0.441843	0	0.441843	0.441843	0	0.441843	0.441843	0	0.441843	0.441843	0	0	0.441843	0.441843	0	0	0	0	0.441843	0.441843	0	0	0	0	0	0.441843	0.441843	0	0	0	0	0	0	0	0	0
0.441802	0.441802	0	0	0.441802	0.441802	0.441802	0.441802	0.441802	0.441802	0	0.441802	0.441802	0.441802	0.883551	0.441802	0	0.441802	0.883551	0.441802	0.441802	0.441802	0	0.441802	0.441802	0.441802	0.441802	0.441802	0.441802	0.441802	0.441802	0.441802	0.441802	0	0.441802	0.883551	0.441802	0.441802	0.441802	0	0.441802	0.883551	0.441802	0	0.441802	0.441802	0.441802	0.441802	0	0.441802	0.441802	0	0	0.441802	0.441802	0	0	0.441802	0.883551	0.441802	0	0.441802	0.441802	0	0.441802	0.441802	0.441802	0.441802	0	0	0	0	0	0	0	0	0	0	0	0	0	0	0	0	0	0	0	0.441802	0.441802	0.441802	0.441802	0	0	0	0.441802	0.441802	0	0	0	0	0	0	0	0	0	0	0	0.441802	0.441802	0	0	0	0	0	0.441802	0.441802	0	0.441802	0.441802	0	0.441802	0.441802	0	0.441802	0.441802	0.441802	0.441802	0	0.441802	0.441802	0	0.441802	0.441802	0	0	0	0	0	0	0	0	0	0	0	0	0	0	0	0	0.441802	0.441802	0	0	0	0	0.441802	0.441802	0	0	0	0	0	0	0	0.441802	0.441802	0	0	0	0	0	0	0	0	0.441802	0.441802	0	0	0	0	0	0	0	0	0	0	0	0	0.441802	0.441802	0	0	0	0	0	0	0	0	0	0	0	0.441802	0.441802	0	0	0	0.441802	0.441802	0	0	0	0	0	0.441802	0.441802	0	0	0	0	0.441802	0.441802	0	0.441802	0.441802	0	0.441802	0.441802	0	0.441802	0.441802	0	0	0.441802	0.441802	0	0	0	0	0.441802	0.441802	0	0	0	0	0	0.441802	0.441802	0	0	0	0	0	0	0	0	0
0.441761	0.441761	0	0	0.441761	0.441761	0.441761	0.441761	0.441761	0.441761	0	0.441761	0.441761	0.441761	0.88347	0.441761	0	0.441761	0.88347	0.441761	0.441761	0.441761	0	0.441761	0.441761	0.441761	0.441761	0.441761	0.441761	0.441761	0.441761	0.441761	0.441761	0	0.441761	0.88347	0.441761	0.441761	0.441761	0	0.441761	0.88347	0.441761	0	0.441761	0.441761	0.441761	0.441761	0	0.441761	0.441761	0	0	0.441761	0.441761	0	0	0.441761	0.88347	0.441761	0	0.441761	0.441761	0	0.441761	0.441761	0.441761	0.441761	0	0	0	0	0	0	0	0	0	0	0	0	0	0	0	0	0	0	0	0.441761	0.441761	0.441761	0.441761	0	0	0	0.441761	0.441761	0	0	0	0	0	0	0	0	0	0	0	0.441761	0.441761	0	0	0	0	0	0.441761	0.441761	0	0.441761	0.441761	0	0.441761	0.441761	0	0.441761	0.441761	0.441761	0.441761	0	0.441761	0.441761	0	0.441761	0.441761	0	0	0	0	0	0	0	0	0	0	0	0	0	0	0	0	0.441761	0.441761	0	0	0	0	0.441761	0.441761	0	0	0	0	0	0	0	0.441761	0.441761	0	0	0	0	0	0	0	0	0.441761	0.441761	0	0	0	0	0	0	0	0	0	0	0	0	0.441761	0.441761	0	0	0	0	0	0	0	0	0	0	0	0.441761	0.441761	0	0	0	0.441761	0.441761	0	0	0	0	0	0.441761	0.441761	0	0	0	0	0.441761	0.441761	0	0.441761	0.441761	0	0.441761	0.441761	0	0.441761	0.441761	0	0	0.441761	0.441761	0	0	0	0	0.441761	0.441761	0	0	0	0	0	0.441761	0.441761	0	0	0	0	0	0	0	0	0
2.03556	2.12339	2.20772	2.20772	2.25139	2.25139	2.25139	2.25139	2.34149	2.468	2.32061	2.34149	2.55995	2.68517	2.8648	2.99751	2.98125	2.90275	3.07751	3.12064	3.12064	3.12064	3.08934	3.12064	3.12064	3.12064	3.12064	3.12064	3.12064	3.12064	3.12064	3.21649	3.33876	3.20135	3.12064	3.21269	3.12064	3.21649	3.33876	3.20135	3.12064	3.29113	3.43553	3.42137	3.33876	3.43553	3.55703	3.55703	3.52963	3.55703	3.55703	3.52963	3.42137	3.24655	3.12064	3.08934	3.08934	3.12064	3.29113	3.33876	3.20135	3.21649	3.33876	3.20135	3.21649	3.43553	3.65461	3.7754	3.64131	3.52963	3.52963	3.42137	3.20135	3.08934	3.08934	3.08934	2.98125	2.76109	2.64869	2.64869	2.54087	2.32061	2.20772	2.20772	2.10034	1.88006	1.76649	1.9058	2.12339	2.12339	1.9058	1.76649	1.76649	1.65982	1.34332	1.04761	0.883456	0.883456	0.780885	0.56312	0.441754	0.441754	0.349237	0.15618	0	0	0	0.349216	0.493863	0.15618	0	0	0	0	0.349216	0.468532	0.441754	0.643934	0.841021	0.883456	1.04761	1.1893	0.999981	1.04761	1.25901	1.47313	1.60761	1.43967	1.47313	1.68892	1.76649	1.82081	1.82081	1.76649	1.76649	1.76649	1.76649	1.76649	1.76649	1.76649	1.76649	1.76649	1.76649	1.65982	1.43967	1.32505	1.32505	1.21967	0.999981	1.04761	1.25901	1.21967	0.999981	0.883456	0.883456	0.987699	0.987699	0.883456	0.780885	0.56312	0.441754	0.349237	0.15618	0	0.44172	0.44172	0	0.15618	0.349237	0.441754	0.441754	0.441754	0.56312	0.780885	0.841021	0.643934	0.441754	0.441754	0.441754	0.441754	0.441754	0.441754	0.441754	0.441754	0.56312	0.780885	0.883456	0.883456	0.841021	0.643934	0.441754	0.441754	0.441754	0.441754	0.441754	0.441754	0.441754	0.441754	0.441754	0.441754	0.441754	0.468532	0.349216	0	0	0	0.349216	0.468532	0.441754	0.441754	0.441754	0.441754	0.441754	0.643934	0.841021	0.780885	0.56312	0.441754	0.441754	0.643934	0.841021	0.883456	0.987699	0.987699	0.883456	1.04761	1.25901	1.32505	1.47313	1.68892	1.76649	1.76649	1.9058	2.12339	2.10034	1.88006	1.76649	1.76649	1.9058	2.12339	2.10034	1.88006	1.76649	1.76649	1.76649	1.9058	2.12339	2.10034	1.88006	1.76649	1.76649	1.76649	1.76649	1.76649	1.76649	1.76649
2.03534	2.10011	2.20748	2.20748	2.25115	2.25115	2.25115	2.25115	2.32036	2.46773	2.34124	2.32036	2.5406	2.68488	2.81312	2.98093	2.99719	2.90244	3.02944	3.12031	3.12031	3.12031	3.08901	3.12031	3.12031	3.12031	3.12031	3.12031	3.12031	3.12031	3.12031	3.201	3.3384	3.21614	3.12031	3.21235	3.12031	3.201	3.3384	3.21614	3.12031	3.2462	3.421	3.43516	3.3384	3.421	3.55664	3.55664	3.52925	3.55664	3.55664	3.52925	3.43516	3.29077	3.12031	3.08901	3.08901	3.12031	3.2462	3.3384	3.21614	3.201	3.3384	3.21614	3.201	3.421	3.64092	3.775	3.65421	3.52925	3.52925	3.43516	3.21614	3.08901	3.08901	3.08901	2.99719	2.77834	2.6484	2.6484	2.55967	2.34124	2.20748	2.20748	2.12317	1.90559	1.7663	1.87986	2.10011	2.10011	1.87986	1.7663	1.7663	1.68874	1.34318	0.999873	0.883361	0.883361	0.840933	0.643868	0.441707	0.441707	0.468485	0.349183	0	0	0	0.156165	0.493816	0.349183	0	0	0	0	0.156165	0.3492	0.441707	0.563059	0.7808	0.883361	0.999873	1.18917	1.0475	0.999873	1.21954	1.43951	1.60744	1.47298	1.43951	1.65964	1.7663	1.82062	1.82062	1.7663	1.7663	1.7663	1.7663	1.7663	1.7663	1.7663	1.7663	1.7663	1.7663	1.68874	1.47298	1.32491	1.32491	1.25887	1.0475	0.999873	1.21954	1.25887	1.0475	0.883361	0.883361	0.987596	0.987596	0.883361	0.840933	0.643868	0.441707	0.468485	0.349183	0	0.441679	0.441679	0	0.349183	0.468485	0.441707	0.441707	0.441707	0.643868	0.840933	0.7808	0.563059	0.441707	0.441707	0.441707	0.441707	0.441707	0.441707	0.441707	0.441707	0.643868	0.840933	0.883361	0.883361	0.7808	0.563059	0.441707	0.441707	0.441707	0.441707	0.441707	0.441707	0.441707	0.441707	0.441707	0.441707	0.441707	0.3492	0.156165	0	0	0	0.156165	0.3492	0.441707	0.441707	0.441707	0.441707	0.441707	0.563059	0.7808	0.840933	0.643868	0.441707	0.441707	0.563059	0.7808	0.883361	0.987596	0.987596	0.883361	0.999873	1.21954	1.32491	1.43951	1.65964	1.7663	1.7663	1.87986	2.10011	2.12317	1.90559	1.7663	1.7663	1.87986	2.10011	2.12317	1.90559	1.7663	1.7663	1.7663	1.87986	2.10011	2.12317	1.90559	1.7663	1.7663	1.7663	1.7663	1.7663	1.7663	1.7663
0.441632	0	0	0	0.441632	0.441632	0.441632	0.441632	0	0.441632	0.441632	0	0	0.441632	0.441632	0	0.441632	0.441632	0.441632	0.441632	0.441632	0.441632	0	0.441632	0.441632	0.441632	0.441632	0.441632	0.441632	0.441632	0.441632	0	0.441632	0.441632	0.441632	0.883211	0.441632	0	0.441632	0.441632	0.441632	0.441632	0	0.441632	0.441632	0	0.441632	0.441632	0	0.441632	0.441632	0	0.441632	0.883211	0.441632	0	0	0.441632	0.441632	0.441632	0.441632	0	0.441632	0.441632	0	0	0	0.441632	0.441632	0	0	0.441632	0.441632	0	0	0	0.441632	0.441632	0	0	0.441632	0.441632	0	0	0.441632	0.441632	0	0	0	0	0	0	0	0.441632	0.441632	0	0	0	0.441632	0.441632	0	0	0.441632	0.441632	0	0	0	0	0.441632	0.441632	0	0	0	0	0	0	0	0	0	0	0	0.441632	0.441632	0	0	0	0.441632	0.441632	0	0	0	0.441632	0.441632	0	0	0	0	0	0	0	0	0	0	0.441632	0.441632	0	0	0.441632	0.441632	0	0	0.441632	0.441632	0	0	0.441632	0.441632	0	0.441632	0.441632	0	0.441632	0.441632	0	0.441632	0.441632	0	0.441632	0.441632	0	0	0	0.441632	0.441632	0	0	0	0	0	0	0	0	0	0	0.441632	0.441632	0	0	0	0	0	0	0	0	0	0	0	0	0	0	0	0	0	0	0	0	0	0	0	0	0	0	0	0	0	0.441632	0.441632	0	0	0	0	0	0.441632	0.441632	0	0	0	0	0	0	0	0	0	0	0.441632	0.441632	0	0	0	0	0.441632	0.441632	0	0	0	0	0	0.441632	0.441632	0	0	0	0	0	0	0
0.441591	0	0	0	0.441591	0.441591	0.441591	0.441591	0	0.441591	0.441591	0	0	0.441591	0.441591	0	0.441591	0.441591	0.441591	0.441591	0.441591	0.441591	0	0.441591	0.441591	0.441591	0.441591	0.441591	0.441591	0.441591	0.441591	0	0.441591	0.441591	0.441591	0.883129	0.441591	0	0.441591	0.441591	0.441591	0.441591	0	0.441591	0.441591	0	0.441591	0.441591	0	0.441591	0.441591	0	0.441591	0.883129	0.441591	0	0	0.441591	0.441591	0.441591	0.441591	0	0.441591	0.441591	0	0	0	0.441591	0.441591	0	0	0.441591	0.441591	0	0	0	0.441591	0.441591	0	0	0.441591	0.441591	0	0	0.441591	0.441591	0	0	0	0	0	0	0	0.441591	0.441591	0	0	0	0.441591	0.441591	0	0	0.441591	0.441591	0	0	0	0	0.441591	0.441591	0	0	0	0	0	0	0	0	0	0	0	0.441591	0.441591	0	0	0	0.441591	0.441591	0	0	0	0.441591	0.441591	0	0	0	0	0	0	0	0	0	0	0.441591	0.441591	0	0	0.441591	0.441591	0	0	0.441591	0.441591	0	0	0.441591	0.441591	0	0.441591	0.441591	0	0.441591	0.441591	0	0.441591	0.441591	0	0.441591	0.441591	0	0	0	0.441591	0.441591	0	0	0	0	0	0	0	0	0	0	0.441591	0.441591	0	0	0	0	0	0	0	0	0	0	0	0	0	0	0	0	0	0	0	0	0	0	0	0	0	0	0	0	0	0.441591	0.441591	0	0	0	0	0	0.441591	0.441591	0	0	0	0	0	0	0	0	0	0	0.441591	0.441591	0	0	0	0	0.441591	0.441591	0	0	0	0	0	0.441591	0.441591	0	0	0	0	0	0	0
0.44155	0	0	0	0.44155	0.44155	0.44155	0.44155	0	0.44155	0.44155	0	0	0.44155	0.44155	0	0.44155	0.44155	0.44155	0.44155	0.44155	0.44155	0	0.44155	0.44155	0.44155	0.44155	0.44155	0.44155	0.44155	0.44155	0	0.44155	0.44155	0.44155	0.883048	0.44155	0	0.44155	0.44155	0.44155	0.44155	0	0.44155	0.44155	0	0.44155	0.44155	0	0.44155	0.44155	0	0.44155	0.883048	0.44155	0	0	0.44155	0.44155	0.44155	0.44155	0	0.44155	0.44155	0	0	0	0.44155	0.44155	0	0	0.44155	0.44155	0	0	0	0.44155	0.44155	0	0	0.44155	0.44155	0	0	0.44155	0.44155	0	0	0	0	0	0	0	0.44155	0.44155	0	0	0	0.44155	0.44155	0	0	0.44155	0.44155	0	0	0	0	0.44155	0.44155	0	0	0	0	0	0	0	0	0	0	0	0.44155	0.44155	0	0	0	0.44155	0.44155	0	0	0	0.44155	0.44155	0	0	0	0	0	0	0	0	0	0	0.44155	0.44155	0	0	0.44155	0.44155	0	0	0.44155	0.44155	0	0	0.44155	0.44155	0	0.44155	0.44155	0	0.44155	0.44155	0	0.44155	0.44155	0	0.44155	0.44155	0	0	0	0.44155	0.44155	0	0	0	0	0	0	0	0	0	0	0.44155	0.44155	0	0	0	0	0	0	0	0	0	0	0	0	0	0	0	0	0	0	0	0	0	0	0	0	0	0	0	0	0	0.44155	0.44155	0	0	0	0	0	0.44155	0.44155	0	0	0	0	0	0	0	0	0	0	0.44155	0.44155	0	0	0	0	0.44155	0.44155	0	0	0	0	0	0.44155	0.44155	0	0	0	0	0	0	0
0.441509	0	0	0	0.441509	0.441509	0.441509	0.441509	0	0.441509	0.441509	0	0	0.441509	0.441509	0	0.441509	0.441509	0.441509	0.441509	0.441509	0.441509	0	0.441509	0.441509	0.441509	0.441509	0.441509	0.441509	0.441509	0.441509	0	0.441509	0.441509	0.441509	0.882966	0.441509	0	0.441509	0.441509	0.441509	0.441509	0	0.441509	0.441509	0	0.441509	0.441509	0	0.441509	0.441509	0	0.441509	0.882966	0.441509	0	0	0.441509	0.441509	0.441509	0.441509	0	0.441509	0.441509	0	0	0	0.441509	0.441509	0	0	0.441509	0.441509	0	0	0	0.441509	0.441509	0	0	0.441509	0.441509	0	0	0.441509	0.441509	0	0	0	0	0	0	0	0.441509	0.441509	0	0	0	0.441509	0.441509	0	0	0.441509	0.441509	0	0	0	0	0.441509	0.441509	0	0	0	0	0	0	0	0	0	0	0	0.441509	0.441509	0	0	0	0.441509	0.441509	0	0	0	0.441509	0.441509	0	0	0	0	0	0	0	0	0	0	0.441509	0.441509	0	0	0.441509	0.441509	0	0	0.441509	0.441509	0	0	0.441509	0.441509	0	0.441509	0.441509	0	0.441509	0.441509	0	0.441509	0.441509	0	0.441509	0.441509	0	0	0	0.441509	0.441509	0	0	0	0	0	0	0	0	0	0	0.441509	0.441509	0	0	0	0	0	0	0	0	0	0	0	0	0	0	0	0	0	0	0	0	0	0	0	0	0	0	0	0	0	0.441509	0.441509	0	0	0	0	0	0.441509	0.441509	0	0	0	0	0	0	0	0	0	0	0.441509	0.441509	0	0	0	0	0.441509	0.441509	0	0	0	0	0	0.441509	0.441509	0	0	0	0	0	0	0
0.441468	0	0	0	0.441468	0.441468	0.441468	0.441468	0	0.441468	0.441468	0	0	0.441468	0.441468	0	0.441468	0.441468	0.441468	0.441468	0.441468	0.441468	0	0.441468	0.441468	0.441468	0.441468	0.441468	0.441468	0.441468	0.441468	0	0.441468	0.441468	0.441468	0.882884	0.441468	0	0.441468	0.441468	0.441468	0.441468	0	0.441468	0.441468	0	0.441468	0.441468	0	0.441468	0.441468	0	0.441468	0.882884	0.441468	0	0	0.441468	0.441468	0.441468	0.441468	0	0.441468	0.441468	0	0	0	0.441468	0.441468	0	0	0.441468	0.441468	0	0	0	0.441468	0.441468	0	0	0.441468	0.441468	0	0	0.441468	0.441468	0	0	0	0	0	0	0	0.441468	0.441468	0	0	0	0.441468	0.441468	0	0	0.441468	0.441468	0	0	0	0	0.441468	0.441468	0	0	0	0	0	0	0	0	0	0	0	0.441468	0.441468	0	0	0	0.441468	0.441468	0	0	0	0.441468	0.441468	0	0	0	0	0	0	0	0	0	0	0.441468	0.441468	0	0	0.441468	0.441468	0	0	0.441468	0.441468	0	0	0.441468	0.441468	0	0.441468	0.441468	0	0.441468	0.441468	0	0.441468	0.441468	0	0.441468	0.441468	0	0	0	0.441468	0.441468	0	0	0	0	0	0	0	0	0	0	0.441468	0.441468	0	0	0	0	0	0	0	0	0	0	0	0	0	0	0	0	0	0	0	0	0	0	0	0	0	0	0	0	0	0.441468	0.441468	0	0	0	0	0	0.441468	0.441468	0	0	0	0	0	0	0	0	0	0	0.441468	0.441468	0	0	0	0	0.441468	0.441468	0	0	0	0	0	0.441468	0.441468	0	0	0	0	0	0	0
0.441421	0	0	0	0.441421	0.441421	0.441421	0.441421	0	0.441421	0.441421	0	0	0.441421	0.441421	0	0.441421	0.441421	0.441421	0.441421	0.441421	0.441421	0	0.441421	0.441421	0.441421	0.441421	0.441421	0.441421	0.441421	0.441421	0	0.441421	0.441421	0.441421	0.882789	0.441421	0	0.441421	0.441421	0.441421	0.441421	0	0.441421	0.441421	0	0.441421	0.441421	0	0.441421	0.441421	0	0.441421	0.882789	0.441421	0	0	0.441421	0.441421	0.441421	0.441421	0	0.441421	0.441421	0	0	0	0.441421	0.441421	0	0	0.441421	0.441421	0	0	0	0.441421	0.441421	0	0	0.441421	0.441421	0	0	0.441421	0.441421	0	0	0	0	0	0	0	0.441421	0.441421	0	0	0	0.441421	0.441421	0	0	0.441421	0.441421	0	0	0	0	0.441421	0.441421	0	0	0	0	0	0	0	0	0	0	0	0.441421	0.441421	0	0	0	0.441421	0.441421	0	0	0	0.441421	0.441421	0	0	0	0	0	0	0	0	0	0	0.441421	0.441421	0	0	0.441421	0.441421	0	0	0.441421	0.441421	0	0	0.441421	0.441421	0	0.441421	0.441421	0	0.441421	0.441421	0	0.441421	0.441421	0	0.441421	0.441421	0	0	0	0.441421	0.441421	0	0	0	0	0	0	0	0	0	0	0.441421	0.441421	0	0	0	0	0	0	0	0	0	0	0	0	0	0	0	0	0	0	0	0	0	0	0	0	0	0	0	0	0	0.441421	0.441421	0	0	0	0	0	0.441421	0.441421	0	0	0	0	0	0	0	0	0	0	0.441421	0.441421	0	0	0	0	0.441421	0.441421	0	0	0	0	0	0.441421	0.441421	0	0	0	0	0	0	0
0.44138	0	0	0	0.44138	0.44138	0.44138	0.44138	0	0.44138	0.44138	0	0	0.44138	0.44138	0	0.44138	0.44138	0.44138	0.44138	0.44138	0.44138	0	0.44138	0.44138	0.44138	0.44138	0.44138	0.44138	0.44138	0.44138	0	0.44138	0.44138	0.44138	0.882707	0.44138	0	0.44138	0.44138	0.44138	0.44138	0	0.44138	0.44138	0	0.44138	0.44138	0	0.44138	0.44138	0	0.44138	0.882707	0.44138	0	0	0.44138	0.44138	0.44138	0.44138	0	0.44138	0.44138	0	0	0	0.44138	0.44138	0	0	0.44138	0.44138	0	0	0	0.44138	0.44138	0	0	0.44138	0.44138	0	0	0.44138	0.44138	0	0	0	0	0	0	0	0.44138	0.44138	0	0	0	0.44138	0.44138	0	0	0.44138	0.44138	0	0	0	0	0.44138	0.44138	0	0	0	0	0	0	0	0	0	0	0	0.44138	0.44138	0	0	0	0.44138	0.44138	0	0	0	0.44138	0.44138	0	0	0	0	0	0	0	0	0	0	0.44138	0.44138	0	0	0.44138	0.44138	0	0	0.44138	0.44138	0	0	0.44138	0.44138	0	0.44138	0.44138	0	0.44138	0.44138	0	0.44138	0.44138	0	0.44138	0.44138	0	0	0	0.44138	0.44138	0	0	0	0	0	0	0	0	0	0	0.44138	0.44138	0	0	0	0	0	0	0	0	0	0	0	0	0	0	0	0	0	0	0	0	0	0	0	0	0	0	0	0	0	0.44138	0.44138	0	0	0	0	0	0.44138	0.44138	0	0	0	0	0	0	0	0	0	0	0.44138	0.44138	0	0	0	0	0.44138	0.44138	0	0	0	0	0	0.44138	0.44138	0	0	0	0	0	0	0
0.441339	0	0	0	0.441339	0.441339	0.441339	0.441339	0	0.441339	0.441339	0	0	0.441339	0.441339	0	0.441339	0.441339	0.441339	0.441339	0.441339	0.441339	0	0.441339	0.441339	0.441339	0.441339	0.441339	0.441339	0.441339	0.441339	0	0.441339	0.441339	0.441339	0.882626	0.441339	0	0.441339	0.441339	0.441339	0.441339	0	0.441339	0.441339	0	0.441339	0.441339	0	0.441339	0.441339	0	0.441339	0.882626	0.441339	0	0	0.441339	0.441339	0.441339	0.441339	0	0.441339	0.441339	0	0	0	0.441339	0.441339	0	0	0.441339	0.441339	0	0	0	0.441339	0.441339	0	0	0.441339	0.441339	0	0	0.441339	0.441339	0	0	0	0	0	0	0	0.441339	0.441339	0	0	0	0.441339	0.441339	0	0	0.441339	0.441339	0	0	0	0	0.441339	0.441339	0	0	0	0	0	0	0	0	0	0	0	0.441339	0.441339	0	0	0	0.441339	0.441339	0	0	0	0.441339	0.441339	0	0	0	0	0	0	0	0	0	0	0.441339	0.441339	0	0	0.441339	0.441339	0	0	0.441339	0.441339	0	0	0.441339	0.441339	0	0.441339	0.441339	0	0.441339	0.441339	0	0.441339	0.441339	0	0.441339	0.441339	0	0	0	0.441339	0.441339	0	0	0	0	0	0	0	0	0	0	0.441339	0.441339	0	0	0	0	0	0	0	0	0	0	0	0	0	0	0	0	0	0	0	0	0	0	0	0	0	0	0	0	0	0.441339	0.441339	0	0	0	0	0	0.441339	0.441339	0	0	0	0	0	0	0	0	0	0	0.441339	0.441339	0	0	0	0	0.441339	0.441339	0	0	0	0	0	0.441339	0.441339	0	0	0	0	0	0	0
0.441298	0	0	0	0.441298	0.441298	0.441298	0.441298	0	0.441298	0.441298	0	0	0.441298	0.441298	0	0.441298	0.441298	0.441298	0.441298	0.441298	0.441298	0	0.441298	0.441298	0.441298	0.441298	0.441298	0.441298	0.441298	0.441298	0	0.441298	0.441298	0.441298	0.882544	0.441298	0	0.441298	0.441298	0.441298	0.441298	0	0.441298	0.441298	0	0.441298	0.441298	0	0.441298	0.441298	0	0.441298	0.882544	0.441298	0	0	0.441298	0.441298	0.441298	0.441298	0	0.441298	0.441298	0	0	0	0.441298	0.441298	0	0	0.441298	0.441298	0	0	0	0.441298	0.441298	0	0	0.441298	0.441298	0	0	0.441298	0.441298	0	0	0	0	0	0	0	0.441298	0.441298	0	0	0	0.441298	0.441298	0	0	0.441298	0.441298	0	0	0	0	0.441298	0.441298	0	0	0	0	0	0	0	0	0	0	0	0.441298	0.441298	0	0	0	0.441298	0.441298	0	0	0	0.441298	0.441298	0	0	0	0	0	0	0	0	0	0	0.441298	0.441298	0	0	0.441298	0.441298	0	0	0.441298	0.441298	0	0	0.441298	0.441298	0	0.441298	0.441298	0	0.441298	0.441298	0	0.441298	0.441298	0	0.441298	0.441298	0	0	0	0.441298	0.441298	0	0	0	0	0	0	0	0	0	0	0.441298	0.441298	0	0	0	0	0	0	0	0	0	0	0	0	0	0	0	0	0	0	0	0	0	0	0	0	0	0	0	0	0	0.441298	0.441298	0	0	0	0	0	0.441298	0.441298	0	0	0	0	0	0	0	0	0	0	0.441298	0.441298	0	0	0	0	0.441298	0.441298	0	0	0	0	0	0.441298	0.441298	0	0	0	0	0	0	0
0.441258	0	0	0	0.441258	0.441258	0.441258	0.441258	0	0.441258	0.441258	0	0	0.441258	0.441258	0	0.441258	0.441258	0.441258	0.441258	0.441258	0.441258	0	0.441258	0.441258	0.441258	0.441258	0.441258	0.441258	0.441258	0.441258	0	0.441258	0.441258	0.441258	0.882463	0.441258	0	0.441258	0.441258	0.441258	0.441258	0	0.441258	0.441258	0	0.441258	0.441258	0	0.441258	0.441258	0	0.441258	0.882463	0.441258	0	0	0.441258	0.441258	0.441258	0.441258	0	0.441258	0.441258	0	0	0	0.441258	0.441258	0	0	0.441258	0.441258	0	0	0	0.441258	0.441258	0	0	0.441258	0.441258	0	0	0.441258	0.441258	0	0	0	0	0	0	0	0.441258	0.441258	0	0	0	0.441258	0.441258	0	0	0.441258	0.441258	0	0	0	0	0.441258	0.441258	0	0	0	0	0	0	0	0	0	0	0	0.441258	0.441258	0	0	0	0.441258	0.441258	0	0	0	0.441258	0.441258	0	0	0	0	0	0	0	0	0	0	0.441258	0.441258	0	0	0.441258	0.441258	0	0	0.441258	0.441258	0	0	0.441258	0.441258	0	0.441258	0.441258	0	0.441258	0.441258	0	0.441258	0.441258	0	0.441258	0.441258	0	0	0	0.441258	0.441258	0	0	0	0	0	0	0	0	0	0	0.441258	0.441258	0	0	0	0	0	0	0	0	0	0	0	0	0	0	0	0	0	0	0	0	0	0	0	0	0	0	0	0	0	0.441258	0.441258	0	0	0	0	0	0.441258	0.441258	0	0	0	0	0	0	0	0	0	0	0.441258	0.441258	0	0	0	0	0.441258	0.441258	0	0	0	0	0	0.441258	0.441258	0	0	0	0	0	0	0
2.03321	1.87789	1.76445	1.76445	1.9036	2.03321	2.03321	2.12094	2.20517	2.2488	2.2488	2.20517	2.20517	2.2488	2.2488	2.20517	2.2488	2.2488	2.33879	2.55699	2.68207	2.68207	2.64563	2.68207	2.68207	2.77544	2.8994	2.8994	2.99405	3.11705	3.11705	3.08578	3.11705	3.11705	3.11705	3.28734	3.43157	3.52557	3.55293	3.55293	3.6504	3.77106	3.63711	3.6504	3.77106	3.63711	3.6504	3.86922	3.96493	3.98925	3.98925	3.96493	3.98925	4.14673	4.30679	4.40383	4.40383	4.42571	4.42571	4.42571	4.42571	4.40383	4.42571	4.42571	4.40383	4.40383	4.29556	4.20748	4.30679	4.29556	4.07619	4.08803	4.30679	4.29556	4.07619	3.96493	4.08803	4.30679	4.29556	4.07619	3.98925	3.98925	3.96493	3.96493	3.98925	3.89415	3.63711	3.52557	3.52557	3.31304	2.8742	2.64563	2.64563	2.68207	2.68207	2.64563	2.53794	2.31794	2.33879	2.46515	2.21616	1.87789	1.9036	2.03321	1.87789	1.76445	1.76445	1.65791	1.5361	1.39508	1.32352	1.21826	0.998826	0.882436	0.779983	0.56247	0.348834	0.156001	0	0.156001	0.348834	0.643193	0.840052	0.882436	0.882436	0.882436	1.0464	1.25756	1.32352	1.32352	1.32352	1.47143	1.60576	1.43801	1.32352	1.32352	1.32352	1.32352	1.32352	1.32352	1.32352	1.32352	1.32352	1.47143	1.60576	1.43801	1.32352	1.47143	1.68698	1.65791	1.43801	1.47143	1.60576	1.34177	0.998826	1.0464	1.18793	0.998826	0.986561	0.986561	0.779983	0.795413	0.840052	0.779983	0.77996	0.623982	0.441244	0.623982	0.623982	0.441244	0.348834	0.156001	0.348817	0.467994	0.348834	0.156001	0.156001	0.348834	0.441244	0.441244	0.441244	0.56247	0.779983	0.882436	0.840052	0.643193	0.441244	0.441244	0.441244	0.441244	0.441244	0.441244	0.441244	0.441244	0.441244	0.348834	0.156001	0	0	0	0	0	0	0	0	0	0	0	0	0	0	0	0	0	0	0.348817	0.467994	0.441244	0.441244	0.441244	0.441244	0.441244	0.697643	1.12483	1.32352	1.32352	1.32352	1.32352	1.32352	1.32352	1.32352	1.21826	0.998826	0.882436	1.0464	1.25756	1.32352	1.32352	1.32352	1.32352	1.47143	1.68698	1.76445	1.76445	1.76445	1.65791	1.43801	1.47143	1.68698	1.76445	1.76445	1.76445	1.76445	1.76445	1.76445	1.76445
2.03303	1.90342	1.76429	1.76429	1.87772	2.03303	2.03303	2.09772	2.20497	2.24859	2.24859	2.20497	2.20497	2.24859	2.24859	2.20497	2.24859	2.24859	2.31772	2.5377	2.68182	2.68182	2.64539	2.68182	2.68182	2.75765	2.89914	2.89914	2.97754	3.11676	3.11676	3.0855	3.11676	3.11676	3.11676	3.24251	3.41711	3.52524	3.5526	3.5526	3.63678	3.77071	3.65006	3.63678	3.77071	3.65006	3.63678	3.85635	3.96457	3.98888	3.98888	3.96457	3.98888	4.11123	4.29517	4.40343	4.40343	4.4253	4.4253	4.4253	4.4253	4.40343	4.4253	4.4253	4.40343	4.40343	4.3064	4.20709	4.29517	4.3064	4.08765	4.07581	4.29517	4.3064	4.08765	3.96457	4.07581	4.29517	4.3064	4.08765	3.98888	3.98888	3.96457	3.96457	3.98888	3.93087	3.65006	3.52524	3.52524	3.37072	2.94065	2.64539	2.64539	2.68182	2.68182	2.64539	2.55676	2.33858	2.31772	2.46492	2.30194	1.90342	1.87772	2.03303	1.90342	1.76429	1.76429	1.68682	1.62814	1.39495	1.3234	1.25744	1.0463	0.882354	0.839972	0.643131	0.467947	0.34878	0	0.34878	0.467947	0.562417	0.77991	0.882354	0.882354	0.882354	0.998734	1.21815	1.3234	1.3234	1.3234	1.43787	1.60561	1.4713	1.3234	1.3234	1.3234	1.3234	1.3234	1.3234	1.3234	1.3234	1.3234	1.43787	1.60561	1.4713	1.3234	1.43787	1.65775	1.68682	1.4713	1.43787	1.60561	1.47952	1.0463	0.998734	1.18782	1.0463	0.986467	0.986467	0.839972	0.795336	0.77991	0.839972	0.948727	0.623919	0.441203	0.623919	0.623919	0.441203	0.467947	0.34878	0.155986	0.348802	0.467947	0.34878	0.34878	0.467947	0.441203	0.441203	0.441203	0.643131	0.839972	0.882354	0.77991	0.562417	0.441203	0.441203	0.441203	0.441203	0.441203	0.441203	0.441203	0.441203	0.441203	0.467947	0.34878	0	0	0	0	0	0	0	0	0	0	0	0	0	0	0	0	0	0	0.155986	0.348802	0.441203	0.441203	0.441203	0.441203	0.441203	0.697577	1.12473	1.3234	1.3234	1.3234	1.3234	1.3234	1.3234	1.3234	1.25744	1.0463	0.882354	0.998734	1.21815	1.3234	1.3234	1.3234	1.3234	1.43787	1.65775	1.76429	1.76429	1.76429	1.68682	1.4713	1.43787	1.65775	1.76429	1.76429	1.76429	1.76429	1.76429	1.76429	1.76429
0.441128	0.441128	0	0	0	0.441128	0.441128	0	0	0.441128	0.441128	0	0	0.441128	0.441128	0	0.441128	0.441128	0	0	0.441128	0.441128	0	0.441128	0.441128	0	0.441128	0.441128	0	0.441128	0.441128	0	0.441128	0.441128	0.441128	0.441128	0	0	0.441128	0.441128	0	0.441128	0.441128	0	0.441128	0.441128	0	0	0	0.441128	0.441128	0	0.441128	0.441128	0	0	0	0.441128	0.441128	0.441128	0.441128	0	0.441128	0.441128	0	0	0.441128	0.441128	0	0.441128	0.441128	0	0	0.441128	0.441128	0	0	0	0.441128	0.441128	0.441128	0.441128	0	0	0.441128	0.882205	0.441128	0	0	0.882205	0.882205	0	0	0.441128	0.441128	0	0.441128	0.441128	0	0.441128	0.882205	0.441128	0	0.441128	0.441128	0	0	0.441128	0.882205	0.441128	0	0.441128	0.441128	0	0.441128	0.441128	0.441128	0.441128	0	0.441128	0.441128	0	0	0	0	0	0	0	0	0	0	0	0.441128	0.441128	0	0	0	0	0	0	0	0	0	0	0.441128	0.441128	0	0	0	0.441128	0.441128	0	0.441128	0.882205	0.441128	0	0.441128	0.441128	0.441128	0.441128	0.441128	0.441128	0	0.441128	0.882205	0.441128	0	0.441128	0.441128	0	0.441128	0.441128	0	0	0.441128	0.441128	0.441128	0.441128	0	0	0	0.441128	0.441128	0	0	0	0	0	0	0	0	0	0	0	0	0.441128	0.441128	0	0	0	0	0	0	0	0	0	0	0	0	0	0	0	0	0	0	0	0	0	0	0	0	0	0.441128	0.441128	0	0	0	0	0	0	0	0.441128	0.441128	0	0	0	0	0	0	0	0	0	0	0	0	0.441128	0.441128	0	0	0	0	0	0	0	0	0
0.441088	0.441088	0	0	0	0.441088	0.441088	0	0	0.441088	0.441088	0	0	0.441088	0.441088	0	0.441088	0.441088	0	0	0.441088	0.441088	0	0.441088	0.441088	0	0.441088	0.441088	0	0.441088	0.441088	0	0.441088	0.441088	0.441088	0.441088	0	0	0.441088	0.441088	0	0.441088	0.441088	0	0.441088	0.441088	0	0	0	0.441088	0.441088	0	0.441088	0.441088	0	0	0	0.441088	0.441088	0.441088	0.441088	0	0.441088	0.441088	0	0	0.441088	0.441088	0	0.441088	0.441088	0	0	0.441088	0.441088	0	0	0	0.441088	0.441088	0.441088	0.441088	0	0	0.441088	0.882123	0.441088	0	0	0.882123	0.882123	0	0	0.441088	0.441088	0	0.441088	0.441088	0	0.441088	0.882123	0.441088	0	0.441088	0.441088	0	0	0.441088	0.882123	0.441088	0	0.441088	0.441088	0	0.441088	0.441088	0.441088	0.441088	0	0.441088	0.441088	0	0	0	0	0	0	0	0	0	0	0	0.441088	0.441088	0	0	0	0	0	0	0	0	0	0	0.441088	0.441088	0	0	0	0.441088	0.441088	0	0.441088	0.882123	0.441088	0	0.441088	0.441088	0.441088	0.441088	0.441088	0.441088	0	0.441088	0.882123	0.441088	0	0.441088	0.441088	0	0.441088	0.441088	0	0	0.441088	0.441088	0.441088	0.441088	0	0	0	0.441088	0.441088	0	0	0	0	0	0	0	0	0	0	0	0	0.441088	0.441088	0	0	0	0	0	0	0	0	0	0	0	0	0	0	0	0	0	0	0	0	0	0	0	0	0	0.441088	0.441088	0	0	0	0	0	0	0	0.441088	0.441088	0	0	0	0	0	0	0	0	0	0	0	0	0.441088	0.441088	0	0	0	0	0	0	0	0	0
0.441047	0.441047	0	0	0	0.441047	0.441047	0	0	0.441047	0.441047	0	0	0.441047	0.441047	0	0.441047	0.441047	0	0	0.441047	0.441047	0	0.441047	0.441047	0	0.441047	0.441047	0	0.441047	0.441047	0	0.441047	0.441047	0.441047	0.441047	0	0	0.441047	0.441047	0	0.441047	0.441047	0	0.441047	0.441047	0	0	0	0.441047	0.441047	0	0.441047	0.441047	0	0	0	0.441047	0.441047	0.441047	0.441047	0	0.441047	0.441047	0	0	0.441047	0.441047	0	0.441047	0.441047	0	0	0.441047	0.441047	0	0	0	0.441047	0.441047	0.441047	0.441047	0	0	0.441047	0.882042	0.441047	0	0	0.882042	0.882042	0	0	0.441047	0.441047	0	0.441047	0.441047	0	0.441047	0.882042	0.441047	0	0.441047	0.441047	0	0	0.441047	0.882042	0.441047	0	0.441047	0.441047	0	0.441047	0.441047	0.441047	0.441047	0	0.441047	0.441047	0	0	0	0	0	0	0	0	0	0	0	0.441047	0.441047	0	0	0	0	0	0	0	0	0	0	0.441047	0.441047	0	0	0	0.441047	0.441047	0	0.441047	0.882042	0.441047	0	0.441047	0.441047	0.441047	0.441047	0.441047	0.441047	0	0.441047	0.882042	0.441047	0	0.441047	0.441047	0	0.441047	0.441047	0	0	0.441047	0.441047	0.441047	0.441047	0	0	0	0.441047	0.441047	0	0	0	0	0	0	0	0	0	0	0	0	0.441047	0.441047	0	0	0	0	0	0	0	0	0	0	0	0	0	0	0	0	0	0	0	0	0	0	0	0	0	0.441047	0.441047	0	0	0	0	0	0	0	0.441047	0.441047	0	0	0	0	0	0	0	0	0	0	0	0	0.441047	0.441047	0	0	0	0	0	0	0	0	0
0.441006	0.441006	0	0	0	0.441006	0.441006	0	0	0.441006	0.441006	0	0	0.441006	0.441006	0	0.441006	0.441006	0	0	0.441006	0.441006	0	0.441006	0.441006	0	0.441006	0.441006	0	0.441006	0.441006	0	0.441006	0.441006	0.441006	0.441006	0	0	0.441006	0.441006	0	0.441006	0.441006	0	0.441006	0.441006	0	0	0	0.441006	0.441006	0	0.441006	0.441006	0	0	0	0.441006	0.441006	0.441006	0.441006	0	0.441006	0.441006	0	0	0.441006	0.441006	0	0.441006	0.441006	0	0	0.441006	0.441006	0	0	0	0.441006	0.441006	0.441006	0.441006	0	0	0.441006	0.88196	0.441006	0	0	0.88196	0.88196	0	0	0.441006	0.441006	0	0.441006	0.441006	0	0.441006	0.88196	0.441006	0	0.441006	0.441006	0	0	0.441006	0.88196	0.441006	0	0.441006	0.441006	0	0.441006	0.441006	0.441006	0.441006	0	0.441006	0.441006	0	0	0	0	0	0	0	0	0	0	0	0.441006	0.441006	0	0	0	0	0	0	0	0	0	0	0.441006	0.441006	0	0	0	0.441006	0.441006	0	0.441006	0.88196	0.441006	0	0.441006	0.441006	0.441006	0.441006	0.441006	0.441006	0	0.441006	0.88196	0.441006	0	0.441006	0.441006	0	0.441006	0.441006	0	0	0.441006	0.441006	0.441006	0.441006	0	0	0	0.441006	0.441006	0	0	0	0	0	0	0	0	0	0	0	0	0.441006	0.441006	0	0	0	0	0	0	0	0	0	0	0	0	0	0	0	0	0	0	0	0	0	0	0	0	0	0.441006	0.441006	0	0	0	0	0	0	0	0.441006	0.441006	0	0	0	0	0	0	0	0	0	0	0	0	0.441006	0.441006	0	0	0	0	0	0	0	0	0
0.440959	0.440959	0	0	0	0.440959	0.440959	0	0	0.440959	0.440959	0	0	0.440959	0.440959	0	0.440959	0.440959	0	0	0.440959	0.440959	0	0.440959	0.440959	0	0.440959	0.440959	0	0.440959	0.440959	0	0.440959	0.440959	0.440959	0.440959	0	0	0.440959	0.440959	0	0.440959	0.440959	0	0.440959	0.440959	0	0	0	0.440959	0.440959	0	0.440959	0.440959	0	0	0	0.440959	0.440959	0.440959	0.440959	0	0.440959	0.440959	0	0	0.440959	0.440959	0	0.440959	0.440959	0	0	0.440959	0.440959	0	0	0	0.440959	0.440959	0.440959	0.440959	0	0	0.440959	0.881865	0.440959	0	0	0.881865	0.881865	0	0	0.440959	0.440959	0	0.440959	0.440959	0	0.440959	0.881865	0.440959	0	0.440959	0.440959	0	0	0.440959	0.881865	0.440959	0	0.440959	0.440959	0	0.440959	0.440959	0.440959	0.440959	0	0.440959	0.440959	0	0	0	0	0	0	0	0	0	0	0	0.440959	0.440959	0	0	0	0	0	0	0	0	0	0	0.440959	0.440959	0	0	0	0.440959	0.440959	0	0.440959	0.881865	0.440959	0	0.440959	0.440959	0.440959	0.440959	0.440959	0.440959	0	0.440959	0.881865	0.440959	0	0.440959	0.440959	0	0.440959	0.440959	0	0	0.440959	0.440959	0.440959	0.440959	0	0	0	0.440959	0.440959	0	0	0	0	0	0	0	0	0	0	0	0	0.440959	0.440959	0	0	0	0	0	0	0	0	0	0	0	0	0	0	0	0	0	0	0	0	0	0	0	0	0	0.440959	0.440959	0	0	0	0	0	0	0	0.440959	0.440959	0	0	0	0	0	0	0	0	0	0	0	0	0.440959	0.440959	0	0	0	0	0	0	0	0	0
0.440918	0.440918	0	0	0	0.440918	0.440918	0	0	0.440918	0.440918	0	0	0.440918	0.440918	0	0.440918	0.440918	0	0	0.440918	0.440918	0	0.440918	0.440918	0	0.440918	0.440918	0	0.440918	0.440918	0	0.440918	0.440918	0.440918	0.440918	0	0	0.440918	0.440918	0	0.440918	0.440918	0	0.440918	0.440918	0	0	0	0.440918	0.440918	0	0.440918	0.440918	0	0	0	0.440918	0.440918	0.440918	0.440918	0	0.440918	0.440918	0	0	0.440918	0.440918	0	0.440918	0.440918	0	0	0.440918	0.440918	0	0	0	0.440918	0.440918	0.440918	0.440918	0	0	0.440918	0.881784	0.440918	0	0	0.881784	0.881784	0	0	0.440918	0.440918	0	0.440918	0.440918	0	0.440918	0.881784	0.440918	0	0.440918	0.440918	0	0	0.440918	0.881784	0.440918	0	0.440918	0.440918	0	0.440918	0.440918	0.440918	0.440918	0	0.440918	0.440918	0	0	0	0	0	0	0	0	0	0	0	0.440918	0.440918	0	0	0	0	0	0	0	0	0	0	0.440918	0.440918	0	0	0	0.440918	0.440918	0	0.440918	0.881784	0.440918	0	0.440918	0.440918	0.440918	0.440918	0.440918	0.440918	0	0.440918	0.881784	0.440918	0	0.440918	0.440918	0	0.440918	0.440918	0	0	0.440918	0.440918	0.440918	0.440918	0	0	0	0.440918	0.440918	0	0	0	0	0	0	0	0	0	0	0	0	0.440918	0.440918	0	0	0	0	0	0	0	0	0	0	0	0	0	0	0	0	0	0	0	0	0	0	0	0	0	0.440918	0.440918	0	0	0	0	0	0	0	0.440918	0.440918	0	0	0	0	0	0	0	0	0	0	0	0	0.440918	0.440918	0	0	0	0	0	0	0	0	0
0.440877	0.440877	0	0	0	0.440877	0.440877	0	0	0.440877	0.440877	0	0	0.440877	0.440877	0	0.440877	0.440877	0	0	0.440877	0.440877	0	0.440877	0.440877	0	0.440877	0.440877	0	0.440877	0.440877	0	0.440877	0.440877	0.440877	0.440877	0	0	0.440877	0.440877	0	0.440877	0.440877	0	0.440877	0.440877	0	0	0	0.440877	0.440877	0	0.440877	0.440877	0	0	0	0.440877	0.440877	0.440877	0.440877	0	0.440877	0.440877	0	0	0.440877	0.440877	0	0.440877	0.440877	0	0	0.440877	0.440877	0	0	0	0.440877	0.440877	0.440877	0.440877	0	0	0.440877	0.881702	0.440877	0	0	0.881702	0.881702	0	0	0.440877	0.440877	0	0.440877	0.440877	0	0.440877	0.881702	0.440877	0	0.440877	0.440877	0	0	0.440877	0.881702	0.440877	0	0.440877	0.440877	0	0.440877	0.440877	0.440877	0.440877	0	0.440877	0.440877	0	0	0	0	0	0	0	0	0	0	0	0.440877	0.440877	0	0	0	0	0	0	0	0	0	0	0.440877	0.440877	0	0	0	0.440877	0.440877	0	0.440877	0.881702	0.440877	0	0.440877	0.440877	0.440877	0.440877	0.440877	0.440877	0	0.440877	0.881702	0.440877	0	0.440877	0.440877	0	0.440877	0.440877	0	0	0.440877	0.440877	0.440877	0.440877	0	0	0	0.440877	0.440877	0	0	0	0	0	0	0	0	0	0	0	0	0.440877	0.440877	0	0	0	0	0	0	0	0	0	0	0	0	0	0	0	0	0	0	0	0	0	0	0	0	0	0.440877	0.440877	0	0	0	0	0	0	0	0.440877	0.440877	0	0	0	0	0	0	0	0	0	0	0	0	0.440877	0.440877	0	0	0	0	0	0	0	0	0
0.440837	0.440837	0	0	0	0.440837	0.440837	0	0	0.440837	0.440837	0	0	0.440837	0.440837	0	0.440837	0.440837	0	0	0.440837	0.440837	0	0.440837	0.440837	0	0.440837	0.440837	0	0.440837	0.440837	0	0.440837	0.440837	0.440837	0.440837	0	0	0.440837	0.440837	0	0.440837	0.440837	0	0.440837	0.440837	0	0	0	0.440837	0.440837	0	0.440837	0.440837	0	0	0	0.440837	0.440837	0.440837	0.440837	0	0.440837	0.440837	0	0	0.440837	0.440837	0	0.440837	0.440837	0	0	0.440837	0.440837	0	0	0	0.440837	0.440837	0.440837	0.440837	0	0	0.440837	0.881621	0.440837	0	0	0.881621	0.881621	0	0	0.440837	0.440837	0	0.440837	0.440837	0	0.440837	0.881621	0.440837	0	0.440837	0.440837	0	0	0.440837	0.881621	0.440837	0	0.440837	0.440837	0	0.440837	0.440837	0.440837	0.440837	0	0.440837	0.440837	0	0	0	0	0	0	0	0	0	0	0	0.440837	0.440837	0	0	0	0	0	0	0	0	0	0	0.440837	0.440837	0	0	0	0.440837	0.440837	0	0.440837	0.881621	0.440837	0	0.440837	0.440837	0.440837	0.440837	0.440837	0.440837	0	0.440837	0.881621	0.440837	0	0.440837	0.440837	0	0.440837	0.440837	0	0	0.440837	0.440837	0.440837	0.440837	0	0	0	0.440837	0.440837	0	0	0	0	0	0	0	0	0	0	0	0	0.440837	0.440837	0	0	0	0	0	0	0	0	0	0	0	0	0	0	0	0	0	0	0	0	0	0	0	0	0	0.440837	0.440837	0	0	0	0	0	0	0	0.440837	0.440837	0	0	0	0	0	0	0	0	0	0	0	0	0.440837	0.440837	0	0	0	0	0	0	0	0	0
0.440796	0.440796	0	0	0	0.440796	0.440796	0	0	0.440796	0.440796	0	0	0.440796	0.440796	0	0.440796	0.440796	0	0	0.440796	0.440796	0	0.440796	0.440796	0	0.440796	0.440796	0	0.440796	0.440796	0	0.440796	0.440796	0.440796	0.440796	0	0	0.440796	0.440796	0	0.440796	0.440796	0	0.440796	0.440796	0	0	0	0.440796	0.440796	0	0.440796	0.440796	0	0	0	0.440796	0.440796	0.440796	0.440796	0	0.440796	0.440796	0	0	0.440796	0.440796	0	0.440796	0.440796	0	0	0.440796	0.440796	0	0	0	0.440796	0.440796	0.440796	0.440796	0	0	0.440796	0.88154	0.440796	0	0	0.88154	0.88154	0	0	0.440796	0.440796	0	0.440796	0.440796	0	0.440796	0.88154	0.440796	0	0.440796	0.440796	0	0	0.440796	0.88154	0.440796	0	0.440796	0.440796	0	0.440796	0.440796	0.440796	0.440796	0	0.440796	0.440796	0	0	0	0	0	0	0	0	0	0	0	0.440796	0.440796	0	0	0	0	0	0	0	0	0	0	0.440796	0.440796	0	0	0	0.440796	0.440796	0	0.440796	0.88154	0.440796	0	0.440796	0.440796	0.440796	0.440796	0.440796	0.440796	0	0.440796	0.88154	0.440796	0	0.440796	0.440796	0	0.440796	0.440796	0	0	0.440796	0.440796	0.440796	0.440796	0	0	0	0.440796	0.440796	0	0	0	0	0	0	0	0	0	0	0	0	0.440796	0.440796	0	0	0	0	0	0	0	0	0	0	0	0	0	0	0	0	0	0	0	0	0	0	0	0	0	0.440796	0.440796	0	0	0	0	0	0	0	0.440796	0.440796	0	0	0	0	0	0	0	0	0	0	0	0	0.440796	0.440796	0	0	0	0	0	0	0	0	0
0.440748	0.440748	0	0	0	0.440748	0.440748	0	0	0.440748	0.440748	0	0	0.440748	0.440748	0	0.440748	0.440748	0	0	0.440748	0.440748	0	0.440748	0.440748	0	0.440748	0.440748	0	0.440748	0.440748	0	0.440748	0.440748	0.440748	0.440748	0	0	0.440748	0.440748	0	0.440748	0.440748	0	0.440748	0.440748	0	0	0	0.440748	0.440748	0	0.440748	0.440748	0	0	0	0.440748	0.440748	0.440748	0.440748	0	0.440748	0.440748	0	0	0.440748	0.440748	0	0.440748	0.440748	0	0	0.440748	0.440748	0	0	0	0.440748	0.440748	0.440748	0.440748	0	0	0.440748	0.881445	0.440748	0	0	0.881445	0.881445	0	0	0.440748	0.440748	0	0.440748	0.440748	0	0.440748	0.881445	0.440748	0	0.440748	0.440748	0	0	0.440748	0.881445	0.440748	0	0.440748	0.440748	0	0.440748	0.440748	0.440748	0.440748	0	0.440748	0.440748	0	0	0	0	0	0	0	0	0	0	0	0.440748	0.440748	0	0	0	0	0	0	0	0	0	0	0.440748	0.440748	0	0	0	0.440748	0.440748	0	0.440748	0.881445	0.440748	0	0.440748	0.440748	0.440748	0.440748	0.440748	0.440748	0	0.440748	0.881445	0.440748	0	0.440748	0.440748	0	0.440748	0.440748	0	0	0.440748	0.440748	0.440748	0.440748	0	0	0	0.440748	0.440748	0	0	0	0	0	0	0	0	0	0	0	0	0.440748	0.440748	0	0	0	0	0	0	0	0	0	0	0	0	0	0	0	0	0	0	0	0	0	0	0	0	0	0.440748	0.440748	0	0	0	0	0	0	0	0.440748	0.440748	0	0	0	0	0	0	0	0	0	0	0	0	0.440748	0.440748	0	0	0	0	0	0	0	0	0
1.46976	1.68505	1.65602	1.43637	1.32202	1.46976	1.68505	1.76245	1.65602	1.60393	1.68505	1.76245	1.76245	1.90143	2.0309	1.87576	1.90143	2.11853	2.09553	1.87576	1.90143	2.11853	2.20267	2.33613	2.55409	2.64263	2.67902	2.67902	2.64263	2.77228	2.99065	2.97443	2.89611	2.99065	3.20913	3.33112	3.19403	3.08228	3.20913	3.42768	3.52156	3.54889	3.54889	3.52156	3.64625	3.86483	3.96043	3.96043	3.85232	3.76678	3.86483	3.96043	3.98472	3.98472	3.96043	3.96043	3.96043	3.98472	3.98472	4.08339	4.30191	4.39884	4.42069	4.42069	4.39884	4.39884	4.52036	4.73875	4.83673	4.95704	5.17523	5.16594	4.94733	4.95704	5.17523	5.16594	4.8417	4.5097	4.52036	4.73875	4.75901	4.54162	4.29069	4.07156	4.08339	4.35756	4.42069	4.29069	4.07156	4.05671	4.05671	3.85232	3.63298	3.54889	3.45576	3.19403	3.1135	3.1135	2.97443	2.80699	2.78533	2.67902	2.53505	2.37725	2.24624	2.09553	1.87576	1.81664	1.97029	1.81664	1.65602	1.53435	1.33114	0.997689	0.985435	0.985435	0.985435	0.947758	0.561829	0.642458	0.794504	0.492754	0.155822	0	0	0.155822	0.492754	0.779095	0.881431	0.997689	1.21688	1.32202	1.5579	1.99477	2.20267	2.20267	2.20267	2.20267	2.20267	2.20267	2.20267	2.20267	2.09553	1.87576	1.90143	2.11853	2.20267	2.09553	1.87576	1.90143	2.11853	2.09553	2.0309	2.29953	2.55409	2.53505	2.37725	2.24624	2.24624	2.24624	2.24624	2.1638	1.87576	1.90143	2.22998	2.1638	1.87576	1.81664	1.81664	1.65602	1.53435	1.39349	1.21688	0.997689	0.985435	0.985435	0.985435	0.985435	0.881431	0.779095	0.561829	0.642458	0.839094	0.881431	0.881431	0.779095	0.561829	0.440742	0.440742	0.440742	0.440742	0.440742	0.440742	0.440742	0.440742	0.311642	0.311642	0.440742	0.440742	0.440742	0.440742	0.440742	0.440742	0.440742	0.440742	0.440742	0.348437	0.155822	0	0	0	0	0	0	0	0	0	0.155822	0.348437	0.440742	0.440742	0.440742	0.467458	0.348415	0	0	0	0	0	0.155822	0.348437	0.642458	0.839094	0.881431	0.881431	0.881431	0.881431	0.881431	0.881431	0.881431	0.881431	0.881431	0.881431	0.881431	0.881431	1.04521	1.25612	1.32202	1.32202	1.32202	1.32202	1.32202	1.21688	0.997689	0.997689	1.21688
1.43624	1.65587	1.6849	1.46962	1.32189	1.43624	1.65587	1.76228	1.6849	1.60378	1.65587	1.76228	1.76228	1.87558	2.03071	1.90125	1.87558	2.09533	2.11834	1.90125	1.87558	2.09533	2.20246	2.31509	2.53482	2.64238	2.67877	2.67877	2.64238	2.75451	2.97416	2.99038	2.89584	2.97416	3.19373	3.33081	3.20883	3.08199	3.19373	3.41323	3.52124	3.54857	3.54857	3.52124	3.63265	3.85197	3.96007	3.96007	3.86448	3.76643	3.85197	3.96007	3.98436	3.98436	3.96007	3.96007	3.96007	3.98436	3.98436	4.07119	4.29029	4.39844	4.42028	4.42028	4.39844	4.39844	4.50928	4.72815	4.83629	4.94688	5.16547	5.17476	4.95659	4.94688	5.16547	5.17476	4.88082	4.51995	4.50928	4.72815	4.7888	4.57289	4.30151	4.08301	4.07119	4.32386	4.42028	4.30151	4.08301	4.05634	4.05634	3.86448	3.64592	3.54857	3.49713	3.20883	3.11322	3.11322	2.99038	2.85798	2.78508	2.67877	2.55385	2.43739	2.24603	2.11834	1.90125	1.81648	1.97011	1.81648	1.6849	1.62628	1.4362	1.04511	0.985344	0.985344	0.985344	1.09053	0.642399	0.561777	0.794431	0.794407	0.348383	0	0	0.348383	0.794407	0.839016	0.88135	1.04511	1.25601	1.32189	1.55776	1.99459	2.20246	2.20246	2.20246	2.20246	2.20246	2.20246	2.20246	2.20246	2.11834	1.90125	1.87558	2.09533	2.20246	2.11834	1.90125	1.87558	2.09533	2.11834	2.03071	2.21344	2.53482	2.55385	2.43739	2.24603	2.24603	2.24603	2.24603	2.22978	1.90125	1.87558	2.1636	2.22978	1.90125	1.81648	1.81648	1.6849	1.62628	1.39336	1.25601	1.04511	0.985344	0.985344	0.985344	0.985344	0.88135	0.839016	0.642399	0.561777	0.779023	0.88135	0.88135	0.839016	0.642399	0.440701	0.440701	0.440701	0.440701	0.440701	0.440701	0.440701	0.440701	0.311614	0.311614	0.440701	0.440701	0.440701	0.440701	0.440701	0.440701	0.440701	0.440701	0.440701	0.467415	0.348383	0	0	0	0	0	0	0	0	0	0.348383	0.467415	0.440701	0.440701	0.440701	0.348405	0.155808	0	0	0	0	0	0.348383	0.467415	0.561777	0.779023	0.88135	0.88135	0.88135	0.88135	0.88135	0.88135	0.88135	0.88135	0.88135	0.88135	0.88135	0.88135	0.997597	1.21677	1.32189	1.32189	1.32189	1.32189	1.32189	1.25601	1.04511	1.04511	1.25601
0	0	0.440626	0.440626	0	0	0	0	0.440626	0.440626	0	0	0	0	0.440626	0.440626	0	0	0.440626	0.440626	0	0	0	0	0	0	0.440626	0.440626	0	0	0	0.440626	0.440626	0	0	0.440626	0.440626	0	0	0	0	0.440626	0.440626	0	0	0	0	0	0.440626	0.440626	0	0	0.440626	0.440626	0	0	0	0.440626	0.440626	0	0	0	0.440626	0.440626	0	0	0	0	0	0	0	0.440626	0.440626	0	0	0.440626	0.881201	0.440626	0	0	0.881201	0.881201	0.440626	0.440626	0	0.440626	0.440626	0.440626	0.440626	0.881201	0.881201	0.440626	0.440626	0.440626	0.881201	0.440626	0.440626	0.440626	0.440626	0.881201	0.881201	0.440626	0.440626	0.881201	0.440626	0.440626	0.440626	0.440626	0.881201	0.440626	0.440626	0.881201	0.881201	0.440626	0.440626	0.440626	0.440626	0.881201	0.440626	0	0.440626	0.881201	0.440626	0	0	0.440626	0.881201	0.440626	0	0.440626	0.440626	0	0.440626	0.440626	0	0	0	0	0	0	0	0	0.440626	0.440626	0	0	0	0.440626	0.440626	0	0	0.440626	0.440626	0	0	0.440626	0.881201	0.440626	0.440626	0.440626	0.440626	0.881201	0.440626	0	0.440626	0.881201	0.440626	0.440626	0.440626	0.440626	0.881201	0.440626	0.440626	0.440626	0.440626	0.440626	0.440626	0.440626	0	0.440626	0.440626	0	0	0	0	0.440626	0.440626	0	0	0	0	0	0	0	0	0.440626	0.440626	0	0	0	0	0	0	0	0	0	0.440626	0.440626	0	0	0	0	0	0	0	0	0	0.440626	0.440626	0	0	0	0	0	0	0	0	0	0	0.440626	0.440626	0	0	0	0	0	0	0	0	0	0	0	0	0	0	0	0	0	0	0	0	0	0.440626	0.440626	0.440626	0.440626
0	0	0.440586	0.440586	0	0	0	0	0.440586	0.440586	0	0	0	0	0.440586	0.440586	0	0	0.440586	0.440586	0	0	0	0	0	0	0.440586	0.440586	0	0	0	0.440586	0.440586	0	0	0.440586	0.440586	0	0	0	0	0.440586	0.440586	0	0	0	0	0	0.440586	0.440586	0	0	0.440586	0.440586	0	0	0	0.440586	0.440586	0	0	0	0.440586	0.440586	0	0	0	0	0	0	0	0.440586	0.440586	0	0	0.440586	0.881119	0.440586	0	0	0.881119	0.881119	0.440586	0.440586	0	0.440586	0.440586	0.440586	0.440586	0.881119	0.881119	0.440586	0.440586	0.440586	0.881119	0.440586	0.440586	0.440586	0.440586	0.881119	0.881119	0.440586	0.440586	0.881119	0.440586	0.440586	0.440586	0.440586	0.881119	0.440586	0.440586	0.881119	0.881119	0.440586	0.440586	0.440586	0.440586	0.881119	0.440586	0	0.440586	0.881119	0.440586	0	0	0.440586	0.881119	0.440586	0	0.440586	0.440586	0	0.440586	0.440586	0	0	0	0	0	0	0	0	0.440586	0.440586	0	0	0	0.440586	0.440586	0	0	0.440586	0.440586	0	0	0.440586	0.881119	0.440586	0.440586	0.440586	0.440586	0.881119	0.440586	0	0.440586	0.881119	0.440586	0.440586	0.440586	0.440586	0.881119	0.440586	0.440586	0.440586	0.440586	0.440586	0.440586	0.440586	0	0.440586	0.440586	0	0	0	0	0.440586	0.440586	0	0	0	0	0	0	0	0	0.440586	0.440586	0	0	0	0	0	0	0	0	0	0.440586	0.440586	0	0	0	0	0	0	0	0	0	0.440586	0.440586	0	0	0	0	0	0	0	0	0	0	0.440586	0.440586	0	0	0	0	0	0	0	0	0	0	0	0	0	0	0	0	0	0	0	0	0	0.440586	0.440586	0.440586	0.440586
0	0	0.440538	0.440538	0	0	0	0	0.440538	0.440538	0	0	0	0	0.440538	0.440538	0	0	0.440538	0.440538	0	0	0	0	0	0	0.440538	0.440538	0	0	0	0.440538	0.440538	0	0	0.440538	0.440538	0	0	0	0	0.440538	0.440538	0	0	0	0	0	0.440538	0.440538	0	0	0.440538	0.440538	0	0	0	0.440538	0.440538	0	0	0	0.440538	0.440538	0	0	0	0	0	0	0	0.440538	0.440538	0	0	0.440538	0.881025	0.440538	0	0	0.881025	0.881025	0.440538	0.440538	0	0.440538	0.440538	0.440538	0.440538	0.881025	0.881025	0.440538	0.440538	0.440538	0.881025	0.440538	0.440538	0.440538	0.440538	0.881025	0.881025	0.440538	0.440538	0.881025	0.440538	0.440538	0.440538	0.440538	0.881025	0.440538	0.440538	0.881025	0.881025	0.440538	0.440538	0.440538	0.440538	0.881025	0.440538	0	0.440538	0.881025	0.440538	0	0	0.440538	0.881025	0.440538	0	0.440538	0.440538	0	0.440538	0.440538	0	0	0	0	0	0	0	0	0.440538	0.440538	0	0	0	0.440538	0.440538	0	0	0.440538	0.440538	0	0	0.440538	0.881025	0.440538	0.440538	0.440538	0.440538	0.881025	0.440538	0	0.440538	0.881025	0.440538	0.440538	0.440538	0.440538	0.881025	0.440538	0.440538	0.440538	0.440538	0.440538	0.440538	0.440538	0	0.440538	0.440538	0	0	0	0	0.440538	0.440538	0	0	0	0	0	0	0	0	0.440538	0.440538	0	0	0	0	0	0	0	0	0	0.440538	0.440538	0	0	0	0	0	0	0	0	0	0.440538	0.440538	0	0	0	0	0	0	0	0	0	0	0.440538	0.440538	0	0	0	0	0	0	0	0	0	0	0	0	0	0	0	0	0	0	0	0	0	0.440538	0.440538	0.440538	0.440538
0	0	0.440498	0.440498	0	0	0	0	0.440498	0.440498	0	0	0	0	0.440498	0.440498	0	0	0.440498	0.440498	0	0	0	0	0	0	0.440498	0.440498	0	0	0	0.440498	0.440498	0	0	0.440498	0.440498	0	0	0	0	0.440498	0.440498	0	0	0	0	0	0.440498	0.440498	0	0	0.440498	0.440498	0	0	0	0.440498	0.440498	0	0	0	0.440498	0.440498	0	0	0	0	0	0	0	0.440498	0.440498	0	0	0.440498	0.880943	0.440498	0	0	0.880943	0.880943	0.440498	0.440498	0	0.440498	0.440498	0.440498	0.440498	0.880943	0.880943	0.440498	0.440498	0.440498	0.880943	0.440498	0.440498	0.440498	0.440498	0.880943	0.880943	0.440498	0.440498	0.880943	0.440498	0.440498	0.440498	0.440498	0.880943	0.440498	0.440498	0.880943	0.880943	0.440498	0.440498	0.440498	0.440498	0.880943	0.440498	0	0.440498	0.880943	0.440498	0	0	0.440498	0.880943	0.440498	0	0.440498	0.440498	0	0.440498	0.440498	0	0	0	0	0	0	0	0	0.440498	0.440498	0	0	0	0.440498	0.440498	0	0	0.440498	0.440498	0	0	0.440498	0.880943	0.440498	0.440498	0.440498	0.440498	0.880943	0.440498	0	0.440498	0.880943	0.440498	0.440498	0.440498	0.440498	0.880943	0.440498	0.440498	0.440498	0.440498	0.440498	0.440498	0.440498	0	0.440498	0.440498	0	0	0	0	0.440498	0.440498	0	0	0	0	0	0	0	0	0.440498	0.440498	0	0	0	0	0	0	0	0	0	0.440498	0.440498	0	0	0	0	0	0	0	0	0	0.440498	0.440498	0	0	0	0	0	0	0	0	0	0	0.440498	0.440498	0	0	0	0	0	0	0	0	0	0	0	0	0	0	0	0	0	0	0	0	0	0.440498	0.440498	0.440498	0.440498
0	0	0.440457	0.440457	0	0	0	0	0.440457	0.440457	0	0	0	0	0.440457	0.440457	0	0	0.440457	0.440457	0	0	0	0	0	0	0.440457	0.440457	0	0	0	0.440457	0.440457	0	0	0.440457	0.440457	0	0	0	0	0.440457	0.440457	0	0	0	0	0	0.440457	0.440457	0	0	0.440457	0.440457	0	0	0	0.440457	0.440457	0	0	0	0.440457	0.440457	0	0	0	0	0	0	0	0.440457	0.440457	0	0	0.440457	0.880862	0.440457	0	0	0.880862	0.880862	0.440457	0.440457	0	0.440457	0.440457	0.440457	0.440457	0.880862	0.880862	0.440457	0.440457	0.440457	0.880862	0.440457	0.440457	0.440457	0.440457	0.880862	0.880862	0.440457	0.440457	0.880862	0.440457	0.440457	0.440457	0.440457	0.880862	0.440457	0.440457	0.880862	0.880862	0.440457	0.440457	0.440457	0.440457	0.880862	0.440457	0	0.440457	0.880862	0.440457	0	0	0.440457	0.880862	0.440457	0	0.440457	0.440457	0	0.440457	0.440457	0	0	0	0	0	0	0	0	0.440457	0.440457	0	0	0	0.440457	0.440457	0	0	0.440457	0.440457	0	0	0.440457	0.880862	0.440457	0.440457	0.440457	0.440457	0.880862	0.440457	0	0.440457	0.880862	0.440457	0.440457	0.440457	0.440457	0.880862	0.440457	0.440457	0.440457	0.440457	0.440457	0.440457	0.440457	0	0.440457	0.440457	0	0	0	0	0.440457	0.440457	0	0	0	0	0	0	0	0	0.440457	0.440457	0	0	0	0	0	0	0	0	0	0.440457	0.440457	0	0	0	0	0	0	0	0	0	0.440457	0.440457	0	0	0	0	0	0	0	0	0	0	0.440457	0.440457	0	0	0	0	0	0	0	0	0	0	0	0	0	0	0	0	0	0	0	0	0	0.440457	0.440457	0.440457	0.440457
0	0	0.440416	0.440416	0	0	0	0	0.440416	0.440416	0	0	0	0	0.440416	0.440416	0	0	0.440416	0.440416	0	0	0	0	0	0	0.440416	0.440416	0	0	0	0.440416	0.440416	0	0	0.440416	0.440416	0	0	0	0	0.440416	0.440416	0	0	0	0	0	0.440416	0.440416	0	0	0.440416	0.440416	0	0	0	0.440416	0.440416	0	0	0	0.440416	0.440416	0	0	0	0	0	0	0	0.440416	0.440416	0	0	0.440416	0.880781	0.440416	0	0	0.880781	0.880781	0.440416	0.440416	0	0.440416	0.440416	0.440416	0.440416	0.880781	0.880781	0.440416	0.440416	0.440416	0.880781	0.440416	0.440416	0.440416	0.440416	0.880781	0.880781	0.440416	0.440416	0.880781	0.440416	0.440416	0.440416	0.440416	0.880781	0.440416	0.440416	0.880781	0.880781	0.440416	0.440416	0.440416	0.440416	0.880781	0.440416	0	0.440416	0.880781	0.440416	0	0	0.440416	0.880781	0.440416	0	0.440416	0.440416	0	0.440416	0.440416	0	0	0	0	0	0	0	0	0.440416	0.440416	0	0	0	0.440416	0.440416	0	0	0.440416	0.440416	0	0	0.440416	0.880781	0.440416	0.440416	0.440416	0.440416	0.880781	0.440416	0	0.440416	0.880781	0.440416	0.440416	0.440416	0.440416	0.880781	0.440416	0.440416	0.440416	0.440416	0.440416	0.440416	0.440416	0	0.440416	0.440416	0	0	0	0	0.440416	0.440416	0	0	0	0	0	0	0	0	0.440416	0.440416	0	0	0	0	0	0	0	0	0	0.440416	0.440416	0	0	0	0	0	0	0	0	0	0.440416	0.440416	0	0	0	0	0	0	0	0	0	0	0.440416	0.440416	0	0	0	0	0	0	0	0	0	0	0	0	0	0	0	0	0	0	0	0	0	0.440416	0.440416	0.440416	0.440416
0	0	0.440376	0.440376	0	0	0	0	0.440376	0.440376	0	0	0	0	0.440376	0.440376	0	0	0.440376	0.440376	0	0	0	0	0	0	0.440376	0.440376	0	0	0	0.440376	0.440376	0	0	0.440376	0.440376	0	0	0	0	0.440376	0.440376	0	0	0	0	0	0.440376	0.440376	0	0	0.440376	0.440376	0	0	0	0.440376	0.440376	0	0	0	0.440376	0.440376	0	0	0	0	0	0	0	0.440376	0.440376	0	0	0.440376	0.8807	0.440376	0	0	0.8807	0.8807	0.440376	0.440376	0	0.440376	0.440376	0.440376	0.440376	0.8807	0.8807	0.440376	0.440376	0.440376	0.8807	0.440376	0.440376	0.440376	0.440376	0.8807	0.8807	0.440376	0.440376	0.8807	0.440376	0.440376	0.440376	0.440376	0.8807	0.440376	0.440376	0.8807	0.8807	0.440376	0.440376	0.440376	0.440376	0.8807	0.440376	0	0.440376	0.8807	0.440376	0	0	0.440376	0.8807	0.440376	0	0.440376	0.440376	0	0.440376	0.440376	0	0	0	0	0	0	0	0	0.440376	0.440376	0	0	0	0.440376	0.440376	0	0	0.440376	0.440376	0	0	0.440376	0.8807	0.440376	0.440376	0.440376	0.440376	0.8807	0.440376	0	0.440376	0.8807	0.440376	0.440376	0.440376	0.440376	0.8807	0.440376	0.440376	0.440376	0.440376	0.440376	0.440376	0.440376	0	0.440376	0.440376	0	0	0	0	0.440376	0.440376	0	0	0	0	0	0	0	0	0.440376	0.440376	0	0	0	0	0	0	0	0	0	0.440376	0.440376	0	0	0	0	0	0	0	0	0	0.440376	0.440376	0	0	0	0	0	0	0	0	0	0	0.440376	0.440376	0	0	0	0	0	0	0	0	0	0	0	0	0	0	0	0	0	0	0	0	0	0.440376	0.440376	0.440376	0.440376
0	0	0.440328	0.440328	0	0	0	0	0.440328	0.440328	0	0	0	0	0.440328	0.440328	0	0	0.440328	0.440328	0	0	0	0	0	0	0.440328	0.440328	0	0	0	0.440328	0.440328	0	0	0.440328	0.440328	0	0	0	0	0.440328	0.440328	0	0	0	0	0	0.440328	0.440328	0	0	0.440328	0.440328	0	0	0	0.440328	0.440328	0	0	0	0.440328	0.440328	0	0	0	0	0	0	0	0.440328	0.440328	0	0	0.440328	0.880605	0.440328	0	0	0.880605	0.880605	0.440328	0.440328	0	0.440328	0.440328	0.440328	0.440328	0.880605	0.880605	0.440328	0.440328	0.440328	0.880605	0.440328	0.440328	0.440328	0.440328	0.880605	0.880605	0.440328	0.440328	0.880605	0.440328	0.440328	0.440328	0.440328	0.880605	0.440328	0.440328	0.880605	0.880605	0.440328	0.440328	0.440328	0.440328	0.880605	0.440328	0	0.440328	0.880605	0.440328	0	0	0.440328	0.880605	0.440328	0	0.440328	0.440328	0	0.440328	0.440328	0	0	0	0	0	0	0	0	0.440328	0.440328	0	0	0	0.440328	0.440328	0	0	0.440328	0.440328	0	0	0.440328	0.880605	0.440328	0.440328	0.440328	0.440328	0.880605	0.440328	0	0.440328	0.880605	0.440328	0.440328	0.440328	0.440328	0.880605	0.440328	0.440328	0.440328	0.440328	0.440328	0.440328	0.440328	0	0.440328	0.440328	0	0	0	0	0.440328	0.440328	0	0	0	0	0	0	0	0	0.440328	0.440328	0	0	0	0	0	0	0	0	0	0.440328	0.440328	0	0	0	0	0	0	0	0	0	0.440328	0.440328	0	0	0	0	0	0	0	0	0	0	0.440328	0.440328	0	0	0	0	0	0	0	0	0	0	0	0	0	0	0	0	0	0	0	0	0	0.440328	0.440328	0.440328	0.440328
0	0	0.440288	0.440288	0	0	0	0	0.440288	0.440288	0	0	0	0	0.440288	0.440288	0	0	0.440288	0.440288	0	0	0	0	0	0	0.440288	0.440288	0	0	0	0.440288	0.440288	0	0	0.440288	0.440288	0	0	0	0	0.440288	0.440288	0	0	0	0	0	0.440288	0.440288	0	0	0.440288	0.440288	0	0	0	0.440288	0.440288	0	0	0	0.440288	0.440288	0	0	0	0	0	0	0	0.440288	0.440288	0	0	0.440288	0.880524	0.440288	0	0	0.880524	0.880524	0.440288	0.440288	0	0.440288	0.440288	0.440288	0.440288	0.880524	0.880524	0.440288	0.440288	0.440288	0.880524	0.440288	0.440288	0.440288	0.440288	0.880524	0.880524	0.440288	0.440288	0.880524	0.440288	0.440288	0.440288	0.440288	0.880524	0.440288	0.440288	0.880524	0.880524	0.440288	0.440288	0.440288	0.440288	0.880524	0.440288	0	0.440288	0.880524	0.440288	0	0	0.440288	0.880524	0.440288	0	0.440288	0.440288	0	0.440288	0.440288	0	0	0	0	0	0	0	0	0.440288	0.440288	0	0	0	0.440288	0.440288	0	0	0.440288	0.440288	0	0	0.440288	0.880524	0.440288	0.440288	0.440288	0.440288	0.880524	0.440288	0	0.440288	0.880524	0.440288	0.440288	0.440288	0.440288	0.880524	0.440288	0.440288	0.440288	0.440288	0.440288	0.440288	0.440288	0	0.440288	0.440288	0	0	0	0	0.440288	0.440288	0	0	0	0	0	0	0	0	0.440288	0.440288	0	0	0	0	0	0	0	0	0	0.440288	0.440288	0	0	0	0	0	0	0	0	0	0.440288	0.440288	0	0	0	0	0	0	0	0	0	0	0.440288	0.440288	0	0	0	0	0	0	0	0	0	0	0	0	0	0	0	0	0	0	0	0	0	0.440288	0.440288	0.440288	0.440288
0.88051	0.88051	1.04412	1.25481	1.21561	0.996647	0.88051	0.88051	1.04412	1.25481	1.32064	1.32064	1.32064	1.32064	1.46822	1.68329	1.7606	1.7606	1.89944	2.11632	2.20037	2.20037	2.20037	2.09334	1.8738	1.7606	1.89944	2.11632	2.20037	2.20037	2.20037	2.33369	2.55142	2.63987	2.63987	2.76939	2.98753	3.07906	3.07906	3.07906	3.07906	3.20578	3.4241	3.40999	3.19069	3.07906	3.07906	3.07906	3.20578	3.32765	3.19069	3.07906	3.20578	3.32765	3.19069	3.07906	3.07906	3.20578	3.4241	3.51789	3.51789	3.51789	3.64245	3.8608	3.95631	3.95631	3.84831	3.6292	3.51789	3.51789	3.40999	3.32765	3.4241	3.51789	3.51789	3.54519	3.70801	3.8608	3.84831	3.6292	3.70801	3.92268	3.98057	3.98057	3.84831	3.66882	3.54519	3.54519	3.54519	3.62586	3.62586	3.45215	3.23575	3.11025	3.202	3.11025	3.11025	3.11025	3.11025	3.12958	2.92214	2.67622	2.67622	2.71652	2.37477	2.24389	2.24389	2.24389	2.36966	2.24389	2.16154	2.11629	1.96823	1.81475	1.81475	1.81475	1.81475	1.96823	1.81475	1.55627	1.28341	1.24508	0.984406	0.778281	0.561242	0.622615	0.98436	0.622615	0.348073	0.561202	0.440247	0	0.440247	0.440247	0	0.15566	0.348073	0.440281	0.440281	0.440281	0.561242	0.778281	1.04412	1.25481	1.43487	1.65429	1.7606	1.89944	2.11632	2.20037	2.20037	2.24389	2.16154	1.8738	1.7606	1.81475	1.96823	1.81475	1.81475	1.81475	1.89944	2.22765	2.24389	2.09334	1.94972	2.02279	2.11632	2.24389	2.24389	2.24389	2.36966	2.24389	2.33369	2.55142	2.58902	2.37477	2.24389	2.24389	2.20037	2.24389	2.24389	2.09334	1.8738	1.7606	1.65429	1.53275	1.39203	1.32064	1.21561	0.996647	0.88051	0.88051	0.778281	0.561242	0.440281	0.641787	0.838217	0.88051	0.88051	0.778281	0.561242	0.440281	0.440281	0.440281	0.440281	0.440281	0.466969	0.348051	0	0	0	0	0	0	0	0	0	0.348051	0.466969	0.440281	0.440281	0.440281	0.348073	0.15566	0	0	0	0	0	0.348051	0.466969	0.440281	0.440281	0.440281	0.440281	0.440281	0.440281	0.440281	0.440281	0.440281	0.440281	0.440281	0.440281	0.440281	0.440281	0.440281	0.440281	0.440281	0.440281	0.440281	0.348073	0.15566	0.348051	0.466969	0.466969	0.348051
0.880429	0.880429	0.996555	1.21549	1.2547	1.04402	0.880429	0.880429	0.996555	1.21549	1.32051	1.32051	1.32051	1.32051	1.43474	1.65414	1.76044	1.76044	1.87362	2.09315	2.20016	2.20016	2.20016	2.11612	1.89927	1.76044	1.87362	2.09315	2.20016	2.20016	2.20016	2.31267	2.53217	2.63963	2.63963	2.75164	2.97105	3.07878	3.07878	3.07878	3.07878	3.1904	3.40967	3.42379	3.20549	3.07878	3.07878	3.07878	3.1904	3.32734	3.20549	3.07878	3.1904	3.32734	3.20549	3.07878	3.07878	3.1904	3.40967	3.51757	3.51757	3.51757	3.62886	3.84796	3.95594	3.95594	3.86045	3.64212	3.51757	3.51757	3.42379	3.32734	3.40967	3.51757	3.51757	3.54487	3.66848	3.84796	3.86045	3.64212	3.66848	3.88532	3.98021	3.98021	3.86045	3.70767	3.54487	3.54487	3.54487	3.62552	3.62552	3.49349	3.27987	3.10997	3.20171	3.10997	3.10997	3.10997	3.10997	3.20546	3.00334	2.67598	2.67598	2.80377	2.43485	2.24368	2.24368	2.24368	2.36944	2.24368	2.22745	2.22742	1.96805	1.81458	1.81458	1.81458	1.81458	1.96805	1.81458	1.67592	1.55607	1.24497	0.984315	0.83814	0.641728	0.622558	0.98427	0.622558	0.466926	0.778151	0.440207	0	0.440207	0.440207	0	0.348019	0.466926	0.44024	0.44024	0.44024	0.641728	0.83814	0.996555	1.21549	1.46809	1.68314	1.76044	1.87362	2.09315	2.20016	2.20016	2.24368	2.22745	1.89927	1.76044	1.81458	1.96805	1.81458	1.81458	1.81458	1.87362	2.16134	2.24368	2.11612	2.02261	1.94954	2.09315	2.24368	2.24368	2.24368	2.36944	2.24368	2.31267	2.53217	2.64418	2.43485	2.24368	2.24368	2.20016	2.24368	2.24368	2.11612	1.89927	1.76044	1.68314	1.62459	1.39191	1.32051	1.2547	1.04402	0.880429	0.880429	0.83814	0.641728	0.44024	0.56119	0.778209	0.880429	0.880429	0.83814	0.641728	0.44024	0.44024	0.44024	0.44024	0.44024	0.348041	0.155645	0	0	0	0	0	0	0	0	0	0.155645	0.348041	0.44024	0.44024	0.44024	0.466926	0.348019	0	0	0	0	0	0.155645	0.348041	0.44024	0.44024	0.44024	0.44024	0.44024	0.44024	0.44024	0.44024	0.44024	0.44024	0.44024	0.44024	0.44024	0.44024	0.44024	0.44024	0.44024	0.44024	0.44024	0.466926	0.348019	0.155645	0.348041	0.348041	0.155645
0	0	0	0	0.440166	0.440166	0	0	0	0	0	0	0	0	0	0	0	0	0	0	0	0	0	0.440166	0.440166	0	0	0	0	0	0	0	0	0	0	0	0	0	0	0	0	0	0	0.440166	0.440166	0	0	0	0	0.440166	0.440166	0	0	0.440166	0.440166	0	0	0	0	0	0	0	0	0	0	0	0.440166	0.440166	0	0	0.440166	0.440166	0	0	0	0.440166	0.440166	0	0.440166	0.440166	0.440166	0.440166	0.440166	0.440166	0.440166	0.88028	0.440166	0.440166	0.440166	0.88028	0.88028	0.88028	0.88028	0.440166	0.88028	0.440166	0.440166	0.440166	0.440166	1.32029	1.32029	0.440166	0.440166	1.32029	0.88028	0.440166	0.440166	0.440166	0.88028	0.440166	0.88028	1.32029	0.88028	0.440166	0.440166	0.440166	0.440166	0.88028	0.440166	0.88028	1.32029	0.88028	0.440166	0.440166	0.440166	0.440166	0.88028	0.440166	0.440166	0.88028	0.440166	0	0.440166	0.440166	0	0.440166	0.440166	0	0	0	0.440166	0.440166	0	0	0.440166	0.440166	0	0	0	0	0	0.440166	0.88028	0.440166	0	0.440166	0.88028	0.440166	0.440166	0.440166	0	0.440166	0.440166	0.440166	0.88028	0.440166	0	0.440166	0.440166	0.440166	0.88028	0.440166	0	0	0.88028	0.88028	0.440166	0.440166	0	0.440166	0.440166	0.440166	0.440166	0	0.440166	0.88028	0.440166	0	0.440166	0.440166	0	0	0.440166	0.440166	0	0	0	0	0	0.440166	0.440166	0	0	0	0	0	0	0	0	0	0	0	0	0	0	0	0	0	0	0	0	0	0.440166	0.440166	0	0	0	0	0	0	0	0	0	0	0	0	0	0	0	0	0	0	0	0	0	0	0	0	0	0	0.440166	0.440166	0	0	0	0
0	0	0	0	0.440119	0.440119	0	0	0	0	0	0	0	0	0	0	0	0	0	0	0	0	0	0.440119	0.440119	0	0	0	0	0	0	0	0	0	0	0	0	0	0	0	0	0	0	0.440119	0.440119	0	0	0	0	0.440119	0.440119	0	0	0.440119	0.440119	0	0	0	0	0	0	0	0	0	0	0	0.440119	0.440119	0	0	0.440119	0.440119	0	0	0	0.440119	0.440119	0	0.440119	0.440119	0.440119	0.440119	0.440119	0.440119	0.440119	0.880185	0.440119	0.440119	0.440119	0.880185	0.880185	0.880185	0.880185	0.440119	0.880185	0.440119	0.440119	0.440119	0.440119	1.32015	1.32015	0.440119	0.440119	1.32015	0.880185	0.440119	0.440119	0.440119	0.880185	0.440119	0.880185	1.32015	0.880185	0.440119	0.440119	0.440119	0.440119	0.880185	0.440119	0.880185	1.32015	0.880185	0.440119	0.440119	0.440119	0.440119	0.880185	0.440119	0.440119	0.880185	0.440119	0	0.440119	0.440119	0	0.440119	0.440119	0	0	0	0.440119	0.440119	0	0	0.440119	0.440119	0	0	0	0	0	0.440119	0.880185	0.440119	0	0.440119	0.880185	0.440119	0.440119	0.440119	0	0.440119	0.440119	0.440119	0.880185	0.440119	0	0.440119	0.440119	0.440119	0.880185	0.440119	0	0	0.880185	0.880185	0.440119	0.440119	0	0.440119	0.440119	0.440119	0.440119	0	0.440119	0.880185	0.440119	0	0.440119	0.440119	0	0	0.440119	0.440119	0	0	0	0	0	0.440119	0.440119	0	0	0	0	0	0	0	0	0	0	0	0	0	0	0	0	0	0	0	0	0	0.440119	0.440119	0	0	0	0	0	0	0	0	0	0	0	0	0	0	0	0	0	0	0	0	0	0	0	0	0	0	0.440119	0.440119	0	0	0	0