41.0865	42.1827	26.7479	20.2255	18.6735	30.9733	42.2293	17.7018	18.2342	19.8671	4.66589	2.6152	9.81469	11.8607	8.90817	13.0548	18.897	20.2886	14.5017	11.197	10.8321	9.42341	9.60637	9.56614	9.32299	7.07116	6.13228	6.59181	5.60357	5.05209	4.70998	3.35751	2.33501	2.42249	2.59526	3.00953	3.61554	3.98393	4.09929	4.2441	4.2441	4.2441	4.34057	4.24816	4.25221	4.18266	4.21145	4.2441	4.32862	4.08239	3.87401	3.98393	4.08239	5.21954	5.23602	5.00772	5.94799	5.03506	3.55769	3.94469	4.66597	5.68878	8.1756	11.241	13.4226	23.041	22.0021	17.1658	29.9613	19.8793	12.8644	8.46002	5.90469	4.65119	4.42319	5.81976	5.00756	2.76963	6.44496	6.02799	7.9996	18.5895	13.0112	10.0037	7.75898	6.69211	17.1564	34.7321	30.3914	16.1604	19.6395	22.008	21.461	18.8644	13.5505	5.86671	10.4306	41.0372	40.2179	13.5661	12.5417	12.5612	12.819	14.8369	20.711	25.1876	23.9512	22.4777	24.1293	23.847	20.4675	20.3751	26.5641	27.8902	25.6683	23.4763	21.3985	19.0821	17.6441	22.3866	25.7781	15.5471	6.69218	6.72529	7.45772	7.86533	8.55534	9.15424	9.28717	12.4791	18.7556	18.7493	19.1175	21.3886	25.9304	31.0823	33.7464	31.861	28.8366	26.0333	26.3269	26.4706	28.1225	24.5315	11.7005	12.8442	32.7151	46.5038	30.8151	18.1105	13.7103	31.0914	47.73	30.113	11.4733	31.72	51.4425	60.1411	58.0354	53.6836	60.5129	55.6608	44.183	46.812	49.5181	38.8251	22.2836	33.4109	47.1902	46.117	49.843	55.2541	60.5965	62.4958	60.539	53.8597	51.2781	50.5835	47.6315	39.1824	28.9044	18.2142	26.4448	42.7555	37.8762	23.1636	18.5824	30.2456	32.1259	22.2524	21.8796	19.5367	24.0874	37.6626	37.4623	5.62496	40.6074	36.9339	17.4525	12.7121	20.178	37.2272	30.6678	36.1034	44.3236	42.0414	42.551	40.1213	39.1304	40.2193	40.6683	28.4338	8.14244	13.3451	46.5038	45.2541	12.2478	7.80245	15.3545	40.7213	42.0387	25.8637	23.6325	22.1294	16.9403	11.1819	8.57278	5.11633	4.11185	4.24407	3.83365	4.73562	6.98403	8.38191	9.10451	8.77133	8.6397	9.18355	9.60654	9.86081	10.0403	10.2506	10.2327	9.98865	9.91483	9.07681	10.9552	19.3713	16.1525	5.57902	10.088	13.3161	11.7567	13.6502	13.2067	11.8374
33.9227	37.0914	28.3033	32.2008	26.2776	28.405	42.2262	24.546	16.0691	16.0817	7.09919	2.18115	6.15399	12.9385	18.811	20.8975	21.1755	18.6038	13.3625	11.196	10.9829	10.3353	10.9221	10.4199	9.54234	7.26981	6.52083	6.80512	5.80739	5.46967	4.92393	3.53777	2.42226	2.33479	2.59501	2.79438	3.55736	3.98356	4.08204	4.24371	4.24371	4.24371	4.34016	4.32821	4.25181	4.13246	4.21106	4.24371	4.24776	3.99653	3.92679	3.98356	3.99653	5.57539	5.65185	5.07549	6.50773	5.20912	3.57675	4.06503	5.28775	5.98198	8.92448	12.3106	15.1229	26.3292	5.83409	30.2218	26.0877	16.4048	10.7819	7.57226	5.61846	4.6061	4.08201	4.70949	3.25239	3.03203	5.66378	5.26151	4.09869	13.0991	12.0094	10.3176	8.04135	8.63861	18.098	31.6175	25.3762	15.8265	19.8624	21.9026	21.8628	22.6217	18.6645	11.7648	21.0237	43.3886	37.4895	12.5315	12.0788	13.2052	13.7381	16.2905	21.5291	24.9621	24.5932	22.4231	24.0731	23.9732	21.0039	20.8119	28.0902	28.644	25.3869	22.314	19.8138	17.1086	14.9492	20.024	25.1463	15.7742	6.93187	6.69416	7.38376	7.89901	8.67201	9.18272	9.2791	12.3041	21.1607	22.066	19.9628	22.433	28.0883	32.6652	33.7439	30.8944	27.0708	24.1153	26.3246	26.3212	24.9872	20.9308	10.8569	14.0841	30.3018	38.2001	22.9365	18.1089	15.5369	36.4744	50.6512	27.4914	17.9718	39.512	57.2183	61.3231	56.1141	50.4071	58.4131	57.0664	45.1241	46.516	44.3807	32.0418	22.3248	28.8024	42.4545	45.637	50.8145	56.8777	61.4253	62.0633	58.7765	53.3586	51.3117	50.6387	48.5259	41.2153	23.2936	4.60584	21.3296	39.8802	42.626	28.5267	24.4232	33.4266	33.6064	21.5727	21.1993	19.5347	19.9267	34.5043	43.3206	17.4353	37.5486	35.1955	18.2795	16.1664	31.0269	46.1207	34.592	36.4774	42.7031	37.9942	41.3105	41.0085	38.8452	40.2743	48.9298	38.8327	8.26534	18.5161	48.1946	45.5109	15.0723	7.63467	21.7647	46.8145	40.6244	18.4932	16.5607	22.1272	17.6524	10.1872	8.57185	5.83089	4.85	4.24366	3.8333	5.17943	7.57226	8.38115	9.19909	8.77052	8.63892	9.24103	9.64044	9.89374	10.0394	10.2497	10.1599	9.91394	9.82593	9.19366	12.521	21.3	12.41	5.97035	7.26966	7.65466	11.2049	13.4348	13.7418	11.7696
27.2635	27.2635	15.4332	36.0166	29.7067	26.8453	42.0451	27.6785	14.9422	13.9533	7.85917	0.52724	1.58136	11.9505	23.389	23.389	14.9422	2.63442	1.58136	0.52724	2.63442	6.30153	9.4052	9.4052	8.3759	5.78012	5.25775	5.78012	4.73449	4.73449	4.21045	2.63442	1.05439	0.52724	1.05439	0	0.52724	0.52724	0	0.52724	0.52724	0.52724	1.05439	1.58136	1.58136	0.52724	0	0.52724	1.05439	1.05439	1.05439	0.52724	1.05439	4.21045	3.68569	1.58136	5.25775	3.68569	0.52724	2.10807	3.68569	2.63442	6.30153	9.9176	12.4542	25.1416	9.9176	34.9681	12.9559	3.68569	2.63442	2.10807	0.52724	0.52724	1.05439	3.16032	2.10807	3.16032	5.25775	4.73449	2.10807	8.89127	6.8219	4.21045	3.68569	8.3759	18.3292	29.7067	20.6713	3.16032	5.25775	1.58136	6.8219	19.2742	19.2742	14.4489	25.5721	43.4661	34.2538	4.73449	6.8219	9.4052	8.89127	9.9176	10.4284	2.10807	8.89127	1.05439	2.63442	4.73449	7.34114	9.4052	21.5887	19.7426	10.9375	5.25775	6.8219	7.34114	8.3759	17.3738	24.2713	14.9422	3.68569	0.52724	0.52724	1.05439	2.10807	1.05439	0	8.3759	20.2083	19.7426	10.4284	11.4449	17.8528	18.3292	12.4542	4.21045	5.25775	9.4052	18.803	18.803	16.8923	14.9422	4.73449	11.4449	28.0904	33.1592	13.9533	1.58136	11.4449	38.6809	51.9823	25.9996	25.1416	38.6809	52.9604	49.4479	19.7426	17.8528	52.1814	53.3396	20.2083	15.4332	19.2742	9.9176	4.73449	0.52724	15.4332	1.05439	25.1416	36.36	33.8921	18.803	13.4557	2.10807	6.30153	6.8219	21.5887	26.424	16.4084	15.922	13.4557	25.5721	38.6809	25.5721	25.1416	34.6125	34.2538	21.1314	20.6713	19.2742	16.8923	31.6562	45.6082	22.9433	34.6125	31.6562	9.4052	14.4489	35.6701	49.2241	30.8858	28.9049	36.0166	18.3292	18.803	21.1314	11.9505	17.8528	49.2241	42.0451	4.21045	20.6713	48.9981	45.6082	15.922	4.73449	23.389	48.0735	35.3206	1.58136	11.4449	22.0432	17.8528	9.4052	8.3759	5.78012	4.21045	2.10807	1.05439	3.16032	4.21045	0.52724	3.68569	2.63442	0.52724	1.58136	1.58136	1.58136	1.58136	2.63442	2.63442	2.63442	3.16032	2.63442	8.89127	18.3292	1.05439	8.89127	5.78012	1.05439	1.05439	1.05439	5.78012	1.05439
27.2613	27.2613	15.4319	36.0141	29.7044	26.8432	42.0424	27.6763	14.9409	13.9521	7.85845	0.527192	1.58122	11.9494	23.387	23.387	14.9409	2.63418	1.58122	0.527192	2.63418	6.30096	9.40435	9.40435	8.37514	5.77959	5.25726	5.77959	4.73406	4.73406	4.21006	2.63418	1.05429	0.527192	1.05429	0	0.527192	0.527192	0	0.527192	0.527192	0.527192	1.05429	1.58122	1.58122	0.527192	0	0.527192	1.05429	1.05429	1.05429	0.527192	1.05429	4.21006	3.68536	1.58122	5.25726	3.68536	0.527192	2.10788	3.68536	2.63418	6.30096	9.9167	12.4531	25.1395	9.9167	34.9656	12.9548	3.68536	2.63418	2.10788	0.527192	0.527192	1.05429	3.16003	2.10788	3.16003	5.25726	4.73406	2.10788	8.89047	6.82128	4.21006	3.68536	8.37514	18.3276	29.7044	20.6695	3.16003	5.25726	1.58122	6.82128	19.2725	19.2725	14.4476	25.5701	43.4635	34.2514	4.73406	6.82128	9.40435	8.89047	9.9167	10.4275	2.10788	8.89047	1.05429	2.63418	4.73406	7.34047	9.40435	21.5869	19.7409	10.9366	5.25726	6.82128	7.34047	8.37514	17.3723	24.2693	14.9409	3.68536	0.527192	0.527192	1.05429	2.10788	1.05429	0	8.37514	20.2066	19.7409	10.4275	11.4439	17.8513	18.3276	12.4531	4.21006	5.25726	9.40435	18.8014	18.8014	16.8909	14.9409	4.73406	11.4439	28.0882	33.1568	13.9521	1.58122	11.4439	38.6783	51.9797	25.9975	25.1395	38.6783	52.9578	49.4453	19.7409	17.8513	52.1788	53.3371	20.2066	15.4319	19.2725	9.9167	4.73406	0.527192	15.4319	1.05429	25.1395	36.3575	33.8896	18.8014	13.4545	2.10788	6.30096	6.82128	21.5869	26.4219	16.407	15.9206	13.4545	25.5701	38.6783	25.5701	25.1395	34.61	34.2514	21.1297	20.6695	19.2725	16.8909	31.6538	45.6056	22.9414	34.61	31.6538	9.40435	14.4476	35.6676	49.2214	30.8835	28.9026	36.0141	18.3276	18.8014	21.1297	11.9494	17.8513	49.2214	42.0424	4.21006	20.6695	48.9955	45.6056	15.9206	4.73406	23.387	48.0709	35.3181	1.58122	11.4439	22.0413	17.8513	9.40435	8.37514	5.77959	4.21006	2.10788	1.05429	3.16003	4.21006	0.527192	3.68536	2.63418	0.527192	1.58122	1.58122	1.58122	1.58122	2.63418	2.63418	2.63418	3.16003	2.63418	8.89047	18.3276	1.05429	8.89047	5.77959	1.05429	1.05429	1.05429	5.77959	1.05429
23.6249	27.6057	24.7572	40.1137	30.2859	27.3498	45.0009	48.9684	48.3566	42.4829	28.6681	9.4835	2.63399	8.22178	21.0139	29.5953	33.218	28.7068	13.2604	1.19323	2.84262	6.2047	8.77155	9.17614	9.17435	7.13318	6.74287	7.06122	5.8645	5.72253	5.18447	3.54166	2.66674	2.68616	2.91491	3.17085	3.92571	4.60483	5.12803	5.28314	5.28314	5.16808	5.00588	5.0741	5.32521	5.16808	4.99558	5.02304	5.26032	5.51522	5.31554	5.02304	5.1045	6.88552	7.16425	6.40026	7.96283	6.33575	4.74115	6.10773	7.77568	8.04755	10.3821	13.5776	16.6248	27.6694	16.5039	37.5577	12.1549	3.79589	2.71172	2.35622	1.17865	1.17865	1.11816	2.50587	2.05778	3.65684	5.07386	3.95617	2.01517	7.78192	6.68948	5.57695	5.77034	9.67203	18.624	27.5413	21.1153	17.4465	13.8175	8.52829	12.7134	25.5956	28.985	36.7048	46.6602	47.3845	33.0483	12.5581	11.9392	14.2386	18.576	30.4452	43.5885	50.6794	53.9894	53.3633	50.4473	46.455	43.9564	44.6014	44.8284	38.6173	30.9347	26.848	24.8378	22.0232	19.1008	20.3584	25.2017	18.7145	12.9492	13.4923	14.4471	15.371	16.4942	17.8276	18.9224	21.2274	27.9348	28.2355	24.6494	26.0431	30.6505	33.0025	31.2063	28.3975	25.9544	23.026	24.035	23.7788	22.4627	20.0252	13.7429	14.0805	24.8905	27.1833	23.1971	18.5373	16.504	39.8083	50.75	26.4679	42.2383	53.9936	60.5925	56.4751	45.4502	44.9018	54.9653	52.8616	25.143	15.9902	13.0942	11.5933	16.2165	17.0872	13.7156	2.42875	21.4742	37.5112	39.5573	27.9808	26.1925	25.9529	30.5545	36.159	43.8036	50.0093	51.1088	51.2243	49.1917	37.0243	34.201	25.6406	27.4736	37.2549	35.9847	22.0739	19.4812	19.0161	24.6038	38.1382	44.6705	24.4819	32.1564	43.7381	49.8616	52.9529	58.0794	63.9686	63.1178	54.5533	40.4879	30.5715	40.1414	47.5381	49.4961	48.3244	51.9944	45.0671	27.4242	32.8855	49.2623	44.1097	19.5626	13.3878	24.499	48.4332	36.9904	12.7229	14.2779	20.2889	17.0059	9.31937	8.41059	6.28138	5.52431	4.70827	4.91225	6.08243	6.72016	6.02598	7.95449	9.12887	9.69147	10.0367	9.89106	9.78413	9.93146	10.56	11.0504	10.7791	10.1571	10.1292	11.2764	17.3727	5.46516	10.6909	11.0742	9.97003	9.83012	9.27838	10.4603	12.3169
15.5319	26.5993	39.6454	44.1008	25.6307	20.6177	37.6182	47.5835	49.8199	48.4626	40.6711	21.2519	3.53152	1.98037	13.4011	25.5774	32.2	35.5885	27.9134	2.50564	3.09866	5.94505	7.25063	7.73979	8.94364	7.13253	6.95127	7.50848	6.08174	5.94513	5.64054	3.54134	2.58739	2.68592	2.8425	3.25665	4.18071	4.64906	5.14095	5.28266	5.28266	5.20734	5.07363	5.00542	5.25984	5.20734	4.99513	5.02258	5.32472	5.57656	5.26312	5.02258	5.10404	7.23204	7.63189	6.47395	8.52752	6.86256	4.74072	6.62243	8.37793	8.36794	10.7085	14.3478	17.9885	28.6101	25.1186	42.2002	9.34556	2.97918	2.26604	2.356	1.17854	1.17854	0.833416	1.19312	1.41906	3.6565	4.32644	2.38521	1.75758	5.46443	5.32131	5.07356	5.94522	10.8694	18.8563	22.0506	15.8564	17.3499	14.5205	16.6827	21.9616	30.9033	33.2562	44.7138	49.8624	40.7608	23.6542	12.1288	11.3455	15.1249	23.139	39.3621	50.2791	51.8233	53.9291	53.4872	50.923	47.3872	44.0142	44.849	43.8826	37.2841	30.3013	26.6541	24.4759	21.5107	18.2891	17.5139	23.4147	20.1052	13.5339	13.6052	14.4811	15.4555	16.7353	18.0867	18.9492	21.5078	28.5217	28.7984	25.2388	26.5245	32.0749	34.5093	31.0687	28.2908	25.7823	22.2236	21.775	23.4415	22.4609	18.9362	13.3999	11.9107	17.4933	12.6703	21.6702	24.1791	19.7139	41.4606	47.626	20.0504	48.7846	58.4027	60.9247	53.8449	45.2316	44.8992	50.9989	46.7825	21.9281	12.0462	0.671941	10.28	16.1495	17.438	10.4022	4.37796	12.6957	38.1476	48.5947	37.1656	27.7871	26.7851	30.8241	36.3232	42.5759	48.8698	51.0584	51.1984	51.1758	38.5086	20.8415	25.0042	30.617	40.2016	36.1443	18.8249	15.0839	17.8525	34.4136	42.668	39.0299	22.2082	22.8517	41.3484	49.8045	52.6955	56.8036	62.4094	63.9555	56.1243	36.9599	32.0359	47.4159	50.855	50.1313	47.7366	45.82	41.3932	27.7718	32.7756	45.5208	38.4727	20.5427	13.9284	22.3469	48.4306	38.266	12.8589	12.0786	15.3351	15.0733	9.06297	8.40982	7.04843	6.96831	5.57642	5.077	6.22636	6.71955	6.41031	7.5246	8.94965	9.74561	10.0358	9.85636	9.78325	9.97748	10.7087	11.1919	10.6482	9.97748	9.96913	9.53217	14.1435	7.23906	8.88924	10.8317	9.96913	9.80883	9.50584	10.0903	14.4246
10.9334	25.1331	45.3379	44.8123	17.8464	3.68427	1.58075	9.91384	30.4863	44.0054	43.4551	26.4152	3.68427	4.20883	4.20883	0.527037	4.73267	33.1491	33.8818	3.1591	3.1591	5.7779	6.29912	6.29912	7.85617	5.7779	5.7779	6.81929	5.25573	5.25573	5.25573	2.6334	0.527037	0.527037	0.527037	1.05398	2.10726	1.05398	0.527037	0.527037	0.527037	1.05398	1.58075	1.05398	1.05398	1.05398	0	0.527037	1.58075	1.58075	0	0.527037	1.05398	5.25573	5.25573	2.10726	6.81929	5.25573	0.527037	4.20883	5.7779	4.20883	7.33833	11.946	15.9162	27.2544	28.4899	44.2769	6.81929	1.58075	1.58075	2.10726	0.527037	0.527037	0	0.527037	0	3.1591	3.68427	1.58075	1.58075	4.20883	3.68427	2.6334	4.20883	10.9334	18.7963	18.3226	4.20883	1.58075	8.37271	20.2012	25.9909	31.6463	31.2628	43.7315	41.742	8.37271	1.58075	0	4.20883	11.946	22.0355	39.621	46.6105	26.8364	5.25573	10.4245	17.8464	21.5812	8.88789	13.9482	9.91384	6.29912	2.6334	0	1.05398	0.527037	1.05398	8.37271	20.2012	18.3226	6.81929	2.6334	1.58075	2.6334	4.73267	4.73267	1.58075	9.91384	22.0355	21.5812	13.4507	13.9482	23.3809	24.6996	11.4406	1.05398	2.10726	0.527037	10.9334	17.8464	16.8862	11.4406	1.58075	3.68427	12.9511	1.05398	5.7779	22.9354	19.2673	42.0341	45.5972	5.25573	47.3465	55.6392	54.2486	36.6899	17.3675	17.8464	38.6701	37.3617	7.85617	3.1591	6.81929	6.29912	4.20883	5.25573	8.88789	5.25573	6.29912	37.6932	52.1707	39.9323	19.7356	10.9334	9.40163	9.40163	4.20883	9.40163	15.4276	15.4276	34.2435	30.8761	4.73267	24.263	31.6463	40.8495	34.6021	12.9511	10.9334	16.8862	38.0217	42.6103	32.404	17.3675	11.4406	17.3675	7.33833	2.6334	10.4245	28.0812	44.2769	41.742	24.263	23.8235	45.854	41.4472	22.4869	2.6334	23.3809	30.8761	8.37271	20.2012	39.9323	33.1491	18.3226	7.33833	18.3226	48.0625	38.0217	3.1591	3.1591	11.4406	13.9482	8.88789	8.37271	7.33833	7.33833	4.73267	2.10726	3.68427	4.20883	3.1591	0	0.527037	1.58075	1.58075	1.05398	1.58075	2.10726	3.68427	3.68427	1.05398	1.58075	0.527037	2.10726	11.4406	6.81929	2.6334	4.73267	1.05398	0.527037	3.1591	4.20883	10.9334
10.6768	24.2802	44.8982	47.8099	23.8915	5.24548	6.22511	12.2014	30.7333	45.208	50.1198	45.645	30.3722	7.81451	9.96716	11.8367	10.8066	33.0842	32.6716	5.20286	7.46877	12.4307	13.102	10.5031	10.4141	7.34242	7.05917	7.67449	6.16981	6.04664	5.93239	3.55522	2.38486	2.90813	3.20247	3.8356	4.826	4.59224	4.79747	5.26206	5.66087	5.87175	5.98718	5.87175	5.76878	5.5136	5.25553	5.42582	5.73601	5.57544	5.25553	5.28159	5.5136	7.96266	7.97965	6.31239	8.90241	7.79729	6.06103	7.34256	8.87409	8.52594	11.2219	14.9377	17.9681	27.783	28.2848	44.1727	15.3623	7.63036	2.98437	2.44926	1.59161	1.08637	0.671805	0.833248	1.19295	2.27318	3.18066	2.63325	2.26563	3.51116	2.8357	3.39623	5.3876	11.6066	18.7388	17.5573	13.9775	9.43145	12.8557	25.0431	29.76	34.3414	33.9275	41.9232	40.2751	14.4743	16.1	21.5067	23.2818	24.9328	26.3042	37.5536	45.3414	27.5188	7.9862	18.4312	30.191	43.7379	53.1876	54.5662	48.3556	39.9092	30.5787	24.4715	20.8992	19.2805	18.81	18.1368	24.0862	24.7723	20.1021	20.2764	20.8569	22.2848	24.3691	25.4244	25.8417	27.5748	31.5709	30.1418	25.3382	25.5484	31.1781	32.1364	26.462	26.0987	26.9306	25.0026	22.7512	23.7236	21.9626	17.6781	14.199	13.3973	10.5268	3.61296	12.6405	29.85	24.9405	38.1288	38.6971	27.9257	43.2627	51.5053	54.2247	39.3046	26.6207	32.3052	46.0612	53.4396	55.115	55.7006	55.4498	53.3798	48.9458	42.0021	30.9391	15.3701	14.4624	36.9687	50.7586	39.7813	22.8928	17.006	16.8643	18.0183	19.6958	25.213	32.6182	37.9048	48.4982	53.5634	50.1031	45.9222	44.0006	45.6388	37.31	20.9487	16.2281	17.0602	42.3079	47.1548	33.2645	18.3914	11.3662	14.9024	7.41134	1.13326	9.7124	25.8585	43.0715	51.2728	52.8971	52.105	53.3274	45.2345	28.416	20.1139	34.7337	41.3084	33.3347	31.1183	35.9776	30.3504	20.2053	12.8849	19.3283	45.2239	37.3937	6.94988	3.74437	10.3756	13.8929	10.2695	9.41507	8.21939	8.37598	5.73575	3.35526	4.8896	5.43827	4.28164	3.76753	5.83079	8.35825	9.77958	10.2212	10.432	10.9269	11.6692	11.9085	11.6241	11.5119	12.2083	11.5731	7.67456	6.33371	1.71737	7.87737	9.88821	8.75987	9.7813	12.9531	15.1096
7.96827	19.4194	41.4394	51.2507	33.4287	7.46771	9.02337	10.2965	23.9392	38.0473	47.0165	48.7936	42.8816	26.7485	11.171	12.179	10.3992	31.6189	29.6188	5.98645	9.97438	11.9143	15.4761	12.0016	12.1853	7.77253	7.5063	7.90849	6.39756	6.27902	6.16922	3.76247	2.38464	2.90786	3.20217	4.19592	5.10246	4.59182	4.91036	5.26158	5.64824	5.87121	5.98663	5.87121	5.82731	5.57493	5.25505	5.46312	5.73549	5.5131	5.25505	5.28111	5.57493	8.32696	7.97893	6.40844	8.9016	7.62967	6.06048	7.34189	9.42329	8.96378	11.9469	15.3371	17.7588	26.9841	25.5203	42.2739	19.336	12.6921	4.06223	2.24233	1.71722	1.08627	0.768147	0.833171	1.24965	0.558918	1.86246	2.63301	2.00586	2.00578	1.17819	2.84166	4.86455	11.3708	17.3664	12.3557	13.8472	15.9812	21.2516	30.8872	31.5138	34.6646	33.925	36.4197	36.9105	22.6776	19.9534	21.8237	23.3652	24.5666	22.8575	31.0602	42.4769	28.7431	12.728	18.3014	29.4878	45.1495	53.7657	54.3799	49.9148	43.7863	32.812	25.2467	21.161	19.3035	18.7956	17.2849	23.3822	27.0019	20.9931	20.3868	20.9299	22.6434	24.8223	25.5528	25.9205	27.5726	30.7363	29.1358	24.9297	25.6595	31.5969	32.2731	27.252	26.2495	27.0192	25.4717	21.65	22.1459	20.8546	16.9868	14.3186	13.202	7.29325	8.52484	24.23	36.2643	23.5918	27.6348	19.1714	29.4953	29.6964	40.1763	52.7714	38.7316	24.2362	30.5722	41.0248	51.0214	55.0504	55.7016	55.4087	53.5305	49.6596	46.6131	42.821	31.0574	22.1767	33.4336	47.4984	39.4662	28.1866	21.5996	17.5935	18.8414	22.0145	25.0011	31.3616	37.0421	45.6388	52.6495	50.6871	44.4869	41.8187	42.3192	31.9453	19.1921	14.4527	13.3584	47.9195	50.8631	26.8071	14.166	8.24352	9.67522	7.41067	3.41609	6.51661	17.3588	32.2778	47.2172	52.3833	51.3639	49.4916	38.9869	24.4689	20.1443	39.1888	43.5901	33.2923	28.5921	23.6584	24.1312	23.8242	19.5365	17.4676	38.5338	35.7042	11.2778	4.49692	7.87629	12.7022	11.2059	10.3843	9.47267	10.4258	7.24852	3.53543	5.31976	5.64803	3.94605	4.37677	6.7024	9.06072	10.1467	10.2203	10.4756	11.0463	11.7522	11.9896	11.6513	11.465	12.461	11.9349	6.49297	5.07191	8.11106	8.21283	10.0279	8.87351	9.78042	12.7092	13.286
4.20767	13.9445	37.6855	52.163	37.3541	8.37044	9.39908	3.15823	10.4216	19.7306	30.0864	41.1419	45.5893	34.5948	8.37044	4.20767	2.10667	30.0864	27.6629	5.25428	9.91116	2.63268	13.4471	10.4216	11.9428	6.81742	6.81742	7.33633	5.77632	5.77632	5.77632	3.15823	0.526891	0.526891	0.526891	2.63268	3.15823	1.05369	1.58032	0.526891	0	1.05369	1.58032	1.05369	1.58032	1.58032	0	1.05369	1.58032	1.05369	0	0.526891	1.58032	6.29739	5.25428	2.63268	6.81742	4.73137	0.526891	4.20767	7.33633	5.77632	9.39908	12.9477	15.4235	25.5574	22.4813	40.2331	18.3179	14.4397	4.20767	1.58032	1.05369	0.526891	0.526891	0.526891	0.526891	0.526891	0.526891	1.58032	0.526891	1.05369	0.526891	0	2.63268	10.4216	15.912	4.20767	3.15823	18.3179	25.127	32.7709	30.0864	32.3968	31.2558	32.0196	34.9503	25.9847	17.363	5.77632	5.25428	9.91116	9.91116	25.5574	40.8417	29.2912	14.9327	9.91116	14.4397	30.4794	22.9297	5.25428	29.6904	33.8745	20.196	9.91116	5.25428	1.58032	0	1.58032	18.3179	24.2571	11.4375	4.20767	3.15823	6.81742	8.88548	6.29739	3.68326	9.91116	18.7914	17.8417	11.4375	14.4397	24.6936	25.127	15.4235	4.73137	4.20767	7.85403	1.58032	12.4462	13.4471	8.88548	3.15823	1.58032	7.33633	10.9305	29.2912	37.6855	14.9327	19.7306	1.58032	16.3981	13.4471	32.3968	51.1492	35.3027	1.58032	2.63268	1.58032	2.10667	0.526891	3.68326	2.63268	12.9477	20.6588	38.3397	45.33	37.3541	24.6936	30.0864	45.5893	39.2992	30.4794	22.03	11.9428	12.4462	15.4235	7.85403	0.526891	3.15823	0.526891	19.2623	19.7306	0.526891	18.7914	29.2912	16.8818	2.63268	1.58032	7.33633	49.8709	51.1492	12.9477	3.68326	2.63268	6.81742	7.33633	5.25428	2.10667	5.77632	1.58032	8.37044	15.4235	8.88548	23.8176	13.4471	0.526891	3.15823	36.6823	38.3397	7.85403	1.58032	9.91116	20.6588	25.5574	22.03	13.9445	34.5948	34.5948	12.9477	4.73137	6.29739	11.4375	10.9305	10.4216	9.91116	11.4375	7.85403	2.63268	4.73137	4.73137	2.10667	3.15823	4.73137	5.25428	4.20767	1.05369	2.10667	3.15823	4.20767	4.20767	1.58032	0.526891	3.68326	4.73137	9.91116	4.20767	11.4375	5.77632	2.63268	2.10667	3.15823	2.10667	3.15823
4.20728	13.9432	37.683	52.1604	37.3515	8.36968	9.39823	3.15794	10.4207	19.7289	30.0842	41.1393	45.5866	34.5923	8.36968	4.20728	2.10648	30.0842	27.6607	5.2538	9.91027	2.63243	13.4459	10.4207	11.9418	6.8168	6.8168	7.33566	5.77579	5.77579	5.77579	3.15794	0.526843	0.526843	0.526843	2.63243	3.15794	1.0536	1.58017	0.526843	0	1.0536	1.58017	1.0536	1.58017	1.58017	0	1.0536	1.58017	1.0536	0	0.526843	1.58017	6.29682	5.2538	2.63243	6.8168	4.73094	0.526843	4.20728	7.33566	5.77579	9.39823	12.9465	15.4222	25.5553	22.4794	40.2305	18.3163	14.4384	4.20728	1.58017	1.0536	0.526843	0.526843	0.526843	0.526843	0.526843	0.526843	1.58017	0.526843	1.0536	0.526843	0	2.63243	10.4207	15.9106	4.20728	3.15794	18.3163	25.125	32.7685	30.0842	32.3944	31.2534	32.0172	34.9478	25.9826	17.3615	5.77579	5.2538	9.91027	9.91027	25.5553	40.8391	29.2889	14.9314	9.91027	14.4384	30.4771	22.9278	5.2538	29.6881	33.8721	20.1943	9.91027	5.2538	1.58017	0	1.58017	18.3163	24.2551	11.4365	4.20728	3.15794	6.8168	8.88468	6.29682	3.68292	9.91027	18.7898	17.8402	11.4365	14.4384	24.6916	25.125	15.4222	4.73094	4.20728	7.85331	1.58017	12.4451	13.4459	8.88468	3.15794	1.58017	7.33566	10.9295	29.2889	37.683	14.9314	19.7289	1.58017	16.3967	13.4459	32.3944	51.1466	35.3002	1.58017	2.63243	1.58017	2.10648	0.526843	3.68292	2.63243	12.9465	20.657	38.3371	45.3274	37.3515	24.6916	30.0842	45.5866	39.2966	30.4771	22.0281	11.9418	12.4451	15.4222	7.85331	0.526843	3.15794	0.526843	19.2607	19.7289	0.526843	18.7898	29.2889	16.8803	2.63243	1.58017	7.33566	49.8683	51.1466	12.9465	3.68292	2.63243	6.8168	7.33566	5.2538	2.10648	5.77579	1.58017	8.36968	15.4222	8.88468	23.8157	13.4459	0.526843	3.15794	36.6798	38.3371	7.85331	1.58017	9.91027	20.657	25.5553	22.0281	13.9432	34.5923	34.5923	12.9465	4.73094	6.29682	11.4365	10.9295	10.4207	9.91027	11.4365	7.85331	2.63243	4.73094	4.73094	2.10648	3.15794	4.73094	5.2538	4.20728	1.0536	2.10648	3.15794	4.20728	4.20728	1.58017	0.526843	3.68292	4.73094	9.91027	4.20728	11.4365	5.77579	2.63243	2.10648	3.15794	2.10648	3.15794
14.1452	20.269	39.552	56.2293	47.2495	20.9268	17.8134	13.8061	11.4658	15.715	26.1878	40.5228	49.5061	41.6746	20.1732	6.02161	21.0349	35.9382	28.7781	13.8825	14.1664	10.0581	16.1399	13.0511	13.3785	8.70996	7.63392	7.78326	6.40633	6.30971	6.14243	3.76137	2.58587	2.84083	3.16869	4.86313	5.61911	4.84552	4.98529	5.05372	5.52082	5.86949	5.98489	5.76656	5.64656	5.5733	5.51461	5.46152	5.64656	5.61312	5.38568	5.27957	5.48342	8.53638	8.1484	6.7486	9.06719	7.7004	6.71831	7.81173	9.79096	9.42949	12.1752	14.6687	17.09	26.3975	23.0815	41.033	20.9592	15.0868	4.91924	3.29689	3.0802	2.84083	2.68434	2.38394	1.71674	1.31681	0.588985	1.31677	0.263412	1.60187	2.58587	2.90701	4.23962	10.7715	16.1678	9.66565	20.8398	29.6285	21.4747	32.0662	30.2655	31.3687	30.9626	31.1955	33.4484	28.9863	22.0183	14.8591	20.0078	24.6346	23.0746	23.1004	35.5911	29.5718	20.8078	14.0756	18.0087	35.0473	28.3372	18.8723	33.2024	39.0567	31.719	22.394	15.1292	12.0393	12.5861	16.7638	28.5007	31.9736	25.7933	24.8655	25.6348	26.5695	26.7083	25.6742	25.6045	26.2367	26.87	23.9079	19.0635	27.3408	37.3798	34.6464	27.2522	23.359	23.7275	24.5373	21.687	22.1816	20.6479	16.0581	13.6022	13.5311	14.6656	20.0151	29.5271	44.1868	40.7675	47.7792	52.5084	52.6892	49.3136	46.8674	50.9236	36.6889	18.2128	17.6436	16.7288	19.052	22.0071	26.1948	32.9328	45.867	55.6079	59.5545	58.8995	55.8963	53.1053	50.5806	48.7697	38.3055	27.6347	18.6895	11.4383	13.1449	16.4717	12.6217	5.31815	14.1698	23.7061	35.8819	44.4057	46.0989	44.5239	37.0567	19.9453	9.82185	11.1855	17.3498	48.6437	48.7189	12.6216	6.04153	4.23944	5.90694	5.94166	8.04214	8.68906	4.2921	4.41844	9.23402	18.8499	23.8401	27.9253	18.6941	12.084	10.5796	38.6607	39.9541	14.7447	15.1169	22.2945	26.5955	26.9364	22.4537	15.7202	32.2964	32.71	13.6547	6.86103	7.77027	11.9857	11.9035	11.3791	10.6415	12.3188	9.12232	5.21406	6.85856	6.86105	5.41421	5.36008	5.95035	6.94722	6.67745	5.51149	6.06712	6.92531	7.73332	7.59188	6.48861	6.74865	8.65793	10.7719	16.817	15.5512	12.372	7.59403	7.33989	10.3898	9.82185	8.46729	8.35707
13.9251	18.0518	31.8456	56.7184	54.1865	23.7297	18.6475	14.5263	9.03514	7.19401	15.7179	32.5348	50.1844	45.7891	28.3801	24.6005	29.9231	34.7394	22.6327	13.487	12.9257	10.5409	17.196	14.5772	14.0652	10.3308	8.11426	7.78255	6.64602	6.55307	6.14187	3.55352	2.66468	2.91267	3.1684	5.38504	5.94984	4.84508	4.98483	5.16077	5.56973	5.86896	5.98434	5.82507	5.73029	5.51098	5.51411	5.42324	5.73029	5.61261	5.3979	5.27908	5.48292	8.93586	8.50403	6.85805	9.06637	7.4127	6.74804	7.67993	9.79008	10.1377	12.3707	14.2447	17.3062	26.3954	21.8184	41.7607	24.6529	15.806	4.70457	3.29658	3.07991	2.91267	2.68409	2.38372	1.83366	1.68598	0.588931	0.790077	1.0858	2.05621	2.66468	3.00035	3.82929	9.23299	13.6171	16.7496	39.7676	29.1828	16.0577	30.3404	30.4586	29.2087	30.3758	29.4299	29.6768	33.9102	30.0148	19.5638	23.1665	25.6473	22.2201	14.6169	22.6573	26.4029	24.6362	17.742	24.6114	41.8577	31.2795	18.5792	29.6344	37.9035	34.7724	26.4662	16.8053	12.0382	12.7134	19.1912	31.3977	31.8353	25.977	25.1449	25.7247	26.6196	26.5266	25.5818	25.7497	25.8	24.8288	22.0069	18.3301	33.7714	41.1204	32.0469	25.8324	23.4513	23.6353	24.8311	21.8291	21.3427	19.3203	14.9885	13.7326	13.5299	21.3977	34.4821	22.8279	40.8538	40.093	47.5606	52.6397	52.34	49.0307	44.1604	43.1496	32.371	18.4483	17.642	16.7863	20.0933	22.4995	26.7996	34.5241	51.2863	59.0326	59.2233	57.2076	55.6844	53.007	48.9336	41.8058	28.9501	19.211	11.5955	9.11054	11.6352	14.6165	17.6835	15.7614	20.295	29.5179	35.2028	43.411	46.1008	43.6442	33.5346	19.0158	9.65651	12.717	20.0073	44.7788	42.9948	10.947	8.31149	7.35268	4.07755	3.09671	7.60021	8.68827	6.79805	8.52953	7.85431	16.3117	24.483	24.4055	16.7105	12.4184	10.3569	40.6277	40.6854	13.9618	16.654	24.0333	24.8824	22.9563	19.2589	15.0941	26.9774	28.626	13.4206	7.2459	8.20944	11.7473	12.6205	12.605	11.8969	14.0651	11.119	6.34966	7.04385	6.86042	5.41371	5.00201	5.56958	7.59101	7.23419	5.57279	6.16709	7.19428	7.87998	7.45605	6.48802	6.89767	9.19864	10.887	15.4241	15.5499	9.78185	6.91972	8.56332	10.2926	9.68413	8.41063	8.19327
2.10586	2.10586	3.68184	53.4981	55.2827	18.7847	12.4416	7.33353	2.63166	2.63166	5.7741	18.7847	47.3276	45.0574	30.0768	32.3868	31.2459	26.4001	7.85103	2.10586	5.25227	5.25227	15.9062	13.9393	13.4421	10.4177	7.85103	7.33353	6.29498	6.29498	5.7741	2.63166	1.05329	1.05329	0.526688	4.20605	4.20605	1.05329	1.57971	1.57971	1.05329	1.05329	1.57971	1.57971	2.10586	1.05329	0	0.526688	2.10586	1.05329	0.526688	0.526688	1.57971	7.33353	6.29498	3.15702	6.81482	3.68184	1.05329	3.68184	7.33353	7.85103	9.90741	11.9383	15.9062	25.5487	19.7235	41.7231	25.9759	15.9062	3.68184	1.57971	1.05329	1.05329	0.526688	0.526688	1.05329	1.57971	0.526688	0.526688	1.57971	2.10586	1.05329	1.05329	0.526688	6.81482	9.90741	19.7235	46.3417	16.3921	15.4178	29.2817	30.4697	28.0655	30.0768	28.474	27.239	35.988	33.4995	19.2555	18.3113	14.9272	2.10586	1.57971	14.9272	22.0223	24.2488	18.3113	27.6538	44.5268	30.0768	1.57971	18.7847	30.4697	30.0768	23.3671	11.9383	1.57971	2.63166	13.9393	27.239	23.8094	12.4416	7.33353	4.72955	7.33353	7.33353	5.25227	5.7741	6.29498	9.90741	10.9264	8.36725	33.1317	37.009	12.4416	6.81482	5.7741	2.63166	9.90741	4.20605	8.36725	7.85103	2.63166	4.20605	1.57971	23.3671	40.2221	9.39552	24.2488	2.63166	16.8756	10.4177	2.10586	3.68184	5.7741	27.239	23.8094	4.72955	2.63166	2.63166	9.90741	7.33353	9.90741	18.3113	45.5782	50.0779	34.5844	30.4697	35.6417	23.3671	5.7741	10.9264	10.4177	11.4332	7.85103	6.81482	8.88211	10.9264	19.2555	20.6515	21.1112	26.8211	14.9272	0.526688	1.57971	1.57971	12.9428	14.4344	0.526688	8.88211	16.3921	41.7231	39.6024	9.39552	8.88211	8.88211	3.15702	1.57971	3.68184	2.10586	9.39552	10.4177	4.72955	6.81482	12.4416	11.9383	5.25227	4.20605	0.526688	40.8307	39.9137	3.68184	10.4177	16.8756	14.9272	14.9272	14.4344	12.4416	23.8094	26.4001	12.4416	5.7741	7.33353	10.9264	12.4416	12.9428	12.4416	14.9272	11.9383	5.7741	5.25227	4.72955	2.10586	1.57971	3.68184	6.81482	5.7741	1.57971	2.63166	4.20605	4.72955	3.68184	1.57971	2.10586	5.7741	5.25227	0.526688	4.20605	3.68184	3.68184	6.81482	0.526688	2.10586	1.57971	2.10586
2.10567	2.10567	3.68151	53.4955	55.2803	18.7831	12.4404	7.33286	2.63142	2.63142	5.77358	18.7831	47.325	45.0547	30.0746	32.3844	31.2436	26.398	7.85032	2.10567	5.25179	5.25179	15.9048	13.9381	13.4409	10.4168	7.85032	7.33286	6.29441	6.29441	5.77358	2.63142	1.05319	1.05319	0.52664	4.20567	4.20567	1.05319	1.57956	1.57956	1.05319	1.05319	1.57956	1.57956	2.10567	1.05319	0	0.52664	2.10567	1.05319	0.52664	0.52664	1.57956	7.33286	6.29441	3.15673	6.8142	3.68151	1.05319	3.68151	7.33286	7.85032	9.90652	11.9373	15.9048	25.5467	19.7219	41.7205	25.9739	15.9048	3.68151	1.57956	1.05319	1.05319	0.52664	0.52664	1.05319	1.57956	0.52664	0.52664	1.57956	2.10567	1.05319	1.05319	0.52664	6.8142	9.90652	19.7219	46.3391	16.3907	15.4165	29.2795	30.4674	28.0633	30.0746	28.4718	27.2369	35.9855	33.4971	19.2538	18.3097	14.9259	2.10567	1.57956	14.9259	22.0205	24.2468	18.3097	27.6516	44.5242	30.0746	1.57956	18.7831	30.4674	30.0746	23.3652	11.9373	1.57956	2.63142	13.9381	27.2369	23.8075	12.4404	7.33286	4.72912	7.33286	7.33286	5.25179	5.77358	6.29441	9.90652	10.9254	8.36649	33.1293	37.0065	12.4404	6.8142	5.77358	2.63142	9.90652	4.20567	8.36649	7.85032	2.63142	4.20567	1.57956	23.3652	40.2195	9.39467	24.2468	2.63142	16.8742	10.4168	2.10567	3.68151	5.77358	27.2369	23.8075	4.72912	2.63142	2.63142	9.90652	7.33286	9.90652	18.3097	45.5756	50.0753	34.5819	30.4674	35.6392	23.3652	5.77358	10.9254	10.4168	11.4322	7.85032	6.8142	8.8813	10.9254	19.2538	20.6497	21.1095	26.819	14.9259	0.52664	1.57956	1.57956	12.9417	14.4331	0.52664	8.8813	16.3907	41.7205	39.5998	9.39467	8.8813	8.8813	3.15673	1.57956	3.68151	2.10567	9.39467	10.4168	4.72912	6.8142	12.4404	11.9373	5.25179	4.20567	0.52664	40.8281	39.9111	3.68151	10.4168	16.8742	14.9259	14.9259	14.4331	12.4404	23.8075	26.398	12.4404	5.77358	7.33286	10.9254	12.4404	12.9417	12.4404	14.9259	11.9373	5.77358	5.25179	4.72912	2.10567	1.57956	3.68151	6.8142	5.77358	1.57956	2.63142	4.20567	4.72912	3.68151	1.57956	2.10567	5.77358	5.25179	0.52664	4.20567	3.68151	3.68151	6.8142	0.52664	2.10567	1.57956	2.10567
16.723	17.9392	20.2573	53.6138	56.5051	38.2478	36.0619	33.3982	30.6609	27.5494	23.5066	21.1967	42.4661	43.1994	33.5774	34.3871	34.44	32.5016	14.6862	3.76451	5.07197	5.00045	14.9003	14.9088	15.456	12.0629	8.19067	7.61559	6.81363	6.96171	6.22026	3.18373	2.53083	2.76579	3.16206	6.3291	6.68267	5.20239	5.23195	5.56203	5.61107	5.61107	5.73172	5.73172	6.05647	6.12377	6.0339	6.19858	6.46781	5.82642	5.42175	5.27764	5.6445	9.49663	8.86749	7.02998	9.23058	7.60921	7.14982	7.60921	9.42602	10.3921	12.2974	13.2174	16.9892	26.0004	20.9776	41.8933	25.4481	16.9475	7.69761	5.82348	5.76446	5.23195	4.08086	4.21369	7.00342	10.2898	11.817	11.4318	10.7481	9.8809	8.50393	7.4904	6.53075	8.89581	11.128	21.0093	44.9116	22.2893	13.526	28.4109	29.5509	29.1174	32.0414	32.6915	32.424	39.2473	37.2262	26.4482	25.1365	21.1167	12.3462	20.649	27.0149	25.2379	19.1982	13.8042	27.4716	46.8454	51.2212	48.9613	38.3434	27.6469	25.1999	23.1763	12.9169	7.33722	12.752	24.7712	35.7218	32.4104	25.4101	22.5113	21.5444	21.5709	19.8254	17.769	16.4439	14.5072	13.8138	16.6679	21.9968	40.8328	41.9589	25.5689	20.7554	18.3748	17.055	19.6257	20.3034	25.0657	27.9461	29.4623	27.8713	21.0936	29.7056	43.1636	22.2768	32.4052	35.2902	39.5864	43.8063	48.3963	51.8493	54.5356	57.263	56.2081	54.2606	53.8386	53.3131	52.1985	51.9024	53.8997	55.1361	57.3743	56.2223	47.0695	42.3311	38.54	21.8029	4.46727	8.59794	11.246	21.8984	36.183	44.994	48.9312	49.0036	47.0478	44.7897	43.9788	43.5575	34.5164	21.6449	15.1563	9.31564	11.0222	14.713	0.588749	11.2836	15.2778	35.8961	39.6347	33.9358	28.2557	17.6748	5.00047	2.24085	4.87535	4.38574	12.7958	11.862	1.7559	6.68263	13.9105	14.1124	6.38532	3.92142	1.50079	40.7149	40.4696	4.02115	11.181	19.1445	16.9212	15.8405	15.6417	14.5199	23.4674	24.3351	11.0714	6.98366	8.10577	11.1898	12.8161	12.5655	12.3197	15.2932	12.5965	6.46753	6.10117	6.07597	4.77586	5.24175	7.1259	10.6799	11.5346	10.6755	10.3685	9.99475	9.50916	8.37618	7.49716	7.46318	7.82615	6.30484	4.33842	6.85618	8.51969	8.35404	7.77408	4.09351	4.73618	4.74706	4.00417
16.6768	18.2882	20.2553	50.2824	54.0542	38.3157	36.6066	33.9351	31.0521	27.7624	23.5043	16.9247	29.923	37.454	34.5474	32.7658	33.504	37.6457	24.1606	6.85773	4.11391	3.83223	11.832	14.2407	17.2745	14.2272	8.18992	7.37076	6.81299	7.45079	6.46693	2.98182	2.66364	2.88771	3.47371	7.37081	7.03882	5.16213	5.23138	5.7549	5.61046	5.61046	5.7311	5.7311	5.9189	6.12311	6.03324	6.23084	6.39292	5.77865	5.45893	5.27706	5.72811	9.90822	9.05378	7.02924	9.04638	7.39162	7.14904	7.39162	9.04823	11.0033	12.7122	12.3649	16.9877	25.7906	22.3035	42.0357	23.5263	16.5029	8.68483	5.76383	5.82284	5.63476	4.4668	4.58827	8.4473	10.6371	11.8102	11.4765	10.6976	9.77815	8.54248	7.46239	6.88516	8.89493	9.59024	21.0075	40.4873	22.9601	9.52052	25.9497	25.629	26.5594	29.3931	31.9167	32.4214	39.3852	37.6628	27.3782	28.4318	29.0639	27.5551	25.4811	25.9383	20.7679	8.4174	5.91602	20.3917	38.9827	49.6692	50.1719	40.7161	19.378	14.1202	22.0739	12.6879	8.30458	15.465	30.0299	38.408	31.3083	24.5982	22.2199	21.5423	21.3125	19.2789	17.508	16.0403	13.8762	12.3453	19.0932	28.2844	44.2302	40.7643	24.3378	20.2769	18.0007	17.0533	18.9556	20.2206	26.3758	29.2041	29.7812	28.2085	27.3266	39.333	48.0256	30.5863	29.0098	35.3725	40.6835	46.646	49.2344	51.9876	54.8687	57.3925	55.8798	54.2362	53.8476	53.3049	52.0679	52.0533	54.3958	55.0405	55.2409	53.1314	45.451	40.0855	32.0745	15.2026	6.55333	3.72279	9.6182	26.0244	39.3512	45.4266	48.7977	49.8591	48.5512	44.9963	45.0498	46.2151	39.5353	24.8871	16.8388	12.4646	6.51943	15.202	2.64404	15.1772	12.3885	20.4212	30.6858	35.2634	37.162	27.3586	7.12741	2.44718	6.06409	4.87499	18.8062	14.3265	4.35362	4.6552	14.1327	16.9242	7.87041	3.16162	2.6636	40.4088	41.516	4.5354	12.6916	22.9942	18.4843	14.9573	15.6402	15.3976	21.5131	19.8392	8.05701	8.18787	9.37338	11.6941	13.5636	11.8098	12.0672	16.0242	13.8399	7.21261	6.57403	6.74527	5.22805	5.5829	7.77983	12.2378	12.8189	10.7177	10.2126	9.73026	9.18615	8.10529	7.49635	7.39853	6.85545	5.31582	4.56952	6.1979	8.1551	7.95606					
1.05288	5.77189	3.68043	45.5671	48.9574	19.2486	16.8695	12.938	8.87873	6.29257	5.77189	0.526485	22.0146	32.7508	32.3768	28.4648	28.8701	38.3181	28.0563	8.36407	3.1558	2.63065	9.39196	12.4369	17.3504	14.9217	7.84804	6.81221	6.29257	7.33073	6.29257	2.10505	1.5791	1.5791	2.10505	6.81221	5.25025	0.526485	1.5791	2.63065	1.05288	1.05288	1.5791	1.5791	1.05288	1.05288	0	1.05288	1.5791	0	1.05288	0.526485	2.10505	8.36407	6.81221	3.1558	6.29257	2.63065	1.05288	2.63065	6.29257	9.39196	10.9222	9.90366	15.9003	25.11	22.4657	42.0042	22.0146	14.9217	6.81221	1.05288	1.5791	3.1558	2.63065	2.63065	6.81221	4.20443	0	1.5791	0.526485	0.526485	1.5791	0.526485	3.1558	6.81221	5.77189	19.7165	36.9984	18.3047	7.33073	24.2405	22.0146	22.0146	23.359	26.3913	27.23	36.3208	34.5741	22.0146	26.8122	31.9997	33.854	22.4657	8.87873	4.72774	3.68043	5.77189	5.77189	2.63065	6.29257	25.9672	30.46	11.9339	7.84804	21.1038	11.429	5.77189	12.938	28.8701	34.9295	19.7165	7.33073	4.72774	4.72774	5.25025	2.10505	2.63065	2.10505	1.05288	4.20443	17.3504	27.6447	42.2936	33.4894	0.526485	0.526485	1.5791	2.63065	6.29257	3.1558	15.4122	15.9003	7.84804	8.36407	25.9672	43.1461	50.067	31.9997	6.29257	5.25025	24.2405	33.4894	21.5606	10.9222	18.3047	29.2723	16.3861	1.5791	4.20443	1.5791	0.526485	12.938	22.4657	15.9003	29.2723	35.6312	25.5401	17.8288	9.90366	6.81221	8.87873	0	6.29257	23.8013	28.4648	15.4122	1.05288	24.2405	31.6195	22.4657	28.4648	38.3181	34.9295	18.778	10.9222	11.9339	3.1558	15.4122	3.68043	16.8695	10.4138	8.87873	7.33073	19.2486	37.6641	30.8496	7.84804	2.10505	6.29257	3.68043	21.5606	15.4122	7.33073	0.526485	12.938	17.8288	8.36407	2.63065	3.1558	40.2112	42.0042	4.72774	13.4371	24.6768	18.3047	12.938	14.429	14.429	19.7165	17.3504	6.29257	8.36407	9.90366	11.9339	13.9341	11.429	11.9339	16.3861	14.429	7.33073	6.29257	6.29257	3.68043	3.1558	5.77189	10.9222	9.90366	2.10505	0.526485	2.63065	3.1558	2.10505	1.5791	1.5791	2.10505	2.10505	2.10505	0.526485	1.05288	0.526485					
15.2185	15.1239	17.2097	45.166	51.426	41.3922	42.5135	42.6442	41.9058	39.6273	36.3587	31.4445	25.3618	26.4019	31.3334	30.1812	28.3076	39.7344	32.1746	13.712	9.62514	7.83906	11.2088	14.3149	18.6692	15.4729	8.02815	7.20413	6.79414	7.62003	6.62943	2.98127	3.20983	3.47305	3.7909	7.15216	6.56758	4.65434	5.47982	5.86558	5.50786	5.60943	5.73005	5.82177	5.86564	5.86564	5.77168	5.86564	5.82177	5.38214	5.45793	5.53576	5.5604	9.87767	8.93085	6.62198	8.68318	7.1263	6.89133	7.29332	8.50719	10.9696	12.7974	11.6288	17.6076	25.3933	23.7379	41.7799	22.2254	16.3792	9.77101	7.25841	7.21151	6.91581	5.02646	7.04714	12.4623	10.6956	9.26436	9.93351	10.4166	9.59042	9.01335	8.42791	7.87554	8.65203	6.79668	18.6844	34.1022	25.6028	18.8162	30.6139	24.5492	17.1644	19.158	26.6942	31.1555	41.2317	41.2014	31.5587	33.4853	37.4796	40.2824	28.1831	9.7761	0.186133	16.313	25.1428	26.9461	25.3757	25.1324	33.5334	37.3321	27.3703	16.7524	19.1635	8.42747	10.0975	17.6363	32.5479	37.6746	24.2033	16.279	15.5867	16.28	13.9657	7.90136	1.45348	2.41835	4.21245	6.65271	16.8756	28.3802	45.8866	40.1931	10.7649	4.01146	1.94252	2.70817	8.93865	32.4287	48.2735	48.7473	40.1887	29.4925	31.7169	41.1498	50.1745	35.0595	10.68	6.2324	21.4479	34.6096	27.6322	24.1749	28.7272	30.1847	16.715	6.59888	7.27465	7.5153	9.11867	14.7242	19.9139	13.4131	26.1301	36.1202	34.31	30.9473	30.9298	34.0145	37.9705	44.6095	51.0865	57.339	61.7126	62.5392	62.2108	61.6842	60.4801	58.7002	60.0402	62.9345	63.2775	58.1283	53.9957	53.8461	50.4977	43.2739	37.1494	37.1692	32.2133	29.1712	29.1907	34.7515	46.7168	48.2187	35.4894	18.2661	5.01633	3.1665	16.4348	23.0249	43.8518	47.6164	45.5557	39.5749	30.5967	23.4536	17.5224	40.2865	45.0756	20.9671	16.4998	21.8593	24.5692	25.6724	24.4615	20.4004	21.6861	15.6252	11.4744	18.0947	18.4354	14.5952	13.3409	11.1748	11.6918	16.6341	14.9225	7.80632	6.80163	7.126	5.41051	5.41057	7.64232	12.6252	12.9195	9.1626	9.27158	8.71235	7.44964	5.98095	4.9992	4.24092	3.52723	2.6305	1.89748	0.558383	0.949003	0.767413					
15.2668	14.7631	19.4437	38.3025	47.4801	40.7041	42.2119	42.5411	42.1893	40.3689	37.227	32.7692	21.5912	11.2794	28.602	32.8263	26.6673	42.2733	39.0708	14.9248	9.71393	8.62422	11.0002	15.6779	20.5009	16.1936	7.77962	7.20347	7.03909	7.61934	6.62883	2.81421	3.53662	3.60899	3.79055	6.67998	7.49398	5.31434	5.47932	5.86505	5.56913	5.60892	5.72952	5.76225	5.8651	5.8651	5.77115	5.8651	5.76225	5.39435	5.41968	5.53526	5.41018	10.0966	9.34048	6.50731	8.33458	7.0394	6.8907	7.29266	7.84689	10.9687	13.46	11.417	18.4915	24.5551	25.2288	41.0409	21.1337	16.3777	9.77013	7.22967	7.4603	8.33452	5.96022	10.271	15.0668	10.3165	9.27074	9.93261	10.4157	9.82983	9.01253	8.61656	9.79562	10.0255	7.25977	15.6689	25.0192	29.5647	37.3402	36.2973	20.8791	7.29266	9.51937	21.302	26.9	40.1299	42.895	32.6192	33.3437	39.0066	48.3308	37.9203	7.67491	9.77497	27.101	29.0438	26.7615	25.3236	25.2398	32.5056	36.9491	30.4997	17.6732	12.8909	2.35285	15.3534	20.6613	35.2406	38.5758	22.896	15.9061	15.8363	16.5168	13.7985	11.9716	5.06663	2.6629	4.40359	6.06258	11.9431	21.5367	46.3357	46.1355	16.7688	9.36534	2.17735	2.70792	12.8154	46.7029	53.1266	48.3245	43.4771	45.6224	41.3405	36.5451	50.3869	40.1352	10.4028	6.69544	15.5363	36.6895	37.0253	31.5842	28.6041	24.0858	12.3578	6.59828	6.81129	7.46943	9.5686	13.1833	13.8719	8.15247	16.9633	29.7765	33.9371	30.3653	30.4576	34.2467	39.7974	47.2231	52.0333	59.2225	63.2121	62.663	62.2281	62.4341	61.0323	58.6293	59.5899	62.1934	64.4925	60.0855	54.0062	53.905	51.49	43.4446	37.582	38.6285	33.8829	29.2267	28.9692	32.9759	42.9229	50.4953	43.4263	25.2466	11.9565	2.12114	5.4572	35.0495	49.2305	47.6153	48.9417	43.6219	31.9047	25.7713	17.5661	35.2183	44.8377	31.6784	19.5947	13.264	21.6589	26.8526	29.5244	26.8889	24.9769	11.3404	14.6367	18.3187	27.8731	19.6269	12.0908	10.6663	11.1856	17.1145	15.8995	8.57115	7.30162	7.85741	6.25348	5.75321	8.05481	13.5326	14.6299																		
2.10447	3.15493	13.9304	27.2236	36.6535	12.4336	13.4335	11.4259	13.4335	16.3818	15.8962	15.8962	9.38941	1.05259	26.8058	33.8467	25.534	43.4172	41.9963	11.9307	3.67941	5.77031	8.87632	15.4081	21.0985	16.3818	7.32873	6.81035	6.81035	7.32873	6.29085	1.57866	2.62992	2.10447	2.10447	5.77031	7.32873	3.67941	1.57866	2.62992	1.57866	1.05259	1.57866	1.05259	1.05259	1.05259	0	1.05259	1.05259	0.52634	0.52634	0.52634	1.05259	8.87632	7.8459	2.62992	5.24881	2.10447	1.05259	2.62992	4.20328	9.38941	12.4336	9.38941	17.8242	23.3533	25.534	40.5091	19.7115	14.9178	6.81035	0.52634	3.15493	7.32873	5.24881	10.9193	13.9304	1.05259	0.52634	1.57866	0.52634	3.15493	1.57866	2.62992	8.87632	9.90099	6.81035	13.4335	16.3818	28.4582	44.239	37.3251	10.9193	4.20328	2.10447	11.9307	12.4336	33.1144	39.2697	25.534	26.385	35.97	51.1199	41.9963	2.10447	14.4252	30.8427	23.3533	2.62992	0.52634	7.32873	22.4601	29.2656	24.2346	11.4259	6.29085	1.05259	17.3459	20.1766	34.9221	36.9908	15.8962	5.24881	6.29085	6.29085	4.20328	12.9346	7.32873	2.62992	2.10447	1.57866	3.15493	2.62992	43.4172	47.3087	18.3	11.9307	2.10447	2.62992	14.4252	50.2752	46.5727	4.20328	31.9926	50.4893	45.3	33.8467	50.4893	42.2857	5.24881	6.29085	12.4336	37.6565	40.812	31.9926	17.8242	10.9193	2.62992	1.57866	2.10447	1.05259	4.20328	8.87632	9.90099	5.24881	7.8459	17.8242	24.2346	14.9178	3.67941	9.90099	23.7954	31.9926	25.534	44.5079	48.0248	21.5552	6.29085	38.9528	39.2697	20.6389	15.8962	21.5552	49.6214	44.7744	11.4259	13.9304	25.1039	17.3459	11.4259	25.1039	20.6389	9.38941	4.20328	2.10447	14.9178	41.7043	41.7043	25.534	16.3818	1.57866	1.05259	39.895	42.8566	1.05259	37.9849	36.6535	17.3459	16.8651	3.67941	27.6382	41.4096	34.5667	20.1766	1.05259	4.72644	17.8242	28.4582	28.8634	26.385	8.36179	14.4252	9.38941	31.2291	22.0091	11.4259	10.411	10.9193	17.3459	16.3818	8.87632	7.32873	7.8459	5.77031	4.20328	6.81035	12.9346	13.9304																		
2.10428	3.15464	13.9292	27.2214	36.651	12.4325	13.4323	11.4249	13.4323	16.3804	15.8948	15.8948	9.38857	1.05249	26.8037	33.8443	25.5319	43.4146	41.9937	11.9296	3.67908	5.76978	8.87552	15.4068	21.0967	16.3804	7.32806	6.80973	6.80973	7.32806	6.29028	1.57852	2.62968	2.10428	2.10428	5.76978	7.32806	3.67908	1.57852	2.62968	1.57852	1.05249	1.57852	1.05249	1.05249	1.05249	0	1.05249	1.05249	0.526291	0.526291	0.526291	1.05249	8.87552	7.84519	2.62968	5.24833	2.10428	1.05249	2.62968	4.20289	9.38857	12.4325	9.38857	17.8227	23.3514	25.5319	40.5065	19.7098	14.9165	6.80973	0.526291	3.15464	7.32806	5.24833	10.9183	13.9292	1.05249	0.526291	1.57852	0.526291	3.15464	1.57852	2.62968	8.87552	9.9001	6.80973	13.4323	16.3804	28.4559	44.2363	37.3226	10.9183	4.20289	2.10428	11.9296	12.4325	33.112	39.2672	25.5319	26.3829	35.9675	51.1173	41.9937	2.10428	14.4239	30.8404	23.3514	2.62968	0.526291	7.32806	22.4582	29.2633	24.2326	11.4249	6.29028	1.05249	17.3444	20.1749	34.9196	36.9883	15.8948	5.24833	6.29028	6.29028	4.20289	12.9334	7.32806	2.62968	2.10428	1.57852	3.15464	2.62968	43.4146	47.3061	18.2984	11.9296	2.10428	2.62968	14.4239	50.2726	46.5701	4.20289	31.9902	50.4867	45.2974	33.8443	50.4867	42.2831	5.24833	6.29028	12.4325	37.654	40.8094	31.9902	17.8227	10.9183	2.62968	1.57852	2.10428	1.05249	4.20289	8.87552	9.9001	5.24833	7.84519	17.8227	24.2326	14.9165	3.67908	9.9001	23.7935	31.9902	25.5319	44.5053	48.0222	21.5534	6.29028	38.9503	39.2672	20.6372	15.8948	21.5534	49.6188	44.7717	11.4249	13.9292	25.1019	17.3444	11.4249	25.1019	20.6372	9.38857	4.20289	2.10428	14.9165	41.7017	41.7017	25.5319	16.3804	1.57852	1.05249	39.8924	42.854	1.05249	37.9824	36.651	17.3444	16.8637	3.67908	27.6361	41.407	34.5642	20.1749	1.05249	4.72601	17.8227	28.4559	28.8612	26.3829	8.36104	14.4239	9.38857	31.2268	22.0073	11.4249	10.41	10.9183	17.3444	16.3804	8.87552	7.32806	7.84519	5.76978	4.20289	6.80973	12.9334	13.9292																		
14.1479	14.8828	20.3212	29.2005	42.3014	40.2928	42.7713	44.9255	47.0108	49.1621	49.4086	46.2314	38.0423	27.2813	24.8188	29.0898	25.1507	45.2308	43.6489	12.4129	5.89235	8.11915	10.8824	15.4133	20.5202	15.8311	7.53006	7.20138	7.20138	7.86586	6.6397	2.23935	3.39131	3.34531	3.91888	5.98414	7.53006	5.67372	5.16911	6.03824	5.88952	5.86339	5.88952	5.60728	5.82249	6.22732	6.28993	6.22732	5.82249	5.41809	5.1592	5.01441	5.25129	10.4424	10.0805	6.95732	8.56699	7.20876	7.2929	7.4468	7.62627	10.3596	13.499	11.9189	19.3156	23.2177	26.5733	40.2346	19.7452	15.9344	10.2067	8.39672	8.20192	9.54636	7.72757	14.7896	12.9147	3.16538	3.02613	3.49153	3.04884	4.55181	4.65623	4.82972	9.49015	9.89403	7.22728	13.73	16.5929	26.9135	43.716	45.0058	35.9641	23.2994	15.0442	17.1319	21.737	37.9329	43.9755	34.6714	34.6414	40.3739	51.7136	43.1351	37.1175	44.9772	46.6887	38.6262	29.5633	25.5374	23.894	29.9217	34.3657	29.1918	16.3525	8.07356	4.09061	15.5521	18.591	35.8258	40.0615	20.591	7.6988	7.88298	8.58442	6.66796	18.4839	19.9875	23.6846	24.9231	24.4895	25.2842	26.3469	45.7322	53.6238	45.7136	35.4505	26.1735	22.5566	24.2371	50.0018	45.2559	3.78944	32.6827	49.7293	41.8913	33.6081	51.6913	52.066	39.2719	24.3216	21.0148	39.1869	49.0922	52.423	53.2694	50.6104	40.7112	29.8049	26.0762	24.3027	23.6494	25.7237	28.5238	28.8787	30.387	35.8357	42.6467	46.3298	47.5249	46.6339	43.6649	38.8847	29.7641	42.4258	45.3087	19.6848	10.6435	36.2419	37.5072	20.5055	18.6645	25.4681	49.8757	46.9987	27.1347	27.9059	36.86	41.5533	43.5667	46.9997	45.3288	36.3209	20.4677	11.6768	20.4336	43.7466	46.0676	32.3163	21.2662	3.6078	14.3042	48.8175	49.6389	37.3336	48.6866	52.9636	50.7621	44.7385	27.3222	30.4465	44.9149	48.4307	40.0672	15.8583	7.12111	18.3526	30.1929	30.5098	25.2516	9.61282	30.8652	35.6554	45.7517	35.3653	14.5126	11.8982	11.5635	17.3866	16.4259	9.18967	7.97447	8.86134	7.08512	6.31137	8.44235	13.0031	13.0328																		
14.0789	14.9366	20.8023	23.0024	37.2853	39.8904	42.3112	44.6655	46.693	48.8271	50.0225	49.0259	42.0062	29.9962	16.4281	18.1176	23.2365	48.4204	46.6507	11.4943	5.40808	9.9016	14.6103	15.412	19.356	14.6103	7.28259	7.20072	7.20072	8.36342	6.89019	2.07915	3.60752	3.73414	4.45991	5.09509	7.28259	7.49113	5.67332	6.16065	5.96954	5.86286	5.96954	5.60677	5.77486	6.19383	6.28936	6.19383	5.77486	5.45534	5.1984	5.01395	5.31558	10.6609	10.7104	6.79873	8.56621	7.14197	7.33853	7.29919	7.37298	9.31007	13.7287	13.455	19.7496	21.4873	28.0079	39.4598	18.3952	15.0591	9.61529	8.45979	9.41894	10.3986	7.14436	15.552	8.47554	3.4164	3.35021	3.30884	3.02586	3.98819	4.75782	5.79532	9.98178	9.15789	6.16052	12.5768	14.4081	19.3281	35.2945	42.7009	39.8592	27.8812	16.8702	15.1929	20.2912	35.9782	44.2045	35.3005	36.5443	42.51	50.523	37.1466	39.7231	46.3311	44.744	36.4452	30.036	26.1872	24.5356	30.8038	36.6659	32.6829	18.259	7.11106	7.45716	11.4298	12.3214	33.7022	43.0212	26.2158	11.3665	10.9433	11.1741	7.43682	28.3859	29.6788	24.9075	24.8868	24.4875	25.2088	26.3036	38.721	50.4083	50.1454	40.7243	26.2996	26.21	37.9528	49.4495	42.3819	3.78909	33.9643	48.1378	33.1438	25.1833	44.9251	51.4427	44.5481	29.54	19.4553	31.216	44.6769	50.9354	53.1424	53.1182	46.0127	30.6795	26.092	24.5127	23.6474	25.1309	28.0674	28.8446	30.0423	34.446	40.8424	45.8574	47.5056	46.4443	42.0578	34.087	25.1891	35.9275	38.9668	13.8496	9.71025	30.01	33.5166	17.1568	15.8569	23.5167	47.387	45.8721	28	26.5989	33.9333	40.6933	43.3199	46.7901	47.2559	44.6236	29.935	12.3704	17.9035	41.4942	48.7238	38.3875	28.156	7.48428	30.302	55.8648	49.9865	37.5815	45.3535	51.1996	52.411	51.9021	35.4891	24.7142	38.098	49.7044	50.1097	26.7133	6.56467	17.0311	32.6416	33.5258	22.842	13.8808	40.1722	36.8525	51.2296	47.632	17.6498	13.8274	12.5574	17.3851	16.4245	9.69774	9.25951	10.6297	8.27244	7.12034	8.65382	11.8242	10.8145																		
0.526137	3.678	15.4025	1.05218	13.4285	5.2468	3.15372	4.20166	4.72462	8.87295	24.2263	36.6429	33.1043	20.1694	2.10366	11.9262	21.5477	49.8304	48.0138	9.89725	1.57805	9.89725	16.3759	15.4025	18.7664	13.9253	6.80775	6.80775	6.80775	8.35862	6.80775	1.05218	3.15372	3.15372	3.678	3.678	6.80775	7.84292	3.678	3.15372	2.10366	1.05218	2.10366	1.05218	0	0.526137	0	0.526137	0	1.05218	1.05218	0.526137	1.57805	9.38586	9.38586	1.57805	5.2468	1.57805	1.57805	1.57805	3.15372	6.80775	12.9297	12.9297	18.7664	19.7045	28.4489	38.942	16.859	12.9297	4.72462	1.57805	7.32593	9.38586	3.15372	12.9297	1.57805	2.10366	2.10366	0	0	0.526137	2.10366	5.2468	9.89725	8.35862	4.20166	10.9152	11.4216	8.87295	19.2368	28.0406	31.6026	23.7873	11.4216	2.62891	3.678	27.2146	39.8841	27.6291	31.9827	41.1012	48.4805	24.2263	25.9523	27.2146	14.9123	1.05218	9.38586	9.38586	11.4216	25.0954	34.9117	32.3597	16.3759	3.15372	8.87295	8.87295	3.678	30.0508	43.4062	28.0406	12.9297	12.4289	11.9262	6.28844	32.7335	32.3597	12.4289	0	1.57805	0.526137	1.05218	15.4025	32.7335	43.1272	35.6133	4.72462	20.6317	43.1272	49.1647	40.8011	4.20166	34.5564	47.2977	27.2146	5.2468	26.7969	39.5729	37.9742	26.3762	3.15372	1.57805	10.9152	12.4289	14.9123	38.2997	39.2589	12.4289	2.62891	5.2468	4.20166	1.05218	5.2468	4.72462	1.05218	2.10366	1.57805	0.526137	2.10366	2.10366	1.57805	4.20166	7.32593	30.4435	35.264	8.35862	0.526137	26.3762	31.2193	12.9297	6.80775	15.8903	43.9565	41.9854	15.8903	2.62891	1.57805	4.20166	5.7681	23.3452	33.4719	43.4062	31.9827	6.28844	2.62891	35.9595	48.0138	39.5729	30.833	9.38586	36.6429	57.3578	43.9565	8.35862	14.9123	20.1694	34.5564	49.6105	34.9117	4.72462	7.84292	40.1926	51.5202	30.4435	2.62891	14.9123	33.4719	34.9117	21.5477	16.3759	41.3986	19.2368	49.3886	51.3155	18.2934	14.4199	12.9297	17.3396	16.3759	9.89725	9.89725	11.4216	8.35862	6.28844	7.32593	10.407	9.38586																		
0.526088	3.67766	15.4011	1.05209	13.4273	5.24632	3.15343	4.20128	4.72419	8.87215	24.2244	36.6404	33.1019	20.1677	2.10347	11.9251	21.5459	49.8279	48.0112	9.89635	1.57791	9.89635	16.3744	15.4011	18.7648	13.924	6.80713	6.80713	6.80713	8.35786	6.80713	1.05209	3.15343	3.15343	3.67766	3.67766	6.80713	7.8422	3.67766	3.15343	2.10347	1.05209	2.10347	1.05209	0	0.526088	0	0.526088	0	1.05209	1.05209	0.526088	1.57791	9.38501	9.38501	1.57791	5.24632	1.57791	1.57791	1.57791	3.15343	6.80713	12.9286	12.9286	18.7648	19.7028	28.4467	38.9395	16.8575	12.9286	4.72419	1.57791	7.32527	9.38501	3.15343	12.9286	1.57791	2.10347	2.10347	0	0	0.526088	2.10347	5.24632	9.89635	8.35786	4.20128	10.9142	11.4206	8.87215	19.2351	28.0384	31.6002	23.7853	11.4206	2.62867	3.67766	27.2125	39.8816	27.627	31.9803	41.0986	48.4779	24.2244	25.9503	27.2125	14.911	1.05209	9.38501	9.38501	11.4206	25.0934	34.9092	32.3573	16.3744	3.15343	8.87215	8.87215	3.67766	30.0485	43.4035	28.0384	12.9286	12.4278	11.9251	6.28787	32.7311	32.3573	12.4278	0	1.57791	0.526088	1.05209	15.4011	32.7311	43.1246	35.6108	4.72419	20.6299	43.1246	49.1621	40.7985	4.20128	34.5539	47.2951	27.2125	5.24632	26.7948	39.5704	37.9717	26.3741	3.15343	1.57791	10.9142	12.4278	14.911	38.2972	39.2563	12.4278	2.62867	5.24632	4.20128	1.05209	5.24632	4.72419	1.05209	2.10347	1.57791	0.526088	2.10347	2.10347	1.57791	4.20128	7.32527	30.4412	35.2615	8.35786	0.526088	26.3741	31.217	12.9286	6.80713	15.889	43.9539	41.9827	15.889	2.62867	1.57791	4.20128	5.76757	23.3433	33.4695	43.4035	31.9803	6.28787	2.62867	35.957	48.0112	39.5704	30.8307	9.38501	36.6404	57.3554	43.9539	8.35786	14.911	20.1677	34.5539	49.6079	34.9092	4.72419	7.8422	40.19	51.5176	30.4412	2.62867	14.911	33.4695	34.9092	21.5459	16.3744	41.396	19.2351	49.386	51.313	18.2918	14.4186	12.9286	17.3381	16.3744	9.89635	9.89635	11.4206	8.35786	6.28787	7.32527	10.4061	9.38501																		
0.52604	3.67733	15.3998	1.05199	13.4262	5.24584	3.15314	4.20089	4.72376	8.87135	24.2224	36.6379	33.0995	20.166	2.10327	11.9241	21.5441	49.8253	48.0086	9.89546	1.57777	9.89546	16.373	15.3998	18.7632	13.9228	6.80651	6.80651	6.80651	8.3571	6.80651	1.05199	3.15314	3.15314	3.67733	3.67733	6.80651	7.84149	3.67733	3.15314	2.10327	1.05199	2.10327	1.05199	0	0.52604	0	0.52604	0	1.05199	1.05199	0.52604	1.57777	9.38416	9.38416	1.57777	5.24584	1.57777	1.57777	1.57777	3.15314	6.80651	12.9274	12.9274	18.7632	19.7011	28.4445	38.9369	16.8561	12.9274	4.72376	1.57777	7.3246	9.38416	3.15314	12.9274	1.57777	2.10327	2.10327	0	0	0.52604	2.10327	5.24584	9.89546	8.3571	4.20089	10.9132	11.4196	8.87135	19.2335	28.0362	31.5979	23.7834	11.4196	2.62843	3.67733	27.2103	39.879	27.6248	31.9779	41.096	48.4752	24.2224	25.9482	27.2103	14.9097	1.05199	9.38416	9.38416	11.4196	25.0914	34.9068	32.3549	16.373	3.15314	8.87135	8.87135	3.67733	30.0463	43.4009	28.0362	12.9274	12.4267	11.9241	6.2873	32.7287	32.3549	12.4267	0	1.57777	0.52604	1.05199	15.3998	32.7287	43.1219	35.6083	4.72376	20.6282	43.1219	49.1594	40.7958	4.20089	34.5515	47.2925	27.2103	5.24584	26.7927	39.5678	37.9691	26.372	3.15314	1.57777	10.9132	12.4267	14.9097	38.2946	39.2538	12.4267	2.62843	5.24584	4.20089	1.05199	5.24584	4.72376	1.05199	2.10327	1.57777	0.52604	2.10327	2.10327	1.57777	4.20089	7.3246	30.4389	35.259	8.3571	0.52604	26.372	31.2147	12.9274	6.80651	15.8876	43.9512	41.9801	15.8876	2.62843	1.57777	4.20089	5.76705	23.3414	33.4671	43.4009	31.9779	6.2873	2.62843	35.9545	48.0086	39.5678	30.8283	9.38416	36.6379	57.353	43.9512	8.3571	14.9097	20.166	34.5515	49.6053	34.9068	4.72376	7.84149	40.1874	51.515	30.4389	2.62843	14.9097	33.4671	34.9068	21.5441	16.373	41.3934	19.2335	49.3834	51.3104	18.2903	14.4173	12.9274	17.3367	16.373	9.89546	9.89546	11.4196	8.3571	6.2873	7.3246	10.4052	9.38416																		
28.4742	30.6318	30.9534	26.5853	29.5337	30.3797	30.917	31.461	32.0712	33.5647	39.9147	48.5567	50.9901	49.1619	47.1064	43.2239	39.0943	49.5074	44.2668	6.82569	5.0629	11.9585	16.576	14.6017	17.3507	13.1549	7.2868	7.36301	7.3653	8.65041	6.98291	1.89589	3.70028	4.18822	4.51551	5.42794	7.84505	8.06533	5.58919	5.79318	5.57709	5.34883	5.72214	5.60462	5.63804	6.03262	6.28696	6.30857	6.03262	5.56486	4.99491	4.75243	4.97773	10.809	11.3955	6.67516	8.58841	7.33573	7.48859	7.33573	7.72393	9.03885	14.3419	15.6005	20.004	19.0586	28.6035	38.103	18.2598	16.16	12.1468	11.2057	12.7781	13.8227	15.667	15.7147	5.42802	1.45215	1.75388	0	0	0.415832	1.76371	4.86973	9.98304	9.29932	6.86808	12.4282	13.7762	12.6866	20.806	31.4532	40.6572	40.2286	23.071	6.13619	6.13879	22.1165	37.8301	33.4673	37.1943	43.1152	47.189	37.6296	44.0157	41.8325	33.6858	27.4166	25.6031	23.8382	23.7188	31.2566	39.6286	40.8648	31.0464	16.6574	12.9026	10.9921	15.0321	32.9239	48.3374	45.6152	38.6449	34.495	31.3831	28.3762	40.1943	40.7729	32.5403	32.1826	34.1017	34.8169	33.1074	32.3737	38.5952	43.2056	37.1663	25.0446	31.2911	44.4333	42.7308	49.7143	53.337	52.892	47.9922	25.828	8.19811	21.0123	36.5515	41.5292	35.1015	17.8223	27.1429	39.8128	47.4678	50.741	56.1435	57.7395	54.6279	52.4404	46.9957	37.3723	30.6186	25.897	15.5695	7.26824	14.4483	20.2639	25.1956	30.8746	35.9617	38.2386	39.3795	42.2725	51.5939	60.4657	63.1245	62.703	60.3076	56.2248	51.5955	50.2006	49.0712	50.8058	44.7471	27.2699	22.8199	24.2212	25.0542	22.0537	21.3144	29.7711	44.4347	34.0009	8.54136	7.66027	39.1467	49.8418	37.5228	29.0646	10.2921	31.407	55.9012	53.0798	43.742	42.5061	43.1471	43.4018	47.6421	33.211	12.9265	21.7614	42.159	50.3169	31.8513	13.3124	20.9635	33.7566	33.1732	19.3299	17.6588	40.8968	18.7756	50.1006	51.5484	16.3571	13.942	13.1009	17.2509	16.4185	10.3162	10.1527	11.9337	9.1544	7.21444	8.29975	10.5258	8.70452																		
28.8528	30.7378	29.7558	26.5832	28.5427	30.2621	30.8849	31.4026	32.0065	33.2756	37.918	45.8427	50.3683	49.0558	47.2628	43.2533	37.4241	42.9253	33.5092	0.743782	7.14784	12.8373	15.2102	12.2053	14.4344	11.413	7.28614	7.6062	7.86144	8.90163	6.98228	1.89571	3.93408	4.86929	4.51509	6.51199	7.84434	7.14069	6.64626	6.29974	5.68569	5.34834	5.6375	5.60411	5.64962	6.03207	6.28638	6.30799	6.07708	5.81623	5.06251	4.752	4.97728	11.2612	12.2772	6.59263	8.43778	7.28879	7.48791	7.28879	7.72323	8.35974	14.5646	17.3406	19.5746	16.1382	28.4004	35.7769	16.8248	15.4318	12.0542	11.3617	13.0767	12.7365	18.0031	13.185	13.4678	0.185955	1.00128	0	0	0.185955	0.948117	3.34854	8.81095	8.64975	6.29986	11.2351	13.0074	11.7928	16.307	25.7373	37.627	50.6937	40.28	5.89779	7.84434	10.6061	29.6795	33.4649	39.9154	43.8991	39.8144	35.2693	43.747	40.0561	32.6055	28.4314	26.5172	24.4021	23.7168	29.0083	36.5019	41.6514	36.87	23.0502	15.1513	9.11011	16.7372	26.6865	43.8241	46.8624	40.5342	36.0393	32.2611	28.2647	40.7845	41.6803	32.8904	32.317	34.1663	34.8179	33.5623	37.4921	43.6944	40.7216	32.8016	25.1272	41.3022	46.4856	23.9853	45.7967	53.322	50.8713	38.8112	18.2886	7.65303	8.09578	26.0505	40.2525	40.1641	17.8208	34.9073	41.6316	47.2329	50.4507	55.2793	57.261	54.7354	52.9434	50.4987	40.5541	30.9468	32.6151	27.9132	16.7356	19.354	22.0696	26.2665	31.9768	36.3725	38.2615	39.3285	42.2502	50.7328	59.5793	63.0948	62.7697	59.8455	55.086	51.3975	50.1431	48.6672	46.3242	38.6983	25.7327	22.8764	24.3791	24.9245	21.9981	13.7847	21.4666	46.375	37.6177	7.54404	8.29316	43.4939	51.5811	30.5925	24.7434	11.2699	17.2438	46.7612	52.0801	44.5013	42.3849	42.9852	39.6728	38.1651	27.1523	17.1421	27.5739	40.5631	46.1399	32.0288	14.5226	21.8036	30.9749	28.2717	14.5547	20.0021	39.8266	17.8267	51.4641	51.9485	12.1986	12.9474	13.3479	17.0098	16.4171	11.0742	10.6604	12.9349	10.4111	7.93614	8.77092	9.80075																			
7.83922	5.76536	5.76536	1.05168	4.72238	2.62766	2.10266	2.62766	3.15222	4.19966	7.32247	18.2853	28.4374	18.7581	9.38146	12.4232	4.72238	31.9704	24.652	2.62766	7.32247	11.9207	13.4224	10.4022	12.9238	10.4022	6.80453	7.32247	7.83922	8.86879	6.80453	1.05168	3.67625	4.72238	3.67625	6.28547	6.80453	5.76536	6.28547	4.72238	2.62766	1.05168	1.5773	1.05168	0.525885	0.525885	0	0.525885	1.05168	2.62766	1.5773	0.525885	1.5773	10.4022	11.4163	0.525885	4.72238	1.05168	1.5773	1.05168	3.15222	4.72238	13.4224	16.8514	17.8098	13.4224	28.0292	34.1853	13.4224	10.9101	4.19966	3.15222	8.35468	5.24431	13.4224	3.67625	17.3319	0.525885	0.525885	0	0	0	0	1.5773	7.32247	6.80453	1.5773	7.83922	9.38146	5.76536	3.67625	0.525885	16.8514	52.8895	46.548	1.05168	7.83922	3.67625	20.6226	27.6179	38.609	42.832	30.039	6.80453	24.2161	15.3955	1.5773	12.4232	14.4133	12.4232	11.4163	17.3319	24.652	34.8989	34.8989	23.3353	14.4133	1.05168	11.4163	2.10266	24.652	34.5436	25.9416	21.9919	17.3319	4.72238	34.5436	35.2511	14.9055	5.24431	4.19966	1.05168	9.89262	33.8238	44.4832	37.6326	23.7772	5.76536	44.2142	47.2841	9.38146	15.3955	2.62766	2.62766	2.62766	6.80453	3.15222	1.05168	13.9189	34.5436	39.5595	3.15222	33.8238	25.5148	5.76536	5.76536	30.4315	34.8989	15.8831	19.6958	38.9287	28.8425	7.83922	30.8209	32.7211	21.0819	18.7581	13.4224	11.9207	14.4133	10.4022	3.15222	1.5773	6.80453	21.5383	14.9055	3.15222	11.9207	8.35468	2.62766	5.24431	3.15222	4.72238	18.7581	19.6958	6.80453	3.67625	4.72238	1.05168	5.24431	2.62766	16.8514	47.2841	39.2455	2.62766	5.24431	45.0137	51.7097	24.2161	21.9919	11.4163	0.525885	30.039	39.5595	19.2283	13.4224	18.7581	13.9189	24.652	21.5383	16.8514	26.3653	36.2897	42.5479	30.8209	8.86879	17.3319	27.2035	24.652	11.9207	21.0819	39.2455	17.3319	52.1099	52.1099	9.89262	12.4232	13.4224	16.8514	16.3685	11.4163	10.9101	13.4224	10.9101	7.83922	8.35468	8.86879																			
18.9512	12.3415	3.60528	8.13394	14.2318	15.59	16.4179	17.0698	17.2082	15.3173	9.23771	11.1831	28.3308	32.3396	33.5255	36.2597	35.7471	33.4279	18.2319	5.12854	8.72534	12.2868	12.8839	9.29668	11.8771	10.3631	7.82998	8.17706	8.26702	9.10618	7.29407	1.85857	3.98538	4.8999	4.07064	8.43401	9.6882	7.79563	7.61381	6.8488	5.8034	5.34736	5.47362	5.45176	5.81814	6.18977	6.28524	6.30685	6.16497	6.15661	5.14203	4.89665	5.38872	11.5975	12.8375	6.28524	8.37234	7.76328	7.99217	8.05304	8.50767	8.59394	14.5534	18.6262	19.3259	13.3926	27.2445	33.2669	19.0449	18.869	16.4216	15.351	17.3988	18.2062	19.779	13.0349	19.8738	0.587906	0.415717	0	0	0	0	1.24698	6.37625	7.25001	6.70633	10.8443	12.4901	9.57947	6.88581	2.23767	14.5097	52.3962	48.9612	6.13717	12.9456	7.3267	16.2248	31.8406	39.8873	43.4883	38.5287	33.7646	32.5762	24.2	19.032	22.6899	24.7386	23.68	20.7118	21.8235	30.4321	43.0558	48.5844	44.3952	29.0269	17.5999	28.303	33.3077	42.4874	49.9399	50.7844	51.1015	51.5633	52.7776	52.0163	44.6127	32.0256	27.2332	24.7389	21.5018	21.0495	36.4386	45.2469	39.9188	31.6587	24.9577	45.3398	54.2638	51.642	47.5432	41.4856	35.7173	31.8329	31.0925	29.6496	27.11	25.04	33.1396	36.6675	2.05269	36.3269	30.7156	19.2182	21.2526	35.5611	45.4563	49.1251	52.9722	57.0422	51.2668	38.7669	43.5198	47.9969	48.0264	48.4695	46.9131	45.3216	42.151	30.3027	15.6562	25.7005	33.6745	37.3652	35.4384	34.827	38.5693	41.2665	41.3979	40.1187	38.3023	35.8174	36.3076	37.7037	36.2939	39.3682	44.3794	47.1876	48.3565	49.542	50.1328	49.9902	36.1291	12.1275	16.4602	49.4176	53.9644	30.1237	24.3131	16.6677	13.955	31.323	42.4611	44.441	45.8951	42.8049	39.1404	35.9353	30.3152	33.4604	42.3999	44.5377	42.837	32.0045	19.0317	22.7166	25.8032	20.5053	11.6481	16.5109	36.1815	25.6127	50.3536	48.8602	10.584	13.9692	14.3557	17.2109	16.3689	11.1624	10.9121	13.7943	11.4611	8.45187	8.51518	8.3479																			
18.4342	13.1909	10.1246	15.2988	16.6438	15.8858	16.5399	17.1539	17.1673	15.2004	11.1115	7.53951	20.8269	30.5802	33.1903	35.6686	35.6944	26.5262	8.39557	8.17631	8.94429	11.5809	11.1776	6.99248	9.61303	9.39401	8.29672	8.90675	8.5144	9.10535	7.79469	2.26042	4.23552	4.89945	4.31575	11.3336	11.3914	6.91225	7.03125	7.23295	5.93058	5.34678	5.47303	5.41345	5.91049	6.22199	6.28455	6.30616	6.29535	6.57258	5.23373	4.93787	5.47614	11.5964	13.2902	6.37052	8.00179	7.73633	7.99131	8.09385	8.41952	8.23389	13.8947	19.7231	19.5401	10.8112	24.5528	29.0789	18.0242	18.4926	16.8097	15.4024	16.6515	17.9538	18.0277	19.7835	24.3466	0.58785	0.185902	0	0	0	0	0.557692	4.00652	5.63581	6.77606	10.3383	12.8766	10.8917	9.72319	3.69891	9.04094	50.9899	53.0016	14.4042	11.7674	20.019	10.7656	32.8179	37.9956	38.368	35.323	33.5546	29.0734	22.2544	19.005	21.9664	24.5013	25.4105	23.363	18.8641	26.1381	38.6678	47.6501	52.3411	37.9544	20.0676	32.9818	36.0032	40.6175	48.0882	50.2641	51.065	51.1494	52.8441	49.8337	40.3841	30.815	27.0517	24.676	22.3256	22.3053	36.5907	43.605	37.8367	30.9982	24.9554	36.8441	49.371	51.564	47.2662	42.2287	36.6542	32.0682	31.2169	29.901	27.4127	23.4503	25.8704	29.7609	2.05248	40.3268	35.853	20.1722	20.9649	30.2052	41.6128	48.7515	52.5555	58.5279	55.8984	40.1098	41.0644	46.2426	47.5676	48.6121	47.3479	45.6075	47.4956	43.0376	36.1183	36.3768	34.2954	36.8005	35.7122	34.8393	38.073	41.0703	41.3824	40.0316	38.2993	35.8144	35.7316	38.7222	36.6706	40.4241	45.6578	47.2832	48.3102	49.5714	49.7802	42.3874	24.0541	12.0778	17.032	52.8953	54.1295	26.2761	19.9689	16.2033	14.4902	25.214	35.2973	43.673	45.5043	41.8462	38.6297	32.9456	27.992	38.6706	45.7249	41.9533	35.1591	28.0287	20.9941	21.3549	19.3946	11.397	10.2012	6.73565	26.8318	23.2453	44.0375	40.7221	10.123	16.1147	16.0606	17.9263	16.3675	10.6544	10.9112	14.5345	12.4627	9.20203	8.26626	7.07914																			
4.19844	8.86622	14.4092	18.2802	13.4186	5.24278	3.67517	3.67517	2.62689	3.15129	11.413	14.4092	2.10204	6.28364	4.19844	3.15129	3.15129	7.32035	10.907	9.37875	7.83695	10.3992	9.88977	5.76368	8.35226	8.35226	7.83695	8.86622	8.35226	8.86622	7.83695	2.10204	4.19844	4.721	4.19844	12.4197	10.907	2.62689	4.721	5.76368	3.15129	1.05137	1.57684	0.525731	1.57684	1.05137	0	0.525731	2.10204	4.19844	2.10204	1.05137	2.10204	10.3992	12.4197	1.57684	3.15129	0.525731	1.57684	1.57684	2.62689	3.15129	11.9173	19.223	18.2802	7.32035	22.4367	25.0785	9.88977	9.37875	6.80255	3.67517	3.67517	2.62689	5.76368	21.5326	26.3586	0.525731	0	0	0	0	0	0	2.10204	2.10204	2.10204	6.28364	10.3992	9.37875	10.3992	4.19844	5.24278	50.0266	54.7144	18.2802	0.525731	25.9349	11.9173	30.0317	34.1774	29.2373	14.9013	1.05137	3.67517	4.721	0.525731	8.86622	13.4186	18.753	19.6905	5.76368	2.62689	8.35226	29.6361	51.9025	39.2373	14.4092	28.8354	23.771	3.67517	19.6905	19.6905	21.5326	4.19844	8.86622	2.10204	0.525731	0.525731	1.05137	3.15129	9.37875	14.9013	34.1774	40.7792	32.3397	21.5326	5.76368	8.35226	9.37875	5.76368	9.88977	16.3639	15.3912	7.32035	8.35226	7.32035	6.80255	2.10204	16.8467	25.5082	3.15129	41.9634	36.959	10.907	2.10204	1.57684	0.525731	6.28364	8.86622	47.9919	51.294	21.0763	14.9013	19.6905	14.9013	20.6171	19.6905	16.3639	41.9634	46.2897	43.6605	38.2782	13.4186	18.2802	16.8467	3.67517	1.05137	1.57684	1.57684	0	3.15129	4.721	14.9013	25.0785	11.9173	18.2802	23.3292	7.32035	1.57684	5.24278	8.35226	1.57684	0	2.10204	8.35226	53.072	52.1018	7.32035	7.83695	9.88977	5.76368	10.907	5.76368	8.35226	0.525731	3.67517	6.80255	0	10.907	35.2432	39.5512	25.0785	18.753	20.6171	15.8787	12.9201	11.9173	6.28364	8.86622	1.57684	18.2802	4.721	37.9528	35.5923	8.86622	16.8467	16.8467	18.2802	16.3639	10.3992	10.907	14.9013	12.9201	9.37875	7.83695	6.28364																			
4.19805	8.86542	14.408	18.2787	13.4174	5.2423	3.67484	3.67484	2.62665	3.151	11.412	14.408	2.10185	6.28306	4.19805	3.151	3.151	7.31968	10.906	9.37791	7.83624	10.3983	9.88888	5.76316	8.35151	8.35151	7.83624	8.86542	8.35151	8.86542	7.83624	2.10185	4.19805	4.72057	4.19805	12.4185	10.906	2.62665	4.72057	5.76316	3.151	1.05128	1.57669	0.525683	1.57669	1.05128	0	0.525683	2.10185	4.19805	2.10185	1.05128	2.10185	10.3983	12.4185	1.57669	3.151	0.525683	1.57669	1.57669	2.62665	3.151	11.9162	19.2214	18.2787	7.31968	22.4348	25.0764	9.88888	9.37791	6.80193	3.67484	3.67484	2.62665	5.76316	21.5308	26.3565	0.525683	0	0	0	0	0	0	2.10185	2.10185	2.10185	6.28306	10.3983	9.37791	10.3983	4.19805	5.2423	50.024	54.7119	18.2787	0.525683	25.9329	11.9162	30.0294	34.175	29.2351	14.9	1.05128	3.67484	4.72057	0.525683	8.86542	13.4174	18.7514	19.6888	5.76316	2.62665	8.35151	29.6338	51.9	39.2347	14.408	28.8332	23.769	3.67484	19.6888	19.6888	21.5308	4.19805	8.86542	2.10185	0.525683	0.525683	1.05128	3.151	9.37791	14.9	34.175	40.7766	32.3373	21.5308	5.76316	8.35151	9.37791	5.76316	9.88888	16.3625	15.3898	7.31968	8.35151	7.31968	6.80193	2.10185	16.8453	25.5062	3.151	41.9608	36.9564	10.906	2.10185	1.57669	0.525683	6.28306	8.86542	47.9893	51.2914	21.0745	14.9	19.6888	14.9	20.6154	19.6888	16.3625	41.9608	46.2871	43.6579	38.2757	13.4174	18.2787	16.8453	3.67484	1.05128	1.57669	1.57669	0	3.151	4.72057	14.9	25.0764	11.9162	18.2787	23.3273	7.31968	1.57669	5.2423	8.35151	1.57669	0	2.10185	8.35151	53.0695	52.0992	7.31968	7.83624	9.88888	5.76316	10.906	5.76316	8.35151	0.525683	3.67484	6.80193	0	10.906	35.2407	39.5487	25.0764	18.7514	20.6154	15.8773	12.919	11.9162	6.28306	8.86542	1.57669	18.2787	4.72057	37.9502	35.5899	8.86542	16.8453	16.8453	18.2787	16.3625	10.3983	10.906	14.9	12.919	9.37791	7.83624	6.28306																			
9.39329	15.9321	20.7851	21.1885	15.4396	8.63931	6.78664	5.7064	3.17262	4.11932	11.1582	13.702	3.15619	5.14979	5.04253	4.32639	4.64707	10.1201	13.3648	10.7302	8.07472	9.19939	8.8797	5.64314	8.58062	8.98642	8.49816	9.25723	8.604	9.19939	8.34473	2.58011	4.06905	4.8524	4.48963	13.3935	12.7519	6.38204	7.08687	7.40182	5.84795	5.30041	5.81297	5.78655	5.97191	6.00886	6.02302	6.04557	6.22298	6.85364	5.23228	5.24535	5.81294	11.8783	13.9447	7.11319	8.1743	8.2317	8.49462	8.64521	8.82914	8.09162	12.559	20.1083	19.199	7.63082	22.2687	24.2822	12.4399	13.3987	13.1946	11.3149	9.67449	8.98867	6.43769	23.5513	26.7392	2.49192	1.49804	0.18585	0	0	0	0	1.66179	2.22908	2.22908	5.8826	9.54958	11.2156	12.8791	5.52709	4.73825	44.9608	54.1168	37.2793	18.7353	25.534	17.2129	30.6356	34.9158	35.9891	35.7927	33.8353	28.8357	22.807	18.935	19.9925	23.463	28.5987	31.2557	26.8502	23.1057	22.281	33.7537	52.8687	54.5527	53.6042	50.7691	43.8492	37.9984	41.0176	43.5026	45.4861	42.2296	35.7256	28.0756	23.0296	20.7301	15.7308	9.97658	10.6018	13.6083	31.1462	38.7414	34.8157	31.3886	28.2035	29.3306	29.876	27.2121	26.0179	28.4252	29.208	28.4844	29.4998	29.9728	30.51	28.5291	25.6	25.7725	13.9132	40.7016	46.6894	49.9398	53.2113	54.4121	53.7325	51.317	45.9907	47.4317	47.5991	20.6536	11.7331	17.4681	24.2248	37.3128	46.2116	50.6168	56.7969	56.7411	52.4688	45.453	20.6205	21.7533	23.9887	20.9699	20.0664	17.9324	13.008	8.49462	6.80163	4.69486	21.1495	33.3719	27.675	28.8844	28.7309	20.3146	19.602	18.1433	14.8442	10.2779	7.83809	5.81297	10.213	52.2253	51.4437	8.7831	7.31902	8.604	6.78397	9.04752	4.40883	10.3529	4.75287	1.58747	6.70344	1.68245	14.1453	39.2738	41.1308	24.1032	17.8504	18.9561	14.2694	12.1694	14.2264	15.2551	17.9254	12.4403	13.2719	6.58892	37.2412	34.2481	10.519	17.2154	16.2976	17.885	16.2786	10.5877	10.9802	15.0846	13.5682	10.0411	8.09751	5.79803																			
13.2381	19.3878	21.9612	18.8138	13.0684	7.85667	6.37351	5.13959	3.17233	5.92816	10.6504	12.2081	4.93582	2.70372	5.50809	6.36787	7.17847	13.3816	14.4419	9.39244	6.29561	6.45529	6.8206	4.69066	8.09678	9.22755	8.98745	9.50498	8.60322	9.44878	9.10373	3.34626	3.80726	5.11268	5.00801	15.1083	15.1281	6.78349	6.64207	7.02623	5.99687	5.24814	5.75353	5.78602	5.97137	6.06467	6.02247	6.04502	6.4371	7.39431	5.13959	5.30957	5.91693	12.0999	14.3923	7.48297	7.94828	8.22279	8.49385	8.6985	8.75986	7.79428	11.0495	20.5529	19.4211	5.81528	21.3744	21.4776	11.244	12.3815	13.1934	12.4494	9.89088	8.98786	6.4371	27.4014	27.3606	2.7038	2.99943	0.415519	0	0	0	0	0.743291	1.66171	1.66171	4.65034	6.49995	11.8772	16.9631	8.10917	3.4871	30.2656	47.8029	43.8172	30.8936	23.835	23.1684	27.5745	29.0402	31.9057	35.1335	34.3663	29.774	23.2258	19.2414	19.4909	22.1076	27.0144	30.6141	27.4438	23.4443	22.4495	28.5864	44.548	52.1522	53.3566	49.2667	42.2632	38.0866	40.0712	42.8544	45.1152	43.1482	36.5153	29.3723	23.4893	20.7701	20.9429	21.0171	12.0581	10.6505	24.2051	31.8394	30.8731	29.8672	28.1314	29.072	30.2666	28.3004	26.1746	27.8124	28.4339	28.2836	29.3565	29.8193	30.4346	28.7867	23.2092	20.1397	15.166	30.2128	42.5426	49.9938	53.2968	54.4257	53.8409	52.1035	46.4672	37.1744	36.8659	19.5029	5.14932	10.8986	24.488	36.509	45.4559	50.2197	58.4487	59.9734	57.1503	51.6121	22.8239	18.8701	22.2488	21.1643	20.0792	18.5478	14.9739	9.55946	6.47397	3.98367	31.3194	40.9604	29.4987	27.3837	26.1234	20.3957	19.5733	17.9713	13.7225	10.4492	8.8131	5.63382	10.8694	50.3765	50.0744	11.5708	6.28192	5.64263	6.57003	5.06234	2.23665	11.7099	6.48689	3.0898	5.96254	4.0729	19.5723	44.6453	41.1282	18.0236	14.455	15.38	10.801	8.48573	11.6726	14.6514	18.0415	15.0713	3.52155	9.58016	34.7132	31.104	12.6961	16.9812	14.6247	16.9314	16.0353	10.839	10.9792	15.3269	14.5455	10.529	7.61676	4.34184																			
13.91	18.274	17.7988	11.4089	6.28135	1.05099	1.57626	1.05099	2.62592	6.80008	10.3955	11.4089	5.76158	1.05099	5.24086	7.31769	8.34924	14.4042	13.4138	5.76158	3.15014	4.71927	5.76158	3.67383	7.31769	8.86302	8.86302	9.37537	8.34924	9.37537	9.37537	3.67383	3.67383	5.24086	5.24086	15.8732	15.8732	4.1969	3.15014	4.71927	3.67383	0	1.05099	0.525538	1.57626	1.57626	0	0.525538	3.15014	5.76158	1.57626	1.57626	2.62592	10.9031	13.4138	3.67383	1.57626	0	1.57626	2.10127	2.10127	0.525538	8.34924	20.1483	18.7466	2.10127	20.6102	19.2165	6.28135	5.76158	6.80008	8.34924	4.71927	2.62592	5.76158	29.2283	27.6024	1.57626	3.67383	0.525538	0	0	0	0	0	0	0	3.67383	3.15014	10.9031	18.7466	9.37537	2.62592	18.274	37.9426	41.6609	34.8811	22.4293	25.0704	22.8769	17.7988	10.3955	8.34924	10.9031	12.9155	8.34924	5.24086	5.76158	5.76158	11.4089	16.8409	10.9031	6.80008	9.37537	8.86302	15.3858	10.3955	1.57626	1.05099	1.05099	6.28135	9.88621	12.4152	17.7988	18.7466	16.3582	14.4042	7.31769	2.10127	20.1483	25.9267	12.4152	8.86302	20.1483	25.5001	21.0692	14.8961	4.71927	5.24086	12.4152	13.91	10.9031	13.4138	10.9031	4.71927	6.80008	5.24086	5.76158	6.80008	1.05099	9.88621	9.37537	4.71927	0.525538	12.4152	8.86302	4.1969	9.88621	23.7632	17.3211	6.28135	28.0135	18.7466	1.57626	3.67383	15.8732	15.3858	7.31769	3.67383	50.2323	57.3282	56.7052	52.8712	19.6838	8.86302	9.88621	5.76158	1.57626	7.31769	10.9031	6.28135	1.05099	3.15014	35.5824	42.8131	20.1483	10.9031	14.4042	7.83411	0	3.67383	1.05099	3.15014	5.76158	0.525538	9.88621	49.3564	49.3564	12.9155	5.76158	3.67383	5.24086	2.62592	2.10127	11.4089	6.28135	5.24086	5.24086	5.24086	21.9788	46.5291	39.5409	9.88621	11.4089	13.4138	8.86302	3.67383	2.10127	0.525538	9.37537	12.4152	4.1969	10.9031	32.7039	29.2283	13.4138	16.3582	13.4138	16.3582	15.8732	10.9031	10.9031	15.3858	14.8961	10.3955	6.80008	3.15014																			
13.9086	18.2721	17.797	11.4077	6.28066	1.05087	1.57609	1.05087	2.62564	6.79934	10.3943	11.4077	5.76095	1.05087	5.24029	7.31689	8.34834	14.4026	13.4124	5.76095	3.14979	4.71876	5.76095	3.67342	7.31689	8.86206	8.86206	9.37436	8.34834	9.37436	9.37436	3.67342	3.67342	5.24029	5.24029	15.8715	15.8715	4.19644	3.14979	4.71876	3.67342	0	1.05087	0.52548	1.57609	1.57609	0	0.52548	3.14979	5.76095	1.57609	1.57609	2.62564	10.9019	13.4124	3.67342	1.57609	0	1.57609	2.10104	2.10104	0.52548	8.34834	20.1463	18.7446	2.10104	20.6081	19.2145	6.28066	5.76095	6.79934	8.34834	4.71876	2.62564	5.76095	29.2257	27.5998	1.57609	3.67342	0.52548	0	0	0	0	0	0	0	3.67342	3.14979	10.9019	18.7446	9.37436	2.62564	18.2721	37.9395	41.6578	34.8782	22.4271	25.068	22.8746	17.797	10.3943	8.34834	10.9019	12.9141	8.34834	5.24029	5.76095	5.76095	11.4077	16.8391	10.9019	6.79934	9.37436	8.86206	15.3842	10.3943	1.57609	1.05087	1.05087	6.28066	9.88514	12.4139	17.797	18.7446	16.3565	14.4026	7.31689	2.10104	20.1463	25.9242	12.4139	8.86206	20.1463	25.4976	21.0671	14.8945	4.71876	5.24029	12.4139	13.9086	10.9019	13.4124	10.9019	4.71876	6.79934	5.24029	5.76095	6.79934	1.05087	9.88514	9.37436	4.71876	0.52548	12.4139	8.86206	4.19644	9.88514	23.7609	17.3193	6.28066	28.0109	18.7446	1.57609	3.67342	15.8715	15.3842	7.31689	3.67342	50.2292	57.3253	56.7023	52.8682	19.6818	8.86206	9.88514	5.76095	1.57609	7.31689	10.9019	6.28066	1.05087	3.14979	35.5794	42.81	20.1463	10.9019	14.4026	7.83325	0	3.67342	1.05087	3.14979	5.76095	0.52548	9.88514	49.3533	49.3533	12.9141	5.76095	3.67342	5.24029	2.62564	2.10104	11.4077	6.28066	5.24029	5.24029	5.24029	21.9766	46.5259	39.5378	9.88514	11.4077	13.4124	8.86206	3.67342	2.10104	0.52548	9.37436	12.4139	4.19644	10.9019	32.701	29.2257	13.4124	16.3565	13.4124	16.3565	15.8715	10.9019	10.9019	15.3842	14.8945	10.3943	6.79934	3.14979																			
17.2563	19.4827	16.7985	9.69614	5.343	2.49097	3.31966	4.11796	4.98966	6.55516	8.34758	10.1766	8.69581	5.38462	5.08784	7.38286	9.25372	14.9544	13.2111	5.22026	2.36317	4.23672	6.02892	4.90667	8.55581	9.7983	9.1959	9.14499	7.59233	8.77977	9.60663	4.26892	3.28307	4.93438	5.49715	16.4802	17.1424	6.90265	6.32883	6.6808	6.15186	5.24661	5.5988	5.40989	5.63215	6.04323	6.15199	6.16302	6.64014	7.76366	5.55908	5.88061	6.84123	12.4612	14.5513	7.75074	7.75737	8.74206	9.24878	9.19635	8.94616	8.22041	12.6162	22.3065	16.2813	4.26902	25.9274	25.3316	17.7699	15.8758	13.9651	16.0894	16.7992	16.1829	15.6385	27.8515	25.0586	1.49742	3.94336	0.525432	0	0	0	0	0	0	0	3.0889	3.28844	11.1659	19.9297	12.1648	5.38432	17.1067	32.7789	40.7961	45.0769	38.8284	28.5112	26.6952	29.5179	30.4272	28.9938	26.2668	24.1191	21.0478	19.4501	20.3825	21.8223	24.5609	28.5601	27.4221	21.6677	17.2096	14.7843	20.0072	25.1834	24.3415	19.1838	14.9067	13.6916	13.6867	14.8894	20.9619	24.2321	21.8889	18.83	14.3533	8.96654	25.3322	30.3734	18.0489	14.7202	19.7414	22.9507	18.9014	14.8733	9.45327	10.5947	14.6327	13.4923	10.8359	11.4325	9.62913	7.18845	11.6399	17.7495	22.3425	23.9611	23.0217	23.7611	30.5849	39.4169	46.947	49.9546	50.626	51.637	53.9624	57.7216	59.8245	59.944	58.1889	53.9746	51.6403	50.606	48.1686	40.9311	28.7991	13.5686	47.3205	56.7402	55.3128	52.4056	41.7192	41.8887	45.2777	50.7112	54.982	55.9034	53.8316	49.2174	41.2681	31.345	41.216	43.8723	26.0913	24.0113	30.3044	37.9692	41.1402	38.9065	34.5701	27.5236	17.3205	11.2876	14.4765	47.6829	51.0038	36.0547	36.5609	43.7647	48.0109	40.2129	20.8748	12.0737	9.23776	9.63285	10.9271	14.1632	25.2388	48.6324	41.9183	10.7752	13.318	17.2487	19.2045	20.4501	20.7206	19.5023	20.687	22.8694	20.5483	20.6378	36.2044	30.2912	13.1416	17.1228	13.9073	16.1148	15.6288	11.157	11.4182	16.3409	16.0125	10.9401	6.95875	2.99285																			
18.9078	18.0345	12.9928	5.96026	3.31921	2.37761	3.14939	4.06734	4.86438	4.83256	4.19567	6.48441	8.53179	6.28247	3.5686	7.13087	10.4952	15.4323	12.2355	3.75593	0.788048	2.83925	5.34577	5.57061	10.8349	11.5665	9.4452	8.38892	6.04239	7.50005	9.85818	5.29762	2.49752	4.16701	5.75104	17.6786	19.4997	9.08753	6.32825	6.20631	6.31477	5.2979	5.59829	5.44708	5.71568	6.22004	6.16246	6.15143	7.08352	7.76295	5.49692	5.96052	7.21592	12.2449	14.3263	8.35112	7.71313	8.80986	9.24794	9.14462	8.89292	8.24413	13.935	22.7115	9.79255	13.6957	31.1664	27.0259	17.4407	15.4077	13.2106	17.7986	17.9174	16.1201	15.4076	22.1525	19.2805	1.2459	4.46455	0.525384	0	0	0	0	0	0	0	1.82888	3.28814	9.07293	20.1466	15.4019	10.7801	14.6807	19.3236	30.8314	41.6452	37.6023	23.9779	22.4005	27.6337	30.3086	30.5293	28.3952	24.8531	21.5423	19.3907	20.0583	21.6327	23.8569	27.2656	29.2859	26.0847	19.3047	14.3797	17.3331	24.3395	25.1814	20.4737	15.9281	15.752	14.2465	12.6854	18.381	25.086	23.6896	18.6533	15.9279	13.4484	34.3688	35.2959	17.1789	13.8803	15.6337	17.236	14.1332	12.0955	13.9987	20.2353	15.056	10.4497	9.64035	7.35698	6.32808	6.42152	11.6388	18.3788	22.0368	23.9025	23.0701	23.4444	36.3522	43.0424	47.4389	50.1928	50.7564	51.8041	53.9186	57.2153	59.6271	59.9181	57.4641	53.551	51.6345	50.8509	51.1423	46.071	35.2624	21.1102	40.3825	55.1847	50.7166	44.9694	41.0266	41.6966	45.3476	51.3419	55.2759	56.1112	54.7265	50.7602	44.309	36.2156	45.544	42.9527	24.3837	23.0419	29.7666	38.5468	41.1446	39.1834	35.2319	30.3973	20.0055	11.4877	12.9075	40.3622	47.2779	36.2841	36.6992	45.8545	47.999	49.8218	35.489	10.3927	8.9134	10.6498	10.6144	13.7465	23.2071	50.9761	45.4391	9.02688	11.0826	14.719	18.3126	20.3202	20.7745	19.7405	20.3236	22.1557	21.262	24.9349	41.3728	32.2032	12.3974	18.5459	14.8919	15.6274	15.139	11.6607	12.4221	18.0075	17.4233	10.4717																					
17.7924	14.8906	9.37182	3.67242	2.10046	0	0.525336	0.525336	2.10046	2.62491	2.10046	2.62491	5.23886	4.71747	1.05058	6.79748	10.899	15.3801	11.4047	2.62491	0	1.57565	4.19529	5.23886	11.9086	12.4106	9.37182	7.83113	5.23886	6.79748	9.88248	5.75938	2.10046	3.67242	5.75938	18.2674	20.6029	9.37182	3.14893	3.14893	4.19529	1.05058	1.05058	1.05058	2.10046	2.62491	0.525336	0	4.71747	5.75938	1.05058	2.10046	4.19529	10.3916	12.9107	5.75938	1.05058	1.57565	1.57565	1.57565	1.57565	1.05058	11.9086	21.0618	3.67242	18.2674	32.3202	23.7551	3.67242	1.05058	1.57565	13.9049	10.3916	1.57565	4.19529	16.3523	15.8674	1.05058	4.71747	0.525336	0	0	0	0	0	0	0	1.05058	3.14893	5.75938	19.2096	16.3523	13.4088	13.4088	8.85966	6.79748	13.4088	13.9049	8.85966	6.27895	5.75938	9.37182	17.7924	20.1412	15.8674	10.899	4.71747	1.57565	3.67242	6.79748	9.88248	19.6768	22.869	15.8674	7.3149	4.19529	1.57565	10.3916	10.899	8.34607	12.9107	11.4047	5.23886	9.88248	21.0618	21.0618	13.9049	12.4106	14.3988	38.2573	36.6012	9.37182	5.23886	10.3916	13.9049	11.4047	8.34607	15.3801	24.6293	13.4088	6.79748	8.34607	5.23886	3.67242	1.05058	6.79748	8.85966	0.525336	6.27895	2.62491	7.83113	32.6938	32.3202	15.8674	17.3148	12.9107	11.9086	7.83113	3.14893	4.19529	1.57565	0.525336	1.05058	0	13.4088	39.2162	40.4551	32.6938	23.3135	36.2611	54.1607	46.7657	31.1807	12.9107	3.14893	11.4047	21.0618	16.8348	16.3523	28.4124	29.6175	31.1807	30.013	45.7614	40.7579	14.3988	2.62491	10.899	14.8906	1.57565	9.88248	12.4106	21.0618	15.8674	3.14893	2.62491	31.9435	38.8994	14.8906	8.34607	28.4124	4.71747	49.5674	40.4551	7.3149	5.23886	8.34607	3.67242	1.57565	16.3523	51.4777	46.7657	5.23886	4.19529	2.62491	1.57565	1.05058	3.14893	4.71747	7.3149	8.85966	9.37182	23.3135	43.3626	33.0644	11.9086	19.2096	15.3801	15.3801	14.8906	11.9086	12.9107	18.7398	17.7924	9.37182																					
17.7906	14.889	9.37081	3.67201	2.10023	0	0.525278	0.525278	2.10023	2.62463	2.10023	2.62463	5.23828	4.71695	1.05047	6.79674	10.8978	15.3785	11.4034	2.62463	0	1.57548	4.19483	5.23828	11.9073	12.4093	9.37081	7.83028	5.23828	6.79674	9.88141	5.75875	2.10023	3.67201	5.75875	18.2655	20.6008	9.37081	3.14858	3.14858	4.19483	1.05047	1.05047	1.05047	2.10023	2.62463	0.525278	0	4.71695	5.75875	1.05047	2.10023	4.19483	10.3904	12.9093	5.75875	1.05047	1.57548	1.57548	1.57548	1.57548	1.05047	11.9073	21.0597	3.67201	18.2655	32.3174	23.7528	3.67201	1.05047	1.57548	13.9034	10.3904	1.57548	4.19483	16.3506	15.8657	1.05047	4.71695	0.525278	0	0	0	0	0	0	0	1.05047	3.14858	5.75875	19.2077	16.3506	13.4074	13.4074	8.8587	6.79674	13.4074	13.9034	8.8587	6.27826	5.75875	9.37081	17.7906	20.1392	15.8657	10.8978	4.71695	1.57548	3.67201	6.79674	9.88141	19.6748	22.8667	15.8657	7.31411	4.19483	1.57548	10.3904	10.8978	8.34517	12.9093	11.4034	5.23828	9.88141	21.0597	21.0597	13.9034	12.4093	14.3973	38.2542	36.5981	9.37081	5.23828	10.3904	13.9034	11.4034	8.34517	15.3785	24.6269	13.4074	6.79674	8.34517	5.23828	3.67201	1.05047	6.79674	8.8587	0.525278	6.27826	2.62463	7.83028	32.691	32.3174	15.8657	17.313	12.9093	11.9073	7.83028	3.14858	4.19483	1.57548	0.525278	1.05047	0	13.4074	39.2131	40.452	32.691	23.3112	36.2581	54.1577	46.7626	31.1779	12.9093	3.14858	11.4034	21.0597	16.833	16.3506	28.4097	29.6148	31.1779	30.0103	45.7583	40.7548	14.3973	2.62463	10.8978	14.889	1.57548	9.88141	12.4093	21.0597	15.8657	3.14858	2.62463	31.9406	38.8963	14.889	8.34517	28.4097	4.71695	49.5643	40.452	7.31411	5.23828	8.34517	3.67201	1.57548	16.3506	51.4746	46.7626	5.23828	4.19483	2.62463	1.57548	1.05047	3.14858	4.71695	7.31411	8.8587	9.37081	23.3112	43.3594	33.0615	11.9073	19.2077	15.3785	15.3785	14.889	11.9073	12.9093	18.7379	17.7906	9.37081																					
17.9118	14.3	9.00185	4.63623	4.10384	3.93336	3.82287	3.56281	3.28718	2.05032	1.31293	3.89832	7.22546	7.56964	3.42029	5.85199	10.2825	14.7794	11.3118	5.09608	4.97754	4.86296	5.85204	6.29928	12.9977	13.5629	10.7404	9.06842	5.56598	5.80824	9.37352	6.16034	1.49687	4.00229	6.36895	19.6746	21.996	10.5721	6.2045	6.32641	6.90012	5.59665	5.59665	5.70211	6.29149	6.72886	6.16067	5.76444	7.21375	7.75421	5.92448	6.94419	8.3206	12.9632	14.6273	9.44981	8.53929	9.69296	10.001	9.85586	9.31525	8.59205	15.2897	19.8528	6.8607	30.5656	39.7547	33.3551	25.754	25.0682	24.4263	24.666	20.6797	17.3984	16.1002	16.1381	12.273	1.89318	3.70886	0.742787	0.371409	0	0	0.185706	0.765654	1.49691	1.83783	1.41404	4.2026	5.27032	19.0901	16.7163	14.3134	16.417	13.8943	11.0082	9.3309	10.9482	15.7163	19.612	21.1248	22.3183	26.2676	27.2662	25.4595	24.7282	22.4962	19.8536	17.7711	16.3998	16.5671	24.2142	27.0614	18.9966	9.59795	7.2418	6.92716	17.3269	19.1139	16.8832	19.3202	19.6057	18.6646	22.5579	27.9936	26.5335	20.9445	19.1364	19.6258	38.0806	38.5618	20.4396	20.541	20.9282	20.485	17.6744	16.0101	23.6531	29.6726	19.9811	15.4438	13.8315	9.63796	6.4591	4.83129	8.24755	10.9225	7.58961	17.3142	25.2738	29.3072	41.5655	42.0251	34.3622	33.592	31.8559	33.5139	36.4025	39.9954	43.5133	44.6621	44.4493	44.9356	47.1084	50.4952	56.7633	58.4583	58.1495	56.7049	47.4424	48.3987	42.2468	32.1396	33.2195	44.8816	53.7224	56.0901	55.8717	54.8682	53.049	47.8487	45.0646	43.7201	49.7074	47.2946	49.0879	52.5689	53.5987	52.495	51.4752	51.9092	51.0929	48.7149	38.5837	24.1083	18.5135	32.4002	42.1378	44.8234	52.0287	56.5156	52.6535	58.784	55.0056	50.3923	41.3659	23.2892	9.93456	7.68246	17.1739	51.5297	48.5374	10.294	7.54303	9.45879	10.9725	10.9725	10.8323	10.8505	12.7201	17.3141	21.2785	30.1829	46.2274	34.7231	12.5649	19.4399	15.3792	15.0108	14.7784	11.9308	12.8142	18.8733	18.2656	9.50562																					
18.1477	13.0619	7.76201	4.26701	3.89797	3.933	3.80454	3.54318	2.93353	1.41391	2.1162	3.89797	6.5986	8.52845	4.46298	3.81784	9.00842	13.3115	10.1131	4.80602	4.97708	5.5808	7.75986	8.35971	14.9623	15.0001	11.4316	8.85159	4.22676	3.58153	8.34767	6.93591	1.12937	3.56717	6.85996	22.4168	24.4182	11.0337	6.67764	6.32584	6.89949	5.59614	5.59614	5.66567	6.38724	6.838	6.14908	5.81094	7.3887	7.56895	5.88941	7.13555	8.60476	13.3718	14.2043	9.60935	8.99587	9.8751	10.0001	9.82128	9.24986	8.75322	16.5076	15.4672	22.3319	39.2069	40.72	32.1143	25.685	25.0577	24.4067	23.2907	19.7096	17.4528	15.8657	11.4048	4.76302	1.89301	1.66036	0.742719	0.830355	0	0	0.415199	1.35157	1.86551	1.83766	1.41391	6.28253	3.52852	18.1651	16.2511	14.5446	22.0114	20.9009	10.4681	3.89797	6.72074	14.7906	19.1753	21.066	22.3164	26.6895	26.8322	24.4433	24.6375	23.086	20.3165	18.7943	17.535	16.0504	26.8521	33.3837	24.8567	10.911	7.75353	7.76231	21.6892	20.3032	16.1659	19.6331	20.6379	19.4747	23.8348	27.2789	25.0371	20.0123	18.4534	18.9877	35.6621	40.3768	24.637	20.6627	20.1403	19.0822	16.7549	16.136	27.162	29.5117	18.1907	15.0102	12.6681	8.98666	6.02351	4.83085	8.24681	14.0795	18.3885	21.2852	25.6835	29.8676	42.7749	42.7526	33.9516	32.9745	31.8535	34.7192	37.8701	40.4409	43.5346	44.6638	44.4467	45.0035	47.4258	50.2248	55.916	57.7939	57.7732	57.9097	46.1525	29.358	30.4107	25.0653	33.4926	48.8351	55.2937	56.0068	55.9601	55.8334	56.5905	50.5688	45.5496	47.3214	48.4787	41.9448	48.862	52.7072	53.503	52.2433	51.4727	51.9508	51.6011	53.2089	45.7047	26.0565	21.0983	25.5606	35.1187	44.8937	53.664	56.8191	54.056	59.1874	53.5121	51.3281	46.8052	32.4581	10.7015	7.61131	13.8416	50.6118	50.8049	12.962	6.95576	9.45794	10.9235	11.0431	11.1007	10.9639	11.6988	16.3505	20.722	33.8918	50.3433	37.6163	13.8055	19.904	15.3779	14.2721	14.5315	11.9297	12.5638	19.1063	19.206	9.7598																					
18.2608	12.406	6.79489	2.62391	1.05018	0	0	0	0	1.57505	3.14772	2.62391	3.14772	7.31212	4.19368	2.62391	8.3429	12.406	8.85631	1.05018	0	4.19368	8.3429	9.36828	15.8616	15.3745	10.8949	7.31212	1.05018	2.09965	7.82815	7.31212	1.57505	2.62391	6.79489	23.747	25.4829	10.3876	4.71566	3.14772	4.19368	1.05018	1.05018	0.525134	2.62391	3.14772	0	1.05018	5.23685	5.23685	0.525134	3.14772	5.23685	11.4004	11.9041	6.27655	4.19368	3.14772	1.57505	1.05018	0	2.62391	14.8851	11.4004	29.2095	40.747	35.2125	18.7331	2.09965	0	0.525134	5.75718	4.19368	2.62391	1.05018	0	0	1.05018	0.525134	0.525134	1.05018	0	0	0.525134	1.57505	1.57505	0	1.05018	7.31212	1.57505	17.3086	15.3745	13.8997	24.621	23.747	4.71566	6.27655	6.79489	4.19368	0.525134	5.23685	9.36828	19.2028	18.7331	11.4004	10.3876	9.36828	6.79489	9.87875	11.4004	7.82815	25.9093	35.9075	27.5842	10.3876	5.75718	5.23685	21.5104	14.8851	4.19368	13.8997	14.8851	9.87875	15.3745	18.7331	16.3463	10.3876	9.87875	12.406	33.0543	40.4442	22.4137	6.27655	5.75718	8.3429	7.82815	8.85631	25.0535	24.1855	5.23685	4.19368	2.09965	1.57505	1.57505	1.05018	6.79489	15.3745	23.3055	19.2028	7.82815	12.406	36.5906	34.8604	12.9059	13.4039	12.9059	19.6698	20.5956	12.406	5.23685	2.09965	0.525134	5.75718	12.9059	2.09965	31.5538	34.1472	27.1701	38.569	30.0035	6.27655	22.4137	6.79489	14.8851	38.569	35.2125	19.2028	19.2028	31.9336	49.3346	42.507	33.4217	42.7911	42.2203	5.75718	8.85631	10.8949	6.27655	5.75718	1.57505	11.4004	21.9635	46.7547	43.628	15.8616	15.3745	11.4004	3.14772	15.8616	33.4217	32.3102	31.5538	51.2622	28.8079	25.0535	40.4442	34.1472	6.79489	0.525134	7.31212	49.5566	51.4669	12.406	0.525134	2.62391	0.525134	2.09965	4.71566	5.23685	1.05018	2.62391	5.75718	32.6838	51.8709	38.8886	14.3935	20.1341	15.3745	13.8997	14.3935	11.9041	12.406	19.2028	19.6698	9.87875																					
18.2593	12.4049	6.79428	2.62367	1.05008	0	0	0	0	1.5749	3.14743	2.62367	3.14743	7.31146	4.1933	2.62367	8.34215	12.4049	8.85551	1.05008	0	4.1933	8.34215	9.36744	15.8602	15.3732	10.8939	7.31146	1.05008	2.09946	7.82744	7.31146	1.5749	2.62367	6.79428	23.745	25.4809	10.3867	4.71523	3.14743	4.1933	1.05008	1.05008	0.525085	2.62367	3.14743	0	1.05008	5.23637	5.23637	0.525085	3.14743	5.23637	11.3994	11.9031	6.27598	4.1933	3.14743	1.5749	1.05008	0	2.62367	14.8838	11.3994	29.2073	40.7444	35.21	18.7315	2.09946	0	0.525085	5.75665	4.1933	2.62367	1.05008	0	0	1.05008	0.525085	0.525085	1.05008	0	0	0.525085	1.5749	1.5749	0	1.05008	7.31146	1.5749	17.3071	15.3732	13.8985	24.619	23.745	4.71523	6.27598	6.79428	4.1933	0.525085	5.23637	9.36744	19.2012	18.7315	11.3994	10.3867	9.36744	6.79428	9.87786	11.3994	7.82744	25.9073	35.905	27.5821	10.3867	5.75665	5.23637	21.5086	14.8838	4.1933	13.8985	14.8838	9.87786	15.3732	18.7315	16.3449	10.3867	9.87786	12.4049	33.0519	40.4416	22.4119	6.27598	5.75665	8.34215	7.82744	8.85551	25.0514	24.1835	5.23637	4.1933	2.09946	1.5749	1.5749	1.05008	6.79428	15.3732	23.3036	19.2012	7.82744	12.4049	36.5881	34.858	12.9048	13.4027	12.9048	19.6681	20.5939	12.4049	5.23637	2.09946	0.525085	5.75665	12.9048	2.09946	31.5515	34.1447	27.168	38.5664	30.0012	6.27598	22.4119	6.79428	14.8838	38.5664	35.21	19.2012	19.2012	31.9312	49.332	42.5044	33.4192	42.7885	42.2177	5.75665	8.85551	10.8939	6.27598	5.75665	1.5749	11.3994	21.9617	46.7521	43.6254	15.8602	15.3732	11.3994	3.14743	15.8602	33.4192	32.3079	31.5515	51.2596	28.8057	25.0514	40.4416	34.1447	6.79428	0.525085	7.31146	49.554	51.4643	12.4049	0.525085	2.62367	0.525085	2.09946	4.71523	5.23637	1.05008	2.62367	5.75665	32.6814	51.8683	38.886	14.3923	20.1324	15.3732	13.8985	14.3923	11.9031	12.4049	19.2012	19.6681	9.87786																					
19.3228	14.1162	8.62923	4.27774	2.25721	1.57482	1.44959	1.08233	0.587001	2.24185	3.75339	3.38356	3.7807	7.8801	5.36753	2.70093	8.75609	13.1503	10.7411	6.76646	5.92222	6.74369	9.59937	10.0116	16.411	15.9143	11.7158	8.85466	4.98589	4.22961	6.7836	7.05703	2.16378	2.65596	7.03309	25.0501	27.092	11.9741	7.42073	6.37473	6.89749	5.74746	5.74746	5.29433	5.9707	7.03334	6.53491	6.21588	7.56676	7.42073	6.72635	8.05117	9.52507	14.026	14.3998	10.3859	9.8251	9.94741	9.59987	9.28311	8.73544	8.57122	16.1694	6.05798	37.8341	45.0293	34.0523	16.1809	2.70093	1.44959	1.49634	4.32535	3.96207	2.25721	0.525057	1.57482	1.12904	1.91048	1.93738	1.33843	0.415096	1.59653	1.83712	1.44959	1.35122	5.3805	6.46978	5.59451	11.0736	7.68168	18.839	15.0106	14.7486	25.8939	26.2876	7.4296	6.02143	10.5181	9.31692	6.74381	7.98172	10.1102	17.1104	16.9894	12.1957	12.6833	13.0928	9.757	9.74342	10.2786	7.6087	27.594	39.1029	34.5076	29.476	33.7039	37.8926	40.618	37.3136	32.4997	30.3812	31.8528	32.873	34.2608	34.2014	32.3421	28.2864	25.0844	22.9857	33.0908	40.4443	27.9098	20.0631	20.756	21.0365	20.2931	18.7757	24.0342	21.5282	5.9018	6.50086	6.19943	6.28641	5.63689	4.27783	7.18274	14.639	24.6535	21.7924	11.4054	19.3984	36.7835	31.6907	11.401	12.3539	12.8861	20.1149	27.4067	28.19	19.2341	12.84	23.7827	28.5776	31.16	30.948	42.2814	50.8234	55.0124	59.2495	59.4599	55.371	47.1745	31.5905	26.0518	42.0152	40.0367	26.1294	28.1152	25.9397	45.3407	43.1951	35.1314	45.0509	52.2495	53.7953	54.5284	52.4252	46.5417	35.1632	22.327	19.4781	24.135	47.476	45.2581	18.4922	17.0971	11.7658	1.71092	29.1927	43.18	36.4602	37.5033	52.2463	31.5761	29.0138	43.4349	36.0867	17.0475	18.6556	23.171	49.8793	49.7807	11.8141	4.32559	7.31567	11.7773	15.1435	18.9586	20.8156	16.8744	9.49521	11.4112	39.0273	52.2232	38.1488	17.258	20.2149	15.2542	14.696	15.0836	12.2685	12.5087	18.493	18.7312	9.90692																					
19.5425	15.2528	9.99921	5.34168	2.59688	1.57467	1.4962	1.3123	1.5963	3.24345	4.23308	3.59928	3.78036	8.63417	7.69812	2.70069	7.46522	12.2556	10.3403	6.81563	6.20164	8.96615	11.8583	11.2775	17.367	16.6304	12.4402	9.7681	5.05337	4.11442	4.33684	6.53914	3.19012	2.04094	7.03245	27.5783	29.9124	12.6514	7.42006	6.25606	6.89686	5.80577	5.80577	5.39579	6.23702	7.62152	6.53431	6.55495	7.75056	6.81306	6.87489	8.28038	9.82582	14.227	14.3985	10.385	10.2007	10.131	9.56437	9.26074	8.80318	8.75558	15.521	5.55406	48.1474	46.5142	25.3558	9.28214	2.37578	1.4962	1.44946	1.44938	2.65578	2.257	2.16359	1.57467	2.17153	3.44845	2.41162	2.25696	1.75053	1.76041	1.83695	1.58555	5.23859	6.87476	6.96276	5.594	13.3488	8.78025	20.642	12.7137	12.7037	25.8918	29.6716	11.8734	5.50172	16.8058	11.0059	11.9172	13.2909	10.3481	12.7162	12.9235	10.5392	12.1026	17.3785	15.4967	8.99764	7.98099	7.09456	30.7894	44.0298	40.6901	34.1125	34.2597	38.1762	40.0449	36.7503	32.8428	29.501	33.2014	33.8825	33.8046	33.6211	31.861	27.6048	24.3384	21.7961	28.3275	38.9319	32.7311	21.8153	20.6429	20.8704	20.0578	17.9484	17.8129	15.3265	6.91621	9.06409	7.05662	6.45605	6.09953	5.36719	6.50027	11.4715	25.9008	26.3499	17.4168	26.1475	34.4869	23.8851	8.34451	9.46798	9.7445	14.8499	24.0201	31.3873	35.1662	28.1958	26.093	28.9791	31.3877	31.394	38.6309	48.48	54.2515	58.2729	59.6268	55.795	48.3856	37.926	25.7187	41.8846	42.4335	24.5338	26.5181	14.2676	34.9375	41.7049	29.8308	37.4644	48.2721	53.8247	54.4495	52.32	48.287	40.0924	26.3746	24.3882	25.555	48.5247	48.2094	23.0286	18.2107	9.85092	11.2717	42.6143	47.256	30.8489	42.165	53.1909	34.5879	35.8857	48.2307	37.2129	18.7548	19.547	24.2701	47.6169	44.8427	8.48395	4.55609	8.53518	13.1018	15.9797	20.4308	21.0769	22.374	18.2073	19.4337	45.913	50.6605	33.4943	16.5017	17.4658	13.2087	14.9285	15.0823	11.5636	11.7868	16.8359	16.8258	9.90603																					
18.7264	14.8797	9.87502	5.23485	2.09885	0	0.524932	1.04977	2.09885	3.6696	4.19207	3.14651	3.14651	8.85295	8.85295	2.6229	5.23485	10.3837	7.82517	1.57444	2.6229	9.36474	12.9011	11.8997	17.7796	16.8226	12.4013	9.36474	1.57444	1.57444	2.6229	6.27416	3.6696	1.04977	6.7923	28.7986	31.1611	11.8997	4.71385	2.6229	4.19207	1.57444	1.57444	1.57444	3.6696	5.23485	0	3.14651	5.75498	3.14651	2.09885	4.19207	6.27416	11.8997	11.8997	6.27416	5.75498	4.19207	1.04977	0.524932	1.57444	3.6696	13.3989	10.8908	51.6591	44.4312	10.3837	0	1.04977	0.524932	0	0	0.524932	2.6229	3.14651	0	2.6229	4.19207	2.09885	2.6229	2.6229	1.04977	0	1.04977	7.30933	6.27416	3.6696	1.04977	12.9011	6.27416	21.047	10.3837	8.85295	24.6126	30.7752	13.8946	5.23485	19.6628	9.36474	13.8946	15.8558	9.87502	10.3837	10.3837	7.30933	8.85295	18.7264	18.2543	8.33974	6.7923	6.7923	32.3003	45.9939	41.92	29.2001	12.4013	10.3837	17.3023	8.85295	9.36474	6.7923	21.5028	17.3023	11.8997	15.3689	13.3989	2.09885	2.09885	5.23485	21.5028	37.2511	33.4115	14.3882	4.71385	7.30933	6.27416	3.14651	9.36474	11.3961	7.30933	9.87502	5.23485	2.6229	3.6696	4.71385	5.23485	8.33974	25.9007	28.3939	20.127	27.9861	31.544	18.7264	6.7923	7.30933	4.71385	0.524932	1.57444	25.045	41.0361	34.495	16.8226	9.87502	14.3882	9.36474	1.57444	0.524932	11.3961	25.045	32.6738	21.047	31.544	34.495	13.3989	38.2358	41.0361	13.3989	12.4013	11.8997	27.9861	39.1945	17.7796	8.85295	2.6229	7.82517	2.6229	6.27416	28.7986	33.4115	21.5028	24.1772	25.045	48.8736	49.5457	25.045	17.7796	6.7923	15.8558	46.9891	45.2233	8.33974	42.496	53.2191	35.2021	38.8778	50.1998	36.58	13.3989	8.85295	13.3989	44.4312	41.0361	4.19207	2.09885	6.7923	8.33974	7.82517	12.4013	7.30933	21.5028	21.9558	22.8532	47.9485	48.4152	28.3939	12.4013	13.8946	10.8908	14.3882	14.3882	10.3837	10.8908	15.8558	15.8558	9.87502																					
18.7248	14.8783	9.87414	5.23437	2.09865	0	0.524883	1.04968	2.09865	3.66926	4.19169	3.14622	3.14622	8.85216	8.85216	2.62266	5.23437	10.3828	7.82447	1.5743	2.62266	9.3639	12.9	11.8986	17.778	16.8211	12.4002	9.3639	1.5743	1.5743	2.62266	6.27359	3.66926	1.04968	6.79169	28.7964	31.1588	11.8986	4.71342	2.62266	4.19169	1.5743	1.5743	1.5743	3.66926	5.23437	0	3.14622	5.75445	3.14622	2.09865	4.19169	6.27359	11.8986	11.8986	6.27359	5.75445	4.19169	1.04968	0.524883	1.5743	3.66926	13.3977	10.8898	51.6565	44.4285	10.3828	0	1.04968	0.524883	0	0	0.524883	2.62266	3.14622	0	2.62266	4.19169	2.09865	2.62266	2.62266	1.04968	0	1.04968	7.30867	6.27359	3.66926	1.04968	12.9	6.27359	21.0452	10.3828	8.85216	24.6106	30.7729	13.8934	5.23437	19.6611	9.3639	13.8934	15.8544	9.87414	10.3828	10.3828	7.30867	8.85216	18.7248	18.2527	8.33899	6.79169	6.79169	32.2979	45.9913	41.9174	29.1979	12.4002	10.3828	17.3008	8.85216	9.3639	6.79169	21.501	17.3008	11.8986	15.3675	13.3977	2.09865	2.09865	5.23437	21.501	37.2486	33.4091	14.387	4.71342	7.30867	6.27359	3.14622	9.3639	11.3951	7.30867	9.87414	5.23437	2.62266	3.66926	4.71342	5.23437	8.33899	25.8986	28.3917	20.1253	27.9839	31.5416	18.7248	6.79169	7.30867	4.71342	0.524883	1.5743	25.043	41.0335	34.4926	16.8211	9.87414	14.387	9.3639	1.5743	0.524883	11.3951	25.043	32.6714	21.0452	31.5416	34.4926	13.3977	38.2333	41.0335	13.3977	12.4002	11.8986	27.9839	39.192	17.778	8.85216	2.62266	7.82447	2.62266	6.27359	28.7964	33.4091	21.501	24.1753	25.043	48.871	49.5431	25.043	17.778	6.79169	15.8544	46.9865	45.2207	8.33899	42.4934	53.2166	35.1996	38.8753	50.1972	36.5775	13.3977	8.85216	13.3977	44.4285	41.0335	4.19169	2.09865	6.79169	8.33899	7.82447	12.4002	7.30867	21.501	21.954	22.8513	47.9459	48.4126	28.3917	12.4002	13.8934	10.8898	14.387	14.387	10.3828	10.8898	15.8544	15.8544	9.87414																					
19.0597	15.8492	11.5435	6.40661	2.23334	0	0.414925	0.999192	2.2639	3.67825	4.07968	3.18925	3.34149	8.74709	8.86642	3.31575	5.0921	10.3454	8.75293	4.8135	4.84522	10.1847	13.2439	12.1165	18.5456	17.6579	12.9882	10.2025	4.40227	4.80287	3.65039	5.49094	3.96487	1.35072	7.06643	30.2886	32.4686	12.9797	6.85566	5.44138	6.47774	5.37851	5.37851	5.13229	6.50904	7.93054	5.76014	6.23532	7.58398	6.08119	7.03084	8.35661	9.94699	14.6308	14.5367	10.4092	10.0856	9.47803	8.65739	8.3427	8.03162	8.27814	14.3616	13.2052	52.7868	44.4079	8.54624	0.787269	0.946117	0.414925	0	1.85503	4.85932	6.89506	6.72385	4.09233	8.42025	13.8984	16.1329	15.964	14.3622	15.0008	15.4934	15.2864	17.5095	16.4623	14.3158	11.8063	15.9325	11.3771	21.4947	11.2471	12.2644	26.1654	31.0111	18.4557	13.162	18.3692	4.5845	21.5799	26.3603	25.0193	23.6401	20.9331	18.1365	17.241	27.0877	32.1835	29.2934	24.8365	19.4931	33.7092	45.1472	42.2305	39.1801	42.0697	48.7661	49.4556	45.861	43.6266	39.5482	37.9709	36.2554	34.7043	33.4121	30.7345	27.7131	26.0061	23.1487	29.2626	40.5411	36.2687	22.7389	18.206	18.1538	16.8432	14.9463	14.575	12.6023	8.31028	9.96171	5.91983	3.93034	5.00101	6.02212	6.153	7.67636	22.5017	28.7019	28.3265	35.0698	35.0009	18.8012	16.9384	22.1432	26.0756	26.3561	20.927	29.3269	42.1024	37.8382	22.8114	17.9679	20.446	17.4025	19.6193	27.7279	35.4787	44.2873	52.643	57.2756	60.9749	63.0005	62.5756	64.0014	64.3683	61.8494	61.1947	60.4955	56.5353	48.5826	30.3599	16.8023	6.96818	7.60605	8.21936	15.0809	30.161	34.2463	25.8094	28.7006	30.0557	52.0408	54.3053	41.7458	40.9931	37.1537	35.0891	49.3916	47.4141	36.8974	53.6335	58.9192	47.2169	43.4027	50.5044	41.2501	29.3926	30.4589	34.8374	46.7736	40.537	17.6012	21.3583	27.8736	31.3305	32.323	32.7458	31.2323	37.1411	44.0132	45.8646	49.5135	43.9287	23.6252	13.0993	16.4815	15.9169	17.8327	16.3998	11.3511	11.9807	17.1482	16.9223	11.1623																					
18.6032	16.3094	13.7027	8.43705	2.49464	0	0.185547	0.764975	2.52202	3.67785	3.81938	3.1889	3.59785	8.49037	8.86546	4.31936	3.96019	9.15567	8.31334	5.03451	5.36513	10.9133	13.4867	12.1152	19.9426	19.3081	13.9728	11.1845	5.18445	4.73078	3.64999	3.72871	4.48234	1.18794	7.31875	33.1327	34.6386	12.7533	6.53169	5.32704	6.65223	5.46576	5.46576	5.2238	7.01794	8.29327	5.80649	6.53169	7.58315	5.71211	7.47606	8.4907	10.2854	15.2473	14.5352	10.2614	10.0846	9.59527	8.65645	8.34179	8.16322	8.53194	13.4833	16.2573	54.8839	44.2708	4.73056	0.787182	0.586741	0.185547	0	4.14164	7.07533	7.12536	6.44573	9.70993	15.9266	17.4527	16.6131	16.8305	14.3607	15.0868	15.528	15.3052	17.9443	16.0504	15.6228	11.7885	14.7025	15.0394	21.2717	9.06273	11.4689	26.3608	28.7858	17.2081	12.7892	13.2994	5.10486	30.1461	30.6524	25.4652	22.8076	19.937	17.6903	16.5547	31.3315	37.2339	29.0345	25.1623	19.0843	31.8653	42.1942	42.0851	49.3226	51.1697	50.0544	48.9855	45.7397	44.1204	39.7103	36.5598	36.5565	34.5493	32.4539	30.0922	27.6836	26.1325	22.9671	29.5448	40.4035	34.6275	22.344	18.0182	17.9015	16.4915	14.7968	13.2043	9.94104	6.89423	8.79189	5.69702	3.64057	5.00046	7.19809	7.67553	6.15233	13.8542	22.5371	27.5383	40.5143	39.1904	14.3604	16.7622	21.7302	26.1107	26.7842	25.6587	33.441	43.4961	43.6872	30.5598	19.1497	20.1351	17.278	23.0483	30.7427	35.1834	42.5535	50.9287	56.8785	60.4342	62.5438	62.6363	63.9797	64.4072	62.0132	61.2073	60.7512	56.0211	44.8234	30.3571	18.6807	11.9074	5.549	10.3573	17.1228	28.5366	33.3827	28.4086	30.2493	31.1995	54.7902	57.49	43.8535	41.5401	37.2069	40.2154	48.9806	43.5817	37.2678	55.9447	58.6915	44.6075	37.9256	47.0592	43.0443	31.4421	31.2738	36.5263	42.4055	33.8332	18.467	23.2793	30.2346	31.9954	32.4539	32.4064	31.1903	35.1971	42.7089	44.8812	42.2465	29.7245	13.0227	10.4727	14.8727	17.1893	20.3584	18.1983	10.9029	11.3255	17.8231	17.6081	12.1019	7.60518	2.0736	1.3118	0.946013																	
17.7732	15.85	14.3829	9.3612	2.62189	0	0	0.52473	2.62189	3.66819	3.66819	3.1453	3.66819	8.33658	8.8496	4.71205	2.62189	7.8222	6.78971	2.62189	4.19047	10.8867	13.3939	11.8952	20.5811	20.1198	14.3829	11.3918	4.19047	1.04937	2.62189	2.62189	4.71205	0.52473	7.30655	34.4847	35.5407	11.3918	3.66819	2.09804	4.71205	2.09804	2.09804	2.09804	5.23284	6.27176	1.04937	4.19047	5.75278	1.04937	4.19047	4.71205	7.30655	13.3939	11.8952	5.75278	5.75278	4.71205	1.04937	0.52473	2.62189	4.71205	11.3918	17.296	55.8554	44.1512	2.62189	0	0	0	0	5.23284	7.30655	3.66819	1.57384	12.3967	19.1891	15.85	6.27176	8.33658	2.62189	2.62189	1.57384	1.57384	9.3612	3.1453	9.8713	0.52473	9.3612	15.3632	20.5811	4.19047	6.27176	25.0365	25.892	9.8713	2.62189	7.8222	9.8713	33.0341	28.3847	12.3967	3.66819	3.66819	4.19047	5.23284	29.9844	34.4847	5.23284	9.3612	3.1453	27.977	39.8087	41.6171	52.4423	50.8256	27.977	5.23284	4.71205	16.8164	9.8713	10.8867	19.1891	10.3798	6.78971	8.33658	0.52473	4.71205	2.62189	22.3982	36.9065	29.1908	12.8963	2.62189	5.75278	3.66819	0.52473	2.62189	2.62189	3.1453	7.30655	4.71205	1.57384	3.66819	7.30655	8.33658	5.23284	6.78971	10.8867	17.296	41.0252	40.4224	6.78971	5.75278	3.1453	5.23284	7.8222	22.3982	34.1267	43.8798	46.2351	33.4014	13.8895	13.3939	8.8496	18.2477	21.4953	7.8222	2.09804	6.78971	3.66819	17.296	22.8453	17.296	37.8998	41.6171	21.4953	13.3939	22.8453	18.2477	14.8742	17.7732	14.8742	13.8895	2.62189	9.3612	13.3939	25.0365	31.5341	27.5662	27.977	27.977	55.0109	57.2881	34.4847	21.9482	7.8222	35.8866	45.9829	34.1267	12.8963	51.0341	52.4423	18.2477	15.3632	41.9091	41.0252	22.3982	14.8742	23.2895	31.1514	23.7307	9.3612	14.3829	20.1198	13.8895	9.3612	9.3612	6.78971	3.1453	0.52473	10.8867	20.1198	14.3829	7.30655	5.23284	9.3612	14.3829	20.1198	18.2477	9.3612	9.3612	17.296	17.296	11.8952	7.8222	1.57384	1.04937	1.04937																	
17.7716	15.8486	14.3816	9.36036	2.62165	0	0	0.524682	2.62165	3.66786	3.66786	3.14501	3.66786	8.33582	8.8488	4.71162	2.62165	7.82149	6.7891	2.62165	4.19008	10.8857	13.3927	11.8942	20.5794	20.1181	14.3816	11.3908	4.19008	1.04928	2.62165	2.62165	4.71162	0.524682	7.30589	34.4823	35.5382	11.3908	3.66786	2.09785	4.71162	2.09785	2.09785	2.09785	5.23237	6.27119	1.04928	4.19008	5.75225	1.04928	4.19008	4.71162	7.30589	13.3927	11.8942	5.75225	5.75225	4.71162	1.04928	0.524682	2.62165	4.71162	11.3908	17.2946	55.853	44.1486	2.62165	0	0	0	0	5.23237	7.30589	3.66786	1.57369	12.3956	19.1875	15.8486	6.27119	8.33582	2.62165	2.62165	1.57369	1.57369	9.36036	3.14501	9.87041	0.524682	9.36036	15.3619	20.5794	4.19008	6.27119	25.0345	25.8899	9.87041	2.62165	7.82149	9.87041	33.0317	28.3825	12.3956	3.66786	3.66786	4.19008	5.23237	29.9821	34.4823	5.23237	9.36036	3.14501	27.9748	39.8061	41.6145	52.4397	50.823	27.9748	5.23237	4.71162	16.815	9.87041	10.8857	19.1875	10.3789	6.7891	8.33582	0.524682	4.71162	2.62165	22.3963	36.904	29.1885	12.8952	2.62165	5.75225	3.66786	0.524682	2.62165	2.62165	3.14501	7.30589	4.71162	1.57369	3.66786	7.30589	8.33582	5.23237	6.7891	10.8857	17.2946	41.0226	40.4198	6.7891	5.75225	3.14501	5.23237	7.82149	22.3963	34.1242	43.8772	46.2325	33.399	13.8882	13.3927	8.8488	18.2462	21.4935	7.82149	2.09785	6.7891	3.66786	17.2946	22.8434	17.2946	37.8973	41.6145	21.4935	13.3927	22.8434	18.2462	14.8729	17.7716	14.8729	13.8882	2.62165	9.36036	13.3927	25.0345	31.5318	27.564	27.9748	27.9748	55.0085	57.2857	34.4823	21.9464	7.82149	35.8841	45.9803	34.1242	12.8952	51.0315	52.4397	18.2462	15.3619	41.9065	41.0226	22.3963	14.8729	23.2876	31.149	23.7288	9.36036	14.3816	20.1181	13.8882	9.36036	9.36036	6.7891	3.14501	0.524682	10.8857	20.1181	14.3816	7.30589	5.23237	9.36036	14.3816	20.1181	18.2462	9.36036	9.36036	17.2946	17.2946	11.8942	7.82149	1.57369	1.04928	1.04928																	
17.1978	16.1262	15.7016	10.3906	3.05634	1.57364	1.57364	1.49521	1.90905	3.06751	3.99776	3.89382	4.29446	7.87425	8.2158	4.48111	2.26303	7.20544	6.52971	3.51999	4.89925	10.5945	13.8791	14.0655	22.3202	20.8417	14.7996	11.8233	5.08015	3.34038	4.44683	2.60178	4.67122	0.58656	9.93967	35.6381	35.7275	11.9287	5.62357	4.68235	6.65801	5.49835	5.70756	5.95206	7.20565	7.61646	4.3065	5.59623	6.34854	4.99924	7.07351	7.23366	9.10412	14.7208	13.4167	8.47848	8.47848	8.00125	6.76142	6.80872	7.42441	8.59591	12.1469	16.8073	55.5578	46.3363	6.19462	0	0	0	0	4.4159	6.89218	5.36367	3.86745	13.0672	20.7152	19.1621	13.0135	14.3324	12.3808	15.6199	17.7778	18.5222	17.7368	12.5723	14.3477	9.7639	11.5338	17.2235	20.1915	9.85659	12.1964	26.7127	27.2959	18.1935	18.2759	12.4886	18.5414	38.2132	34.4952	24.6413	21.0731	19.6027	18.564	16.9845	35.4758	44.3823	35.1532	34.3893	26.3997	31.5683	41.0054	42.5088	51.96	51.3479	35.0479	30.0188	39.3644	48.3436	51.6217	48.4607	43.2189	37.7768	34.0995	30.3221	26.7408	25.4927	24.3005	29.5541	38.3221	31.4849	19.3342	13.8338	12.3494	10.6599	9.36002	7.82334	5.87174	4.57921	5.80169	3.75058	2.93044	3.63947	6.8331	7.82508	4.71845	6.50648	11.7116	19.2914	42.6412	42.2537	15.6914	20.9852	25.3437	25.8219	22.5985	29.6935	34.7446	40.6801	43.2156	34.0286	22.1288	22.3952	18.895	23.8513	25.8969	16.6315	21.0642	29.4706	34.8345	41.296	47.4758	50.3421	56.2366	60.5156	61.0474	61.3471	62.5986	63.789	63.9114	63.4913	62.985	62.4631	60.4665	56.0985	49.9529	43.5313	39.723	38.4326	40.1362	41.2055	57.9977	60.0276	47.6829	44.1213	39.2897	44.7947	48.889	49.1917	53.0509	60.4901	57.0249	37.5623	32.6552	45.6801	44.7412	31.6874	27.7521	30.7918	33.363	25.8772	15.6127	16.8012	19.2612	13.7513	8.97142	7.82508	6.44368	5.49811	6.19751	11.1714	15.8472	13.474	18.0578	20.643	20.5342	21.4348	25.5952	21.9678	12.417	13.2984	19.9319	19.4582	13.2039	8.64405	2.78641	1.70966	1.173																	
15.7634	16.1248	18.0878	12.4038	3.05605	1.57346	1.57346	1.44834	0.586517	1.67908	3.56311	3.52451	3.89343	6.61909	6.92811	3.96299	1.495	5.91695	5.54072	3.33996	4.68542	8.72969	12.7487	16.615	25.5974	22.1996	15.2817	12.0667	5.07966	3.27791	5.0088	1.97091	4.41549	2.63423	13.787	37.1458	35.2119	10.2269	5.20875	4.68186	7.05125	5.73955	5.62304	5.8711	6.71047	7.21657	4.6269	6.01646	5.36313	4.9987	7.23293	7.07279	9.10324	15.173	13.6373	8.47763	8.47763	8.15799	6.81045	6.80798	7.27711	8.89997	10.8537	13.1846	54.4447	49.5865	11.4858	0	0	0	0	2.6537	5.07966	5.54999	4.14021	13.5469	22.7041	22.3559	14.2112	14.6274	12.2694	17.0338	17.8302	18.4945	16.5998	12.7995	15.0654	9.78316	9.84374	18.7887	17.5495	9.41557	11.8555	26.1349	25.0771	17.0768	18.2445	16.2775	33.0065	43.3046	35.9452	24.2537	20.9375	19.4563	18.407	16.6183	39.0624	50.7414	35.6321	37.4396	28.6772	28.8517	39.7262	41.6807	50.1213	51.7466	41.7323	35.7365	41.9954	48.2229	51.6479	48.6987	42.2279	37.3828	33.95	29.9792	26.8897	25.7831	24.3511	27.9789	35.6494	30.1278	19.1823	13.7909	11.7177	10.5097	9.41557	7.74489	5.62306	4.00602	2.65372	1.75906	2.7365	2.78613	5.80408	6.79284	3.28304	4.40014	8.9597	15.7095	43.0417	43.4708	15.0188	23.4226	27.1526	25.6902	37.7584	40.8445	33.0433	32.8694	35.6644	30.8335	21.6114	22.9415	21.393	30.9077	33.7639	24.2016	24.8612	32.5924	36.4585	40.4259	46.3841	49.9437	54.5804	59.1075	60.8688	61.3222	62.3356	63.6825	63.9948	63.5732	63.0309	62.5764	60.9136	56.6777	50.2064	41.8371	36.0107	39.5411	41.4695	42.0518	58.1926	60.4365	49.7757	44.412	42.1791	46.9147	43.2082	46.5275	53.8068	59.503	52.3157	36.7883	32.0311	44.3537	44.0471	30.9591	27.6474	29.6105	29.815	23.0815	15.3372	14.7197	15.3451	12.3334	7.50898	4.71799	5.22168	10.1263	10.7275	8.65882	6.78787	9.76285	17.804	21.0703	21.9207	21.5832	28.8448	24.7817	11.5778	13.2971	21.6124	21.8766	14.6272	9.37465	3.63912	2.40976	1.17289	0.998713																
14.8687	15.8442	19.1823	13.389	2.62088	0	0	0	0.524528	0.524528	2.62088	2.09723	2.62088	5.75058	6.26937	3.66678	1.04897	5.23084	4.71024	2.09723	3.66678	6.78713	10.8826	17.2898	27.1433	22.8374	15.3576	11.8908	4.18886	0.524528	4.18886	1.04897	4.18886	3.66678	15.3576	37.561	34.4744	7.30377	2.09723	2.09723	5.75058	3.1441	1.57323	1.57323	3.66678	5.23084	2.62088	5.23084	3.1441	1.04897	4.71024	4.18886	7.30377	14.3776	12.3921	5.75058	5.75058	5.23084	1.57323	0.524528	1.57323	5.75058	8.33342	8.84625	53.5712	50.8148	13.8843	0	0	0	0	1.57323	3.1441	4.18886	2.62088	13.389	23.2815	22.8374	10.3759	9.35767	1.04897	10.3759	2.62088	0.524528	1.04897	4.71024	11.8908	1.04897	3.66678	18.713	14.8687	0	4.71024	23.7226	20.5739	3.1441	2.09723	16.8103	38.8563	44.4091	32.2804	10.3759	0	0.524528	2.09723	0	38.5368	51.2299	11.8908	27.1433	18.2412	20.1127	36.8959	39.7978	48.6236	51.6376	43.3186	31.5243	27.9678	14.8687	10.8826	15.8442	3.1441	0.524528	3.66678	3.1441	4.71024	7.81923	3.66678	16.8103	30.3669	25.8833	12.3921	2.09723	1.04897	2.62088	1.57323	2.09723	1.04897	0	0.524528	0.524528	0.524528	1.57323	5.23084	6.26937	2.09723	0	1.57323	5.75058	41.8981	43.0396	1.04897	16.8103	15.8442	3.1441	43.0396	45.2012	30.3669	27.9678	30.7558	25.8833	11.8908	15.3576	17.2898	33.3913	37.2299	26.3064	20.1127	23.7226	19.6488	4.18886	3.1441	7.30377	16.3285	19.1823	13.8843	11.8908	6.78713	10.3759	20.1127	21.9405	17.7667	20.1127	25.8833	25.4572	18.2412	7.30377	12.8915	31.5243	33.0241	31.5243	55.5117	58.3205	42.7582	24.1608	29.5797	42.4741	24.5959	2.62088	26.7264	45.7174	28.3755	11.8908	10.8826	38.2144	39.173	19.6488	14.3776	19.1823	21.4878	16.3285	8.33342	8.33342	11.3876	10.8826	6.26937	3.1441	4.18886	12.3921	12.3921	4.18886	2.09723	5.75058	5.75058	8.33342	14.8687	14.8687	27.9678	24.5959	6.78713	9.35767	21.0322	22.3904	14.8687	9.35767	3.66678	2.62088	1.04897	1.04897																
14.3775	15.6456	19.1128	15.0738	4.44924	1.97055	2.09716	1.97055	1.7092	0.524509	2.16153	2.25481	2.69804	5.25631	5.65785	3.81725	1.7092	5.23363	4.22096	1.58398	3.56242	6.89026	12.1301	19.9256	29.8003	23.845	14.6942	11.9456	4.89782	2.37352	4.7423	2.039	3.70357	4.66986	15.4555	38.5262	35.6487	8.46813	4.47239	3.86632	6.01807	5.20767	6.15194	9.48582	11.4556	10.6875	8.44653	7.99882	4.81371	3.56253	6.16547	2.7856	6.6101	16.5757	13.304	6.41031	6.01807	5.90435	3.59594	3.67596	4.38769	7.30785	7.01383	7.68217	51.3966	51.7544	21.3383	1.90849	1.18727	1.04893	1.18727	1.49473	2.16153	4.07285	5.22085	13.7567	23.233	23.4511	12.4133	11.0135	8.39704	13.1955	9.69812	10.0151	9.23052	9.28057	13.3365	7.23172	6.20941	18.4953	15.3341	11.2792	13.1192	25.9944	25.216	18.2043	18.8776	25.6684	41.4875	43.1771	33.6661	12.8229	6.75946	7.56582	5.91608	4.44948	37.7926	50.8669	13.3364	26.0809	18.5397	21.0157	35.6744	36.5898	45.4737	53.0814	47.4581	35.7739	32.73	20.729	15.1212	29.8931	30.6191	26.4653	25.7346	31.4042	38.2139	42.4096	43.9785	40.1304	33.8297	29.0054	17.6241	11.2516	6.91736	5.80026	5.05194	4.6407	2.75462	1.67878	3.74964	6.20944	7.77807	8.77785	8.6727	6.83131	3.46018	3.65262	6.42366	11.0269	40.4688	39.2239	14.8533	25.6078	23.0598	14.8267	45.0656	44.808	26.7984	28.0226	38.1689	47.773	50.8296	50.3816	48.4035	49.3808	46.8741	34.5757	25.9673	26.5618	21.3541	8.12354	9.41388	14.4515	22.7812	29.8926	32.2238	33.0803	31.5942	29.413	31.9419	39.7441	48.5009	54.0493	57.2482	59.5556	61.992	61.7683	57.1324	53.1711	50.6888	50.965	59.7698	58.4035	42.0376	24.0316	28.945	41.4757	38.7216	42.511	44.2572	46.9413	32.5968	29.2854	43.2621	48.0308	41.7928	26.3907	20.8037	19.4615	17.9106	14.0242	10.4021	10.1522	12.9453	13.6114	10.1734	8.80436	10.015	15.9067	17.9095	16.643	17.8085	18.3664	12.6823	12.8029	14.2804	14.6211	27.2971	23.4977	11.1684	13.2983	23.2638	24.1371	16.0226	10.1341	3.89261	2.58111	1.12784	0.998515																
13.1516	14.6875	18.192	17.676	8.07503	2.00491	2.09696	2.00491	2.23167	1.17255	1.17255	1.8536	2.25461	4.22058	4.36759	3.57643	1.5839	4.98002	3.1868	0.668546	2.47237	5.0783	12.129	24.6033	34.4734	24.2646	11.7362	11.2196	4.68408	2.3733	4.98005	2.65295	2.67223	6.46216	15.4541	40.2422	37.3237	6.89467	4.2208	3.64759	5.33613	6.71851	7.48688	9.86127	11.4546	10.0782	10.0992	9.93433	4.99379	3.5622	6.58912	2.78534	5.07813	20.8054	14.2626	5.77614	5.33613	6.14008	4.07668	3.67563	4.26104	7.73599	3.95759	4.98005	45.7432	52.2371	31.1039	5.51452	1.2437	1.04883	1.2437	0.998462	0.524461	2.89404	4.88363	12.8319	22.5731	24.0994	14.0061	9.58033	8.39628	13.1944	10.33	10.0339	9.37949	10.4517	12.6997	7.20308	5.75574	16.6777	12.2354	11.4219	12.7961	23.8525	24.0798	18.1368	18.8287	34.7399	46.1155	40.5585	36.3026	16.6408	7.52274	7.56514	6.28201	4.44908	36.1204	50.1216	16.0212	23.3089	16.5846	20.1629	32.6507	29.2293	35.5711	52.4501	50.4052	37.8963	38.1946	31.0629	24.1138	28.3939	31.4785	27.0757	25.684	33.3043	38.7151	42.2565	43.9469	40.0209	27.8661	26.5722	15.8831	13.6722	7.34186	5.54856	5.26252	5.98369	5.48675	3.40492	4.99721	7.02544	8.07335	8.89765	7.87165	5.21061	3.14912	4.47573	7.92452	12.9851	36.8338	30.0645	19.4312	27.2454	21.3658	21.3872	48.6097	44.0025	17.8553	20.6774	34.407	46.4706	50.8644	50.8612	49.7694	53.7562	52.3816	40.5274	33.101	31.7442	24.2219	9.79372	9.85288	13.6376	20.0705	27.5996	31.66	32.8105	32.5169	31.0168	29.6359	38.8863	48.3181	53.558	56.7782	59.0543	61.8092	62.2949	57.7134	51.7072	49.5176	51.8565	58.0534	52.7081	34.0245	18.605	23.7282	32.6563	36.4117	42.7728	42.5858	39.6453	29.2765	34.2592	46.4814	44.5886	34.7756	23.6554	19.084	14.6708	9.88596	8.74626	10.6077	9.56815	11.7516	13.8098	10.1725	8.65081	9.58917	14.213	16.5675	16.4186	17.7663	18.0488	14.9948	19.7954	13.0439	13.8876	25.626	19.8183	10.7554	13.8467	25.5521	26.876	18.1697	11.6485	3.89225	2.11318	0.927044																	
12.3888	13.8807	17.2853	18.7082	9.86492	0.524384	0	0.524384	2.09666	1.5728	0.524384	1.04868	1.5728	3.66578	3.66578	3.14323	0.524384	4.70896	2.62016	0.524384	0.524384	1.5728	10.8797	26.7201	36.5514	23.7168	8.84386	10.3731	3.66578	0.524384	4.70896	2.62016	2.09666	7.30179	15.3536	41.0065	37.8815	2.09666	0	1.04868	4.18771	6.78528	6.26766	4.18771	3.66578	1.04868	8.33116	9.86492	3.66578	1.04868	5.74901	4.18771	4.18771	22.8318	14.3738	4.18771	4.18771	5.74901	3.14323	0.524384	0.524384	6.78528	1.5728	3.14323	41.8903	51.8311	34.822	7.30179	0.524384	0	0.524384	0	1.04868	1.04868	0	11.3845	21.9351	24.1549	13.8807	5.22942	1.04868	10.3731	5.74901	1.04868	2.62016	8.33116	10.3731	0.524384	1.5728	14.8648	6.78528	2.62016	2.09666	18.2365	17.2853	2.09666	0.524384	37.5534	48.1532	39.1653	37.5534	18.2365	4.70896	0.524384	3.66578	0	35.1739	49.7362	17.2853	21.4824	13.8807	18.2365	30.7489	25.0221	26.3001	50.1703	50.1703	36.5514	39.7901	35.5228	28.3689	3.66578	12.8881	9.35514	2.62016	19.1774	12.8881	2.09666	1.04868	15.8401	3.66578	19.1774	5.22942	11.3845	3.66578	1.04868	2.62016	5.74901	6.78528	4.18771	4.70896	4.70896	3.14323	2.62016	0.524384	0	0.524384	3.66578	6.78528	11.3845	34.4671	24.59	18.2365	21.9351	8.84386	22.3849	50.1703	43.5871	11.3845	1.04868	13.3854	8.84386	12.8881	22.8318	30.7489	50.1703	52.2281	41.0065	35.5228	34.1091	25.4511	8.84386	5.22942	2.09666	0.524384	4.70896	9.35514	9.35514	14.8648	19.1774	3.66578	15.8401	14.8648	1.04868	14.3738	2.09666	2.62016	29.968	27.5507	7.81711	23.2758	37.2223	49.5161	41.5984	20.5687	9.86492	17.2853	17.2853	6.26766	10.3731	11.8876	20.1076	17.7622	30.36	34.822	16.806	9.86492	7.81711	7.30179	5.22942	4.70896	5.22942	8.84386	6.78528	8.33116	11.3845	6.26766	2.09666	0.524384	6.78528	7.30179	1.04868	1.04868	2.62016	12.8881	22.8318	12.3888	13.3854	24.59	16.806	5.22942	10.8797	25.8772	27.9613	19.1774	12.3888	3.66578	1.5728	0.524384																	
12.3875	13.8792	17.2835	18.7063	9.86386	0.524326	0	0.524326	2.09643	1.57263	0.524326	1.04856	1.57263	3.66538	3.66538	3.14289	0.524326	4.70844	2.61988	0.524326	0.524326	1.57263	10.8785	26.7175	36.5484	23.7145	8.84291	10.372	3.66538	0.524326	4.70844	2.61988	2.09643	7.301	15.352	41.0034	37.8785	2.09643	0	1.04856	4.18726	6.78454	6.26698	4.18726	3.66538	1.04856	8.33026	9.86386	3.66538	1.04856	5.74838	4.18726	4.18726	22.8295	14.3723	4.18726	4.18726	5.74838	3.14289	0.524326	0.524326	6.78454	1.57263	3.14289	41.8872	51.8281	34.8191	7.301	0.524326	0	0.524326	0	1.04856	1.04856	0	11.3833	21.9329	24.1525	13.8792	5.22884	1.04856	10.372	5.74838	1.04856	2.61988	8.33026	10.372	0.524326	1.57263	14.8633	6.78454	2.61988	2.09643	18.2346	17.2835	2.09643	0.524326	37.5503	48.1501	39.1622	37.5503	18.2346	4.70844	0.524326	3.66538	0	35.171	49.7331	17.2835	21.4803	13.8792	18.2346	30.7461	25.0196	26.2976	50.1673	50.1673	36.5484	39.787	35.5198	28.3663	3.66538	12.8867	9.35413	2.61988	19.1754	12.8867	2.09643	1.04856	15.8384	3.66538	19.1754	5.22884	11.3833	3.66538	1.04856	2.61988	5.74838	6.78454	4.18726	4.70844	4.70844	3.14289	2.61988	0.524326	0	0.524326	3.66538	6.78454	11.3833	34.4642	24.5876	18.2346	21.9329	8.84291	22.3827	50.1673	43.584	11.3833	1.04856	13.384	8.84291	12.8867	22.8295	30.7461	50.1673	52.2251	41.0034	35.5198	34.1062	25.4487	8.84291	5.22884	2.09643	0.524326	4.70844	9.35413	9.35413	14.8633	19.1754	3.66538	15.8384	14.8633	1.04856	14.3723	2.09643	2.61988	29.9653	27.5481	7.81626	23.2735	37.2193	49.513	41.5952	20.5666	9.86386	17.2835	17.2835	6.26698	10.372	11.8863	20.1056	17.7603	30.3573	34.8191	16.8042	9.86386	7.81626	7.301	5.22884	4.70844	5.22884	8.84291	6.78454	8.33026	11.3833	6.26698	2.09643	0.524326	6.78454	7.301	1.04856	1.04856	2.61988	12.8867	22.8295	12.3875	13.384	24.5876	16.8042	5.22884	10.8785	25.8747	27.9587	19.1754	12.3875	3.66538	1.57263	0.524326																	
11.7106	13.5063	17.163	20.4143	12.5751	3.74821	3.03754	2.23109	1.49416	1.12741	1.24334	1.48263	1.86229	3.68832	4.088	4.47443	3.96089	5.20568	2.96329	1.65758	1.33652	0.668316	9.82609	28.9728	39.5222	25.3334	10.8613	10.4502	4.44383	2.29171	4.88544	2.83328	2.6	6.65345	14.8716	42.7811	39.7199	4.74066	4.45544	4.97881	6.48397	8.74002	8.30158	6.16322	4.8401	2.98637	7.81571	11.7663	11.1877	6.40777	14.2059	23.0272	23.0272	30.0293	20.4809	8.11015	6.28815	7.51814	4.81187	3.67456	3.67456	7.57593	4.7155	6.07478	37.7433	49.3565	39.7764	23.1163	13.0446	9.87689	9.99152	13.231	18.368	22.1845	22.5189	19.6411	22.2743	23.4012	14.1316	6.76676	7.11873	10.5363	7.0948	4.79779	5.61076	9.58088	11.4082	6.78927	6.20705	14.788	11.1189	12.9978	14.0479	22.8137	24.0601	16.637	14.0163	38.0053	47.3449	43.2397	45.9423	31.2104	18.1318	23.0642	22.8336	16.8844	35.1292	49.2253	32.9375	25.5565	15.7561	20.0961	29.9979	26.4924	31.8566	52.5227	53.2198	40.4476	41.6387	41.4678	40.6158	26.2047	17.7672	10.3984	6.27722	25.7985	27.6763	31.1283	36.8805	40.3955	34.0739	28.3082	14.9385	15.2947	4.5685	0.926748	3.03738	6.55372	8.07689	6.83608	8.66354	10.6373	12.6661	14.4985	14.4953	13.405	11.8886	13.29	18.5272	23.9542	34.4052	16.8555	25.4191	27.8956	18.7508	26.3434	50.2648	48.2881	31.8267	25.6206	33.8755	42.2307	44.2	41.821	41.6993	54.7481	58.3245	54.3713	52.8508	51.9143	46.464	37.3788	30.3135	23.4761	18.0887	12.1247	10.0914	9.52539	14.7783	17.9117	4.05858	15.8449	24.021	24.7356	33.647	37.7956	45.4311	53.8297	58.7933	59.2025	57.6325	55.163	52.238	39.2135	17.9756	7.37365	14.2341	16.3552	11.6819	12.6047	14.3118	22.0194	22.0189	30.1865	31.061	15.5642	11.234	10.1045	11.3094	11.3484	12.0912	12.4803	13.2595	9.02476	10.1938	15.287	15.1651	14.6509	14.4996	17.0677	20.589	21.9437	21.9437	18.6076	21.0321	26.298	14.1909	12.5327	20.6153	16.8148	11.447	14.0373	27.4939	29.3591	20.4531	12.9415	3.59448	1.49416	0.556094																	
9.97689	11.6191	14.7303	21.2709	15.3026	3.89093	3.23369	2.32126	1.12733	0.764197	1.1867	1.4825	1.66771	3.01452	3.35308	4.04153	3.96053	4.27131	2.34329	1.65743	1.3364	1.18664	7.34103	33.1957	44.263	24.9376	8.96318	8.33294	3.6881	3.16949	4.885	2.41527	2.40818	4.45489	11.9673	45.8517	43.1037	4.63858	4.5158	5.0462	6.48338	9.15544	8.30083	5.61025	4.15807	2.89293	5.14954	9.54401	13.464	20.4514	20.7654	23.9986	23.9986	34.392	26.0024	10.015	6.28758	8.39276	4.99188	3.67422	3.67422	7.57524	5.26051	5.70619	27.8065	41.4003	39.7738	28.5506	14.6912	9.98235	10.0891	14.8581	20.1175	22.7303	22.7158	18.239	17.9675	20.1837	13.199	5.69133	7.11809	8.29077	7.09416	5.08644	5.61025	9.15544	10.1685	6.78865	6.94559	12.1777	10.1299	13.2696	14.0151	20.962	24.212	17.2831	14.2967	35.803	41.6366	39.3046	49.1319	38.754	18.1302	24.4846	23.402	19.9905	30.6586	43.4262	34.96	21.3459	12.4909	20.7312	25.977	21.3668	28.3098	52.431	55.2404	41.1107	37.5129	38.2751	43.0243	30.8832	15.7156	8.46635	12.7592	35.1922	35.8872	33.1824	37.8279	41.3092	36.8089	25.6033	20.5693	20.9758	6.09621	0.668255	3.81541	7.81701	9.52795	8.26649	10.1296	12.2309	14.2078	14.9077	14.5071	13.574	12.0177	14.3901	21.4012	25.983	28.464	4.91298	33.9434	29.3703	17.9244	23.0267	45.5369	47.8936	33.7346	26.4045	39.9942	46.7312	46.3865	45.1033	39.2	51.671	57.1399	54.0958	52.9525	53.5586	48.9472	39.7866	33.137	24.9384	20.0219	12.7207	7.69851	8.17091	14.055	15.2688	4.83949	15.8435	36.7407	31.0594	32.7198	39.115	47.4913	52.6252	58.1503	59.1581	57.1434	53.2308	44.9362	27.625	10.6039	2.34321	7.77187	11.3644	10.8711	11.3544	14.7272	22.8513	24.972	27.1636	22.3665	12.2438	10.6037	8.87546	10.6225	10.9729	11.7861	13.5808	16.3698	9.02394	8.37118	13.5209	14.8297	14.6882	14.494	16.4641	20.0315	21.9317	21.9317	20.0052	31.9701	32.4336	14.4061	9.18981	11.982	13.364	12.47	15.2721	29.6745	31.8716	22.9397	13.6749																				
8.84052	9.86121	11.8832	20.5614	15.8343	1.5722	1.5722	1.04828	1.5722	1.04828	0	1.04828	1.04828	2.09585	1.5722	1.5722	0.524182	2.09585	0.524182	0.524182	0.524182	2.09585	5.74682	35.1636	46.2053	22.8239	1.04828	5.22742	1.04828	3.14203	4.70715	1.5722	1.5722	2.09585	8.84052	47.1914	44.6567	1.5722	1.04828	1.5722	4.18611	7.81414	6.26527	2.09585	1.04828	0	0	0	11.3803	26.7112	22.3771	11.3803	11.3803	33.7379	27.128	9.35161	4.18611	7.81414	3.66437	0.524182	0.524182	6.7827	3.66437	1.04828	21.9275	34.0989	34.8117	26.2914	9.86121	2.09585	2.09585	9.86121	12.3842	7.81414	4.70715	3.14203	10.8756	17.2791	11.8832	0.524182	1.04828	4.70715	5.74682	2.61916	2.61916	7.29902	7.29902	0.524182	4.70715	8.84052	1.5722	4.70715	1.5722	12.3842	17.7558	7.29902	4.18611	32.6366	34.4568	25.8685	46.7028	39.1545	4.70715	12.8833	8.84052	15.8343	24.5816	35.1636	25.8685	3.14203	0	19.6369	21.9275	9.35161	12.8833	49.9434	54.8095	38.1961	28.3597	23.7087	36.8778	25.8685	4.18611	3.66437	15.8343	38.8378	36.5409	19.6369	15.8343	22.8239	24.5816	0	21.0196	23.2678	6.7827	0.524182	4.18611	8.328	9.86121	7.81414	8.84052	9.86121	9.86121	5.74682	1.04828	3.14203	2.61916	8.84052	17.2791	19.1705	19.1705	11.3803	36.8778	25.8685	3.14203	11.3803	38.1961	42.4553	21.9275	10.3692	36.8778	38.5184	31.1249	37.5427	17.2791	38.5184	47.6712	39.4683	36.201	43.0208	38.8378	26.2914	22.8239	13.3804	12.8833	7.29902	1.04828	6.26527	13.3804	13.8755	5.22742	15.8343	41.5874	28.764	4.18611	19.1705	29.5635	7.81414	4.18611	0.524182	2.61916	9.86121	9.86121	3.66437	1.04828	0.524182	4.18611	4.18611	1.04828	6.7827	12.8833	21.9275	24.5816	23.7087	17.2791	9.86121	8.328	3.66437	4.70715	3.14203	2.61916	9.35161	16.3183	6.7827	0.524182	4.70715	4.18611	2.61916	0	1.04828	0.524182	0	0	11.3803	36.201	35.1636	12.8833	5.74682	7.29902	8.328	8.84052	13.8755	30.3504	33.0068	24.1467	13.8755																				
8.83972	9.86032	11.8821	20.5597	15.8329	1.57205	1.57205	1.04818	1.57205	1.04818	0	1.04818	1.04818	2.09566	1.57205	1.57205	0.524134	2.09566	0.524134	0.524134	0.524134	2.09566	5.7463	35.1611	46.2026	22.822	1.04818	5.22694	1.04818	3.14174	4.70673	1.57205	1.57205	2.09566	8.83972	47.1888	44.6541	1.57205	1.04818	1.57205	4.18573	7.81344	6.2647	2.09566	1.04818	0	0	0	11.3793	26.7091	22.3753	11.3793	11.3793	33.7355	27.1258	9.35077	4.18573	7.81344	3.66404	0.524134	0.524134	6.78208	3.66404	1.04818	21.9257	34.0965	34.8093	26.2893	9.86032	2.09566	2.09566	9.86032	12.3831	7.81344	4.70673	3.14174	10.8746	17.2776	11.8821	0.524134	1.04818	4.70673	5.7463	2.61892	2.61892	7.29835	7.29835	0.524134	4.70673	8.83972	1.57205	4.70673	1.57205	12.3831	17.7543	7.29835	4.18573	32.6342	34.4544	25.8665	46.7002	39.1519	4.70673	12.8822	8.83972	15.8329	24.5797	35.1611	25.8665	3.14174	0	19.6352	21.9257	9.35077	12.8822	49.9408	54.807	38.1935	28.3575	23.7068	36.8753	25.8665	4.18573	3.66404	15.8329	38.8353	36.5384	19.6352	15.8329	22.822	24.5797	0	21.0178	23.2659	6.78208	0.524134	4.18573	8.32725	9.86032	7.81344	8.83972	9.86032	9.86032	5.7463	1.04818	3.14174	2.61892	8.83972	17.2776	19.1689	19.1689	11.3793	36.8753	25.8665	3.14174	11.3793	38.1935	42.4527	21.9257	10.3683	36.8753	38.5158	31.1226	37.5402	17.2776	38.5158	47.6686	39.4657	36.1985	43.0182	38.8353	26.2893	22.822	13.3793	12.8822	7.29835	1.04818	6.2647	13.3793	13.8743	5.22694	15.8329	41.5848	28.7618	4.18573	19.1689	29.5612	7.81344	4.18573	0.524134	2.61892	9.86032	9.86032	3.66404	1.04818	0.524134	4.18573	4.18573	1.04818	6.78208	12.8822	21.9257	24.5797	23.7068	17.2776	9.86032	8.32725	3.66404	4.70673	3.14174	2.61892	9.35077	16.3169	6.78208	0.524134	4.70673	4.18573	2.61892	0	1.04818	0.524134	0	0	11.3793	36.1985	35.1611	12.8822	5.7463	7.29835	8.32725	8.83972	13.8743	30.3481	33.0044	24.1447	13.8743																				
8.83877	9.85926	11.8808	20.5577	15.8313	1.57188	1.57188	1.04807	1.57188	1.04807	0	1.04807	1.04807	2.09543	1.57188	1.57188	0.524077	2.09543	0.524077	0.524077	0.524077	2.09543	5.74567	35.1581	46.1995	22.8198	1.04807	5.22637	1.04807	3.1414	4.70621	1.57188	1.57188	2.09543	8.83877	47.1857	44.6509	1.57188	1.04807	1.57188	4.18527	7.81259	6.26402	2.09543	1.04807	0	0	0	11.378	26.7066	22.3731	11.378	11.378	33.7326	27.1233	9.34976	4.18527	7.81259	3.66364	0.524077	0.524077	6.78135	3.66364	1.04807	21.9235	34.0936	34.8063	26.2868	9.85926	2.09543	2.09543	9.85926	12.3818	7.81259	4.70621	3.1414	10.8735	17.2758	11.8808	0.524077	1.04807	4.70621	5.74567	2.61863	2.61863	7.29756	7.29756	0.524077	4.70621	8.83877	1.57188	4.70621	1.57188	12.3818	17.7524	7.29756	4.18527	32.6314	34.4515	25.864	46.6971	39.1488	4.70621	12.8808	8.83877	15.8313	24.5773	35.1581	25.864	3.1414	0	19.6332	21.9235	9.34976	12.8808	49.9377	54.8041	38.1904	28.3549	23.7044	36.8722	25.864	4.18527	3.66364	15.8313	38.8322	36.5354	19.6332	15.8313	22.8198	24.5773	0	21.0157	23.2636	6.78135	0.524077	4.18527	8.32635	9.85926	7.81259	8.83877	9.85926	9.85926	5.74567	1.04807	3.1414	2.61863	8.83877	17.2758	19.167	19.167	11.378	36.8722	25.864	3.1414	11.378	38.1904	42.4495	21.9235	10.3672	36.8722	38.5128	31.1198	37.5372	17.2758	38.5128	47.6654	39.4626	36.1955	43.0151	38.8322	26.2868	22.8198	13.3779	12.8808	7.29756	1.04807	6.26402	13.3779	13.8729	5.22637	15.8313	41.5817	28.7592	4.18527	19.167	29.5585	7.81259	4.18527	0.524077	2.61863	9.85926	9.85926	3.66364	1.04807	0.524077	4.18527	4.18527	1.04807	6.78135	12.8808	21.9235	24.5773	23.7044	17.2758	9.85926	8.32635	3.66364	4.70621	3.1414	2.61863	9.34976	16.3152	6.78135	0.524077	4.70621	4.18527	2.61863	0	1.04807	0.524077	0	0	11.378	36.1955	35.1581	12.8808	5.74567	7.29756	8.32635	8.83877	13.8729	30.3454	33.0015	24.1424	13.8729																				
8.47849	10.0996	12.7924	21.5444	18.6028	12.3357	12.1564	11.1241	9.07577	5.3322	3.01348	3.59291	3.74643	3.10291	2.43556	2.04565	1.49349	2.61845	1.74737	3.27968	8.79691	17.3819	30.0664	45.3613	46.9697	22.4958	7.71088	6.84522	3.95901	4.6257	5.7276	5.38607	5.54432	6.14393	10.9805	43.2396	48.0541	41.601	36.6688	30.6649	25.1407	22.8986	21.6883	18.1477	12.2344	4.43788	0.37056	0.668032	8.64386	23.7171	27.9406	27.6554	32.0208	49.3857	43.3908	25.7828	25.6374	26.0521	23.5611	22.4846	21.7177	20.4402	18.0915	17.0521	21.0557	28.0529	32.0226	33.934	31.2769	29.1501	28.0752	28.0256	27.3139	23.6601	21.0611	18.4636	17.0911	18.3536	12.9655	6.86012	7.37057	7.77136	7.55476	5.43306	5.70103	9.36688	10.458	7.51711	8.14954	10.4454	10.2552	13.0213	13.4261	18.4147	23.1305	17.4366	13.7896	33.6582	36.3987	28.0284	44.6646	37.0461	16.402	3.23775	15.0006	13.795	21.254	31.9354	29.342	20.9694	17.1233	24.2103	25.8549	20.4845	22.6545	49.138	55.8302	49.7464	47.0006	46.4387	52.0936	53.0645	48.4279	39.4311	35.2454	46.7702	51.7005	49.7231	47.7414	30.0604	11.3501	18.4424	26.7813	24.3671	9.38098	7.3019	9.23698	11.3372	13.7073	14.5577	17.4703	20.006	20.8872	19.5256	18.1774	17.3819	16.6396	18.8151	24.3583	25.2818	21.3937	17.2472	38.107	26.9334	9.75264	15.7687	38.6868	45.2384	32.1354	19.1449	25.443	44.463	46.4926	40.1752	22.4031	30.7516	42.6316	48.0511	55.4725	61.8575	64.7494	64.4813	61.1288	56.1839	52.9347	49.7753	46.0947	37.1676	23.6423	15.2627	7.41815	14.9835	43.8249	36.4491	19.4013	24.0389	25.586	10.213	10.5131	17.2303	20.2434	19.8256	14.7254	8.52005	4.66609	2.29057	3.44222	3.88937	4.56656	6.31189	11.3799	21.8478	25.3356	20.3252	17.9335	18.295	12.4288	3.7051	5.75123	6.76365	7.90598	12.6242	17.1942	6.64283	8.98203	12.0064	13.6845	14.2992	14.3653	14.9317	15.862	16.4357	16.6764	19.6887	37.2987	37.0459	22.292	17.2725	17.0643	14.3484	11.4073	15.9255	31.2804	33.5887	24.7959	14.0001																				
6.82228	8.37694	10.8145	19.9032	17.4841	12.3084	12.2979	11.3837	11.3419	7.63128	3.03582	3.5351	3.67248	2.75213	2.29042	1.75706	1.4467	2.61821	4.07306	6.41739	12.6092	22.0595	35.5897	46.7668	40.1698	16.8019	8.66457	5.95889	3.95865	4.62528	4.79859	5.28383	5.48233	6.00984	9.6548	29.7216	41.5034	42.3922	37.8829	32.6798	26.8001	23.05	22.241	19.7472	18.1315	9.84415	0.828457	0.763834	3.15179	14.4741	25.9464	49.0165	47.634	51.7289	51.3069	25.5212	25.5377	26.8228	23.7246	22.4901	21.7781	19.9566	17.94	17.0363	14.7453	13.7613	21.4635	30.7789	31.5815	29.254	28.0468	27.6831	26.7149	23.1357	21.7999	19.1553	15.5205	15.1967	11.1813	7.09104	7.3699	7.18755	6.88387	5.31899	5.39504	8.37708	10.1249	7.82227	8.64908	8.79602	11.2295	13.7075	13.6833	17.3366	22.6445	18.5462	15.9458	33.6557	38.9728	31.7408	39.8198	28.4097	22.9665	22.7688	13.7724	8.09955	14.1372	22.6001	26.0367	22.0337	17.8011	24.0367	24.0614	20.0401	23.172	42.7107	51.0157	49.0389	46.8175	45.8006	49.904	52.8652	50.8006	43.8368	34.5497	42.1816	50.2546	49.9327	48.873	44.4759	26	27.5412	36.5726	25.6312	9.7669	7.51865	9.35732	10.9855	15.0852	16.7696	19.2623	21.3383	21.2189	19.4608	18.3233	17.6018	16.6786	19.1591	25.1386	24.9699	17.5594	25.2133	40.4581	28.7653	14.6381	13.7111	33.8337	44.3009	37.7992	27.4463	18.4332	39.7012	43.9224	32.8789	19.2337	10.9689	26.3692	43.517	53.6369	60.3389	64.065	65.3191	62.8501	57.0303	53.8726	50.067	46.9925	41.1192	25.1579	11.9771	6.45699	10.2156	47.2538	47.7795	20.6194	20.553	15.1719	13.027	14.5044	18.0998	20.5783	18.722	13.2527	8.51928	6.6422	4.97576	1.90668	2.92683	4.56614	4.25729	8.32886	21.6204	26.8127	12.6332	13.3761	24.4785	18.2046	2.65076	4.71281	6.40451	7.76859	15.9928	18.3615	4.83747	10.3165	11.5596	13.425	14.2271	14.364	15.0639	15.9539	16.438	16.6787	21.2099	35.7288	35.5167	24.0497	17.197	19.7447	18.0295	11.6041	17.724	32.7753	34.6619	26.0756																					
5.22495	5.7441	6.7795	16.7924	12.8774	1.04778	3.14054	3.66264	9.85661	7.81047	0.523933	0.523933	0	0.523933	1.04778	0.523933	0	2.09486	5.22495	7.81047	12.8774	20.0917	31.1128	40.074	25.0032	7.29558	5.7441	2.09486	1.04778	3.14054	1.57145	0.523933	1.04778	1.04778	4.70493	12.3785	14.362	16.7924	17.7479	19.1621	15.341	8.83638	9.85661	11.8777	19.1621	12.3785	1.04778	0.523933	1.04778	1.04778	15.8271	55.6489	52.2043	44.1077	51.606	7.29558	2.09486	12.8774	5.7441	1.04778	2.61792	0.523933	1.04778	0	3.66264	5.7441	5.7441	12.3785	12.3785	4.70493	0.523933	6.7795	8.3241	0.523933	9.85661	8.3241	2.61792	8.83638	7.29558	2.61792	1.04778	2.09486	3.66264	2.09486	0	4.18413	6.26232	3.14054	6.26232	3.66264	6.7795	7.81047	4.18413	8.3241	16.3109	11.8777	12.3785	32.6242	39.7659	33.3614	36.8647	18.2219	23.6987	32.251	1.57145	1.04778	10.3644	14.362	15.8271	10.8706	7.29558	19.1621	16.7924	6.7795	14.8526	33.7254	40.3795	34.7989	27.1169	17.2713	16.3109	23.2579	34.4441	35.1507	9.85661	9.34724	25.8578	22.3675	27.9409	50.1461	37.8576	29.5518	40.6821	25.8578	7.81047	2.61792	4.70493	7.29558	13.3743	14.362	14.8526	14.8526	11.375	5.22495	3.66264	5.22495	3.14054	10.3644	19.6283	18.2219	6.7795	28.3483	41.5739	29.5518	15.8271	0.523933	25.8578	40.074	37.1986	29.9467	29.9467	16.3109	0	1.04778	1.04778	1.04778	2.09486	4.18413	0.523933	12.3785	18.6933	44.1077	47.6576	30.7272	28.7526	15.341	20.5525	31.8747	18.6933	2.61792	0.523933	2.61792	48.5913	52.0066	11.375	3.66264	5.7441	13.8692	14.8526	8.3241	6.26232	0	3.14054	3.66264	6.7795	6.26232	1.04778	2.09486	1.04778	1.57145	6.7795	21.4657	27.5305	7.81047	1.04778	25.432	20.5525	0	0.523933	0.523933	1.57145	16.7924	18.6933	2.09486	7.29558	0	1.57145	1.57145	0	3.14054	2.61792	0.523933	0.523933	16.3109	32.6242	31.4953	18.6933	5.22495	16.3109	17.7479	9.34724	17.7479	33.3614	35.1507	26.7003																					
4.83624	5.2825	6.52036	16.3413	13.5069	3.4562	3.9534	4.39411	9.83043	7.96234	0.926085	1.67684	8.86955	18.3198	28.4792	37.9695	43.6895	48.4051	53.0618	55.3062	55.6036	55.0359	54.3001	51.7007	35.921	22.832	14.6088	12.3882	10.3718	10.6171	11.6705	11.9015	11.0029	10.2763	11.847	22.3247	38.4213	46.7903	48.3393	48.1448	46.4847	44.6127	43.8938	43.0558	41.6672	31.8342	14.9275	14.8644	13.9015	5.72593	12.8873	55.9428	54.7077	39.4349	52.9318	32.4711	16.427	11.7021	21.9738	31.7016	31.6963	25.5505	16.053	7.49926	3.01255	3.81289	7.83139	15.9593	20.4281	20.0509	20.2237	18.2291	14.5722	10.1232	13.3984	15.3816	15.228	14.5635	11.134	7.83142	7.11332	7.17679	6.99409	5.77901	5.49051	7.19542	9.03088	7.74324	9.00139	7.66503	11.0145	11.357	8.77731	11.2083	18.4329	17.0763	16.6557	34.4828	40.6062	32.6231	35.7407	21.204	30.7313	38.1104	13.2212	12.2626	8.64733	11.1204	15.2224	15.5103	15.649	23.1948	22.8252	19.9528	24.605	37.9569	44.7852	48.2336	49.989	44.6125	36.6991	31.1292	32.5803	35.337	25.2404	23.2898	28.0901	19.5376	22.3217	49.6118	39.6402	33.1319	42.1015	29.5482	19.3238	18.7502	18.2151	17.4397	22.6875	26.8245	28.1011	27.5149	24.4116	20.5044	18.6875	18.103	17.7163	19.4449	23.2095	20.6213	12.0835	29.7372	42.7954	31.5085	16.4303	0.555667	30.768	42.9664	36.3053	29.2035	34.772	30.3342	29.6941	32.9188	37.3577	43.1045	47.7903	49.7066	48.2425	41.618	30.353	40.3343	44.3242	30.6575	29.3471	23.9344	28.4257	37.3713	27.2403	10.0872	8.07115	10.3019	48.9125	53.3304	14.2037	3.88383	6.63835	14.2116	16.9949	13.3982	8.88988	2.22938	2.51772	2.82503	6.95522	6.96729	1.3095	3.23665	3.37622	2.98409	4.45179	19.2101	27.1673	19.0638	15.3906	29.7501	19.2834	2.15914	3.30985	4.45203	6.94826	15.2835	13.8997	10.3273	12.3424	10.2443	11.0562	11.6955	11.877	12.5688	13.2296	13.5122	13.0017	21.2565	32.7286	29.2914	23.2425	14.718	19.5405	19.1356	11.1073	18.5454	33.178	34.9009	27.5974																					
4.05511	4.25593	5.53278	14.9108	13.7436	4.25204	4.17112	5.12227	9.57784	7.96162	1.70704	4.38206	15.6531	23.5785	32.4012	40.2689	44.1571	49.4755	53.8775	55.4106	55.5319	54.735	53.365	48.4767	35.5933	29.864	14.4343	12.634	10.6516	10.3914	11.6249	11.9439	11.0316	10.2562	11.3991	27.8986	40.6433	46.2938	48.3701	48.5027	46.8544	44.7856	44.0295	43.5689	45.5703	41.2843	16.2026	16.2972	18.0812	14.2024	6.29621	56.2647	58.9267	24.8111	49.0219	40.9018	29.0674	7.93891	30.6441	32.0492	32.5834	28.3865	22.0179	10.4541	3.33518	2.59779	7.83068	13.511	19.2307	19.8246	20.2649	17.7471	13.4319	10.4292	11.7345	14.3391	15.128	13.2886	9.93842	7.62275	7.11268	7.1103	6.59716	5.63614	5.53916	6.82053	8.55375	8.12187	9.18296	7.22282	11.5166	11.0299	8.47563	9.9234	16.4068	17.9546	17.7957	36.8521	41.9283	30.555	31.8933	17.8239	39.4063	47.3426	13.6515	13.8304	6.11124	4.39371	10.822	14.0632	15.4398	21.8529	21.5315	19.5972	23.1443	34.5499	39.1671	45.386	50.9813	48.2564	46.2944	39.8916	26.2625	28.5067	40.1743	41.3325	23.6338	11.5054	9.60028	47.4711	40.37	35.1051	41.825	29.7162	20.3528	18.7833	17.9585	16.9724	25.139	29.7769	28.4152	27.0264	23.5951	20.222	19.0622	18.1708	17.6466	18.9057	21.365	18.621	11.5055	30.2989	44.5568	34.9718	17.6261	2.25956	38.2657	45.7912	31.2831	26.0444	40.9105	37.9602	30.0446	33.4246	38.2764	44.1521	48.1591	49.6976	48.6062	42.9991	29.9188	29.1695	36.2976	28.0295	24.6781	22.7637	27.2592	39.0364	34.0179	12.0649	8.26658	10.3708	48.5742	55.3588	18.4027	2.89661	5.37767	11.5615	15.8264	17.3182	11.9203	2.25968	1.24227	1.12644	6.95459	8.24393	1.83282	5.28202	4.67871	2.98381	0.370417	13.1759	21.9668	18.3517	24.9367	37.3609	16.2446	2.61748	3.77216	4.8043	8.14645	10.936	4.0678	11.5729	11.7234	10.3009	11.0019	11.65	11.876	12.71	13.4957	13.5252	13.0742	26.9709	32.3582	22.2388	23.0678	17.7467	22.2744	20.0186	12.0055	19.2299	32.4409	33.8394	28.3959	19.3639	3.3094																			
3.66157	3.66157	4.70356	13.8653	13.3705	3.66157	3.66157	5.22343	9.34456	7.80822	2.09424	5.74243	18.2169	21.9122	24.9968	24.9968	13.8653	24.1302	25.4255	12.8737	9.85378	11.8743	18.2169	12.8737	23.6925	29.5446	4.70356	4.18291	3.66157	0	0.52378	1.57099	1.57099	0.52378	0.52378	27.5236	27.934	6.77754	18.2169	23.2518	20.0863	12.375	12.375	18.2169	38.1747	42.1467	9.34456	9.85378	16.7877	18.2169	0	56.2972	60.7096	6.77754	40.6739	40.0658	33.7176	4.18291	31.8672	8.3217	13.3705	19.623	21.9122	10.3614	4.18291	4.18291	5.74243	0.52378	6.77754	1.04747	2.09424	2.61715	1.04747	3.66157	3.13962	1.57099	0.52378	1.57099	1.04747	0.52378	1.04747	1.57099	1.57099	1.04747	1.04747	2.61715	4.70356	4.70356	6.77754	0	8.3217	6.77754	2.61715	3.66157	10.8675	14.358	15.3367	37.5215	42.4334	29.1466	28.7455	6.77754	42.4334	50.9833	5.22343	9.34456	5.74243	0.52378	4.18291	5.22343	6.2605	15.3367	12.375	3.66157	7.29347	22.8082	15.8227	9.85378	34.4363	39.1329	47.1695	42.7174	20.547	15.8227	45.1604	47.6493	12.375	1.04747	2.09424	45.6765	39.4467	34.0785	40.0658	26.2739	12.375	3.13962	1.04747	4.18291	21.0049	24.565	16.3064	12.375	5.74243	0.52378	6.77754	5.74243	2.09424	7.80822	14.358	12.8737	4.18291	29.5446	45.1604	36.5198	18.2169	3.13962	41.271	46.1833	25.8512	23.2518	42.9989	38.1747	7.80822	10.3614	15.8227	20.0863	14.358	3.66157	14.358	24.565	16.7877	19.1569	31.4879	24.9968	16.7877	10.3614	16.3064	36.1801	35.1428	9.85378	2.61715	3.13962	47.8859	56.1352	20.0863	0	1.57099	7.29347	11.8743	17.743	12.8737	0.52378	0.52378	0	6.77754	8.83384	2.09424	6.2605	4.70356	1.57099	2.61715	8.3217	14.8484	0.52378	27.934	40.6739	14.358	2.09424	2.61715	2.61715	6.2605	7.29347	2.61715	7.80822	4.70356	1.57099	0	0.52378	0	4.18291	4.70356	1.04747	2.09424	28.7455	31.8672	15.8227	18.2169	15.3367	22.3616	19.623	11.3718	19.1569	31.8672	32.9867	28.3413	20.547	4.18291																			
3.66123	3.66123	4.70313	13.8641	13.3694	3.66123	3.66123	5.22295	9.34372	7.80751	2.09405	5.74191	18.2153	21.9104	24.9948	24.9948	13.8641	24.1283	25.4235	12.8726	9.8529	11.8732	18.2153	12.8726	23.6906	29.5423	4.70313	4.18253	3.66123	0	0.523732	1.57085	1.57085	0.523732	0.523732	27.5214	27.9318	6.77692	18.2153	23.2499	20.0846	12.3739	12.3739	18.2153	38.1721	42.1441	9.34372	9.8529	16.7863	18.2153	0	56.2948	60.7074	6.77692	40.6713	40.0632	33.7152	4.18253	31.8649	8.32095	13.3694	19.6213	21.9104	10.3605	4.18253	4.18253	5.74191	0.523732	6.77692	1.04738	2.09405	2.61691	1.04738	3.66123	3.13933	1.57085	0.523732	1.57085	1.04738	0.523732	1.04738	1.57085	1.57085	1.04738	1.04738	2.61691	4.70313	4.70313	6.77692	0	8.32095	6.77692	2.61691	3.66123	10.8665	14.3567	15.3354	37.5189	42.4308	29.1444	28.7433	6.77692	42.4308	50.9807	5.22295	9.34372	5.74191	0.523732	4.18253	5.22295	6.25993	15.3354	12.3739	3.66123	7.29281	22.8063	15.8214	9.8529	34.4339	39.1304	47.1669	42.7148	20.5453	15.8214	45.1577	47.6467	12.3739	1.04738	2.09405	45.6739	39.4441	34.0761	40.0632	26.2718	12.3739	3.13933	1.04738	4.18253	21.0031	24.563	16.305	12.3739	5.74191	0.523732	6.77692	5.74191	2.09405	7.80751	14.3567	12.8726	4.18253	29.5423	45.1577	36.5173	18.2153	3.13933	41.2684	46.1806	25.8492	23.2499	42.9962	38.1721	7.80751	10.3605	15.8214	20.0846	14.3567	3.66123	14.3567	24.563	16.7863	19.1553	31.4855	24.9948	16.7863	10.3605	16.305	36.1776	35.1404	9.8529	2.61691	3.13933	47.8833	56.1328	20.0846	0	1.57085	7.29281	11.8732	17.7415	12.8726	0.523732	0.523732	0	6.77692	8.83304	2.09405	6.25993	4.70313	1.57085	2.61691	8.32095	14.8472	0.523732	27.9318	40.6713	14.3567	2.09405	2.61691	2.61691	6.25993	7.29281	2.61691	7.80751	4.70313	1.57085	0	0.523732	0	4.18253	4.70313	1.04738	2.09405	28.7433	31.8649	15.8214	18.2153	15.3354	22.3598	19.6213	11.3708	19.1553	31.8649	32.9843	28.3391	20.5453	4.18253																			
12.291	14.818	17.795	25.7254	29.5059	31.0996	35.0461	38.4036	42.9099	47.6561	51.8469	55.184	57.9335	59.262	58.9102	57.5075	55.5235	53.8354	50.0141	45.114	41.8152	38.0122	35.281	30.9567	35.2073	41.4403	38.1433	34.8551	30.3024	26.2207	23.1625	20.713	18.7121	17.5047	18.2736	33.2133	35.5566	28.3507	35.5822	40.7817	42.7591	42.1361	40.7025	40.4167	47.8223	51.5079	38.7386	30.0521	29.2123	25.2634	6.84824	51.1171	61.1571	17.9767	36.1484	47.5738	52.2995	52.0198	54.2176	51.0977	52.5646	54.3258	52.6752	42.9153	33.4896	29.2157	22.9095	10.9169	2.92505	7.91355	11.7536	15.1096	17.7409	19.8695	20.1336	17.5151	15.4571	13.4934	10.3728	8.19343	7.47645	7.30402	6.89965	6.6005	6.45336	6.77662	7.86683	8.16676	9.17869	7.03953	9.74627	7.60283	4.17008	4.80642	10.6498	14.7974	17.2165	38.7883	43.181	29.7156	30.6559	16.7236	42.0412	51.8152	24.2614	18.3915	15.3551	12.5387	11.1036	10.1761	10.6992	17.4748	17.9569	17.439	20.1674	29.3499	26.6085	18.2304	33.834	38.7134	45.5159	42.208	31.2021	29.2777	47.6773	52.0808	26.9935	7.00346	2.41276	39.306	44.132	39.2351	36.4549	29.3449	25.2595	25.752	25.5317	24.3759	31.0714	33.9097	29.98	27.6235	23.4779	19.6689	18.4892	18.018	17.7179	18.1166	18.9475	15.7036	9.77522	28.3101	44.2492	43.5328	43.7247	44.2506	48.8754	48.3819	32.2399	28.2224	45.0101	42.6127	26.5741	29.0534	31.3104	32.4438	29.5623	30.2398	39.0925	48.2855	52.1191	53.2365	54.4285	54.197	53.9669	53.165	51.4921	48.7863	39.197	22.1094	19.2298	21.3841	46.8458	52.6558	19.1679	19.7408	22.6969	25.3341	26.9659	26.9935	18.9124	13.9875	14.2604	12.7985	12.8533	14.0459	11.0123	11.8684	8.14403	1.49251	3.69807	4.08342	17.7067	23.7998	34.8208	44.1181	31.293	19.4783	10.5389	7.35204	9.5151	13.7371	13.9206	11.6662	9.12996	9.20053	9.121	7.0036	5.22925	5.61346	3.41012	2.5168	3.74397	33.3647	36.9806	20.9291	19.4342	15.2701	20.5169	18.4562	11.5089	17.5633	30.7455	33.6838	30.2754	25.876	13.2933																			
13.6463	15.9289	18.9606	28.7876	32.1933	32.2903	35.8626	39.0222	44.4007	49.1231	52.5752	55.5754	58.4067	59.4399	58.587	57.1377	55.3871	53.1039	48.8761	44.7502	41.5603	37.5227	33.9554	30.1975	32.9455	38.9598	38.5569	36.1427	31.3851	26.6524	23.4947	21.1476	18.9958	17.5029	18.5308	34.5687	38.0257	28.4968	34.1991	39.3807	42.1356	42.4553	41.3781	40.6592	46.1033	51.7252	41.7336	29.9374	34.649	31.6197	9.74522	35.0304	59.9472	45.1847	23.2574	42.6336	50.6858	52.0961	53.6024	51.1494	52.332	54.3459	55.8425	47.7117	34.3026	31.214	29.2644	19.7852	5.88616	9.80099	12.1047	15.3373	17.8472	19.7351	20.6658	18.239	15.4675	13.9134	10.9606	8.31372	7.4487	7.25716	6.82047	6.59978	6.42124	6.77589	7.58893	8.48603	8.82403	7.07684	8.47228	6.45511	3.81121	4.61848	8.43475	12.3222	15.0144	39.3955	43.4493	27.3047	29.2572	17.4057	37.3572	49.8721	28.1909	17.3859	14.9584	13.3674	12.1723	10.3097	10.196	15.0394	16.3449	17.2698	19.6395	27.8399	31.7126	28.3945	32.3684	37.4229	40.7537	36.2323	31.0818	28.8939	44.9273	54.2971	38.7616	13.2049	2.04408	20.927	38.1671	33.8158	24.5602	32.6548	33.3594	26.319	25.6855	24.3121	31.7045	34.6685	30.0781	27.0975	23.2516	20.5962	18.6664	17.8825	17.6923	17.5726	17.0867	13.6463	9.44442	21.8021	36.1996	39.0187	42.8667	44.2273	45.3799	43.5848	29.2306	25.7817	45.496	45.0929	27.7099	29.5836	31.3978	31.9304	29.3039	31.3264	39.416	47.0599	51.7336	52.9683	54.2739	54.7768	54.0479	53.065	51.1087	45.5158	32.9079	21.2335	19.1542	21.4164	41.8093	43.5287	13.0998	20.6665	22.7603	24.9556	29.1227	31.9905	19.5704	14.0537	14.325	13.1958	12.5026	14.2009	10.9398	15.6305	13.7478	2.43365	3.69766	9.35608	18.1073	23.8315	33.9082	41.5873	35.0482	26.3892	13.2738	7.56687	8.57593	12.8733	13.9191	10.3875	9.00468	9.97098	9.37768	8.66638	5.28028	4.79186	1.99325	4.72023	4.09135	41.2724	43.1562	18.8676	15.889	12.1469	16.3339	16.0681	11.5077	13.5712	26.6969	31.952	28.3677	27.4324	20.3593																			
9.34103	9.34103	10.8634	24.122	24.5567	15.3311	14.3527	14.3527	24.9883	27.9249	22.8003	20.0792	28.7362	26.2652	15.817	15.817	7.80526	4.70176	4.70176	2.61615	2.61615	2.61615	6.77496	5.74024	10.8634	14.843	11.8699	17.7366	14.3527	7.80526	6.25812	6.77496	5.22143	0.523579	4.70176	31.0957	34.7808	8.31855	5.22143	11.8699	13.8602	16.3005	19.1501	20.0792	30.3216	42.9879	29.9299	8.8305	32.9767	32.9767	9.85007	21.4525	57.9821	53.5216	11.3675	5.22143	15.817	8.8305	24.9883	10.3575	1.04707	20.0792	45.92	40.3603	13.8602	18.6815	27.9249	23.2438	9.85007	8.31855	4.70176	4.70176	3.13842	1.04707	7.80526	7.80526	1.04707	5.22143	5.22143	2.09344	0.523579	1.04707	0.523579	1.04707	0.523579	2.61615	3.66017	5.74024	5.74024	1.04707	4.70176	3.66017	1.04707	3.13842	5.74024	8.31855	9.34103	38.8056	42.9879	23.6844	25.417	9.85007	31.4781	46.4222	22.8003	2.61615	2.61615	6.77496	8.31855	5.74024	4.18131	8.31855	5.74024	0.523579	2.09344	17.7366	30.3216	32.2335	31.4781	36.5093	37.1799	27.9249	20.0792	13.8602	37.5109	53.1482	42.1358	15.817	1.04707	0.523579	9.85007	8.31855	10.3575	33.3436	34.426	9.34103	4.70176	3.13842	23.2438	27.1012	16.7816	8.8305	2.61615	9.34103	7.80526	4.70176	1.57039	4.18131	7.80526	6.25812	2.09344	13.8602	23.2438	13.3656	2.61615	1.04707	24.122	31.0957	14.3527	15.3311	44.0884	44.0884	14.843	13.8602	16.3005	17.7366	12.869	14.3527	17.2604	2.61615	2.09344	12.869	29.9299	31.8574	18.6815	5.22143	1.57039	2.09344	3.13842	2.61615	0.523579	3.66017	36.5093	37.5109	1.04707	9.34103	3.13842	2.09344	20.9975	31.0957	14.843	2.09344	2.09344	4.70176	5.22143	9.34103	1.04707	15.817	16.3005	3.13842	2.61615	14.3527	15.817	2.09344	24.9883	33.3436	29.1372	26.2652	11.8699	3.66017	2.09344	2.09344	2.61615	1.57039	4.18131	5.74024	3.13842	7.2907	1.04707	0.523579	2.61615	5.74024	3.13842	44.6237	45.1494	8.31855	8.31855	7.80526	13.8602	14.843	11.3675	10.8634	23.2438	29.1372	23.6844	24.5567	22.3539																			
9.34019	9.34019	10.8624	24.1201	24.5547	15.3298	14.3514	14.3514	24.9863	27.9227	22.7984	20.0775	28.734	26.2631	15.8156	15.8156	7.80455	4.70133	4.70133	2.61591	2.61591	2.61591	6.77435	5.73972	10.8624	14.8417	11.8688	17.7351	14.3514	7.80455	6.25755	6.77435	5.22096	0.523531	4.70133	31.0934	34.7783	8.3178	5.22096	11.8688	13.859	16.2991	19.1485	20.0775	30.3194	42.9853	29.9277	8.8297	32.9743	32.9743	9.84919	21.4507	57.9798	53.5191	11.3665	5.22096	15.8156	8.8297	24.9863	10.3566	1.04697	20.0775	45.9174	40.3578	13.859	18.6799	27.9227	23.2419	9.84919	8.3178	4.70133	4.70133	3.13813	1.04697	7.80455	7.80455	1.04697	5.22096	5.22096	2.09325	0.523531	1.04697	0.523531	1.04697	0.523531	2.61591	3.65983	5.73972	5.73972	1.04697	4.70133	3.65983	1.04697	3.13813	5.73972	8.3178	9.34019	38.803	42.9853	23.6825	25.415	9.84919	31.4758	46.4196	22.7984	2.61591	2.61591	6.77435	8.3178	5.73972	4.18093	8.3178	5.73972	0.523531	2.09325	17.7351	30.3194	32.2312	31.4758	36.5068	37.1774	27.9227	20.0775	13.859	37.5083	53.1457	42.1332	15.8156	1.04697	0.523531	9.84919	8.3178	10.3566	33.3412	34.4236	9.34019	4.70133	3.13813	23.2419	27.0991	16.7802	8.8297	2.61591	9.34019	7.80455	4.70133	1.57024	4.18093	7.80455	6.25755	2.09325	13.859	23.2419	13.3644	2.61591	1.04697	24.1201	31.0934	14.3514	15.3298	44.0857	44.0857	14.8417	13.859	16.2991	17.7351	12.8678	14.3514	17.2589	2.61591	2.09325	12.8678	29.9277	31.855	18.6799	5.22096	1.57024	2.09325	3.13813	2.61591	0.523531	3.65983	36.5068	37.5083	1.04697	9.34019	3.13813	2.09325	20.9958	31.0934	14.8417	2.09325	2.09325	4.70133	5.22096	9.34019	1.04697	15.8156	16.2991	3.13813	2.61591	14.3514	15.8156	2.09325	24.9863	33.3412	29.135	26.2631	11.8688	3.65983	2.09325	2.09325	2.61591	1.57024	4.18093	5.73972	3.13813	7.29004	1.04697	0.523531	2.61591	5.73972	3.13813	44.6211	45.1467	8.3178	8.3178	7.80455	13.859	14.8417	11.3665	10.8624	23.2419	29.135	23.6825	24.5547	22.3521																			
38.2171	42.7929	46.3035	52.2118	55.6544	56.6065	57.6661	58.6689	60.1031	59.9521	58.3584	57.0423	55.7081	51.8762	45.7148	40.1578	36.4121	35.2564	32.4413	28.6377	27.6648	28.7742	28.8205	26.5099	27.2235	30.2973	31.5519	33.8793	32.6097	29.473	27.2098	25.8486	24.1953	22.2646	22.4906	35.6472	37.3675	20.4318	20.8675	25.8995	29.8358	32.391	33.9172	33.4324	37.7115	46.4426	40.6172	32.5024	40.7116	40.1071	24.1589	14.2446	53.0035	56.6445	32.5579	11.687	8.84393	12.472	21.3378	9.26115	3.14343	17.3771	42.049	41.4703	30.3728	29.0617	33.0644	27.3804	14.7158	14.2913	13.5646	13.8789	12.7799	10.9369	6.9334	5.32356	14.5651	17.4066	15.6941	11.2857	9.33986	8.74817	8.45446	8.0982	7.55161	7.89785	8.80108	10.2702	10.2366	7.82138	7.23427	5.10582	3.23438	4.24925	6.4819	8.46986	10.6183	38.9453	43.4679	25.6683	26.3584	15.4109	31.5494	47.4245	40.6414	35.6559	29.5212	24.138	19.6409	13.0949	7.18298	8.65054	10.3973	12.659	13.1681	22.0801	34.6575	37.104	36.975	45.6802	46.6229	34.7528	24.5951	22.4951	40.0861	52.0282	39.9847	14.7441	1.18495	2.25057	10.9706	8.36902	9.64901	31.9735	38.0048	19.3248	18.4505	23.0674	30.7275	31.9763	25.2013	20.7049	17.5259	17.4532	15.4301	14.7352	14.3212	13.6103	12.2917	8.86301	6.34821	14.1304	27.8831	34.8474	39.5112	42.279	41.148	32.9714	18.8501	20.4652	43.1454	42.2479	14.8741	14.0268	16.2155	18.909	15.8932	15.8573	17.0345	5.72765	6.34292	16.6621	30.4038	30.4828	18.6187	5.90468	2.06851	2.69292	4.21319	9.59798	13.1766	13.7021	28.5717	33.5661	36.2832	39.5932	40.5035	42.8452	47.1837	51.3303	47.0109	35.4088	28.0482	28.1827	29.6057	32.207	32.8208	35.0226	32.9768	26.2354	20.9964	26.4411	34.3942	34.5895	40.6944	46.0322	44.2198	38.1115	23.4646	9.32003	1.24145	4.91641	5.86182	4.10273	5.22059	6.29205	9.97647	23.0545	31.8738	39.768	43.2855	43.7021	40.7594	46.7637	46.1592	23.7072	24.6767	22.9163	18.1109	10.9528	8.80074	12.2245	24.1195	30.6437	28.9576	29.9371	28.3146																			
40.8315	43.9278	47.185	54.1004	57.0204	56.8902	57.8734	58.8573	60.2696	59.6831	58.0704	56.8377	54.881	50.8403	45.2868	39.3694	36.2995	35.172	32.6303	28.761	27.6175	28.7313	28.5606	26.2754	26.7133	29.28	31.3098	33.7915	33.0929	30.1782	27.6715	26.2255	24.606	22.3497	22.6429	35.0704	35.7519	20.4298	20.6586	24.8263	29.0229	31.9869	34.4029	34.6458	37.221	43.8911	40.3147	33.7916	41.6377	42.1984	28.4933	10.253	36.0174	56.5711	44.1028	13.233	5.76209	14.0828	13.0137	6.76309	3.07728	11.7418	31.1378	36.0176	32.9932	32.0509	36.0745	30.1141	14.4038	13.7858	13.4124	13.8775	13.5538	11.007	8.45333	13.3619	16.0159	17.7342	17.9686	11.997	9.3953	8.72443	8.44567	8.06431	7.55079	7.76046	8.54741	10.2691	10.3818	7.82053	6.44758	4.40599	3.14853	4.06888	6.25909	6.63523	8.64589	38.0018	43.3292	26.2553	24.7955	14.5029	24.4255	40.8884	40.0896	36.1043	31.4352	26.8912	23.7614	18.2947	8.78666	6.41086	9.93097	12.7786	13.2102	25.4379	42.0198	44.0355	40.8573	51.606	47.9957	30.4012	20.8297	24.5059	40.2229	48.3689	34.7567	12.5231	1.44509	5.28443	11.6755	7.01192	6.47352	26.9163	43.0324	34.8832	19.8259	23.3197	30.0497	30.5043	25.0631	20.2961	18.6359	18.6197	15.2011	14.5969	14.3505	13.3112	11.0646	7.70427	6.34752	11.7974	24.0081	34.2796	39.7641	42.3763	39.202	26.5476	16.4512	21.5378	39.8549	37.9856	14.8725	14.2705	15.9728	20.9763	19.7272	15.4281	14.784	6.00341	6.34223	19.1512	29.272	26.7316	17.9213	5.68244	2.28799	3.1592	6.27796	11.2555	13.4053	13.514	8.76005	22.3938	37.3893	39.7269	40.7922	43.0075	46.4232	50.8199	50.3261	39.3062	28.2678	28.039	29.7124	33.129	32.8963	36.1936	34.3323	27.5327	21.6949	29.7768	39.9626	34.7095	39.2679	45.7142	48.3074	43.6623	32.3453	16.2668	5.47628	5.03849	5.57755	4.21675	5.22002	5.03842	14.2531	32.5572	36.0977	40.7155	43.4822	43.8802	41.8946	40.7084	42.9512	24.7498	24.8198	22.3746	16.1243	5.85831	3.68246	9.91756	21.064	27.4235	28.797	31.3973	34.5122																			
27.9158	22.3462	22.7925	39.736	39.4251	22.7925	20.9901	20.9901	28.7269	21.445	13.8551	13.8551	11.8654	6.25573	7.8023	3.13722	5.73806	1.56978	7.8023	5.21944	0	0.523378	2.09264	0.523378	6.77239	7.28793	9.84637	17.2541	17.2541	13.3607	10.3537	9.84637	8.82716	3.13722	6.25573	29.5257	30.7006	8.3154	2.61515	1.56978	7.8023	13.8551	21.445	24.9799	28.7269	35.4708	28.7269	18.2038	35.8164	38.7949	24.9799	16.7756	16.7756	53.3252	46.4112	10.3537	12.8642	12.8642	7.8023	5.21944	0.523378	8.82716	22.3462	24.9799	24.9799	27.9158	35.1221	29.5257	8.82716	6.25573	3.65877	4.69996	7.28793	2.09264	10.3537	18.6748	9.84637	7.28793	13.8551	6.25573	1.56978	0.523378	0	0	0.523378	1.56978	2.09264	5.73806	6.25573	1.04667	0.523378	0	0	2.61515	5.21944	3.65877	3.13722	36.8355	42.6955	24.9799	21.897	6.25573	10.3537	25.834	19.1433	10.8593	18.2038	19.6091	21.445	19.1433	8.3154	1.04667	3.65877	2.61515	2.61515	25.4085	45.1384	46.6589	40.6521	51.9771	41.8356	4.69996	3.65877	20.0721	37.8282	45.3976	31.4683	11.3633	1.56978	6.77239	11.3633	5.21944	2.09264	22.3462	44.8767	40.952	11.8654	6.25573	20.9901	22.7925	16.2946	6.25573	9.84637	13.3607	6.77239	3.65877	2.09264	0.523378	1.04667	0	2.09264	8.3154	8.3154	7.28793	9.33751	6.25573	3.65877	8.3154	4.69996	18.2038	37.1694	35.4708	14.8376	14.3474	15.8112	21.897	20.9901	13.3607	12.3658	3.65877	2.09264	18.6748	27.5056	24.1138	17.2541	4.69996	2.09264	3.13722	7.28793	8.82716	3.65877	1.56978	2.61515	12.3658	16.7756	11.3633	10.3537	8.3154	9.33751	26.6759	39.4251	29.9204	6.25573	0	6.77239	16.2946	4.17971	22.3462	22.7925	13.8551	8.82716	25.4085	36.4988	5.73806	15.3255	31.8475	44.0774	42.4115	34.4158	19.1433	7.8023	2.61515	0.523378	2.09264	4.17971	2.09264	14.8376	34.4158	28.3229	17.2541	9.33751	10.3537	19.6091	23.6763	37.1694	13.8551	9.33751	1.04667	6.77239	7.28793	1.56978	3.65877	15.8112	20.9901	23.2358	28.3229	36.1591																			
58.1163	59.9564	61.2289	63.0881	62.2578	59.1273	57.2276	55.6125	54.494	50.7459	46.9284	44.3965	41.7666	38.3182	35.6118	30.857	27.2705	25.637	25.9616	24.2971	21.4653	21.7341	22.9893	21.8559	20.5771	18.1545	17.539	21.9838	23.6258	23.6094	23.7011	24.5501	25.0778	24.0841	23.5308	31.674	29.7222	11.3282	9.53307	10.4038	13.3266	17.562	24.4687	29.2667	33.3521	38.8271	32.2575	22.632	36.8255	42.4072	36.1267	28.9109	8.45768	48.4781	50.2548	40.1263	37.324	33.5456	28.5697	25.1687	19.8863	14.4353	19.4894	22.5874	24.8563	28.3971	36.3795	30.9031	10.2414	8.36668	6.93378	6.333	7.33319	6.0943	10.777	15.4704	10.4551	4.1508	13.6699	12.1179	10.5537	9.21063	8.44415	8.3151	8.21234	8.10614	7.98175	9.49483	10.2337	8.16349	5.9032	4.44741	3.92785	4.44731	6.03862	4.98674	4.64881	35.4756	41.9971	26.8746	23.6684	13.8841	15.7023	26.1186	23.5329	18.068	20.7207	19.7061	20.3917	18.1176	8.70715	1.49146	4.83122	5.97121	7.58479	27.5071	45.8812	45.4478	40.0735	53.7046	49.3021	35.4769	48.8161	54.4843	54.2269	46.5955	24.6342	8.05661	22.9678	33.4252	40.5876	40.8225	37.4169	39.3446	48.3321	42.5038	22.8205	20.1548	27.9353	29.5308	24.3741	18.6185	19.0444	19.558	14.9303	12.8587	10.5553	6.69725	3.03205	1.24109	3.63045	11.6011	12.0537	8.69982	7.65683	6.0021	2.74859	8.15702	4.83133	15.2438	33.5411	36.8013	31.7803	31.4247	28.3679	28.8275	31.624	34.722	38.4712	40.0216	40.0124	41.8481	44.908	46.271	49.0156	50.8946	50.8069	50.3077	49.91	49.6188	50.7553	52.7107	55.1653	57.9804	59.4432	59.0791	57.839	53.7897	47.4081	44.8102	48.1177	40.7606	36.2347	40.0216	43.2308	47.0202	46.5143	48.0221	48.5194	49.1037	49.6188	50.2528	46.6682	28.0988	23.7591	33.853	44.6113	42.7705	34.5355	19.3681	11.9365	13.9997	18.6329	23.2539	29.4275	35.8595	40.8661	45.9159	41.9713	35.8837	32.1791	33.7557	40.6293	41.6496	39.9205	24.2617	20.6377	19.1126	22.1734	24.9247	22.6124	15.7018	10.3608	17.1578	26.6708	31.9761	37.4922																			
60.0598	60.5107	61.4859	62.997	61.8092	58.805	56.8874	55.2957	53.7262	50.0588	46.5428	43.9965	41.384	38.2569	36.7491	32.1647	27.0527	25.6187	26.086	25.028	21.6311	22.0397	23.0089	22.2168	21.9281	19.4996	17.6709	20.43	22.0025	22.8674	23.2946	24.187	24.9411	24.1444	23.2778	27.6439	24.1347	10.6635	10.478	10.3524	13.0548	15.9605	21.8221	27.8471	33.8106	40.3978	33.5863	21.0374	31.6861	39.7714	38.4085	34.935	16.2692	32.4565	46.1227	41.1505	38.9906	35.5205	29.4876	26.3243	21.4772	13.5819	12.3351	17.5171	23.9995	28.7937	38.676	33.521	11.6682	9.21124	7.23611	5.45027	6.00166	9.12282	9.08106	8.74441	11.1956	3.68133	9.95126	11.8802	10.7976	9.31684	8.45126	8.31435	8.2359	8.16276	8.05589	9.21145	9.81989	8.76752	6.58265	4.50767	3.99617	4.79922	5.82184	4.98629	5.50258	32.2521	39.6392	27.0646	22.3135	14.1175	17.538	22.6591	25.599	29.835	24.4211	18.1557	17.6405	15.9686	9.47101	1.70526	7.15903	9.83966	8.06208	29.8441	47.1141	42.4867	37.1416	56.343	59.1725	45.5207	51.1821	55.2138	51.9987	38.3063	14.6595	16.8715	28.032	35.3199	40.2039	41.5839	37.5175	38.8963	45.3831	37.7342	22.0674	20.0264	28.541	29.9776	23.3604	18.2033	20.2963	20.384	15.2879	13.4396	11.7721	8.64733	4.4354	1.6647	5.52706	15.4972	13.2099	7.04608	3.87945	5.48404	1.18456	6.75634	3.58775	9.02788	23.1297	30.3699	31.3372	33.8259	31.2628	26.5792	29.0377	33.9136	37.9323	39.9814	40.064	41.7385	43.9835	45.0856	48.4883	50.8611	50.8078	50.3104	50.065	49.5542	50.7996	52.7904	55.5415	58.437	59.5786	59.008	57.752	54.7	50.6299	47.1466	50.1768	39.9882	36.2322	40.4543	43.6748	48.0161	46.4779	48.153	47.858	48.9045	49.5542	49.4703	42.6814	35.6536	32.2177	37.2919	45.6504	43.4648	34.71	19.5976	17.1747	18.9735	19.7341	24.1288	30.4608	36.7895	41.275	44.7309	41.0044	34.8746	31.8692	33.3327	39.3633	39.8537	33.0928	23.0397	20.0003	19.3462	21.7821	24.6776	24.1625	17.9675	6.63345	8.87846	26.1417	34.6895	38.2788	30.1806	9.10828																	
46.8965	33.6901	29.519	38.4679	32.5895	10.8564	8.82478	12.3625	16.2903	6.25403	1.04638	5.21802	2.61443	4.69868	18.1992	15.8071	1.04638	0.523235	8.82478	10.8564	4.17857	5.7365	2.61443	6.25403	13.3571	12.8608	10.3509	12.3625	11.3602	9.84372	7.80019	7.28596	7.80019	4.17857	3.13636	18.1992	17.7257	6.25403	6.77055	0.523235	6.77055	8.82478	13.8514	20.9849	29.9136	39.1037	31.8405	13.3571	21.8916	31.079	32.5895	34.0508	24.9739	13.8514	31.4613	20.5274	24.108	23.6705	14.3436	13.3571	12.3625	5.21802	6.77055	14.8337	23.2302	28.7203	39.7283	34.7631	11.8623	8.31316	4.69868	1.04638	4.17857	9.84372	6.25403	5.21802	11.3602	6.77055	3.65777	5.21802	3.65777	2.09207	0.523235	0	1.04638	2.09207	2.61443	4.69868	4.69868	4.69868	4.17857	1.04638	1.04638	3.65777	4.69868	3.65777	5.21802	30.3052	37.8206	25.4024	18.6701	7.28596	15.3215	17.7257	24.108	34.7631	25.8278	16.2903	15.8071	14.8337	9.84372	1.56935	8.31316	11.3602	4.69868	30.3052	47.6195	40.6444	34.4085	57.3665	62.5726	45.9012	34.7631	30.6937	9.335	11.3602	16.7712	23.2302	24.5424	20.9849	2.09207	16.7712	5.7365	19.6041	35.809	27.4991	7.80019	5.21802	22.7869	24.108	12.3625	2.09207	14.3436	15.8071	8.31316	6.77055	7.80019	7.80019	4.69868	1.56935	6.25403	16.7712	11.3602	0.523235	0.523235	5.21802	1.04638	5.21802	1.04638	5.7365	13.8514	15.3215	11.8623	24.9739	25.8278	13.3571	4.17857	0.523235	1.04638	1.04638	4.69868	17.7257	20.9849	9.335	1.04638	0.523235	2.61443	3.65777	12.3625	6.25403	6.77055	8.31316	19.1384	25.8278	21.4396	5.7365	1.04638	27.9093	38.4679	37.8206	45.9012	26.6696	6.25403	11.8623	14.8337	26.6696	0.523235	23.6705	13.8514	8.82478	6.25403	14.8337	2.09207	34.4085	34.7631	38.7872	46.1535	43.7982	34.7631	19.6041	19.1384	18.6701	9.84372	10.3509	13.8514	15.3215	18.6701	28.7203	23.2302	8.31316	5.21802	4.17857	1.56935	3.65777	8.82478	7.28596	5.21802	4.69868	2.09207	4.69868	13.3571	13.3571	11.3602	4.17857	21.8916	34.4085	37.8206	30.6937	10.8564																	
46.8934	33.6872	29.5163	38.4648	32.5867	10.8553	8.82383	12.3612	16.2886	6.25335	1.04627	5.21745	2.61414	4.69817	18.1973	15.8054	1.04627	0.523177	8.82383	10.8553	4.17811	5.73587	2.61414	6.25335	13.3557	12.8594	10.3498	12.3612	11.359	9.84267	7.79934	7.28517	7.79934	4.17811	3.13602	18.1973	17.7239	6.25335	6.76981	0.523177	6.76981	8.82383	13.85	20.9828	29.9109	39.1006	31.8377	13.3557	21.8894	31.0763	32.5867	34.0479	24.9715	13.85	31.4585	20.5253	24.1056	23.6682	14.3421	13.3557	12.3612	5.21745	6.76981	14.8321	23.2279	28.7177	39.7252	34.7602	11.861	8.31226	4.69817	1.04627	4.17811	9.84267	6.25335	5.21745	11.359	6.76981	3.65737	5.21745	3.65737	2.09184	0.523177	0	1.04627	2.09184	2.61414	4.69817	4.69817	4.69817	4.17811	1.04627	1.04627	3.65737	4.69817	3.65737	5.21745	30.3025	37.8176	25.3999	18.6682	7.28517	15.3199	17.7239	24.1056	34.7602	25.8254	16.2886	15.8054	14.8321	9.84267	1.56918	8.31226	11.359	4.69817	30.3025	47.6164	40.6413	34.4055	57.3636	62.57	45.8981	34.7602	30.6909	9.33399	11.359	16.7695	23.2279	24.5401	20.9828	2.09184	16.7695	5.73587	19.6021	35.806	27.4966	7.79934	5.21745	22.7846	24.1056	12.3612	2.09184	14.3421	15.8054	8.31226	6.76981	7.79934	7.79934	4.69817	1.56918	6.25335	16.7695	11.359	0.523177	0.523177	5.21745	1.04627	5.21745	1.04627	5.73587	13.85	15.3199	11.861	24.9715	25.8254	13.3557	4.17811	0.523177	1.04627	1.04627	4.69817	17.7239	20.9828	9.33399	1.04627	0.523177	2.61414	3.65737	12.3612	6.25335	6.76981	8.31226	19.1365	25.8254	21.4375	5.73587	1.04627	27.9067	38.4648	37.8176	45.8981	26.6671	6.25335	11.861	14.8321	26.6671	0.523177	23.6682	13.85	8.82383	6.25335	14.8321	2.09184	34.4055	34.7602	38.7841	46.1503	43.795	34.7602	19.6021	19.1365	18.6682	9.84267	10.3498	13.85	15.3199	18.6682	28.7177	23.2279	8.31226	5.21745	4.17811	1.56918	3.65737	8.82383	7.28517	5.21745	4.69817	2.09184	4.69817	13.3557	13.3557	11.359	4.17811	21.8894	34.4055	37.8176	30.6909	10.8553																	
61.2323	59.6335	59.1166	58.4165	53.8944	47.6249	43.7751	39.4559	36.7513	34.966	35.3839	34.0375	29.6304	25.7448	28.6399	28.1037	23.7774	22.2635	22.7068	22.8234	19.7649	19.4157	19.2223	20.1398	22.5398	20.216	17.1387	18.9017	19.3928	18.8893	17.3607	16.2247	17.4734	19.3553	19.4909	21.8189	18.1599	7.43932	5.65538	0.584898	5.98013	8.3912	13.3797	21.1628	31.8053	41.3513	33.1608	13.3546	20.7955	31.4455	36.4555	40.113	35.2179	9.85732	25.4316	32.206	40.2916	46.26	45.7918	42.4244	38.9075	34.3406	29.1262	26.1534	27.4918	28.9563	38.6442	33.8631	11.7354	8.25531	5.28145	3.58671	7.72357	14.4644	15.4653	17.1777	17.1855	10.8938	8.30586	9.07499	8.9963	8.05356	6.74222	5.38632	4.32177	3.69416	3.32562	5.17803	6.28789	7.25944	7.5398	6.01694	4.38801	4.87133	4.98471	3.66633	5.10219	28.7075	36.8618	26.2891	20.7935	13.3371	20.3385	26.3454	37.0594	44.8849	36.7683	26.5096	20.7547	15.8746	9.63924	3.97793	8.49561	13.1845	9.29423	28.6907	46.7698	39.2133	37.2177	57.5122	62.4831	49.2553	37.3267	30.6015	35.7116	48.8653	53.816	57.2804	59.7985	60.4712	58.5919	56.6937	54.455	53.5198	50.5169	39.4184	28.4888	26.5102	30.5208	28.6426	19.1371	13.2464	18.3242	19.2522	14.293	12.7951	11.8955	9.8167	5.16811	1.67444	5.19429	14.8786	25.0264	33.5047	38.6272	42.0978	41.8861	38.5697	36.7433	39.0608	43.613	46.0658	43.8812	43.3313	41.4305	37.5276	36.6661	38.3198	40.7203	41.3327	40.6502	46.294	56.1643	61.3464	62.2323	61.5137	60.6083	60.094	60.7058	61.4741	61.3545	60.576	59.8706	59.3602	58.2375	55.9046	52.3627	51.0523	50.6662	48.2491	53.8016	50.9983	47.9158	43.9118	47.0737	51.7072	43.8651	38.9556	18.8137	11.8521	10.8201	8.72487	19.264	44.7538	44.5572	46.7943	50.0396	45.1518	33.7383	17.7733	17.4907	16.9637	9.91015	12.4766	16.0766	16.8487	21.3088	27.728	19.7198	8.6811	7.57514	7.73235	8.01211	9.50873	13.3562	14.9374	15.5733	14.1614	8.89986	5.72681	18.0391	25.4977	28.1021	21.3056	20.7467	33.8296	36.5113	29.5531	11.8845																	
63.5001	60.2394	58.9381	57.2545	52.4757	47.4344	43.6943	39.0192	35.976	35.3006	35.387	33.973	30.4799	26.7081	28.1731	27.9951	23.823	22.4183	22.9722	23.259	20.0691	19.414	19.3393	20.2097	24.3188	21.8376	16.739	18.0912	19.1354	19.1354	18.0912	16.1208	16.6763	19.1587	19.3809	18.6879	14.15	6.04437	3.00799	0.584845	4.21379	6.52609	10.1709	17.4135	31.9786	44.3828	35.1083	11.5384	15.2362	25.7361	33.2437	39.506	39.302	23.6903	14.5285	29.7483	38.231	45.2011	46.8886	43.7327	40.0781	35.3331	29.2657	24.5529	24.6903	24.6239	35.3758	31.6579	10.9979	7.75505	5.77006	4.82904	9.949	17.5204	18.3941	17.8271	15.425	10.147	8.42433	8.59414	9.10514	8.32114	7.08135	5.69079	5.1776	4.49071	2.97952	4.12843	5.5465	6.83057	7.40488	6.65376	5.92305	6.60029	5.50041	3.66599	4.84295	25.1899	34.1284	25.2957	19.8126	14.8267	28.6415	38.0113	45.3019	47.0171	33.9494	24.5546	17.9203	12.2129	6.78866	3.97756	6.25516	12.77	16.4151	25.1691	44.6139	33.7796	37.9697	56.7558	61.3465	52.4415	38.8522	22.7775	41.0205	51.8489	54.7315	58.2787	60.5943	60.5266	58.8541	57.3243	54.5109	53.0877	47.7636	36.5798	28.1154	26.4717	28.4816	25.8963	17.5939	13.4028	18.5067	19.0635	14.5875	14.6698	16.3479	13.5481	5.9343	1.30756	2.74738	12.5055	26.3776	34.664	39.4239	42.0405	42.173	38.6811	36.7377	39.1247	43.1296	46.1317	45.5347	45.0501	41.5913	37.5251	36.6067	38.5242	40.8487	41.389	40.7179	46.9694	56.8817	61.3617	62.2345	61.559	60.6543	60.1004	60.6148	61.4519	61.3269	60.5335	59.6774	59.1485	58.0648	55.9729	53.2873	54.0664	52.7113	46.681	51.0734	50.2589	48.1936	43.5883	49.7373	52.2237	49.8046	50.6064	22.4106	11.4964	10.0739	6.8769	35.4134	48.8469	44.3686	46.7917	48.2863	40.2447	26.2305	11.678	13.8897	13.3307	7.97777	14.798	20.3148	19.4169	24.7298	24.651	12.2401	7.21241	7.10961	7.24042	7.93615	9.16855	12.0818	14.2003	15.6551	16.563	17.6231	13.8397	16.2461	24.0745	29.3414	27.4974	15.0357	32.1876	33.7127	27.1244	13.3462																	
57.9553	40.6335	26.2415	22.779	11.356	4.17697	6.76798	4.69689	8.82145	10.8523	1.56875	3.65637	12.3579	12.3579	16.2844	15.3159	2.61343	4.17697	10.347	12.856	6.76798	5.73431	4.17697	6.76798	19.1316	17.7193	8.82145	9.33148	10.347	10.8523	10.8523	6.76798	0.523034	0	0	7.2832	6.76798	1.04598	0	0.523034	3.13516	4.69689	6.25165	11.8579	30.2956	45.3788	35.7986	9.33148	8.31001	15.8013	22.779	32.2066	36.8175	31.8306	13.3522	0	3.65637	10.8523	25.8192	24.9655	21.884	15.8013	8.31001	4.17697	14.3383	18.1926	32.9494	30.2956	10.347	7.2832	5.73431	4.69689	9.84002	17.2435	15.8013	8.82145	2.09126	3.65637	4.17697	3.13516	4.17697	3.65637	3.13516	2.61343	4.17697	4.17697	1.56875	1.56875	2.09126	3.13516	3.65637	4.17697	5.73431	7.2832	5.73431	3.65637	4.69689	23.2222	32.2066	23.2222	16.2844	11.8579	32.2066	42.3927	46.3924	41.8169	8.82145	4.17697	2.61343	2.61343	1.56875	1.56875	1.56875	10.347	19.5971	23.2222	43.237	28.7111	36.1412	55.7692	60.1649	52.9303	38.135	4.17697	35.453	39.093	30.684	37.1512	37.81	22.779	18.6634	29.5096	9.33148	6.76798	1.04598	8.31001	1.56875	4.69689	14.8282	15.3159	5.21603	3.65637	14.8282	15.3159	9.33148	12.3579	17.7193	15.3159	6.25165	0.523034	0.523034	12.3579	17.2435	15.8013	15.3159	2.61343	10.347	7.79723	0.523034	7.2832	1.56875	16.2844	27.4901	33.6799	26.6608	13.3522	1.56875	7.79723	6.76798	4.69689	6.76798	24.5341	32.2066	10.8523	3.13516	9.33148	9.33148	5.21603	2.61343	1.56875	0	1.56875	9.84002	20.5202	16.2844	10.347	25.8192	45.3788	46.3924	30.2956	32.2066	17.2435	13.8463	3.13516	36.4808	31.4515	44.3274	53.6774	22.3329	7.79723	2.61343	12.856	41.2306	46.6401	34.0406	38.7765	40.9334	29.9041	15.3159	4.69689	11.8579	11.356	5.21603	15.3159	22.3329	20.5202	25.8192	22.3329	8.31001	4.69689	3.65637	1.56875	0	0.523034	3.13516	2.61343	5.73431	13.3522	21.4322	18.1926	6.76798	1.56875	17.7193	26.2415	7.79723	31.0693	32.2066	25.8192	13.8463																	
57.9525	40.6304	26.239	22.7768	11.3548	4.17652	6.76724	4.69637	8.8205	10.8512	1.56858	3.65597	12.3566	12.3566	16.2827	15.3143	2.61314	4.17652	10.3459	12.8547	6.76724	5.73369	4.17652	6.76724	19.1297	17.7175	8.8205	9.33048	10.3459	10.8512	10.8512	6.76724	0.522977	0	0	7.28241	6.76724	1.04587	0	0.522977	3.13482	4.69637	6.25097	11.8566	30.2929	45.3756	35.7956	9.33048	8.30911	15.7997	22.7768	32.2038	36.8145	31.8278	13.3508	0	3.65597	10.8512	25.8168	24.9631	21.8818	15.7997	8.30911	4.17652	14.3368	18.1908	32.9466	30.2929	10.3459	7.28241	5.73369	4.69637	9.83897	17.2417	15.7997	8.8205	2.09104	3.65597	4.17652	3.13482	4.17652	3.65597	3.13482	2.61314	4.17652	4.17652	1.56858	1.56858	2.09104	3.13482	3.65597	4.17652	5.73369	7.28241	5.73369	3.65597	4.69637	23.2199	32.2038	23.2199	16.2827	11.8566	32.2038	42.3896	46.3893	41.8138	8.8205	4.17652	2.61314	2.61314	1.56858	1.56858	1.56858	10.3459	19.5952	23.2199	43.2339	28.7084	36.1382	55.7663	60.1622	52.9273	38.1319	4.17652	35.45	39.0899	30.6813	37.1482	37.8069	22.7768	18.6615	29.5069	9.33048	6.76724	1.04587	8.30911	1.56858	4.69637	14.8267	15.3143	5.21546	3.65597	14.8267	15.3143	9.33048	12.3566	17.7175	15.3143	6.25097	0.522977	0.522977	12.3566	17.2417	15.7997	15.3143	2.61314	10.3459	7.79639	0.522977	7.28241	1.56858	16.2827	27.4876	33.677	26.6583	13.3508	1.56858	7.79639	6.76724	4.69637	6.76724	24.5318	32.2038	10.8512	3.13482	9.33048	9.33048	5.21546	2.61314	1.56858	0	1.56858	9.83897	20.5181	16.2827	10.3459	25.8168	45.3756	46.3893	30.2929	32.2038	17.2417	13.8449	3.13482	36.4778	31.4487	44.3243	53.6744	22.3307	7.79639	2.61314	12.8547	41.2274	46.637	34.0377	38.7734	40.9303	29.9014	15.3143	4.69637	11.8566	11.3548	5.21546	15.3143	22.3307	20.5181	25.8168	22.3307	8.30911	4.69637	3.65597	1.56858	0	0.522977	3.13482	2.61314	5.73369	13.3508	21.43	18.1908	6.76724	1.56858	17.7175	26.239	7.79639	31.0666	32.2038	25.8168	13.8449																	
60.8768	49.595	42.8213	39.8209	34.1373	31.0848	29.2678	25.7362	24.0347	24.6708	23.175	23.7579	25.5942	23.285	22.9162	21.6498	14.8198	13.1884	15.2902	18.1915	17.548	16.4996	14.1686	14.4767	22.6113	21.7944	16.611	17.6776	18.8442	19.1348	18.2715	14.2757	12.7305	13.7262	14.2141	13.6741	9.10253	4.61235	2.86788	5.19576	5.88722	4.97955	4.91098	9.99049	30.1933	46.3501	35.5413	9.35283	12.2829	19.263	25.4538	34.6553	40.5907	37.7655	19.5237	5.78325	6.63642	9.11701	27.4907	35.8151	40.043	40.9842	39.056	34.5773	31.4665	28.5463	33.4165	29.0054	11.5183	8.51386	7.02925	8.45129	15.7801	21.8816	18.2591	8.87241	1.70418	3.26746	3.71561	3.51342	5.01001	4.9931	4.43244	4.26075	5.24417	5.01001	3.8813	4.55701	5.44661	5.94129	5.54175	5.36834	6.4412	7.69448	6.12257	3.84152	4.61223	22.4434	30.6321	22.6452	18.7716	15.9317	33.5008	43.5608	46.2358	41.8456	14.0988	8.11849	9.22519	5.82682	3.48435	2.16313	2.10719	9.20513	20.5347	16.8073	40.0419	33.1526	40.8126	57.8368	62.0293	55.6743	52.239	57.0055	62.349	62.9236	60.1354	57.5657	53.449	43.1438	38.805	42.5832	43.5535	42.0563	36.0455	32.2289	30.4319	29.0271	25.1699	18.0978	8.05052	6.21271	13.6562	15.3546	12.2474	14.7039	19.6722	17.0655	6.81111	1.24014	8.27052	33.8778	45.4463	46.7093	45.0812	43.6935	45.7273	48.2866	49.5528	49.3326	48.3102	49.0334	51.3678	53.4443	50.2672	40.4976	32.6875	30.4213	27.8438	27.1645	29.3184	31.6565	29.4541	5.61428	18.3891	32.1706	37.6914	40.3049	42.4144	43.6729	43.9868	43.7989	42.1544	39.3352	28.4675	11.5928	20.4301	43.8464	47.1796	32.8252	35.6311	37.7261	37.6026	21.4997	30.9491	32.384	44.4117	51.9848	20.92	7.69666	3.98482	19.8722	45.7418	45.823	27.4385	37.14	42.8439	30.5929	14.797	8.48674	14.7349	18.2374	18.5694	24.5697	33.6786	38.357	39.2054	28.8887	15.4598	14.9152	11.2581	9.10806	9.96631	9.63936	9.74793	10.1052	11.6499	16.7496	24.5716	21.2594	8.19963	2.89152	14.2875	28.2877	29.3829	32.3885	29.1251	22.5633	13.0263																	
58.6988	48.2175	42.4576	38.7029	33.5519	31.4059	30.3199	26.6993	23.7059	24.8565	23.2366	23.7264	26.9894	25.6793	23.5525	21.9667	15.6346	13.9396	14.314	16.6096	17.2413	16.0577	13.8796	14.3667	22.2439	21.4387	16.1615	17.2342	18.72	19.6874	19.8723	14.6518	12.8045	13.7664	14.2173	12.7281	8.30205	8.31768	7.54485	6.14692	5.47089	3.71544	2.16286	5.72095	29.2209	48.0324	34.8428	6.66894	10.9454	17.8834	22.609	31.6345	40.72	42.6631	25.0779	7.05012	12.171	11.3144	21.5391	32.8367	38.7437	40.8424	39.8317	34.8771	30.3509	26.469	27.8555	23.5924	10.2999	7.72642	6.63597	10.8973	19.9281	22.9762	15.7436	7.14227	4.14725	2.48563	2.51294	2.8258	4.61559	5.19189	4.26036	4.43204	5.45834	4.61559	3.73825	4.43597	5.3586	6.62586	6.35666	6.29281	7.44457	8.46014	6.89611	4.09782	4.35473	20.861	27.0452	19.2565	18.1822	16.8811	34.547	45.409	45.73	41.5534	23.8798	9.55603	9.74536	6.09751	3.48403	1.99899	1.82961	5.5959	19.6825	2.92058	30.424	29.7886	36.8921	56.8759	62.0271	52.0549	49.4227	57.7864	62.9107	62.7689	59.4686	56.1289	51.2369	41.9917	39.7057	39.7906	43.3365	42.2816	37.7467	32.5922	30.4703	28.9061	23.548	14.9005	8.22153	8.95676	10.546	12.9577	12.4388	15.7825	22.3333	20.336	7.83339	1.18365	16.4975	48.2425	50.3896	46.3469	44.7327	43.7274	45.5053	48.1895	49.5605	49.2514	48.3076	48.9491	50.9019	53.6764	53.6981	43.9467	33.0498	30.0817	27.5422	27.02	29.0409	27.9283	19.4527	6.58505	32.1779	38.5604	38.9494	40.8969	42.6231	43.7173	43.9849	43.8067	44.109	46.1975	34.8695	11.8182	8.51488	39.1478	46.59	30.1531	29.4207	36.5682	44.0916	38.6461	17.1861	27.043	40.7547	47.4694	17.4864	7.19328	5.37411	28.8252	50.1888	40.808	11.5341	32.8316	45.756	31.5421	12.2723	7.8338	12.295	16.7921	18.3264	22.5061	30.9748	39.1851	47.2241	33.4354	14.4972	16.8344	13.1096	9.10725	9.97201	9.8009	9.61112	9.99992	11.4244	16.0314	27.1336	25.7511	10.7071	5.16567	8.66016	22.6504	29.1195	25.5216	20.1153	15.5725	9.85735	9.01402	6.75141	4.88306	3.16139	1.75337	1.30706	0.942595										
50.9326	34.7425	24.0916	14.8228	1.56815	8.81813	14.8228	12.3533	6.24928	11.8534	3.13396	3.13396	18.1861	20.5129	18.1861	16.2785	7.79428	7.79428	6.76541	6.76541	4.69509	1.04558	0	6.24928	18.1861	16.7591	6.76541	7.28043	9.83633	12.8513	15.7956	8.30687	2.09046	1.56815	0.522834	0	4.17538	9.83633	9.83633	4.69509	0.522834	0	0.522834	2.61243	28.298	48.7599	34.388	0.522834	2.09046	11.8534	14.8228	24.0916	37.1406	43.226	26.2328	5.73213	14.8228	14.3331	3.65497	5.21404	10.8483	14.3331	17.2372	9.32797	2.61243	6.24928	18.1861	18.1861	7.28043	5.21404	4.69509	10.8483	20.0529	20.0529	8.30687	4.69509	5.73213	2.09046	1.56815	1.04558	3.13396	4.17538	2.61243	3.13396	4.69509	3.13396	0.522834	0.522834	1.56815	5.21404	5.73213	6.24928	7.79428	8.81813	7.28043	4.17538	4.17538	20.0529	24.9571	15.7956	14.8228	14.3331	34.388	46.1315	45.3678	41.2197	28.298	8.30687	5.21404	3.65497	1.56815	1.04558	0.522834	0	17.7129	4.69509	21.8764	17.7129	22.3252	53.2966	60.1555	40.9225	5.73213	28.7018	42.9472	36.8069	10.8483	13.8412	14.3331	11.3518	24.0916	7.79428	0.522834	11.3518	20.5129	11.8534	3.13396	1.56815	5.21404	3.13396	5.73213	9.83633	8.30687	9.83633	9.83633	14.8228	23.2142	21.8764	8.30687	0	20.0529	52.146	44.3165	8.81813	9.32797	4.69509	2.09046	2.61243	2.61243	2.09046	1.56815	14.8228	22.3252	35.4426	45.8793	34.0304	8.81813	1.04558	0.522834	1.04558	0	5.73213	5.21404	11.8534	37.1406	35.4426	20.5129	14.8228	9.32797	4.69509	0.522834	2.61243	27.4811	44.5829	34.388	10.8483	2.09046	35.4426	45.1085	23.2142	4.17538	0.522834	40.9225	44.5829	7.79428	16.7591	35.7881	44.3165	15.3103	6.76541	5.73213	32.1967	51.1394	35.0941	1.04558	29.8947	46.8746	31.8208	9.83633	0.522834	1.56815	4.17538	2.61243	1.04558	2.09046	24.9571	48.0689	33.3061	2.61243	12.3533	10.3431	1.56815	0.522834	2.61243	2.09046	1.56815	4.69509	11.3518	27.0681	27.4811	11.8534	6.24928	7.79428	6.24928	4.17538	6.76541	11.8534	11.8534	6.76541	5.73213	4.17538	3.65497	2.61243	1.04558	1.04558	1.04558										
56.6654	44.066	34.1292	25.7139	19.5907	20.4065	23.8622	23.5596	20.5635	19.5211	14.7502	14.2587	22.4188	24.5509	22.4583	21.0989	14.9025	12.5544	9.92364	10.813	12.2114	11.2262	9.1308	10.2933	19.6071	20.3998	16.2332	16.6496	17.8835	19.2282	20.7952	14.7975	11.5323	11.3125	10.9804	9.3504	8.35795	11.4937	11.7826	8.80425	8.80449	9.7097	9.32747	7.94624	28.9854	47.7292	31.1294	9.67404	12.1692	17.2219	19.3578	26.005	37.83	44.0581	28.7149	14.2265	18.4346	16.5388	7.8977	1.99848	9.71793	18.5553	26.7498	29.7751	29.6217	27.302	25.5963	21.0025	12.6625	10.6321	10.0093	15.3989	22.6583	19.2362	5.99867	6.18913	6.0573	1.3068	1.58968	3.54621	5.27808	6.27027	5.31952	5.39513	6.3023	4.80868	2.28516	0.784137	3.88008	8.84921	11.7156	13.1253	13.7256	12.3277	8.84931	5.39513	4.09708	19.4905	24.7395	15.3269	14.2282	13.8694	32.3536	44.8327	47.1576	46.3343	36.3567	12.7764	7.09583	4.96437	2.64465	2.68937	2.66394	2.06572	15.2488	9.74973	19.7491	25.9838	30.2374	54.1223	62.0275	55.7918	54.6273	54.7583	52.2385	42.7147	26.7764	20.6322	15.1624	13.7034	22.9241	14.8693	18.3132	22.5031	28.6819	25.8555	22.6792	19.5572	15.8839	8.06229	8.8939	14.4821	10.3692	6.93356	8.99913	14.258	22.5672	23.6139	11.7002	2.40155	19.4523	51.7861	44.3653	9.94171	11.6672	10.4212	7.61406	5.75498	7.53468	9.09996	8.31603	23.4528	29.3621	38.0088	46.1365	38.3998	26.6091	29.0114	31.6415	34.4865	38.6348	44.6537	50.6206	53.5647	54.7971	50.4255	42.9014	37.865	32.0156	28.2881	31.3496	36.8954	44.9382	54.9265	59.0838	62.1598	63.5822	63.0074	59.104	49.4516	44.6879	44.7966	50.3821	49.3103	38.1233	46.4416	46.1187	37.7141	10.9739	8.58919	12.9986	34.1127	52.4209	36.8858	4.21555	28.8336	45.5433	33.5764	18.3543	16.1804	15.173	12.355	6.80686	1.12418	9.4624	32.1767	42.2159	26.7916	29.6972	30.8015	21.2055	9.05449	8.44321	7.28437	3.73731	2.46458	4.70182	10.4755	26.5643	26.8574	11.7112	8.65252	10.6043	10.4681	10.3235	11.8322	15.0563	15.2277	11.7156	9.89713	7.54356	5.96494	3.73734	1.40738	1.18335	1.04547										
52.1545	40.1442	31.1518	23.9825	19.7075	20.0631	23.2513	23.2444	20.1665	18.0593	14.5955	14.2088	22.0673	24.9077	22.4564	21.6285	17.0517	14.6517	9.45454	9.76281	11.8245	11.482	9.58091	9.66801	17.1261	18.8779	16.1371	16.549	18.1473	19.7034	21.8741	15.5537	11.5313	11.2828	10.9735	10.4687	12.7916	14.711	14.9301	11.4137	9.26449	9.7156	9.383	7.81024	29.1781	45.3866	23.764	11.4522	12.1046	17.2204	20.4731	25.6194	36.88	43.9244	28.5326	15.9096	20.473	17.1753	10.9374	4.58099	7.64191	16.0428	24.4065	29.282	29.6052	27.0647	22.7904	17.3482	11.8217	10.2303	9.89638	17.126	22.8522	14.6805	2.81899	8.69922	5.59411	2.10632	2.82492	3.64045	5.01495	6.26971	5.45687	5.55489	6.71443	5.63618	3.16042	3.39386	6.05675	11.5937	14.194	13.6551	13.4636	10.9199	7.23558	4.53663	2.86686	18.3205	24.3048	14.35	12.7615	11.973	26.459	38.7787	44.8103	49.215	45.8024	21.1075	10.349	7.24447	2.51229	2.97751	2.6637	2.77018	10.0603	19.2565	13.2366	24.9704	27.0798	48.5812	58.6152	53.8384	54.7273	53.8341	48.1533	37.2781	26.0188	18.775	11.4184	15.2476	18.289	14.3322	18.5148	21.6427	27.539	25.9469	23.2029	20.6776	23.5151	16.8716	12.3054	17.7656	8.59813	2.81899	7.00259	12.1319	19.548	24.6429	15.5613	3.52655	18.0527	50.9702	44.2293	8.44813	10.2221	10.957	11.2016	11.862	11.9231	9.55852	19.4739	34.1752	31.719	36.8431	44.1527	41.5181	30.3537	29.2783	31.8066	34.9445	39.4835	45.6211	51.1369	53.6241	53.2661	48.1646	41.8195	37.0415	31.7993	28.1617	33.0995	37.3525	43.0939	51.2703	57.988	62.1636	63.6012	62.2265	56.5384	48.4721	44.6469	44.8802	47.7185	45.8263	39.5782	46.0414	42.5951	21.138	1.96387	8.20906	12.393	34.2771	54.172	39.5929	4.70154	25.9939	41.6501	32.5713	18.3528	16.2357	16.2705	16.5163	10.3491	4.86758	19.6172	36.8232	25.4976	16.4594	29.9206	37.4007	29.7364	9.3407	8.71295	13.2324	6.80852	2.23214	4.215	8.6973	25.5081	25.3876	9.68132	7.88863	9.94094	9.95422	10.1435	11.9773	14.8676	15.2264	12.7242	11.1552	8.84842	7.95566	5.19355	1.90212	1.44317	1.04537										
24.5195	9.83351	6.24747	2.61167	3.65391	6.76345	12.3498	10.8452	1.04527	4.17416	0	2.61167	17.2325	21.419	18.1812	17.7081	14.3291	13.3435	5.21253	1.04527	1.56769	3.65391	4.17416	3.65391	11.8501	12.3498	6.24747	6.76345	10.8452	14.3291	18.6517	10.8452	2.08985	1.04527	0	6.76345	14.3291	16.274	16.274	11.3485	4.17416	0.522681	1.56769	1.56769	28.6948	44.0392	19.5849	8.81559	1.04527	11.8501	17.7081	23.2082	35.0862	42.9388	25.804	11.8501	19.5849	15.7912	11.3485	7.79203	6.76345	4.17416	0	2.08985	2.08985	2.08985	2.61167	5.21253	3.13305	3.13305	4.17416	15.3061	20.5075	9.32529	3.65391	9.83351	4.69373	3.13305	3.65391	1.56769	2.08985	4.17416	3.13305	3.65391	5.73047	5.21253	3.13305	4.69373	6.76345	11.8501	12.8476	8.30448	6.76345	3.13305	0.522681	0.522681	0.522681	17.7081	24.0854	13.8373	11.8501	10.3402	21.8706	32.1892	39.3876	48.293	48.9778	24.9507	11.8501	8.30448	1.04527	2.08985	0.522681	2.61167	7.27833	23.6482	6.76345	13.8373	6.24747	36.4623	48.9778	22.3193	11.3485	10.8452	9.32529	6.76345	3.65391	5.21253	0	14.8187	13.8373	5.21253	4.17416	6.24747	16.274	12.3498	8.30448	10.3402	25.3789	20.9646	13.3435	17.7081	0.522681	4.17416	5.73047	10.3402	16.7545	24.0854	16.7545	3.65391	17.2325	50.5053	44.0392	4.69373	4.69373	6.76345	11.8501	14.8187	13.3435	4.69373	24.5195	38.1162	28.6948	32.562	41.5059	41.2114	24.5195	6.76345	5.73047	10.3402	15.7912	20.9646	19.1196	13.8373	20.9646	15.3061	6.76345	1.04527	6.76345	1.56769	18.1812	11.3485	9.83351	8.81559	5.73047	11.3485	7.27833	5.73047	2.08985	2.61167	0.522681	6.24747	26.6453	31.8133	21.419	9.83351	12.3498	13.3435	2.61167	5.73047	0.522681	32.562	54.732	40.6144	3.13305	24.0854	38.7576	29.493	9.83351	2.08985	8.81559	16.274	11.3485	6.76345	24.0854	36.4623	12.3498	17.2325	6.76345	35.4347	31.8133	3.65391	3.13305	15.7912	8.30448	0.522681	3.65391	7.79203	24.9507	24.5195	7.27833	3.65391	5.73047	4.17416	3.13305	7.27833	11.3485	11.8501	9.83351	9.32529	7.79203	8.30448	5.73047	2.08985	1.56769	1.04527										
24.5175	9.83263	6.2469	2.61143	3.65357	6.76284	12.3487	10.8442	1.04518	4.17378	0	2.61143	17.231	21.4172	18.1796	17.7066	14.3278	13.3423	5.21205	1.04518	1.56755	3.65357	4.17378	3.65357	11.849	12.3487	6.2469	6.76284	10.8442	14.3278	18.6501	10.8442	2.08966	1.04518	0	6.76284	14.3278	16.2726	16.2726	11.3475	4.17378	0.522633	1.56755	1.56755	28.6926	44.0366	19.5833	8.8148	1.04518	11.849	17.7066	23.2063	35.0837	42.9362	25.802	11.849	19.5833	15.7898	11.3475	7.79133	6.76284	4.17378	0	2.08966	2.08966	2.08966	2.61143	5.21205	3.13276	3.13276	4.17378	15.3047	20.5057	9.32446	3.65357	9.83263	4.6933	3.13276	3.65357	1.56755	2.08966	4.17378	3.13276	3.65357	5.72995	5.21205	3.13276	4.6933	6.76284	11.849	12.8465	8.30373	6.76284	3.13276	0.522633	0.522633	0.522633	17.7066	24.0834	13.8361	11.849	10.3392	21.8688	32.1868	39.3851	48.2904	48.9752	24.9487	11.849	8.30373	1.04518	2.08966	0.522633	2.61143	7.27767	23.6463	6.76284	13.8361	6.2469	36.4598	48.9752	22.3175	11.3475	10.8442	9.32446	6.76284	3.65357	5.21205	0	14.8174	13.8361	5.21205	4.17378	6.2469	16.2726	12.3487	8.30373	10.3392	25.3769	20.9629	13.3423	17.7066	0.522633	4.17378	5.72995	10.3392	16.753	24.0834	16.753	3.65357	17.231	50.5028	44.0366	4.6933	4.6933	6.76284	11.849	14.8174	13.3423	4.6933	24.5175	38.1137	28.6926	32.5596	41.5033	41.2088	24.5175	6.76284	5.72995	10.3392	15.7898	20.9629	19.118	13.8361	20.9629	15.3047	6.76284	1.04518	6.76284	1.56755	18.1796	11.3475	9.83263	8.8148	5.72995	11.3475	7.27767	5.72995	2.08966	2.61143	0.522633	6.2469	26.6432	31.8109	21.4172	9.83263	12.3487	13.3423	2.61143	5.72995	0.522633	32.5596	54.7296	40.6118	3.13276	24.0834	38.755	29.4907	9.83263	2.08966	8.8148	16.2726	11.3475	6.76284	24.0834	36.4598	12.3487	17.231	6.76284	35.4322	31.8109	3.65357	3.13276	15.7898	8.30373	0.522633	3.65357	7.79133	24.9487	24.5175	7.27767	3.65357	5.72995	4.17378	3.13276	7.27767	11.3475	11.849	9.83263	9.32446	7.79133	8.30373	5.72995	2.08966	1.56755	1.04518										
24.5156	9.83175	6.24634	2.61119	3.65324	6.76223	12.3476	10.8433	1.04508	4.1734	0	2.61119	17.2296	21.4155	18.1781	17.7051	14.3266	13.3411	5.21158	1.04508	1.56741	3.65324	4.1734	3.65324	11.848	12.3476	6.24634	6.76223	10.8433	14.3266	18.6485	10.8433	2.08947	1.04508	0	6.76223	14.3266	16.2712	16.2712	11.3465	4.1734	0.522586	1.56741	1.56741	28.6904	44.034	19.5816	8.81401	1.04508	11.848	17.7051	23.2044	35.0813	42.9336	25.8	11.848	19.5816	15.7885	11.3465	7.79063	6.76223	4.1734	0	2.08947	2.08947	2.08947	2.61119	5.21158	3.13248	3.13248	4.1734	15.3034	20.504	9.32362	3.65324	9.83175	4.69288	3.13248	3.65324	1.56741	2.08947	4.1734	3.13248	3.65324	5.72943	5.21158	3.13248	4.69288	6.76223	11.848	12.8454	8.30299	6.76223	3.13248	0.522586	0.522586	0.522586	17.7051	24.0815	13.8349	11.848	10.3383	21.867	32.1845	39.3825	48.2878	48.9726	24.9467	11.848	8.30299	1.04508	2.08947	0.522586	2.61119	7.27702	23.6444	6.76223	13.8349	6.24634	36.4573	48.9726	22.3157	11.3465	10.8433	9.32362	6.76223	3.65324	5.21158	0	14.8161	13.8349	5.21158	4.1734	6.24634	16.2712	12.3476	8.30299	10.3383	25.3748	20.9611	13.3411	17.7051	0.522586	4.1734	5.72943	10.3383	16.7516	24.0815	16.7516	3.65324	17.2296	50.5002	44.034	4.69288	4.69288	6.76223	11.848	14.8161	13.3411	4.69288	24.5156	38.1111	28.6904	32.5573	41.5007	41.2062	24.5156	6.76223	5.72943	10.3383	15.7885	20.9611	19.1164	13.8349	20.9611	15.3034	6.76223	1.04508	6.76223	1.56741	18.1781	11.3465	9.83175	8.81401	5.72943	11.3465	7.27702	5.72943	2.08947	2.61119	0.522586	6.24634	26.6411	31.8086	21.4155	9.83175	12.3476	13.3411	2.61119	5.72943	0.522586	32.5573	54.7271	40.6092	3.13248	24.0815	38.7525	29.4885	9.83175	2.08947	8.81401	16.2712	11.3465	6.76223	24.0815	36.4573	12.3476	17.2296	6.76223	35.4298	31.8086	3.65324	3.13248	15.7885	8.30299	0.522586	3.65324	7.79063	24.9467	24.5156	7.27702	3.65324	5.72943	4.1734	3.13248	7.27702	11.3465	11.848	9.83175	9.32362	7.79063	8.30299	5.72943	2.08947	1.56741	1.04508										
31.448	21.2873	17.3264	13.4788	11.6745	12.2699	16.6154	18.4695	16.3911	14.0601	11.9785	11.8718	20.3061	24.1038	21.8786	21.5401	17.2952	14.213	8.06291	7.82858	8.29653	9.05021	9.21098	8.69629	13.6371	15.8661	14.8593	14.9596	16.7667	19.0634	22.3609	15.5081	9.84622	9.1012	8.68687	10.8453	16.3978	16.5266	16.1609	13.2646	9.54611	11.6274	15.4366	19.4739	31.8976	39.3545	15.0121	15.9859	12.2282	16.4352	20.4137	23.9928	33.9264	40.7157	25.9415	19.5103	25.6667	23.8429	18.2069	13.39	12.5654	11.5409	7.9634	2.06471	4.20553	9.07215	12.8446	13.9385	12.6037	12.2321	13.1582	18.9482	20.4658	8.02763	5.09636	8.94151	3.89133	5.93677	5.81362	3.73573	3.73557	5.56776	4.45949	4.9893	9.48037	12.9949	15.0952	20.4588	26.6079	28.7412	25.6873	20.6323	17.2303	13.1316	9.41101	6.64436	5.61327	20.0459	27.4554	20.6872	20.7088	19.0822	19.6696	26.6992	36.9013	48.3379	54.4811	37.6081	14.2925	13.9451	13.0441	13.3997	11.9151	12.0854	15.6422	26.1618	14.6306	18.7056	14.5276	35.9018	48.5928	37.1089	33.7253	28.4629	18.6737	6.29421	5.05979	6.92066	4.44062	13.5297	13.6241	4.24553	7.99677	10.5888	14.2549	12.0848	9.29787	14.6973	31.1901	27.945	20.733	21.8346	13.0429	11.6522	7.7665	9.35267	14.0022	22.7061	18.748	10.4007	18.6056	48.2386	45.8894	29.4751	24.504	20.6232	19.6964	19.34	15.4958	4.6996	34.9739	51.2598	51.1455	53.8731	56.2484	55.1788	49.4595	46.5343	46.3731	45.083	40.4421	33.0113	26.9002	23.5754	24.3097	16.5381	7.96956	3.02742	9.37898	6.03802	20.0077	15.5903	10.3504	30.1893	44.3064	48.3687	48.9125	49.1297	48.5203	47.8543	47.4067	46.3113	42.1663	33.7667	23.0338	13.6523	15.5528	15.8968	8.34438	16.0981	34.638	49.2745	54.3475	39.0679	15.6315	22.6298	33.1309	28.6788	22.0165	19.03	17.455	19.1421	12.3567	10.3515	20.9278	29.9182	28.1612	31.4734	24.1739	40.2009	34.7624	9.9538	9.49449	19.0105	10.89	4.78185	7.99665	11.307	22.2737	20.7735	11.2785	11.8173	13.0477	13.408	13.8261	14.9335	16.6967	16.5463	14.3188	12.6967	10.2883	10.1392	6.7342	2.22353	1.56724	1.04497										
27.7583	20.3213	16.8145	13.8249	12.3171	11.7052	14.7421	17.3292	16.5564	13.8421	12.0257	11.8707	19.7417	23.7248	22.4412	24.129	20.1218	13.7614	7.33533	7.79378	8.25568	9.0494	9.331	8.93553	11.694	13.9654	14.858	15.1892	16.7653	19.2363	23.5051	16.4116	9.74483	9.07133	8.6937	13.7615	19.8877	17.0037	15.9184	16.9045	14.6353	13.1182	16.1641	20.022	29.4233	26.8445	6.90096	16.1183	12.6241	20.8793	25.2603	25.4976	31.5211	35.4224	21.6295	18.3916	25.0573	26.6165	20.844	13.6881	12.3171	11.9786	10.7722	7.84234	7.07072	10.2924	13.5372	13.7734	12.439	12.231	13.5372	18.2339	16.8175	4.71017	7.92672	7.14818	2.51112	6.62083	5.41711	3.73539	6.18566	8.1112	5.09598	5.18793	12.9837	16.8446	16.0956	23.5338	29.1234	28.2766	24.3963	19.9039	16.6271	13.4363	10.5152	6.98766	5.60074	22.4163	30.652	23.1123	21.6972	18.352	12.2688	13.9773	27.5508	40.7402	57.0488	48.2377	12.3483	16.1266	13.7068	13.3416	12.1704	11.972	16.422	25.2456	14.6294	18.3719	15.2787	30.4997	42.323	35.8126	33.1155	27.9081	21.2781	12.6552	7.60297	8.54736	4.50079	10.3821	13.1298	3.62467	8.28974	9.82527	8.91682	11.34	10.784	20.2672	37.0211	29.3482	18.9439	20.5064	13.3452	15.0657	6.80316	6.38608	8.25525	18.3635	17.9438	11.4469	17.3695	40.7059	41.9218	31.2063	26.424	22.8262	23.3647	24.3592	19.0058	4.21301	47.4727	59.4011	53.8662	54.505	56.0113	54.3891	48.8351	46.506	46.3705	44.8439	39.8856	30.8517	24.383	23.5734	20.8907	12.8732	6.43865	4.42864	14.3588	8.08271	20.8595	22.9303	20.1841	38.2116	47.1618	48.5591	49.0194	49.1178	48.5177	47.8788	47.4116	46.239	40.0739	26.9297	18.7985	12.4825	16.3527	16.9548	8.17486	21.9515	43.7787	50.6704	45.7301	30.2271	16.8548	15.6939	19.4	22.0022	21.2438	20.2851	24.9893	24.0483	14.3326	15.2569	13.9164	14.0285	27.596	29.9041	24.1166	44.4778	38.0212	10.4154	10.5399	24.0933	15.8166	5.60064	9.33967	11.8582	15.9407	12.366	10.1404	11.6846	12.765	13.1438	13.8841	15.3142	17.1995	17.4535	15.8344	14.3437	11.809	12.5358	8.50846	2.48373	1.56709	1.04487										
6.76027	1.56695	0	5.21007	6.76027	4.17219	5.21007	5.21007	3.65218	2.08886	1.56695	2.61043	15.7841	20.4985	19.5763	23.6383	20.4985	12.3441	2.08886	0	1.04478	3.65218	4.69151	4.69151	6.24453	5.72777	6.24453	7.78839	10.8402	14.8119	21.4098	13.3374	0.522433	0	0.522433	13.831	21.4098	17.2248	15.7841	18.6435	16.2667	8.81148	7.27492	7.27492	21.8612	17.7002	6.24453	9.32095	4.69151	21.8612	27.4632	26.2154	30.267	32.1769	15.2991	6.76027	17.7002	23.6383	18.6435	8.81148	5.72777	6.24453	10.3354	10.8402	8.3006	7.27492	6.76027	4.17219	1.04478	3.13156	6.24453	13.3374	11.8446	1.56695	9.32095	6.24453	2.08886	5.21007	2.08886	1.56695	7.27492	9.32095	4.69151	4.17219	13.831	16.2667	8.81148	18.1731	20.0388	8.3006	1.56695	0	0.522433	5.21007	6.76027	3.13156	0	22.7555	31.0402	20.4985	15.2991	6.76027	0.522433	6.76027	16.747	24.9403	55.7386	51.1179	5.72777	14.3226	6.24453	1.04478	3.65218	1.04478	10.3354	21.4098	6.76027	12.8417	9.32095	23.6383	32.5497	14.3226	0.522433	5.72777	17.7002	16.747	8.81148	8.81148	1.04478	8.3006	12.8417	4.17219	5.21007	2.61043	4.17219	10.8402	11.3433	22.3098	38.4251	24.9403	4.17219	13.831	4.17219	14.3226	2.08886	3.65218	5.21007	14.8119	14.8119	7.78839	14.3226	33.6495	32.9194	17.7002	16.2667	16.2667	21.8612	25.7934	20.4985	3.65218	51.7273	60.8957	44.5609	37.4502	39.9931	36.1098	16.747	5.72777	5.72777	1.04478	8.81148	7.27492	7.27492	13.831	9.82894	3.13156	1.04478	4.69151	16.747	7.78839	20.0388	26.2154	25.7934	37.4502	33.286	15.2991	10.8402	5.21007	2.08886	4.69151	2.08886	2.08886	9.32095	4.69151	8.81148	5.72777	14.3226	15.7841	1.04478	22.3098	43.2041	39.6851	24.9403	17.2248	9.82894	5.72777	11.3433	12.3441	4.17219	10.8402	27.0503	26.2154	15.2991	17.2248	9.82894	5.21007	8.3006	5.21007	6.24453	45.0866	38.7443	5.72777	7.27492	26.2154	18.1731	4.17219	7.78839	9.32095	11.8446	7.27492	1.56695	2.61043	4.17219	1.56695	3.65218	8.81148	12.8417	14.3226	13.831	13.3374	11.3433	13.3374	9.32095	2.61043	1.56695	1.04478										
6.75966	1.56681	0	5.2096	6.75966	4.17181	5.2096	5.2096	3.65185	2.08867	1.56681	2.61019	15.7827	20.4968	19.5747	23.6363	20.4968	12.343	2.08867	0	1.04468	3.65185	4.69109	4.69109	6.24396	5.72725	6.24396	7.78768	10.8392	14.8107	21.408	13.3362	0.522385	0	0.522385	13.8298	21.408	17.2234	15.7827	18.6419	16.2653	8.81069	7.27426	7.27426	21.8594	17.6987	6.24396	9.32011	4.69109	21.8594	27.461	26.2133	30.2647	32.1746	15.2978	6.75966	17.6987	23.6363	18.6419	8.81069	5.72725	6.24396	10.3344	10.8392	8.29985	7.27426	6.75966	4.17181	1.04468	3.13128	6.24396	13.3362	11.8436	1.56681	9.32011	6.24396	2.08867	5.2096	2.08867	1.56681	7.27426	9.32011	4.69109	4.17181	13.8298	16.2653	8.81069	18.1716	20.0371	8.29985	1.56681	0	0.522385	5.2096	6.75966	3.13128	0	22.7536	31.0379	20.4968	15.2978	6.75966	0.522385	6.75966	16.7455	24.9383	55.7361	51.1154	5.72725	14.3213	6.24396	1.04468	3.65185	1.04468	10.3344	21.408	6.75966	12.8406	9.32011	23.6363	32.5473	14.3213	0.522385	5.72725	17.6987	16.7455	8.81069	8.81069	1.04468	8.29985	12.8406	4.17181	5.2096	2.61019	4.17181	10.8392	11.3423	22.3079	38.4225	24.9383	4.17181	13.8298	4.17181	14.3213	2.08867	3.65185	5.2096	14.8107	14.8107	7.78768	14.3213	33.6471	32.917	17.6987	16.2653	16.2653	21.8594	25.7914	20.4968	3.65185	51.7248	60.8935	44.5583	37.4477	39.9906	36.1073	16.7455	5.72725	5.72725	1.04468	8.81069	7.27426	7.27426	13.8298	9.82806	3.13128	1.04468	4.69109	16.7455	7.78768	20.0371	26.2133	25.7914	37.4477	33.2836	15.2978	10.8392	5.2096	2.08867	4.69109	2.08867	2.08867	9.32011	4.69109	8.81069	5.72725	14.3213	15.7827	1.04468	22.3079	43.2015	39.6825	24.9383	17.2234	9.82806	5.72725	11.3423	12.343	4.17181	10.8392	27.0482	26.2133	15.2978	17.2234	9.82806	5.2096	8.29985	5.2096	6.24396	45.084	38.7418	5.72725	7.27426	26.2133	18.1716	4.17181	7.78768	9.32011	11.8436	7.27426	1.56681	2.61019	4.17181	1.56681	3.65185	8.81069	12.8406	14.3213	13.8298	13.3362	11.3423	13.3362	9.32011	2.61019	1.56681	1.04468										
10.9174	4.05619	1.70213	4.98744	8.84184	9.03583	9.58562	9.8474	9.20751	7.4034	6.43417	6.83068	16.1752	21.9302	23.4794	26.463	21.6934	12.3677	6.43679	7.92486	8.36307	9.114	9.77556	10.0009	10.8893	10.2145	10.3904	11.7058	14.1226	17.9363	22.6334	15.4914	9.44761	8.31537	7.34691	16.0064	22.5528	16.8594	15.4902	18.6353	16.7674	10.5119	8.94744	8.6162	19.6926	16.0841	18.5023	18.347	14.4683	25.0373	28.9089	26.6383	28.0071	29.7962	20.0717	19.0878	25.3179	30.7458	24.858	10.9114	6.43922	8.4927	13.7568	17.3652	18.7772	18.5915	15.6659	8.52937	3.70688	6.29703	10.0595	14.7608	11.2983	3.67476	9.20723	8.4927	9.91053	8.45171	3.1742	3.29995	9.7197	12.786	12.1351	15.139	22.1441	24.3229	20.9343	23.5304	21.3383	11.0403	6.54783	5.12112	4.46173	6.88913	9.5581	8.47714	7.40346	23.9439	32.579	24.4467	21.0286	16.2201	15.3294	15.3222	16.3884	20.758	53.9395	51.1389	19.0602	21.7534	18.1254	17.3628	18.1723	19.0571	22.084	24.154	11.0125	14.6398	11.8534	23.5981	31.6211	20.3733	12.6861	11.012	22.7913	22.7427	17.7052	17.8198	16.2013	21.2433	30.0191	35.8168	42.695	45.8757	46.7933	48.0163	50.4891	53.3395	54.6323	48.6207	42.6397	37.4902	33.6856	36.2153	34.3636	29.9719	24.2428	21.507	17.2019	12.4455	21.6776	36.5915	32.6138	19.262	18.2328	17.1629	21.93	24.869	18.5263	3.88984	47.9463	58.885	50.0497	48.8592	52.3851	52.2248	42.8405	37.6816	37.3314	35.6785	32.7583	26.8595	23.7335	26.1265	29.3125	33.8269	34.7204	30.4585	23.3818	13.4725	20.9223	29.5856	33.7495	43.0044	40.2158	34.2387	35.3777	33.6323	29.0267	22.4262	16.2814	11.4679	9.51497	5.35283	8.41413	8.70815	10.2221	12.6012	16.0158	29.8783	45.4643	39.597	24.9766	16.6949	10.6229	2.06386	10.736	19.848	15.3865	18.2285	29.7237	25.3251	13.769	14.2418	11.0194	2.25322	12.2968	16.0081	16.1709	42.7784	34.2437	12.1351	13.0975	28.3956	21.0174	5.60787	8.80974	8.96027	9.42099	9.02112	9.01216	10.7739	13.8131	15.7994	17.1425	19.2215	21.3386	21.6272	19.6005	16.9751	13.2309	14.0766	9.60408	2.81067	1.70216	0.941598										
14.5711	6.16705	5.08069	3.83697	7.607	9.03502	9.45359	9.60363	9.86145	7.96587	6.43359	6.74129	13.3363	19.6263	25.7921	29.9874	23.2234	10.9742	6.52928	7.99928	8.36232	9.01862	9.65988	9.88807	11.1939	10.3596	10.109	11.3917	13.5891	19.3745	22.4234	14.3385	9.55056	8.44119	7.56092	18.5024	24.5143	15.9039	14.2978	17.7174	16.3092	11.4112	10.8521	11.1355	14.9771	10.4865	19.8208	17.3439	18.2274	29.6572	31.6298	27.4645	23.1317	22.8777	17.8928	18.6718	24.1457	34.6997	32.032	12.9923	5.13704	7.31439	11.8051	15.9317	18.3455	19.7505	22.4881	16.0738	5.71442	7.35511	11.8211	13.9205	8.30238	3.80141	7.24767	7.31439	10.2217	8.04069	6.51618	6.32815	12.5158	15.1166	14.2861	16.9169	23.6714	24.905	21.0272	21.5424	17.3921	9.5143	6.54724	5.4399	4.46133	5.84558	8.80365	8.69223	7.41179	24.3575	33.9951	27.1268	22.2427	16.124	15.4246	14.6359	11.6787	11.6603	49.3683	49.3849	18.7317	21.3368	18.2058	17.3509	18.0391	19.1934	22.2923	20.1668	10.8631	14.6385	12.6884	21.6943	26.8325	19.7739	16.5243	19.7256	30.5022	26.231	17.5916	17.9353	16.279	23.6265	35.1105	39.357	44.2149	46.0814	46.7907	48.3208	51.3013	53.6488	53.1648	47.5696	42.9911	36.9874	33.6349	35.6803	34.5123	30.7665	24.5133	19.1781	14.0233	12.4444	26.8241	37.1975	27.9002	17.6702	18.0244	15.6791	20.6225	22.4897	14.4459	3.00339	38.0441	51.5064	47.4495	46.7949	51.0479	54.3808	45.0949	37.679	37.4615	35.7601	32.4588	27.1632	24.1017	24.8448	28.9187	34.092	34.829	31.2549	21.5935	12.6131	16.1457	25.1007	31.87	42.8874	38.748	33.2775	35.3753	34.1536	30.1544	23.3875	17.3898	12.2957	6.93459	4.45745	5.77895	8.14114	2.91735	8.44509	16.9466	32.6568	45.3431	35.1192	20.9292	13.2407	10.17	5.63428	12.4083	18.9843	23.5391	31.059	31.9099	20.8659	9.60333	7.99886	11.963	11.6672	11.8323	15.8679	15.9288	36.5891	23.5279	12.989	13.3839	30.291	25.1	7.56057	10.8371	8.19566	4.27527	7.47669	8.9452	10.8392	13.5907	15.7981	17.0242	19.0238	21.7516	23.6109	23.24	21.1206	16.3494	15.5396	10.1086	2.81041	1.48847	0.583949										
15.2936	6.75771	6.75771	2.60943	2.08807	4.1706	4.68973	4.1706	6.24216	4.68973	1.56635	2.08807	8.80816	14.8065	24.9319	31.0305	23.6302	9.31744	2.60943	1.56635	1.04438	3.13037	4.1706	4.1706	7.27216	6.24216	5.20808	6.75771	9.31744	18.1666	20.9482	10.3315	2.08807	2.08807	2.60943	19.1044	25.3599	15.2936	13.3325	16.7409	15.2936	10.8361	11.3391	12.3396	12.3396	3.65078	12.3396	2.60943	16.7409	31.4125	32.9094	27.8639	20.4913	17.2186	7.27216	3.13037	13.3325	33.6394	34.3573	13.3325	1.56635	1.04438	1.56635	3.65078	5.72559	12.3396	24.0671	19.5694	6.24216	6.24216	10.8361	11.3391	4.68973	2.08807	4.68973	1.04438	4.1706	3.65078	8.29746	7.78544	13.3325	14.8065	11.8402	11.8402	18.6368	18.1666	9.31744	11.3391	8.80816	2.08807	1.56635	2.60943	0.522233	0.522233	4.1706	4.1706	0.522233	23.6302	33.9999	26.6256	18.6368	6.24216	2.60943	1.04438	3.13037	6.75771	46.3486	47.326	2.08807	12.837	6.75771	0.522233	1.56635	3.65078	11.3391	8.29746	6.24216	12.837	11.3391	19.5694	21.8536	12.3396	15.2936	23.6302	33.6394	25.3599	8.29746	9.31744	2.60943	17.6939	31.4125	29.0746	24.0671	10.3315	4.1706	16.7409	24.9319	26.6256	25.3599	10.3315	12.3396	7.78544	2.60943	8.80816	6.24216	12.3396	7.78544	2.08807	3.13037	7.78544	27.0414	35.0631	21.8536	13.8259	15.7783	12.837	19.1044	20.9482	12.3396	1.04438	31.4125	43.4695	35.0631	25.7848	32.1671	46.3486	31.7913	5.72559	8.29746	4.68973	4.1706	9.82525	9.82525	5.20808	5.72559	8.29746	5.20808	12.837	9.82525	3.65078	5.20808	10.8361	18.6368	37.109	28.2705	5.72559	10.8361	11.8402	13.8259	11.3391	9.31744	6.75771	1.04438	2.08807	1.56635	3.65078	4.1706	8.80816	8.29746	29.8662	42.9143	29.0746	15.2936	9.31744	8.80816	9.31744	14.3173	8.80816	25.7848	36.4388	31.7913	16.2608	6.24216	4.68973	11.8402	16.7409	6.75771	4.1706	4.68973	32.1671	17.2186	8.80816	8.29746	30.2574	26.6256	8.29746	11.8402	7.78544	0.522233	1.04438	0	3.13037	2.08807	1.56635	2.08807	7.78544	14.3173	20.0317	22.7477	22.3021	17.6939	16.2608	10.3315	2.60943	1.04438	0										
25.5297	14.243	11.4772	6.88715	1.81783	6.1388	7.16538	6.44527	7.31732	5.63036	3.56128	4.1419	9.24053	15.6065	27.1597	33.2177	23.9827	8.7567	8.06391	8.58933	8.61433	9.017	9.26032	9.31878	11.1571	10.4845	9.54355	10.422	11.6666	18.1667	19.8453	12.3918	8.84708	7.71644	6.86542	20.4848	25.6715	15.1549	13.6687	16.3541	14.9497	14.0263	17.3381	20.331	23.5405	23.331	21.5859	15.058	21.2275	32.551	32.9885	29.0431	23.6087	22.582	19.3952	18.3998	22.2419	37.9432	38.4701	15.7389	1.75099	1.82708	1.81783	4.42616	6.80905	12.7275	24.8255	21.7114	9.53997	8.40986	12.8582	13.2801	7.34473	6.94539	9.97209	9.8249	6.74753	5.63036	8.8392	7.89079	13.7297	16.0357	14.547	16.2531	21.1941	19.5442	12.0121	12.0932	8.58321	3.00285	2.74268	3.97927	3.94513	4.05937	5.9329	6.70763	5.5219	23.3078	34.2134	28.5985	21.0446	11.0168	9.89298	10.5882	11.9654	15.2156	43.5316	42.4275	20.801	23.5663	19.3184	17.4628	18.0683	19.4912	19.4222	9.38919	9.85434	12.1355	10.381	18.2239	22.924	16.8569	21.0716	29.5055	40.0487	39.4107	39.3594	43.8979	47.016	52.3679	58.0747	60.0532	60.5109	60.5013	60.8464	60.764	60.0628	57.7438	53.781	49.4956	49.2043	49.9185	50.6465	51.6227	51.9719	52.4616	52.9891	52.9366	51.3621	49.0328	48.1076	46.3829	37.7589	31.2463	26.9555	21.4231	19.9177	18.1946	10.4639	2.72405	25.6389	40.507	44.6135	47.9485	52.2413	57.9189	50.6389	41.2601	41.3226	41.4434	41.5101	42.6867	45.031	47.4696	48.7843	47.8117	44.043	37.3834	23.1278	7.52618	4.89374	9.93229	18.5475	37.1603	43.3975	46.6981	49.2276	51.1451	52.3903	52.6922	52.6136	52.7044	47.3079	29.1407	12.3027	12.136	11.5263	13.0632	4.04246	26.7747	44.1593	31.6962	16.8489	11.5446	14.2573	13.504	15.8443	12.4213	30.0472	39.5252	32.4195	15.6774	6.27657	3.46459	10.5877	14.7854	12.2162	4.46028	15.1021	27.0339	12.3438	14.8016	14.5045	31.3571	30.7299	16.2194	15.3543	16.4589	19.3607	22.0825	23.7415	24.2254	23.5545	21.515	18.4905	17.2851	19.9498	25.5297	28.4467	26.9379	21.0249	17.7194	10.1858	2.28252	0.825618	0										
31.3651	16.6955	13.3325	12.1183	6.33957	5.5879	7.52765	7.45422	7.77543	5.62975	3.46436	3.88847	7.19948	12.8967	28.896	36.6838	24.4121	6.06934	9.35992	8.64213	8.6134	9.11057	9.25933	9.21123	11.1559	10.8013	9.54253	11.992	14.4647	17.699	16.4565	11.1253	9.31778	8.11842	7.74131	22.4838	26.0899	14.4333	13.6673	14.7119	11.5878	11.9923	15.933	18.8613	22.22	23.2167	20.0074	15.4463	23.9527	33.0837	31.1889	27.5612	22.0286	20.9701	19.3933	18.3979	21.4341	41.1047	44.3616	20.2034	1.75079	3.38997	2.06313	3.67335	5.91239	10.463	24.0062	23.1729	11.1528	10.4753	16.7541	16.3859	8.10188	7.0307	9.45101	10.0348	7.09449	7.43402	9.58852	7.88994	14.4635	18.4131	18.4877	19.7879	21.192	17.9325	11.3029	10.2679	6.45754	2.6414	2.50943	3.5466	3.9447	4.04221	5.36032	6.42122	5.61798	21.9947	34.3878	31.4828	22.4987	10.7531	10.1466	10.86	12.2032	16.6034	36.2993	29.122	22.1424	22.4829	18.8247	17.4611	18.0499	19.7028	17.943	13.9742	16.7541	9.9706	8.35948	15.3633	24.8796	24.4934	25.942	32.6606	43.8931	44.4391	41.8401	44.8423	47.6888	53.7836	59.7816	60.8582	60.6273	60.6212	60.8494	60.6512	59.7551	57.0963	52.9269	49.3216	49.0464	49.8367	50.6352	51.5377	51.9777	52.3727	52.9209	52.9365	51.4526	48.9513	46.8283	43.5839	36.0552	30.1702	25.0946	19.73	15.2141	11.4109	6.63896	2.62205	12.028	27.9937	40.6092	46.7547	51.2889	59.2826	53.4833	41.3365	41.253	41.416	41.5198	42.4475	44.8174	47.4665	48.7916	47.6855	46.043	46.3311	34.7622	12.3541	3.54649	6.38195	13.2984	28.2605	40.9315	46.6649	49.03	50.9792	52.2483	52.7041	52.5877	52.6854	53.0124	43.1462	12.6701	11.9588	19.327	20.888	5.52408	18.4807	45.0589	34.6974	17.0649	9.57011	13.3043	11.9601	14.4378	16.9894	37.4059	43.3718	30.1308	11.1559	4.48644	1.23824	7.83712	9.00125	13.9618	20.7218	19.7852	14.2666	7.31675	14.072	13.9067	28.5831	32.2396	19.4596	13.4921	15.6596	19.7161	22.3202	23.7595	24.2231	23.5178	21.7488	19.7886	18.1581	18.3331	24.8986	31.3241	31.9632	26.6267	20.5099	9.44357	1.34376												
31.0231	14.3133	11.8369	14.3133	8.80563	2.08746	5.72393	6.75576	7.27006	4.68837	1.04407	0.522081	3.12946	7.7832	28.6671	38.0842	24.4947	2.60867	7.27006	2.08746	1.04407	3.64972	4.16939	3.64972	7.27006	7.27006	5.20657	10.833	15.2893	17.2139	13.822	6.75576	4.68837	4.16939	5.72393	23.1843	26.2001	13.822	13.3287	13.3287	7.27006	2.60867	5.20657	4.68837	2.60867	0.522081	0	5.72393	23.1843	32.5322	29.0675	24.4947	16.2563	11.8369	7.27006	3.12946	9.82244	40.8816	46.5879	22.2962	1.5659	4.16939	2.08746	1.04407	3.12946	6.75576	22.2962	22.7417	10.3286	10.833	18.6318	17.689	6.75576	2.60867	1.04407	3.12946	5.20657	7.7832	9.82244	7.7832	14.8024	19.5641	20.0264	20.0264	18.6318	14.3133	7.27006	6.75576	3.64972	0.522081	0	0.522081	0.522081	0	2.08746	3.12946	1.5659	20.9426	34.3495	32.5322	21.8478	5.20657	4.16939	3.64972	4.68837	11.8369	31.405	19.5641	11.8369	6.75576	1.5659	0.522081	1.04407	5.72393	2.08746	16.7363	20.0264	8.29508	7.27006	13.822	25.7783	27.857	26.6189	31.405	43.1848	41.765	27.857	21.3966	18.6318	34.3495	46.5879	40.2793	27.0347	17.2139	5.20657	10.3286	14.8024	5.20657	1.04407	1.04407	7.7832	3.12946	1.04407	4.16939	6.75576	9.31477	2.60867	2.60867	8.80563	3.64972	12.3361	17.689	8.29508	1.04407	2.08746	2.08746	4.16939	6.24035	4.68837	0	3.12946	3.64972	7.27006	10.833	22.7417	52.302	45.838	7.7832	6.75576	3.64972	4.68837	2.60867	1.5659	5.20657	6.24035	1.04407	28.2636	46.0903	38.4063	14.3133	2.08746	1.04407	1.04407	2.08746	4.16939	4.16939	0	5.20657	9.31477	11.8369	8.29508	5.72393	47.3177	46.8334	4.68837	2.08746	22.2962	24.4947	9.82244	11.8369	44.8056	35.4036	15.774	1.04407	4.68837	2.08746	10.833	18.6318	40.5819	44.5416	26.6189	4.16939	0.522081	1.04407	6.24035	2.08746	11.8369	27.857	19.0993	3.64972	10.3286	5.72393	5.72393	23.6241	30.2501	17.689	5.20657	2.08746	5.72393	5.20657	1.5659	3.12946	0.522081	5.20657	10.833	11.3358	8.29508	18.1617	29.859	33.2683	29.0675	21.8478	8.80563	0												
31.0208	14.312	11.8358	14.312	8.80484	2.08727	5.72341	6.75515	7.26941	4.68794	1.04398	0.522033	3.12917	7.7825	28.6649	38.0817	24.4927	2.60843	7.26941	2.08727	1.04398	3.64939	4.16901	3.64939	7.26941	7.26941	5.2061	10.8321	15.288	17.2124	13.8208	6.75515	4.68794	4.16901	5.72341	23.1825	26.198	13.8208	13.3275	13.3275	7.26941	2.60843	5.2061	4.68794	2.60843	0.522033	0	5.72341	23.1825	32.5298	29.0652	24.4927	16.2549	11.8358	7.26941	3.12917	9.82156	40.8791	46.5853	22.2944	1.56575	4.16901	2.08727	1.04398	3.12917	6.75515	22.2944	22.7399	10.3276	10.8321	18.6302	17.6875	6.75515	2.60843	1.04398	3.12917	5.2061	7.7825	9.82156	7.7825	14.8011	19.5625	20.0247	20.0247	18.6302	14.312	7.26941	6.75515	3.64939	0.522033	0	0.522033	0.522033	0	2.08727	3.12917	1.56575	20.9409	34.3471	32.5298	21.846	5.2061	4.16901	3.64939	4.68794	11.8358	31.4027	19.5625	11.8358	6.75515	1.56575	0.522033	1.04398	5.72341	2.08727	16.7349	20.0247	8.29433	7.26941	13.8208	25.7762	27.8548	26.6168	31.4027	43.1822	41.7624	27.8548	21.3949	18.6302	34.3471	46.5853	40.2768	27.0326	17.2124	5.2061	10.3276	14.8011	5.2061	1.04398	1.04398	7.7825	3.12917	1.04398	4.16901	6.75515	9.31394	2.60843	2.60843	8.80484	3.64939	12.335	17.6875	8.29433	1.04398	2.08727	2.08727	4.16901	6.23979	4.68794	0	3.12917	3.64939	7.26941	10.8321	22.7399	52.2995	45.8354	7.7825	6.75515	3.64939	4.68794	2.60843	1.56575	5.2061	6.23979	1.04398	28.2614	46.0876	38.4037	14.312	2.08727	1.04398	1.04398	2.08727	4.16901	4.16901	0	5.2061	9.31394	11.8358	8.29433	5.72341	47.3151	46.8308	4.68794	2.08727	22.2944	24.4927	9.82156	11.8358	44.803	35.4011	15.7726	1.04398	4.68794	2.08727	10.8321	18.6302	40.5793	44.539	26.6168	4.16901	0.522033	1.04398	6.23979	2.08727	11.8358	27.8548	19.0977	3.64939	10.3276	5.72341	5.72341	23.6221	30.2479	17.6875	5.2061	2.08727	5.72341	5.2061	1.56575	3.12917	0.522033	5.2061	10.8321	11.3348	8.29433	18.1601	29.8567	33.2659	29.0652	21.846	8.80484	0												
30.6282	18.8871	15.706	17.5884	10.9636	2.86272	6.14445	6.88441	7.14147	4.57451	1.16708	0.760925	2.91558	7.32818	29.2006	38.7425	23.5751	5.00791	11.1223	8.94757	8.86428	9.44144	9.32231	8.40693	10.0482	10.0482	8.96944	12.9164	15.2796	15.7097	14.6668	11.1399	8.90866	7.78207	8.14051	23.8424	26.1512	13.839	13.688	14.5847	10.7984	9.1945	11.1036	13.2758	15.8207	15.5618	11.8598	10.4805	24.1379	32.586	29.2177	26.4932	22.0932	20.0474	17.1009	14.3224	16.271	42.2185	48.4296	24.5	2.91558	3.22499	2.97903	4.45121	5.62833	7.30775	21.0054	21.9645	10.3346	10.303	17.2259	19.292	12.355	6.6247	3.26158	4.3669	8.2338	11.6404	14.3865	14.4992	19.0242	23.3595	24.9728	24.6136	20.7215	14.313	7.52543	6.89411	3.68601	0.369115	0	0.412691	1.1225	1.18162	2.46079	3.63512	1.84491	19.6142	32.9219	32.7415	24.2013	8.47731	5.72895	6.45334	8.23176	13.3764	29.3943	29.276	28.8975	23.0669	18.747	16.8903	15.2874	11.9166	4.87474	21.9367	24.7526	15.3247	12.4094	13.7432	24.7012	27.9089	27.0106	33.3349	46.4903	47.9578	41.7534	39.0062	34.524	40.4076	49.9768	42.9617	28.966	23.8575	21.3479	21.1888	17.9556	8.36556	5.30815	12.0453	15.0349	10.1262	7.31027	4.7804	3.54547	10.0141	14.2336	15.4333	17.5336	18.1234	18.5698	18.0941	10.7667	7.08792	6.22071	4.14035	2.22888	5.36504	7.38954	7.26915	7.23231	8.62246	16.0122	26.5571	39.8133	55.7261	50.8611	38.957	43.5763	46.4364	48.1395	48.391	48.2087	47.8122	47.9312	50.0518	52.5084	52.3166	40.6975	23.2289	19.8502	23.1605	30.1645	37.8248	42.2117	44.3028	44.0879	41.4236	38.3953	35.1223	30.1347	24.3453	44.8284	44.3012	5.27002	3.96926	26.738	28.633	17.1594	7.70033	44.2704	38.6001	22.5266	13.4886	17.2266	15.2438	16.3457	17.9053	37.8388	42.9702	28.3262	10.578	7.82055	5.46158	6.86263	4.45121	12.9017	27.7016	18.6358	11.3458	17.4063	14.5423	14.8478	26.6802	35.7004	35.2166	34.9644	35.0796	34.163	32.8221	32.1806	30.7465	26.9171	22.7517	20.7062	17.0864	12.1997	19.8055	30.5472	34.3485	31.5167	22.121	6.9808	0												
27.4285	20.601	17.5151	22.2612	15.1682	3.5594	6.91272	7.1407	6.88366	4.31561	1.16695	0.665355	2.03744	5.48843	29.9829	39.9863	21.5773	5.71075	12.4579	9.01266	8.86332	9.54416	9.71437	8.79781	10.0471	9.70248	10.705	16.0024	15.0368	11.7312	12.6323	12.0023	9.53544	8.43539	9.40354	24.6988	25.7298	12.6661	12.1351	13.5336	10.4794	9.04188	10.5261	12.96	15.819	16.0271	13.8392	11.4717	24.1356	31.3055	26.5649	24.3367	21.4755	20.4622	17.8011	14.7842	15.7487	42.763	51.1152	28.0168	4.86365	1.30466	2.81468	4.91212	5.62772	6.27351	18.2367	20.3746	10.0842	8.60015	12.5955	17.8902	15.3981	10.5071	7.65391	4.77988	7.38207	10.6153	13.4025	14.372	18.0273	22.3218	27.3273	30.4921	24.4781	14.3115	8.03699	7.15004	3.68561	0.369074	0	0.760823	1.29156	1.23777	2.46052	4.39322	2.36186	16.7968	29.3363	31.6518	26.4336	10.7956	5.13359	5.92162	8.09281	11.8365	20.3815	26.6182	27.9993	23.0054	18.9169	17.0134	15.4147	11.9153	12.8211	29.9532	27.7268	14.4589	11.3702	10.4029	22.0905	27.9063	27.6239	36.463	50.9334	53.3187	45.4445	38.5052	32.8942	39.114	50.4541	40.148	23.7063	25.5197	23.6107	20.0924	14.8462	8.70547	17.2372	16.5091	14.0681	10.5292	8.13572	4.36643	3.54508	9.34249	14.2805	15.5868	16.6853	17.9632	16.6388	13.9692	10.2259	7.08715	6.14411	4.28437	2.22863	3.38886	6.6569	7.26836	6.92996	9.8731	21.2306	33.7532	45.3089	54.9963	50.253	41.4332	44.5325	46.8225	48.2347	48.3804	48.2089	47.9176	47.859	50.3879	51.8247	47.3552	33.1786	21.4058	20.5315	24.0623	33.1115	38.9996	42.2345	44.2697	44.2266	41.4727	38.0946	34.5099	29.8913	24.7053	37.0583	38.4441	4.84288	3.6858	34.6196	33.5661	27.0654	6.06979	41.8237	42.8374	34.1688	18.207	17.2912	16.8632	18.1587	13.8741	31.6863	39.002	28.702	11.8732	7.88736	7.70605	6.41863	4.20072	13.6033	26.884	15.7668	12.63	17.4045	14.1703	14.3461	22.039	31.3876	34.2121	34.8756	35.0631	34.0155	32.7213	32.1778	30.81	28.1255	24.971	24.546	20.126	13.5476	21.1123	31.3037	36.2512	36.0143															
24.0527	18.6251	16.2504	24.0527	17.2077	3.64833	7.26731	7.26731	6.75319	4.1678	1.04368	0	1.04368	3.64833	30.2406	40.571	20.4787	4.68658	10.829	2.60768	1.04368	4.1678	5.72175	5.20459	7.26731	6.23798	9.81875	17.2077	14.797	8.80231	8.80231	9.31127	6.75319	6.23798	8.80231	24.9172	25.3449	11.3316	9.81875	10.829	6.23798	1.04368	1.04368	2.08666	2.60768	5.72175	10.3247	8.80231	23.1764	29.8495	23.1764	19.0925	14.308	13.3238	10.3247	6.23798	7.78026	42.0432	52.0953	29.4554	5.72175	0	1.5653	3.12826	3.12826	4.1678	16.7303	19.5572	9.81875	7.26731	8.29195	14.308	14.797	11.8325	9.81875	4.1678	0	3.64833	6.23798	7.26731	11.8325	16.7303	25.7697	32.5222	26.1914	14.308	8.29195	7.26731	3.64833	0.521881	0	1.04368	1.04368	0.521881	2.08666	4.68658	2.60768	15.2837	27.0258	30.2406	26.6101	10.829	2.08666	0	4.1678	7.78026	6.75319	0.521881	0.521881	6.23798	4.1678	3.12826	3.12826	5.72175	16.7303	33.2582	27.0258	3.64833	1.04368	5.20459	20.4787	27.8479	27.8479	37.7487	52.4858	54.339	40.8708	18.1552	3.64833	30.2406	47.7824	32.5222	10.3247	21.8403	16.2504	1.04368	1.04368	6.23798	22.7339	16.2504	0	5.20459	5.20459	3.12826	6.75319	7.78026	3.12826	4.1678	3.64833	0.521881	1.5653	6.23798	6.75319	1.04368	1.5653	2.60768	4.1678	2.08666	1.04368	0	1.04368	7.78026	21.3892	33.2582	42.3297	50.2498	43.9954	27.4384	20.4787	14.308	8.80231	1.5653	2.08666	9.31127	0.521881	14.797	19.5572	16.2504	3.64833	3.64833	8.29195	10.3247	22.7339	18.1552	5.20459	2.08666	7.78026	6.75319	1.04368	0	5.20459	8.80231	30.2406	35.0449	3.64833	0	38.0736	35.0449	31.0135	9.81875	39.6553	44.2642	39.0311	17.6827	5.20459	10.829	15.7682	9.31127	28.2544	36.4204	27.4384	8.80231	1.5653	7.78026	5.20459	0	13.3238	26.1914	12.8286	8.80231	10.3247	3.12826	1.04368	6.75319	12.8286	9.81875	2.60768	1.04368	0.521881	2.60768	1.5653	4.68658	13.3238	16.7303	22.2885	19.0925	11.8325	20.9353	31.3953	37.0904	38.0736															
24.0507	18.6235	16.249	24.0507	17.2062	3.648	7.26666	7.26666	6.75259	4.16742	1.04358	0	1.04358	3.648	30.2383	40.5684	20.477	4.68615	10.828	2.60744	1.04358	4.16742	5.72124	5.20412	7.26666	6.23742	9.81788	17.2062	14.7957	8.80152	8.80152	9.31044	6.75259	6.23742	8.80152	24.9152	25.3429	11.3306	9.81788	10.828	6.23742	1.04358	1.04358	2.08647	2.60744	5.72124	10.3238	8.80152	23.1745	29.8473	23.1745	19.0909	14.3068	13.3226	10.3238	6.23742	7.77956	42.0406	52.0928	29.4532	5.72124	0	1.56515	3.12798	3.12798	4.16742	16.7288	19.5556	9.81788	7.26666	8.2912	14.3068	14.7957	11.8314	9.81788	4.16742	0	3.648	6.23742	7.26666	11.8314	16.7288	25.7676	32.5199	26.1894	14.3068	8.2912	7.26666	3.648	0.521834	0	1.04358	1.04358	0.521834	2.08647	4.68615	2.60744	15.2824	27.0237	30.2383	26.608	10.828	2.08647	0	4.16742	7.77956	6.75259	0.521834	0.521834	6.23742	4.16742	3.12798	3.12798	5.72124	16.7288	33.2558	27.0237	3.648	1.04358	5.20412	20.477	27.8458	27.8458	37.7462	52.4833	54.3365	40.8682	18.1536	3.648	30.2383	47.7798	32.5199	10.3238	21.8385	16.249	1.04358	1.04358	6.23742	22.732	16.249	0	5.20412	5.20412	3.12798	6.75259	7.77956	3.12798	4.16742	3.648	0.521834	1.56515	6.23742	6.75259	1.04358	1.56515	2.60744	4.16742	2.08647	1.04358	0	1.04358	7.77956	21.3874	33.2558	42.3272	50.2472	43.9928	27.4363	20.477	14.3068	8.80152	1.56515	2.08647	9.31044	0.521834	14.7957	19.5556	16.249	3.648	3.648	8.2912	10.3238	22.732	18.1536	5.20412	2.08647	7.77956	6.75259	1.04358	0	5.20412	8.80152	30.2383	35.0425	3.648	0	38.0711	35.0425	31.0112	9.81788	39.6528	44.2616	39.0285	17.6812	5.20412	10.828	15.7669	9.31044	28.2522	36.4179	27.4363	8.80152	1.56515	7.77956	5.20412	0	13.3226	26.1894	12.8275	8.80152	10.3238	3.12798	1.04358	6.75259	12.8275	9.81788	2.60744	1.04358	0.521834	2.60744	1.56515	4.68615	13.3226	16.7288	22.2867	19.0909	11.8314	20.9336	31.3929	37.0879	38.0711															
26.3775	18.4439	14.8407	23.2148	16.7274	4.45311	8.27652	8.23445	7.48499	5.18107	3.62923	4.49483	6.89909	10.4503	31.1092	38.5639	16.9227	9.53288	13.8239	8.85347	8.24485	8.97354	9.56724	8.85332	9.86546	9.34159	12.3515	18.1954	14.6187	9.8521	10.7021	11.3198	9.17467	8.58255	10.0442	24.3289	24.6593	13.0001	13.0539	14.6222	11.951	10.0105	9.8707	10.1786	9.03945	10.1074	12.8078	9.20496	20.7094	27.827	23.6682	21.663	19.1753	19.1944	17.4697	14.2007	13.4035	40.2688	51.3057	37.299	19.0239	8.2307	4.2394	5.59314	6.70255	7.83867	16.2186	17.2485	8.46815	8.99544	11.8104	17.7021	21.117	21.416	19.9626	14.5497	5.8829	3.06766	9.41179	14.2591	19.2615	25.3633	33.7844	40.3676	38.8775	29.9905	19.5315	13.7555	8.13756	4.8173	4.17537	3.95495	3.88593	4.05628	5.00595	6.97592	5.81412	15.0526	26.5207	32.3599	33.4296	27.8786	27.6441	29.8658	31.6824	33.7198	35.6106	35.8374	32.2157	26.9639	20.6711	15.6369	10.6337	10.0734	24.2985	37.1886	28.4775	12.3933	9.56743	6.45089	16.9735	25.5512	28.5888	39.8878	53.7739	56.189	49.9152	42.2716	37.1418	42.8922	52.8014	49.4805	47.1321	49.4751	51.6264	52.634	52.681	51.7932	49.0566	42.1361	34.4452	27.0236	19.7276	19.592	23.5979	27.5454	29.8845	32.1805	33.9181	33.8012	31.6346	29.7577	29.5607	29.6694	28.7603	27.4795	25.6556	22.2872	18.4268	14.1	9.8707	10.5785	28.5887	42.8301	48.3434	52.4195	48.0239	37.0092	32.3497	26.8114	18.7944	15.5244	21.7358	30.0141	33.2555	30.1477	23.4645	18.7437	14.3955	19.2888	23.5543	25.4547	34.7049	37.9758	38.3174	39.1379	40.6769	42.8124	44.1265	44.9893	46.0122	47.6561	45.267	34.3376	13.6142	13.789	42.2578	43.1195	41.1103	44.3511	45.881	41.8491	36.0144	18.1161	6.59431	10.9493	16.3012	7.06142	23.5688	35.2919	34.2223	25.4547	20.4497	18.7085	11.4782	5.06284	11.8901	20.3358	19.0478	21.1052	18.3131	14.14	13.8244	17.5445	25.0801	30.2564	32.091	31.7707	29.9539	27.6548	25.5589	24.4495	25.2414	23.9566	25.4537	19.9763	13.5497	22.4639	31.306	36.6026	35.8207															
21.0009	13.5183	10.7236	21.4308	15.7639	5.7113	9.49886	8.70187	7.25843	4.9817	3.8461	5.00541	8.13668	12.03	30.5562	33.686	9.33153	11.7311	13.8225	8.73252	8.28401	9.09644	9.88928	9.17376	9.6836	9.34059	14.3533	19.3374	13.2079	8.83176	10.4986	11.5276	9.56609	10.1064	11.4896	22.8056	22.3057	11.6555	12.2202	14.4447	12.0832	10.042	9.86964	10.2351	8.97268	16.4001	17.3951	8.51201	15.5299	22.8206	21.253	20.3594	18.5253	19.0364	18.2201	15.28	16.2321	34.5934	46.675	40.7387	25.2124	13.567	9.34031	8.0649	7.701	8.13668	13.7091	12.3927	4.97156	7.49332	10.4679	15.1683	19.5601	21.5367	21.1356	19.6684	12.9729	6.1087	9.09834	13.3693	17.6151	23.1538	31.2553	38.472	41.0071	35.8335	24.0497	17.0661	9.8892	4.85858	4.23916	4.0391	3.83293	4.03913	5.26756	7.34742	5.81349	11.7311	20.9761	27.9857	31.7649	27.8039	27.7268	30.018	31.5902	33.4575	35.4224	35.9023	33.702	29.8545	22.6738	18.2973	15.9498	18.3871	33.4799	39.094	24.3074	12.2205	9.96847	6.24989	9.57617	18.7283	23.1809	36.0248	51.3479	53.2803	48.9216	43.5301	37.5247	42.2151	49.4694	48.2707	47.1718	48.7313	51.2648	52.646	52.6886	51.7417	48.1057	41.5446	36.576	32.1625	20.369	19.6727	23.2889	27.1423	29.8507	32.5745	34.1652	33.8571	32.1695	30.0913	29.3459	29.6856	28.7693	27.4338	25.5564	22.7254	19.6431	15.3215	11.0632	10.2269	36.3438	49.6821	49.0955	50.4602	48.0207	36.8922	31.4431	25.402	19.016	16.143	25.1937	29.9574	33.2526	29.2251	19.6011	16.3531	17.0504	21.6612	24.3754	25.9038	37.7799	41.9472	38.7065	39.1428	40.4971	42.6922	44.1435	45.0011	45.9536	47.5122	42.9583	26.6085	13.4589	14.5355	45.673	47.8203	37.4091	44.132	40.3529	30.652	28.205	18.5789	7.25843	9.18436	14.773	4.44903	12.5184	27.5153	33.2996	27.1273	21.04	25.4374	21.9548	8.0155	7.83767	7.52862	17.3337	20.379	16.9859	13.9823	13.8229	17.3778	23.9457	29.6974	32.0542	31.8122	30.1037	27.6948	25.5888	24.8217	29.8339	32.6632	31.2972	21.1002	14.9205	23.7338	30.1701	35.2408	30.9118	19.9743														
2.60668	4.6848	7.26456	20.4715	15.2782	6.23562	9.81507	8.28882	6.23562	3.64694	2.08586	3.12707	6.23562	9.30777	29.0488	30.619	5.20261	10.825	10.825	1.5647	1.5647	4.6848	6.75064	6.23562	6.75064	6.23562	14.3028	19.5503	11.8281	6.23562	8.28882	9.81507	7.77732	9.81507	11.8281	21.8327	20.4715	7.77732	7.26456	10.3208	6.75064	1.5647	1.04328	2.60668	2.08586	19.0857	19.5503	7.26456	12.8239	19.5503	17.6763	15.7625	12.3269	12.8239	12.8239	10.3208	15.2782	29.8401	41.4514	38.7041	24.9088	15.2782	11.8281	8.799	6.23562	5.20261	11.3274	9.81507	1.5647	1.5647	2.60668	5.20261	8.799	12.3269	14.3028	19.5503	16.2445	8.28882	5.20261	0.521682	2.08586	4.6848	15.2782	25.3364	33.9718	33.6115	22.2808	16.2445	8.799	1.04328	1.04328	1.5647	0.521682	0	3.12707	5.71958	2.60668	7.26456	13.3189	17.6763	20.928	10.3208	4.16621	5.20261	0	2.08586	0.521682	4.16621	17.2015	21.3818	14.7916	14.3028	17.2015	22.2808	36.7463	37.7381	15.7625	2.08586	4.16621	4.6848	5.71958	12.8239	12.8239	27.0169	46.3183	46.0684	36.7463	27.0169	10.825	27.0169	34.6834	23.1685	11.3274	8.28882	3.64694	3.64694	3.12707	1.5647	3.64694	7.77732	21.8327	27.8389	9.30777	4.16621	3.12707	1.04328	2.08586	9.81507	8.28882	3.64694	10.3208	9.81507	3.12707	2.08586	2.08586	0.521682	2.08586	7.26456	10.3208	8.799	7.26456	6.75064	38.7041	50.6621	44.5197	45.0454	43.9844	27.0169	16.2445	4.16621	9.81507	6.75064	19.5503	8.799	0.521682	8.28882	3.12707	9.30777	13.8119	15.2782	12.8239	12.8239	32.8817	35.3829	11.8281	2.60668	1.04328	0	3.12707	2.60668	0	1.04328	10.825	13.8119	2.08586	6.75064	45.8161	47.2958	5.20261	2.08586	3.64694	12.3269	22.7261	18.6185	6.75064	6.75064	12.3269	5.20261	4.6848	16.2445	24.4781	17.2015	7.77732	26.1827	26.6013	8.799	4.16621	2.60668	5.20261	2.60668	1.5647	0.521682	1.04328	5.71958	5.20261	0.521682	0	3.12707	5.20261	3.64694	2.60668	8.28882	27.4294	35.7282	33.9718	21.3818	14.7916	23.608	29.0488	34.3291	28.2453	19.0857														
15.1975	12.5434	10.8319	19.2192	13.2427	7.86995	11.5867	9.70878	8.27428	7.98314	9.40909	12.2809	16.2935	19.5568	28.6655	25.6535	6.32596	14.4939	13.939	8.8918	8.58039	9.3583	10.0399	9.15956	9.68357	9.36691	15.6369	19.475	11.915	8.42283	10.4843	11.1265	8.85245	10.6822	12.1915	21.0182	20.5152	12.7698	13.5254	15.878	13.7747	10.9155	9.68381	8.03087	6.50818	20.3098	19.3672	10.2725	12.9633	16.5127	16.3973	16.2855	14.7664	15.7925	15.2851	12.5975	16.9074	28.6607	40.2949	40.8988	30.8242	21.5874	16.6949	11.4525	7.30288	6.63288	11.115	15.7003	19.6658	21.7276	23.0228	24.2735	26.5244	29.9353	32.9094	35.2893	31.6658	24.1789	17.0926	6.52117	2.3317	8.04528	17.984	29.7864	40.9229	44.7558	40.6284	34.1152	23.3522	15.9188	13.9225	13.3776	13.6935	13.8114	13.5535	12.6736	10.5203	12.6231	18.5	25.0735	31.7411	34.0895	34.9705	34.1451	33.9763	34.8791	32.7017	26.6179	26.4778	26.3399	15.2546	11.7575	18.0396	26.891	38.9141	37.4745	16.1991	6.38909	6.85315	6.72277	6.24864	13.5262	15.1399	27.3668	46.6344	50.6671	46.7676	44.7275	44.0115	48.0803	52.4122	51.5775	48.969	47.7697	46.9251	43.9165	42.0676	43.4396	43.3547	40.1146	38.9336	36.4779	21.6016	24.4611	28.6531	33.6538	37.0871	37.9983	37.2286	36.6783	37.6873	39.8864	42.8886	43.2922	42.0752	41.3096	38.2016	32.0299	26.7193	24.1498	19.8985	3.98362	37.0195	50.3457	45.1519	44.5986	43.6034	33.1633	31.2569	28.7086	19.7282	13.9761	20.9655	9.37899	1.48662	9.68331	8.24427	12.5685	16.3266	14.5453	17.3435	23.229	37.9521	41.7237	27.2989	19.8269	15.0901	9.76954	6.40715	2.63879	1.74919	3.5193	11.2594	15.1193	8.36	11.4865	44.9592	46.0933	6.62013	3.98362	7.59762	13.4054	20.3134	16.0387	9.25774	9.61236	12.1231	7.39347	8.04528	18.5293	28.5736	27.6555	24.8029	33.3606	32.6587	17.3209	14.7584	15.0624	13.8409	11.1806	9.33913	8.69501	9.1436	10.1804	8.70059	6.36555	5.72524	6.58246	8.58026	8.04929	6.44903	9.86266	29.4729	39.0992	35.0985	20.7417	18.0496	27.7987	29.9002	31.7077	24.4464	18.8386														
15.2408	12.2068	9.64055	15.3854	8.9991	10.3253	13.2081	9.49643	8.47092	9.32397	10.5839	13.5253	17.9825	20.5648	23.0999	14.1607	7.2681	15.0606	13.3985	8.83154	8.6333	9.78864	10.5884	8.99206	9.6827	11.0042	17.2658	18.7861	10.327	8.06905	11.5691	11.8166	9.07925	11.1559	11.9516	18.3341	17.7788	12.1277	13.0675	15.8766	14.3095	11.2358	9.89673	7.95553	13.1732	22.56	18.673	13.9836	11.1792	10.1181	12.8921	14.3626	14.183	16.6051	16.1288	13.0136	18.0217	24.6644	35.0849	40.3477	33.5515	24.6598	20.5885	13.933	7.08935	6.43794	7.82947	14.8202	19.8252	21.7437	22.964	24.1066	26.0117	29.1207	32.3508	36.5577	34.241	27.3505	23.0999	13.2512	7.55064	8.36713	14.6598	24.9363	37.1104	43.9077	42.9554	39.543	27.1097	16.4457	14.189	13.3386	13.6877	13.8102	13.4024	12.0948	10.3699	11.607	16.2162	22.3827	29.1682	33.5998	34.9132	34.0416	34.0174	34.8583	33.9106	30.8311	35.4425	34.9743	15.2533	6.46888	19.6719	34.308	40.9855	34.8678	13.5391	7.21291	10.6934	10.508	4.77327	11.3214	12.9955	20.9934	40.065	48.9269	45.5425	43.3454	43.8908	47.0013	51.2053	51.8683	49.3871	47.7378	47.124	44.2472	42.0418	43.5423	43.7974	41.808	44.3285	41.1847	20.7799	25.5299	30.1304	34.8656	37.2921	37.8135	37.1665	36.6758	37.5155	39.6478	42.9298	43.4285	42.1333	41.3253	39.9672	35.8629	27.6321	25.321	27.5459	11.7114	33.0308	49.1576	45.4031	42.1884	39.1356	30.4247	30.1186	30.2345	22.0694	20.4361	23.1753	10.1229	2.63855	12.1707	12.844	13.1458	18.7642	9.99348	15.0847	21.6948	35.6831	42.664	29.8122	21.612	16.3397	14.7651	12.1008	2.396	2.81876	4.29726	9.38531	14.0721	8.51586	12.7085	42.6704	43.4671	9.14231	4.30907	8.78453	12.5431	14.9446	10.2811	8.03629	8.56993	9.70791	8.43962	8.36713	14.8453	25.2865	26.9785	25.0091	35.0762	36.0834	18.4392	14.4887	14.9744	13.3765	11.0867	9.3383	8.71696	9.22863	9.70649	8.03629	6.39643	5.77142	6.21599	8.17716	8.97923	6.5615	8.17716	32.2959	44.9768	36.4492	17.8791	21.7402	31.6418	27.7113	25.0369	16.0192	14.2678	15.9316	14.2524												
3.12621	2.08529	1.56427	12.3237	6.74881	11.3244	13.3154	7.77522	6.74881	7.77522	7.2626	8.79663	12.8205	13.3154	15.2742	7.2626	7.2626	12.3237	9.30528	0.521539	2.08529	6.23393	8.28659	5.71803	6.74881	10.3181	17.6718	18.1441	8.28659	5.2012	10.8221	11.3244	8.28659	10.8221	11.3244	16.2403	14.299	5.2012	5.2012	10.3181	8.79663	4.16508	3.12621	2.08529	16.2403	23.6022	18.1441	15.2742	8.79663	6.74881	10.3181	11.3244	10.8221	14.7877	14.7877	11.3244	17.6718	21.3764	29.8333	37.4029	31.7572	23.1628	20.9228	14.299	5.71803	4.68352	1.56427	6.23393	4.16508	2.08529	0.521539	2.60597	2.60597	4.16508	9.81244	25.3304	26.5951	21.3764	23.1628	16.2403	10.3181	5.71803	1.56427	2.08529	17.1971	29.8333	33.241	36.0631	22.7205	6.23393	4.16508	0.521539	0	0	1.04299	1.56427	0.521539	1.04299	2.08529	3.12621	3.64595	0.521539	2.08529	2.08529	3.12621	0	15.7584	24.9028	38.0554	38.6964	14.7877	3.64595	20.4664	37.4029	41.1493	32.1327	9.30528	5.2012	12.3237	12.3237	0	7.2626	6.23393	7.77522	27.423	40.5525	31.3786	15.7584	8.28659	15.7584	24.0387	26.5951	19.0809	7.2626	10.8221	12.3237	1.04299	6.74881	13.8083	24.0387	41.1493	40.25	2.08529	12.3237	15.7584	16.2403	7.77522	6.74881	7.2626	3.64595	7.77522	4.68352	5.2012	7.77522	5.2012	2.60597	22.2753	27.8324	15.2742	14.7877	28.642	16.7199	30.6121	48.2307	45.0375	39.9448	33.6043	17.1971	8.28659	16.2403	17.6718	22.2753	24.0387	10.3181	3.12621	13.3154	14.299	10.8221	19.0809	2.60597	2.60597	0	25.755	38.0554	22.2753	13.3154	9.30528	15.7584	14.7877	2.08529	3.12621	3.64595	6.23393	11.3244	3.12621	10.3181	41.1493	42.0245	10.3181	3.12621	7.2626	10.3181	11.8249	6.74881	1.56427	2.60597	6.74881	7.77522	5.71803	1.56427	13.8083	14.299	9.30528	30.9969	35.0273	12.8205	0.521539	1.04299	0	1.56427	1.56427	1.04299	2.08529	3.64595	2.08529	1.04299	1.04299	0.521539	3.64595	6.74881	3.12621	2.60597	33.241	47.5269	36.7388	15.2742	22.7205	32.1327	24.0387	20.4664	11.3244	7.2626	10.3181	15.2742												
3.12587	2.08507	1.5641	12.3224	6.74808	11.3232	13.314	7.77438	6.74808	7.77438	7.26182	8.79569	12.8191	13.314	15.2726	7.26182	7.26182	12.3224	9.30428	0.521482	2.08507	6.23325	8.2857	5.71741	6.74808	10.317	17.67	18.1422	8.2857	5.20064	10.8209	11.3232	8.2857	10.8209	11.3232	16.2387	14.2976	5.20064	5.20064	10.317	8.79569	4.16462	3.12587	2.08507	16.2387	23.5999	18.1422	15.2726	8.79569	6.74808	10.317	11.3232	10.8209	14.7862	14.7862	11.3232	17.67	21.3743	29.8306	37.3999	31.7544	23.1606	20.9207	14.2976	5.71741	4.68301	1.5641	6.23325	4.16462	2.08507	0.521482	2.60568	2.60568	4.16462	9.81139	25.328	26.5926	21.3743	23.1606	16.2387	10.317	5.71741	1.5641	2.08507	17.1953	29.8306	33.2381	36.0601	22.7183	6.23325	4.16462	0.521482	0	0	1.04288	1.5641	0.521482	1.04288	2.08507	3.12587	3.64555	0.521482	2.08507	2.08507	3.12587	0	15.7568	24.9004	38.0523	38.6934	14.7862	3.64555	20.4643	37.3999	41.1462	32.1299	9.30428	5.20064	12.3224	12.3224	0	7.26182	6.23325	7.77438	27.4205	40.5494	31.3758	15.7568	8.2857	15.7568	24.0364	26.5926	19.0789	7.26182	10.8209	12.3224	1.04288	6.74808	13.8068	24.0364	41.1462	40.2469	2.08507	12.3224	15.7568	16.2387	7.77438	6.74808	7.26182	3.64555	7.77438	4.68301	5.20064	7.77438	5.20064	2.60568	22.2731	27.8299	15.2726	14.7862	28.6394	16.7182	30.6094	48.2276	45.0344	39.9417	33.6014	17.1953	8.2857	16.2387	17.67	22.2731	24.0364	10.317	3.12587	13.314	14.2976	10.8209	19.0789	2.60568	2.60568	0	25.7525	38.0523	22.2731	13.314	9.30428	15.7568	14.7862	2.08507	3.12587	3.64555	6.23325	11.3232	3.12587	10.317	41.1462	42.0214	10.317	3.12587	7.26182	10.317	11.8237	6.74808	1.5641	2.60568	6.74808	7.77438	5.71741	1.5641	13.8068	14.2976	9.30428	30.9941	35.0243	12.8191	0.521482	1.04288	0	1.5641	1.5641	1.04288	2.08507	3.64555	2.08507	1.04288	1.04288	0.521482	3.64555	6.74808	3.12587	2.60568	33.2381	47.5238	36.7358	15.2726	22.7183	32.1299	24.0364	20.4643	11.3232	7.26182	10.317	15.2726												
3.39558	5.1091	6.08353	11.6503	5.20341	12.0017	13.8477	8.02746	7.13639	8.43123	7.62942	8.53626	12.4974	12.5699	13.056	10.0037	13.1085	15.6639	12.354	8.03403	8.13432	10.167	11.8257	10.6161	10.9275	12.6181	18.2912	18.0233	10.2212	9.15612	12.5687	12.2067	9.64421	11.3975	11.6199	16.3347	16.2863	12.5996	13.152	15.8452	14.4628	10.4434	8.34886	5.87896	19.3475	25.7486	19.267	17.1888	12.8801	11.4542	12.1872	12.0285	11.6199	15.5997	15.0644	10.2924	16.1213	21.1535	28.7082	36.1135	33.0694	26.4619	24.7348	16.8548	7.7161	8.12813	8.918	11.6947	9.88067	8.02784	7.16234	7.79537	8.87918	10.5963	14.7444	27.403	31.3289	29.3943	29.9517	21.7423	13.2489	13.2205	11.4726	5.99762	11.3974	27.9961	38.8157	44.5956	37.6047	30.5879	27.4205	23.4537	21.1685	21.526	22.7368	20.9254	19.3244	20.2358	21.3163	22.1741	24.0899	27.0303	27.5332	24.1577	18.6128	13.2097	19.0323	26.2849	36.4054	38.538	23.3375	11.2321	25.6711	39.411	40.157	30.3137	9.72018	5.88174	13.4638	15.8108	7.82722	11.6712	10.7392	12.8803	28.0593	41.3478	38.4886	36.1148	38.0235	39.8591	40.2627	37.9765	34.2254	32.178	32.8723	32.8333	29.6968	28.249	30.5488	37.0438	47.4653	47.1547	37.9374	33.1571	29.2381	27.6056	25.2696	25.5952	25.9637	28.3366	34.3372	36.865	34.8237	33.4816	32.4074	29.9974	33.668	34.0323	26.5953	28.7216	36.9327	22.9569	27.1653	47.1024	53.6405	57.0851	57.8749	58.0292	59.3342	61.0261	62.0672	61.9516	60.3989	57.0665	54.1569	50.7912	47.1341	47.2557	52.0364	54.7129	56.6317	57.8815	60.4496	63.6268	62.6149	60.0418	56.5194	53.1685	50.125	48.018	46.6268	43.7252	40.7316	36.8165	29.579	26.6809	45.0423	45.8723	14.2374	7.77622	12.4044	16.5053	15.081	10.4946	11.1764	11.8137	12.6801	11.2798	8.93079	7.33447	15.1619	18.6172	19.907	34.5164	40.4548	22.3507	3.51777	3.22175	3.65468	5.23261	5.51704	4.9349	4.78245	8.15871	15.5055	19.5961	19.4303	17.6846	14.753	13.0638	11.8665	11.6494	32.0151	47.6406	36.9786	14.2229	21.9739	31.47	22.108	19.5101	18.2009	17.0935	16.1548	17.7472												
2.96993	4.9481	6.15953	8.91688	2.06017	13.2366	14.5728	7.78368	7.13574	8.9168	7.38992	7.54779	11.7521	11.0703	7.87895	8.69096	13.2466	14.953	11.2487	8.03331	8.07644	9.87969	11.4938	10.7548	12.4236	14.4083	18.5175	16.4344	9.16785	10.4173	13.7005	12.2056	10.3294	11.1619	10.271	13.7681	14.4388	12.3376	13.059	16.1648	15.642	11.3968	9.52573	9.24611	25.1365	28.5629	18.6255	17.6147	14.0056	11.3116	10.609	10.5475	11.1663	15.8289	14.366	7.62874	12.9463	20.4728	25.8608	31.9544	32.2068	27.379	28.2294	19.2744	6.94438	7.65725	9.7062	11.9756	9.4742	7.90238	7.18952	7.58764	8.69096	10.2205	13.2897	23.6382	29.7005	30.5526	34.0059	26.1881	11.5163	12.7504	13.6605	8.24044	3.93476	19.0521	34.5692	44.7893	38.7648	31.1486	28.6671	23.8338	21.3363	21.836	22.735	21.3507	19.3469	20.2681	21.2749	22.0922	24.0879	27.3353	27.5472	24.8981	19.7195	15.1537	21.3137	27.6937	31.5406	34.6595	29.3277	23.9106	32.7361	40.5768	36.2839	25.731	9.71931	5.66045	15.3987	22.0478	9.14101	12.1705	10.063	11.9757	23.2379	36.2657	35.5108	35.1504	37.7819	40.7226	43.215	38.5078	33.5612	32.1391	32.9255	33.1714	29.9129	27.9982	29.5003	35.973	46.9895	44.5415	38.3322	32.8308	27.9056	26.7853	25.8806	25.5932	26.0794	29.0596	34.4516	36.8057	34.7994	33.5589	32.6549	30.6879	36.874	34.599	25.0023	30.062	45.8734	33.7869	16.5867	36.2018	49.5798	55.9202	57.2154	57.8097	59.2916	60.8724	62.0119	62.3428	61.1593	57.5979	54.519	50.613	46.726	47.1288	51.5353	54.7939	56.7945	57.9095	59.9876	63.1875	63.0692	60.7347	57.5283	54.3216	50.6316	48.0383	46.9858	44.3409	40.6219	36.5488	31.1629	27.2874	47.2316	50.5798	17.1873	7.88557	11.3672	19.4631	16.5194	9.39082	11.1754	12.0225	12.1391	10.063	8.27858	7.2609	12.1797	16.131	19.0866	31.7839	43.818	33.6264	9.43038	3.13629	3.72759	6.08562	5.45535	5.35275	4.60989	10.609	18.0718	19.6888	19.4436	17.9507	14.8148	12.3415	12.2061	11.5318	28.0495	47.638	36.9761	11.1619	20.3889	30.1213	17.5805	13.7695	17.1343	19.1991	18.3279	16.7888	17.0537	9.98296										
2.0845	1.04259	2.0845	6.23156	0	13.8032	14.7823	7.25985	6.74625	8.79333	6.74625	6.74625	11.3202	10.3142	4.16349	1.56367	7.77229	10.3142	5.71586	0.52134	1.56367	5.19922	7.25985	6.23156	10.818	14.2938	18.1376	14.7823	5.19922	8.79333	13.3105	11.3202	9.80877	10.3142	8.28347	10.3142	9.30178	3.64456	4.68174	11.3202	12.3191	7.77229	7.25985	10.3142	27.8234	29.4299	16.7139	16.2345	11.8205	6.23156	5.71586	7.77229	9.80877	15.2686	13.3105	5.71586	11.3202	20.0002	24.0306	28.6328	29.8239	25.3219	28.6328	19.5385	3.12502	2.60497	5.71586	7.25985	1.04259	0.52134	1.04259	0.52134	0	1.04259	3.12502	14.7823	21.8197	24.8944	33.2309	26.5863	4.16349	2.60497	10.818	8.28347	8.79333	2.60497	16.2345	36.7283	27.8234	11.8205	14.2938	6.74625	4.16349	5.71586	1.04259	6.74625	1.56367	2.0845	0.52134	1.04259	3.64456	6.74625	2.60497	9.80877	10.3142	10.818	20.9155	27.8234	27.8234	29.8239	29.8239	29.4299	35.3652	39.934	32.8646	22.7127	9.30178	4.68174	16.2345	24.8944	6.74625	8.79333	3.12502	3.64456	14.7823	27.0017	19.5385	4.68174	1.04259	22.2677	36.0527	28.6328	15.2686	6.74625	11.3202	14.7823	6.23156	2.60497	3.64456	18.6071	39.6261	29.8239	10.818	9.30178	6.74625	12.3191	11.8205	6.74625	8.28347	11.3202	9.30178	2.60497	4.68174	8.79333	8.79333	11.3202	32.4953	29.4299	5.19922	20.4592	48.6786	38.3667	1.56367	5.19922	14.7823	28.6328	23.5942	5.71586	3.12502	3.64456	14.7823	32.4953	37.72	25.7464	18.1376	7.77229	0	7.25985	3.64456	9.30178	13.8032	6.23156	4.16349	29.0329	34.3116	32.4953	32.1229	32.1229	22.7127	4.16349	13.8032	16.2345	1.56367	7.77229	16.7139	13.8032	46.2996	52.0665	17.1909	3.64456	1.04259	18.1376	15.2686	0.52134	1.56367	4.16349	4.16349	2.60497	3.12502	0.52134	4.68174	4.16349	3.64456	23.1549	43.1442	37.72	12.3191	0	1.04259	4.68174	1.04259	3.12502	1.04259	10.3142	13.8032	3.12502	1.56367	4.68174	4.16349	2.60497	5.19922	1.04259	24.8944	47.516	36.7283	8.79333	19.5385	29.4299	14.7823	5.19922	6.74625	14.7823	16.2345	12.8158	16.2345	11.8205										
2.08427	1.04248	2.08427	6.23089	0	13.8017	14.7808	7.25907	6.74552	8.79238	6.74552	6.74552	11.319	10.3131	4.16304	1.5635	7.77145	10.3131	5.71524	0.521283	1.5635	5.19866	7.25907	6.23089	10.8169	14.2923	18.1357	14.7808	5.19866	8.79238	13.3091	11.319	9.80772	10.3131	8.28258	10.3131	9.30079	3.64416	4.68123	11.319	12.3178	7.77145	7.25907	10.3131	27.8208	29.4273	16.7122	16.2328	11.8193	6.23089	5.71524	7.77145	9.80772	15.267	13.3091	5.71524	11.319	19.9982	24.0282	28.6302	29.8212	25.3195	28.6302	19.5365	3.12468	2.60469	5.71524	7.25907	1.04248	0.521283	1.04248	0.521283	0	1.04248	3.12468	14.7808	21.8176	24.8921	33.2281	26.5838	4.16304	2.60469	10.8169	8.28258	8.79238	2.60469	16.2328	36.7253	27.8208	11.8193	14.2923	6.74552	4.16304	5.71524	1.04248	6.74552	1.5635	2.08427	0.521283	1.04248	3.64416	6.74552	2.60469	9.80772	10.3131	10.8169	20.9134	27.8208	27.8208	29.8212	29.8212	29.4273	35.3622	39.931	32.8618	22.7105	9.30079	4.68123	16.2328	24.8921	6.74552	8.79238	3.12468	3.64416	14.7808	26.9992	19.5365	4.68123	1.04248	22.2655	36.0497	28.6302	15.267	6.74552	11.319	14.7808	6.23089	2.60469	3.64416	18.6052	39.6231	29.8212	10.8169	9.30079	6.74552	12.3178	11.8193	6.74552	8.28258	11.319	9.30079	2.60469	4.68123	8.79238	8.79238	11.319	32.4924	29.4273	5.19866	20.4571	48.6755	38.3636	1.5635	5.19866	14.7808	28.6302	23.5919	5.71524	3.12468	3.64416	14.7808	32.4924	37.7169	25.744	18.1357	7.77145	0	7.25907	3.64416	9.30079	13.8017	6.23089	4.16304	29.0303	34.3087	32.4924	32.12	32.12	22.7105	4.16304	13.8017	16.2328	1.5635	7.77145	16.7122	13.8017	46.2965	52.0635	17.1891	3.64416	1.04248	18.1357	15.267	0.521283	1.5635	4.16304	4.16304	2.60469	3.12468	0.521283	4.68123	4.16304	3.64416	23.1526	43.1411	37.7169	12.3178	0	1.04248	4.68123	1.04248	3.12468	1.04248	10.3131	13.8017	3.12468	1.5635	4.68123	4.16304	2.60469	5.19866	1.04248	24.8921	47.5129	36.7253	8.79238	19.5365	29.4273	14.7808	5.19866	6.74552	14.7808	16.2328	12.8144	16.2328	11.8193										
5.1495	5.52707	6.89188	7.34059	3.21525	13.5997	14.7921	7.88927	7.02805	10.034	11.6132	13.7304	17.6374	19.0851	18.1432	16.3565	14.8858	13.6198	9.6086	7.53278	7.67241	8.95676	9.42777	6.72763	10.532	13.8969	17.9401	17.0235	11.9509	13.2153	16.1874	13.7745	11.0556	10.8832	9.89487	12.2676	12.163	9.47142	8.96411	13.3754	13.4459	8.20369	7.67203	10.4655	27.5391	30.2583	18.2295	16.8845	14.8132	12.4203	12.7803	13.651	14.4694	18.5889	17.0633	11.5563	12.5592	18.3177	21.7191	27.6833	30.5268	26.6692	28.6698	19.0461	8.58927	8.91465	10.052	8.80683	3.2932	1.56336	2.0264	1.73814	1.23612	0.759812	2.76221	14.9142	22.0413	25.2132	33.3245	24.0971	11.2097	18.84	22.5135	18.357	15.6582	7.37884	12.5944	34.1568	34.9841	33.8397	33.2752	30.1478	29.9092	26.947	21.7433	21.9617	24.4506	23.9256	21.2474	18.6022	15.3169	12.1356	9.8273	13.7473	14.6075	14.538	22.37	27.8315	28.2465	31.9481	33.7371	35.1372	36.9129	36.898	32.761	22.341	11.9509	15.829	20.6259	26.9107	13.1134	13.9108	9.09525	8.73375	16.4927	26.1815	23.7088	22.7488	21.9825	29.5183	39.8322	33.3928	24.7606	23.293	24.6932	26.471	24.837	21.7048	20.3001	28.4482	45.9378	51.7215	50.2038	41.7485	29.7786	24.8664	20.4709	17.2904	19.4	23.3438	20.7253	12.5074	8.29186	8.91974	8.29777	9.95879	29.6048	31.1508	22.6384	28.8326	51.8015	43.4865	7.1317	4.79461	11.3009	25.0417	34.3223	40.427	41.8261	41.5702	44.2261	51.6763	57.9413	60.5295	61.9263	62.0152	61.656	60.9632	56.8948	45.5187	35.428	31.6191	30.181	38.9647	47.3385	53.2794	57.4304	60.2455	61.4488	61.07	59.7884	57.5806	55.1946	53.126	49.2839	42.2422	52.0429	55.9749	42.8702	40.4448	41.1029	45.1327	45.6603	34.6832	19.687	10.5124	8.56425	7.21513	6.67814	6.46489	9.67484	13.8433	15.802	27.7436	44.9206	38.8748	16.31	12.183	17.9458	19.8217	18.8524	21.2534	27.7891	34.9084	36.2654	33.0603	31.2327	30.8377	30.1288	27.4143	25.0362	23.8276	26.2153	42.7122	36.8046	12.257	17.945	27.132	20.8262	20.0727	18.0628	19.8406	18.8734	14.7597	17.7104	13.7641										
10.9768	6.7962	7.08184	5.93302	4.61166	12.8678	14.3117	7.88856	5.37884	7.99304	10.6859	13.0506	16.4337	18.2782	18.2588	16.4551	13.9279	11.9498	8.92856	7.53211	7.67172	10.6901	12.0175	6.97024	9.31501	11.8078	14.9412	15.695	12.4526	13.9197	17.6583	15.7766	11.5117	9.7811	8.95596	11.4894	11.4671	9.95497	11.0415	16.4506	15.6398	8.96306	8.1727	10.4645	26.9195	31.7842	20.2692	16.6558	17.4428	14.4465	12.8929	13.5154	14.154	18.7792	17.0618	11.0711	10.2879	14.1337	16.8507	25.0101	30.9021	28.48	28.2689	16.3794	8.37861	8.91385	9.91392	7.22137	6.05565	3.6435	2.63657	1.69851	1.65804	0.41206	1.99242	15.1558	22.4859	25.8477	33.5036	18.703	17.2459	19.2797	24.4719	20.6387	20.2532	14.1503	5.2908	23.9343	30.9999	34.2136	34.1779	30.1456	29.8837	27.3168	22.4557	21.5914	24.644	23.9972	21.8278	18.9661	15.6023	11.2275	9.71949	13.256	15.1439	15.7135	22.7863	25.6645	24.9062	30.4377	36.309	43.9911	39.6301	30.0248	32.2062	20.3762	10.6738	16.4881	19.1923	25.9822	12.5938	15.5416	9.41334	8.84528	16.2798	20.9595	19.9611	22.706	22.0939	29.3743	40.6426	33.5414	23.5736	23.2911	24.6913	25.6052	25.0049	22.1365	20.171	26.3874	40.4621	50.2558	52.7995	47.0795	30.2608	23.6057	18.9661	17.2018	20.6057	25.1195	19.8113	18.937	13.7914	9.17307	7.27606	6.61458	21.1845	26.5014	22.8673	26.4904	53.9452	49.6526	7.62616	3.78907	4.11346	15.9088	32.2684	40.4631	41.7978	41.5579	43.6877	49.7828	56.3646	60.0853	61.8098	62.0267	61.6609	60.932	58.8585	50.4101	34.6168	31.4201	30.3379	35.3997	44.1995	51.672	56.48	59.5664	61.24	61.1459	60.3579	58.1717	55.25	54.0886	52.2698	44.8748	51.5611	54.304	43.1159	40.4099	41.2699	44.3636	47.4883	42.7106	26.0766	10.5115	8.1852	7.01816	6.402	6.8159	9.80146	13.7738	15.8586	31.5341	47.7524	41.0134	23.1278	16.8439	19.1994	19.6884	18.8384	21.9073	29.6998	36.4821	35.9575	33.0937	31.333	30.8354	30.4173	27.5842	24.8266	23.8257	20.2311	30.2489	36.3038	17.3963	14.1779	19.7814	18.4543	20.8001	20.8073	22.9415	20.5595	15.4102	18.8258	16.5929										
13.7981	5.71369	3.12383	1.0422	4.67996	12.3145	13.7981	7.25711	2.0837	1.56308	1.56308	2.60398	6.2292	6.2292	5.19725	3.12383	1.0422	4.1619	2.60398	0.521141	1.56308	9.80509	12.811	6.7437	8.28035	9.80509	11.3159	11.3159	7.25711	10.814	16.7079	15.747	10.814	7.76935	5.71369	8.28035	7.25711	5.71369	10.3103	17.6592	16.7079	9.29829	8.28035	10.3103	26.5776	32.4854	20.9082	15.747	17.6592	12.3145	6.2292	7.25711	8.79002	15.747	13.3056	3.12383	4.67996	11.3159	14.2886	23.147	30.5929	29.0236	27.8144	13.7981	1.56308	2.60398	5.19725	1.0422	7.25711	4.67996	2.60398	0	1.56308	0.521141	1.56308	15.2631	22.7049	26.1592	33.5841	15.747	19.0674	6.7437	18.1311	16.2286	20.452	17.1847	2.60398	9.80509	8.28035	14.7769	19.5316	6.7437	3.64317	9.29829	8.79002	2.60398	5.19725	3.64317	7.76935	5.71369	5.71369	1.0422	1.56308	8.28035	11.8161	13.7981	21.8122	23.147	19.9931	26.1592	35.7	47.5051	40.8305	26.1592	31.7376	18.6005	5.19725	8.28035	11.8161	22.7049	4.1619	13.3056	4.67996	4.1619	14.2886	14.7769	3.64317	4.1619	3.64317	21.8122	38.0341	29.0236	9.80509	6.7437	11.3159	10.3103	7.76935	7.25711	1.0422	7.76935	4.1619	5.71369	38.356	40.8305	11.3159	0.521141	2.0837	6.2292	13.3056	18.1311	0.521141	20.452	16.2286	9.29829	6.7437	4.1619	13.7981	16.2286	7.25711	9.80509	53.5782	51.6583	4.1619	3.12383	0.521141	8.79002	13.3056	6.7437	0.521141	3.12383	0	2.60398	7.76935	6.2292	11.3159	9.29829	3.64317	1.56308	41.4219	43.1333	2.0837	1.0422	6.7437	5.71369	2.60398	6.2292	12.811	14.7769	13.7981	12.3145	30.2052	29.4206	7.76935	27.8144	40.5308	32.113	44.754	46.7819	19.5316	1.56308	7.76935	2.60398	30.9775	40.8305	25.3135	4.1619	2.0837	1.0422	1.56308	3.12383	5.19725	3.64317	4.1619	31.7376	48.894	42.0028	26.1592	16.7079	10.3103	3.12383	0	8.79002	17.1847	21.3616	10.814	4.1619	4.67996	4.67996	8.28035	5.71369	0.521141	1.0422	2.60398	22.26	35.7	19.5316	11.8161	12.811	3.12383	9.80509	16.7079	22.26	19.9931	14.2886	18.6005	17.6592										
13.7967	5.71307	3.12349	1.04208	4.67945	12.3132	13.7967	7.25633	2.08347	1.56291	1.56291	2.6037	6.22853	6.22853	5.19668	3.12349	1.04208	4.16145	2.6037	0.521084	1.56291	9.80404	12.8097	6.74297	8.27946	9.80404	11.3147	11.3147	7.25633	10.8128	16.7061	15.7453	10.8128	7.76851	5.71307	8.27946	7.25633	5.71307	10.3092	17.6574	16.7061	9.29729	8.27946	10.3092	26.5751	32.4825	20.9061	15.7453	17.6574	12.3132	6.22853	7.25633	8.78907	15.7453	13.3042	3.12349	4.67945	11.3147	14.2871	23.1447	30.5902	29.021	27.8118	13.7967	1.56291	2.6037	5.19668	1.04208	7.25633	4.67945	2.6037	0	1.56291	0.521084	1.56291	15.2615	22.7027	26.1567	33.5812	15.7453	19.0654	6.74297	18.1293	16.2269	20.45	17.183	2.6037	9.80404	8.27946	14.7754	19.5296	6.74297	3.64277	9.29729	8.78907	2.6037	5.19668	3.64277	7.76851	5.71307	5.71307	1.04208	1.56291	8.27946	11.8149	13.7967	21.81	23.1447	19.9911	26.1567	35.6971	47.502	40.8275	26.1567	31.7348	18.5986	5.19668	8.27946	11.8149	22.7027	4.16145	13.3042	4.67945	4.16145	14.2871	14.7754	3.64277	4.16145	3.64277	21.81	38.0311	29.021	9.80404	6.74297	11.3147	10.3092	7.76851	7.25633	1.04208	7.76851	4.16145	5.71307	38.353	40.8275	11.3147	0.521084	2.08347	6.22853	13.3042	18.1293	0.521084	20.45	16.2269	9.29729	6.74297	4.16145	13.7967	16.2269	7.25633	9.80404	53.5752	51.6552	4.16145	3.12349	0.521084	8.78907	13.3042	6.74297	0.521084	3.12349	0	2.6037	7.76851	6.22853	11.3147	9.29729	3.64277	1.56291	41.4188	43.1302	2.08347	1.04208	6.74297	5.71307	2.6037	6.22853	12.8097	14.7754	13.7967	12.3132	30.2025	29.4179	7.76851	27.8118	40.5277	32.1102	44.7509	46.7788	19.5296	1.56291	7.76851	2.6037	30.9748	40.8275	25.311	4.16145	2.08347	1.04208	1.56291	3.12349	5.19668	3.64277	4.16145	31.7348	48.8909	41.9996	26.1567	16.7061	10.3092	3.12349	0	8.78907	17.183	21.3595	10.8128	4.16145	4.67945	4.67945	8.27946	5.71307	0.521084	1.04208	2.6037	22.2578	35.6971	19.5296	11.8149	12.8097	3.12349	9.80404	16.7061	22.2578	19.9911	14.2871	18.5986	17.6574										
17.8547	11.3398	10.1979	7.8065	7.61722	12.3497	13.8148	8.78281	4.94812	4.44694	5.73626	7.82131	10.7778	12.2203	12.6858	11.9398	10.1835	8.66998	6.64562	5.29882	4.42785	12.8247	16.3796	11.4161	11.4737	12.3963	13.7832	14.2653	11.1491	10.1592	13.185	15.2329	13.0659	10.7791	8.59542	9.87296	9.35628	8.31451	13.503	21.0935	20.0593	13.6517	11.344	10.1896	24.0281	30.8538	21.7329	18.2101	21.239	16.5004	11.5908	12.3152	13.4132	18.5466	16.2745	9.79866	9.29863	13.6123	17.4106	23.7685	29.6759	29.0294	25.4278	11.7268	9.97026	10.9565	8.03618	3.16621	8.78839	5.69215	3.7205	2.47701	2.8576	2.7613	4.68639	21.2822	29.7974	29.771	30.1566	9.31235	22.9355	13.219	21.0407	19.2783	22.8764	17.9245	3.1287	6.53143	8.89272	17.5205	24.6772	24.7117	25.5096	26.2724	25.3234	22.2682	17.9989	13.8788	12.3345	9.48679	10.2645	10.2027	9.97677	12.0024	13.6123	15.7092	23.4379	24.5404	22.8361	28.8585	36.1115	46.2787	41.612	37.2329	43.936	42.8206	36.5507	35.782	37.7935	33.6088	18.1229	16.742	10.1466	9.65083	15.9297	16.5896	13.2	14.5331	14.3649	25.1287	38.4435	30.8859	21.0781	20.5721	22.7318	23.6948	22.5662	19.5502	14.3931	15.644	13.3096	12.6907	37.2744	40.7168	25.5906	21.341	18.2499	17.4077	20.3937	15.8769	14.1244	32.4851	28.4111	23.89	22.0975	20.5888	18.819	15.0042	7.02534	8.31451	51.7478	51.0848	16.0496	13.8472	12.8315	15.1164	17.6571	15.4414	16.8362	26.309	37.3906	43.2262	43.6106	41.7378	39.3993	36.4798	35.6058	37.562	46.5612	43.8529	22.5913	25.0969	24.9631	21.6141	18.6548	16.9682	15.5375	12.6087	10.8596	12.4576	29.8383	27.4462	29.1539	42.9038	51.646	46.9267	50.995	51.4122	36.0753	27.4593	23.0098	22.262	36.5419	46.0445	33.4201	10.6567	2.7613	6.49079	8.80371	10.2709	11.6241	15.6245	24.3055	40.8743	49.1446	38.8923	26.8483	22.3828	21.4272	22.7944	26.6884	31.7894	35.7882	36.2182	30.9229	29.1793	30.0936	30.6374	30.8726	29.2941	26.5894	23.7063	18.7467	19.0311	33.7617	19.5465	10.3353	15.629	11.9986	13.1743	17.6221	22.9691	20.9382	15.663	19.2827	16.8846										
23.78	11.9131	10.0685	8.91042	10.2601	11.6281	12.6441	8.99639	5.3768	4.3081	5.9195	7.6407	10.0345	11.7111	12.5891	12.1774	10.3158	8.1761	6.38916	5.5938	7.5509	18.3346	20.0689	11.4151	10.6863	12.2033	13.9852	14.8661	10.9907	6.7272	5.85385	12.3332	13.0648	11.5632	9.35553	9.87208	11.1782	13.3232	18.1344	24.1736	20.6388	12.7905	10.0926	7.38453	18.6097	26.9093	20.8879	20.1488	27.6752	22.7424	12.3644	12.3141	13.5754	18.5451	15.8939	9.61615	8.82712	13.6111	19.0685	22.3316	26.9056	28.6308	20.3493	6.50039	9.93664	10.9023	8.78787	11.3241	9.69525	4.86547	3.31719	2.50396	2.73641	2.73643	6.08095	28.2689	34.3413	27.5762	20.3243	5.9783	25.2621	12.5639	21.8334	21.3574	26.4535	19.0844	2.63562	0.823762	7.32827	14.3983	21.2699	24.3662	25.5076	26.6612	25.468	22.4045	18.3105	16.8236	14.0165	9.08375	9.63478	10.1826	10.5522	13.1541	12.8077	14.5314	23.0354	23.1746	22.6444	30.8849	35.2772	41.6238	35.77	34.4838	41.4391	43.6419	37.0317	36.5246	38.0323	31.2795	25.158	17.7329	10.1457	10.3345	15.1046	14.2555	12.9619	14.4113	14.6723	26.0618	36.7307	28.0508	20.7928	20.5011	22.0215	23.4397	23.7442	21.9853	14.649	15.7636	13.0058	14.77	32.7918	35.5686	26.0742	21.8438	18.4574	17.2541	20.2486	10.189	33.2111	37.4662	26.8463	23.3793	21.8737	20.4343	16.3761	9.75097	5.1472	5.25355	47.3906	48.7594	17.1325	14.0481	12.8698	15.406	16.838	14.7861	17.0588	32.8714	41.4662	43.4467	43.477	41.6351	38.9752	36.1551	35.7633	37.9335	42.6169	37.7699	22.8422	25.1612	24.6037	21.3622	18.6027	16.4491	12.7994	7.05086	4.79222	10.8781	27.8925	18.6663	33.5839	40.5196	52.4095	49.7386	52.1701	51.582	37.4901	28.5272	22.489	22.4963	34.1566	48.8307	41.122	19.9684	5.9783	7.07916	8.92158	10.27	11.0612	17.2305	27.7894	43.2538	44.2888	29.0405	26.8462	28.0314	25.1868	24.036	27.5724	32.9428	36.3436	35.3229	30.3401	29.0993	29.9916	30.6352	31.0792	29.734	26.8128	24.0732	20.3754	10.656	29.6139	19.3149	6.26248	13.4742	14.77	16.243	18.5385	24.0544	22.7291	18.2765	20.1935	14.981										
26.1506	7.76642	2.08291	6.22684	10.81	10.81	11.3117	7.76642	3.64178	0	2.60299	1.0418	2.60299	3.64178	4.67818	4.67818	2.60299	0.520942	0	2.60299	8.78671	20.9009	20.9009	6.74115	5.71152	9.2948	11.8118	12.8063	6.74115	0.520942	2.08291	9.2948	10.81	9.80142	7.76642	8.27723	11.3117	15.7412	19.9861	24.4475	18.1246	6.22684	3.64178	2.60299	15.7412	24.4475	19.0606	19.9861	30.5833	25.305	8.78671	7.25437	9.2948	15.7412	12.31	1.56248	2.08291	11.3117	18.1246	19.9861	24.8777	28.2114	17.6528	0.520942	1.0418	2.08291	7.25437	15.2575	9.2948	2.08291	1.0418	0.520942	1.0418	0	5.71152	30.5833	33.9341	19.9861	11.3117	12.31	24.4475	3.12264	19.9861	20.9009	27.8053	19.5247	1.0418	3.64178	4.16032	2.60299	4.67818	1.56248	3.64178	11.8118	9.80142	4.67818	7.25437	14.2833	12.31	4.16032	2.60299	0.520942	5.19527	11.3117	9.80142	10.81	20.9009	19.9861	19.5247	30.5833	33.9341	37.3712	24.4475	9.80142	16.2227	24.8777	12.31	15.7412	14.2833	9.80142	25.7293	15.7412	4.67818	6.74115	12.31	8.27723	0	3.12264	5.71152	24.0143	34.2912	21.8046	8.27723	6.22684	7.25437	8.78671	13.793	16.7018	4.16032	8.27723	0.520942	12.31	28.6144	28.2114	13.793	7.25437	4.67818	5.19527	12.8063	5.71152	40.52	35.3445	6.22684	5.19527	4.67818	1.56248	1.56248	0.520942	2.60299	3.64178	44.7431	46.7709	9.80142	4.67818	1.56248	9.80142	10.81	1.56248	4.16032	30.5833	32.1031	9.80142	2.60299	1.56248	0.520942	2.08291	7.25437	10.3065	26.1506	25.7293	5.71152	3.12264	0	2.60299	1.56248	0.520942	1.0418	0.520942	1.56248	8.78671	26.1506	4.67818	27.8053	6.22684	43.6725	43.3987	48.1981	47.2553	26.1506	12.8063	1.56248	5.71152	23.1391	47.731	43.1224	24.0143	7.76642	4.16032	2.60299	3.12264	0.520942	11.3117	21.3542	38.9806	36.3711	19.5247	26.1506	29.4112	22.2523	12.31	11.3117	17.1785	20.4449	16.2227	3.64178	2.08291	2.08291	4.67818	10.3065	10.3065	5.71152	6.74115	12.31	1.0418	27.3962	19.0606	2.08291	5.71152	12.8063	16.7018	18.5939	24.4475	23.5781	19.5247	20.4449	13.793										
26.1481	7.76558	2.08268	6.22617	10.8088	10.8088	11.3105	7.76558	3.64138	0	2.6027	1.04168	2.6027	3.64138	4.67767	4.67767	2.6027	0.520885	0	2.6027	8.78577	20.8988	20.8988	6.74042	5.7109	9.29381	11.8105	12.8049	6.74042	0.520885	2.08268	9.29381	10.8088	9.80037	7.76558	8.27634	11.3105	15.7396	19.9841	24.4451	18.1228	6.22617	3.64138	2.6027	15.7396	24.4451	19.0587	19.9841	30.5806	25.3026	8.78577	7.25359	9.29381	15.7396	12.3087	1.56231	2.08268	11.3105	18.1228	19.9841	24.8753	28.2088	17.651	0.520885	1.04168	2.08268	7.25359	15.2559	9.29381	2.08268	1.04168	0.520885	1.04168	0	5.7109	30.5806	33.9312	19.9841	11.3105	12.3087	24.4451	3.1223	19.9841	20.8988	27.8027	19.5227	1.04168	3.64138	4.15987	2.6027	4.67767	1.56231	3.64138	11.8105	9.80037	4.67767	7.25359	14.2818	12.3087	4.15987	2.6027	0.520885	5.19471	11.3105	9.80037	10.8088	20.8988	19.9841	19.5227	30.5806	33.9312	37.3682	24.4451	9.80037	16.221	24.8753	12.3087	15.7396	14.2818	9.80037	25.7268	15.7396	4.67767	6.74042	12.3087	8.27634	0	3.1223	5.7109	24.012	34.2883	21.8025	8.27634	6.22617	7.25359	8.78577	13.7916	16.7001	4.15987	8.27634	0.520885	12.3087	28.6118	28.2088	13.7916	7.25359	4.67767	5.19471	12.8049	5.7109	40.5169	35.3416	6.22617	5.19471	4.67767	1.56231	1.56231	0.520885	2.6027	3.64138	44.7399	46.7678	9.80037	4.67767	1.56231	9.80037	10.8088	1.56231	4.15987	30.5806	32.1003	9.80037	2.6027	1.56231	0.520885	2.08268	7.25359	10.3054	26.1481	25.7268	5.7109	3.1223	0	2.6027	1.56231	0.520885	1.04168	0.520885	1.56231	8.78577	26.1481	4.67767	27.8027	6.22617	43.6693	43.3956	48.195	47.2522	26.1481	12.8049	1.56231	5.7109	23.1368	47.7279	43.1193	24.012	7.76558	4.15987	2.6027	3.1223	0.520885	11.3105	21.352	38.9775	36.3681	19.5227	26.1481	29.4085	22.2501	12.3087	11.3105	17.1768	20.4428	16.221	3.64138	2.08268	2.08268	4.67767	10.3054	10.3054	5.7109	6.74042	12.3087	1.04168	27.3936	19.0587	2.08268	5.7109	12.8049	16.7001	18.592	24.4451	23.5759	19.5227	20.4428	13.7916										
30.0617	17.2432	14.0565	13.4212	13.8223	11.5459	12.1669	8.82981	4.70952	0.991619	2.65394	1.6973	2.76017	4.41476	5.73681	5.89782	4.72391	3.87889	3.13299	3.96893	10.5686	22.397	21.8371	10.7511	11.9634	13.2629	13.4737	14.4338	11.6251	12.0779	12.1898	8.10056	8.17332	9.64695	9.90557	10.7057	13.9407	19.4334	24.3883	28.0528	21.9951	13.3661	10.9214	9.0668	13.9823	22.3601	19.1098	20.8598	31.7254	26.6328	11.5862	11.4469	13.2056	17.5225	14.9988	10.1268	11.293	15.1087	20.3694	21.7254	25.9831	27.116	12.9331	8.75729	10.9936	11.3456	13.4163	18.7391	10.3125	5.80362	6.10679	7.69035	10.9701	14.3597	18.6362	31.8121	29.5638	15.1614	17.4974	21.5267	24.0817	6.35591	21.0063	22.4759	26.6798	16.8678	8.93558	10.7799	9.53132	3.13299	2.78454	5.10658	7.0724	13.2472	12.1671	8.05762	8.92055	14.0537	14.9628	14.4655	14.4472	12.5794	11.9299	14.3354	13.2092	14.7911	23.1459	24.4571	25.2128	32.8764	36.9298	43.6254	44.4643	42.614	41.2793	42.4892	38.5317	33.9365	26.3796	21.3174	28.6515	17.7272	10.4255	11.6473	15.4762	13.8113	11.5714	11.3852	12.5856	25.7739	36.1988	28.5305	21.3525	20.3645	21.8144	23.7495	25.3443	24.4025	12.5856	13.6926	9.82992	14.862	28.4555	29.25	20.5473	17.9279	16.5731	15.5123	14.6309	12.5964	43.8323	37.7093	16.4187	14.0565	12.0102	10.8099	11.3556	11.1856	8.9576	5.58321	41.8654	45.1856	18.7765	17.4427	17.025	19.1828	20.1263	18.0739	19.0097	40.5845	45.812	41.3602	43.0387	45.1307	46.3411	46.9778	48.2353	49.4585	49.4708	45.0954	39.2747	38.7364	38.8188	37.8327	35.5925	34.7365	35.9908	37.4641	37.619	37.0898	37.9495	28.6785	36.6885	8.23785	40.3473	45.7096	50.6724	49.1653	32.1998	18.1865	5.37516	8.35717	21.2931	46.5814	44.1419	27.5466	16.6647	19.4043	23.9054	29.6332	38.997	46.9591	47.7609	46.4538	40.3608	29.3084	28.8633	26.8209	18.3818	11.1448	15.883	23.2597	24.7221	18.7079	8.77211	1.07364	5.3378	10.2179	16.6504	21.7921	23.0261	22.4182	23.2948	17.142	24.1041	15.2728	6.72526	9.13153	15.1004	18.7884	21.2396	26.4716	24.5046	19.2169	18.6299	13.4688										
31.2488	16.7999	14.1439	16.9841	16.9519	11.5449	12.6381	9.78536	5.90851	1.48422	2.6537	2.39235	2.05788	3.87846	5.53436	5.70121	4.59363	4.13087	3.21778	5.35275	14.0434	24.7729	22.4857	12.7159	13.553	12.3715	11.7992	14.2193	13.6671	13.5043	12.5238	7.24571	2.80841	7.34563	9.90468	12.9748	18.9579	25.0771	28.226	29.1158	20.9619	12.7101	10.6324	8.91272	9.09636	18.0024	18.8776	22.427	33.9288	28.8585	13.5423	12.7396	13.5622	16.7065	15.1978	10.8193	11.4054	14.436	20.1674	21.3185	25.5837	23.6205	3.0172	11.8046	11.022	11.3048	20.7787	25.2129	10.0886	6.33156	6.23606	8.4972	11.8967	14.968	20.0023	28.4608	18.634	6.10624	15.9806	20.761	18.0128	8.59719	22.7885	25.5151	24.3465	10.753	9.75403	11.3331	12.2821	5.40265	3.21241	5.19727	6.84241	12.6144	12.5778	9.15745	9.13052	10.7742	12.4944	14.256	14.6129	12.9753	13.2462	14.3341	12.3907	13.7178	20.6627	23.3135	25.5368	29.8964	31.595	38.7627	43.4051	43.4506	41.9558	42.5588	39.2344	32.774	25.1031	26.919	31.2383	17.3167	10.3182	11.5076	14.5913	13.2903	11.6588	11.4574	12.0411	22.6204	34.0553	28.5284	21.7243	20.1852	21.3469	23.6027	27.7938	28.8946	13.1026	13.6914	10.3449	15.0632	25.5531	26.5534	19.9814	18.1237	16.7999	15.2105	11.6243	25.1019	48.486	38.3084	15.97	13.6019	11.5912	10.8507	11.3091	11.2706	9.23784	5.75972	35.1989	40.4157	18.5484	17.3311	17.08	18.961	19.6854	18.0953	19.327	47.0504	50.3534	41.8516	43.4046	45.1937	46.3574	47.0086	48.4559	49.5959	48.3658	43.4343	39.1747	38.7589	38.8162	38.1465	35.8245	34.7514	36.1634	37.5227	37.6117	36.8979	35.5183	28.6763	42.3206	28.6946	29.9549	45.0076	52.0137	49.9965	38.1747	26.8661	10.1847	7.47998	16.5709	44.1374	46.0838	33.2746	21.5951	21.4135	25.6288	30.9364	42.2429	48.4737	46.9309	41.7095	35.39	28.4895	24.2694	18.6034	10.1029	7.21826	13.8726	25.1597	27.9477	19.3233	13.1022	7.25686	7.50638	10.1083	15.2561	20.7366	23.2001	22.8802	24.1617	18.5936	15.1093	7.29335	7.88698	8.4972	15.0991	20.0755	25.5585	30.2949	25.7676	17.8443	14.8198	12.7294										
29.0051	5.1933	3.12145	16.2168	17.6465	10.8059	12.3054	9.79775	6.22448	1.56188	2.602	2.602	0	2.08211	4.15874	4.15874	2.08211	2.08211	1.0414	5.70936	15.7355	25.7207	22.2446	11.8074	10.8059	6.22448	7.25163	12.3054	12.3054	8.78341	4.6764	7.76349	0	4.15874	7.76349	13.2958	21.3467	27.3873	28.6052	26.9752	15.2519	1.56188	0.520743	1.0414	4.6764	15.7355	18.5873	23.1312	34.9861	29.7956	13.2958	10.8059	10.3026	13.788	12.8016	5.70936	3.12145	9.29132	17.6465	19.0538	24.0062	20.8936	2.08211	11.3075	1.56188	1.56188	23.5701	28.2023	8.78341	4.15874	2.08211	5.1933	6.7386	6.22448	12.3054	22.2446	10.8059	5.1933	4.15874	8.78341	7.76349	8.78341	23.5701	26.9752	23.1312	6.7386	5.70936	6.22448	11.8074	6.7386	5.1933	2.08211	2.602	10.3026	10.8059	7.76349	7.76349	6.22448	3.12145	2.08211	4.15874	4.6764	9.79775	11.3075	7.25163	7.25163	14.2781	16.6958	20.4377	22.6893	15.7355	13.2958	14.7661	19.9791	21.7971	25.2965	18.5873	3.12145	6.22448	26.1419	31.3397	14.7661	4.15874	6.22448	9.79775	6.22448	2.08211	3.64039	2.08211	15.7355	29.0051	21.7971	10.3026	4.6764	2.08211	7.76349	22.2446	28.2023	6.7386	8.27411	4.6764	12.8016	22.2446	21.7971	11.8074	8.27411	6.22448	2.602	0	30.5738	50.1883	36.6969	2.602	0	1.0414	2.08211	0.520743	2.08211	4.15874	4.15874	31.3397	36.6969	8.78341	3.64039	2.602	8.78341	8.78341	2.08211	6.7386	47.4833	47.4833	16.2168	12.3054	5.70936	3.12145	4.6764	13.2958	13.788	10.8059	6.22448	1.56188	4.15874	0	9.79775	7.76349	2.08211	6.7386	4.15874	1.0414	5.1933	11.8074	4.6764	42.2675	37.0302	19.9791	41.6919	51.2322	49.0966	39.5939	30.5738	12.3054	2.08211	13.2958	42.8327	47.0033	35.6793	21.3467	14.2781	14.7661	15.2519	30.1862	28.6052	7.25163	9.79775	18.1182	16.2168	11.3075	10.3026	5.70936	2.602	0.520743	22.2446	27.7963	17.6465	14.2781	10.3026	7.76349	4.15874	3.12145	0.520743	7.25163	9.79775	15.7355	10.8059	6.7386	3.12145	6.22448	3.12145	12.8016	19.5178	27.3873	32.0933	26.1419	16.6958	12.8016	12.3054										
33.1609	19.2572	16.7283	21.755	20.7749	12.0858	12.8213	10.5211	7.26229	2.2157	2.56246	2.8556	1.5618	2.60176	3.94646	3.64925	1.89469	2.50238	3.39064	9.4181	17.277	25.8953	23.0756	13.3819	13.032	10.4037	9.35028	11.3093	12.3674	9.9485	6.47871	11.7971	10.967	8.58994	7.55981	14.6094	25.1054	31.1249	31.6224	28.8502	18.0323	9.82712	8.6567	8.44898	9.35038	17.3246	20.8402	24.7178	35.1195	29.7044	13.6172	10.9134	11.1371	13.6884	13.6884	10.1012	12.5466	19.5439	23.7643	21.9338	21.8828	16.0054	9.97012	15.4472	10.6303	10.31	26.3911	30.1869	9.16439	5.19598	5.14097	9.84342	12.5819	12.7821	14.2606	14.7667	15.967	24.321	24.5268	21.2045	13.689	13.21	25.4027	28.2327	21.3505	4.72254	13.6647	14.9991	18.1665	12.1506	8.6356	6.5018	3.72259	7.57716	10.6391	10.7345	10.9358	11.0416	11.7796	12.572	13.0288	12.7437	14.9835	15.96	13.4667	12.9739	17.0938	18.7928	22.6513	26.3335	22.5291	21.0764	21.8832	24.7291	25.7074	28.3179	20.206	7.50498	9.69161	23.5159	28.8124	15.5637	9.52185	10.8127	13.6233	13.6177	13.2428	13.0276	12.8626	20.4823	32.9723	31.639	26.7028	23.7378	20.656	19.5292	27.465	31.1133	11.936	16.0345	14.4561	17.6468	24.6223	25.5322	18.8584	15.7316	13.8698	10.5815	6.33031	31.06	49.7063	36.8232	3.53671	1.48397	1.51776	2.05738	1.07338	2.45467	3.87758	3.90785	28.6781	34.9313	18.6028	18.2035	18.0468	20.031	21.1106	19.9673	19.6973	44.6898	45.1854	20.1009	17.963	16.7065	22.3429	29.7196	35.5392	36.9365	35.8876	33.7845	32.2891	31.2509	30.5731	32.7999	34.7471	35.0125	34.8916	34.4306	34.2891	32.8271	28.5175	24.6593	44.226	46.1531	30.7498	38.2695	49.9396	48.2076	38.4402	31.4925	16.9487	0.1841	10.9311	41.0945	46.853	37.0618	23.3692	18.5424	22.1001	26.4684	37.9171	46.403	50.2883	52.5654	52.0037	44.4977	36.1863	34.0362	30.9945	28.3022	23.8025	29.2127	33.2295	28.3017	24.3272	19.8884	17.234	12.9886	9.35028	3.53188	8.28355	16.2776	24.5523	26.2937	20.5048	12.8034	11.2968	7.91487	11.5426	20.2484	29.4728	32.0295	24.3422	14.7835	12.17	13.3194										
29.3231	18.9538	17.8526	25.7628	24.5832	13.2612	13.0598	11.2497	9.01944	3.51241	2.09791	2.63379	1.56166	2.60153	3.21145	2.61443	1.40163	3.27386	6.72741	12.656	17.2755	24.8656	23.2862	13.3808	13.6678	11.2671	7.98473	8.11567	12.1216	11.4016	6.67057	10.5207	11.2503	8.37188	5.22467	16.2522	30.0275	34.0447	31.9566	27.0758	16.1362	9.82624	8.67867	8.42482	9.12278	17.1107	22.0889	24.916	34.0857	28.3447	12.2669	9.7509	11.6109	12.7321	14.6389	13.9234	15.6167	22.3554	22.8739	19.034	15.227	5.54775	12.855	15.1073	10.5806	10.353	29.9093	33.7302	9.923	6.96294	7.64181	12.5743	14.0699	12.9043	12.0798	1.5831	18.8948	25.1328	24.4064	20.7509	14.2956	18.8074	28.9024	30.396	17.4434	7.28909	17.247	14.7356	20.8746	14.7657	8.96318	6.97512	4.62507	2.09791	7.86792	10.5573	10.301	10.2633	11.581	12.5355	13.201	12.9399	14.9822	15.9586	13.7425	13.7504	17.0923	17.267	20.1615	25.1472	22.5273	21.0746	23.1661	27.3007	30.7556	33.8413	22.6449	8.59473	9.85745	17.4674	23.1721	13.8784	9.41751	10.4278	12.3513	13.1074	13.3365	13.2713	12.8022	17.6187	29.6358	31.3955	27.2108	24.3549	21.5738	20.2757	30.252	33.7536	10.9939	17.1976	15.1859	17.6453	22.9845	25.1796	19.7937	16.431	13.981	10.9173	11.9345	32.003	48.704	36.9869	3.96742	1.84939	1.98181	1.81237	1.07328	2.45445	3.12625	3.39028	22.6086	28.7624	17.9918	18.202	18.0453	19.5403	20.8589	19.9915	19.3008	36.8994	39.9727	27.2855	24.8992	19.6395	25.9491	32.3888	36.6027	37.2279	35.62	33.6102	32.276	31.1571	30.5768	32.3438	34.5256	34.9964	34.8102	34.4282	34.2867	32.7586	27.8148	24.6211	37.9262	45.617	30.6311	27.8523	47.0862	46.2881	35.3191	31.3081	23.5226	4.548	6.09595	36.8885	45.6262	37.6928	22.4042	16.264	19.9778	24.7914	33.5285	44.4315	50.2557	52.4418	54.946	49.2223	36.6786	35.1595	31.142	28.5887	25.0421	28.7844	31.8302	30.0419	26.3253	20.6643	18.8847	14.6933	13.5397	11.4368	8.99065	15.3484	22.4344	26.2126	21.7187	14.4773	11.4372	7.91416	7.89715	21.375	32.6725	30.914	20.1618	10.8307	9.62977	12.661	10.5649	5.22467	3.7895	2.96559	1.33989	0.260339				
16.2124	0.520591	9.79496	25.7142	25.7142	13.292	12.798	11.3043	9.79496	4.15753	1.56143	2.08151	0	2.08151	2.60124	2.08151	1.0411	3.63934	8.27174	13.292	15.7312	23.564	22.6834	11.804	12.3019	8.7809	2.08151	5.1918	11.804	11.804	5.1918	1.0411	3.63934	3.12054	0.520591	16.6912	31.7106	33.9163	29.3947	22.6834	9.79496	1.56143	1.0411	0.520591	3.63934	15.2477	21.3411	23.564	32.8271	26.9684	10.2997	8.27174	11.3043	11.804	14.762	14.762	13.7841	18.5823	14.762	10.2997	8.7809	0	11.804	10.2997	0.520591	2.08151	30.9509	35.3263	10.2997	7.76126	8.27174	12.3019	11.3043	6.73666	5.70771	9.79496	18.1132	11.3043	1.56143	5.70771	9.79496	20.888	30.5665	31.3323	15.2477	10.2997	16.2124	4.67505	19.0487	13.7841	6.22269	4.15753	4.67505	1.0411	3.63934	7.24954	5.70771	2.08151	0	1.56143	5.1918	5.70771	9.79496	11.3043	8.27174	9.79496	14.2741	12.798	13.7841	19.5125	15.7312	13.292	18.5823	26.1353	32.458	36.3527	23.564	6.73666	6.73666	13.7841	19.9737	10.8029	3.63934	4.67505	5.1918	3.12054	3.12054	5.1918	1.0411	2.60124	18.5823	20.888	13.292	9.79496	9.79496	11.3043	28.998	33.9163	0.520591	12.3019	8.27174	12.798	18.1132	20.888	14.762	10.8029	6.73666	4.67505	14.2741	32.458	48.179	37.0222	3.63934	1.56143	2.08151	1.56143	0.520591	2.08151	2.60124	3.12054	19.0487	23.1252	5.1918	3.63934	2.60124	5.70771	7.24954	2.60124	3.12054	30.9509	37.0222	30.5665	27.3805	16.2124	20.4323	21.7914	20.4323	16.2124	7.24954	1.0411	0.520591	0	1.0411	2.08151	3.12054	1.0411	5.1918	4.15753	1.0411	3.63934	5.70771	4.15753	20.888	34.9783	19.5125	18.1132	45.5016	45.2447	33.1932	30.1789	26.1353	6.73666	3.63934	34.2733	44.4598	37.0222	19.0487	5.70771	3.63934	4.15753	3.12054	6.73666	5.70771	0.520591	43.3794	42.5431	15.7312	18.5823	7.76126	7.24954	12.3019	20.888	23.564	23.564	20.888	13.292	13.7841	10.8029	14.2741	15.2477	8.7809	5.70771	3.12054	10.2997	12.798	10.2997	6.73666	3.12054	4.67505	21.7914	33.9163	29.7884	17.6417	8.7809	7.24954	10.8029	9.28866	3.12054	2.60124	3.12054	1.56143	0				
16.211	0.520544	9.79409	25.7122	25.7122	13.2909	12.7968	11.3033	9.79409	4.15716	1.56129	2.08132	0	2.08132	2.601	2.08132	1.041	3.63901	8.271	13.2909	15.7298	23.5621	22.6816	11.803	12.3009	8.78011	2.08132	5.19133	11.803	11.803	5.19133	1.041	3.63901	3.12026	0.520544	16.6898	31.7082	33.9139	29.3925	22.6816	9.79409	1.56129	1.041	0.520544	3.63901	15.2464	21.3393	23.5621	32.8247	26.9663	10.2988	8.271	11.3033	11.803	14.7607	14.7607	13.7829	18.5807	14.7607	10.2988	8.78011	0	11.803	10.2988	0.520544	2.08132	30.9486	35.3239	10.2988	7.76057	8.271	12.3009	11.3033	6.73605	5.70719	9.79409	18.1117	11.3033	1.56129	5.70719	9.79409	20.8863	30.5642	31.3299	15.2464	10.2988	16.211	4.67463	19.0471	13.7829	6.22213	4.15716	4.67463	1.041	3.63901	7.24889	5.70719	2.08132	0	1.56129	5.19133	5.70719	9.79409	11.3033	8.271	9.79409	14.2729	12.7968	13.7829	19.5109	15.7298	13.2909	18.5807	26.1332	32.4556	36.3502	23.5621	6.73605	6.73605	13.7829	19.9721	10.8019	3.63901	4.67463	5.19133	3.12026	3.12026	5.19133	1.041	2.601	18.5807	20.8863	13.2909	9.79409	9.79409	11.3033	28.9958	33.9139	0.520544	12.3009	8.271	12.7968	18.1117	20.8863	14.7607	10.8019	6.73605	4.67463	14.2729	32.4556	48.1764	37.0197	3.63901	1.56129	2.08132	1.56129	0.520544	2.08132	2.601	3.12026	19.0471	23.1233	5.19133	3.63901	2.601	5.70719	7.24889	2.601	3.12026	30.9486	37.0197	30.5642	27.3783	16.211	20.4306	21.7896	20.4306	16.211	7.24889	1.041	0.520544	0	1.041	2.08132	3.12026	1.041	5.19133	4.15716	1.041	3.63901	5.70719	4.15716	20.8863	34.9759	19.5109	18.1117	45.499	45.2421	33.1908	30.1767	26.1332	6.73605	3.63901	34.2709	44.4572	37.0197	19.0471	5.70719	3.63901	4.15716	3.12026	6.73605	5.70719	0.520544	43.3768	42.5405	15.7298	18.5807	7.76057	7.24889	12.3009	20.8863	23.5621	23.5621	20.8863	13.2909	13.7829	10.8019	14.2729	15.2464	8.78011	5.70719	3.12026	10.2988	12.7968	10.2988	6.73605	3.12026	4.67463	21.7896	33.9139	29.7861	17.6402	8.78011	7.24889	10.8019	9.28783	3.12026	2.601	3.12026	1.56129	0				
16.2093	0.520487	9.79304	25.7097	25.7097	13.2895	12.7955	11.3021	9.79304	4.15671	1.56112	2.08109	0	2.08109	2.60072	2.08109	1.04089	3.63861	8.27011	13.2895	15.7282	23.5598	22.6793	11.8017	12.2996	8.77917	2.08109	5.19077	11.8017	11.8017	5.19077	1.04089	3.63861	3.11992	0.520487	16.6881	31.7054	33.911	29.3898	22.6793	9.79304	1.56112	1.04089	0.520487	3.63861	15.2448	21.3372	23.5598	32.8219	26.9638	10.2977	8.27011	11.3021	11.8017	14.7592	14.7592	13.7815	18.5788	14.7592	10.2977	8.77917	0	11.8017	10.2977	0.520487	2.08109	30.9458	35.3209	10.2977	7.75973	8.27011	12.2996	11.3021	6.73532	5.70657	9.79304	18.1099	11.3021	1.56112	5.70657	9.79304	20.8842	30.5614	31.3272	15.2448	10.2977	16.2093	4.67412	19.0452	13.7815	6.22145	4.15671	4.67412	1.04089	3.63861	7.24811	5.70657	2.08109	0	1.56112	5.19077	5.70657	9.79304	11.3021	8.27011	9.79304	14.2714	12.7955	13.7815	19.5089	15.7282	13.2895	18.5788	26.1308	32.4528	36.3472	23.5598	6.73532	6.73532	13.7815	19.9701	10.8008	3.63861	4.67412	5.19077	3.11992	3.11992	5.19077	1.04089	2.60072	18.5788	20.8842	13.2895	9.79304	9.79304	11.3021	28.9931	33.911	0.520487	12.2996	8.27011	12.7955	18.1099	20.8842	14.7592	10.8008	6.73532	4.67412	14.2714	32.4528	48.1733	37.0167	3.63861	1.56112	2.08109	1.56112	0.520487	2.08109	2.60072	3.11992	19.0452	23.121	5.19077	3.63861	2.60072	5.70657	7.24811	2.60072	3.11992	30.9458	37.0167	30.5614	27.3758	16.2093	20.4285	21.7874	20.4285	16.2093	7.24811	1.04089	0.520487	0	1.04089	2.08109	3.11992	1.04089	5.19077	4.15671	1.04089	3.63861	5.70657	4.15671	20.8842	34.9729	19.5089	18.1099	45.4959	45.2389	33.188	30.174	26.1308	6.73532	3.63861	34.268	44.4541	37.0167	19.0452	5.70657	3.63861	4.15671	3.11992	6.73532	5.70657	0.520487	43.3737	42.5374	15.7282	18.5788	7.75973	7.24811	12.2996	20.8842	23.5598	23.5598	20.8842	13.2895	13.7815	10.8008	14.2714	15.2448	8.77917	5.70657	3.11992	10.2977	12.7955	10.2977	6.73532	3.11992	4.67412	21.7874	33.911	29.7834	17.6384	8.77917	7.24811	10.8008	9.28684	3.11992	2.60072	3.11992	1.56112	0				
21.4987	13.9491	16.168	28.6268	27.4025	14.2177	13.523	11.8978	10.3094	4.70233	1.8395	2.60054	1.83955	3.49193	3.86281	3.17334	2.22237	3.37906	9.01606	16.3423	19.2058	23.964	22.55	13.6983	14.4232	11.4734	7.31383	6.86446	10.6705	11.7314	8.55108	9.06	13.1962	16.2555	18.8675	26.6912	36.8754	36.2984	29.7772	21.7813	10.5025	5.61484	7.63275	9.67387	12.2537	21.6484	27.0036	26.6138	29.6407	22.4134	12.5001	13.5106	15.9603	14.1881	13.6765	15.7087	18.345	21.4357	15.5567	13.2245	14.9024	15.8717	18.4605	15.1884	10.1785	9.23173	31.6467	35.9481	13.4264	11.71	14.3577	18.6251	19.3171	19.3233	20.3691	20.1122	21.0871	13.9084	8.51484	10.253	13.8089	23.7087	31.985	31.7722	14.1341	12.9517	19.4688	11.3979	22.3321	19.2776	11.6206	7.93816	8.35088	5.92456	1.33941	6.72018	12.816	13.6587	9.56708	7.25926	8.81038	8.70533	12.6862	14.8853	13.0213	15.2731	19.5173	18.6479	14.2377	16.4329	16.3283	16.4283	22.601	28.7267	34.7703	37.0176	23.9918	9.59076	6.9581	11.5761	18.2416	12.1279	8.98735	10.1449	11.5378	12.9523	14.2927	14.9708	13.8173	11.6371	21.7454	17.0798	12.7895	12.665	13.6247	14.9217	28.1138	29.782	9.70242	16.4618	13.7214	15.285	18.4288	20.9528	17.2608	15.8058	13.5351	11.0975	17.4071	32.6298	47.4756	35.617	5.87075	6.00572	6.39289	6.31953	5.19703	3.69814	2.94163	2.80052	16.3904	22.092	16.7398	17.3624	17.3374	18.3784	20.3502	21.4203	22.3482	34.1262	35.6553	27.0886	25.0072	17.1779	23.6951	25.0348	20.1881	15.4558	11.2055	11.7714	14.7608	16.1005	17.615	21.3693	26.7559	28.9996	27.5263	25.1023	23.8054	23.6889	24.6491	27.8963	36.0329	45.3959	40.7057	35.8066	46.9192	46.9824	34.588	27.7004	24.3943	7.2589	3.72068	32.6458	43.1503	37.3027	21.1727	14.1491	20.4334	28.3079	36.179	40.4214	40.378	34.1852	47.4099	43.6336	33.4133	35.3732	33.6868	30.2032	24.9375	25.3237	32.5008	39.4406	38.1047	31.7022	29.8977	27.1814	26.9038	24.3635	16.9887	14.3067	8.39818	6.15897	11.673	21.4496	28.2687	31.541	32.5393	33.3845	33.9081	26.2931	14.7579	8.72788	8.95976	12.5607	11.3749	5.50644	3.92755	3.54928	2.09711	0.552023				
18.6498	14.1037	17.3019	31.7896	29.7665	15.1612	14.4852	12.882	11.3115	5.72892	1.51694	2.6003	1.98095	4.07846	3.86246	2.90679	2.097	2.45329	10.2659	20.87	21.8964	21.9274	20.6197	14.5793	15.0645	11.4724	7.17595	5.8246	7.77965	11.4819	13.2682	11.3303	13.0798	16.3583	19.1116	28.2062	37.2878	33.5073	25.0933	17.061	9.23593	5.69705	8.01198	9.90578	12.9912	24.3022	28.3308	24.4387	20.9026	12.3194	10.5464	13.3644	19.6724	17.1764	9.89886	12.4226	20.2657	24.1359	13.8721	11.4949	13.6816	16.0575	17.2632	13.6758	10.3982	9.46159	31.4613	35.9456	13.6157	10.4973	13.2688	17.8071	18.424	18.8829	20.2551	19.195	18.0157	11.7635	8.47539	9.62396	15.5899	28.2623	34.7053	32.5141	11.6852	17.743	23.3198	11.0765	21.6047	21.8984	14.2211	7.81169	8.49848	7.32885	5.44474	7.88104	12.5298	14.8502	11.5505	7.21281	9.3083	11.0891	18.2344	19.8644	14.6864	16.4824	20.7678	18.8057	10.5481	9.70112	17.5176	21.6822	26.8175	29.6358	35.7442	35.5765	21.2153	8.55061	5.09895	7.03319	14.0443	10.7526	8.74245	9.77846	10.9889	12.7939	14.204	15.1497	13.8161	21.6302	27.5243	8.97884	10.4769	17.4108	20.1722	17.2114	24.8978	20.4265	13.1947	15.645	16.3596	17.2634	17.3153	18.4234	15.7957	15.645	14.0781	16.8382	23.3416	32.811	46.0074	32.5881	5.33324	5.94936	6.31896	6.39231	5.49695	3.56804	2.32615	1.87572	10.277	15.9505	16.4322	17.3161	17.336	18.102	19.8154	21.3557	22.4566	31.7407	29.4067	18.9099	19.7176	16.9548	29.4815	30.471	17.9922	13.1009	15.9501	14.9341	14.8598	16.1933	17.8714	22.5473	27.2834	28.9909	27.3737	24.9694	23.8304	23.7208	24.3962	28.2819	34.1581	44.2199	41.3091	34.3485	42.9097	45.9593	30.8435	19.7186	20.4335	8.0116	3.25687	29.2003	39.9696	36.4899	20.5786	14.2489	21.9572	29.9631	38.0616	40.9057	40.2775	39.6558	49.7157	38.2631	33.0513	34.585	33.9474	34.4173	29.7409	21.5593	29.3328	39.1971	40.6751	32.7306	30.8557	27.7924	29.3498	27.8623	17.6604	15.4638	10.6258	2.63252	11.672	21.7804	28.1485	31.5386	32.4776	31.1818	26.2902	16.8972	8.7776	6.81518	8.22494	12.7748	12.7089	6.93111	5.04922	3.78759	2.56102	1.23407				
2.60001	3.11907	13.286	32.4457	30.5546	15.2409	14.7553	13.286	11.7986	6.21977	0.520346	2.08052	1.04061	3.63762	2.60001	1.04061	0	1.56069	10.7979	22.6738	21.782	19.0404	18.5741	13.7779	13.7779	8.77682	0.520346	0.520346	5.70503	11.2991	15.2409	9.79042	2.60001	4.15558	4.67285	21.782	32.8148	26.5426	17.6339	11.7986	6.73351	2.08052	3.63762	3.11907	7.24616	22.2293	24.8527	17.6339	13.7779	6.73351	3.63762	7.75764	19.9651	18.1052	6.21977	5.18936	18.5741	24.4228	10.7979	4.15558	1.56069	3.63762	6.73351	3.63762	3.11907	3.63762	30.5546	35.3136	10.7979	2.08052	2.08052	9.28435	7.24616	2.60001	4.67285	3.63762	8.26789	3.63762	1.04061	2.60001	14.2677	30.1672	36.0006	32.8148	10.295	19.9651	24.4228	2.60001	17.16	20.4234	13.286	3.63762	5.18936	6.21977	8.26789	9.28435	4.15558	8.77682	9.28435	1.04061	6.73351	11.2991	20.879	21.782	12.7921	13.286	17.6339	13.286	1.56069	5.70503	18.1052	23.9899	27.7783	28.1841	34.6147	33.1808	17.16	2.60001	0.520346	4.67285	11.2991	7.24616	2.08052	2.60001	1.04061	1.04061	2.08052	6.21977	1.04061	25.7036	30.1672	4.67285	8.26789	19.504	23.1154	16.6838	22.2293	15.2409	12.7921	9.79042	15.2409	17.16	15.7241	15.2409	10.7979	10.295	8.77682	18.5741	26.1246	32.8148	45.2311	30.939	1.04061	1.04061	1.56069	2.08052	2.60001	1.56069	0.520346	1.04061	6.21977	7.24616	2.08052	3.11907	2.60001	3.11907	1.56069	0.520346	4.67285	24.4228	22.6738	13.7779	16.6838	15.7241	32.0736	32.8148	15.7241	11.2991	17.6339	13.286	2.60001	2.60001	4.67285	11.2991	9.28435	0	2.08052	0.520346	2.08052	4.15558	1.04061	8.77682	5.18936	29.7767	23.5541	1.04061	34.6147	42.8109	23.5541	11.7986	18.1052	8.26789	2.60001	27.3694	37.9917	35.3136	17.6339	6.21977	12.7921	16.6838	21.782	14.2677	0	33.9038	48.8507	27.3694	13.286	13.286	10.7979	27.7783	27.3694	5.70503	5.70503	22.2293	32.0736	19.0404	18.5741	14.2677	23.1154	25.2797	11.2991	10.295	9.79042	6.73351	12.7921	11.7986	5.18936	3.11907	3.11907	8.77682	10.7979	8.77682	5.70503	4.15558	5.18936	11.2991	12.2963	6.73351	5.18936	3.63762	2.60001	1.56069				
2.59973	3.11873	13.2846	32.4429	30.5519	15.2393	14.7538	13.2846	11.7974	6.2191	0.520289	2.0803	1.04049	3.63723	2.59973	1.04049	0	1.56052	10.7967	22.6716	21.7799	19.0384	18.5722	13.7764	13.7764	8.77587	0.520289	0.520289	5.70441	11.2979	15.2393	9.78938	2.59973	4.15513	4.67234	21.7799	32.8119	26.5401	17.6321	11.7974	6.73278	2.0803	3.63723	3.11873	7.24537	22.2271	24.8503	17.6321	13.7764	6.73278	3.63723	7.75681	19.9631	18.1034	6.2191	5.1888	18.5722	24.4204	10.7967	4.15513	1.56052	3.63723	6.73278	3.63723	3.11873	3.63723	30.5519	35.3106	10.7967	2.0803	2.0803	9.28336	7.24537	2.59973	4.67234	3.63723	8.267	3.63723	1.04049	2.59973	14.2662	30.1645	35.9977	32.8119	10.2939	19.9631	24.4204	2.59973	17.1583	20.4214	13.2846	3.63723	5.1888	6.2191	8.267	9.28336	4.15513	8.77587	9.28336	1.04049	6.73278	11.2979	20.877	21.7799	12.7908	13.2846	17.6321	13.2846	1.56052	5.70441	18.1034	23.9876	27.7757	28.1815	34.6117	33.178	17.1583	2.59973	0.520289	4.67234	11.2979	7.24537	2.0803	2.59973	1.04049	1.04049	2.0803	6.2191	1.04049	25.7012	30.1645	4.67234	8.267	19.5021	23.1131	16.6821	22.2271	15.2393	12.7908	9.78938	15.2393	17.1583	15.7225	15.2393	10.7967	10.2939	8.77587	18.5722	26.1221	32.8119	45.228	30.9362	1.04049	1.04049	1.56052	2.0803	2.59973	1.56052	0.520289	1.04049	6.2191	7.24537	2.0803	3.11873	2.59973	3.11873	1.56052	0.520289	4.67234	24.4204	22.6716	13.7764	16.6821	15.7225	32.0708	32.8119	15.7225	11.2979	17.6321	13.2846	2.59973	2.59973	4.67234	11.2979	9.28336	0	2.0803	0.520289	2.0803	4.15513	1.04049	8.77587	5.1888	29.774	23.5518	1.04049	34.6117	42.8078	23.5518	11.7974	18.1034	8.267	2.59973	27.3669	37.9886	35.3106	17.6321	6.2191	12.7908	16.6821	21.7799	14.2662	0	33.9009	48.8476	27.3669	13.2846	13.2846	10.7967	27.7757	27.3669	5.70441	5.70441	22.2271	32.0708	19.0384	18.5722	14.2662	23.1131	25.2772	11.2979	10.2939	9.78938	6.73278	12.7908	11.7974	5.1888	3.11873	3.11873	8.77587	10.7967	8.77587	5.70441	4.15513	5.1888	11.2979	12.295	6.73278	5.1888	3.63723	2.59973	1.56052				
2.23665	4.04409	12.6815	31.3406	30.4827	15.9981	15.5765	14.0226	12.3352	6.56476	1.89317	2.76314	2.73249	4.64682	4.22702	3.86141	3.89612	4.02763	11.0495	22.4717	23.1218	20.9844	19.6927	15.9267	16.1139	11.7885	8.16453	8.14838	8.02809	10.1822	17.263	16.2192	16.0984	20.6171	24.0376	30.6436	33.6278	22.5083	13.0851	14.4179	10.4243	4.01076	7.31993	10.1538	15.1219	23.971	22.6047	13.7843	13.0165	16.567	17.9163	18.0306	23.9105	22.477	14.6445	9.53932	17.7592	23.2403	18.4834	18.3751	18.2691	17.9691	16.1766	12.0341	10.1106	9.07093	30.7891	34.4864	17.2592	16.6643	16.6932	18.3244	15.4595	10.4185	10.1411	8.82768	7.35374	2.63176	0.937837	1.82028	14.7546	31.0513	36.1385	32.4941	9.73016	20.1923	24.7435	5.29374	16.5353	22.0736	15.8152	7.1945	7.36493	7.82391	9.70169	9.77525	4.46642	8.82727	9.54087	2.7814	6.90744	11.5066	21.8905	23.5914	15.7184	16.3226	20.0832	16.2743	10.1219	7.85164	13.0755	23.2663	28.3813	30.8257	39.4533	39.857	24.3783	8.33003	5.58886	7.21979	12.4992	11.0499	10.0979	10.7394	11.6784	12.6057	13.3691	15.2114	13.0471	33.4669	38.3696	23.6492	21.5589	22.1843	22.2168	16.4002	18.8056	13.439	14.9248	4.85843	19.8953	22.4421	20.5981	18.9775	13.567	11.1511	10.2836	25.2478	33.4751	33.218	41.0888	28.0737	10.7078	11.1904	12.0883	12.9109	12.3113	9.29704	6.60548	5.33173	7.784	11.0586	10.9402	10.9989	11.8254	13.4348	15.2468	17.5341	19.7198	27.8358	26.562	19.8125	18.5141	15.8307	29.1267	30.2913	18.3585	15.215	20.9407	16.5835	7.07139	9.51387	13.5382	19.5247	20.1051	19.6466	21.0463	20.7902	20.5931	22.5475	24.9568	27.528	31.712	44.8573	50.7701	49.2664	46.1438	43.0858	27.1082	18.0379	19.6892	15.129	16.628	29.3104	36.3791	32.8034	15.7619	8.95639	16.5299	22.6279	30.8388	31.1538	29.0123	41.558	49.1372	32.886	37.2828	43.0389	46.6539	50.0838	48.1949	39.8093	34.4629	36.1288	39.3658	30.165	31.274	32.0144	37.1485	39.6647	32.9053	27.7979	26.5907	29.8866	33.1163	32.4712	29.4926	25.4432	21.1362	21.0722	23.6604	26.4866	27.5561	25.1124	20.4066	18.8316	15.9267	8.91051	6.92911	4.94047	3.53365	1.82028				
2.23645	5.84498	11.4385	29.0088	30.0945	16.9371	17.0044	15.4805	13.3201	6.81248	1.89299	2.45242	2.85299	4.85799	4.59197	4.06462	3.89576	3.94292	10.5712	21.805	25.262	23.134	19.4759	16.5641	16.5285	11.4346	8.18795	8.13956	6.9693	6.96905	20.4639	22.3286	18.0331	22.212	24.9958	29.8989	28.0953	12.3151	3.86099	15.9215	16.6611	6.63468	9.98015	12.6695	17.1287	21.9143	16.1896	5.72675	9.41663	15.969	18.0824	19.5939	23.9086	22.3011	19.0149	13.3627	14.8068	17.2332	17.2302	18.3255	18.2514	17.8185	15.5287	12.1122	10.6402	10.071	30.0327	30.785	15.8837	16.6375	16.7243	19.4117	17.7981	11.2736	9.7748	8.52439	4.70037	0.919578	0.581616	0.260103	15.7217	32.7349	36.3049	31.747	8.47176	20.6474	25.3818	8.81349	13.0624	22.4864	17.3195	8.22183	9.40927	10.8425	12.1732	9.77438	3.67349	8.33687	9.29756	3.71444	6.90682	11.7532	23.8753	26.7638	18.5763	17.3403	20.4863	16.0814	10.0696	8.04178	2.56005	19.1466	24.4438	26.1192	38.8088	44.4741	30.7485	10.191	5.57639	6.79321	10.9257	10.2483	10.0519	10.5931	11.7048	12.6648	13.2924	14.9527	13.5012	45.5522	47.0557	23.463	20.8833	18.3092	17.3446	14.3518	11.5486	8.55515	12.2011	8.09048	26.2052	25.4241	20.101	17.638	11.5906	8.98487	10.2827	33.0444	37.9411	27.396	30.5151	20.9827	10.6887	11.1721	12.0449	12.8509	13.4439	10.6991	6.75408	5.39359	6.45209	9.87084	11.1317	10.8386	11.6884	13.283	15.3099	17.8651	19.9009	25.4371	26.2162	19.3602	15.2371	12.7653	22.6251	24.0595	18.16	16.5824	25.8425	22.7932	8.96837	10.9743	15.6393	21.3897	21.073	19.8808	21.0044	20.8833	20.55	22.4776	25.0484	27.7945	33.6638	42.526	50.0114	49.6214	42.5995	34.5381	23.9383	16.8996	16.7948	17.5176	18.8086	26.4343	31.2092	27.1748	11.4567	9.73784	19.4708	26.7253	36.1532	34.7554	29.243	47.4124	47.1531	28.0727	36.7744	42.6725	46.4225	50.8568	50.1503	40.935	34.7388	38.4146	40.9662	29.4124	30.1051	31.235	35.8598	40.2094	35.6498	29.4124	25.8929	29.6777	33.1785	32.8023	30.3007	27.1024	22.0726	20.6154	22.6671	25.9342	27.6868	26.8653	23.423	23.4071	19.1337	9.98015	8.03331	6.09084	5.03731					
2.59898	6.73084	10.7937	27.7688	29.7668	17.1536	17.6273	16.199	13.7726	6.73084	0.520138	1.04019	1.56007	4.15392	3.63617	2.07969	0	1.04019	9.78659	21.3242	26.1156	23.5457	18.0985	15.235	14.7497	7.75458	1.04019	0	0.520138	4.15392	21.7741	23.9814	12.2915	13.2809	11.794	19.0333	17.6273	2.07969	2.59898	15.235	19.4968	7.75458	10.2909	11.2947	13.7726	17.1536	10.7937	1.56007	5.1873	1.56007	5.1873	13.7726	19.9577	17.6273	18.5672	14.2622	12.2915	9.78659	4.15392	3.63617	1.04019	1.04019	0.520138	4.15392	5.70277	7.24329	28.9768	27.3601	4.15392	1.56007	2.59898	13.2809	14.7497	6.73084	2.59898	1.56007	2.07969	1.04019	0	0.520138	16.199	33.5333	36.3288	31.3101	7.75458	20.8714	25.6947	10.2909	9.28071	21.3242	16.6775	6.73084	9.78659	12.2915	13.2809	9.28071	2.07969	7.75458	8.77336	3.63617	6.73084	11.794	24.844	28.1745	19.0333	15.7182	18.5672	12.7872	0.520138	6.21731	3.11783	14.7497	18.0985	13.2809	32.8044	44.4348	32.0633	8.77336	0	3.11783	7.24329	4.15392	1.56007	0.520138	1.56007	2.07969	0	4.67099	5.1873	50.1555	49.7246	0	0.520138	6.21731	11.794	12.2915	7.75458	4.15392	3.11783	13.2809	28.5772	24.4142	14.2622	11.2947	3.63617	4.15392	8.77336	35.6477	37.3285	17.1536	23.5457	16.199	0.520138	0.520138	0.520138	1.04019	8.26463	7.75458	2.07969	1.56007	0.520138	1.04019	3.63617	1.56007	0	1.04019	2.59898	5.1873	6.21731	17.6273	21.7741	12.2915	6.73084	8.26463	19.0333	19.9577	15.235	14.7497	27.7688	25.6947	8.26463	8.26463	12.2915	17.1536	13.2809	4.67099	0.520138	3.11783	0.520138	3.11783	3.63617	10.7937	19.9577	9.78659	10.2909	14.7497	2.07969	13.2809	13.7726	7.24329	10.2909	15.235	13.2809	19.9577	26.9483	23.9814	8.77336	8.26463	19.4968	26.5334	35.6477	28.5772	6.21731	48.1541	44.4348	1.56007	6.73084	6.21731	1.56007	33.5333	38.6212	19.4968	9.78659	30.9289	36.665	15.7182	12.2915	7.75458	15.7182	27.7688	25.6947	18.5672	0	3.11783	13.2809	14.2622	12.7872	15.235	10.2909	5.70277	2.07969	1.04019	7.24329	15.7182	18.0985	23.1071	19.4968	9.28071	7.75458	6.21731	5.70277					
9.47512	12.6684	14.9175	26.1068	27.4874	17.1075	18.0291	17.0338	14.3154	6.9676	2.09579	2.6311	2.85242	4.93905	6.08971	6.37034	6.10084	5.21284	10.1378	21.3198	26.484	25.3814	20.2836	16.5719	16.0792	10.2033	7.7116	9.76127	11.9988	14.0237	24.9621	26.5439	17.6347	16.282	11.3238	14.8746	16.0784	17.7785	22.3156	27.193	29.9618	25.0827	23.0755	17.6505	15.0409	19.6152	21.6331	23.1251	23.0976	20.8721	19.1733	20.7433	23.1996	23.9029	25.7021	20.0951	15.9455	16.0815	14.2627	13.3771	13.7925	13.5358	12.1374	11.307	10.5832	10.4167	26.8337	27.2322	15.5974	9.4371	6.2221	15.4835	15.2066	6.68085	2.75622	3.31142	6.08978	7.30897	8.01359	8.77305	19.0686	34.0571	35.6923	30.1558	7.30861	20.0477	25.2872	12.1761	7.14369	20.6334	17.1496	9.02658	11.0944	13.2608	14.0952	10.0896	2.75615	8.4	9.44885	3.45073	5.58694	11.1809	25.2979	28.6284	19.8501	17.1075	20.1416	14.8945	8.01359	11.5302	14.0205	15.7725	13.6584	12.5487	32.7223	43.0989	32.3886	20.5206	18.926	16.9249	14.9785	12.2418	13.6545	16.1016	18.624	19.3383	17.474	15.1625	11.9467	50.2994	49.9813	6.85275	5.13851	7.69645	13.1873	17.2727	18.806	16.2899	8.50916	18.6883	32.1613	29.6404	21.3918	18.8051	19.1604	28.2525	38.8657	47.1637	42.66	26.2585	17.6007	11.5991	14.5143	15.8616	16.3299	16.1355	17.3813	16.3176	13.3229	12.0677	11.4256	9.85406	7.87646	3.14451	0.758163	0.919346	3.01316	6.47365	9.0681	19.1597	22.3239	15.2873	12.5679	13.6737	23.1394	22.7751	15.7414	15.8734	25.9153	22.4658	10.5587	12.1411	15.2873	18.8788	14.761	7.31539	7.04125	11.818	15.508	18.141	19.282	20.1749	23.3686	18.0059	19.8907	26.4968	25.4984	20.7307	15.6099	10.4061	12.6394	18.0988	18.7993	24.1396	27.1467	20.7966	7.02915	8.49335	19.4871	23.6872	36.4431	31.8984	8.84893	48.2952	44.0849	3.16063	6.56287	5.75468	1.33851	30.0013	37.8266	29.9126	28.2917	38.3999	41.5595	25.507	22.2308	20.4332	24.3726	34.4018	38.8579	38.086	33.7621	29.5704	28.5174	25.7674	20.6975	17.8644	13.4179	13.5078	13.3959	15.38	18.7235	23.3841	22.25	24.7352	20.5011	10.1074	8.74458	7.19913	6.30182					
10.4145	13.4167	14.5808	21.1161	22.5878	16.8694	18.7281	18.6812	15.2827	6.96697	2.0956	2.55282	2.73145	5.16381	8.03101	7.19179	6.19774	5.21237	9.22269	20.8707	26.8942	28.0297	21.7611	15.5287	15.6474	10.0164	8.20761	10.5334	12.3274	14.3732	24.7778	26.1747	17.6332	14.3579	7.70445	6.09996	10.3351	19.1292	22.9503	26.6833	29.7243	25.8877	28.8534	22.542	12.4972	15.8726	20.4532	23.1045	22.8812	20.9781	20.6818	22.5761	20.7471	22.8878	28.7039	23.0627	14.5287	15.3335	14.9443	13.1865	13.7731	13.5346	12.5481	12.182	12.1557	13.8031	21.1843	22.2903	18.3426	15.0313	13.2809	18.2206	14.0852	4.82554	2.05493	4.81501	8.55431	7.70445	8.04568	8.83181	19.874	33.3594	33.442	27.3819	6.06714	18.1995	24.0108	15.0455	2.80439	18.5964	16.4716	9.85451	11.7826	14.2073	15.2938	11.5869	4.04256	9.66612	10.7032	2.73135	3.27013	9.46872	25.9265	29.4198	21.4415	19.671	22.3533	16.215	8.20766	10.7923	13.8985	11.9924	4.43837	10.1784	31.9861	39.3428	28.135	20.1833	19.0012	18.8717	16.6325	11.9245	13.7765	16.4687	19.0409	19.3007	18.1256	17.3772	14.236	50.1913	50.0852	7.75776	5.32968	6.42953	10.3679	15.1785	18.3501	16.4218	17.3045	27.7593	35.7245	32.1416	20.4667	18.1847	21.6946	33.5383	42.9934	45.7563	37.4895	24.0064	11.0313	8.02507	14.7164	15.9178	16.3396	16.2129	17.8658	16.8119	13.7116	12.2082	11.419	11.5693	11.6969	4.70237	1.33835	0.662918	3.78502	8.45577	12.0132	20.029	21.6818	17.2005	14.0544	13.6726	25.0292	21.8503	12.0664	15.4347	21.6131	15.3339	9.19635	12.3117	17.2005	20.8768	17.1262	12.3307	10.6187	12.3852	15.9721	18.5657	19.4329	19.2389	21.2218	19.1646	18.7999	24.892	26.1058	19.3591	12.4057	9.78851	12.6383	19.7711	21.8433	24.8582	23.5564	13.1501	3.465	8.24925	19.2554	17.5575	37.7585	37.8307	11.3226	48.5216	43.2678	3.4845	5.82045	4.73428	1.6544	20.9173	30.9598	28.4682	28.2265	39.903	43.4355	26.8948	22.1122	20.6085	22.3916	30.1842	37.5211	38.0835	34.1504	30.1312	30.5038	29.6978	26.1747	18.4764	11.6411	13.1673	13.3383	16.0206	18.4189	27.5422	26.0323	26.5827	21.6073	10.341	9.45496	8.4227	7.31473					
6.72902	9.27822	9.78397	17.1492	19.9527	16.6732	19.0285	19.4919	15.7141	6.72902	0.519996	0.519996	1.03991	4.66973	8.26241	5.1859	1.55965	1.03991	7.7525	20.4108	26.942	28.9702	21.3189	12.7838	13.769	7.24134	4.1528	5.70122	4.1528	6.21563	21.3189	23.1015	12.2883	7.24134	0	1.55965	2.07913	10.7908	8.77101	12.7838	18.5625	12.7838	27.7624	23.1015	6.72902	3.11698	0	0.519996	1.55965	3.63519	12.7838	19.0285	12.7838	14.2585	26.5272	21.7688	7.7525	6.72902	7.7525	1.55965	0	1.03991	4.66973	7.7525	10.2882	14.7459	17.1492	15.2311	14.7459	16.6732	16.6732	19.0285	12.2883	1.55965	0	5.1859	8.77101	3.63519	1.03991	1.55965	18.0939	32.0563	31.6813	25.6886	5.1859	17.1492	23.1015	16.1948	0.519996	17.1492	15.2311	8.77101	11.2917	14.2585	15.7141	12.2883	4.66973	10.2882	11.2917	2.07913	2.07913	8.26241	26.1094	29.7601	22.2158	20.8662	23.1015	15.7141	2.59827	2.07913	1.55965	0	1.55965	8.26241	31.3031	36.6575	21.7688	6.72902	2.59827	12.7838	12.7838	1.03991	3.11698	5.1859	6.21563	1.03991	7.24134	13.2774	12.2883	49.9333	49.9333	5.1859	2.07913	1.55965	1.55965	2.07913	4.66973	5.1859	21.3189	31.6813	36.3214	30.5378	10.7908	8.77101	15.7141	28.9702	34.2428	28.5707	13.769	4.1528	14.2585	11.2917	3.63519	2.07913	1.03991	2.59827	10.2882	9.78397	5.1859	3.11698	0	8.77101	12.7838	5.1859	1.55965	0.519996	4.1528	9.27822	12.7838	19.4919	20.4108	16.6732	11.2917	8.26241	23.54	17.6228	4.66973	13.769	19.0285	11.2917	3.63519	8.77101	16.6732	21.3189	18.0939	14.7459	11.2917	6.21563	5.70122	6.72902	5.1859	5.70122	13.769	13.769	3.11698	3.11698	9.27822	7.24134	1.55965	5.1859	10.2882	19.0285	20.8662	21.7688	18.5625	7.7525	1.55965	7.7525	19.0285	14.2585	38.2947	40.4686	11.7909	48.6052	42.7917	2.59827	5.1859	4.1528	2.07913	14.2585	21.3189	12.7838	9.27822	35.2954	41.3595	20.4108	11.7909	8.77101	5.1859	7.24134	18.5625	18.5625	9.27822	10.2882	21.7688	26.5272	26.5272	16.6732	3.63519	3.63519	1.03991	6.72902	5.1859	26.5272	26.5272	26.942	21.7688	9.78397	9.27822	8.77101	7.7525					
6.7283	9.27723	9.78293	17.1474	19.9507	16.6715	19.0266	19.49	15.7125	6.7283	0.519939	0.519939	1.03979	4.66922	8.26152	5.18533	1.55948	1.03979	7.75166	20.4088	26.9394	28.9676	21.3168	12.7825	13.7675	7.24056	4.15234	5.70061	4.15234	6.21495	21.3168	23.0992	12.287	7.24056	0	1.55948	2.0789	10.7896	8.77007	12.7825	18.5606	12.7825	27.7598	23.0992	6.7283	3.11664	0	0.519939	1.55948	3.63479	12.7825	19.0266	12.7825	14.257	26.5247	21.7666	7.75166	6.7283	7.75166	1.55948	0	1.03979	4.66922	7.75166	10.2871	14.7443	17.1474	15.2295	14.7443	16.6715	16.6715	19.0266	12.287	1.55948	0	5.18533	8.77007	3.63479	1.03979	1.55948	18.092	32.0535	31.6785	25.6862	5.18533	17.1474	23.0992	16.1931	0.519939	17.1474	15.2295	8.77007	11.2905	14.257	15.7125	12.287	4.66922	10.2871	11.2905	2.0789	2.0789	8.26152	26.1069	29.7574	22.2137	20.8641	23.0992	15.7125	2.59799	2.0789	1.55948	0	1.55948	8.26152	31.3004	36.6545	21.7666	6.7283	2.59799	12.7825	12.7825	1.03979	3.11664	5.18533	6.21495	1.03979	7.24056	13.276	12.287	49.9303	49.9303	5.18533	2.0789	1.55948	1.55948	2.0789	4.66922	5.18533	21.3168	31.6785	36.3184	30.535	10.7896	8.77007	15.7125	28.9676	34.2399	28.568	13.7675	4.15234	14.257	11.2905	3.63479	2.0789	1.03979	2.59799	10.2871	9.78293	5.18533	3.11664	0	8.77007	12.7825	5.18533	1.55948	0.519939	4.15234	9.27723	12.7825	19.49	20.4088	16.6715	11.2905	8.26152	23.5377	17.621	4.66922	13.7675	19.0266	11.2905	3.63479	8.77007	16.6715	21.3168	18.092	14.7443	11.2905	6.21495	5.70061	6.7283	5.18533	5.70061	13.7675	13.7675	3.11664	3.11664	9.27723	7.24056	1.55948	5.18533	10.2871	19.0266	20.8641	21.7666	18.5606	7.75166	1.55948	7.75166	19.0266	14.257	38.2917	40.4655	11.7897	48.6021	42.7886	2.59799	5.18533	4.15234	2.0789	14.257	21.3168	12.7825	9.27723	35.2925	41.3564	20.4088	11.7897	8.77007	5.18533	7.24056	18.5606	18.5606	9.27723	10.2871	21.7666	26.5247	26.5247	16.6715	3.63479	3.63479	1.03979	6.7283	5.18533	26.5247	26.5247	26.9394	21.7666	9.78293	9.27723	8.77007	7.75166					
16.9967	17.9024	17.0854	19.2385	18.7567	14.9509	18.3267	19.8431	16.1936	7.05941	1.74336	2.21244	3.48349	6.44817	10.0215	8.03703	6.31293	5.74989	8.41259	20.1897	27.727	30.99	23.2524	14.4055	15.2142	11.0745	11.9942	15.5917	16.7042	17.8254	21.7665	18.7301	9.88953	13.2565	17.8089	21.6797	25.8187	27.6435	25.9446	28.0941	33.6897	34.2367	39.2133	35.6145	25.2026	23.7096	24.9442	24.9421	22.5612	18.6487	19.0085	21.2219	17.007	20.2488	30.2799	29.9065	24.0833	20.2074	15.2578	7.76197	6.09853	5.79321	7.36916	9.78555	11.942	14.2754	19.9985	21.2941	20.9087	22.6613	20.8987	18.7053	10.6958	2.21239	3.48349	9.83529	13.3554	11.526	12.3085	14.0907	22.2894	31.9757	30.3538	23.9631	5.46707	15.47	22.6958	18.338	3.31023	16.0723	14.8453	9.25178	11.1249	14.5711	15.6664	12.5944	6.34676	10.0472	12.0375	2.21995	2.05424	8.27668	26.0022	29.2648	21.2973	20.809	24.8027	18.0913	7.9878	9.85038	9.83557	7.80435	5.51289	11.1941	29.9227	31.579	23.8948	24.4535	24.4019	25.4103	22.9553	18.5742	19.9536	21.9161	18.9477	11.8446	10.1995	14.4087	14.3656	48.741	49.9448	19.0624	14.6607	14.0476	14.4694	13.0893	10.9901	8.71884	24.113	33.2655	37.101	31.3688	11.5159	9.23776	19.5188	34.3769	38.7135	32.3736	19.2817	12.514	20.5629	20.3524	19.0091	18.9746	17.9776	17.2589	19.4215	19.7606	18.3452	17.3452	14.8772	15.2285	15.805	6.80857	4.53799	6.29976	9.45095	13.8166	17.1613	23.4462	26.2839	24.2204	16.4771	11.477	23.6454	18.7075	8.66815	13.2489	14.8775	11.6087	12.7436	15.8682	21.8549	26.5027	23.9285	19.8644	15.5913	10.5407	11.1251	12.3508	12.1943	12.4162	14.5245	12.9532	5.13317	5.5821	10.9195	10.949	8.04338	8.16502	11.0961	18.5914	21.184	19.9849	15.967	10.756	5.67973	6.08728	16.1186	18.6047	40.9071	48.9106	44.2631	49.2751	39.0153	7.84435	9.27857	10.5733	10.1998	12.9313	18.0921	12.4158	11.6253	35.3312	42.2695	24.8931	16.0754	11.805	6.54016	6.80869	17.6198	23.5667	25.6743	26.895	31.9714	37.626	41.342	36.6186	27.448	21.8179	14.3454	3.42988	18.5818	27.2393	24.2525	25.2118	20.79	9.76881	9.4575	10.2249	11.0511					
17.2988	17.6742	16.3936	16.6156	14.0658	11.082	16.9086	20.5281	17.1463	7.56507	2.02933	2.30186	4.05359	7.06592	10.9095	8.58178	6.38564	5.98777	7.3684	19.2794	28.9248	33.9007	24.0634	12.8618	14.7859	12.1942	14.2254	17.2641	17.0762	17.9067	16.7215	8.9933	5.32768	13.2554	18.3588	22.4646	26.4843	27.1536	25.6558	26.9972	32.2642	34.5568	40.1575	38.4307	26.2088	23.6468	24.9609	24.9463	23.1462	21.427	21.9319	20.4404	15.1921	18.5842	27.316	29.0067	25.266	24.3389	19.4403	8.49743	6.1954	5.79269	7.21434	10.2001	13.3234	11.5827	24.5869	31.1478	24.2137	23.319	19.1707	13.8852	6.40886	2.05412	5.60528	13.0539	14.4323	11.9173	12.6977	14.4852	21.7692	28.9098	26.4448	20.1901	5.97915	11.6267	20.5344	20.5344	6.08681	13.8882	13.8759	9.7446	10.387	14.8097	15.1885	12.5933	9.36305	9.54223	13.5196	2.21974	1.80961	8.27594	25.7898	28.264	19.2486	20.1336	27.9201	22.4099	10.6147	10.5172	9.78171	9.11442	6.9526	14.1154	26.5343	19.1755	18.8528	24.104	24.7074	27.2724	23.8685	18.56	20.3288	22.3839	19.2863	16.1053	10.7715	13.3505	14.1595	45.1807	47.8953	21.3192	15.0948	14.0108	14.4981	14.484	13.7745	13.084	29.285	35.5325	37.5821	31.3665	9.15726	7.95597	24.4177	39.9594	40.6429	30.4138	16.9926	18.5403	31.6006	27.4927	19.3701	18.9269	17.9925	17.3918	19.0859	19.5481	18.4839	17.4977	15.8956	20.8825	21.1212	9.54736	5.49716	7.45544	9.02632	12.9719	15.5746	21.2468	27.2653	33.3846	25.9174	12.4607	22.1686	18.9261	9.30745	10.2001	6.11944	8.61063	12.517	15.0427	20.4955	26.9987	26.0224	22.5252	20.1081	18.7923	15.9113	12.6338	12.5472	12.3073	11.4761	9.80123	5.90642	5.18468	9.49806	10.6376	8.04266	7.63052	10.0255	16.9804	21.4055	16.2371	9.90335	11.5385	9.73633	2.73029	8.93507	18.429	33.8042	45.3355	43.9512	40.8069	26.5593	7.70801	8.5514	10.3313	10.4061	8.26429	11.2914	9.60866	9.90039	32.9636	41.8542	27.6806	18.9285	14.9538	7.70126	4.51171	11.9173	20.0976	25.2196	27.0475	29.8664	34.8822	41.5077	39.6472	29.425	24.2567	20.3681	21.4809	24.2922	21.7151	17.5641	21.499	18.7215	8.81325	7.75042	8.94059	14.1429	9.59496	2.4644	1.55928		0.259942
8.25931	8.25931	6.72648	9.78032	9.27475	8.76772	16.189	20.859	17.6165	7.74958	1.55905	1.03951	3.1158	6.21328	10.2844	6.72648	2.07834	2.59728	5.18393	18.5559	29.3574	34.9373	23.0936	8.76772	12.7791	10.2844	11.7866	12.2838	6.72648	6.72648	6.72648	2.59728	3.63381	7.23861	6.72648	9.27475	9.78032	6.72648	6.21328	1.55905	8.25931	15.2256	31.2935	32.7873	13.2725	1.55905	1.55905	1.03951	8.25931	16.189	20.4037	17.143	6.21328	7.74958	17.6165	18.5559	14.2533	21.3115	19.0218	5.18393	1.55905	1.03951	4.15122	8.76772	13.2725	8.76772	26.5185	35.2851	23.0936	18.5559	11.2875	6.21328	2.07834	1.03951	6.21328	13.2725	11.7866	5.69906	4.66795	5.18393	16.6672	25.2564	23.532	18.0874	6.21328	9.27475	18.5559	20.859	7.23861	12.7791	13.2725	9.78032	9.78032	14.7405	14.7405	12.2838	10.7868	9.27475	14.2533	2.07834	1.55905	8.25931	25.6801	27.7534	18.0874	19.485	29.3574	24.4001	10.2844	5.69906	0.519798	6.72648	6.21328	14.7405	24.4001	11.2875	0.519798	1.55905	6.72648	19.9457	16.189	0	6.72648	8.76772	8.25931	15.7084	8.76772	10.7868	11.7866	42.4995	45.4579	15.2256	5.69906	0.519798	2.07834	9.27475	12.7791	14.7405	31.6715	36.3109	37.3105	30.5282	4.15122	5.69906	26.1008	41.3486	38.919	23.0936	2.59728	19.9457	36.3109	28.961	6.72648	0.519798	1.55905	4.15122	8.76772	8.76772	6.21328	4.66795	8.25931	22.2082	23.532	10.7868	4.66795	5.69906	1.03951	6.21328	7.23861	12.7791	23.0936	36.647	30.141	10.7868	20.4037	18.0874	6.72648	6.72648	1.55905	2.07834	1.03951	4.66795	12.2838	22.6523	23.532	21.3115	21.3115	22.6523	17.143	7.74958	6.72648	5.18393	5.18393	6.72648	5.18393	1.03951	5.18393	6.21328	1.55905	3.1158	7.74958	15.7084	21.3115	14.2533	5.69906	9.78032	11.2875	1.03951	2.07834	13.7639	7.74958	20.859	3.1158	15.7084	11.7866	1.55905	0.519798	2.59728	3.63381	2.07834	7.74958	6.21328	3.1158	30.141	40.4578	26.9331	18.5559	15.7084	7.74958	0.519798	0.519798	0	5.18393	11.2875	11.2875	10.2844	27.3448	30.9124	17.6165	16.6672	20.859	29.3574	23.532	10.7868	11.7866	19.485	17.6165	7.74958	5.18393	5.18393	14.7405	11.2875	3.1158	0		0
8.25842	8.25842	6.72576	9.77927	9.27376	8.76678	16.1873	20.8569	17.6147	7.74874	1.55888	1.0394	3.11546	6.2126	10.2833	6.72576	2.07811	2.597	5.18337	18.554	29.3547	34.9344	23.0914	8.76678	12.7778	10.2833	11.7853	12.2825	6.72576	6.72576	6.72576	2.597	3.63341	7.23783	6.72576	9.27376	9.77927	6.72576	6.2126	1.55888	8.25842	15.224	31.2907	32.7845	13.2711	1.55888	1.55888	1.0394	8.25842	16.1873	20.4016	17.1413	6.2126	7.74874	17.6147	18.554	14.2518	21.3094	19.0198	5.18337	1.55888	1.0394	4.15077	8.76678	13.2711	8.76678	26.516	35.2822	23.0914	18.554	11.2863	6.2126	2.07811	1.0394	6.2126	13.2711	11.7853	5.69845	4.66745	5.18337	16.6655	25.254	23.5297	18.0856	6.2126	9.27376	18.554	20.8569	7.23783	12.7778	13.2711	9.77927	9.77927	14.739	14.739	12.2825	10.7856	9.27376	14.2518	2.07811	1.55888	8.25842	25.6776	27.7508	18.0856	19.4831	29.3547	24.3977	10.2833	5.69845	0.519741	6.72576	6.2126	14.739	24.3977	11.2863	0.519741	1.55888	6.72576	19.9437	16.1873	0	6.72576	8.76678	8.25842	15.7068	8.76678	10.7856	11.7853	42.4964	45.4548	15.224	5.69845	0.519741	2.07811	9.27376	12.7778	14.739	31.6687	36.308	37.3075	30.5255	4.15077	5.69845	26.0983	41.3455	38.916	23.0914	2.597	19.9437	36.308	28.9583	6.72576	0.519741	1.55888	4.15077	8.76678	8.76678	6.2126	4.66745	8.25842	22.206	23.5297	10.7856	4.66745	5.69845	1.0394	6.2126	7.23783	12.7778	23.0914	36.644	30.1383	10.7856	20.4016	18.0856	6.72576	6.72576	1.55888	2.07811	1.0394	4.66745	12.2825	22.6501	23.5297	21.3094	21.3094	22.6501	17.1413	7.74874	6.72576	5.18337	5.18337	6.72576	5.18337	1.0394	5.18337	6.2126	1.55888	3.11546	7.74874	15.7068	21.3094	14.2518	5.69845	9.77927	11.2863	1.0394	2.07811	13.7625	7.74874	20.8569	3.11546	15.7068	11.7853	1.55888	0.519741	2.597	3.63341	2.07811	7.74874	6.2126	3.11546	30.1383	40.4548	26.9306	18.554	15.7068	7.74874	0.519741	0.519741	0	5.18337	11.2863	11.2863	10.2833	27.3422	30.9096	17.6147	16.6655	20.8569	29.3547	23.5297	10.7856	11.7853	19.4831	17.6147	7.74874	5.18337	5.18337	14.739	11.2863	3.11546	0		0
19.6743	18.9363	17.3656	16.4691	13.7822	10.2211	13.9382	19.5184	18.4209	8.89379	2.05348	2.21155	4.82224	7.883	11.2513	7.98464	4.75951	4.59854	5.51065	18.2921	29.7955	36.3806	24.8684	11.0704	13.2949	10.6298	9.21828	10.2903	10.7042	12.7994	15.4125	19.1387	21.471	21.1822	19.4416	20.0066	20.4209	18.184	15.7807	14.3997	17.7499	23.8809	36.5576	40.7674	26.8002	21.2429	22.6066	22.4715	22.546	24.493	24.9595	21.1446	15.2646	15.536	21.8506	25.3881	25.5329	28.7728	23.0099	7.45314	3.34933	2.71107	4.97917	9.37435	12.7197	10.752	29.7897	37.135	22.7759	17.99	10.9299	5.89614	1.83682	0.734958	5.2882	13.5657	14.5605	9.6058	10.4355	12.085	19.1463	24.5167	21.6558	16.7872	7.27816	7.29636	18.3571	22.7933	10.4275	11.4109	13.7817	10.8115	9.79335	13.8978	14.2701	12.457	11.4166	7.85991	14.5828	4.25418	2.09411	7.85361	24.6699	26.9714	18.9856	21.4599	31.45	28.0626	14.2267	7.23039	2.30119	6.15292	5.70378	13.003	22.1622	16.3983	18.8006	20.4232	21.9689	28.2241	26.8541	22.4387	19.181	9.7423	16.538	23.4924	17.7691	14.8311	13.0612	38.4388	43.1439	23.6215	17.9019	13.1672	8.44063	11.2184	13.7249	16.4602	31.1947	34.5106	35.6694	30.4311	9.11173	7.3145	23.8461	39.7717	40.9892	34.2169	26.5501	29.5125	39.4833	33.4719	20.3877	18.4369	17.3837	17.0329	18.6672	19.6647	19.5097	19.3672	19.5715	27.0961	25.5723	12.201	6.40427	8.32116	6.40199	9.10993	9.55162	13.2191	23.3294	39.0179	33.1991	11.9575	18.8615	15.8982	8.48723	11.1902	11.1774	9.8319	8.82597	10.2639	15.7756	25.732	26.8853	23.072	22.5337	24.4571	19.3663	10.2966	10.0179	9.07771	8.19611	7.67989	5.90472	2.80265	5.97745	6.34436	2.05352	4.10171	7.84105	14.5136	19.3334	14.1918	11.5286	14.6664	14.2592	4.04007	6.24704	13.7534	12.4118	29.9298	34.4271	28.3075	15.7032	7.51076	7.11083	8.89976	10.8106	10.3612	10.0824	8.03401	5.86239	29.0933	39.5376	27.0502	19.3663	15.8493	8.1051	2.07804	1.733	1.23241	4.76996	11.4727	14.9377	18.8778	32.3146	40.9322	38.5706	33.9788	30.1805	33.3117	26.2912	11.6043	13.0612	20.9913	21.5919	16.87	15.4887	14.6553	19.4323	18.4842	13.1768	9.64847		3.34933
19.1521	18.7491	16.9459	15.3314	12.3965	8.17139	8.88569	16.7077	19.8034	11.1601	2.27143	2.77819	6.13619	8.76532	11.2503	7.77508	5.03221	5.13401	4.8529	17.5889	30.5683	38.8109	26.4901	10.0429	11.7739	9.5029	3.93861	5.51031	9.68791	12.0643	14.8716	19.4933	21.5081	20.7514	19.0397	20.1103	20.5272	17.7083	15.2151	14.3769	16.8803	21.8289	33.2828	43.2353	29.7275	21.6569	22.6698	22.5474	23.6497	27.3798	26.3906	20.4487	15.5847	15.3124	19.2733	23.2015	26.9479	34.7747	27.8446	9.21578	3.85258	2.6096	4.58716	9.37351	10.0169	10.0041	35.4641	40.437	21.2488	16.3566	9.93881	5.13389	1.32465	0.734892	2.9657	12.4255	19.235	16.0764	12.8864	12.7227	18.3733	20.986	17.3367	14.1321	9.30369	3.25231	15.7449	24.4552	14.8791	8.63922	14.7552	12.7977	9.54379	12.1725	13.2901	12.7024	12.6575	4.6988	14.3459	6.48869	2.55736	6.84662	22.2845	24.2993	16.7646	19.4127	31.4476	31.3632	18.6281	8.88569	2.38719	4.6738	4.67377	9.29494	15.7469	14.5472	19.045	20.3993	21.7928	27.6955	26.5094	22.5244	19.1037	14.6125	29.5532	27.4267	16.7831	12.8611	10.7676	28.7554	36.0745	24.4911	18.5556	15.6394	16.1555	14.8998	14.6692	18.2705	29.6657	30.6395	31.9226	28.905	12.4561	8.19717	17.6396	32.9831	36.992	34.4405	27.0388	28.5763	38.261	32.7274	20.0905	18.483	17.5695	17.0911	18.2043	19.3079	19.44	19.3148	22.1813	32.4299	28.6067	14.6291	9.69247	11.0547	6.72486	9.47387	10.1629	10.9629	20.3266	42.2448	38.6313	13.6472	15.5596	11.0778	7.05412	10.1951	11.2679	9.83102	8.82519	9.79793	13.9854	26.2859	29.9023	24.3129	23.3809	27.3641	23.6353	13.3126	11.1847	9.0769	7.56908	6.31778	5.13077	2.7294	6.96172	6.34379	1.73285	4.53575	7.35429	12.0558	14.8915	10.7151	11.4104	20.3062	19.9461	5.16	6.08476	11.7468	20.1013	29.0774	34.4247	28.2016	16.657	7.6493	7.24831	8.7806	10.5379	10.2851	8.57302	7.21163	5.73554	26.6709	37.6303	27.2537	20.9671	16.0877	8.60695	2.32282	2.77819	3.52485	3.24718	8.3698	12.7761	17.6395	27.3158	38.2237	40.6739	39.2187	35.3497	37.2418	29.8165	10.338	10.7676	18.375	20.4106	16.9785	15.8611	14.9417	18.3296	18.3457	13.5743	10.5699	9.86531	6.42445
4.66618	7.23588	3.63242	4.14964	3.11461	0	5.69691	15.22	20.3965	12.2792	2.07755	2.59629	6.21093	8.2562	10.2805	6.21093	3.11461	4.14964	3.63242	17.1369	30.9027	39.8398	26.5097	5.69691	9.27128	7.74666	1.03911	0.5196	1.55846	2.59629	3.11461	6.21093	4.14964	3.11461	3.11461	9.77666	10.2805	2.59629	0.5196	1.03911	1.03911	3.11461	19.9387	39.8398	23.9594	6.72395	3.11461	3.11461	13.7589	24.3919	23.9594	15.22	7.74666	6.72395	8.76443	9.77666	19.4782	35.6197	29.348	9.27128	3.11461	0	3.11461	8.76443	7.23588	6.72395	37.9518	41.9184	19.9387	15.22	9.27128	4.66618	1.03911	1.03911	0.5196	10.7828	21.3041	19.015	11.7822	7.74666	14.7351	17.6102	14.7351	12.7744	10.2805	1.03911	12.7744	24.3919	16.6612	7.23588	15.22	13.7589	9.27128	11.2833	12.7744	12.7744	13.2676	2.59629	13.7589	7.23588	2.59629	6.21093	20.8517	22.2006	12.7744	14.248	29.348	31.6617	19.9387	9.27128	1.03911	3.63242	4.14964	7.23588	10.2805	2.07755	4.66618	0.5196	5.18197	18.081	14.7351	3.11461	6.21093	17.6102	34.927	26.0921	1.03911	1.03911	5.18197	23.0857	30.1315	18.081	9.27128	12.2792	19.4782	16.6612	14.7351	18.5493	28.5523	28.5523	29.7413	27.3359	12.7744	7.74666	12.7744	25.6715	27.7444	23.9594	8.76443	16.1831	33.1432	26.9243	4.14964	2.07755	4.14964	4.66618	6.21093	6.72395	5.69691	4.14964	17.6102	33.8657	29.7413	15.7027	11.2833	11.7822	3.11461	7.23588	8.76443	7.23588	16.1831	43.3249	41.0435	14.248	13.7589	8.2562	0	1.03911	2.59629	2.07755	1.03911	1.55846	6.21093	23.9594	30.1315	23.9594	23.0857	28.5523	25.6715	14.248	9.77666	5.18197	2.59629	2.59629	3.11461	0.5196	7.23588	6.21093	0	4.14964	6.72395	10.7828	12.2792	5.18197	5.18197	22.2006	22.6446	4.66618	0.5196	9.27128	23.524	17.6102	3.11461	15.22	14.248	2.59629	2.07755	1.55846	1.03911	1.03911	1.55846	3.63242	2.59629	25.248	36.6366	27.3359	21.7537	16.1831	8.76443	1.55846	3.11461	4.66618	1.55846	1.55846	1.03911	2.07755	1.55846	17.1369	28.9517	35.6197	34.5763	37.9518	30.9027	7.74666	5.18197	12.7744	14.248	8.2562	7.23588	6.72395	11.2833	10.7828	5.69691	6.21093	9.27128	7.74666
21.1402	19.4297	16.9755	14.5624	11.5254	9.90306	9.89476	13.5619	19.0269	12.6551	2.64735	3.3079	6.62645	8.50575	10.1847	6.24494	3.37325	4.83806	2.95931	16.5689	29.9886	39.426	27.3662	11.24	14.056	14.9306	14.5103	14.7427	15.1394	16.0638	16.1316	15.4716	13.5717	12.1447	11.0762	12.6542	11.6833	6.38974	5.05447	3.12522	2.21846	5.84916	20.9412	35.7929	22.2974	20.7401	19.9814	19.6888	23.363	30.1329	31.9223	29.1094	24.1194	20.0041	18.0079	18.1425	25.2551	38.8276	31.1263	9.80545	3.00999	0.989156	3.25156	8.57097	7.63021	8.44776	39.3206	42.4709	20.336	15.0929	8.64325	3.96751	0.918379	0.779288	0.580889	10.4121	20.2012	18.9672	12.3449	8.32658	15.6203	17.6101	14.0378	12.7891	11.6735	3.85615	12.8532	24.8762	18.9166	7.0548	17.6303	17.185	12.4792	11.5872	12.3732	13.511	13.5711	4.31557	13.5619	9.47201	6.78479	8.05612	19.8937	21.9322	17.3305	20.2813	32.3616	38.0547	37.3619	36.0555	33.6023	29.5437	23.9682	22.5287	24.9231	22.5403	17.3068	13.0423	12.8131	20.8958	20.1628	11.1368	9.81058	21.4228	36.769	27.4307	11.3196	13.5209	14.7803	20.2661	25.5392	19.2805	13.5943	16.9393	23.3991	18.7326	15.8864	17.6589	24.9387	26.5249	30.9928	31.3384	24.0605	19.2088	19.2268	28.4842	34.4585	37.9858	36.762	34.6489	36.8173	29.3669	15.3196	14.2832	14.4771	14.7102	16.0788	17.372	17.8167	18.2131	24.7126	35.9401	29.574	21.0339	17.1849	12.7285	3.48116	9.98581	12.7287	13.4218	18.6953	41.6694	40.1617	15.2687	13.3816	7.23967	1.07103	1.74219	3.11975	3.38329	3.36841	3.938	7.31023	26.3958	33.6239	25.5894	22.8575	27.389	25.0833	14.6759	10.984	7.5674	6.70871	6.96064	5.98432	3.83004	8.31867	6.88143	1.57986	4.40758	6.8911	10.5888	12.8532	8.69072	8.75624	25.4668	24.9408	9.14675	8.71342	11.9477	23.1652	18.5569	7.30136	16.9262	17.6162	8.8178	6.30872	6.38196	7.36441	8.77888	9.5424	10.8208	12.0619	26.574	35.7997	26.7983	21.428	15.586	8.43027	2.67268	4.27664	8.90638	10.6273	7.64565	5.53643	6.65671	7.89772	16.1591	29.4379	39.0402	36.9249	33.8826	26.0202	14.9995	16.156	19.8942	21.086	17.6436	15.7656	14.6047	17.2131	17.3992	14.334	12.7994	13.2154	10.0132
20.9653	18.9451	16.8	14.3944	11.4632	9.90873	9.12819	8.89795	16.1969	13.3933	3.66848	4.02171	6.87121	8.50499	9.68805	5.99462	3.37294	6.11537	1.51429	15.1403	27.62	37.8606	26.7777	10.8199	13.0193	14.2471	14.492	14.7415	15.1015	15.9715	16.0094	14.9911	13.3142	11.959	10.8881	11.3832	10.1776	6.22069	5.24839	4.22098	4.22087	9.9474	21.8159	26.3054	14.7664	21.1542	19.9023	19.6872	23.0056	28.0725	30.342	30.0807	26.0385	21.9586	18.4959	17.4184	27.6917	43.3069	34.2364	10.8075	2.753	1.48053	2.80748	7.59487	7.16571	11.4193	41.8612	43.3014	19.892	13.6972	6.72267	2.46275	0.662221	0.259753	0.580836	9.65614	17.8839	18.5048	12.8262	8.81482	17.2872	17.6086	12.565	12.5436	14.3807	6.95974	10.8714	24.254	21.5461	5.3396	21.2333	19.9273	11.6619	8.94383	10.4931	14.2246	13.3324	4.05919	11.5184	9.10652	7.85716	9.15816	16.7553	18.0852	15.7671	18.4461	27.6053	34.2078	36.4871	36.2213	33.8015	30.1468	24.5313	22.2038	24.242	23.1858	17.8955	13.4209	12.812	19.1245	21.7762	13.8672	13.0755	28.4525	39.4637	27.6223	12.352	13.8709	14.6278	12.2978	15.1403	17.8453	15.7668	25.2298	29.2942	18.3267	14.2543	14.4913	17.0365	19.9015	27.6133	29.3711	25.6169	21.4398	18.5315	23.7566	30.4591	36.1743	36.8322	33.4218	31.9599	25.2406	15.076	14.321	14.5484	14.5186	15.6636	17.1319	17.574	18.1208	28.6979	37.8621	25.8544	22.8428	24.5831	14.1798	3.48085	11.6931	14.7283	15.0756	17.5633	37.5539	38.2905	17.1772	12.4027	5.18738	1.2986	1.57971	2.62808	3.13564	3.30774	3.78126	5.96149	30.5733	39.6095	26.3838	20.326	24.4843	23.7928	15.3983	12.6789	9.05791	7.23928	6.96002	5.5809	5.54177	10.3287	8.15255	1.74203	3.95874	6.19101	8.76282	11.345	8.54562	10.751	31.4743	28.402	9.42652	8.97134	10.9409	21.0225	19.0024	7.20051	15.3637	18.6067	10.3804	6.1482	6.65606	7.54952	8.77809	9.58911	11.239	12.7947	25.2402	32.8629	24.9388	20.307	14.1425	7.67038	4.1001	5.18112	9.04381	10.9542	9.10841	5.53593	6.7451	7.89701	12.5726	30.0188	44.0404	38.1554	23.349	14.4239	14.0793	16.0189	19.6137	21.0843	18.5315	16.5298	14.4972	16.7782	17.5441	15.33	14.5566	16.8883	13.6434
2.07694	3.11371	0	2.59554	2.59554	0.519449	1.55801	4.66484	14.731	13.755	4.14844	4.14844	6.72201	8.25384	9.26864	5.69527	3.11371	6.72201	0.519449	14.2441	26.0856	36.6286	25.2415	3.63137	5.18047	4.14844	0	0.519449	0	0.519449	1.03881	2.59554	1.55801	0.519449	1.03881	5.69527	6.20914	1.55801	2.07694	4.14844	5.18047	11.7789	21.748	20.8462	0.519449	9.26864	1.55801	3.11371	12.2758	17.6054	18.0761	19.473	17.1322	15.2158	10.7797	6.20914	25.665	44.9225	35.6118	11.2802	2.59554	1.55801	2.07694	6.72201	6.20914	12.7708	43.0404	43.5904	19.0099	12.2758	5.18047	1.55801	0.519449	0	0.519449	9.26864	16.6566	18.0761	12.7708	8.76193	18.0761	17.6054	11.7789	12.2758	15.6984	8.25384	8.25384	23.0797	22.1948	3.11371	22.6387	19.9334	6.72201	4.14844	8.76193	14.2441	12.7708	1.55801	9.26864	6.20914	6.20914	8.76193	14.2441	13.2639	7.23381	6.72201	13.755	15.6984	13.755	11.2802	6.72201	10.7797	9.26864	4.14844	4.66484	8.76193	8.25384	4.66484	5.18047	13.2639	19.0099	12.2758	13.755	31.6543	40.4389	26.5031	7.23381	4.66484	4.14844	3.63137	9.26864	14.731	14.731	28.9447	31.6543	15.6984	10.7797	11.7789	12.7708	13.755	21.2985	21.748	18.5443	16.1787	10.2776	9.77388	9.26864	12.2758	9.77388	0.519449	16.1787	14.731	1.03881	2.59554	4.66484	3.11371	3.11371	5.18047	3.63137	3.11371	27.7376	37.9438	21.2985	20.3911	27.3291	14.731	3.11371	11.2802	13.755	12.2758	13.2639	34.9192	37.2919	18.0761	11.7789	4.14844	1.03881	0	1.03881	1.03881	0.519449	0	1.55801	32.401	42.1965	25.665	17.6054	22.6387	23.0797	15.6984	13.2639	8.76193	4.66484	2.59554	0.519449	5.69527	11.2802	8.76193	1.03881	3.11371	5.18047	6.72201	8.76193	4.66484	10.2776	34.2148	29.7341	5.69527	3.11371	6.20914	19.0099	18.5443	2.59554	11.2802	16.6566	8.25384	0.519449	3.11371	2.59554	1.03881	2.07694	5.69527	6.72201	22.1948	30.5114	23.5179	19.473	13.2639	7.23381	4.66484	5.18047	5.18047	4.14844	7.23381	1.03881	2.59554	1.55801	9.26864	30.1243	45.9456	37.2919	15.6984	6.72201	1.55801	4.14844	11.7789	14.2441	11.7789	10.2776	6.20914	9.77388	11.2802	9.77388	11.7789	17.6054	15.2158
2.07676	3.11343	0	2.59531	2.59531	0.519402	1.55787	4.66442	14.7298	13.7538	4.14807	4.14807	6.72141	8.2531	9.26781	5.69475	3.11343	6.72141	0.519402	14.2428	26.0835	36.6261	25.2395	3.63105	5.18	4.14807	0	0.519402	0	0.519402	1.03872	2.59531	1.55787	0.519402	1.03872	5.69475	6.20858	1.55787	2.07676	4.14807	5.18	11.7778	21.7462	20.8444	0.519402	9.26781	1.55787	3.11343	12.2747	17.6039	18.0746	19.4713	17.1308	15.2145	10.7788	6.20858	25.663	44.9199	35.6093	11.2792	2.59531	1.55787	2.07676	6.72141	6.20858	12.7697	43.0378	43.5878	19.0083	12.2747	5.18	1.55787	0.519402	0	0.519402	9.26781	16.6552	18.0746	12.7697	8.76115	18.0746	17.6039	11.7778	12.2747	15.697	8.2531	8.2531	23.0779	22.1929	3.11343	22.6368	19.9317	6.72141	4.14807	8.76115	14.2428	12.7697	1.55787	9.26781	6.20858	6.20858	8.76115	14.2428	13.2628	7.23316	6.72141	13.7538	15.697	13.7538	11.2792	6.72141	10.7788	9.26781	4.14807	4.66442	8.76115	8.2531	4.66442	5.18	13.2628	19.0083	12.2747	13.7538	31.652	40.4363	26.501	7.23316	4.66442	4.14807	3.63105	9.26781	14.7298	14.7298	28.9425	31.652	15.697	10.7788	11.7778	12.7697	13.7538	21.2967	21.7462	18.5427	16.1773	10.2767	9.77301	9.26781	12.2747	9.77301	0.519402	16.1773	14.7298	1.03872	2.59531	4.66442	3.11343	3.11343	5.18	3.63105	3.11343	27.7354	37.9412	21.2967	20.3894	27.327	14.7298	3.11343	11.2792	13.7538	12.2747	13.2628	34.9168	37.2894	18.0746	11.7778	4.14807	1.03872	0	1.03872	1.03872	0.519402	0	1.55787	32.3987	42.194	25.663	17.6039	22.6368	23.0779	15.697	13.2628	8.76115	4.66442	2.59531	0.519402	5.69475	11.2792	8.76115	1.03872	3.11343	5.18	6.72141	8.76115	4.66442	10.2767	34.2123	29.7319	5.69475	3.11343	6.20858	19.0083	18.5427	2.59531	11.2792	16.6552	8.2531	0.519402	3.11343	2.59531	1.03872	2.07676	5.69475	6.72141	22.1929	30.5091	23.516	19.4713	13.2628	7.23316	4.66442	5.18	5.18	4.14807	7.23316	1.03872	2.59531	1.55787	9.26781	30.122	45.943	37.2894	15.697	6.72141	1.55787	4.14807	11.7778	14.2428	11.7778	10.2767	6.20858	9.77301	11.2792	9.77301	11.7778	17.6039	15.2145
24.3528	21.7464	17.6853	14.9376	11.9808	9.90591	10.8687	11.6752	14.3511	12.1592	4.11928	3.92353	6.33751	7.92136	9.04081	5.84695	4.21974	7.12435	3.11326	13.6488	25.3356	36.5251	29.5991	20.9758	21.1276	19.8284	16.9561	14.3775	12.7789	11.3802	9.14168	7.14549	5.23734	4.02074	3.77571	5.85834	5.33796	1.07057	2.05208	3.38188	4.69609	10.9566	20.5791	24.9768	22.6549	20.5846	16.3077	16.2259	20.7382	25.7893	28.1844	29.7537	28.6517	26.8445	20.919	13.3525	27.8142	45.9401	36.35	11.1135	4.03311	4.66416	9.38065	14.2821	16.0039	20.9573	43.3708	42.9789	19.4998	12.3482	5.88104	2.96398	1.69251	0.918078	1.11682	7.19808	14.7723	20.9784	16.4582	10.898	19.7458	19.2045	13.2957	13.6933	17.1369	9.66683	7.92971	22.7168	22.7783	5.44326	23.45	20.9078	8.58319	7.00292	9.7055	13.4165	12.2281	1.88991	8.9848	8.27817	8.55822	9.27033	12.6117	12.8496	9.32654	8.95397	14.3283	16.661	17.8109	18.9097	17.2582	18.9221	19.0689	17.0634	15.4373	15.5953	12.3378	6.24276	4.81902	11.171	17.6635	14.436	16.1616	31.5761	39.7954	26.7099	8.71913	6.85957	7.92151	10.9584	15.3198	17.8373	18.309	29.0783	29.7963	13.8889	9.51964	11.9018	15.4133	18.8573	25.8319	28.6429	29.5048	28.6517	23.9946	21.6203	20.8823	23.408	25.4493	25.1323	25.0417	20.4838	14.1338	14.0765	14.6206	13.6311	13.064	14.4719	15.2227	15.6515	31.4423	38.7038	24.6267	27.9053	31.6817	22.3466	21.7585	24.9006	26.4146	26.223	25.4235	34.2183	35.1458	18.3448	11.9017	5.35985	4.03736	4.79487	4.58099	3.66761	2.86602	2.72781	4.67125	36.4347	45.42	29.3763	20.7181	22.4224	22.4034	15.5127	13.5971	10.2568	8.02664	7.19611	5.57627	7.60785	12.5614	9.99817	4.3449	5.61492	7.83821	10.1271	12.4695	9.59978	12.8485	36.4601	31.1808	7.48801	5.81575	7.18214	17.6063	17.6088	3.89782	9.83979	16.7552	10.6275	5.69445	6.03455	6.82843	8.48175	10.9585	12.9563	13.8027	23.9382	30.0966	23.0453	18.8467	12.7844	6.90762	3.66742	4.77727	6.94598	2.27012	12.0443	14.855	13.8806	16.0712	21.3301	32.6081	43.2681	33.6831	15.8596	13.452	11.5267	10.3963	14.5567	17.7999	17.1024	15.2636	13.3585	16.193	17.6715	16.3342	16.6701	20.8701	17.2029
24.3703	22.2948	18.3256	16.112	13.2985	9.89849	11.1877	11.4254	10.3766	8.33061	3.86728	3.41121	5.56654	7.16064	8.29311	5.15646	4.21936	6.88788	3.28099	10.7424	21.1118	32.6457	27.9114	20.9392	21.3076	20.3713	17.454	14.6447	12.8565	11.8193	9.45584	6.99534	5.23687	4.07004	3.77537	4.79428	3.37166	0.259669	1.80771	1.83542	3.13973	7.71897	14.2765	21.03	22.7106	19.7123	16.3322	16.0934	19.4456	24.1601	27.4922	29.6316	28.9991	29.566	25.2585	17.6084	31.3093	47.8758	37.6691	9.91763	4.41314	5.59954	11.9436	15.9339	17.0836	22.1511	41.484	40.2975	17.5982	10.1896	4.95865	2.7521	2.20987	0.988689	1.28505	2.96361	9.0132	21.7692	19.1727	10.0024	20.3837	20.2916	13.9682	15.0861	19.6888	12.4122	6.30553	21.1857	22.7764	4.98226	24.3017	21.5612	8.20786	7.16087	8.86337	11.03	10.9906	2.3926	6.82283	8.89462	12.1907	10.2778	9.14217	10.5626	9.32571	9.1477	12.6182	13.6879	15.715	18.5249	17.4488	18.3407	18.9604	17.5169	16.7892	23.8166	19.9639	5.50663	3.13445	6.87822	13.7841	15.7523	20.0744	31.385	38.3877	26.7078	10.6476	11.1585	11.6354	13.8891	15.9425	16.5991	18.6871	26.9741	25.1825	10.1688	6.25536	8.83585	13.041	17.1081	23.337	26.4044	29.0555	29.9643	25.4455	22.1607	20.5319	22.2301	24.8057	25.1611	22.9209	18.2163	14.1194	14.0355	14.6993	14.0132	12.9662	14.0753	15.169	15.5249	33.6365	37.6327	20.9127	29.4272	32.4812	20.7575	22.2301	25.0893	26.7343	26.4121	24.6204	27.5482	29.3721	18.1143	11.1872	5.56664	4.11911	4.80835	4.53658	3.66728	2.86576	2.7521	6.06137	42.0546	48.4259	27.1911	17.7086	18.6001	19.7912	14.3367	13.596	11.6614	9.56996	7.19546	7.30456	10.8198	15.0024	11.4375	4.52548	5.18246	7.03064	9.3259	12.6446	10.7126	15.321	40.5843	33.5687	6.82293	5.81523	6.40218	14.5169	15.7018	6.46897	6.30553	15.1845	11.0301	5.78664	6.03401	7.69985	9.66633	11.681	13.0663	14.0519	22.779	27.421	20.8865	17.0015	11.5583	6.14556	1.64177	3.15583	6.76199	13.919	13.467	15.169	13.9286	17.3359	22.6245	30.2298	35.9419	25.4633	12.1297	13.0339	12.5142	10.7427	13.0518	16.764	17.9644	15.2623	12.8392	15.6733	17.9752	17.2754	18.5538	24.8659	20.6512
2.59455	8.25074	7.23108	9.26517	8.75865	0	4.14687	3.11253	4.14687	5.69311	3.63	3.11253	5.17851	6.71948	7.74153	4.14687	3.11253	6.20679	1.55741	7.74153	16.6506	27.7286	20.384	3.11253	6.71948	8.25074	6.20679	4.14687	2.07615	4.66307	3.63	1.55741	1.55741	1.03842	1.03842	3.11253	2.07615	0.519252	1.55741	1.03842	1.55741	4.14687	4.66307	4.66307	2.59455	2.07615	2.07615	0.519252	5.69311	10.7757	15.2103	19.0032	18.5377	24.3774	23.51	17.5991	32.7599	48.7909	38.2548	8.75865	3.63	4.66307	10.7757	12.2712	10.7757	16.6506	38.8896	37.9332	14.7257	7.23108	2.59455	0	2.07615	0.519252	1.03842	0.519252	1.55741	19.9264	19.0032	6.20679	19.4661	19.9264	13.259	15.2103	20.8389	13.75	4.66307	19.9264	22.1871	0	24.3774	21.2911	5.69311	4.66307	6.71948	9.26517	10.2738	2.59455	4.14687	7.74153	13.75	10.7757	7.23108	8.25074	7.23108	7.23108	9.77023	7.74153	6.20679	9.77023	7.74153	8.25074	8.75865	7.23108	10.7757	26.9088	23.51	2.07615	0	4.66307	10.7757	15.2103	21.7405	31.2667	37.6087	26.4944	11.276	13.259	12.7661	12.7661	11.276	11.276	15.6927	24.3774	22.1871	8.25074	3.63	3.11253	4.66307	7.23108	13.259	13.259	16.6506	21.2911	16.6506	12.2712	7.23108	4.66307	3.63	2.07615	4.14687	4.66307	0.519252	2.07615	5.17851	5.69311	2.07615	1.55741	3.11253	1.03842	32.7599	35.6015	8.75865	24.8067	29.3316	7.74153	7.74153	12.2712	15.2103	13.259	8.75865	18.0697	25.2331	17.5991	10.2738	4.66307	1.55741	0.519252	0.519252	1.03842	0.519252	0.519252	5.69311	44.1196	48.7909	19.4661	7.74153	13.75	17.5991	13.259	13.259	11.7745	8.75865	2.59455	6.71948	12.2712	16.1728	11.7745	2.07615	0.519252	1.55741	3.63	9.26517	8.25074	15.6927	42.4695	34.5583	3.63	3.11253	4.14687	12.7661	14.7257	7.74153	3.63	13.259	9.26517	1.55741	3.11253	5.69311	6.71948	6.20679	6.20679	7.74153	19.4661	24.8067	19.0032	15.6927	10.7757	5.69311	0.519252	1.03842	4.66307	19.4661	11.276	4.66307	3.11253	9.77023	14.7257	23.9451	30.5018	20.8389	5.69311	4.66307	7.23108	5.69311	7.23108	11.276	14.2389	10.2738	3.11253	7.74153	12.2712	12.7661	16.6506	26.077	22.1871
2.59427	8.24986	7.2303	9.26418	8.75771	0	4.14642	3.11219	4.14642	5.6925	3.6296	3.11219	5.17795	6.71875	7.7407	4.14642	3.11219	6.20613	1.55724	7.7407	16.6489	27.726	20.382	3.11219	6.71875	8.24986	6.20613	4.14642	2.07593	4.66256	3.6296	1.55724	1.55724	1.0383	1.0383	3.11219	2.07593	0.519195	1.55724	1.0383	1.55724	4.14642	4.66256	4.66256	2.59427	2.07593	2.07593	0.519195	5.6925	10.7746	15.2087	19.0013	18.5358	24.3751	23.5077	17.5973	32.7571	48.7878	38.2518	8.75771	3.6296	4.66256	10.7746	12.2699	10.7746	16.6489	38.8865	37.9302	14.7241	7.2303	2.59427	0	2.07593	0.519195	1.0383	0.519195	1.55724	19.9244	19.0013	6.20613	19.4641	19.9244	13.2577	15.2087	20.8368	13.7485	4.66256	19.9244	22.1849	0	24.3751	21.289	5.6925	4.66256	6.71875	9.26418	10.2727	2.59427	4.14642	7.7407	13.7485	10.7746	7.2303	8.24986	7.2303	7.2303	9.76919	7.7407	6.20613	9.76919	7.7407	8.24986	8.75771	7.2303	10.7746	26.9063	23.5077	2.07593	0	4.66256	10.7746	15.2087	21.7384	31.2639	37.6057	26.4919	11.2748	13.2577	12.7648	12.7648	11.2748	11.2748	15.6911	24.3751	22.1849	8.24986	3.6296	3.11219	4.66256	7.2303	13.2577	13.2577	16.6489	21.289	16.6489	12.2699	7.2303	4.66256	3.6296	2.07593	4.14642	4.66256	0.519195	2.07593	5.17795	5.6925	2.07593	1.55724	3.11219	1.0383	32.7571	35.5985	8.75771	24.8044	29.329	7.7407	7.7407	12.2699	15.2087	13.2577	8.75771	18.0678	25.2307	17.5973	10.2727	4.66256	1.55724	0.519195	0.519195	1.0383	0.519195	0.519195	5.6925	44.1165	48.7878	19.4641	7.7407	13.7485	17.5973	13.2577	13.2577	11.7733	8.75771	2.59427	6.71875	12.2699	16.1712	11.7733	2.07593	0.519195	1.55724	3.6296	9.26418	8.24986	15.6911	42.4664	34.5554	3.6296	3.11219	4.14642	12.7648	14.7241	7.7407	3.6296	13.2577	9.26418	1.55724	3.11219	5.6925	6.71875	6.20613	6.20613	7.7407	19.4641	24.8044	19.0013	15.6911	10.7746	5.6925	0.519195	1.0383	4.66256	19.4641	11.2748	4.66256	3.11219	9.76919	14.7241	23.9428	30.4991	20.8368	5.6925	4.66256	7.2303	5.6925	7.2303	11.2748	14.2374	10.2727	3.11219	7.7407	12.2699	12.7648	16.6489	26.0745	22.1849
24.427	25.3893	23.13	22.0105	19.9536	15.3693	12.4335	8.31286	4.98077	4.43068	3.30536	3.13343	5.0372	7.00013	8.50719	7.17498	7.0544	7.84356	5.32055	9.10232	17.4556	28.6337	27.9099	25.5425	26.5914	26.7647	24.4965	19.6552	14.0005	11.5098	8.39109	4.04813	2.0513	1.29768	0.917704	3.07397	2.77556	2.79971	2.21686	1.47954	5.93523	10.7173	14.036	15.7137	15.8831	15.7109	15.3703	14.1812	13.505	16.9271	22.1747	24.7661	23.5704	27.2203	25.7283	19.7362	32.1959	48.9356	39.187	12.6411	11.7362	15.0886	21.2676	24.0454	24.2687	25.8281	37.5133	34.5336	13.0622	8.18744	5.4595	3.12275	3.5264	8.06056	11.4613	12.2695	8.89055	20.1822	20.6628	6.78206	16.7706	19.1123	14.2373	16.1558	21.8235	14.7751	3.92204	19.2247	21.8917	3.20238	21.6165	21.3664	9.27939	7.32278	8.56473	11.2014	12.4584	5.78474	2.93434	8.61602	14.0619	12.5759	9.99949	10.5323	10.54	10.7096	12.4445	10.3627	9.6165	13.7569	14.0888	15.3533	17.8147	18.5799	19.6257	30.942	26.1596	5.03737	5.38281	8.1314	13.803	17.7608	22.5528	30.0677	36.1967	27.3538	15.258	16.3457	16.5327	18.0288	16.2389	14.1194	15.8365	21.0049	19.7859	12.5673	11.1055	10.8706	11.5099	13.9648	19.5767	22.4208	25.7372	28.9971	26.1939	22.493	18.9768	17.0476	16.2489	16.9306	17.4612	16.4967	15.4575	15.4723	15.9897	16.0776	14.892	14.6659	15.408	15.499	34.7938	36.8993	22.6501	32.8513	40.1582	39.7722	39.7722	37.7138	34.0699	29.1973	25.1238	25.0177	25.4406	17.6515	12.9171	11.091	11.023	11.0361	11.5238	12.4093	12.8932	13.5399	18.486	46.811	48.9324	21.7427	13.125	16.9097	19.1246	14.2157	13.3532	12.5267	10.7886	5.8136	9.11642	14.271	18.1314	13.7259	7.27095	7.48538	8.67682	10.3177	13.8617	12.6398	17.4436	42.5783	35.2875	11.1846	11.4613	12.1356	16.8031	18.3959	11.7237	5.59793	13.2376	8.96502	2.3919	3.5594	6.39501	9.38888	10.9746	11.9563	13.1345	21.7171	25.1151	18.7604	15.5454	9.94087	4.6693	1.29775	2.98541	5.59793	20.5222	15.822	7.80807	12.4449	17.0342	19.5765	23.3472	27.2408	18.5296	9.57083	10.1106	11.4108	9.1023	8.93787	12.646	16.1635	13.5118	11.3112	13.7682	16.6054	16.8876	19.3685	28.1813	23.7953
24.3734	26.2152	23.8851	22.99	21.1612	15.6862	12.4324	8.80118	4.58976	1.84391	2.54808	2.67041	3.91748	5.9233	7.31081	6.71786	6.86392	6.99965	5.40698	7.44713	13.8841	23.5459	25.5216	25.4762	26.5423	27.0281	26.0345	22.3841	15.7557	13.3405	11.5085	6.7176	2.79932	1.81629	0.66175	2.41264	2.38469	2.87051	2.21666	5.63571	8.75822	10.7164	13.6707	15.4937	15.8818	15.7443	15.4483	14.4525	16.4537	27.6994	30.7484	26.1183	22.7673	26.1655	24.4429	18.0464	29.6039	48.933	40.2455	13.1809	13.1334	16.7921	23.6971	25.2703	24.5568	24.886	30.9182	26.3707	9.38979	7.56103	5.744	7.26997	7.96117	8.98091	12.6252	12.3097	11.608	19.5148	22.3938	5.23489	11.1544	16.8147	14.4647	16.8441	23.356	16.6911	2.39162	17.5985	20.78	5.72938	15.6066	19.85	10.5999	7.49113	7.86172	10.9984	13.778	10.58	2.93407	7.97565	12.5092	12.3669	10.1843	9.82065	10.3727	10.8812	13.0516	10.3618	8.59277	12.6139	13.7251	14.3968	17.0462	18.6692	20.91	34.9028	29.7037	5.15466	5.95698	7.44721	15.2595	21.5717	24.0805	27.4802	32.5367	26.3822	15.6206	15.7902	17.0982	26.2488	24.2556	13.9276	13.2933	13.7201	13.5566	11.9884	11.1046	10.9461	11.1936	13.0617	17.7775	21.3608	25.2367	28.9949	27.2934	23.3979	19.4713	17.4435	16.158	16.8867	17.2955	16.2559	15.4562	15.5065	15.9883	16.1626	14.9731	14.6436	15.2792	15.5448	34.3083	34.2967	21.9388	29.426	37.0265	39.6018	39.6018	37.1622	32.9619	28.0893	24.5931	22.5609	20.0621	14.3845	13.9632	12.9878	11.0627	11.0351	11.567	12.3929	12.8872	13.6489	21.2664	48.1438	46.483	18.3404	12.5096	16.7193	17.911	12.3925	11.5666	12.5256	12.125	5.53175	12.7242	18.0908	20.8226	14.3747	7.2703	7.55475	8.63831	10.0312	14.3749	13.7238	17.0272	41.876	34.9494	11.1089	11.3088	12.2231	16.9825	20.1976	14.6504	5.09942	12.2885	7.74996	2.39169	3.34545	7.39134	14.3131	15.1901	12.6998	13.2806	21.5178	23.0999	16.3441	14.152	7.74996	2.60672	1.66157	3.86588	4.66197	21.1757	24.2702	9.8733	12.8675	18.2674	18.9267	18.61	19.8996	12.9899	8.89338	10.1097	12.6997	10.4469	8.2048	11.2688	15.5531	12.5259	11.1277	13.767	16.7803	18.0292	20.8153	31.2573	26.7549
0.519054	13.2542	11.7702	13.745	13.745	4.6613	4.1453	5.17655	3.11135	0	2.07536	2.07536	2.59357	4.1453	4.6613	2.07536	2.07536	3.62862	2.07536	2.07536	6.71694	13.745	10.2699	1.03802	6.20445	10.2699	15.2048	16.6447	10.7717	10.7717	11.7702	7.73862	3.11135	2.07536	0.519054	1.55682	0.519054	1.03802	1.55682	7.73862	9.26171	4.1453	0	2.59357	2.59357	2.59357	3.11135	4.1453	14.7203	32.3813	33.8379	22.6232	16.167	21.733	20.3769	13.2542	27.3113	48.7801	40.4173	10.2699	9.26171	11.7702	18.9965	17.1199	12.2667	12.7614	23.502	21.2837	7.22836	5.69096	3.62862	9.26171	10.2699	5.69096	7.73862	1.55682	10.7717	18.5311	22.6232	1.03802	8.24765	15.2048	13.745	16.6447	23.9371	17.5928	1.55682	16.6447	19.9194	6.71694	12.2667	18.0632	9.26171	5.17655	4.6613	8.75537	13.2542	12.7614	4.1453	6.20445	10.2699	10.2699	7.73862	6.20445	6.71694	7.73862	11.2718	7.73862	0.519054	5.69096	6.20445	2.59357	4.1453	7.73862	15.2048	35.5912	30.8762	2.59357	3.62862	0	14.2337	23.064	24.7984	26.0684	30.1054	24.3692	12.2667	11.7702	14.2337	29.7154	27.7196	10.7717	9.76659	9.76659	8.75537	6.20445	3.62862	3.62862	2.59357	0.519054	5.17655	8.24765	14.7203	21.2837	20.3769	15.687	9.76659	7.22836	2.59357	1.03802	2.07536	2.07536	0.519054	2.59357	5.17655	6.20445	3.11135	1.03802	1.03802	2.07536	31.6348	29.3223	0	7.22836	9.76659	2.59357	2.59357	1.55682	1.03802	1.55682	3.11135	7.22836	10.7717	9.76659	12.7614	10.7717	2.07536	0.519054	1.55682	0.519054	0	2.59357	16.6447	47.1516	43.2948	9.26171	5.17655	13.2542	14.7203	8.75537	9.26171	11.7702	11.7702	0.519054	14.2337	19.9194	21.733	13.2542	2.07536	1.55682	1.03802	1.03802	10.7717	11.2718	14.7203	41.0137	33.8379	3.11135	1.55682	4.6613	13.2542	18.9965	14.7203	1.55682	11.2718	6.71694	1.55682	2.59357	7.73862	16.6447	16.167	8.75537	8.24765	18.9965	20.3769	13.745	12.7614	6.20445	1.55682	1.55682	3.62862	1.55682	20.8317	28.1248	9.76659	5.69096	13.745	12.7614	12.7614	15.687	9.26171	2.59357	4.6613	10.7717	9.26171	5.17655	7.73862	12.7614	7.22836	1.03802	7.73862	12.7614	15.687	19.9194	32.3813	28.1248
6.55952	12.8155	11.6562	16.0187	16.0158	7.84342	7.65695	6.99827	4.53022	2.9846	3.71053	4.66818	5.67305	6.91285	7.91643	7.84988	7.39024	6.92959	6.05255	6.58729	10.2252	17.3409	21.4344	22.7472	22.7667	21.7837	21.4985	19.759	12.7367	11.9685	13.4462	9.43109	4.58147	3.60057	2.89904	3.36984	3.30457	2.4944	2.79876	9.63362	10.6778	5.15359	2.20857	6.60209	14.9484	24.9001	32.3487	37.3538	42.5672	47.578	44.862	36.1458	29.8361	27.5362	22.7989	16.4259	26.2458	47.6538	39.9616	9.45002	9.14249	13.8544	21.1856	25.5186	25.3086	21.077	24.8366	23.681	18.9862	18.2499	15.8404	17.0709	19.3728	20.0012	19.4344	10.2768	14.8217	24.3466	24.3656	11.9478	10.8186	13.2209	12.6372	16.1251	24.1222	18.1199	0.988079	15.9561	19.4758	7.83067	9.70733	17.1922	12.0427	8.65332	6.29398	8.45255	12.6172	13.7277	6.34375	6.21728	11.4424	13.5069	12.6475	10.3598	9.63552	10.0305	12.7071	10.8776	7.30056	9.00449	11.1168	12.5765	14.924	16.9099	20.6105	37.1107	32.5119	11.0373	10.866	10.1445	17.5524	24.4582	24.7215	26.1714	30.2697	28.0825	21.9419	19.081	18.296	31.5341	29.8398	15.448	15.8833	17.2204	17.5529	16.4052	15.0112	13.9175	12.8602	14.1379	16.9551	18.9004	21.3481	24.6643	24.5323	23.032	21.1535	20.1212	17.2249	15.7037	15.4365	15.3322	15.0958	15.0673	15.6823	16.3822	15.5399	14.9948	15.3372	15.0173	32.7047	32.3264	24.5873	27.4821	32.4685	34.7795	32.8404	29.3242	26.5904	23.7232	20.17	17.7143	15.5867	12.6675	16.0491	16.7691	14.5425	15.7172	16.6266	17.0115	17.0009	17.0579	24.1512	47.08	42.435	13.6904	12.1204	16.9793	17.9448	13.0625	11.5893	12.3581	12.6373	4.53396	15.7792	21.9745	23.7356	15.5157	8.56249	8.78651	8.81433	8.38888	13.1878	13.2554	16.6442	39.9019	37.8242	32.5809	34.4622	35.4045	37.4369	40.3482	39.7995	31.4728	19.7061	12.4108	9.59869	9.78592	12.4413	19.9305	19.0874	10.4138	9.78545	20.7844	22.2052	15.0464	12.6173	5.85444	2.75654	3.63764	6.69929	8.20139	19.7742	27.2133	12.4409	10.3473	15.2537	13.3401	12.0478	13.7526	8.32585	5.57255	7.3812	12.158	11.8459	8.78624	8.96249	11.693	9.97572	9.81897	12.3686	15.9554	18.1144	21.4277	33.7209	29.3705
12.6162	11.5948	10.4684	20.2138	19.9594	8.96363	7.65626	6.07661	3.96319	3.00672	3.40911	4.43299	5.48181	6.52862	7.35605	7.79038	7.24554	6.53626	6.05201	6.46502	9.09735	14.5889	20.3609	22.7382	23.5544	24.9085	25.7869	22.6984	14.3189	13.1484	16.5773	12.3901	4.58106	3.36954	2.89878	3.20643	3.36457	2.62535	5.08791	12.8144	11.5963	4.26001	5.24266	12.2152	23.0561	30.0255	34.1127	38.3797	43.8043	47.1767	42.1926	33.9595	28.3439	24.1163	18.973	14.9224	22.3484	45.1894	39.032	7.26563	6.41613	11.6405	16.8722	23.4669	29.1421	26.2171	23.1074	20.3904	18.8249	18.9998	16.4971	16.3402	18.2106	20.1358	21.468	28.5093	21.1976	21.3415	21.054	11.9733	9.27442	8.35849	10.3943	14.9261	24.3353	19.0478	0.550443	14.5086	18.3221	9.29496	4.429	13.8339	12.6413	11.673	8.74249	7.69665	10.9132	15.1636	10.6511	4.42921	9.36142	12.6664	13.87	11.4191	10.0038	10.0296	11.6935	10.8766	7.51326	8.15053	10.2747	12.5754	14.6606	17.3815	21.8417	37.7359	33.0323	11.2602	10.8651	10.15	19.622	25.6923	23.0518	23.783	26.3305	26.162	24.1493	21.6255	17.9442	31.7075	30.5614	14.6939	15.0251	16.6359	17.5514	16.5934	15.3009	14.4409	12.815	14.5635	16.5999	19.583	22.8445	23.7826	22.9172	22.2231	20.9604	20.7969	17.7127	15.6868	15.4074	15.3309	15.1067	15.1107	15.5405	16.2959	15.6479	14.9935	15.3239	15.5287	29.6906	28.4245	24.6192	27.2165	32.1194	34.7771	33.1323	29.5745	26.7323	24.076	20.3477	17.0565	13.7724	11.0768	17.2591	19.3223	15.073	15.8084	16.7224	17.0205	17.003	17.0565	25.2275	44.7913	39.2562	14.9879	12.6103	16.7971	17.7548	12.4693	10.0459	10.6739	12.4093	4.57752	18.3541	25.8698	26.6513	16.3664	8.71296	8.83755	8.81354	8.63391	13.3893	12.1217	14.0792	33.3143	33.1138	32.6151	34.4679	35.3669	36.9918	39.7158	40.8237	35.4674	20.8678	11.5126	9.54362	9.67855	12.0207	22.3978	23.4762	13.6341	12.2282	23.1769	23.6703	14.0038	10.2193	4.03421	3.12156	4.31066	6.36437	8.12843	16.0259	25.1323	16.4352	12.6126	14.0403	11.6402	9.49036	9.77794	5.5957	5.27772	7.08902	11.1457	12.0416	11.5122	10.1495	8.15028	8.63391	9.8181	12.3675	16.5449	19.1608	22.2742	35.8016	31.6739
15.2006	10.7687	9.25907	22.1737	21.7273	7.7364	4.1441	1.55637	0	0.518904	0	0	1.55637	2.59282	2.07476	1.55637	0	1.55637	2.07476	1.03772	0.518904	1.03772	0.518904	0.518904	11.2686	20.8261	25.6415	23.058	14.2297	13.2505	18.0583	13.7411	3.11045	1.03772	0.518904	0.518904	1.03772	1.55637	6.20267	14.2297	11.2686	0.518904	6.71502	14.7162	25.2183	26.0618	18.9914	17.1153	25.2183	30.0982	18.5261	6.71502	5.17506	7.22629	8.24529	8.75287	18.9914	43.8316	38.5549	5.68932	0.518904	4.65996	2.59282	7.22629	25.2183	26.0618	19.454	11.7668	6.20267	9.76381	7.7364	5.68932	2.59282	6.71502	15.6827	35.9251	23.9309	5.17506	13.7411	1.55637	2.07476	4.65996	9.25907	14.2297	24.363	19.454	1.03772	13.7411	17.588	9.76381	1.55637	10.7687	10.7687	12.2633	9.76381	7.22629	9.76381	15.6827	12.7578	0.518904	4.1441	7.7364	11.2686	9.25907	7.7364	7.7364	8.75287	7.7364	2.59282	1.55637	1.03772	2.59282	0.518904	9.76381	18.5261	36.9328	32.0021	4.1441	3.62757	0.518904	18.9914	25.6415	21.2781	20.8261	20.8261	18.9914	19.454	18.9914	13.2505	30.0982	29.3152	8.24529	6.20267	7.22629	8.75287	7.22629	5.68932	6.71502	2.07476	5.17506	0.518904	11.2686	18.9914	18.9914	15.6827	12.7578	8.75287	10.7687	6.71502	0	1.55637	2.07476	1.03772	3.11045	4.1441	5.68932	4.1441	1.03772	0.518904	6.20267	24.363	17.588	2.07476	3.62757	5.17506	2.59282	8.24529	6.71502	4.65996	6.71502	5.17506	1.03772	1.55637	4.1441	15.6827	17.588	6.20267	2.59282	3.11045	1.03772	0.518904	2.59282	19.9141	42.1666	36.5998	12.7578	7.22629	12.7578	14.2297	6.71502	4.1441	7.7364	11.2686	1.03772	19.454	27.7128	27.7128	15.2006	3.11045	2.07476	1.03772	3.11045	11.2686	8.24529	7.22629	25.2183	17.1153	4.1441	2.07476	3.62757	7.7364	13.2505	22.6173	27.3045	15.2006	0	0.518904	1.55637	6.20267	22.1737	25.2183	15.2006	13.2505	23.9309	23.4959	11.2686	7.22629	1.55637	2.59282	3.62757	2.07476	0	12.7578	23.9309	18.0583	11.7668	10.7687	8.75287	7.22629	7.7364	3.11045	0.518904	3.62757	8.24529	9.76381	11.7668	10.267	4.65996	1.03772	1.03772	7.7364	14.2297	18.0583	21.7273	36.5998	32.7424
15.1993	10.7677	9.25824	22.1719	21.7255	7.73571	4.14373	1.55623	0	0.518857	0	0	1.55623	2.59258	2.07458	1.55623	0	1.55623	2.07458	1.03763	0.518857	1.03763	0.518857	0.518857	11.2676	20.8244	25.6395	23.0562	14.2285	13.2493	18.0568	13.7399	3.11017	1.03763	0.518857	0.518857	1.03763	1.55623	6.20211	14.2285	11.2676	0.518857	6.71441	14.715	25.2163	26.0597	18.9898	17.1138	25.2163	30.0959	18.5246	6.71441	5.17459	7.22564	8.24455	8.75209	18.9898	43.829	38.5523	5.68881	0.518857	4.65954	2.59258	7.22564	25.2163	26.0597	19.4524	11.7658	6.20211	9.76295	7.73571	5.68881	2.59258	6.71441	15.6813	35.9226	23.929	5.17459	13.7399	1.55623	2.07458	4.65954	9.25824	14.2285	24.361	19.4524	1.03763	13.7399	17.5865	9.76295	1.55623	10.7677	10.7677	12.2622	9.76295	7.22564	9.76295	15.6813	12.7567	0.518857	4.14373	7.73571	11.2676	9.25824	7.73571	7.73571	8.75209	7.73571	2.59258	1.55623	1.03763	2.59258	0.518857	9.76295	18.5246	36.9303	31.9998	4.14373	3.62724	0.518857	18.9898	25.6395	21.2763	20.8244	20.8244	18.9898	19.4524	18.9898	13.2493	30.0959	29.313	8.24455	6.20211	7.22564	8.75209	7.22564	5.68881	6.71441	2.07458	5.17459	0.518857	11.2676	18.9898	18.9898	15.6813	12.7567	8.75209	10.7677	6.71441	0	1.55623	2.07458	1.03763	3.11017	4.14373	5.68881	4.14373	1.03763	0.518857	6.20211	24.361	17.5865	2.07458	3.62724	5.17459	2.59258	8.24455	6.71441	4.65954	6.71441	5.17459	1.03763	1.55623	4.14373	15.6813	17.5865	6.20211	2.59258	3.11017	1.03763	0.518857	2.59258	19.9124	42.164	36.5973	12.7567	7.22564	12.7567	14.2285	6.71441	4.14373	7.73571	11.2676	1.03763	19.4524	27.7106	27.7106	15.1993	3.11017	2.07458	1.03763	3.11017	11.2676	8.24455	7.22564	25.2163	17.1138	4.14373	2.07458	3.62724	7.73571	13.2493	22.6154	27.3024	15.1993	0	0.518857	1.55623	6.20211	22.1719	25.2163	15.1993	13.2493	23.929	23.494	11.2676	7.22564	1.55623	2.59258	3.62724	2.07458	0	12.7567	23.929	18.0568	11.7658	10.7677	8.75209	7.22564	7.73571	3.11017	0.518857	3.62724	8.24455	9.76295	11.7658	10.2661	4.65954	1.03763	1.03763	7.73571	14.2285	18.0568	21.7255	36.5973	32.7401
26.064	25.6361	25.0224	26.8437	22.8355	11.6029	7.92179	5.342	4.40148	5.04728	6.2231	7.24346	8.09175	8.7161	8.64846	7.91353	6.24965	5.33264	5.33261	5.33264	6.79472	10.3856	13.6413	13.8497	17.9579	26.0772	28.2844	24.4929	15.7824	13.5017	18.2627	14.6821	5.45587	4.3672	4.03314	3.70915	3.44233	3.60852	6.93876	14.198	20.9148	30.285	38.513	44.4909	49.7806	51.814	50.566	48.7001	46.1835	40.8603	29.3404	20.0973	16.1986	14.7579	13.325	11.804	16.9659	40.574	37.4525	18.6006	17.2663	18.0981	19.649	19.9413	28.7118	27.9796	24.4607	23.9464	24.2653	24.4482	21.4587	19.1232	17.5519	15.7353	18.5997	33.8808	26.8906	12.888	18.2791	12.8176	12.4774	9.60183	9.03161	13.0152	23.8185	19.4638	1.47853	13.2574	17.0676	10.0266	1.23035	9.59461	10.624	13.0777	10.6662	7.35362	9.60139	15.8617	13.4367	2.26773	3.12068	8.55908	13.3247	12.328	10.875	11.0634	12.1537	12.9867	12.0872	11.5094	11.5412	11.4469	10.544	14.0222	21.1039	37.4956	32.0894	11.2585	12.3565	9.48799	21.4047	23.5082	20.2037	22.5516	25.2073	26.8202	28.7916	28.4311	23.3492	33.5132	31.6978	18.2635	19.2669	19.6335	18.7082	17.1198	16.2432	15.4159	12.7721	15.2986	12.8408	15.9124	18.8545	17.693	15.6771	17.005	17.7462	20.1874	19.7687	18.1831	16.768	15.2487	14.282	14.207	14.4733	15.4506	15.5568	15.2306	15.0822	16.2218	27.3694	26.9324	24.8266	24.0863	23.8129	23.4866	24.2869	22.9011	21.7409	21.427	19.2579	15.6883	12.88	11.1026	18.2236	21.0688	15.2063	16.1986	17.2662	16.8916	16.645	16.9526	24.386	41.3352	36.0916	15.9989	12.7113	16.3021	17.2795	12.1889	10.3903	10.7505	12.397	5.64746	20.4073	29.4328	29.727	17.0598	7.85316	6.58481	4.40906	4.57602	10.2415	8.73832	11.0737	25.438	28.5005	30.5295	31.3314	32.7909	35.6254	40.0607	45.0881	46.5046	34.2083	15.6766	12.6382	12.0807	12.4367	23.9362	26.252	16.6308	15.1343	25.302	25.0219	12.4362	7.22486	1.23029	2.38326	4.39377	4.02888	5.32619	18.6336	24.3487	18.3269	13.002	11.392	9.20102	8.2378	8.46492	4.22723	2.89794	4.60874	7.75611	8.75488	11.3371	10.2178	5.20615	3.00585	7.83016	14.7611	21.6628	23.4306	24.2595	36.7317	34.4844
35.9771	26.6369	24.697	23.3497	18.4426	10.5079	7.38013	5.42795	4.40109	5.24092	6.39049	7.3868	8.02598	8.64769	8.71533	8.35563	6.61924	5.2314	5.33213	5.47974	7.69405	12.3847	14.3843	14.3757	27.4218	34.6426	29.7578	22.9503	13.8751	11.1931	17.5808	15.142	5.20585	4.3207	4.01617	3.85039	3.53793	3.45659	5.50088	10.4281	21.4194	32.735	40.8136	45.9465	51.2244	52.5399	50.3036	48.2724	44.7118	37.313	27.0733	19.899	15.8229	14.071	12.308	10.514	11.7271	32.7984	32.2398	18.599	17.3849	17.8345	19.5742	22.7995	29.9438	25.8606	21.8597	22.9229	24.3174	25.5607	22.7092	19.0579	18.4144	22.6961	23.4955	29.2048	31.9608	23.8694	18.4528	12.7771	12.9953	9.38234	6.34102	10.3158	22.7221	19.4621	2.23769	12.2701	15.8795	10.0257	2.26753	7.08609	9.43193	13.7882	11.8831	7.10701	8.6303	15.625	14.1527	4.92636	3.1204	6.69859	12.731	12.71	10.7016	10.7331	11.1188	12.1788	12.2113	11.5471	11.5181	11.3113	10.5918	14.1924	22.5351	37.6532	30.6262	10.9111	12.5179	13.7659	25.7342	18.809	15.4132	19.2386	22.5748	25.3317	28.7894	29.961	25.5004	34.7999	31.0211	17.5816	19.0237	20.45	19.4347	17.1183	16.7342	16.449	12.7364	16.4436	15.3659	22.5404	18.3897	14.2226	11.776	15.0196	17.0345	19.4799	19.7671	18.2621	16.7916	15.1992	14.3327	14.2623	14.352	15.2222	15.4966	15.2293	15.0768	16.0556	23.7262	25.0452	24.7912	23.9965	23.7686	23.4642	24.6801	23.1799	21.8404	22.0129	20.1287	16.0538	13.1442	10.7318	18.222	22.6404	16.8366	16.82	17.3095	16.876	16.6436	16.9898	23.4003	37.7713	34.0466	18.3253	13.6786	16.1182	17.0874	12.1878	10.0872	9.73652	11.1659	6.01122	21.5148	32.6626	33.2893	18.3787	7.85246	6.46258	5.23768	6.21426	7.59064	6.54642	9.87519	18.8375	26.4519	30.645	31.4469	32.7369	35.405	39.5085	44.3577	51.2113	43.8237	17.4316	12.6321	12.3644	13.8516	24.9512	26.651	16.4147	15.3456	26.7279	27.4987	14.6335	7.22422	0.550234	1.69058	3.73572	5.23757	13.9618	23.5813	21.0625	15.9975	12.5678	10.2972	8.3063	8.46417	8.23707	3.77581	2.89768	4.60833	6.29104	6.71801	10.3423	9.72452	5.20568	3.11509	12.4354	14.2276	22.9165	26.7555	25.8408	35.578	36.328
38.8602	15.677	6.71249	9.25561	9.25561	3.10927	0.518706	2.07398	0	2.07398	2.07398	2.07398	0.518706	2.07398	2.59183	4.14253	3.10927	0.518706	2.07398	2.07398	5.1731	9.76017	6.71249	5.68717	31.24	38.2255	28.9099	19.4472	9.25561	7.7335	16.6341	14.7109	2.07398	0.518706	0	1.55578	1.55578	0.518706	1.55578	3.62619	13.2456	20.8189	26.0532	27.7038	35.9147	32.7325	14.2245	7.7335	5.68717	2.07398	3.10927	5.1731	0.518706	3.10927	3.62619	4.14253	7.7335	28.1089	26.8845	5.68717	3.10927	0.518706	0	18.0519	28.1089	20.8189	10.2632	4.65819	6.71249	15.1951	13.7361	5.1731	8.74959	24.3548	25.633	26.4704	34.1766	28.5109	14.2245	0.518706	5.68717	3.62619	1.55578	8.74959	22.1661	19.4472	2.59183	11.7625	15.1951	9.76017	3.10927	5.68717	8.2422	13.7361	12.2587	6.71249	7.7335	15.1951	14.2245	6.20033	4.14253	1.55578	9.76017	10.2632	7.22357	6.71249	5.1731	4.14253	3.62619	2.07398	0	0.518706	1.55578	10.2632	21.7198	37.2524	28.9099	1.03733	4.65819	14.2245	27.7038	16.1567	10.2632	11.7625	12.2587	13.2456	19.4472	23.9228	20.3643	33.098	27.7038	3.62619	4.14253	11.2644	11.7625	7.22357	8.2422	10.7647	1.55578	10.2632	12.2587	25.2099	18.0519	11.7625	5.1731	5.1731	4.65819	7.22357	6.71249	2.59183	2.07398	1.03733	2.07398	3.62619	3.10927	4.14253	3.62619	1.03733	0	5.1731	13.2456	8.2422	0	1.55578	4.65819	2.07398	10.7647	8.74959	5.68717	10.2632	10.2632	5.1731	4.14253	0.518706	15.677	21.2707	12.2587	7.22357	3.62619	0	0.518706	3.10927	17.1091	34.5302	32.3639	18.0519	10.2632	12.2587	13.7361	6.71249	2.07398	4.14253	8.2422	3.10927	21.7198	34.1766	34.8807	18.0519	3.10927	1.03733	4.14253	6.71249	5.68717	0.518706	0.518706	2.59183	1.03733	6.20033	5.1731	1.55578	2.59183	2.07398	15.1951	46.8913	44.8815	11.2644	0	4.14253	10.7647	24.3548	26.0532	14.7109	13.7361	26.8845	28.5109	15.677	7.22357	0	1.03733	1.55578	5.1731	18.0519	24.3548	16.1567	12.7531	10.7647	8.2422	6.71249	7.7335	7.22357	1.55578	0.518706	3.62619	5.1731	5.68717	9.76017	9.25561	4.65819	1.55578	13.7361	5.1731	18.0519	26.0532	25.2099	34.1766	36.5893
41.6107	18.7527	11.1685	9.64269	7.58265	2.49261	0.820077	1.43191	1.0692	2.4451	2.80293	2.93725	2.86224	4.87132	6.05389	7.48449	7.3764	9.52645	13.2475	14.9804	15.4465	17.4973	17.7783	18.9595	36.8106	42.086	32.4557	23.6818	15.904	12.9494	16.4154	14.1402	4.09362	3.96097	3.89289	3.77511	3.36764	5.02276	16.7858	37.9712	48.943	49.9825	46.6894	41.2443	36.4089	29.9495	16.8987	12.2901	10.9002	8.73621	8.29322	8.60243	5.92968	5.32488	4.77099	3.73492	5.4875	25.094	28.6489	22.7362	23.0943	22.8307	20.0156	24.4714	28.7751	24.1501	22.1565	21.3828	21.4864	24.3431	21.7388	17.4159	18.1231	27.8536	27.4479	25.1611	33.3678	33.0227	20.4436	4.45654	9.28496	10.9662	7.98772	8.53177	21.23	19.102	2.59155	11.2746	14.7844	9.87279	3.95233	5.17578	7.73267	13.0584	12.2213	7.26148	7.82761	15.3863	14.8642	6.93664	4.74631	0.366759	8.94749	10.8364	8.62312	8.73405	8.56828	8.92063	9.08864	7.55483	4.35067	1.28346	2.14538	10.0623	21.3841	35.7044	27.5663	11.0173	12.6036	18.6599	29.4907	15.9004	11.4002	15.6412	20.2777	24.4877	29.9112	34.9731	33.4876	38.9549	32.3225	16.7502	16.7708	19.1963	18.2656	15.017	16.3203	17.6117	12.459	15.8082	19.8312	30.2859	17.8818	9.38186	3.42172	6.59797	9.15103	12.0616	14.1124	14.2001	14.0189	13.2227	12.5648	13.1942	14.2001	15.1723	15.5302	15.5802	15.5567	16.7708	22.1953	25.3477	25.0223	23.1664	21.8741	20.8027	23.1435	23.3283	21.9174	21.7149	19.4476	14.8154	13.2887	11.887	17.0309	22.27	16.7011	15.8083	16.5193	17.352	18.0529	18.2469	21.811	34.5466	32.8742	20.3264	14.7098	16.1031	16.8724	11.8426	9.52645	9.21649	10.1631	6.81946	21.7025	33.9597	34.2981	24.5588	25.668	26.1572	23.7765	15.7971	2.79106	4.40787	4.468	5.31556	6.79288	9.29875	8.82508	7.69063	5.30308	1.56639	14.6769	43.3295	44.0603	21.8099	12.118	8.98383	12.4213	23.4794	24.8885	14.5706	13.7765	27.0511	28.9366	16.1625	8.02398	2.96007	6.638	12.0406	15.3911	17.8876	18.4046	16.2754	16.8945	14.3726	11.8488	9.40248	8.92022	8.99837	7.0478	8.88231	10.0661	9.02939	7.1728	8.70764	8.64556	5.34018	3.40696	21.7134	25.6458	33.7123	38.8089	35.6988	38.2345	40.0532
45.0856	16.4974	10.175	7.15376	3.88375	1.22983	0.81999	0.183363	1.29637	2.44486	3.24569	3.13553	3.37718	4.9923	9.54711	13.6801	9.11964	11.1156	13.6363	15.0156	15.5276	16.7404	17.3724	19.272	39.3445	42.5845	29.4004	21.2793	14.9418	11.8857	12.9235	11.8196	4.40729	4.09325	3.96055	4.22562	3.20429	6.41436	27.6512	48.5069	51.0731	49.3368	45.1377	38.5158	27.9817	21.1073	19.0558	13.1545	10.6612	8.62259	8.78167	8.92869	6.30787	4.90823	4.174	2.31816	1.47803	16.568	23.8555	22.5301	23.0664	22.8284	21.6945	28.9676	26.1898	20.7489	21.6416	21.43	21.7073	25.9409	22.3152	17.3493	20.689	31.3735	29.7908	20.7835	27.9916	36.2363	28.7846	13.0104	8.66785	11.505	8.55605	6.0725	19.1819	18.403	2.59132	10.2738	13.8148	9.62643	4.39963	3.93072	6.71116	11.5804	11.7332	7.50138	7.11426	15.1489	15.5739	7.66594	5.487	2.34683	6.58206	10.1556	8.03365	8.04797	8.06432	8.63009	9.31362	8.77976	6.43231	3.86211	2.86764	9.56059	20.7048	32.326	23.3062	11.0856	12.6023	22.0985	32.1279	14.0665	8.9197	13.3986	18.5995	23.3077	27.9031	34.4378	36.4908	42.1393	33.9098	16.7485	16.8296	20.2307	19.2312	14.5371	16.2038	19.0736	12.4323	15.6561	31.9402	37.5804	13.208	4.35019	2.20691	5.69219	8.58464	11.0291	13.4614	14.1986	14.0572	13.4324	12.6086	12.9773	14.0583	15.0574	15.4342	15.5668	15.559	16.4402	20.4316	24.8377	25.2251	23.1804	21.6768	20.8249	22.6317	23.3261	22.5064	23.2245	21.1847	15.5744	13.3671	11.9655	14.7418	21.8502	19.5117	18.0791	17.1432	17.4049	18.0511	18.1807	19.7673	31.8114	31.9836	20.7315	15.4239	16.1016	16.4972	11.5808	9.42281	8.87034	8.97779	7.08432	19.9779	32.0133	29.6759	21.5738	25.6656	26.1951	23.7742	20.4229	14.4375	4.40739	4.58537	5.04537	7.21563	9.13575	8.97779	7.82513	7.12367	8.3919	13.0104	34.4823	39.7125	24.7507	16.0678	16.5151	15.3203	21.4962	22.4952	14.0862	13.5336	27.2537	29.7219	17.1129	9.53684	4.42612	9.27156	14.2971	15.8757	12.8555	5.31474	12.6282	18.2372	15.9827	16.6644	14.5999	9.61302	9.87691	8.40577	9.44851	9.90993	8.28256	5.96525	5.89798	7.37763	6.61453	6.98569	32.0133	33.5188	32.4355	41.2698	39.6669	37.9574	38.7366
46.1463	8.7471	1.03703	1.03703	1.03703	0.518556	0.518556	0.518556	1.03703	2.07338	3.10837	2.59108	2.59108	2.59108	10.7616	16.6296	8.23984	8.23984	5.17161	2.59108	5.68554	6.19855	3.62515	7.73128	37.5716	39.4755	19.9018	11.7592	4.65685	2.07338	8.23984	9.7574	3.10837	1.55533	1.03703	3.10837	0.518556	5.68554	31.2327	49.1997	34.873	7.73128	5.17161	4.14133	2.07338	12.2553	18.9796	10.2603	4.65685	0.518556	5.17161	6.19855	3.10837	1.03703	1.55533	0	2.07338	8.7471	12.7496	3.10837	2.59108	0.518556	12.7496	28.9029	22.1603	9.7574	7.2215	5.17161	8.23984	20.3589	15.6727	4.65685	17.1045	31.9849	30.4683	17.1045	21.7141	35.9068	31.9849	17.1045	3.10837	6.19855	4.65685	2.07338	18.047	18.047	2.59108	9.7574	13.2419	9.25297	4.14133	3.10837	6.19855	10.7616	11.2613	7.2215	6.19855	14.7068	15.6727	7.73128	5.68554	3.62515	4.65685	8.7471	5.68554	4.65685	3.10837	2.59108	4.65685	6.71056	6.71056	5.17161	3.10837	9.25297	20.3589	30.4683	19.9018	2.07338	4.65685	22.1603	33.0905	12.2553	1.55533	0.518556	1.55533	6.19855	8.7471	21.7141	30.852	40.9865	31.6103	3.62515	4.65685	14.7068	14.7068	4.65685	7.73128	15.1909	1.03703	9.7574	36.9143	40.3902	5.17161	1.03703	3.62515	2.07338	1.03703	1.55533	2.59108	2.59108	2.59108	3.62515	2.59108	1.03703	1.03703	3.10837	2.59108	0.518556	0.518556	1.55533	0.518556	1.55533	5.17161	2.07338	1.03703	2.59108	7.73128	8.7471	9.7574	16.1523	16.1523	8.7471	4.65685	2.07338	9.7574	20.3589	18.9796	14.7068	7.73128	2.07338	0.518556	2.07338	10.2603	28.504	30.4683	18.9796	12.2553	12.2553	12.7496	5.68554	0.518556	2.07338	4.65685	4.14133	18.047	30.0815	24.3486	2.07338	3.10837	2.59108	4.14133	19.9018	20.3589	0.518556	1.55533	1.03703	3.62515	5.68554	5.68554	2.59108	7.2215	11.7592	11.7592	28.9029	35.2205	20.8134	15.1909	19.9018	16.6296	20.3589	21.2651	13.7323	13.2419	27.2889	30.0815	17.577	10.2603	4.65685	9.25297	11.2613	7.73128	2.59108	1.55533	6.71056	16.1523	14.7068	18.5146	17.1045	9.25297	9.25297	6.71056	4.65685	2.59108	0.518556	0.518556	3.62515	6.71056	7.2215	8.7471	35.9068	33.0905	8.7471	34.873	36.9143	33.4529	33.0905
46.1437	8.74632	1.03693	1.03693	1.03693	0.518509	0.518509	0.518509	1.03693	2.07319	3.10809	2.59085	2.59085	2.59085	10.7607	16.6281	8.23911	8.23911	5.17115	2.59085	5.68503	6.19799	3.62482	7.73059	37.5691	39.473	19.9001	11.7581	4.65643	2.07319	8.23911	9.75653	3.10809	1.55519	1.03693	3.10809	0.518509	5.68503	31.2304	49.1971	34.8705	7.73059	5.17115	4.14096	2.07319	12.2542	18.978	10.2594	4.65643	0.518509	5.17115	6.19799	3.10809	1.03693	1.55519	0	2.07319	8.74632	12.7484	3.10809	2.59085	0.518509	12.7484	28.9007	22.1585	9.75653	7.22085	5.17115	8.23911	20.3572	15.6714	4.65643	17.103	31.9825	30.466	17.103	21.7123	35.9044	31.9825	17.103	3.10809	6.19799	4.65643	2.07319	18.0455	18.0455	2.59085	9.75653	13.2408	9.25215	4.14096	3.10809	6.19799	10.7607	11.2603	7.22085	6.19799	14.7055	15.6714	7.73059	5.68503	3.62482	4.65643	8.74632	5.68503	4.65643	3.10809	2.59085	4.65643	6.70996	6.70996	5.17115	3.10809	9.25215	20.3572	30.466	19.9001	2.07319	4.65643	22.1585	33.0881	12.2542	1.55519	0.518509	1.55519	6.19799	8.74632	21.7123	30.8497	40.9839	31.608	3.62482	4.65643	14.7055	14.7055	4.65643	7.73059	15.1895	1.03693	9.75653	36.9119	40.3876	5.17115	1.03693	3.62482	2.07319	1.03693	1.55519	2.59085	2.59085	2.59085	3.62482	2.59085	1.03693	1.03693	3.10809	2.59085	0.518509	0.518509	1.55519	0.518509	1.55519	5.17115	2.07319	1.03693	2.59085	7.73059	8.74632	9.75653	16.1509	16.1509	8.74632	4.65643	2.07319	9.75653	20.3572	18.978	14.7055	7.73059	2.07319	0.518509	2.07319	10.2594	28.5018	30.466	18.978	12.2542	12.2542	12.7484	5.68503	0.518509	2.07319	4.65643	4.14096	18.0455	30.0793	24.3466	2.07319	3.10809	2.59085	4.14096	19.9001	20.3572	0.518509	1.55519	1.03693	3.62482	5.68503	5.68503	2.59085	7.22085	11.7581	11.7581	28.9007	35.2181	20.8117	15.1895	19.9001	16.6281	20.3572	21.2634	13.7311	13.2408	27.2868	30.0793	17.5755	10.2594	4.65643	9.25215	11.2603	7.73059	2.59085	1.55519	6.70996	16.1509	14.7055	18.513	17.103	9.25215	9.25215	6.70996	4.65643	2.59085	0.518509	0.518509	3.62482	6.70996	7.22085	8.74632	35.9044	33.0881	8.74632	34.8705	36.9119	33.4506	33.0881
46.1406	8.74538	1.03682	1.03682	1.03682	0.518453	0.518453	0.518453	1.03682	2.07296	3.10775	2.59057	2.59057	2.59057	10.7595	16.6264	8.23823	8.23823	5.17059	2.59057	5.68441	6.19732	3.62443	7.72976	37.5661	39.4699	19.8981	11.7569	4.65593	2.07296	8.23823	9.75549	3.10775	1.55502	1.03682	3.10775	0.518453	5.68441	31.2276	49.194	34.8676	7.72976	5.17059	4.14051	2.07296	12.2529	18.9761	10.2583	4.65593	0.518453	5.17059	6.19732	3.10775	1.03682	1.55502	0	2.07296	8.74538	12.7471	3.10775	2.59057	0.518453	12.7471	28.8981	22.1563	9.75549	7.22008	5.17059	8.23823	20.3552	15.6697	4.65593	17.1013	31.9797	30.4633	17.1013	21.7102	35.9014	31.9797	17.1013	3.10775	6.19732	4.65593	2.07296	18.0437	18.0437	2.59057	9.75549	13.2394	9.25116	4.14051	3.10775	6.19732	10.7595	11.2591	7.22008	6.19732	14.704	15.6697	7.72976	5.68441	3.62443	4.65593	8.74538	5.68441	4.65593	3.10775	2.59057	4.65593	6.70924	6.70924	5.17059	3.10775	9.25116	20.3552	30.4633	19.8981	2.07296	4.65593	22.1563	33.0852	12.2529	1.55502	0.518453	1.55502	6.19732	8.74538	21.7102	30.847	40.9808	31.6052	3.62443	4.65593	14.704	14.704	4.65593	7.72976	15.188	1.03682	9.75549	36.9089	40.3845	5.17059	1.03682	3.62443	2.07296	1.03682	1.55502	2.59057	2.59057	2.59057	3.62443	2.59057	1.03682	1.03682	3.10775	2.59057	0.518453	0.518453	1.55502	0.518453	1.55502	5.17059	2.07296	1.03682	2.59057	7.72976	8.74538	9.75549	16.1492	16.1492	8.74538	4.65593	2.07296	9.75549	20.3552	18.9761	14.704	7.72976	2.07296	0.518453	2.07296	10.2583	28.4992	30.4633	18.9761	12.2529	12.2529	12.7471	5.68441	0.518453	2.07296	4.65593	4.14051	18.0437	30.0766	24.3443	2.07296	3.10775	2.59057	4.14051	19.8981	20.3552	0.518453	1.55502	1.03682	3.62443	5.68441	5.68441	2.59057	7.22008	11.7569	11.7569	28.8981	35.2152	20.8096	15.188	19.8981	16.6264	20.3552	21.2613	13.7296	13.2394	27.2843	30.0766	17.5737	10.2583	4.65593	9.25116	11.2591	7.72976	2.59057	1.55502	6.70924	16.1492	14.704	18.5111	17.1013	9.25116	9.25116	6.70924	4.65593	2.59057	0.518453	0.518453	3.62443	6.70924	7.22008	8.74538	35.9014	33.0852	8.74538	34.8676	36.9089	33.4477	33.0852
45.5097	13.5658	10.4766	9.421	8.13006	7.26069	6.75309	6.47362	7.4748	10.0196	12.8668	15.128	16.1375	15.4739	22.5798	31.1812	31.0177	33.1025	34.9327	36.6687	39.0761	42.6606	46.0192	46.7283	47.569	41.8929	25.202	17.5804	12.5098	10.336	10.0194	9.30987	4.39423	3.47356	3.19783	4.39797	1.39568	7.75031	31.0067	48.237	34.0317	8.14184	7.75687	8.35011	8.14209	14.985	20.3181	10.5112	3.31587	7.21291	11.8758	13.4447	13.8283	15.5534	17.2539	17.6912	17.5267	19.3762	22.729	22.5971	23.5495	23.391	25.4094	34.1693	33.6041	32.2175	29.5034	21.2897	14.1	19.8888	18.0792	16.2101	22.2072	33.571	32.0264	18.3965	21.2647	34.0556	30.9731	20.3398	8.27905	7.03971	9.90288	6.61239	16.6934	17.3517	2.72274	9.28185	12.762	9.26441	5.48505	4.42451	5.90135	9.76787	10.6943	7.26034	6.47333	15.2479	16.215	7.79664	6.21808	4.31759	4.66268	8.73345	5.94887	5.53021	4.81042	4.92326	6.45295	8.06504	7.37486	5.30021	4.01744	10.4761	19.9715	27.5184	18.8782	11.973	11.4063	24.0214	33.2618	16.4146	11.0482	11.9133	11.3545	10.8535	8.23749	18.6452	28.684	42.9039	38.6079	23.0888	19.9724	22.2738	20.8522	16.6186	17.8363	21.1311	11.3602	13.164	39.7571	41.6571	5.17022	2.38141	5.47586	5.19915	5.82533	7.61189	9.87362	11.1461	11.4856	12.2898	12.5074	12.4074	12.7688	13.8115	15.0458	15.9111	16.5073	17.5882	19.7608	23.2769	27.4838	30.0878	30.4653	28.6829	26.3526	23.845	22.6274	24.4443	23.0493	17.7684	15.2856	14.0123	14.1222	19.4996	19.5722	17.8167	16.0856	17.2565	18.2787	17.6335	19.0117	30.1868	31.3288	21.6679	16.583	16.4082	16.0958	11.1632	9.38482	9.02516	8.45886	7.90752	18.2178	29.8132	31.0901	41.0021	44.4291	42.3281	36.3389	33.7546	25.0052	0.916369	3.47831	6.13807	11.0555	15.1329	16.8067	17.1398	17.0316	17.8798	18.1238	29.2314	34.2026	21.8584	17.0109	19.4642	14.9101	17.7395	20.646	16.8586	16.1415	28.5579	30.3905	18.4924	12.972	8.5642	11.7074	13.3184	9.30119	5.963	11.7198	18.4062	27.1297	29.5484	32.129	28.8231	18.9055	15.5882	12.3049	8.94511	7.30117	7.61189	6.96454	5.32858	5.47586	5.92651	13.1542	40.3206	40.0224	30.6732	44.7977	50.1929	49.0506	44.1425
43.5557	13.4121	10.6036	9.82352	8.38257	7.33212	6.83015	6.47304	7.74995	10.3227	12.7677	15.0902	16.2255	15.691	26.8903	35.5547	31.6794	33.7534	35.4587	36.6774	39.0107	42.8066	46.082	46.6169	43.8742	34.8652	21.7126	15.9182	12.0982	10.2602	8.22523	6.77178	4.58673	3.47324	3.30048	5.80459	1.39555	10.6288	30.2418	46.2031	32.2152	6.56906	7.09266	7.90689	8.51768	18.3728	22.7732	11.0105	2.59019	10.1953	13.1866	13.9521	14.5252	15.8497	17.2214	17.6931	17.4745	18.8027	21.4783	22.511	23.4932	23.4688	25.7245	31.2256	31.7246	32.2152	32.6438	29.1146	18.7216	16.311	14.6864	17.2117	26.2467	35.6394	34.7208	20.9223	20.3574	29.9702	27.535	23.2384	17.7587	6.61425	10.4586	6.93307	13.3919	15.9242	2.98077	8.27238	11.5379	8.31575	5.29988	3.99641	4.52455	7.74533	9.44544	6.77167	6.00649	15.9593	17.1609	7.79595	7.23698	5.59224	4.17989	8.24075	5.27469	5.13106	4.52466	4.79963	7.2959	10.0182	8.64079	5.55653	5.52361	12.1693	18.8296	21.08	13.9718	12.0773	10.9426	24.6205	31.6659	16.4132	11.2023	12.4266	14.3585	18.3561	7.21878	11.5159	19.6076	39.8893	39.9921	24.2686	21.0776	23.6849	20.6964	16.4136	18.5307	23.6482	11.5371	12.081	44.5672	44.021	3.73289	4.61559	8.42878	6.39843	5.8814	7.84034	9.76752	11.0934	11.3956	12.1178	12.5063	12.3911	12.748	13.6518	14.9465	15.9098	16.5167	17.5867	20.237	23.9064	27.4479	30.0855	30.4631	29.421	27.8029	24.572	23.4838	25.7892	23.9984	18.2625	15.6309	14.0508	12.5024	15.4493	19.5705	21.0477	20.4746	18.277	18.2771	17.5783	18.5653	28.2722	29.7201	21.6661	16.7576	16.2335	15.3853	10.8308	9.37708	8.91565	7.84034	7.78153	14.8234	23.9598	29.0506	43.0776	44.4052	42.97	40.7935	45.8631	32.8598	3.75505	4.92268	8.9245	11.7256	14.6708	16.4593	17.1071	16.4182	17.1866	18.4296	26.273	30.9708	22.5003	17.8787	17.0295	11.0511	12.0215	17.0401	17.4501	17.1654	29.7111	30.0091	17.633	13.5782	8.56344	12.1109	14.6471	9.51388	5.68953	16.6967	19.2427	25.5534	28.6587	33.95	33.6973	21.8041	17.0787	16.5197	17.0154	10.8938	7.60258	7.03916	5.01987	2.75313	3.19742	18.7308	45.5309	44.4374	31.2275	41.1705	49.6739	53.1495	47.0667
42.1341	8.23602	2.58987	4.13939	3.10691	1.5546	1.5546	0.518312	3.10691	4.13939	2.0724	2.0724	3.62345	4.65467	24.3384	31.5982	13.7261	14.2142	12.2497	3.10691	3.62345	9.7529	6.70743	2.0724	12.2497	11.2561	4.13939	4.13939	0.518312	1.03654	1.03654	3.62345	3.62345	1.5546	1.5546	6.19565	0.518312	11.7538	29.6801	45.119	31.2207	3.62345	2.58987	1.5546	4.13939	19.4335	23.9067	11.2561	3.62345	10.2556	9.7529	8.23602	7.21814	4.65467	0	0.518312	0.518312	5.16919	5.68288	0.518312	0.518312	3.10691	14.2142	18.9713	12.2497	9.7529	23.9067	29.6801	19.4335	12.2497	3.10691	9.7529	26.453	36.2327	35.894	22.1509	19.8932	27.6859	24.7673	23.472	22.1509	5.16919	6.70743	3.62345	11.2561	15.184	3.10691	7.72769	10.7567	7.21814	3.62345	1.5546	3.10691	6.70743	8.74305	6.19565	5.16919	16.1451	17.5692	7.72769	7.72769	6.19565	3.62345	7.72769	4.13939	3.62345	2.0724	2.0724	6.70743	10.7567	9.2487	5.68288	6.19565	12.7438	18.0391	17.5692	8.23602	3.10691	0	23.472	29.6801	12.2497	3.10691	5.16919	12.7438	21.7048	6.70743	6.70743	6.19565	33.0781	35.5524	12.2497	11.2561	18.9713	14.2142	2.58987	10.7567	21.7048	3.10691	6.19565	46.6262	45.119	1.03654	5.68288	9.7529	5.68288	1.5546	3.10691	1.5546	2.0724	1.5546	2.0724	2.58987	0.518312	0	0.518312	0.518312	0.518312	1.03654	1.5546	6.70743	8.74305	4.65467	2.0724	1.03654	11.2561	16.1451	12.7438	13.7261	20.3501	18.9713	10.7567	6.70743	2.58987	2.0724	11.2561	18.9713	21.7048	19.8932	9.2487	0.518312	0	8.23602	23.9067	26.867	18.9713	12.7438	11.7538	10.7567	4.13939	0	0.518312	1.03654	3.62345	9.7529	15.184	17.0969	26.036	0.518312	15.6657	32.7127	49.4068	36.2327	5.16919	5.16919	9.2487	6.70743	1.5546	2.58987	2.0724	2.58987	9.2487	12.7438	22.1509	28.4927	22.1509	17.0969	14.7002	8.74305	8.74305	13.2359	15.184	15.6657	29.6801	29.2873	15.6657	11.7538	4.65467	10.2556	14.2142	8.23602	0.518312	17.0969	10.7567	7.21814	8.74305	25.6161	31.5982	18.5064	13.7261	17.0969	20.8044	11.7538	0	1.5546	2.58987	0.518312	1.5546	20.8044	47.1108	44.0677	13.2359	11.7538	34.1564	49.1863	42.6991
42.131	8.23514	2.58959	4.13895	3.10657	1.55443	1.55443	0.518256	3.10657	4.13895	2.07218	2.07218	3.62305	4.65417	24.3361	31.5955	13.7246	14.2127	12.2484	3.10657	3.62305	9.75186	6.70671	2.07218	12.2484	11.2549	4.13895	4.13895	0.518256	1.03643	1.03643	3.62305	3.62305	1.55443	1.55443	6.19499	0.518256	11.7526	29.6774	45.1159	31.2179	3.62305	2.58959	1.55443	4.13895	19.4316	23.9044	11.2549	3.62305	10.2545	9.75186	8.23514	7.21736	4.65417	0	0.518256	0.518256	5.16863	5.68227	0.518256	0.518256	3.10657	14.2127	18.9694	12.2484	9.75186	23.9044	29.6774	19.4316	12.2484	3.10657	9.75186	26.4505	36.2297	35.8911	22.1487	19.8912	27.6833	24.7649	23.4698	22.1487	5.16863	6.70671	3.62305	11.2549	15.1825	3.10657	7.72686	10.7555	7.21736	3.62305	1.55443	3.10657	6.70671	8.74211	6.19499	5.16863	16.1434	17.5674	7.72686	7.72686	6.19499	3.62305	7.72686	4.13895	3.62305	2.07218	2.07218	6.70671	10.7555	9.24771	5.68227	6.19499	12.7424	18.0372	17.5674	8.23514	3.10657	0	23.4698	29.6774	12.2484	3.10657	5.16863	12.7424	21.7027	6.70671	6.70671	6.19499	33.0753	35.5494	12.2484	11.2549	18.9694	14.2127	2.58959	10.7555	21.7027	3.10657	6.19499	46.6231	45.1159	1.03643	5.68227	9.75186	5.68227	1.55443	3.10657	1.55443	2.07218	1.55443	2.07218	2.58959	0.518256	0	0.518256	0.518256	0.518256	1.03643	1.55443	6.70671	8.74211	4.65417	2.07218	1.03643	11.2549	16.1434	12.7424	13.7246	20.3481	18.9694	10.7555	6.70671	2.58959	2.07218	11.2549	18.9694	21.7027	19.8912	9.24771	0.518256	0	8.23514	23.9044	26.8644	18.9694	12.7424	11.7526	10.7555	4.13895	0	0.518256	1.03643	3.62305	9.75186	15.1825	17.0952	26.0336	0.518256	15.6641	32.7099	49.4037	36.2297	5.16863	5.16863	9.24771	6.70671	1.55443	2.58959	2.07218	2.58959	9.24771	12.7424	22.1487	28.4901	22.1487	17.0952	14.6987	8.74211	8.74211	13.2345	15.1825	15.6641	29.6774	29.2847	15.6641	11.7526	4.65417	10.2545	14.2127	8.23514	0.518256	17.0952	10.7555	7.21736	8.74211	25.6136	31.5955	18.5046	13.7246	17.0952	20.8024	11.7526	0	1.55443	2.58959	0.518256	1.55443	20.8024	47.1077	44.0646	13.2345	11.7526	34.1535	49.1832	42.696
42.129	23.2476	20.7104	19.4257	17.446	15.5487	15.3428	16.3835	19.7067	24.276	27.5898	30.4276	33.8869	38.2118	42.9701	42.7505	34.4687	32.6716	30.6971	28.7182	28.6295	28.9699	28.0676	27.3185	24.9291	18.1184	12.2234	10.5322	8.7418	7.87768	6.45586	5.84575	4.78432	2.13581	2.0476	7.97841	4.58552	13.5891	28.3917	43.3724	33.6812	15.223	10.1484	7.68618	9.27706	20.1152	27.9435	30.5008	35.2904	41.1167	43.8527	45.4765	46.1623	45.6893	44.2809	41.9357	38.5734	35.6032	34.3363	33.459	31.6387	29.4565	30.4889	33.0848	33.4592	33.5269	36.9968	37.7692	29.9413	26.1733	21.9547	20.2758	29.4163	35.1327	35.4981	22.4557	18.6738	27.9327	29.3502	28.2063	26.2098	9.49918	9.70151	8.96573	10.674	13.6974	2.97991	7.0996	10.2614	7.20995	5.16835	4.90452	5.40997	7.29381	8.37982	5.82568	4.93806	16.0229	17.5659	7.72617	7.98454	6.49629	3.37455	7.71776	5.85419	6.02144	5.96906	5.60271	8.25235	11.5581	9.82033	6.74782	7.01339	12.5135	16.6713	17.4826	14.0643	12.4548	10.0143	24.523	29.7102	16.5707	11.6395	10.3988	15.5432	22.8148	8.878	6.34728	8.52488	32.5511	39.4727	30.2997	28.9435	31.2927	27.1043	12.6289	12.1672	18.8645	10.6489	11.2445	46.4224	45.2402	10.957	10.4172	11.7639	7.70307	5.07766	6.12219	7.10918	9.0272	11.1477	12.9144	14.3505	14.7065	14.9424	15.6635	16.3982	16.505	16.5376	17.0745	19.7934	25.7116	30.5502	33.2343	33.019	33.2829	33.6113	30.2259	27.2724	28.2504	26.3834	22.4365	20.1178	18.7606	17.8285	17.6822	19.2892	20.0675	24.5405	20.4087	19.0235	17.5736	19.3893	28.1091	28.8107	22.4002	17.7344	16.0713	14.1825	9.83878	8.99838	9.26139	9.72663	11.679	16.7721	23.1441	28.5524	33.6496	22.2299	24.6313	34.0563	48.799	37.2045	10.8631	12.0422	18.9515	24.7565	29.8437	33.1147	32.5522	28.9923	24.2684	22.6532	28.4705	32.6332	24.6778	16.266	12.1659	7.43639	8.56468	14.8659	19.9544	23.2726	34.6595	33.134	20.0552	18.1052	13.5346	14.8659	17.3373	14.083	11.1363	16.7734	11.7678	8.73414	11.579	25.9468	33.106	23.5053	23.2089	28.3422	31.1215	19.3887	1.86785	1.94701	4.7425	5.16845	2.85976	20.5019	44.6972	44.3104	20.1467	7.18249	29.6924	49.2449	47.2112
37.9766	23.6661	21.028	19.8923	18.0716	15.7028	15.3057	16.4699	21.0703	25.9849	28.1844	30.876	34.2118	38.3993	42.4054	40.5243	33.8709	32.0155	30.2707	28.7374	28.5876	28.7459	28.0655	27.2949	23.7958	16.7485	11.8919	10.1586	8.80036	8.13831	6.57678	5.31051	4.1101	2.58921	2.79426	11.2146	5.84516	15.9166	25.1347	38.184	33.1932	18.2583	12.2788	7.60835	8.88307	15.2696	23.1702	29.7679	36.9139	42.635	44.3458	45.8016	46.1754	45.6465	44.4162	42.1645	39.1215	36.1076	34.3093	33.555	31.8664	29.9578	30.3262	31.8233	33.0178	33.9072	39.4179	39.5178	30.3061	26.3621	23.3604	29.3574	34.5996	32.8162	34.4569	22.2368	13.6794	23.294	30.6856	32.4849	32.7806	16.6411	8.86284	9.47135	7.47113	10.5079	2.72146	5.8223	9.02054	6.06725	4.62484	4.90408	5.27283	6.44994	6.94204	4.82872	4.42605	15.7819	17.5644	7.72548	8.49112	7.00334	2.22772	6.37269	5.5277	5.56364	6.06744	5.97955	8.91196	12.0303	9.81946	7.44239	7.99205	11.7788	12.9672	13.7146	13.267	12.2701	11.0431	24.3178	27.4401	16.5693	11.8812	9.76552	17.4709	23.8768	11.7208	4.6031	11.0603	25.1756	36.3636	30.8632	29.1685	32.2103	33.6128	21.7861	14.5891	12.2012	11.4178	10.69	45.3037	44.3432	12.1705	10.2859	10.5204	6.74744	4.97141	6.58917	8.25968	9.16907	11.1867	12.8793	14.2457	14.7052	14.9575	15.6932	16.4261	16.4999	16.5543	17.1669	20.6732	29.4266	32.7501	33.3131	33.1139	33.5834	34.5877	32.2024	29.4471	29.2701	25.9608	22.8745	20.4508	18.7312	17.827	16.2029	15.2064	15.5857	31.2056	26.1019	19.2629	17.6258	19.8082	27.2936	26.5564	21.8569	17.5691	15.136	13.0626	9.57842	9.0264	9.26057	9.86415	11.5467	15.4217	20.9461	29.1458	33.6472	23.3719	32.1433	35.4226	46.9524	37.202	10.261	13.5148	23.2065	29.5185	30.9914	33.0821	32.8201	29.5859	23.6948	21.8266	28.9277	32.1689	21.0462	11.0604	6.63888	4.51545	5.96022	11.7753	17.6205	21.9251	36.9169	35.5656	19.3815	18.5718	14.7571	15.2064	16.6054	13.8152	11.3339	13.0851	11.3264	7.26176	10.4838	22.692	31.7589	21.8496	21.4503	27.7019	37.8039	29.0434	4.76634	3.33942	4.61407	5.26975	4.80809	19.8168	38.7089	42.9968	27.2002	2.72149	17.4126	45.0009	48.6564
32.3339	10.7525	6.19321	7.72465	7.72465	3.62201	0	2.58884	11.7493	15.1783	9.74909	9.24508	9.24508	8.73962	20.3427	19.8859	7.72465	8.73962	8.73962	3.62201	2.58884	7.72465	6.70479	1.03613	3.62201	4.65282	0.518106	1.03613	1.55398	3.10567	2.07158	1.03613	1.03613	2.58884	3.10567	12.7389	5.16715	16.6159	23.0263	34.1458	30.0599	15.1783	10.2516	0	1.55398	4.13775	0.518106	0	19.8859	24.3299	17.0905	14.6946	7.72465	1.55398	7.72465	9.24508	12.7389	12.245	5.16715	4.65282	6.70479	9.74909	13.2308	11.2517	7.72465	13.2308	32.7023	34.8496	20.7969	13.2308	12.7389	31.9625	36.8905	31.5881	33.7894	21.697	8.23279	16.139	28.0813	33.0677	35.5416	19.8859	3.62201	5.68063	3.10567	8.73962	2.58884	5.16715	8.23279	4.65282	1.55398	1.55398	2.58884	4.65282	5.68063	4.13775	4.13775	15.6598	17.5627	7.72465	8.73962	7.21529	0.518106	4.65282	3.10567	1.55398	2.58884	3.62201	8.23279	11.7493	9.24508	7.21529	8.23279	11.2517	10.2516	8.23279	4.65282	0	6.70479	23.0263	24.7586	12.245	4.65282	0.518106	17.0905	23.8982	12.7389	2.58884	11.7493	12.7389	26.027	15.6598	12.7389	22.586	33.0677	25.1844	15.6598	7.72465	6.70479	3.62201	44.3227	43.2426	7.72465	5.16715	6.19321	2.07158	0.518106	4.65282	6.19321	3.10567	2.07158	1.55398	0.518106	0.518106	1.03613	1.55398	1.55398	0	1.55398	3.10567	11.2517	23.8982	20.3427	4.65282	4.65282	13.7208	21.2483	22.1429	22.1429	23.4637	17.5627	12.7389	8.73962	2.07158	2.07158	4.13775	8.23279	12.245	33.7894	25.6072	4.65282	2.07158	10.2516	21.697	21.2483	17.5627	12.245	8.73962	7.21529	2.58884	1.03613	0.518106	2.58884	2.58884	0.518106	2.07158	19.4264	26.027	11.2517	33.7894	35.5416	45.6191	36.2218	0.518106	10.2516	21.697	25.6072	14.2087	0.518106	7.72465	10.2516	4.13775	8.73962	23.4637	27.2686	11.2517	1.55398	3.10567	2.58884	0.518106	2.07158	6.19321	10.2516	35.1971	34.8496	13.7208	13.2308	9.74909	11.2517	12.245	7.21529	3.10567	8.23279	9.74909	2.07158	5.16715	18.0324	28.4831	13.2308	1.55398	14.2087	38.1933	32.7023	6.19321	4.13775	2.07158	1.55398	5.68063	19.4264	34.8496	41.256	29.2776	7.21529	4.65282	38.8277	46.3693
33.5745	24.4173	22.703	22.8163	21.4554	19.3524	19.4272	19.9288	24.8769	29.707	29.5825	30.0244	31.0483	32.6061	33.4452	28.0873	19.6055	16.6269	14.0604	10.0739	7.00233	6.63759	6.24047	2.08752	3.85814	5.55344	4.01081	5.71527	6.67745	7.60894	6.80686	3.91404	1.06797	3.35865	4.34553	14.6693	10.6876	19.0002	25.4781	34.2525	30.5867	19.8975	16.6672	13.1081	13.9845	26.7223	44.5593	51.6203	53.0309	51.2048	46.323	41.3095	36.4076	35.8167	39.6863	41.9874	40.8607	38.5364	36.1609	35.395	35.3972	36.1921	37.104	34.5318	27.9675	23.9614	34.2826	36.3174	26.0394	18.64	17.7126	37.5291	40.0107	29.4735	29.9398	20.4772	10.5791	16.9396	28.0729	34.0334	38.4986	23.1575	6.19556	8.02539	5.47245	7.41439	2.34437	4.68091	7.58922	5.29995	5.01698	5.63945	5.83276	6.57534	6.60529	4.76549	4.52194	15.2492	17.096	7.72396	8.48945	7.35214	1.29501	4.93676	5.40841	4.90311	5.31878	5.86663	9.30375	12.2916	10.414	9.34549	9.81764	12.0004	12.6154	13.5158	13.6612	11.9533	12.1368	23.5458	26.0296	17.5658	13.2973	10.7789	18.9302	25.2158	21.075	19.125	16.6727	16.7405	27.1948	21.6251	19.7243	26.8366	38.0978	37.4157	34.3459	32.3672	24.7745	15.3729	43.6429	42.0702	14.7689	11.7919	8.91047	4.71654	2.84721	4.85525	7.25328	7.10701	10.3711	13.2727	14.5733	15.1798	15.4503	15.7538	16.0982	16.0193	15.9674	16.31	18.8662	28.1179	26.496	20.4705	22.9237	27.6412	31.8407	32.5389	33.7326	36.3561	35.4043	33.7401	30.139	26.3503	25.9626	26.4779	25.6549	24.946	37.3144	31.195	21.2273	20.8614	21.269	27.1667	25.1215	21.0548	16.0556	11.9993	9.99834	8.07625	8.47645	8.3603	13.1509	21.2664	25.9412	28.1916	31.4581	31.1413	22.4167	36.7429	38.2334	47.3739	44.0007	24.0388	19.4351	27.4713	34.1997	32.5752	32.8902	33.9822	32.4046	25.8753	22.1729	28.7568	29.0074	13.2796	5.68625	3.51897	2.62076	1.55392	2.92819	5.57419	9.74823	34.6867	34.5546	13.7705	13.4286	10.8729	12.1625	12.9248	9.61842	7.48732	7.5742	8.1303	2.31566	6.04416	17.5148	24.7797	15.7257	19.3108	24.5047	41.7869	35.6554	14.6206	13.1378	9.98716	3.29847	7.09792	20.8455	37.1702	47.3021	46.4571	41.988	36.9733	34.4094	40.7589
28.9349	24.7016	22.6463	23.3172	22.219	19.3122	19.4374	19.9585	26.6734	32.0133	30.0645	30.0783	31.5411	33.1656	31.5823	25.1962	18.9323	15.5577	12.8902	9.76111	7.50854	3.77043	5.2237	3.51855	2.97889	5.34617	4.25234	6.37102	6.58743	7.60826	7.57366	5.2995	3.02887	4.61252	5.4929	17.2098	13.9084	18.4123	27.2344	32.8577	28.4029	19.8959	16.964	13.1118	13.9833	37.1614	50.514	51.8221	52.7475	50.3716	45.7039	40.6807	36.2231	36.1855	39.7372	42.2358	41.7776	39.0472	36.3205	35.4363	35.3947	35.9883	37.4405	36.8067	32.0466	29.1912	33.6196	35.2138	28.685	23.6861	26.7692	45.0525	41.246	21.0669	21.1517	17.1024	10.7761	15.8581	25.9245	33.8598	43.1871	29.1907	5.83224	7.54547	5.22397	4.34514	1.83088	3.65802	5.87722	4.3029	4.90947	5.63894	5.7292	6.2454	5.84064	4.03934	4.08848	14.2843	16.1437	7.72327	7.98155	7.60577	3.51855	3.7035	5.27131	4.90267	5.3183	6.03283	9.30292	11.6074	9.78222	9.75085	9.81677	10.1887	10.8943	12.5195	13.5136	12.5746	13.6654	21.5224	24.3203	17.7281	13.5881	11.2418	17.2066	21.5285	19.8159	19.4778	14.7262	16.3919	24.2962	21.7833	19.0567	22.6652	34.3796	37.0221	34.1354	32.7608	28.5629	26.3927	41.9758	38.5303	14.7676	11.2617	7.86019	4.98996	3.02899	4.39464	8.4599	10.157	13.1352	14.0009	14.5847	15.1785	15.449	15.8138	16.123	16.0217	15.966	16.3565	18.4822	28.7971	27.7957	21.429	22.8465	27.1257	31.7223	31.7607	32.3055	35.4409	35.1804	34.7017	31.4917	26.5069	25.9314	26.4759	25.1703	24.2677	36.4616	31.0435	21.0543	21.1388	20.8031	26.6974	23.1903	19.3733	14.7924	10.6493	9.22447	8.51586	8.63552	8.38292	17.6146	25.9542	26.2152	28.2047	30.0842	27.6997	22.9982	35.8584	35.4741	43.6029	45.9	27.8009	18.5859	28.7775	38.5578	36.1374	32.9897	34.1875	34.5168	28.1198	21.6499	27.8444	25.6482	10.8253	6.86399	2.84695	2.01387	1.86718	2.92793	4.08843	8.73807	33.6206	33.845	13.0586	12.5001	10.872	11.9359	11.8293	9.2612	7.72782	4.85498	4.82387	2.31545	7.27972	16.3336	16.318	13.3804	19.5776	24.6235	44.2415	37.3715	14.836	13.7484	13.5385	11.9517	8.76992	16.0865	30.307	43.1712	45.839	42.614	37.7639	22.3397	25.973
19.8809	12.2418	5.6791	10.7496	11.7462	3.10483	1.03585	3.10483	18.9595	24.324	13.2274	9.7465	13.2274	13.7172	8.23059	3.62103	0	1.03585	3.10483	0.517965	4.65157	0	4.65157	4.13663	1.03585	4.13663	2.07102	4.13663	0	3.10483	5.16575	5.16575	4.13663	5.16575	5.6791	18.0278	13.7172	15.1744	26.8515	31.2037	25.1784	15.1744	11.2488	0.517965	1.55356	38.8201	45.0998	12.2418	13.7172	9.24262	2.58814	2.58814	3.62103	9.7465	8.73729	13.2274	21.2431	17.0861	8.23059	5.6791	6.70298	6.70298	16.1349	24.7527	26.0209	28.0749	31.2037	32.3269	27.2623	24.7527	30.8232	47.8023	39.751	10.7496	16.1349	14.6908	8.73729	13.7172	23.458	32.6953	45.0998	31.9555	2.07102	4.13663	2.07102	2.07102	1.55356	3.10483	4.65157	1.55356	0.517965	1.55356	2.07102	3.62103	3.62103	2.07102	3.10483	13.7172	15.6557	7.72258	7.72258	7.72258	4.65157	0.517965	2.58814	1.55356	2.58814	4.13663	8.23059	10.2489	7.72258	8.23059	8.23059	6.70298	4.65157	3.62103	3.62103	5.6791	11.2488	18.4949	20.7917	12.7355	6.19154	4.65157	12.7355	14.205	6.70298	6.19154	2.58814	11.7462	18.9595	16.1349	10.2489	5.6791	19.8809	23.458	14.205	11.7462	23.0207	30.4397	40.9542	35.8758	7.72258	1.03585	1.55356	3.10483	1.55356	3.62103	8.73729	10.7496	11.7462	6.70298	1.03585	0.517965	1.03585	2.58814	2.07102	0.517965	1.55356	3.62103	9.7465	25.6011	23.8925	10.7496	3.62103	10.7496	20.7917	18.9595	15.1744	18.9595	16.1349	18.9595	17.5582	5.16575	0.517965	4.13663	2.07102	8.23059	31.5811	25.1784	2.07102	5.6791	7.72258	20.3376	15.6557	12.7355	8.23059	3.62103	4.65157	4.65157	2.58814	1.03585	17.0861	22.5805	6.19154	2.58814	12.2418	13.7172	13.7172	31.5811	28.0749	35.1898	41.8287	21.6917	5.6791	25.1784	37.2129	29.271	4.65157	10.2489	22.5805	18.0278	4.65157	20.7917	18.4949	2.07102	5.6791	1.03585	1.03585	1.55356	2.07102	3.10483	8.23059	33.0606	33.4229	12.2418	11.2488	9.7465	10.7496	9.7465	6.19154	4.13663	0	3.10483	2.07102	7.72258	15.6557	11.2488	5.6791	5.16575	14.6908	43.7798	36.5502	7.21336	7.21336	13.2274	16.1349	9.24262	1.55356	7.72258	23.0207	25.1784	16.6117	15.1744	12.2418	16.6117
19.8789	12.2405	5.67849	10.7485	11.7449	3.1045	1.03573	3.1045	18.9576	24.3217	13.226	9.74546	13.226	13.7158	8.22971	3.62064	0	1.03573	3.1045	0.517909	4.65107	0	4.65107	4.13619	1.03573	4.13619	2.07079	4.13619	0	3.1045	5.16519	5.16519	4.13619	5.16519	5.67849	18.026	13.7158	15.1728	26.849	31.201	25.176	15.1728	11.2476	0.517909	1.55339	38.8171	45.0967	12.2405	13.7158	9.24163	2.58786	2.58786	3.62064	9.74546	8.73635	13.226	21.241	17.0844	8.22971	5.67849	6.70226	6.70226	16.1332	24.7503	26.0184	28.0723	31.201	32.3241	27.2598	24.7503	30.8205	47.7992	39.748	10.7485	16.1332	14.6892	8.73635	13.7158	23.4558	32.6924	45.0967	31.9527	2.07079	4.13619	2.07079	2.07079	1.55339	3.1045	4.65107	1.55339	0.517909	1.55339	2.07079	3.62064	3.62064	2.07079	3.1045	13.7158	15.6541	7.72176	7.72176	7.72176	4.65107	0.517909	2.58786	1.55339	2.58786	4.13619	8.22971	10.2478	7.72176	8.22971	8.22971	6.70226	4.65107	3.62064	3.62064	5.67849	11.2476	18.493	20.7896	12.7342	6.19087	4.65107	12.7342	14.2036	6.70226	6.19087	2.58786	11.7449	18.9576	16.1332	10.2478	5.67849	19.8789	23.4558	14.2036	11.7449	23.0185	30.437	40.9511	35.8728	7.72176	1.03573	1.55339	3.1045	1.55339	3.62064	8.73635	10.7485	11.7449	6.70226	1.03573	0.517909	1.03573	2.58786	2.07079	0.517909	1.55339	3.62064	9.74546	25.5987	23.8902	10.7485	3.62064	10.7485	20.7896	18.9576	15.1728	18.9576	16.1332	18.9576	17.5564	5.16519	0.517909	4.13619	2.07079	8.22971	31.5784	25.176	2.07079	5.67849	7.72176	20.3356	15.6541	12.7342	8.22971	3.62064	4.65107	4.65107	2.58786	1.03573	17.0844	22.5783	6.19087	2.58786	12.2405	13.7158	13.7158	31.5784	28.0723	35.1868	41.8256	21.6895	5.67849	25.176	37.21	29.2683	4.65107	10.2478	22.5783	18.026	4.65107	20.7896	18.493	2.07079	5.67849	1.03573	1.03573	1.55339	2.07079	3.1045	8.22971	33.0578	33.4201	12.2405	11.2476	9.74546	10.7485	9.74546	6.19087	4.13619	0	3.1045	2.07079	7.72176	15.6541	11.2476	5.67849	5.16519	14.6892	43.7766	36.5472	7.21258	7.21258	13.226	16.1332	9.24163	1.55339	7.72176	23.0185	25.176	16.61	15.1728	12.2405	16.61
23.5048	22.1867	21.1536	22.8108	22.5995	20.1484	20.2381	20.0504	25.6157	27.811	18.4802	14.8874	15.9375	15.6501	9.61317	4.56791	2.23397	1.39421	2.60051	0.933548	4.86363	1.0357	4.86363	4.4235	2.08673	6.2382	4.91815	6.21176	3.04463	2.79866	5.51835	6.6077	6.22501	5.85026	5.94268	17.1264	14.6094	12.9769	27.9334	32.2042	25.6187	19.3867	19.908	18.027	15.1903	37.9116	44.4122	15.3324	21.1431	20.1348	16.7107	10.9482	5.83896	24.564	34.0636	36.499	34.6237	26.9654	20.6915	20.2457	19.9524	20.2457	24.7196	30.2487	28.5018	26.9501	34.3944	39.8089	35.4424	32.2049	39.2527	52.1207	43.259	22.8876	17.7897	12.2034	6.72128	12.9587	21.9462	33.2081	48.1119	35.2397	2.97803	4.94496	4.08738	2.48893	1.47588	2.78667	4.4796	4.10775	4.96855	5.23197	4.98852	4.96176	4.38964	3.49384	4.38964	13.3153	14.9627	7.59498	7.97927	8.29213	5.22857	2.3436	3.69789	3.76937	4.44616	5.47933	8.85755	11.0538	9.81734	10.5978	10.2471	9.08551	8.55536	7.85575	7.0743	8.01219	12.4438	19.3945	22.9801	17.5864	12.4756	10.1622	14.7808	15.9031	8.85755	6.83067	5.63437	12.4969	22.6693	28.3997	29.2609	28.1723	31.949	34.6727	28.3282	18.9804	24.4489	30.3881	38.3013	33.121	13.6391	10.6193	7.28916	5.25704	2.6388	3.72925	10.0761	13.7463	16.5763	15.0183	14.3682	14.3295	14.3682	14.9389	15.1973	15.1803	14.9819	14.801	14.8514	23.5547	21.8376	11.0234	8.84652	13.5659	24.3937	24.9633	29.0255	35.6361	38.378	39.824	38.034	33.4095	35.2412	37.8687	36.9619	34.5449	37.1487	29.6364	19.3338	20.314	20.056	26.667	20.9347	15.7545	10.2032	5.94287	6.74589	8.72279	8.94355	8.32589	22.4568	31.8703	26.397	26.9399	27.1295	25.0285	25.3222	37.6368	40.8205	45.8284	49.5816	35.4976	22.2826	28.8535	36.8859	33.023	25.4564	32.5501	38.4847	33.062	26.8043	32.1019	22.2726	10.3794	4.98498	2.79278	3.43612	4.3935	6.23837	8.85779	12.7949	31.894	31.5446	11.6531	10.9362	9.98146	11.6708	10.5096	6.19565	4.28211	0.985955	3.29722	2.04625	6.70657	12.9346	14.4948	12.5811	8.05502	17.8708	41.2969	33.5205	23.5031	23.0921	23.2518	22.1401	16.6568	13.3802	5.55151	17.346	31.1191	35.0257	35.9313	33.6288	23.9647
20.6332	21.4623	21.0463	23.238	22.7098	20.0707	20.2281	19.9921	24.8934	26.0153	16.9817	13.8579	14.6839	14.6629	7.89863	4.05846	2.4887	1.39409	1.57452	1.39403	5.11589	1.0356	5.11589	4.93433	3.51721	8.54291	4.82227	7.00822	3.55036	1.7364	6.02216	8.54289	7.24999	4.80497	5.26919	15.2203	16.2872	7.3199	27.739	32.3805	22.9002	17.2352	18.9018	18.1033	16.0281	34.4834	42.652	18.638	27.3171	21.3749	19.5324	16.8996	6.60222	39.3122	40.0511	39.4431	39.4217	29.094	20.383	20.5317	19.9507	19.9963	27.9071	37.4582	33.0757	24.6398	39.9548	48.3134	37.0108	30.587	42.4262	53.638	39.6472	22.2324	13.997	6.36862	2.63856	10.3907	16.2144	29.9859	52.2746	40.9844	2.61961	4.38927	4.40063	2.29288	0.985866	1.86643	3.13082	4.02551	5.07382	5.16774	4.82573	4.39311	3.85638	3.6613	4.58195	12.1049	13.5057	7.33979	8.48552	9.29587	5.71235	2.34339	3.29703	3.67954	4.44576	5.29436	7.99096	9.98715	9.44107	10.9994	10.2462	8.43192	8.55459	8.43192	7.36458	7.67813	10.8769	17.005	22.0261	18.4785	13.5188	11.3948	15.4221	17.0127	10.654	5.84126	5.33192	9.74756	18.8774	26.8997	29.0282	28.6371	31.06	35.84	41.2825	31.5848	24.6483	28.8692	32.2867	26.2528	13.2631	12.0334	10.4477	8.38714	4.67872	2.92682	12.5482	18.9086	21.1511	16.751	14.3883	14.324	14.3883	15.0355	15.2321	15.179	14.9479	14.7	13.4312	17.6156	17.4869	11.5193	16.7754	11.4271	22.5733	21.821	27.5327	34.1157	37.8773	40.2951	39.4369	33.4331	35.8119	37.9895	37.0633	34.2458	32.7844	26.0389	19.3113	20.7723	20.0543	26.665	18.6549	13.2584	8.45518	5.36907	7.12445	10.8253	9.47028	8.90638	27.6971	38.4591	27.2804	26.9378	26.2829	23.8309	23.8841	33.2914	39.3539	45.9992	52.0776	40.0013	22.0219	26.5187	33.158	36.1413	33.0514	32.1522	40.9193	35.7369	27.2446	31.6656	20.1972	20.4547	3.29692	2.71979	3.53155	4.96132	7.46619	10.3367	13.4784	28.311	27.4381	10.4091	9.95312	9.73881	13.1313	12.0014	6.19509	4.53811	1.47575	3.06609	1.47577	4.65737	6.62471	12.2595	12.1471	7.8987	23.7243	35.6044	23.1088	23.3306	24.1675	26.0849	23.4989	16.2952	14.6161	11.5922	12.4997	26.7616	34.2811	35.9933	36.2564	22.5739
10.7455	8.73387	4.64973	12.7306	12.237	1.55294	0.517759	2.07019	16.6054	19.4144	7.71955	5.67686	9.7427	11.2444	2.58711	2.07019	1.55294	1.03543	1.03543	1.55294	5.16371	0	5.16371	5.16371	4.13499	9.239	1.55294	6.1891	2.58711	0	6.1891	9.239	6.70034	2.07019	4.13499	14.1996	17.0797	1.03543	26.4286	31.571	18.9525	7.71955	6.1891	2.58711	7.71955	31.571	41.5285	19.4144	28.467	14.1996	15.1686	18.4881	5.67686	44.3035	35.865	29.2612	36.5393	23.884	6.1891	7.71955	6.70034	4.64973	25.1696	40.0446	35.179	23.4497	42.3874	51.0714	31.9453	18.9525	39.7398	51.6767	28.467	6.70034	2.58711	0.517759	0.517759	8.22736	10.2449	25.1696	53.7648	43.4971	0.517759	2.58711	3.1036	1.55294	0	1.03543	1.03543	1.03543	1.55294	1.03543	1.03543	1.55294	2.07019	2.58711	3.61959	11.2444	12.7306	7.21052	8.73387	9.7427	5.67686	0.517759	1.03543	1.03543	2.58711	3.61959	6.1891	7.71955	6.70034	9.239	8.22736	4.64973	4.64973	5.67686	4.64973	4.64973	7.21052	12.7306	18.4881	15.1686	9.7427	8.73387	14.1996	16.6054	10.7455	3.61959	0	3.61959	3.1036	6.70034	8.22736	10.2449	15.6498	27.6607	45.3453	36.8721	23.4497	27.253	28.8657	21.6838	6.1891	8.22736	10.7455	9.7427	5.67686	1.55294	13.712	21.2354	22.1295	12.7306	1.55294	0	1.55294	3.61959	2.58711	0.517759	0.517759	2.58711	3.1036	12.7306	15.1686	11.7416	20.3302	2.07019	15.6498	4.13499	2.07019	5.16371	11.2444	22.1295	25.5922	5.67686	11.7416	7.21052	5.67686	0.517759	13.712	12.7306	1.55294	8.73387	7.71955	20.3302	6.70034	3.1036	1.03543	0	5.67686	10.2449	5.16371	4.64973	28.8657	39.122	12.7306	2.58711	5.67686	6.70034	3.61959	12.7306	20.3302	35.865	49.1561	36.5393	2.07019	18.4881	28.8657	36.2036	32.3166	5.16371	32.6849	28.467	9.239	18.9525	12.237	24.744	2.07019	0.517759	1.55294	3.61959	6.1891	8.22736	10.2449	25.5922	25.1696	9.7427	9.239	9.239	13.712	12.7306	6.1891	4.64973	1.55294	2.58711	0.517759	3.61959	0	1.03543	3.1036	4.64973	26.4286	32.3166	10.7455	5.67686	13.2223	22.1295	19.8736	7.71955	8.73387	16.1288	16.1288	1.55294	10.7455	15.6498	26.0119	11.2444
10.7445	8.73309	4.64931	12.7295	12.236	1.5528	0.517713	2.07001	16.604	19.4127	7.71886	5.67635	9.74183	11.2434	2.58687	2.07001	1.5528	1.03534	1.03534	1.5528	5.16324	0	5.16324	5.16324	4.13462	9.23818	1.5528	6.18854	2.58687	0	6.18854	9.23818	6.69974	2.07001	4.13462	14.1984	17.0783	1.03534	26.4265	31.5687	18.9509	7.71886	6.18854	2.58687	7.71886	31.5687	41.5259	19.4127	28.4649	14.1984	15.1673	18.4865	5.67635	44.301	35.8625	29.259	36.5368	23.8821	6.18854	7.71886	6.69974	4.64931	25.1676	40.0421	35.1766	23.4478	42.3848	51.0689	31.943	18.9509	39.7373	51.6741	28.4649	6.69974	2.58687	0.517713	0.517713	8.22662	10.244	25.1676	53.7623	43.4945	0.517713	2.58687	3.10332	1.5528	0	1.03534	1.03534	1.03534	1.5528	1.03534	1.03534	1.5528	2.07001	2.58687	3.61927	11.2434	12.7295	7.20988	8.73309	9.74183	5.67635	0.517713	1.03534	1.03534	2.58687	3.61927	6.18854	7.71886	6.69974	9.23818	8.22662	4.64931	4.64931	5.67635	4.64931	4.64931	7.20988	12.7295	18.4865	15.1673	9.74183	8.73309	14.1984	16.604	10.7445	3.61927	0	3.61927	3.10332	6.69974	8.22662	10.244	15.6485	27.6586	45.3427	36.8696	23.4478	27.2509	28.8635	21.6821	6.18854	8.22662	10.7445	9.74183	5.67635	1.5528	13.7108	21.2336	22.1277	12.7295	1.5528	0	1.5528	3.61927	2.58687	0.517713	0.517713	2.58687	3.10332	12.7295	15.1673	11.7406	20.3285	2.07001	15.6485	4.13462	2.07001	5.16324	11.2434	22.1277	25.5902	5.67635	11.7406	7.20988	5.67635	0.517713	13.7108	12.7295	1.5528	8.73309	7.71886	20.3285	6.69974	3.10332	1.03534	0	5.67635	10.244	5.16324	4.64931	28.8635	39.1195	12.7295	2.58687	5.67635	6.69974	3.61927	12.7295	20.3285	35.8625	49.1535	36.5368	2.07001	18.4865	28.8635	36.2011	32.3143	5.16324	32.6825	28.4649	9.23818	18.9509	12.236	24.742	2.07001	0.517713	1.5528	3.61927	6.18854	8.22662	10.244	25.5902	25.1676	9.74183	9.23818	9.23818	13.7108	12.7295	6.18854	4.64931	1.5528	2.58687	0.517713	3.61927	0	1.03534	3.10332	4.64931	26.4265	32.3143	10.7445	5.67635	13.2211	22.1277	19.872	7.71886	8.73309	16.1274	16.1274	1.5528	10.7445	15.6485	26.0099	11.2434
23.9126	25.5156	25.1545	26.6205	25.603	21.0706	18.8379	17.6099	18.8742	16.9591	6.72122	4.93291	8.85417	11.0972	7.82998	8.62984	8.61666	8.68241	9.37166	9.54413	7.43561	3.33622	6.60271	4.96647	8.14028	19.4858	26.2473	35.696	36.6029	27.4147	13.6024	9.63637	8.86709	8.2203	7.25041	9.61605	16.786	5.14374	23.0658	29.6843	22.709	20.5215	21.1068	18.6547	16.4692	26.84	38.697	22.9443	33.4315	19.3586	18.5172	20.7247	7.71832	42.61	35.7015	33.3883	38.6384	32.8097	31.8335	38.1176	40.8329	43.534	48.3546	50.3219	44.4219	37.693	47.8308	52.778	38.3953	32.7976	43.1462	49.7722	27.9244	11.4294	17.3139	21.5038	21.5038	14.9335	17.7236	32.5617	52.1401	40.9766	1.72624	3.87255	5.59688	5.97394	5.56136	4.98332	4.3309	3.70106	3.53053	3.2707	3.10857	3.0653	3.49252	4.02425	4.76189	11.1871	12.3604	7.02948	9.04254	10.5407	6.23053	2.34271	2.3781	2.61885	3.67388	4.74795	7.15452	8.50616	7.549	9.92608	9.18124	6.24118	5.97373	6.68197	5.166	4.3307	6.86643	12.6506	19.406	16.6709	10.5695	9.11212	14.5746	16.1335	9.06224	5.87356	8.00938	15.9169	22.0291	23.6957	20.3974	17.4645	17.1393	26.0233	43.0429	36.7171	27.9915	28.7642	28.548	22.7461	12.6423	12.7113	13.2306	11.5669	7.92304	5.25524	16.5204	24.9052	25.3321	17.8854	13.3357	13.223	13.0615	13.891	14.7956	15.7684	16.2504	15.7712	14.6122	15.2075	15.8032	13.6394	20.8808	10.0296	19.0001	20.4398	22.592	21.5613	19.7125	23.2366	26.5911	24.1366	32.8525	35.0028	35.708	35.3504	34.6221	29.6428	24.4204	24.0727	17.7895	18.6019	6.85931	2.56725	0.409257	1.7359	6.35881	12.5045	7.42438	7.00621	31.8092	42.7381	21.9154	19.3002	20.3292	20.0207	19.8863	24.7745	31.5691	42.9243	53.1967	45.8975	36.3309	37.189	40.0561	42.7961	39.5304	30.5934	41.8329	43.2023	37.2231	29.3752	22.953	25.6522	5.32104	6.8211	7.47081	8.56169	12.1448	15.3123	17.3614	27.3051	25.719	12.4355	11.0628	10.3321	13.8054	12.8131	6.74081	5.26768	4.26508	5.32102	3.64204	1.86589	2.97695	2.74946	4.566	6.80636	21.3834	29.0534	26.8287	26.8251	26.8818	29.7214	24.7994	12.7547	13.5023	18.5621	19.0423	10.3215	4.60944	16.2501	30.7592	32.2222
23.0574	25.1749	25.3311	27.0163	26.2316	21.5552	18.9433	17.5548	15.2064	10.3746	4.49227	3.40021	6.46358	8.5854	7.61767	8.69656	8.61589	8.71896	9.40525	9.48901	6.97057	8.32164	8.8148	3.67351	15.1898	28.9603	32.1352	36.4853	38.1978	34.2408	16.863	7.20206	9.93173	10.1432	7.24976	0.183015	14.3439	8.27664	15.7403	23.4997	19.7846	20.0721	21.105	20.409	20.1103	15.8418	31.4174	22.0633	40.3505	28.5954	24.0349	24.8886	8.55121	38.0354	30.7201	32.7813	37.6232	37.2624	36.4776	39.546	41.2181	44.2533	48.7041	47.8304	41.2836	36.9307	47.6359	50.7404	37.6581	34.336	40.7892	43.0367	24.5895	12.2562	17.9799	22.067	22.067	16.5459	21.8788	37.2565	46.8799	34.9243	2.76736	3.49228	5.16579	5.91787	5.66688	5.25477	4.5109	3.628	3.43451	3.2704	3.0432	2.95415	3.65991	4.20182	4.76146	10.4605	11.3791	6.52437	9.54279	11.7668	6.22997	2.3425	2.29201	2.54093	3.37079	4.39896	7.15388	8.5054	7.3282	9.69542	9.18042	6.64938	6.63201	7.89539	5.91758	3.36078	5.2672	11.043	20.0712	18.9751	12.0521	9.86658	15.2976	15.1727	5.39142	5.72491	8.29655	22.1473	24.3073	25.1288	25.4154	27.9957	19.9201	22.5861	37.5208	33.9369	32.5017	30.2871	26.3852	20.9593	13.846	16.9865	17.7582	14.7116	9.19806	5.9066	21.8157	30.6673	27.63	18.3962	13.409	13.2407	13.0604	14.1149	15.1855	15.8244	16.2453	15.6775	14.4588	12.5853	13.729	14.0673	20.2313	13.3283	15.7333	20.3608	22.7451	24.3555	25.076	21.0971	21.2111	24.8154	35.4172	35.6461	35.7302	35.3479	33.8049	28.6821	24.5355	24.6851	18.4842	12.2663	5.2955	1.72609	0.914978	2.79735	7.09163	16.8545	9.18042	8.73164	36.3525	47.0074	22.1716	19.52	20.3275	19.7676	19.7555	23.4678	29.3765	40.9041	52.5547	45.4517	36.3625	36.343	39.3833	41.4147	38.501	31.6428	39.1053	42.3845	36.9499	28.9123	33.6702	26.6757	5.16901	7.2678	7.42618	8.93935	14.1897	16.8814	17.947	25.6623	23.3806	11.5662	9.96582	9.31517	12.6495	12.1004	6.51181	5.0488	5.50087	5.01274	6.85626	2.78536	2.99902	4.51073	7.36379	9.10249	10.2124	18.2382	26.0635	27.4781	28.9025	33.9944	28.3121	12.6101	13.8281	17.7891	17.9468	15.0215	8.14753	13.6467	25.8713	31.8723
4.13343	5.67472	6.69782	14.6799	15.1631	7.20781	3.10243	0	3.10243	4.13343	3.10243	2.58613	4.64797	5.16176	0	2.58613	1.55235	1.55235	1.55235	0.517563	3.61822	10.7415	9.73907	2.06941	18.4815	31.9355	28.8565	15.1631	20.3231	31.9355	15.6442	1.55235	9.23556	8.7306	4.13343	4.64797	11.7373	9.23556	11.7373	18.0147	9.23556	4.13343	6.18677	12.7259	18.4815	9.23556	26.4199	17.0736	42.9364	32.675	26.4199	26.8336	7.71666	34.8215	23.876	27.6518	34.1179	35.8547	30.0339	21.228	13.2174	17.5454	28.0564	26.0033	18.9458	19.4075	41.8066	45.8414	29.6445	25.1612	33.0402	36.5289	21.228	9.23556	7.71666	7.71666	7.71666	13.2174	21.228	36.8616	42.3766	31.184	3.10243	1.03504	0.517563	1.03504	1.55235	2.58613	2.06941	0	1.03504	1.03504	0.517563	1.03504	2.58613	3.10243	3.61822	9.73907	10.7415	6.18677	9.73907	12.2325	5.67472	0.517563	0.517563	0.517563	1.55235	2.58613	6.18677	7.71666	6.18677	8.7306	8.22428	5.67472	6.18677	8.22428	6.18677	2.58613	3.61822	9.23556	19.8667	19.8667	12.7259	10.2411	15.6442	14.6799	3.10243	3.10243	3.10243	22.5647	16.123	14.6799	23.876	32.3068	21.228	20.7769	34.1179	30.8036	33.4025	30.4203	24.3073	17.5454	10.2411	18.0147	19.8667	16.123	8.7306	4.13343	24.3073	33.0402	27.2442	14.1945	2.58613	1.03504	1.55235	5.16176	5.67472	2.06941	0	0.517563	0	3.10243	10.2411	12.7259	18.9458	12.7259	0.517563	3.10243	4.64797	18.0147	25.1612	17.0736	9.73907	10.7415	25.1612	14.1945	6.18677	0.517563	3.10243	2.58613	4.13343	12.2325	10.7415	4.13343	2.58613	1.55235	1.55235	3.10243	7.20781	18.9458	9.23556	8.7306	38.1641	48.2434	13.707	5.16176	5.67472	4.64797	1.03504	2.58613	7.20781	28.4579	47.3085	34.8215	3.61822	11.7373	26.0033	31.5613	28.8565	14.6799	19.8667	23.876	3.61822	17.0736	37.1915	26.8336	1.03504	3.61822	1.03504	5.16176	12.2325	13.2174	12.2325	21.6764	19.8667	7.20781	6.18677	6.69782	11.2402	11.2402	5.67472	4.13343	5.16176	0.517563	8.22428	4.64797	0.517563	5.16176	8.7306	9.73907	4.13343	0	3.10243	11.2402	21.228	33.0402	28.0564	7.20781	9.73907	14.1945	13.2174	15.6442	14.1945	9.23556	0.517563	7.71666
4.13306	5.67421	6.69722	14.6786	15.1618	7.20717	3.10215	0	3.10215	4.13306	3.10215	2.58589	4.64755	5.1613	0	2.58589	1.55221	1.55221	1.55221	0.517516	3.6179	10.7405	9.73821	2.06922	18.48	31.9332	28.8543	15.1618	20.3215	31.9332	15.6428	1.55221	9.23474	8.72983	4.13306	4.64755	11.7363	9.23474	11.7363	18.0132	9.23474	4.13306	6.18621	12.7248	18.48	9.23474	26.4179	17.0722	42.9338	32.6727	26.4179	26.8315	7.71597	34.819	23.8741	27.6496	34.1155	35.8522	30.0316	21.2263	13.2163	17.5439	28.0542	26.0013	18.9442	19.4059	41.804	45.8388	29.6422	25.1592	33.0379	36.5264	21.2263	9.23474	7.71597	7.71597	7.71597	13.2163	21.2263	36.8591	42.374	31.1817	3.10215	1.03495	0.517516	1.03495	1.55221	2.58589	2.06922	0	1.03495	1.03495	0.517516	1.03495	2.58589	3.10215	3.6179	9.73821	10.7405	6.18621	9.73821	12.2315	5.67421	0.517516	0.517516	0.517516	1.55221	2.58589	6.18621	7.71597	6.18621	8.72983	8.22355	5.67421	6.18621	8.22355	6.18621	2.58589	3.6179	9.23474	19.865	19.865	12.7248	10.2402	15.6428	14.6786	3.10215	3.10215	3.10215	22.5629	16.1216	14.6786	23.8741	32.3045	21.2263	20.7752	34.1155	30.8014	33.4001	30.418	24.3054	17.5439	10.2402	18.0132	19.865	16.1216	8.72983	4.13306	24.3054	33.0379	27.2421	14.1932	2.58589	1.03495	1.55221	5.1613	5.67421	2.06922	0	0.517516	0	3.10215	10.2402	12.7248	18.9442	12.7248	0.517516	3.10215	4.64755	18.0132	25.1592	17.0722	9.73821	10.7405	25.1592	14.1932	6.18621	0.517516	3.10215	2.58589	4.13306	12.2315	10.7405	4.13306	2.58589	1.55221	1.55221	3.10215	7.20717	18.9442	9.23474	8.72983	38.1616	48.2408	13.7058	5.1613	5.67421	4.64755	1.03495	2.58589	7.20717	28.4558	47.3059	34.819	3.6179	11.7363	26.0013	31.559	28.8543	14.6786	19.865	23.8741	3.6179	17.0722	37.189	26.8315	1.03495	3.6179	1.03495	5.1613	12.2315	13.2163	12.2315	21.6746	19.865	7.20717	6.18621	6.69722	11.2393	11.2393	5.67421	4.13306	5.1613	0.517516	8.22355	4.64755	0.517516	5.1613	8.72983	9.73821	4.13306	0	3.10215	11.2393	21.2263	33.0379	28.0542	7.20717	9.73821	14.1932	13.2163	15.6428	14.1932	9.23474	0.517516	7.71597
12.9496	9.10004	8.24073	16.6846	16.6846	6.11333	2.23216	1.29356	1.6863	4.21647	7.5204	9.17994	10.2538	11.5467	12.1081	12.3399	12.4968	13.2264	13.6792	15.5812	20.3222	25.3538	25.3538	23.6968	29.0314	41.4842	44.0864	40.9211	41.887	44.9895	33.2212	11.9862	9.79842	11.6989	9.36125	11.1961	7.08267	8.56591	10.4439	12.641	14.3404	15.8657	14.4344	17.1376	17.3752	15.8739	26.7235	18.0135	43.2117	32.3477	30.4165	30.5812	16.1701	34.3283	45.4697	51.9298	54.363	54.9737	51.2746	46.3112	40.96	33.8942	38.0419	44.0178	44.9944	46.1298	47.5698	41.8872	26.5834	24.9614	31.6644	35.8338	21.9254	10.3221	11.5999	12.7004	9.49138	24.8372	31.7789	39.1984	39.6383	27.4064	4.3406	2.3417	2.45326	4.64739	6.27063	7.03182	6.11086	4.39779	4.10465	3.69966	3.3994	3.51503	3.87534	4.20455	4.77747	9.88825	10.5853	6.12678	8.73277	11.8024	6.85422	1.4748	2.59868	3.11277	3.84089	4.73923	7.49403	9.15849	8.53747	10.7428	10.6936	9.13563	9.45544	10.9181	8.90943	5.99646	6.583	10.7428	21.0888	21.53	13.9553	11.3857	15.4043	14.1192	9.71301	12.5606	12.4855	24.4858	20.1541	18.892	26.5687	34.5407	24.6984	20.1364	32.2742	39.0645	46.4135	41.9063	30.217	22.3665	15.0741	21.4793	22.3583	18.0669	11.0458	7.82684	27.7544	36.1886	29.058	17.7769	12.8772	14.1949	15.5276	17.0689	19.0837	20.8135	21.897	21.5624	20.7799	19.3735	19.5204	20.3433	22.6172	17.0573	13.1223	14.882	10.3658	24.4431	29.5301	19.5763	11.5849	12.6597	30.909	28.2941	29.0784	33.0773	36.6767	37.0017	33.7017	31.4163	27.086	10.3592	19.5236	22.0978	23.7914	19.7126	15.1738	18.6076	9.42282	11.812	37.0062	48.3124	22.0904	12.4372	10.2424	10.4945	11.7088	14.0045	17.7501	32.069	48.6573	47.7614	47.6143	48.0404	46.5215	41.4521	31.6954	16.3593	20.3927	26.1906	14.1337	18.4298	36.0675	30.0192	16.4791	14.3673	11.3807	9.46409	13.2082	14.0809	13.6344	23.2767	22.256	12.7241	12.1547	11.172	12.0332	10.7114	5.99625	5.08983	8.6882	10.6114	15.195	10.1338	1.86522	5.93558	10.9401	14.8859	16.3403	15.1261	13.2652	16.2627	24.3751	35.0378	29.9483	13.292	14.0041	16.4812	15.5768	17.6449	18.9934	19.6255	13.5698	4.34074
17.5654	11.1292	8.89932	20.3856	19.4745	3.54755	0.548818	1.29344	1.17121	4.47589	7.4234	9.11546	9.96712	10.9873	12.1122	12.2928	12.6305	13.3518	13.7097	16.3168	21.1622	25.0427	25.6865	23.6591	28.9111	45.7591	48.1264	41.0136	42.3954	47.8542	42.6379	20.1591	9.12209	14.5932	9.2563	13.4776	4.29787	5.66474	6.36379	3.7662	13.0974	16.6936	16.7076	22.4971	13.4034	19.5802	23.6669	16.3573	43.2087	30.8693	37.511	35.6881	17.7489	27.8976	45.1515	51.5528	55.2393	54.8855	49.9733	45.3995	40.4803	33.0358	39.5422	49.914	46.0718	46.303	42.2034	27.8132	19.1412	24.5326	28.7667	34.1043	22.1391	8.24017	11.2884	19.678	23.9015	24.0863	30.2572	36.0766	30.9707	18.9354	5.4866	4.91031	4.08379	5.083	6.18544	7.25148	6.95599	4.45739	4.05539	3.62663	3.39909	3.5147	3.58966	4.20413	4.98079	9.40629	9.84972	5.63221	6.70081	10.8125	9.12904	2.61751	2.59844	3.11248	3.69932	4.50918	6.92045	8.56506	8.1945	10.3536	10.5056	9.13475	9.45453	11.5122	9.68683	5.9959	6.33791	9.60674	21.2989	23.2349	14.8747	12.57	14.2263	10.8818	9.79795	13.0865	12.3222	23.906	21.2867	18.3769	26.384	36.0132	28.6269	15.837	22.3924	34.7435	49.59	49.4408	33.6395	24.7888	18.7401	27.6402	26.5972	19.3641	10.4934	10.4872	34.0252	40.6971	28.8729	17.2397	13.6779	14.2457	15.6815	17.3053	20.138	21.443	21.8952	21.5683	20.8212	19.2918	18.8264	20.2051	20.8051	15.8326	13.5824	14.934	13.5088	35.436	33.9228	16.9176	9.40854	13.0859	40.5606	40.2355	29.0393	33.5222	37.2578	37.328	35.2094	32.3877	39.6038	32.7734	19.8662	22.2313	24.1406	23.8493	24.4898	17.4539	7.28065	12.8073	32.6657	46.4837	26.1486	18.8447	18.9423	14.5849	12.4389	14.0033	17.0979	27.5077	41.9213	44.8663	47.6054	47.8448	44.9985	37.5955	25.6051	13.217	16.7787	24.2462	19.357	17.5962	31.173	29.0232	16.6401	14.1937	12.0128	8.76025	11.9504	13.633	14.0794	24.7301	23.8877	13.3362	12.0337	10.3833	9.78944	8.23989	5.5376	5.5376	12.2112	13.8229	18.3839	18.1594	4.4122	4.91066	9.09235	13.3051	16.1355	15.788	13.7604	15.521	24.1899	36.0103	30.3071	14.0392	15.1151	16.4795	14.9905	15.1936	16.748	19.1662	22.3157	20.0892
17.5391	10.7375	8.2212	22.1144	20.7697	1.55176	0.517367	0	2.58515	4.64622	2.58515	2.06862	3.10125	0.517367	0.517367	2.06862	3.10125	3.10125	2.06862	7.20511	9.73545	8.72734	11.733	0	18.0083	44.0154	43.7467	16.1172	23.8679	42.3657	43.7467	22.9968	7.71377	15.1576	3.61685	11.733	8.72734	1.55176	0.517367	6.69531	3.61685	8.72734	13.702	24.2992	9.73545	18.9391	19.4007	13.2126	42.9256	29.6351	40.6246	37.508	13.2126	18.475	21.2207	23.4338	40.3253	35.1586	13.702	7.20511	4.13187	11.733	33.0303	47.5345	27.6428	21.2207	12.7213	5.15981	14.1893	24.2992	27.2353	33.0303	21.6689	2.58515	6.69531	22.557	30.7941	9.23212	14.1893	28.4488	22.9968	14.1893	5.67258	6.18444	4.64622	3.10125	0.517367	3.61685	5.15981	1.03465	0.517367	0	0.517367	1.03465	1.55176	3.10125	4.13187	8.72734	9.23212	5.15981	5.67258	10.2373	10.2373	3.10125	0.517367	0.517367	0.517367	1.55176	4.64622	6.18444	5.15981	7.71377	7.71377	5.67258	6.18444	9.73545	8.2212	2.58515	2.58515	6.18444	20.3161	23.4338	14.6745	12.7213	13.2126	7.20511	3.61685	6.18444	1.03465	21.2207	18.9391	13.2126	23.4338	35.5029	29.6351	10.7375	1.55176	0	44.8074	50.4286	32.6651	23.4338	18.9391	30.4108	28.4488	18.9391	7.20511	10.7375	36.8512	42.3657	26.8248	12.7213	7.20511	2.06862	3.61685	6.69531	11.2361	8.2212	0	1.03465	2.06862	1.55176	6.69531	12.228	13.702	8.72734	5.15981	3.61685	13.2126	40.0232	34.8113	9.23212	1.03465	11.733	44.5458	43.7467	5.67258	9.73545	12.7213	9.73545	18.475	18.0083	43.2017	41.2154	6.18444	4.13187	6.69531	20.3161	28.0473	16.5935	3.61685	11.2361	28.8473	44.2818	24.7275	20.7697	22.9968	15.1576	6.18444	2.58515	1.03465	12.7213	24.2992	11.2361	3.10125	5.67258	6.69531	3.10125	1.03465	4.64622	10.7375	18.9391	19.4007	15.1576	26.4113	24.2992	3.61685	1.55176	5.67258	0.517367	9.23212	12.228	13.2126	24.7275	23.4338	9.23212	5.67258	3.10125	5.15981	5.67258	4.64622	5.15981	13.2126	12.7213	17.0675	21.6689	5.67258	2.06862	0.517367	0	1.55176	6.69531	6.18444	8.72734	20.7697	35.1586	28.8473	9.73545	12.7213	14.1893	11.733	8.72734	5.15981	6.69531	25.1529	27.6428
17.5376	10.7366	8.22047	22.1126	20.768	1.55162	0.51732	0	2.58491	4.6458	2.58491	2.06844	3.10097	0.51732	0.51732	2.06844	3.10097	3.10097	2.06844	7.20447	9.73459	8.72657	11.7319	0	18.0068	44.0129	43.7441	16.1158	23.866	42.3632	43.7441	22.995	7.71308	15.1563	3.61653	11.7319	8.72657	1.55162	0.51732	6.69471	3.61653	8.72657	13.7008	24.2972	9.73459	18.9376	19.3991	13.2115	42.923	29.6329	40.6221	37.5055	13.2115	18.4734	21.2189	23.4319	40.3227	35.1561	13.7008	7.20447	4.1315	11.7319	33.0279	47.532	27.6407	21.2189	12.7202	5.15935	14.1881	24.2972	27.2332	33.0279	21.6671	2.58491	6.69471	22.5552	30.7918	9.2313	14.1881	28.4467	22.995	14.1881	5.67207	6.18388	4.6458	3.10097	0.51732	3.61653	5.15935	1.03456	0.51732	0	0.51732	1.03456	1.55162	3.10097	4.1315	8.72657	9.2313	5.15935	5.67207	10.2364	10.2364	3.10097	0.51732	0.51732	0.51732	1.55162	4.6458	6.18388	5.15935	7.71308	7.71308	5.67207	6.18388	9.73459	8.22047	2.58491	2.58491	6.18388	20.3144	23.4319	14.6733	12.7202	13.2115	7.20447	3.61653	6.18388	1.03456	21.2189	18.9376	13.2115	23.4319	35.5005	29.6329	10.7366	1.55162	0	44.8048	50.426	32.6628	23.4319	18.9376	30.4085	28.4467	18.9376	7.20447	10.7366	36.8487	42.3632	26.8227	12.7202	7.20447	2.06844	3.61653	6.69471	11.2351	8.22047	0	1.03456	2.06844	1.55162	6.69471	12.227	13.7008	8.72657	5.15935	3.61653	13.2115	40.0206	34.8088	9.2313	1.03456	11.7319	44.5432	43.7441	5.67207	9.73459	12.7202	9.73459	18.4734	18.0068	43.1992	41.2129	6.18388	4.1315	6.69471	20.3144	28.0452	16.5921	3.61653	11.2351	28.8451	44.2792	24.7255	20.768	22.995	15.1563	6.18388	2.58491	1.03456	12.7202	24.2972	11.2351	3.10097	5.67207	6.69471	3.10097	1.03456	4.6458	10.7366	18.9376	19.3991	15.1563	26.4092	24.2972	3.61653	1.55162	5.67207	0.51732	9.2313	12.227	13.2115	24.7255	23.4319	9.2313	5.67207	3.10097	5.15935	5.67207	4.6458	5.15935	13.2115	12.7202	17.0661	21.6671	5.67207	2.06844	0.51732	0	1.55162	6.69471	6.18388	8.72657	20.768	35.1561	28.8451	9.73459	12.7202	14.1881	11.7319	8.72657	5.15935	6.69471	25.1509	27.6407
29.2283	26.1079	23.8828	24.9877	19.1305	4.13938	2.43866	1.88237	7.09864	12.4012	14.2837	15.1488	14.8148	12.7811	12.6469	14.7849	16.7596	16.6355	14.819	22.633	35.8851	43.21	48.4938	49.5156	45.8503	43.6535	37.5509	12.9448	24.145	38.9533	43.5095	24.6486	7.27619	13.6634	6.85193	11.6363	8.69794	3.36854	2.58482	6.45423	7.22237	15.0466	20.3298	28.3902	13.1459	26.5298	29.9174	28.6693	43.8302	31.8366	42.2381	41.5764	19.0874	24.9276	30.1687	34.2127	42.0981	32.9971	11.5269	5.04537	3.81323	11.7739	29.0852	44.9622	39.783	43.1784	40.0294	30.4651	27.5629	33.2049	35.2789	37.4853	24.8912	6.53792	8.04585	23.3352	31.701	13.9812	13.7413	24.1671	28.5982	20.1152	5.6948	6.48466	5.0683	3.63917	2.04399	4.03356	5.84365	4.75843	4.39613	4.13135	4.02131	3.85242	3.93353	4.57721	4.95609	9.00535	9.57366	5.59247	5.95812	10.1411	9.9251	3.35357	1.50785	1.96909	2.58482	3.59792	5.85774	7.20849	6.73829	9.06989	9.21137	7.81768	8.53236	11.397	10.527	7.19732	6.5077	8.33384	21.0866	23.4465	14.922	13.013	12.411	9.75393	12.571	14.5436	13.362	21.5567	21.549	16.5985	27.7893	37.9551	34.8728	27.9488	28.4562	22.2816	46.066	49.6314	36.9076	30.874	25.0151	33.5221	30.105	20.435	9.0682	12.5017	38.0179	43.9779	28.819	16.4043	14.5055	15.0752	17.7611	19.723	21.9304	21.8661	21.7935	22.8919	22.8925	21.7689	21.0301	21.2786	19.5361	14.999	12.3416	8.11856	16.6553	39.4127	32.8367	10.6673	9.37846	13.8805	45.5588	46.471	22.8541	26.7784	23.5401	19.8806	22.7852	22.4772	44.2228	44.5384	22.1883	30.2924	37.7142	44.0792	49.6282	48.2585	40.8415	29.4417	34.8377	47.5375	46.197	46.1748	42.5719	30.8902	19.5311	11.5518	6.39534	14.5404	28.4161	28.6978	22.6513	11.6408	1.68566	7.71703	11.515	12.0866	13.2905	17.1375	15.9228	14.6315	26.9792	28.0033	18.5808	15.3094	13.4175	9.48619	13.8091	15.9061	16.6431	26.6628	25.1215	13.8371	12.5334	11.1224	8.77067	5.84369	4.96272	6.05689	14.5177	15.2202	17.6909	23.948	11.897	5.49722	0.775926	1.11237	3.83503	8.41148	7.86754	8.60987	18.3559	33.6329	29.207	13.2129	14.669	15.6785	14.2228	10.7506	6.75773	7.94792	25.9117	27.9652
32.6249	25.6279	23.4515	20.4852	12.6552	4.73693	3.51321	2.38302	11.3035	15.9527	14.9975	15.119	15.3504	13.0123	12.8176	15.5066	17.1365	16.5077	14.8545	29.206	43.6176	43.9986	48.249	49.513	45.6968	33.6632	20.5803	10.2426	19.5814	30.8435	42.958	27.7637	6.26728	9.89005	6.5272	9.45418	7.53384	3.67071	2.78331	4.75778	9.13125	16.7148	22.378	28.8963	12.6356	39.0235	39.0991	30.2413	39.6893	29.1058	42.6376	47.5083	29.3149	30.7581	34.5382	37.0032	38.1683	24.2724	6.23066	0.753955	2.55853	11.7727	19.2236	34.1293	36.7491	42.7565	43.5402	34.423	27.1058	33.3278	39.4363	41.9712	28.4262	7.63733	6.52723	22.3079	31.6983	20.6915	12.5304	13.1739	33.079	29.4695	5.69419	6.9907	5.56519	3.86907	2.13953	3.30832	4.79944	4.75792	4.39566	4.1309	4.00431	3.79987	3.93311	4.4144	4.5658	8.76383	9.57264	5.36268	5.72025	9.64635	9.17509	3.602	1.82812	2.22366	2.78331	3.44638	5.66235	6.79574	6.37675	8.85953	9.00451	7.4752	8.35448	10.987	10.3358	7.54274	6.88937	9.62975	22.1904	23.2275	14.9204	13.0116	9.45926	8.47631	13.415	14.879	13.3467	17.8871	22.966	13.9228	26.3698	35.956	33.3771	27.1782	28.7621	28.3494	46.7786	45.8238	36.7639	35.0658	31.7181	39.0461	32.9027	21.5083	8.06724	14.1038	40.1922	46.8978	31.2717	17.5766	16.1996	16.0086	18.4275	19.9699	22.1562	22.5334	21.9142	22.8826	23.0025	21.9472	20.7072	20.3344	17.798	14.0474	12.0095	9.62832	23.0328	38.1528	28.4523	8.75857	9.35679	12.5956	46.7806	49.7236	26.3132	27.2556	22.2209	22.6931	24.0688	27.4554	46.0173	50.0924	32.3771	33.5707	40.0264	42.9909	48.6503	49.5764	44.5376	30.4609	31.3744	41.1359	45.1838	48.0353	48.4603	36.2671	23.4652	20.9596	15.2545	12.7208	23.6775	28.6952	25.3991	17.7688	8.34646	9.38589	11.9291	11.7033	11.6814	12.1887	8.5673	10.3668	23.0018	26.0862	19.3091	16.6346	15.358	9.48518	14.6927	15.9045	16.6414	27.0421	24.7308	13.8356	13.0408	10.9191	8.28237	4.39566	4.51462	6.76418	16.151	17.6591	14.7508	23.9457	16.1465	9.25926	1.29288	2.13945	5.70873	9.28889	7.8667	6.85342	13.332	29.9353	28.2463	14.3943	14.8786	15.2536	15.7317	12.0823	6.75701	7.73917	26.9359	28.3626
28.4397	7.20241	4.13031	5.67044	3.61549	3.61549	3.61549	2.06784	12.7166	15.1521	7.20241	1.55117	6.69279	3.61549	3.10008	7.20241	6.18211	0.517171	2.58417	28.4397	41.785	19.3939	0.517171	0.517171	16.1114	0	7.20241	11.7286	12.2235	25.9862	42.6361	29.2335	5.67044	7.20241	2.06784	6.69279	6.18211	2.58417	1.55117	2.58417	8.72409	13.697	19.3939	25.5668	8.21813	44.0046	41.4961	20.309	32.2872	22.5493	41.4961	49.7795	33.7416	31.916	33.0204	32.2872	29.6258	13.697	0.517171	1.55117	1.03426	11.7286	12.2235	18.9325	3.10008	17.5329	33.7416	26.8161	11.7286	24.7192	38.143	42.9147	29.2335	6.18211	0	20.309	30.7845	23.4259	11.7286	1.03426	33.3825	33.3825	5.67044	7.20241	5.67044	3.61549	1.03426	1.55117	2.06784	1.03426	0.517171	0	0	0.517171	1.55117	2.58417	3.10008	8.21813	9.22868	4.64446	5.15787	9.22868	8.72409	3.61549	1.55117	1.55117	1.55117	0.517171	4.13031	5.15787	4.13031	7.20241	7.20241	4.64446	5.67044	8.72409	7.71088	4.13031	4.13031	9.22868	22.5493	22.989	14.6692	12.7166	6.69279	2.06784	7.71088	7.71088	0.517171	12.2235	22.1068	1.03426	19.3939	30.4013	25.1445	1.03426	7.20241	26.4026	46.3176	42.0712	32.2872	34.0977	33.7416	41.4961	34.0977	21.2134	4.13031	14.1841	41.2047	48.2218	31.916	15.6329	12.7166	8.21813	8.21813	8.21813	12.2235	11.7286	3.61549	0.517171	4.13031	4.64446	3.61549	7.71088	6.69279	4.13031	3.10008	8.21813	25.9862	37.4975	25.9862	3.10008	0.517171	8.21813	47.0478	50.6269	20.7625	12.7166	4.13031	18.9325	21.6615	28.8381	46.8065	52.4277	34.8011	24.291	25.5668	0	17.5329	30.0151	33.7416	17.0614	15.6329	16.5876	14.1841	33.7416	45.5673	33.3825	20.309	24.7192	19.3939	7.71088	3.10008	11.2319	18.0019	19.8528	13.2078	8.21813	4.64446	1.55117	5.67044	8.21813	4.64446	3.61549	16.5876	18.9325	8.72409	9.73183	12.2235	0.517171	11.7286	12.2235	13.2078	25.5668	22.5493	9.22868	7.71088	0.517171	3.10008	1.55117	3.61549	6.69279	16.5876	18.0019	9.73183	21.6615	16.5876	10.7335	1.55117	2.58417	6.18211	8.72409	6.18211	4.64446	10.7335	27.6339	26.8161	12.7166	13.2078	13.2078	15.1521	11.7286	5.15787	6.18211	27.2265	28.4397
27.9667	9.65994	6.75348	6.38331	3.83825	3.9868	4.08157	9.59142	21.4538	24.3166	19.5728	16.3766	15.8888	14.8725	15.7727	18.3707	19.3548	18.2365	15.9305	23.1172	39.3349	23.9087	5.24959	7.47403	17.203	14.8149	5.4624	26.0359	27.4892	30.0169	39.9074	27.4882	5.22137	14.0483	22.506	32.9195	40.8177	44.4191	46.6934	48.9023	47.7643	43.0612	38.7976	35.5069	26.4905	47.324	45.4778	27.0952	34.1983	27.0235	39.6277	54.6729	54.58	54.3221	53.7491	51.7387	47.993	39.0404	24.157	15.3942	13.0853	13.1147	13.553	23.3577	25.7128	31.8462	42.7082	36.7949	17.5063	25.4598	36.6044	40.8622	30.4823	15.2324	8.13224	19.5166	29.776	31.8298	35.1827	33.9352	42.5072	39.2755	9.85252	7.59288	5.93142	3.94909	1.64512	2.13914	3.52685	4.10191	4.27625	4.38732	4.26071	4.02015	4.00356	4.26063	4.38342	8.76783	9.55917	5.26219	5.59087	8.46095	9.00814	4.74291	2.66033	2.58403	2.76476	2.71616	5.10921	6.38331	6.23477	8.77533	9.12951	7.2833	7.63595	10.1478	9.68144	7.13119	6.55604	10.783	22.6818	22.386	14.777	12.6489	7.46288	8.49768	13.5014	14.5605	12.726	13.982	21.517	8.04162	20.3969	32.4145	33.4835	27.1114	22.0672	32.4927	42.2965	36.7267	41.0714	44.0178	40.1063	42.3125	33.4962	23.4798	13.8334	8.94698	37.5689	49.2149	35.9544	17.3796	14.1353	12.7417	13.6838	14.1921	16.7546	15.775	7.80485	7.46291	13.2285	17.8132	18.3296	17.6	15.1053	12.3484	9.89199	11.8524	26.1268	34.4348	32.6531	42.3785	47.6325	50.0272	54.7875	50.2401	20.671	6.59586	7.2833	17.6394	25.3878	34.3492	45.3242	50.8045	37.3983	26.6756	24.9505	6.83087	17.7714	30.0026	37.0206	30.4977	26.4673	21.0712	13.863	31.522	46.186	36.6256	18.9552	23.0064	21.0811	10.5587	5.96744	17.9916	24.3345	24.1515	16.2524	9.85765	5.15758	2.48538	4.27603	6.67512	8.68276	11.3621	20.0257	23.3887	17.7363	16.5443	16.2337	8.48629	15.3444	17.1028	18.865	27.643	23.9928	11.9268	8.88723	5.21506	6.92856	10.396	15.9494	18.6404	20.4912	17.898	12.0583	24.4117	27.9687	26.6807	24.0462	22.2417	19.9497	18.6961	16.7603	14.8365	14.2806	25.8936	25.5156	12.593	12.9637	13.0989	15.7518	12.3973	5.95641	7.87143	26.5592	26.9189
23.6075	8.43746	6.19458	5.18587	2.88829	3.7635	3.36732	14.2553	26.4593	25.4407	19.016	17.1424	16.098	14.735	16.0139	19.1242	19.8759	18.3114	18.0254	10.7791	33.3748	30.665	13.2535	7.88135	13.141	15.014	27.6721	36.3006	27.247	25.9349	31.8442	23.5196	7.66715	16.3932	24.131	37.5184	43.4365	44.597	46.9126	48.9243	47.7784	42.74	37.4408	32.4315	28.7043	50.3118	51.4171	37.7723	34.6918	28.7759	29.076	49.2858	54.3764	54.6477	54.689	53.6642	49.7318	44.6008	30.1758	15.5495	13.2965	10.31	10.7589	19.7659	25.6891	30.19	45.6201	45.941	26.0792	26.9146	33.3058	35.5334	28.5404	18.551	10.1707	15.1626	21.8212	28.3636	34.5949	34.9687	48.2941	46.3403	15.8847	8.35187	6.44142	4.45412	1.8367	1.97681	3.23115	4.05269	4.26032	4.38692	4.27587	4.00323	3.91936	4.11763	4.2132	8.76691	9.31916	5.04348	5.36116	6.71353	9.50913	6.19157	2.4514	2.58378	2.92833	2.78855	4.57544	5.83296	5.93108	8.38123	9.1286	7.63307	7.4534	9.73347	9.68048	7.63522	7.5318	13.1982	22.899	21.0493	14.5375	11.6968	5.96709	10.1565	15.0135	15.2748	12.7249	11.1964	18.9047	11.2414	15.8274	27.3572	30.8591	28.28	34.4811	42.5026	32.402	21.3388	39.6638	49.8304	47.1724	43.1356	30.4574	21.6593	15.9307	6.39552	27.8971	49.4249	40.8465	17.8058	12.2473	12.0572	13.2822	14.1908	17.8587	18.8873	14.7755	14.8086	14.3909	17.5459	18.1845	16.9521	14.4421	12.0169	9.76031	14.1218	25.3064	24.6188	30.5223	44.0658	47.9523	50.2587	51.3029	40.7287	17.3839	7.08416	8.38123	14.1783	31.0808	40.0488	40.2422	47.0232	41.8187	28.5959	21.4772	6.91612	13.9806	23.7746	33.1947	33.3179	35.529	28.1739	13.1308	26.2433	46.9106	42.3039	16.1381	19.2101	23.9201	15.9168	11.1915	27.3937	27.4768	22.8499	13.5919	8.01053	4.12979	2.23058	1.47359	3.746	8.25264	11.1068	18.2064	22.5585	18.9609	18.7496	18.0062	8.48553	16.5217	18.7741	20.0746	26.733	22.2657	10.358	7.19457	5.31502	6.73594	11.8089	17.9636	18.9064	17.7256	13.469	10.3766	19.6343	27.1513	26.9269	24.1637	22.2668	19.5362	18.0976	16.4717	14.5015	12.3371	21.0738	22.7223	12.3452	12.4704	12.8523	16.9405	13.6184	6.67434	9.49057	24.8907	23.75
18.4635	2.58342	1.55073	2.06724	0.517021	3.09919	1.55073	15.148	25.9797	18.9274	1.55073	7.70868	7.70868	2.06724	5.15639	10.7305	9.22606	2.58342	12.7131	2.06724	29.6187	33.3749	17.0568	3.61444	1.55073	3.61444	36.5002	38.7691	10.7305	11.7253	25.1381	21.2078	9.72907	14.1802	13.6932	30.7773	29.2264	9.22606	10.7305	4.64313	9.22606	8.21579	3.61444	7.70868	19.3887	50.6188	53.7258	42.063	33.3749	26.8094	9.72907	18.9274	31.9086	34.7933	39.6996	43.1826	38.7691	39.6996	27.6271	3.61444	3.61444	1.55073	3.09919	3.09919	2.58342	4.12912	42.3467	48.4421	29.6187	27.6271	31.5345	31.9086	24.7129	16.5831	8.72161	10.2306	8.21579	0.517021	1.55073	15.148	48.4421	48.6686	18.4635	8.72161	6.69088	4.64313	1.55073	1.03396	0.517021	0.517021	0	0	0.517021	0	1.03396	2.06724	2.58342	8.21579	8.72161	4.12912	4.64313	5.66882	9.72907	6.69088	0.517021	1.55073	2.06724	1.03396	2.58342	3.61444	3.09919	6.18034	7.20035	5.66882	5.15639	7.70868	7.70868	5.66882	6.69088	14.1802	22.9831	20.3036	14.1802	10.7305	2.06724	8.21579	12.2201	10.2306	0.517021	2.06724	16.5831	11.2288	5.15639	15.148	13.6932	13.2041	38.4534	46.5549	26.396	4.64313	26.8094	49.7713	49.3361	43.1826	27.6271	16.5831	12.2201	11.2288	20.757	48.6686	42.3467	16.5831	7.70868	5.66882	6.69088	8.21579	15.148	18.9274	17.9971	17.9971	9.22606	0.517021	1.03396	3.09919	1.55073	0	2.06724	13.6932	24.2848	14.6651	18.4635	24.7129	13.2041	14.6651	26.8094	15.6286	13.2041	13.2041	7.20035	11.7253	33.3749	41.4879	35.8262	44.7883	43.7275	28.4328	17.9971	1.55073	7.70868	13.2041	22.101	27.2198	37.8137	31.1574	12.7131	22.9831	47.0395	44.7883	14.6651	17.0568	25.1381	18.4635	13.6932	31.1574	25.9797	16.107	2.58342	0.517021	1.55073	0	0	2.58342	2.58342	1.03396	11.2288	16.5831	13.2041	16.107	16.5831	0.517021	14.6651	16.5831	16.5831	23.4199	18.4635	3.61444	2.06724	1.55073	2.06724	8.21579	12.7131	8.21579	6.69088	6.18034	4.12912	1.03396	12.7131	12.2201	4.12912	3.09919	0.517021	5.15639	4.12912	0.517021	2.58342	17.5281	21.2078	12.2201	12.2201	12.7131	17.5281	14.1802	6.69088	9.72907	23.8538	22.101
18.4619	2.58319	1.55059	2.06706	0.516975	3.09891	1.55059	15.1467	25.9777	18.9258	1.55059	7.70799	7.70799	2.06706	5.15592	10.7296	9.22524	2.58319	12.7119	2.06706	29.6164	33.3725	17.0553	3.61412	1.55059	3.61412	36.4977	38.7666	10.7296	11.7243	25.1362	21.206	9.72821	14.179	13.692	30.775	29.2242	9.22524	10.7296	4.64271	9.22524	8.21506	3.61412	7.70799	19.3871	50.6163	53.7233	42.0604	33.3725	26.8073	9.72821	18.9258	31.9063	34.7909	39.6971	43.1801	38.7666	39.6971	27.625	3.61412	3.61412	1.55059	3.09891	3.09891	2.58319	4.12875	42.3441	48.4395	29.6164	27.625	31.5322	31.9063	24.711	16.5816	8.72083	10.2297	8.21506	0.516975	1.55059	15.1467	48.4395	48.6661	18.4619	8.72083	6.69028	4.64271	1.55059	1.03386	0.516975	0.516975	0	0	0.516975	0	1.03386	2.06706	2.58319	8.21506	8.72083	4.12875	4.64271	5.66831	9.72821	6.69028	0.516975	1.55059	2.06706	1.03386	2.58319	3.61412	3.09891	6.17979	7.19971	5.66831	5.15592	7.70799	7.70799	5.66831	6.69028	14.179	22.9812	20.3019	14.179	10.7296	2.06706	8.21506	12.219	10.2297	0.516975	2.06706	16.5816	11.2278	5.15592	15.1467	13.692	13.2029	38.4509	46.5523	26.394	4.64271	26.8073	49.7688	49.3336	43.1801	27.625	16.5816	12.219	11.2278	20.7553	48.6661	42.3441	16.5816	7.70799	5.66831	6.69028	8.21506	15.1467	18.9258	17.9955	17.9955	9.22524	0.516975	1.03386	3.09891	1.55059	0	2.06706	13.692	24.2829	14.6639	18.4619	24.711	13.2029	14.6639	26.8073	15.6272	13.2029	13.2029	7.19971	11.7243	33.3725	41.4853	35.8237	44.7857	43.725	28.4306	17.9955	1.55059	7.70799	13.2029	22.0992	27.2177	37.8111	31.1551	12.7119	22.9812	47.0369	44.7857	14.6639	17.0553	25.1362	18.4619	13.692	31.1551	25.9777	16.1056	2.58319	0.516975	1.55059	0	0	2.58319	2.58319	1.03386	11.2278	16.5816	13.2029	16.1056	16.5816	0.516975	14.6639	16.5816	16.5816	23.418	18.4619	3.61412	2.06706	1.55059	2.06706	8.21506	12.7119	8.21506	6.69028	6.17979	4.12875	1.03386	12.7119	12.219	4.12875	3.09891	0.516975	5.15592	4.12875	0.516975	2.58319	17.5267	21.206	12.219	12.219	12.7119	17.5267	14.179	6.69028	9.72821	23.8519	22.0992
18.4604	2.58296	1.55045	2.06687	0.516928	3.09863	1.55045	15.1454	25.9756	18.9242	1.55045	7.7073	7.7073	2.06687	5.15546	10.7286	9.22442	2.58296	12.7108	2.06687	29.6142	33.3701	17.0539	3.61379	1.55045	3.61379	36.4952	38.7641	10.7286	11.7233	25.1342	21.2043	9.72735	14.1777	13.6908	30.7727	29.222	9.22442	10.7286	4.64229	9.22442	8.21433	3.61379	7.7073	19.3855	50.6138	53.7208	42.0578	33.3701	26.8052	9.72735	18.9242	31.904	34.7885	39.6945	43.1775	38.7641	39.6945	27.6229	3.61379	3.61379	1.55045	3.09863	3.09863	2.58296	4.12838	42.3415	48.437	29.6142	27.6229	31.5299	31.904	24.709	16.5802	8.72006	10.2288	8.21433	0.516928	1.55045	15.1454	48.437	48.6635	18.4604	8.72006	6.68968	4.64229	1.55045	1.03377	0.516928	0.516928	0	0	0.516928	0	1.03377	2.06687	2.58296	8.21433	8.72006	4.12838	4.64229	5.6678	9.72735	6.68968	0.516928	1.55045	2.06687	1.03377	2.58296	3.61379	3.09863	6.17923	7.19906	5.6678	5.15546	7.7073	7.7073	5.6678	6.68968	14.1777	22.9794	20.3002	14.1777	10.7286	2.06687	8.21433	12.218	10.2288	0.516928	2.06687	16.5802	11.2268	5.15546	15.1454	13.6908	13.2018	38.4484	46.5497	26.3919	4.64229	26.8052	49.7662	49.331	43.1775	27.6229	16.5802	12.218	11.2268	20.7536	48.6635	42.3415	16.5802	7.7073	5.6678	6.68968	8.21433	15.1454	18.9242	17.994	17.994	9.22442	0.516928	1.03377	3.09863	1.55045	0	2.06687	13.6908	24.2809	14.6626	18.4604	24.709	13.2018	14.6626	26.8052	15.6259	13.2018	13.2018	7.19906	11.7233	33.3701	41.4828	35.8213	44.7831	43.7224	28.4285	17.994	1.55045	7.7073	13.2018	22.0974	27.2156	37.8086	31.1528	12.7108	22.9794	47.0343	44.7831	14.6626	17.0539	25.1342	18.4604	13.6908	31.1528	25.9756	16.1042	2.58296	0.516928	1.55045	0	0	2.58296	2.58296	1.03377	11.2268	16.5802	13.2018	16.1042	16.5802	0.516928	14.6626	16.5802	16.5802	23.4161	18.4604	3.61379	2.06687	1.55045	2.06687	8.21433	12.7108	8.21433	6.68968	6.17923	4.12838	1.03377	12.7108	12.218	4.12838	3.09863	0.516928	5.15546	4.12838	0.516928	2.58296	17.5252	21.2043	12.218	12.218	12.7108	17.5252	14.1777	6.68968	9.72735	23.85	22.0974
18.8254	2.53715	1.73318	2.48407	0.817218	2.85808	7.27303	26.6243	36.1891	29.824	20.6364	17.6018	13.959	11.3274	15.0194	20.5273	20.9714	20.8819	25.4604	20.8184	24.3586	30.2342	19.3372	6.23168	1.17005	3.2909	40.1278	44.2109	26.857	29.3458	40.5688	45.4694	47.7933	50.2013	50.4949	50.773	46.3978	38.1715	32.226	26.5972	27.6883	30.5852	28.9409	24.4639	27.6157	52.4881	54.2759	42.3864	38.7551	30.4091	9.97581	17.8954	30.6444	37.3998	42.7504	43.7495	38.8148	44.9596	40.1577	21.033	13.7934	11.2713	6.87539	2.92719	10.1102	16.3415	43.0554	47.7155	28.1255	24.4941	29.0875	32.8396	28.3781	20.0193	11.9999	13.871	12.8588	12.3426	16.555	23.9895	46.151	45.5519	20.649	9.77902	6.8176	4.64892	1.88083	1.83599	2.1381	2.97239	4.16016	4.64204	4.55926	4.25864	4.09992	4.21162	4.43769	8.62208	8.9173	5.04155	5.43558	5.98938	9.10017	6.73294	1.83601	2.58277	3.10374	2.71481	3.69084	4.93559	5.18385	7.50506	8.64655	7.63867	7.27303	9.18501	8.89012	7.02591	7.92742	14.6298	22.9731	20.4362	14.1034	10.7661	5.62661	11.1264	15.6911	14.1473	9.85965	6.76729	12.7193	12.5461	1.4617	14.3532	19.1771	21.3154	40.264	48.0159	30.8703	21.5269	32.7188	51.0546	52.1485	47.0866	36.8577	35.4207	36.8743	35.9731	27.1768	45.1796	40.402	17.0001	11.0162	15.2892	19.4382	21.5115	24.6975	27.3606	28.3532	27.7254	18.0182	9.47877	12.7494	11.7509	9.75651	8.60177	8.11831	15.197	24.2062	18.8772	27.614	34.7298	30.8061	31.4466	25.7661	4.90858	13.9886	10.9812	5.7193	11.4727	34.2239	42.3388	35.7558	44.1218	41.7562	27.1414	25.3149	29.9838	37.6828	34.9237	28.3408	26.3052	38.777	35.0677	24.3361	32.9256	47.6618	42.8096	13.8833	16.6467	25.6962	17.6903	18.4931	32.9763	24.2685	14.7701	2.2886	1.73318	3.8364	4.85461	6.48001	8.45726	10.4416	9.85314	14.5408	16.414	15.5131	20.1621	20.6058	9.00429	17.0324	16.8889	15.9272	23.2389	18.6148	4.61685	3.69084	2.28871	0.913705	8.08798	14.385	10.3057	6.76958	11.7938	15.5494	10.9932	5.8079	14.9605	22.883	26.9344	28.2303	27.0725	24.2696	21.9881	20.349	22.5598	22.7693	15.364	14.2511	13.6952	18.4586	15.6823	10.3043	13.6817	22.3375	16.902
19.5148	2.2884	1.73302	3.24993	1.31746	2.13783	13.4935	36.5999	39.4451	27.8421	22.4718	20.794	14.7071	11.2365	16.8165	22.5292	21.3882	20.9838	24.7735	22.4899	11.7979	23.0781	21.7073	8.3772	2.94952	2.53692	46.138	50.3493	28.232	30.303	45.081	49.6059	48.7747	50.4588	50.4718	49.4355	44.4733	38.0032	32.1175	26.5112	27.1282	30.2999	29.0914	24.2891	29.0854	54.5368	54.6182	40.9979	46.8296	36.4704	7.29942	13.7839	24.0352	36.8092	45.1608	42.3012	31.0983	42.804	45.5729	26.4524	14.822	11.2252	11.1012	12.0354	11.8406	18.4151	41.7156	45.0684	23.8772	17.7582	22.4741	31.2862	31.0747	23.1129	16.8874	20.4084	16.1032	13.7181	17.6438	24.9816	39.3139	38.1262	24.1257	11.764	7.07159	4.6485	2.38115	2.48387	2.56311	3.29074	4.40737	4.64163	4.60222	4.27379	4.05072	4.09953	4.43729	8.15722	8.43889	5.25917	5.43509	5.53132	7.60788	6.73234	2.83446	2.58254	3.29067	2.83454	3.29074	4.47076	5.04122	7.11096	8.44092	7.63799	7.45862	9.62259	9.11186	7.23627	8.85467	15.1043	22.7529	20.4345	13.3874	9.3924	5.4353	12.3513	17.5297	14.3231	9.85227	9.77839	4.66981	13.9518	7.26995	9.74574	17.3103	21.1809	39.4216	48.1232	30.096	22.1344	31.3513	49.015	52.4102	46.9797	34.8203	34.4494	36.5189	38.2466	24.7898	35.8716	36.1077	15.6809	9.85878	15.2043	18.9437	21.4302	24.3338	26.0362	28.852	33.3875	31.1789	17.798	12.7483	11.6038	9.75565	8.66853	8.49284	14.569	20.8232	16.0758	29.9566	37.982	31.5773	31.2882	20.1757	17.2036	10.6255	5.8527	2.696	10.2721	35.7789	43.9858	35.5829	42.757	37.1649	20.0059	22.8075	33.7587	38.8601	34.8639	24.6441	19.4948	39.3833	38.971	28.092	35.299	44.4911	36.1133	9.97493	15.2425	26.5226	15.8148	26.751	34.7004	19.0187	11.6522	1.56088	3.69489	5.43509	5.48056	6.83412	9.01234	11.5941	10.1409	17.3336	13.4442	13.1348	20.5252	22.9569	9.06071	17.2347	14.569	13.4059	22.5842	18.6132	4.82667	3.84902	2.48395	4.60199	5.75059	15.2724	12.6221	5.32178	12.8955	15.8555	14.9986	8.348	15.7792	23.4	26.956	28.2281	26.905	24.1836	22.0729	20.3031	20.1384	19.7154	14.4849	12.9435	12.2479	18.4571	16.1199	11.2206	15.0268	17.6124	5.7015
19.8389	2.06627	1.55	3.61275	1.55	1.55	16.0998	39.379	35.8134	7.7051	13.687	17.9892	10.2259	0	12.2146	17.5204	11.2236	4.12719	8.71758	13.1981	1.03347	18.9191	22.0916	8.71758	4.12719	2.06627	48.6553	52.2136	17.5204	17.0493	41.1831	42.6145	24.2747	18.9191	13.1981	16.0998	10.7256	6.17746	9.72459	3.09773	1.55	4.12719	6.17746	6.17746	23.8438	54.9428	54.4247	39.0689	49.9728	39.0689	1.03347	9.72459	16.0998	33.3625	45.0341	39.9911	15.6216	32.6355	43.9829	24.2747	8.71758	0.516779	12.7073	16.5757	9.2218	13.1981	39.379	42.8931	20.7481	14.1738	17.5204	28.4215	30.7654	23.4101	18.9191	23.4101	16.0998	8.71758	9.2218	18.4554	33.7215	33.7215	25.5499	12.7073	7.19701	4.64096	2.58221	2.58221	2.06627	2.06627	2.06627	0	1.03347	0.516779	0.516779	1.55	2.58221	7.19701	7.7051	4.64096	4.64096	4.64096	6.68777	6.68777	3.09773	1.55	2.58221	1.55	1.03347	2.06627	2.58221	5.15398	6.68777	5.66618	5.66618	8.71758	8.21199	6.17746	8.71758	15.1412	22.5339	20.2949	12.7073	7.7051	0	11.2236	16.5757	10.7256	0	10.2259	0.516779	14.1738	11.2236	2.06627	6.17746	12.7073	36.4873	46.7849	24.2747	9.2218	22.5339	44.7748	49.9728	42.8931	18.9191	7.7051	7.7051	25.5499	11.72	29.2149	33.7215	13.687	3.09773	5.15398	1.03347	7.7051	13.687	13.687	19.8389	33.0005	36.4873	21.1987	1.03347	1.55	1.55	1.55	4.12719	12.2146	16.5757	1.55	25.5499	34.4306	17.5204	13.687	13.687	26.7986	2.06627	1.55	1.03347	9.2218	36.4873	44.7748	35.4721	42.0496	34.4306	10.2259	6.17746	25.5499	19.3803	12.7073	3.61275	9.2218	39.0689	39.6864	24.7027	30.3824	39.379	29.9963	5.15398	14.1738	26.7986	14.6586	30.3824	34.7807	14.6586	9.72459	1.03347	4.64096	5.66618	3.61275	3.09773	5.15398	7.7051	3.61275	17.5204	9.72459	5.66618	17.0493	22.0916	1.55	15.1412	11.2236	11.2236	22.0916	18.4554	4.12719	2.58221	2.06627	6.68777	1.55	14.6586	13.1981	3.09773	9.72459	6.17746	14.6586	15.1412	14.1738	8.71758	3.61275	0.516779	1.55	2.58221	3.09773	1.55	8.71758	13.1981	9.72459	8.71758	9.2218	17.5204	15.1412	9.2218	13.1981	13.687	0.516779
19.8369	2.06605	1.54983	3.61236	1.54983	1.54983	16.0982	39.376	35.8105	7.70428	13.6855	17.9873	10.2248	0	12.2133	17.5186	11.2225	4.12674	8.71665	13.1967	1.03336	18.9172	22.0895	8.71665	4.12674	2.06605	48.6522	52.2106	17.5186	17.0475	41.1801	42.6114	24.2724	18.9172	13.1967	16.0982	10.7244	6.1768	9.72356	3.0974	1.54983	4.12674	6.1768	6.1768	23.8416	54.9399	54.4218	39.0658	49.9697	39.0658	1.03336	9.72356	16.0982	33.3597	45.031	39.9881	15.62	32.6327	43.9798	24.2724	8.71665	0.516723	12.706	16.574	9.22082	13.1967	39.376	42.89	20.7461	14.1723	17.5186	28.419	30.7627	23.4078	18.9172	23.4078	16.0982	8.71665	9.22082	18.4535	33.7187	33.7187	25.5475	12.706	7.19624	4.64046	2.58194	2.58194	2.06605	2.06605	2.06605	0	1.03336	0.516723	0.516723	1.54983	2.58194	7.19624	7.70428	4.64046	4.64046	4.64046	6.68705	6.68705	3.0974	1.54983	2.58194	1.54983	1.03336	2.06605	2.58194	5.15343	6.68705	5.66557	5.66557	8.71665	8.21111	6.1768	8.71665	15.1396	22.5317	20.2928	12.706	7.70428	0	11.2225	16.574	10.7244	0	10.2248	0.516723	14.1723	11.2225	2.06605	6.1768	12.706	36.4843	46.7818	24.2724	9.22082	22.5317	44.7717	49.9697	42.89	18.9172	7.70428	7.70428	25.5475	11.7188	29.2123	33.7187	13.6855	3.0974	5.15343	1.03336	7.70428	13.6855	13.6855	19.8369	32.9977	36.4843	21.1966	1.03336	1.54983	1.54983	1.54983	4.12674	12.2133	16.574	1.54983	25.5475	34.4277	17.5186	13.6855	13.6855	26.7961	2.06605	1.54983	1.03336	9.22082	36.4843	44.7717	35.4692	42.0465	34.4277	10.2248	6.1768	25.5475	19.3784	12.706	3.61236	9.22082	39.0658	39.6834	24.7004	30.3797	39.376	29.9936	5.15343	14.1723	26.7961	14.657	30.3797	34.7778	14.657	9.72356	1.03336	4.64046	5.66557	3.61236	3.0974	5.15343	7.70428	3.61236	17.5186	9.72356	5.66557	17.0475	22.0895	1.54983	15.1396	11.2225	11.2225	22.0895	18.4535	4.12674	2.58194	2.06605	6.68705	1.54983	14.657	13.1967	3.0974	9.72356	6.1768	14.657	15.1396	14.1723	8.71665	3.61236	0.516723	1.54983	2.58194	3.0974	1.54983	8.71665	13.1967	9.72356	8.71665	9.22082	17.5186	15.1396	9.22082	13.1967	13.6855	0.516723
21.9852	6.67201	4.84252	5.33246	2.92609	1.83532	19.1398	43.2299	38.4289	14.8642	18.145	19.9442	9.68633	4.32265	15.551	21.8808	17.2277	13.7143	16.4668	22.7196	23.9622	23.89	19.6233	6.83188	6.18718	21.7175	52.2024	54.2717	34.0544	38.2812	48.6047	45.2992	27.7917	19.7389	15.0833	16.0531	9.23403	6.94587	9.34668	2.69535	8.66596	12.7937	17.2272	19.5724	29.551	54.6545	59.2656	56.8913	60.7423	57.178	52.4508	54.5405	57.8621	62.657	64.3043	59.5871	47.498	32.4797	40.4284	22.7068	8.96829	7.84017	15.3544	18.5601	12.387	15.9507	38.7524	41.0369	19.6231	16.6741	19.7961	29.8382	32.5777	25.9685	21.5186	27.7929	27.2016	31.3022	39.5032	42.7447	39.882	31.1596	22.5402	11.9757	7.07881	4.66847	2.63276	2.85116	2.63276	2.83364	3.10791	2.5947	3.10264	3.24917	3.54262	3.92901	4.25696	7.58859	8.19856	5.43353	5.25766	5.13055	6.74989	6.45949	3.26432	2.40139	3.50954	3.15044	3.19241	4.03722	4.68633	6.57038	7.90808	7.48267	7.32397	9.78369	9.34676	7.12721	9.32084	15.8191	22.444	19.4957	12.5427	9.14469	5.32025	11.6164	17.3967	12.131	5.94327	11.7569	8.33829	13.6585	11.1322	4.77024	7.66143	14.0198	35.6463	47.0121	33.9021	27.1047	31.9677	47.4261	54.3628	54.4563	52.4514	52.5621	52.8848	55.4156	54.1505	47.679	34.6208	11.3844	6.11476	11.9167	13.591	16.3602	17.8728	15.1165	21.5162	34.0995	38.1469	24.4546	4.93373	7.45014	10.3503	12.598	14.7168	19.957	26.0283	27.716	33.3976	35.7829	22.36	18.3651	18.3524	29.1444	17.2375	18.8013	17.1274	16.6873	35.6426	43.6657	38.1622	39.7224	31.1397	24.1254	26.3877	35.694	34.1799	33.711	34.2856	30.2637	41.1239	42.1431	31.0816	35.2205	39.2504	28.714	9.17124	16.1462	27.9036	12.0322	33.64	34.7712	13.0844	7.70782	3.48593	7.26806	9.41386	10.8596	12.542	14.9204	16.727	13.6905	19.4071	12.3366	13.3564	21.0693	24.8737	8.02268	18.4349	15.1727	14.1476	22.8249	20.6933	12.2345	15.0848	18.6913	21.0238	13.4719	10.9886	12.0386	7.85867	15.3821	15.0586	22.7195	28.1873	32.4114	30.7547	21.178	7.46741	6.32886	12.9608	17.3441	19.2809	19.487	18.0334	14.4386	13.0061	11.889	17.5851	16.2984	11.5906	12.519	9.98633	8.60035
23.6392	7.82475	5.35983	6.39774	3.4855	1.47241	24.6656	48.6133	39.1527	14.5264	22.9542	23.2566	8.21363	5.64724	18.5585	24.9877	17.538	13.5863	15.4097	21.0321	23.9537	20.3416	11.9685	2.94283	14.6003	30.6634	53.5746	53.6976	35.6035	41.151	47.833	39.9921	22.8239	15.1506	14.0973	13.6619	5.57083	8.46637	8.58981	4.64683	12.1405	13.1762	16.7267	19.2533	25.6523	46.3682	55.6767	56.5726	60.7401	57.6297	52.4633	55.0429	58.7718	63.9878	63.8455	57.9452	50.7976	29.6182	31.4613	19.3434	6.78818	8.12457	15.9655	19.8466	17.2899	21.033	37.312	36.9851	15.4981	16.4749	20.4091	31.1414	35.5641	30.7611	25.1139	32.3356	33.5312	36.1835	42.9343	42.3006	34.5983	20.7118	15.246	10.4852	6.82404	4.66805	2.63253	3.36423	3.64829	3.52336	3.50923	2.6951	3.0374	3.22836	3.59809	3.92865	4.1141	7.12658	8.19783	5.43304	5.0392	4.90634	6.26549	5.71377	3.26402	3.05908	3.93696	3.47122	3.10772	3.83468	4.55708	6.37726	7.50158	7.67977	7.52544	10.0096	10.0415	7.58792	9.80405	17.0003	22.2215	17.651	10.9239	8.55222	5.62104	10.9239	18.079	12.8078	6.1172	10.1369	8.36086	10.4533	9.95177	6.04948	6.3542	11.4457	30.1899	43.0319	32.9964	26.5151	30.2455	42.1649	50.5016	52.2581	52.1107	52.5807	52.8179	54.9592	54.8775	46.5948	29.5831	12.6004	11.873	18.2553	14.3182	19.0063	20.9147	13.5403	20.912	34.438	40.4316	30.3326	8.43001	8.05425	10.6829	12.6316	14.4472	18.2759	23.8355	27.9468	30.7736	31.0793	20.9682	17.0217	17.2699	27.4312	17.1846	18.9674	20.4507	27.7104	33.8976	41.138	42.9185	34.4806	20.467	23.3444	26.1809	35.8056	35.3984	32.9369	34.5608	30.1599	37.7466	41.7513	31.6696	35.3617	34.6349	23.3407	9.4744	16.3548	28.2885	6.04956	39.2884	33.9028	8.93857	3.62089	4.25657	8.01766	10.9226	12.9328	13.0672	15.8021	16.9512	17.9009	20.036	10.3431	13.0874	22.5905	27.4287	7.95686	20.0508	15.1714	13.1121	21.7906	21.935	14.0187	16.6596	19.4128	22.1813	19.7373	3.68912	9.15256	10.4243	18.6325	14.7301	20.5984	26.5907	31.6217	33.9192	30.1016	18.1088	12.726	14.4724	17.3426	19.2644	18.6642	15.8952	13.4798	12.4153	10.6275	15.6146	16.7445	12.4276	9.44363	2.38025	12.9014
23.4022	6.17514	3.61139	6.17514	3.09656	0	27.2	50.595	37.4661	6.17514	24.2666	24.6945	7.19431	5.15204	18.9125	24.6945	12.2101	3.09656	1.54941	0.516583	0.516583	0	1.03308	0.516583	18.9125	31.8868	52.0082	50.8023	24.6945	31.5129	38.4298	24.6945	2.58124	4.63921	10.7216	10.7216	2.58124	9.21837	8.20892	6.17514	12.2101	6.17514	0.516583	3.09656	6.68526	26.7898	37.4661	36.4769	49.9621	42.3225	3.61139	22.9656	34.0675	49.3121	39.0583	1.03308	39.9804	26.3767	25.5415	17.5142	2.58124	3.09656	14.1687	19.3735	19.3735	23.4022	36.4769	34.7706	11.7157	13.682	18.9125	31.1359	36.8095	32.9906	26.3767	33.3526	33.3526	30.7559	32.2578	13.682	1.54941	0.516583	10.2221	9.72098	6.68526	4.63921	2.58124	3.61139	4.12563	3.61139	3.09656	1.03308	0.516583	0	1.03308	1.54941	2.06549	6.17514	7.70222	4.63921	4.12563	4.12563	5.66404	5.15204	3.09656	3.09656	3.61139	2.58124	0	1.03308	2.06549	4.63921	5.66404	6.17514	6.17514	9.21837	9.72098	7.19431	9.72098	17.5142	22.0841	16.5698	9.21837	6.17514	2.58124	9.72098	17.9828	12.2101	2.06549	5.66404	1.03308	6.68526	8.71433	5.66404	1.03308	5.15204	23.8358	37.1392	20.7409	1.03308	15.1357	26.7898	34.4205	28.0113	10.7216	8.71433	2.58124	16.5698	26.7898	20.2878	20.2878	15.616	14.6533	20.2878	6.68526	16.094	20.7409	9.72098	18.4489	33.7115	41.1724	32.9906	9.72098	4.63921	4.12563	2.06549	0	2.06549	2.58124	6.17514	14.6533	21.6391	13.1933	9.21837	10.2221	22.5263	0.516583	4.12563	16.5698	32.2578	32.9906	39.6758	45.0232	31.5129	7.70222	3.61139	3.09656	25.9606	24.6945	0.516583	8.71433	8.20892	29.9869	38.7454	26.3767	30.7559	28.4125	17.9828	6.17514	14.6533	27.6072	0	41.7526	32.9906	5.66404	1.54941	3.61139	6.68526	9.72098	10.7216	6.17514	9.21837	8.71433	17.0432	18.9125	1.03308	4.12563	20.7409	27.6072	0.516583	18.9125	11.2195	8.20892	19.832	21.1914	10.7216	10.7216	8.20892	12.7026	20.7409	2.06549	7.19431	10.2221	17.9828	4.12563	1.03308	0	7.19431	25.1195	31.5129	22.9656	15.616	9.72098	3.09656	1.03308	2.06549	4.12563	6.17514	6.68526	5.15204	13.1933	16.094	11.2195	6.17514	1.54941	13.682
25.4044	12.7227	10.3411	10.3038	6.1959	3.13902	24.7152	48.1851	41.7986	26.098	29.7135	26.8291	11.3674	9.02313	19.5917	24.83	12.2729	3.50848	1.73202	0.983413	1.32935	1.72245	2.85049	6.38641	29.54	42.7548	52.3762	48.4926	23.3005	27.5139	33.8344	34.4719	26.6115	16.4721	14.395	12.1729	6.18541	11.3197	8.76536	7.88722	12.6533	7.58422	5.53721	10.0972	16.6879	31.699	44.7364	51.4561	60.6851	64.3845	65.7916	65.1761	63.1089	62.2783	56.6806	50.207	54.9647	49.8284	39.2491	26.8439	17.044	15.5707	14.1871	13.3288	19.2215	25.588	39.2909	37.378	14.8195	17.3852	23.2252	30.969	34.7453	33.209	25.5639	29.9543	32.447	33.3146	36.6095	23.6577	7.63596	3.18627	10.6639	9.98192	6.7649	5.05125	3.05848	4.64583	5.94959	6.18527	6.52857	6.15616	5.46543	3.69294	3.35384	3.69291	3.93628	7.01425	8.05237	5.25615	4.86141	4.68487	5.94959	5.38011	3.23273	3.18614	3.91504	3.23273	2.22821	3.03679	4.03606	6.01562	6.99095	7.37514	7.55206	10.2352	10.5287	8.32001	10.506	17.9298	22.1029	16.5366	10.3099	8.89353	6.88026	8.11262	16.9343	12.8733	4.90535	8.03655	12.7241	14.6618	11.8752	7.23229	4.3214	6.78668	22.0875	33.3639	30.8324	28.3716	28.5703	33.547	39.7789	40.1624	38.3914	38.3571	35.3092	35.3737	39.3818	36.5775	32.7189	23.3005	19.5066	25.3538	16.2679	22.0532	25.3561	14.5357	16.8598	27.4699	39.5631	40.2939	33.9845	32.2695	29.4254	23.6449	13.1286	6.74813	16.3779	25.3526	30.1449	29.3257	21.3769	17.6176	18.4517	27.8844	21.6836	18.8818	24.1103	34.7954	33.8772	38.9519	40.9681	32.0108	24.5315	24.6074	25.1472	29.8545	28.5446	23.866	34.9453	42.4216	43.5828	40.063	27.8691	28.3198	27.4381	19.8828	10.6642	16.9808	26.8982	5.0384	41.2228	32.917	11.1849	11.9861	14.2381	17.8259	21.4445	22.2086	19.0876	17.1476	16.741	21.9215	26.1512	9.94359	7.79385	21.2396	24.5167	6.31403	21.4285	14.8444	12.6388	21.4663	21.931	12.4127	12.8916	11.2016	14.3322	23.1172	10.3101	5.18346	10.353	17.3953	4.19683	0.752949	0.182629	6.00729	22.5636	31.4123	26.6863	20.4767	13.4769	5.83528	2.94216	5.86898	9.69549	11.0722	10.4515	8.57337	12.9024	14.4087	9.43826	7.32197	8.21241	13.6105
25.2112	13.4115	11.2079	12.4431	7.70086	3.46069	18.3036	39.9645	40.1271	26.0959	27.3837	22.9726	11.0728	12.965	20.7217	25.0401	12.2718	4.00257	1.73187	0.913013	1.47196	2.04084	3.11747	9.09889	39.7857	48.37	47.7864	40.8491	18.8337	18.5807	20.1491	32.2289	33.1609	22.4127	17.3593	12.6164	5.92442	11.3187	6.94349	10.0259	13.3834	10.3521	9.66789	11.5798	16.993	26.7515	39.7751	48.8443	57.6393	63.2467	65.8171	64.9621	62.4337	60.4077	55.0875	50.3608	55.3724	52.2679	37.1665	25.1025	17.5336	15.4447	11.0154	0.7529	14.8339	23.1392	41.7102	40.873	19.8811	23.8696	27.7423	28.2022	29.8196	33.5662	23.8592	21.9546	26.9851	30.6967	37.0344	30.4162	11.986	3.84646	11.1522	10.2279	6.51771	5.29314	3.28844	6.68884	8.60997	7.34568	6.96466	6.20871	6.17683	4.29022	3.58315	3.69258	3.93593	7.01362	7.58575	5.03776	4.86098	4.4677	5.71216	5.14145	2.79121	2.94755	4.1608	3.69245	2.48229	2.97015	3.83358	5.8263	6.99033	7.16802	7.55139	10.4625	10.5278	8.54212	10.7389	18.1576	21.6619	15.388	9.29504	8.56689	8.34272	4.43426	14.7842	14.0888	9.534	8.83453	13.3898	14.0938	10.2705	6.08045	4.50102	8.67176	17.8466	21.4065	28.1594	29.2231	29.8082	31.895	36.1434	38.1024	38.1662	38.6121	36.2372	35.3713	38.9192	39.6552	41.2132	34.5892	27.1488	29.3983	16.1743	27.1907	33.339	20.9223	11.7244	12.4531	30.1261	37.8923	34.0284	32.735	30.433	27.4426	26.2066	17.4925	19.9888	28.0382	30.5103	26.326	19.6279	16.9231	17.221	25.4164	21.8828	18.932	32.6187	39.3836	35.4427	37.3559	30.6364	25.8481	24.4109	24.5043	25.1229	25.7375	27.5627	29.6142	36.9607	42.3773	40.6998	32.2147	22.993	21.1669	25.1685	22.972	13.4355	16.9793	24.0561	5.15449	39.7374	31.4747	10.5282	11.9851	14.8547	19.3979	22.7683	22.1062	18.6499	16.0414	17.128	19.4969	30.379	19.6943	14.1008	21.0203	17.8048	10.6855	22.8524	14.8431	12.4835	21.0593	20.6862	11.6163	13.308	11.5782	11.8382	22.5447	15.4783	2.37968	10.6016	16.2106	4.19645	0.408338	0.40832	3.50817	16.0183	27.9936	27.7576	23.7705	16.6751	7.92562	6.4748	10.3444	11.9123	10.9386	9.78691	7.98511	10.4686	10.7625	5.54548	5.90495	8.52155	10.7227
22.9597	8.71185	7.19226	11.7124	7.19226	2.0649	13.6782	31.8794	32.6182	6.17338	16.5653	13.6782	6.17338	14.1647	21.1858	25.1131	12.2067	4.12445	1.54897	0	1.03278	1.54897	2.0649	9.21576	42.874	47.7179	39.9723	33.7039	15.1316	13.6782	0.516434	14.1647	30.7486	22.5204	17.5095	11.7124	0.516434	9.21576	3.09567	10.7186	13.6782	11.7124	11.2163	8.71185	8.20658	1.03278	5.66242	6.68335	13.1896	0.516434	9.71823	1.03278	8.20658	29.1987	20.2824	10.2192	42.3143	41.4556	11.7124	9.21576	6.68335	1.03278	6.17338	6.17338	8.20658	17.0385	41.7444	42.0306	22.0783	26.7832	28.8036	25.1131	26.7832	33.7039	22.9597	17.0385	20.7355	23.8297	33.345	31.1286	13.1896	3.09567	11.2163	10.2192	6.17338	5.15056	3.09567	7.70003	9.71823	6.68335	4.63788	1.54897	4.12445	3.09567	2.0649	1.54897	2.0649	6.17338	6.68335	4.12445	4.12445	3.61035	5.15056	4.63788	2.0649	2.58049	4.12445	3.61035	1.54897	0.516434	1.03278	4.12445	5.66242	5.66242	6.17338	9.71823	9.71823	7.70003	10.2192	17.9779	21.1858	14.1647	6.68335	5.15056	7.19226	1.54897	13.6782	14.6492	11.7124	7.70003	6.17338	3.09567	1.54897	1.03278	2.0649	9.21576	15.1316	6.68335	3.61035	11.7124	20.2824	21.1858	21.1858	16.5653	7.19226	12.2067	15.1316	16.5653	24.6882	32.6182	42.5954	39.0502	30.3657	29.5907	6.17338	28.0045	36.8016	23.3961	6.68335	2.58049	15.1316	23.8297	10.2192	10.7186	13.6782	21.6335	31.5055	22.5204	17.0385	19.8267	16.5653	7.19226	3.09567	5.66242	2.58049	14.1647	4.63788	4.63788	35.4541	41.4556	36.1336	36.469	23.8297	14.1647	6.68335	0.516434	2.58049	11.7124	22.0783	26.7832	22.9597	7.19226	2.0649	8.71185	12.2067	15.1316	23.8297	24.2604	13.1896	14.6492	21.6335	1.54897	38.7373	29.9797	1.54897	1.54897	7.19226	13.1896	15.1316	10.2192	0.516434	2.0649	10.2192	8.20658	29.5907	23.8297	17.0385	20.2824	14.1647	12.2067	22.0783	11.2163	7.70003	18.9074	18.4439	8.71185	11.7124	9.21576	5.15056	19.3684	16.5653	3.09567	10.7186	15.6117	4.12445	0.516434	0.516434	2.0649	11.2163	23.8297	25.5351	23.3961	17.0385	8.20658	8.20658	12.2067	10.7186	5.66242	4.12445	2.58049	7.70003	8.71185	3.09567	0.516434	3.61035	6.68335
22.9575	8.71092	7.19149	11.7112	7.19149	2.06467	13.6768	31.8766	32.6154	6.17271	16.5636	13.6768	6.17271	14.1633	21.1837	25.1107	12.2054	4.124	1.5488	0	1.03267	1.5488	2.06467	9.21478	42.8709	47.7148	39.9692	33.701	15.13	13.6768	0.516378	14.1633	30.7459	22.5182	17.5077	11.7112	0.516378	9.21478	3.09534	10.7175	13.6768	11.7112	11.2152	8.71092	8.20571	1.03267	5.66181	6.68263	13.1882	0.516378	9.7172	1.03267	8.20571	29.196	20.2804	10.2181	42.3112	41.4525	11.7112	9.21478	6.68263	1.03267	6.17271	6.17271	8.20571	17.0368	41.7413	42.0275	22.0762	26.7807	28.801	25.1107	26.7807	33.701	22.9575	17.0368	20.7334	23.8274	33.3421	31.1258	13.1882	3.09534	11.2152	10.2181	6.17271	5.15001	3.09534	7.6992	9.7172	6.68263	4.63738	1.5488	4.124	3.09534	2.06467	1.5488	2.06467	6.17271	6.68263	4.124	4.124	3.60996	5.15001	4.63738	2.06467	2.58022	4.124	3.60996	1.5488	0.516378	1.03267	4.124	5.66181	5.66181	6.17271	9.7172	9.7172	7.6992	10.2181	17.9761	21.1837	14.1633	6.68263	5.15001	7.19149	1.5488	13.6768	14.6477	11.7112	7.6992	6.17271	3.09534	1.5488	1.03267	2.06467	9.21478	15.13	6.68263	3.60996	11.7112	20.2804	21.1837	21.1837	16.5636	7.19149	12.2054	15.13	16.5636	24.6859	32.6154	42.5923	39.0471	30.363	29.588	6.17271	28.0019	36.7986	23.3939	6.68263	2.58022	15.13	23.8274	10.2181	10.7175	13.6768	21.6313	31.5027	22.5182	17.0368	19.8247	16.5636	7.19149	3.09534	5.66181	2.58022	14.1633	4.63738	4.63738	35.4511	41.4525	36.1307	36.4661	23.8274	14.1633	6.68263	0.516378	2.58022	11.7112	22.0762	26.7807	22.9575	7.19149	2.06467	8.71092	12.2054	15.13	23.8274	24.2581	13.1882	14.6477	21.6313	1.5488	38.7343	29.977	1.5488	1.5488	7.19149	13.1882	15.13	10.2181	0.516378	2.06467	10.2181	8.20571	29.588	23.8274	17.0368	20.2804	14.1633	12.2054	22.0762	11.2152	7.6992	18.9055	18.4421	8.71092	11.7112	9.21478	5.15001	19.3664	16.5636	3.09534	10.7175	15.6101	4.124	0.516378	0.516378	2.06467	11.2152	23.8274	25.5327	23.3939	17.0368	8.20571	8.20571	12.2054	10.7175	5.66181	4.124	2.58022	7.6992	8.71092	3.09534	0.516378	3.60996	6.68263
24.7738	15.2738	14.556	16.7808	11.4392	5.47539	13.2636	30.2458	38.2691	35.715	33.4753	26.0495	19.4917	19.1753	21.8012	25.6755	17.8791	14.3113	13.4081	12.5899	10.9661	8.71432	6.80368	11.2397	43.9163	47.6903	34.8447	30.7991	28.8851	36.4513	47.5044	56.1726	61.7806	62.5761	60.894	54.2655	34.9357	14.7684	8.64355	12.6044	16.325	15.6572	14.1036	11.3615	11.4224	10.1312	17.5339	24.3754	31.5658	37.7962	42.4695	44.3692	45.0069	44.4123	37.3755	34.0801	48.4842	54.7801	54.1927	53.8161	53.3132	52.9102	52.353	50.2542	45.4793	40.3953	44.7367	40.9113	22.237	27.0502	32.3311	27.743	23.3541	30.1393	23.1714	19.0976	24.0429	30.4445	39.435	39.4491	25.8592	12.6737	12.8493	10.5927	7.75125	6.15359	3.9347	10.5157	12.8832	8.01318	4.91703	2.08063	4.31958	3.18496	3.2825	3.18504	3.50727	6.61563	6.99058	4.38044	4.33107	3.92625	5.21635	4.81174	2.43417	2.71189	4.2501	3.75369	2.21982	2.13587	2.69355	4.94711	6.52597	6.7017	7.13627	10.1985	10.3969	8.95876	11.1803	18.2422	21.9122	14.773	8.52467	8.81368	10.1232	5.27941	11.4224	13.4201	12.4545	11.7128	10.8946	8.30162	7.20255	6.67256	5.60604	9.51961	15.3011	11.5928	8.70472	15.0523	23.4215	24.867	25.6756	23.135	17.8785	18.0738	17.7138	21.3665	29.7714	34.8868	41.996	41.1475	36.5598	34.3967	19.8732	32.3654	38.439	25.7056	21.6338	31.1911	41.2083	47.8348	45.8364	45.4881	47.1105	47.4202	46.3526	36.6571	31.3273	30.7912	25.4143	16.0421	9.7362	11.192	12.4539	20.7459	19.6812	16.5745	37.791	42.1874	34.7692	36.6756	31.5949	30.8129	28.568	24.2278	22.0168	20.754	22.5359	25.7416	25.6123	18.8878	22.5139	24.7189	21.2435	15.1792	19.7694	24.7881	16.8853	16.5443	20.9347	6.47329	36.0899	35.0434	28.3491	27.9262	29.0632	31.7308	31.3118	26.0375	19.7697	14.8906	11.5492	16.7779	32.7603	23.0909	16.9833	18.3997	11.6832	14.4703	22.6007	13.8483	13.2684	21.1306	19.17	10.8465	13.5589	12.3284	9.577	20.7667	18.1616	6.66511	11.0508	17.3954	13.0598	7.01878	1.68269	2.65618	10.6286	22.0331	24.3701	24.1972	19.4977	12.5784	11.8773	14.8419	12.9217	6.60817	4.41048	2.13579	6.89411	9.46892	8.45433	10.3296	13.64	15.2292
23.6354	15.141	14.9391	19.2578	14.525	5.58204	9.264	21.048	33.2327	35.7987	32.0882	24.7919	24.3766	23.1392	20.1493	22.8096	17.5738	14.4633	13.4392	12.7122	11.1486	9.00496	6.68669	11.658	45.3378	47.102	22.4046	20.259	27.4235	36.6835	51.1575	56.9427	61.2285	62.649	61.8912	60.5592	47.8067	14.6219	8.4918	11.0212	15.571	17.222	15.3442	13.3229	17.4383	19.2131	19.1264	24.2258	31.0724	38.7238	43.1975	44.5598	44.86	42.1048	35.822	33.72	43.0641	52.0836	54.2178	53.861	53.3586	52.9093	52.5273	50.8769	45.8678	39.4688	39.3721	33.2767	17.919	25.8566	36.5549	27.7409	14.4024	22.0732	20.9179	16.3511	20.0517	27.5126	38.1265	42.0975	32.1547	19.4112	14.4616	9.90012	8.88016	6.84829	4.38004	15.8769	16.2159	6.50297	3.66869	1.80655	4.3192	2.56041	3.66407	3.3274	3.50695	6.38322	6.75211	3.93435	4.09511	3.92589	4.96987	4.81131	2.43395	2.48128	4.24971	3.75335	2.65594	2.56043	2.59274	4.55761	6.31096	6.7011	7.13563	9.73534	9.94369	8.95796	11.1794	17.5659	22.3425	14.3181	7.44226	8.8129	10.4937	5.9249	6.70345	10.5238	12.687	19.3647	14.8406	8.08723	7.15646	7.23574	6.72311	7.8527	12.2867	12.4034	15.2243	21.0624	27.0481	27.1293	27.2731	24.2681	17.6299	16.6063	15.5275	24.0145	32.61	33.9416	38.689	43.2055	41.3812	33.679	19.4823	34.7873	38.8859	22.683	22.2066	34.7006	41.2057	47.4465	46.2791	45.2635	46.9423	49.9963	50.8204	38.8787	32.6122	34.0415	29.0619	26.6364	20.3627	11.191	13.7065	18.5866	20.7986	18.5592	40.3541	42.8768	29.6969	31.352	28.9561	30.3097	29.9179	24.6397	21.963	19.2873	17.6852	22.0308	28.9653	25.9296	24.0185	24.318	19.7372	11.462	10.9632	25.6275	23.6619	17.8592	18.2939	8.36874	26.5046	31.4897	28.392	27.9155	29.3228	32.2812	30.5395	25.3203	21.4579	15.228	9.63144	31.2065	35.0896	17.5895	14.7903	14.1825	6.34975	16.2335	21.9645	15.1135	15.6318	20.5443	16.934	10.116	13.7701	13.323	9.86636	21.1882	19.0296	7.45095	8.22233	14.4058	15.6657	12.2252	2.19706	3.11619	9.38095	18.18	20.763	22.9876	19.6962	13.2707	12.4185	16.7898	15.9477	8.09683	4.91982	1.11024	4.37255	7.6557	8.20469	10.8106	14.9747	15.0355
20.275	8.20337	8.70845	17.9713	14.6437	2.57947	2.06408	3.09445	8.70845	7.69701	1.03237	5.14853	22.5124	23.3879	17.5029	18.4371	11.212	5.14853	2.06408	2.57947	3.09445	3.60892	1.03237	10.2152	45.7675	46.511	15.1258	4.63605	3.09445	15.6058	39.9611	29.9699	11.7079	25.1044	39.039	57.4682	50.3666	8.70845	2.06408	6.17095	11.7079	15.6058	14.1593	13.1846	20.275	22.9515	12.6942	5.14853	9.21217	16.0836	18.9005	9.21217	1.54835	9.21217	6.17095	5.14853	8.70845	14.1593	12.6942	11.212	9.21217	1.54835	13.1846	20.728	15.6058	2.57947	22.9515	22.5124	11.212	24.2519	37.7711	25.1044	6.68072	17.5029	17.9713	9.21217	6.17095	12.202	29.189	38.7262	31.4954	21.1782	14.6437	8.70845	8.70845	6.68072	4.12282	18.4371	17.0322	0.516229	0	0.516229	4.12282	1.54835	3.09445	2.06408	2.06408	5.66019	6.17095	3.09445	3.60892	3.60892	4.63605	4.63605	2.06408	2.06408	4.12282	3.60892	2.57947	2.06408	0	3.09445	5.14853	5.66019	6.17095	8.70845	8.70845	7.69701	10.2152	16.559	22.0704	13.1846	3.09445	5.14853	8.20337	4.12282	4.12282	8.70845	12.202	22.9515	15.6058	1.54835	1.03237	4.12282	5.66019	5.14853	7.69701	9.21217	17.9713	23.8213	27.995	26.3611	25.1044	19.8195	5.66019	6.17095	8.70845	22.9515	31.4954	30.3558	35.4433	43.4125	41.7331	27.591	1.54835	33.6934	37.7711	15.1258	10.2152	25.5262	15.1258	19.8195	17.5029	3.60892	10.2152	38.4106	47.4717	31.1185	22.5124	29.9699	26.7741	30.7387	25.1044	5.66019	8.70845	3.09445	11.212	13.1846	40.859	42.8627	25.1044	22.9515	12.6942	10.7144	16.0836	7.18943	1.03237	1.54835	8.70845	18.9005	29.9699	26.7741	13.1846	5.14853	2.57947	5.14853	6.17095	25.9451	26.7741	17.5029	16.0836	7.69701	15.6058	17.5029	3.09445	1.03237	9.71445	16.559	9.71445	3.09445	12.6942	5.14853	4.63605	37.1203	34.7522	10.2152	12.202	11.7079	3.09445	16.0836	20.728	14.1593	14.1593	17.5029	13.1846	6.68072	12.202	11.7079	6.17095	20.275	18.4371	5.66019	2.06408	6.68072	13.1846	14.1593	2.06408	3.09445	8.70845	16.0836	17.9713	20.728	17.5029	10.2152	9.71445	16.559	17.0322	8.70845	5.14853	0	1.54835	3.60892	1.03237	4.63605	9.71445	5.66019
22.5712	15.3042	15.1501	21.2762	18.2312	10.4158	9.5828	10.7155	15.5684	18.7415	17.3039	15.8206	25.8508	25.6872	19.2542	21.0142	19.0958	17.4013	15.6986	14.8926	14.4299	13.2509	9.54251	10.1659	43.6142	45.1508	18.3927	14.3416	16.6104	30.393	47.4531	40.791	35.3923	42.4915	50.9159	62.4451	57.0449	24.3375	15.0821	14.3446	16.1317	16.6625	16.1984	18.0285	24.3977	26.9717	17.2657	8.62756	12.1728	18.029	21.2677	15.6627	13.816	13.0562	8.3536	7.65638	11.5445	16.7126	20.7948	24.6682	26.5796	25.6449	27.7924	34.6275	41.9153	45.5242	41.7525	29.6917	22.5335	34.2509	43.1197	30.9667	18.0127	17.6228	16.4323	9.86415	7.9211	14.4293	27.67	34.3353	35.1181	26.5175	12.9387	6.86596	8.24404	7.14559	4.55303	16.7379	18.7408	4.74831	0.182507	1.47109	4.07404	0.516183	3.59021	2.57929	2.75969	5.93735	6.26795	3.28655	3.34651	3.2254	4.40921	4.5963	2.3712	2.20412	4.29915	4.12245	3.26121	2.94025	2.19667	3.82697	5.92081	6.66308	7.19345	9.61084	9.90471	9.22546	11.336	17.252	22.4939	14.4663	6.74131	7.44292	9.59759	8.7764	7.9541	7.8304	10.7254	24.2543	17.7845	6.11195	6.00361	7.16405	7.98041	7.44292	9.36728	10.6795	18.1407	23.3067	28.4556	29.6043	30.6039	28.1531	18.6203	13.4901	12.5098	27.0236	35.6203	34.196	36.9418	46.0028	45.5102	31.4169	16.6104	35.7317	38.5788	19.537	8.22052	26.53	16.9	19.9671	18.4617	11.1265	14.7173	38.3106	45.7027	33.8289	26.6662	29.3079	28.9742	36.568	32.2814	10.8256	11.6056	9.09402	16.2345	19.6699	42.0924	43.8894	28.3184	28.5836	27.1296	28.5643	29.9958	23.9674	21.6452	19.9361	17.3513	20.5536	27.7767	24.6818	13.333	7.71321	8.58855	17.0593	20.5168	26.4393	25.6439	16.9	14.8786	9.58234	13.8924	25.3843	28.0631	28.6077	28.5153	25.9503	16.6551	11.1165	14.8922	12.2182	12.4364	38.8488	34.5127	10.9828	12.5448	12.0615	9.55428	15.4854	17.5433	13.2328	16.581	21.2682	16.8493	11.7877	14.7423	13.0892	9.11318	20.7155	18.851	7.4429	7.4431	11.4154	17.4385	15.3825	2.55342	3.28659	8.71147	16.1287	18.2413	21.65	19.574	13.5096	12.6933	18.8113	18.3616	8.6947	5.37347	3.11568	6.19195	9.64286	11.349	13.8882	17.3884	16.2981
21.2641	15.5689	15.5853	21.847	18.8008	10.7515	9.642	10.6491	14.434	18.2365	17.8526	17.055	27.5262	26.8443	17.5246	18.34	18.3939	17.7203	15.9441	14.989	14.6178	14.4708	11.2849	7.62156	38.8006	41.6487	17.1721	13.994	17.3744	37.5582	50.0959	40.0285	34.8053	40.6729	49.1549	64.4407	62.0799	30.0271	15.6818	15.8872	19.1633	15.2123	13.6992	16.8412	24.749	30.0806	23.5268	15.2677	14.8088	18.6623	22.4921	18.1138	13.9918	11.4835	7.15442	6.76015	10.338	13.6181	19.0201	23.7634	26.1195	25.9548	26.8453	32.6975	41.5351	45.5127	40.8655	27.5013	23.1067	38.4027	43.4604	27.3057	18.0112	12.9222	12.1187	10.3438	9.27326	16.4345	23.9591	23.6608	40.6528	35.5298	7.85056	3.09926	7.0066	7.38718	4.32946	12.1819	19.8198	10.1759	0.408048	2.61102	3.58989	1.54807	4.07367	2.57906	2.96806	5.93682	6.02189	3.05617	2.61102	2.45361	3.89936	4.34465	2.61102	2.20392	4.55257	5.14761	4.24849	3.36108	2.22653	3.32645	5.50615	6.4529	6.78167	9.17216	9.68809	9.22465	11.1152	17.0268	22.0644	14.4651	7.16341	7.44225	8.20613	8.36071	7.44681	4.85787	7.71252	26.7736	21.1545	6.1114	6.00308	7.31649	8.1645	7.44225	9.36646	10.8963	16.809	19.6238	24.5144	27.2363	29.5821	29.299	22.8057	21.8886	19.6236	32.2697	39.1249	34.8092	35.1085	47.9476	47.648	28.0298	18.6543	37.0062	38.2705	23.1527	4.29898	28.3522	19.1579	18.2398	16.2632	11.306	18.9339	37.6721	40.7476	34.8023	30.3581	24.4879	24.0382	38.6519	40.1466	19.7618	15.5422	10.3396	14.5875	19.8203	41.9538	43.4994	26.0619	25.8435	26.1558	28.4945	31.8222	24.7746	21.6435	20.3121	16.3333	17.6803	22.0324	20.2772	13.3319	12.7018	14.9702	18.3277	20.1873	21.0771	21.1762	14.6099	12.2217	12.7471	12.5554	22.8748	27.9997	28.6055	28.0439	23.7041	16.1596	12.8206	13.4362	11.697	15.5231	41.6809	33.8065	10.9818	11.6303	9.41104	9.33585	11.5884	10.7864	10.4267	20.6936	27.8232	19.3169	11.5272	13.9914	11.5434	10.7601	20.7138	18.6251	7.08322	8.48547	12.058	24.2572	17.7492	2.21902	2.48064	7.35409	14.7676	16.5078	20.6148	19.777	14.0844	13.4889	21.6583	20.6342	8.44502	5.37299	4.78938	7.6959	9.33758	11.6768	14.6386	18.0955	16.5686
17.0278	9.20972	10.2125	19.3564	16.0795	4.6348	2.57878	2.57878	1.54793	4.12171	6.67893	10.7116	26.3549	25.939	13.1811	10.7116	8.20119	7.18751	4.6348	3.60795	4.6348	9.20972	8.70613	3.60795	36.1154	39.3415	11.7048	0.51609	8.20119	37.1129	47.464	26.7678	0.51609	7.69496	28.7875	63.0126	62.906	27.9886	6.67893	11.7048	18.8957	12.1988	6.67893	9.20972	21.173	29.9632	25.939	18.4325	15.1219	17.4985	21.6204	16.0795	3.60795	2.06352	0.51609	0.51609	4.6348	1.54793	0	4.12171	4.6348	6.67893	6.16929	6.67893	10.7116	1.54793	16.0795	14.1557	13.6694	36.1154	38.7187	10.2125	6.67893	3.09361	8.70613	10.2125	9.20972	16.5548	21.6204	17.0278	42.855	39.3415	1.54793	1.0321	6.16929	7.18751	3.60795	8.70613	19.3564	12.6909	0.51609	3.09361	3.09361	2.57878	4.12171	2.06352	2.57878	5.65867	5.65867	2.57878	2.06352	2.06352	3.60795	4.12171	2.57878	2.06352	4.6348	5.65867	4.6348	3.09361	0.51609	1.54793	4.12171	5.14715	5.14715	7.69496	8.20119	7.69496	9.71188	16.0795	21.173	13.1811	4.6348	5.14715	4.12171	1.54793	1.0321	0.51609	6.16929	27.9886	22.5069	1.54793	1.0321	4.6348	6.16929	5.14715	7.69496	9.71188	15.1219	15.6018	18.4325	19.8145	22.065	23.3822	20.27	25.0984	22.946	34.0421	39.3415	31.8623	31.1117	47.6988	46.7467	17.0278	12.6909	36.4508	37.1129	23.3822	2.57878	29.1824	19.8145	16.0795	12.1988	4.6348	19.8145	37.1129	37.1129	33.3274	30.7319	18.8957	11.2091	36.1154	42.5764	23.8156	17.0278	7.69496	4.12171	13.6694	40.5547	42.0116	18.8957	13.1811	5.14715	10.2125	23.3822	12.1988	1.0321	6.16929	0	11.2091	17.9667	17.9667	13.1811	15.1219	17.4985	11.2091	2.57878	11.2091	17.0278	12.6909	10.7116	14.1557	13.1811	4.12171	0	1.0321	4.6348	1.0321	7.69496	9.71188	8.70613	0.51609	14.1557	42.855	33.3274	10.2125	10.2125	4.6348	1.0321	6.67893	7.18751	8.20119	22.5069	30.7319	18.8957	5.65867	10.2125	7.69496	10.2125	20.27	17.9667	4.6348	6.16929	8.70613	27.1778	18.8957	1.0321	0.51609	5.65867	13.1811	14.1557	18.4325	17.9667	11.7048	11.7048	22.5069	21.6204	8.20119	5.14715	5.14715	6.67893	1.0321	4.12171	8.20119	12.1988	7.18751
17.0261	9.20874	10.2115	19.3545	16.0778	4.6343	2.5785	2.5785	1.54777	4.12126	6.67822	10.7105	26.3525	25.9366	13.1798	10.7105	8.20031	7.18674	4.6343	3.60756	4.6343	9.20874	8.70521	3.60756	36.1125	39.3385	11.7036	0.516034	8.20031	37.1099	47.4609	26.7653	0.516034	7.69413	28.7849	63.0101	62.9035	27.9861	6.67822	11.7036	18.8938	12.1975	6.67822	9.20874	21.1709	29.9605	25.9366	18.4306	15.1204	17.4967	21.6182	16.0778	3.60756	2.0633	0.516034	0.516034	4.6343	1.54777	0	4.12126	4.6343	6.67822	6.16863	6.67822	10.7105	1.54777	16.0778	14.1542	13.668	36.1125	38.7156	10.2115	6.67822	3.09328	8.70521	10.2115	9.20874	16.5531	21.6182	17.0261	42.8519	39.3385	1.54777	1.03198	6.16863	7.18674	3.60756	8.70521	19.3545	12.6896	0.516034	3.09328	3.09328	2.5785	4.12126	2.0633	2.5785	5.65806	5.65806	2.5785	2.0633	2.0633	3.60756	4.12126	2.5785	2.0633	4.6343	5.65806	4.6343	3.09328	0.516034	1.54777	4.12126	5.14659	5.14659	7.69413	8.20031	7.69413	9.71085	16.0778	21.1709	13.1798	4.6343	5.14659	4.12126	1.54777	1.03198	0.516034	6.16863	27.9861	22.5047	1.54777	1.03198	4.6343	6.16863	5.14659	7.69413	9.71085	15.1204	15.6002	18.4306	19.8125	22.0629	23.38	20.268	25.0961	22.9437	34.0392	39.3385	31.8595	31.1089	47.6958	46.7436	17.0261	12.6896	36.4478	37.1099	23.38	2.5785	29.1798	19.8125	16.0778	12.1975	4.6343	19.8125	37.1099	37.1099	33.3246	30.7291	18.8938	11.2079	36.1125	42.5733	23.8133	17.0261	7.69413	4.12126	13.668	40.5516	42.0085	18.8938	13.1798	5.14659	10.2115	23.38	12.1975	1.03198	6.16863	0	11.2079	17.9649	17.9649	13.1798	15.1204	17.4967	11.2079	2.5785	11.2079	17.0261	12.6896	10.7105	14.1542	13.1798	4.12126	0	1.03198	4.6343	1.03198	7.69413	9.71085	8.70521	0.516034	14.1542	42.8519	33.3246	10.2115	10.2115	4.6343	1.03198	6.67822	7.18674	8.20031	22.5047	30.7291	18.8938	5.65806	10.2115	7.69413	10.2115	20.268	17.9649	4.6343	6.16863	8.70521	27.1752	18.8938	1.03198	0.516034	5.65806	13.1798	14.1542	18.4306	17.9649	11.7036	11.7036	22.5047	21.6182	8.20031	5.14659	5.14659	6.67822	1.03198	4.12126	8.20031	12.1975	7.18674
20.5859	16.007	16.0844	22.6462	20.259	11.5527	9.69725	7.99388	7.09975	8.37569	10.6533	13.4219	26.2337	25.4528	15.6772	16.0341	16.7042	17.2473	16.0483	14.8648	14.9147	16.7245	15.339	7.65362	33.1473	38.0259	14.9944	4.109	8.09223	35.0314	47.1803	28.4368	3.8729	7.68508	28.3319	62.6043	61.6134	29.518	25.1571	25.1825	23.9483	17.0919	20.4551	22.5337	27.8139	33.4608	30.2473	23.5597	20.1086	19.1163	20.9916	20.2731	16.4017	14.0373	11.1182	9.20842	9.15227	6.83514	4.28614	2.13437	5.45962	8.25084	6.56414	10.6458	17.0839	17.267	24.8623	25.6612	25.5859	39.6829	39.4886	20.5428	23.2027	27.1713	23.2382	14.8371	7.61937	18.0612	23.0221	15.2437	39.8883	39.4621	8.8753	2.25545	5.82064	6.94847	3.97807	8.50369	18.3741	14.8693	2.92219	2.69164	3.28531	2.30641	3.87269	2.19572	2.73444	5.54314	5.40195	2.37729	2.07918	2.39819	3.8599	4.43373	3.30044	2.9165	5.00669	6.1094	5.45047	3.79067	1.15367	1.90405	4.58386	6.06638	6.40014	8.60759	9.29837	9.18886	10.9701	17.0265	21.6886	14.4548	8.2038	7.80474	7.13175	7.04905	7.04905	6.04222	6.38222	28.1961	24.0395	6.20283	6.05034	7.27868	8.17208	7.44013	9.3638	10.9701	16.2778	16.4987	18.0185	20.4947	24.8345	27.0823	24.4261	27.3452	23.8429	33.1922	39.3793	34.376	34.7057	45.9126	44.8263	31.356	25.5134	34.0054	29.3625	26.3036	13.7175	26.0434	33.4687	35.5147	31.1987	27.5507	27.7084	36.621	36.6402	31.3077	27.6359	19.0525	14.1326	35.8906	42.846	27.2113	20.6659	10.6695	7.38759	15.5315	40.0832	42.9639	28.6485	24.7146	19.9892	20.7607	27.1161	20.9386	20.9785	21.0312	18.4551	18.2116	18.6852	17.192	12.7729	14.0976	18.7164	15.2488	7.65362	5.68074	16.1101	17.122	19.3124	23.1092	19.9532	7.62561	4.38515	9.56579	12.9536	11.5801	13.0846	14.3777	14.8779	12.8851	18.2923	42.4361	36.316	15.7689	12.5169	14.8443	17.0325	17.0981	15.4997	16.3979	23.9067	30.5972	21.6122	12.7928	14.6843	10.5077	12.5515	20.8102	18.5976	6.90858	8.10436	9.91882	28.6523	19.902	1.50407	1.6415	7.4115	13.4621	13.8426	18.5556	18.8816	13.0712	12.4051	21.8629	20.8881	7.82944	4.55126	5.61678	11.1646	12.7698	16.5857	18.8991	20.7607	19.2925
19.8737	16.4363	16.083	22.6443	21.575	12.1611	10.059	7.82086	7.09912	7.89723	11.3435	15.8471	25.2042	22.784	13.8151	14.7793	16.137	17.2459	16.4691	14.9936	14.844	17.4313	17.5485	8.41921	26.5635	34.7169	18.017	6.52107	7.59501	30.4791	46.3344	30.9317	3.87255	6.3456	27.323	61.7596	58.4802	23.6118	25.1551	31.1616	26.6828	15.0392	19.9841	23.351	29.0589	33.7734	31.5702	25.3357	24.2535	19.7558	16.1023	18.3123	16.5843	14.317	11.6657	9.26328	8.74844	6.90107	7.79767	2.61003	4.60865	9.63303	5.70917	14.2993	21.2691	19.6874	23.518	25.7708	25.8035	39.2797	36.0292	21.843	24.4339	27.1207	23.3999	15.0027	5.6136	20.5587	24.7061	10.8163	32.919	38.3936	16.0314	3.91061	5.05856	6.20198	3.7553	7.31356	15.2157	16.8742	7.14228	1.73006	3.05501	1.45907	3.35976	2.45268	2.98916	5.28762	4.88967	1.87744	1.65144	2.19557	3.62982	4.20393	3.30014	2.91624	4.7772	6.10885	6.42243	5.05856	2.12637	1.7205	3.82951	5.66298	6.2021	8.17525	8.87258	8.98265	10.5443	17.0251	21.2572	14.0235	8.86905	7.97674	6.67733	6.97399	7.15856	6.20228	4.72529	28.3931	26.3281	6.14922	6.17845	7.44604	8.17135	7.43947	9.36298	10.5443	16.7235	16.7226	14.9931	17.0824	23.5841	27.9655	27.2485	29.6422	24.0485	29.9334	37.2499	35.6715	39.8161	41.2486	36.2366	31.8535	24.2309	24.9541	9.94517	25.9425	31.8849	17.6123	31.4511	34.5342	30.3911	27.4079	24.9177	31.3683	33.9855	26.4353	20.8031	16.9154	14.7284	34.036	42.0213	30.7684	26.8514	15.6908	6.95056	13.1425	36.1891	40.0873	29.2966	26.0952	20.1111	22.8244	26.4389	19.3757	21.0085	21.4961	18.6526	16.8037	14.683	13.6951	11.1167	11.9052	20.9903	20.5459	7.74575	5.68023	11.1893	15.1024	18.0274	26.2733	27.0273	13.4103	9.07347	12.5655	13.3669	11.6927	13.0835	13.6537	14.0796	13.184	19.0316	39.6113	38.6172	19.4841	10.3111	14.7113	17.031	16.5332	14.9135	17.0524	21.1475	28.3536	23.4379	13.7392	13.9348	9.03298	14.0791	20.8085	18.596	7.69291	8.95209	9.10898	30.957	21.6956	1.96395	2.70984	9.53771	12.9926	12.6493	18.5541	20.2383	14.222	11.9514	20.0864	19.2989	7.06884	3.28498	6.10882	17.025	16.495	16.9553	19.3284	20.6325	19.7707
15.1162	10.7075	10.2086	19.3493	19.3493	7.18469	4.63297	1.03169	1.54732	1.03169	8.70274	16.0734	24.2376	20.2626	7.69194	5.65644	5.14512	7.18469	7.18469	4.63297	4.12008	11.7003	15.1162	6.16687	22.9378	32.5905	18.4257	7.18469	7.18469	27.9792	45.7484	31.8521	0.515885	4.63297	26.7587	61.3172	56.5324	8.70274	6.67631	29.9533	25.5114	2.57776	0	13.1761	24.6651	30.7219	29.1727	22.9378	24.6651	18.8888	9.7081	9.7081	5.14512	4.63297	5.14512	1.54732	2.57776	2.06271	9.20614	4.63297	2.06271	9.7081	4.12008	15.1162	21.1653	14.1503	10.2086	14.6343	14.6343	35.0813	30.3391	15.1162	13.6642	1.54732	9.7081	10.7075	5.65644	21.6126	25.0897	7.69194	28.7779	37.102	18.8888	4.63297	4.63297	5.65644	3.09239	6.16687	12.686	17.0215	9.20614	1.03169	2.57776	0.515885	3.09239	2.57776	3.09239	5.14512	4.63297	1.54732	1.03169	1.54732	3.09239	3.60652	2.57776	2.06271	4.12008	5.65644	6.67631	5.65644	2.57776	1.03169	2.06271	4.12008	4.63297	6.67631	7.18469	7.18469	8.70274	16.0734	20.2626	12.1941	6.67631	5.65644	2.06271	0.515885	2.06271	2.06271	1.03169	28.3801	27.1685	1.03169	2.06271	5.14512	6.16687	5.14512	7.69194	8.70274	16.0734	16.0734	11.7003	11.2047	18.8888	25.5114	26.7587	29.9533	23.3739	27.1685	34.7343	34.7343	41.7141	38.0737	25.5114	19.3493	1.03169	14.6343	1.54732	22.4989	39.0204	10.7075	3.60652	6.16687	2.06271	0.515885	5.65644	24.6651	31.4784	23.3739	17.0215	14.1503	12.686	32.2228	40.8401	31.4784	29.5645	17.9601	2.06271	6.67631	31.8521	35.0813	21.1653	18.4257	6.16687	17.492	21.6126	2.06271	2.06271	9.20614	4.12008	4.12008	6.67631	10.2086	9.7081	10.7075	22.0571	22.4989	3.09239	11.2047	4.12008	4.63297	2.57776	23.3739	29.1727	16.0734	11.2047	11.7003	6.67631	2.57776	7.69194	7.18469	5.14512	4.12008	16.0734	36.7724	38.3921	19.3493	0.515885	3.60652	1.03169	1.54732	3.60652	10.7075	15.5959	25.9301	22.9378	9.20614	7.69194	0	13.6642	20.2626	17.9601	6.67631	8.19798	6.67631	31.8521	22.4989	2.06271	3.09239	10.2086	12.1941	11.7003	18.4257	20.7153	14.1503	10.7075	18.8888	18.4257	6.67631	2.57776	6.16687	19.3493	15.1162	6.67631	10.2086	11.7003	9.7081
15.1149	10.7065	10.2077	19.3477	19.3477	7.18405	4.63255	1.03159	1.54718	1.03159	8.70197	16.072	24.2357	20.2609	7.69126	5.65594	5.14466	7.18405	7.18405	4.63255	4.11971	11.6993	15.1149	6.16632	22.936	32.5882	18.4241	7.18405	7.18405	27.9771	45.7458	31.8498	0.515839	4.63255	26.7566	61.315	56.5301	8.70197	6.67571	29.9511	25.5094	2.57752	0	13.1749	24.6632	30.7196	29.1705	22.936	24.6632	18.8872	9.70725	9.70725	5.14466	4.63255	5.14466	1.54718	2.57752	2.06252	9.20532	4.63255	2.06252	9.70725	4.11971	15.1149	21.1636	14.1491	10.2077	14.6331	14.6331	35.0788	30.3369	15.1149	13.663	1.54718	9.70725	10.7065	5.65594	21.6108	25.0877	7.69126	28.7757	37.0995	18.8872	4.63255	4.63255	5.65594	3.09211	6.16632	12.6849	17.02	9.20532	1.03159	2.57752	0.515839	3.09211	2.57752	3.09211	5.14466	4.63255	1.54718	1.03159	1.54718	3.09211	3.6062	2.57752	2.06252	4.11971	5.65594	6.67571	5.65594	2.57752	1.03159	2.06252	4.11971	4.63255	6.67571	7.18405	7.18405	8.70197	16.072	20.2609	12.193	6.67571	5.65594	2.06252	0.515839	2.06252	2.06252	1.03159	28.3779	27.1664	1.03159	2.06252	5.14466	6.16632	5.14466	7.69126	8.70197	16.072	16.072	11.6993	11.2037	18.8872	25.5094	26.7566	29.9511	23.3721	27.1664	34.7319	34.7319	41.7116	38.0712	25.5094	19.3477	1.03159	14.6331	1.54718	22.497	39.0178	10.7065	3.6062	6.16632	2.06252	0.515839	5.65594	24.6632	31.4761	23.3721	17.02	14.1491	12.6849	32.2205	40.8375	31.4761	29.5623	17.9585	2.06252	6.67571	31.8498	35.0788	21.1636	18.4241	6.16632	17.4905	21.6108	2.06252	2.06252	9.20532	4.11971	4.11971	6.67571	10.2077	9.70725	10.7065	22.0553	22.497	3.09211	11.2037	4.11971	4.63255	2.57752	23.3721	29.1705	16.072	11.2037	11.6993	6.67571	2.57752	7.69126	7.18405	5.14466	4.11971	16.072	36.7699	38.3895	19.3477	0.515839	3.6062	1.03159	1.54718	3.6062	10.7065	15.5946	25.9281	22.936	9.20532	7.69126	0	13.663	20.2609	17.9585	6.67571	8.19726	6.67571	31.8498	22.497	2.06252	3.09211	10.2077	12.193	11.6993	18.4241	20.7136	14.1491	10.7065	18.8872	18.4241	6.67571	2.57752	6.16632	19.3477	15.1149	6.67571	10.2077	11.6993	9.70725
18.2478	16.1989	15.976	23.1591	22.7736	12.1949	11.0053	9.92998	9.15071	8.3378	11.7788	17.5434	23.1795	19.7183	13.7119	14.079	14.7537	15.848	15.3769	14.066	14.6543	18.6326	20.9581	13.5194	19.6296	30.5275	19.8681	9.0868	5.54996	26.1472	46.442	34.8107	4.67835	9.22065	26.9338	61.2874	57.1973	24.8682	25.8483	36.3234	32.0898	29.2747	32.5087	34.7974	38.1276	39.1454	33.9378	29.1381	33.3678	37.4071	40.0285	41.9962	42.8232	40.5163	32.9559	21.9167	16.1012	14.1702	15.709	11.1635	1.96338	9.25511	8.19095	16.9606	23.6336	19.4841	18.0128	24.4159	23.0884	32.827	26.8461	12.7134	16.689	11.2982	14.2864	22.5444	16.3966	23.4545	27.7196	16.1547	25.0991	32.1683	22.0643	11.7228	7.61004	6.25542	3.53645	6.57902	11.8398	17.2601	11.2703	1.31489	1.82304	1.50354	2.94363	2.37639	2.70903	4.94853	4.84428	1.8769	1.56837	2.0784	3.01591	3.10253	2.20246	2.37644	4.32659	6.03971	7.57577	6.65801	3.25875	1.82304	2.25466	4.92529	5.82704	7.69072	8.75309	9.1064	10.331	17.1678	20.7509	12.8846	8.69399	8.36086	6.98132	6.69502	7.06718	7.31179	6.69502	27.2198	27.0331	3.35897	5.13483	7.07853	7.82668	7.25802	9.28287	10.5338	17.0136	17.7696	14.815	15.3719	22.2697	28.6738	31.0414	34.4769	30.3858	32.6258	39.7283	45.7093	53.6649	55.9218	50.7961	42.9097	32.0452	21.5243	13.7427	23.1962	44.5096	19.2058	11.4948	24.3035	33.0988	39.5476	43.198	45.7975	42.9366	30.8482	18.1923	10.5141	12.2329	34.0362	41.5397	31.377	29.919	18.6722	5.70481	8.5159	30.0486	35.9416	30.2572	28.4682	20.1747	23.7926	21.8412	15.4485	19.8199	20.5669	17.4471	18.0008	17.5375	17.6048	20.3551	24.8169	29.0117	26.8727	15.1163	19.0683	13.2413	21.7363	23.7764	32.0897	38.2902	30.5181	22.5634	19.3148	12.2242	2.65341	11.2104	17.1204	15.9113	11.2285	17.3291	35.894	37.9935	29.5785	26.8642	25.5348	25.2232	26.2126	27.3932	28.0306	26.6768	27.7216	23.1728	12.9089	11.389	8.32423	15.9587	21.7428	18.7207	8.83551	9.60371	8.43214	31.8857	25.7915	10.8853	8.18309	13.2502	15.6954	16.031	19.9462	19.4459	14.0958	12.3652	19.2012	17.6763	5.95219	1.46998	7.40873	22.7287	22.1795	18.3163	19.9467	20.3455	19.1669
17.1777	16.1974	15.4234	24.0816	24.5128	12.1938	10.9061	10.0632	9.08645	8.58138	13.9061	19.5814	20.3436	15.6228	13.0455	13.7601	14.5403	16.0717	15.7354	13.9244	14.4224	18.4911	22.5157	16.5607	12.0578	25.9473	21.6235	12.2534	2.21727	21.3265	47.2754	39.9928	9.20539	8.90041	21.973	60.3223	56.7508	24.2678	26.2885	37.537	30.0536	31.0627	32.611	34.9161	40.7899	43.6099	34.2316	26.5991	29.9618	35.9674	39.7513	41.7603	42.7964	42.2341	38.4859	24.8246	16.1886	14.5267	16.9897	16.2797	9.4851	6.3972	7.87572	17.1697	25.4302	22.0985	16.7837	23.0514	21.1121	25.0903	19.0348	6.88657	15.3113	27.875	18.9813	25.0908	19.1508	22.4892	29.0102	17.5565	15.3603	20.172	22.2505	16.1528	10.743	6.73774	3.32384	6.82196	9.4547	16.5774	14.0944	1.8229	0.364699	1.8229	2.25437	1.8767	1.93762	4.4427	5.09546	2.37614	2.58985	2.53815	2.53815	2.07815	1.28919	2.01333	3.68272	5.38422	8.04023	7.86704	4.24522	3.35843	2.03796	4.37175	5.45403	6.90531	8.35996	9.10549	10.33	17.839	20.7488	12.2126	8.32902	8.04454	6.98068	6.69442	7.00168	7.24855	6.69442	24.3277	26.6212	4.38307	5.04385	7.07783	7.63278	7.08477	8.70239	9.95441	15.7472	16.9564	13.9427	13.9594	20.4265	26.7169	29.6712	33.8941	30.5256	30.0084	34.4825	42.1981	50.8865	56.55	54.4137	45.8563	35.2954	21.3766	34.0452	18.3157	49.4437	30.38	23.012	34.2581	36.3692	40.4816	43.5556	45.1452	39.6866	27.6735	14.9721	4.15113	11.2466	37.4284	42.6676	30.6249	30.1077	18.8937	5.80688	7.43454	23.3184	31.0005	30.3835	29.9445	22.9194	30.1583	19.5642	20.1203	19.9121	22.0523	17.2595	17.9507	17.0846	16.9081	23.2517	27.4934	27.1024	24.3631	18.189	32.295	21.6864	21.6539	23.7281	29.5422	38.7445	34.9312	25.5201	23.3916	17.9465	12.0095	12.5759	16.7173	18.8182	13.7797	16.4886	31.9982	31.9715	27.6123	26.9766	25.4435	25.2635	26.3466	27.5178	27.5597	25.0934	22.7485	19.1855	13.0844	10.9291	8.33126	16.8004	23.0132	18.7188	9.89637	10.0452	7.33781	29.1933	26.8959	12.5373	7.90045	14.2555	16.8795	16.9486	18.3708	15.0962	13.1537	14.2241	18.7526	15.5888	4.23356	1.90307	8.58277	27.4376	27.4888	18.689	19.945	20.0996	19.0546
12.1896	10.7035	8.19493	21.6052	23.3661	7.18201	4.11853	2.57678	0	3.09122	13.6592	20.2556	18.4192	10.7035	4.63123	3.60516	3.60516	8.19493	8.6995	3.60516	1.54674	11.2006	19.3425	15.1108	7.18201	23.3661	22.0496	13.6592	0	17.9537	47.4419	42.2732	11.2006	3.09122	14.1452	59.2843	55.5571	1.0313	10.2048	33.3071	18.4192	17.4858	4.63123	14.1452	34.3743	42.5543	29.944	13.6592	5.14318	1.54674	2.57678	3.09122	4.11853	23.7992	33.3071	17.9537	3.60516	5.14318	13.1713	17.4858	13.1713	2.06193	2.57678	15.5903	25.0814	20.7081	3.09122	7.68907	3.09122	17.4858	14.629	1.0313	9.7045	34.7242	20.2556	19.8004	15.5903	19.3425	27.9702	12.6814	6.67381	12.6814	19.3425	16.5427	11.696	6.67381	2.57678	6.67381	7.68907	15.5903	15.1108	2.06193	0.51569	1.54674	1.54674	1.54674	1.54674	4.11853	5.14318	2.57678	3.09122	2.57678	2.06193	1.54674	0.51569	1.0313	2.57678	4.11853	7.68907	8.19493	4.63123	4.11853	1.54674	2.57678	3.60516	4.63123	6.16455	7.18201	8.6995	17.4858	20.2556	10.7035	5.65432	4.63123	2.06193	0.51569	1.54674	1.54674	1.0313	22.4912	26.3373	4.11853	1.54674	5.14318	5.65432	4.63123	6.16455	7.18201	13.1713	14.1452	9.20271	6.16455	13.6592	20.2556	22.93	28.371	23.7992	18.4192	11.696	8.6995	19.3425	42.2732	46.7246	35.7561	25.0814	14.1452	41.7034	8.6995	50.3372	34.7242	27.9702	36.0943	25.9216	17.0154	13.1713	18.8821	8.19493	8.6995	8.19493	4.11853	10.7035	39.0098	43.109	29.944	29.944	18.4192	2.57678	3.09122	16.5427	22.0496	21.6052	23.3661	17.4858	31.8424	16.5427	18.8821	3.60516	15.1108	1.54674	3.60516	3.09122	7.18201	19.3425	21.158	15.1108	14.629	15.1108	37.7421	24.6569	3.60516	1.0313	11.696	30.7124	31.0921	21.158	22.4912	19.8004	16.5427	11.2006	4.63123	15.5903	12.1896	14.1452	28.371	23.3661	9.20271	4.11853	1.0313	2.57678	4.63123	5.65432	6.67381	6.16455	10.7035	13.1713	9.7045	6.16455	0.51569	15.5903	22.93	17.9537	9.20271	9.20271	3.09122	25.9216	25.0814	9.20271	0.51569	12.6814	15.1108	14.1452	14.629	11.2006	12.1896	14.629	17.9537	14.1452	3.09122	3.09122	8.6995	29.1635	27.9702	8.6995	10.2048	10.7035	9.20271
14.6903	14.65	14.5804	25.0863	26.1289	11.6469	10.7975	11.1833	10.8341	10.2821	16.0683	20.9847	19.8737	14.9902	12.9068	12.9165	12.9165	14.8285	15.5683	14.5962	14.9206	18.512	24.0771	19.9925	7.25827	20.7078	22.3482	14.6579	1.06294	15.64	46.7774	43.4183	14.0844	6.44691	10.7499	58.172	55.5548	12.5252	15.8578	34.8989	24.8698	29.9259	28.1798	32.8158	44.1667	51.3922	49.8488	47.4856	41.3566	34.2681	32.5349	33.2719	34.2957	40.5589	47.471	41.9346	27.4427	15.8578	15.5362	20.9762	17.7646	4.18989	7.98862	18.4437	27.3509	23.2109	14.1457	17.9822	18.1374	19.1354	14.4962	7.0836	14.2991	34.109	22.6431	20.7778	20.7565	21.6556	28.4706	17.3203	17.0397	19.6884	17.2352	12.5631	12.2831	8.33892	2.94278	6.75101	7.64819	13.6874	15.4203	10.4888	8.13916	6.03815	3.86165	2.19426	1.96281	4.40089	4.84289	2.06174	2.5766	3.99214	5.07209	3.92947	1.72906	1.55737	1.42361	3.92947	8.10893	8.89645	5.46794	4.80536	2.31919	2.37578	4.606	6.53745	7.86576	8.483	9.89458	18.4678	20.5153	11.0076	8.86774	9.48381	8.66388	7.61456	7.44196	8.00686	9.08468	21.8697	24.8583	4.72939	2.65272	5.48	7.07422	7.28953	8.34488	9.00795	14.8842	16.3059	9.54406	5.20944	12.9351	19.2598	21.3751	27.7561	27.8956	27.1628	22.4913	17.1953	21.8779	41.9421	47.0774	36.8541	28.6289	23.9002	42.6704	29.9328	48.2862	30.7235	26.6471	37.01	28.444	19.3411	15.1227	24.9336	24.2311	25.2181	19.9384	8.68597	10.5608	40.9304	45.5243	31.3535	29.5911	18.5256	5.93972	6.14566	16.4857	22.8521	25.3161	28.5928	24.787	34.3085	22.8214	25.8136	19.9417	24.9951	21.1188	20.9684	20.7724	20.9485	24.0128	22.2024	15.8575	14.7953	14.7206	39.1923	43.8015	39.9332	34.3621	29.817	31.4576	26.1698	18.2234	22.8426	21.4841	18.2133	14.8598	3.11243	17.2071	16.9378	15.8158	27.4533	26.8373	25.511	26.7243	26.7574	26.6359	27.0772	26.9108	24.7819	20.8764	17.064	14.9739	11.908	9.06855	6.9325	17.2043	23.7941	18.6371	11.3467	10.3296	8.77463	25.6884	28.3047	19.1677	13.3214	15.8207	17.5264	17.7846	18.9732	14.4795	11.3301	14.1656	18.4435	13.9794	1.96281	4.56274	10.2553	30.8586	30.929	16.5212	17.4287	17.0163	15.5866
13.5984	13.5861	13.9095	26.3828	28.0325	11.3613	10.5106	11.0915	10.8857	11.2244	16.9031	19.7301	18.4766	14.2176	12.7507	12.9153	12.9153	14.5791	15.0947	14.4565	14.8867	18.5105	25.4993	22.8689	6.77482	15.1102	22.5646	16.3164	3.10136	10.2544	44.7919	44.7265	16.0026	7.2553	3.74837	55.5627	54.9729	12.6823	14.4564	33.1443	22.7358	32.7345	28.8422	31.7858	41.2279	48.9979	48.8612	48.6047	44.3024	34.9121	32.5054	33.2262	34.2235	38.6607	46.7907	46.9165	35.8048	21.2673	13.939	23.5877	25.6655	7.6072	7.81572	19.4546	28.4771	23.209	15.7844	17.2642	18.1007	15.0947	10.9852	8.0845	15.7794	31.4549	24.6834	17.1595	20.7548	19.5109	26.7611	19.4283	20.0977	18.7951	10.6382	4.26345	12.2821	10.7519	3.18042	6.75041	7.39712	9.03559	12.0353	11.1042	9.03943	7.79888	6.57906	3.47848	2.44429	4.64816	4.08965	1.03111	1.54654	3.83998	5.65929	7.22142	3.68613	1.42356	0.911405	2.73851	7.8732	9.37385	6.17675	5.79652	3.86123	1.87628	3.83998	6.36466	8.0683	8.2741	9.67817	19.3629	20.2917	9.12592	8.13838	9.26407	8.90506	7.74066	7.3975	7.94117	9.11918	18.4913	21.408	5.20583	2.44439	4.2481	6.24016	7.28888	8.53538	9.42511	17.4401	20.4802	9.54321	3.05298	11.4575	16.9518	16.6134	22.1182	25.0989	27.7099	25.3692	20.888	22.8759	39.9324	46.3665	35.2918	26.2814	23.8983	37.7266	29.5865	39.5484	20.5436	23.9057	38.7732	32.8017	21.029	14.5191	30.8238	29.9918	27.8058	28.613	12.1117	9.37557	44.1273	48.6819	29.7928	26.2058	16.3757	5.7027	5.85026	13.2185	19.0252	23.0912	28.434	26.5325	33.9875	21.6932	26.112	19.8038	24.6397	21.1875	20.9667	20.7413	20.6909	21.5801	18.3126	13.306	13.0296	15.9955	31.3815	42.8588	41.1454	35.2998	29.0027	24.4611	14.0843	11.6644	21.3831	21.8953	18.0034	19.5185	13.2113	14.9797	20.119	15.1972	21.8345	22.585	24.8873	26.6338	26.748	26.6338	27.1469	26.7773	24.4451	20.6202	15.5081	12.2863	11.165	8.74995	6.93188	17.8541	24.2096	18.1965	12.4274	10.1106	11.8184	20.8467	26.809	20.9511	13.7708	14.4783	17.1319	18.9534	20.087	12.7408	7.39742	12.7331	19.1296	13.2592	1.09367	6.75284	11.8923	33.226	34.0905	17.8447	17.2954	16.4775	15.1975
9.20011	7.17996	5.14171	24.6506	27.5597	6.16279	2.06133	1.54629	1.54629	7.17996	15.586	17.481	15.1066	8.1926	3.60413	3.60413	3.60413	7.17996	6.6719	2.06133	0.515542	11.1975	22.9241	22.0438	6.16279	12.1862	22.4854	17.0108	4.11734	6.6719	43.3744	44.9654	15.586	5.6527	0	54.0066	54.3597	3.09033	3.60413	29.1565	10.2019	27.153	11.1975	0	18.8771	30.7051	20.7027	26.7434	31.0848	12.1862	1.031	0.515542	1.031	5.6527	29.5482	41.4064	35.4073	21.1525	8.69703	23.36	29.1565	9.20011	1.031	17.9489	27.5597	20.7027	10.7005	1.54629	2.57604	3.60413	5.6527	5.6527	13.6554	29.1565	24.6506	10.2019	15.586	13.6554	24.2233	17.9489	17.0108	9.20011	2.06133	0	11.6927	11.6927	3.09033	6.6719	7.17996	5.6527	6.16279	5.6527	5.6527	7.17996	7.68688	4.11734	2.57604	4.6299	3.60413	0.515542	1.031	2.06133	4.11734	8.69703	4.6299	0.515542	2.06133	1.031	7.17996	9.20011	6.16279	6.16279	4.6299	1.54629	0	4.11734	6.6719	6.6719	8.1926	19.3374	19.7951	6.16279	2.57604	3.60413	3.60413	2.06133	1.031	0.515542	1.54629	15.1066	19.3374	5.14171	0.515542	1.54629	3.09033	4.6299	6.6719	8.1926	18.4142	22.4854	9.20011	1.54629	10.7005	15.586	12.6779	14.625	15.1066	20.2502	21.1525	19.3374	21.5995	38.0552	45.2224	32.2056	18.4142	14.1412	28.3641	4.11734	28.7618	13.1676	22.4854	39.619	34.7164	20.7027	11.6927	32.2056	27.9634	20.2502	30.7051	12.6779	8.1926	45.477	49.6904	26.3307	22.4854	13.6554	1.031	1.54629	8.69703	12.1862	15.1066	22.9241	22.4854	31.0848	12.6779	19.7951	0.515542	13.6554	3.09033	3.60413	2.57604	5.14171	11.1975	10.7005	8.69703	10.7005	17.481	6.6719	17.0108	19.7951	14.625	1.54629	7.68688	4.6299	7.68688	19.3374	20.7027	16.0633	21.1525	18.4142	9.70176	19.7951	12.6779	15.1066	8.1926	2.06133	2.06133	0	2.57604	5.6527	3.60413	1.54629	3.60413	2.06133	4.6299	7.68688	5.14171	0.515542	17.0108	23.7931	17.0108	11.6927	8.69703	11.6927	14.1412	21.1525	15.586	5.14171	8.69703	14.1412	17.0108	17.481	5.14171	0.515542	11.6927	19.3374	12.6779	2.06133	7.68688	12.1862	34.0139	34.7164	13.1676	9.70176	8.69703	7.68688
9.1993	7.17932	5.14125	24.6487	27.5576	6.16224	2.06115	1.54615	1.54615	7.17932	15.5847	17.4796	15.1053	8.19187	3.60381	3.60381	3.60381	7.17932	6.67131	2.06115	0.515496	11.1965	22.9223	22.042	6.16224	12.1851	22.4836	17.0094	4.11698	6.67131	43.3718	44.9629	15.5847	5.6522	0	54.0042	54.3573	3.09006	3.60381	29.1543	10.201	27.1509	11.1965	0	18.8755	30.7029	20.701	26.7413	31.0825	12.1851	1.03091	0.515496	1.03091	5.6522	29.546	41.4039	35.4048	21.1507	8.69626	23.3582	29.1543	9.1993	1.03091	17.9474	27.5576	20.701	10.6996	1.54615	2.57581	3.60381	5.6522	5.6522	13.6543	29.1543	24.6487	10.201	15.5847	13.6543	24.2214	17.9474	17.0094	9.1993	2.06115	0	11.6917	11.6917	3.09006	6.67131	7.17932	5.6522	6.16224	5.6522	5.6522	7.17932	7.6862	4.11698	2.57581	4.62948	3.60381	0.515496	1.03091	2.06115	4.11698	8.69626	4.62948	0.515496	2.06115	1.03091	7.17932	9.1993	6.16224	6.16224	4.62948	1.54615	0	4.11698	6.67131	6.67131	8.19187	19.3358	19.7935	6.16224	2.57581	3.60381	3.60381	2.06115	1.03091	0.515496	1.54615	15.1053	19.3358	5.14125	0.515496	1.54615	3.09006	4.62948	6.67131	8.19187	18.4127	22.4836	9.1993	1.54615	10.6996	15.5847	12.6768	14.6237	15.1053	20.2486	21.1507	19.3358	21.5978	38.0527	45.2198	32.2033	18.4127	14.14	28.362	4.11698	28.7596	13.1665	22.4836	39.6164	34.714	20.701	11.6917	32.2033	27.9613	20.2486	30.7029	12.6768	8.19187	45.4744	49.6878	26.3287	22.4836	13.6543	1.03091	1.54615	8.69626	12.1851	15.1053	22.9223	22.4836	31.0825	12.6768	19.7935	0.515496	13.6543	3.09006	3.60381	2.57581	5.14125	11.1965	10.6996	8.69626	10.6996	17.4796	6.67131	17.0094	19.7935	14.6237	1.54615	7.6862	4.62948	7.6862	19.3358	20.701	16.0619	21.1507	18.4127	9.70091	19.7935	12.6768	15.1053	8.19187	2.06115	2.06115	0	2.57581	5.6522	3.60381	1.54615	3.60381	2.06115	4.62948	7.6862	5.14125	0.515496	17.0094	23.7912	17.0094	11.6917	8.69626	11.6917	14.14	21.1507	15.5847	5.14125	8.69626	14.14	17.0094	17.4796	5.14125	0.515496	11.6917	19.3358	12.6768	2.06115	7.6862	12.1851	34.0115	34.714	13.1665	9.70091	8.69626	7.6862
13.4592	12.9918	12.7556	27.187	28.48	10.6187	10.3523	10.5589	10.3523	12.1601	17.972	19.8668	19.4497	16.6895	15.5812	15.9061	16.0994	17.6751	20.5979	22.6594	20.6694	20.4193	26.1612	23.528	9.17944	10.4966	21.9372	17.7189	5.76938	6.95089	40.1189	46.2402	37.7906	38.8122	42.6839	55.206	51.1897	10.7243	12.8768	28.8535	6.79913	27.8947	11.622	2.47737	17.4446	29.4698	23.6802	28.8394	33.0569	14.8717	3.92809	4.99183	5.49307	8.14783	26.8134	38.5806	37.3316	26.3867	13.7844	23.8997	28.7624	11.6005	7.88979	20.2152	29.3308	22.902	15.8065	13.5916	15.2323	15.3898	15.4376	15.9885	20.1266	30.0989	25.1534	13.4282	18.5806	17.8234	25.1832	18.8802	18.0276	12.4804	9.73017	10.0019	10.6349	10.3118	3.08978	6.06808	6.734	6.31374	6.77265	6.25916	6.43166	7.67715	8.16756	6.6905	6.67102	7.68578	7.12438	6.0684	5.42091	4.31242	5.29829	9.59587	8.6976	3.4633	1.64987	0.91119	6.46198	8.74721	6.88244	7.21713	5.39332	1.93654	0.929217	3.89	7.1242	7.74447	9.21257	20.1087	19.9409	9.50388	9.87189	10.3998	10.2783	8.73471	7.86308	8.50483	10.1144	17.0954	18.2004	4.96194	1.87574	2.77979	5.20455	7.91021	10.177	11.6816	20.7262	24.0037	10.1391	1.93654	10.2001	14.5902	11.9101	15.2039	17.235	23.0017	22.9947	19.2197	20.8389	35.3582	43.3754	37.1682	33.8232	33.8543	40.5748	41.346	43.0778	34.4855	36.0789	43.4102	36.5878	25.3987	18.9087	36.7815	31.491	28.0959	31.4254	10.7106	13.0772	46.4402	50.2742	26.9292	21.8622	14.3831	5.54655	5.76963	9.96331	13.9789	17.1092	23.633	24.7973	33.4506	31.2363	32.5687	23.9231	24.4385	21.8463	21.7783	20.909	20.3341	20.8796	18.797	15.3554	13.6309	16.5176	10.777	18.2367	29.3912	31.6171	26.9633	27.1951	26.918	25.3514	24.7603	21.105	16.2095	22.0956	19.5047	11.5557	20.8304	15.7151	17.8112	17.8963	20.0431	21.3166	21.5971	21.4776	21.0932	18.8695	16.3264	14.3625	11.8154	9.46174	10.1	7.50856	4.88529	16.8564	23.9412	19.0341	13.7441	9.42751	13.6171	14.3451	23.3369	22.0026	14.986	14.011	16.6305	18.575	19.3468	10.7463	8.59346	11.3883	18.9956	12.2059	2.77965	8.07387	13.6947	35.8545	36.1906	16.7538	13.7801	12.4104	11.7152
12.9952	12.4281	13.0855	29.2669	28.4774	9.94967	10.2773	10.5578	10.449	12.3069	17.1992	18.2179	18.3225	16.4732	15.5294	15.8138	16.1532	17.0658	20.268	22.6407	21.8073	24.7333	29.2042	24.555	11.5394	6.81745	20.8182	19.1084	8.47881	5.56073	29.3519	40.0258	37.3359	38.8293	43.2414	49.106	40.1079	10.6579	14.455	25.2675	5.6309	29.2809	11.8613	2.70706	13.7504	25.0185	24.8324	30.6987	36.162	20.0233	5.29766	5.29779	5.49248	8.51883	20.8056	31.6218	39.4883	35.4341	19.0959	22.0856	26.7973	12.6561	8.36618	21.0333	30.2507	22.8998	16.6671	14.4086	15.1352	15.2307	15.3539	16.3701	20.1246	27.6134	22.8029	12.1858	17.3328	17.3125	23.4361	17.2332	17.3832	13.6721	9.85954	10.4002	6.71171	7.33912	3.08945	4.7996	5.29759	6.31307	6.77193	6.03507	6.43097	7.22315	6.92894	6.20361	6.67031	7.68496	7.12362	6.10001	5.42033	4.12439	4.49158	7.71234	10.3309	8.33493	1.06247	1.9018	4.94472	7.29474	6.88171	8.41775	6.64307	2.70694	1.72822	2.60735	6.26636	7.33039	8.39293	20.3256	18.6287	8.5039	9.81247	10.3189	10.7127	9.19965	7.83749	8.68389	10.6698	15.7516	14.0604	3.40037	1.87553	2.94147	4.94498	7.29505	9.7339	11.8563	23.2679	26.5076	11.8666	2.70694	9.19751	12.4125	8.98754	13.1312	17.2332	26.7019	26.3843	18.9877	19.2474	28.6413	35.9477	33.6902	33.0377	33.6017	37.6827	41.3852	40.5869	33.6896	35.8878	40.6905	31.8478	23.8502	18.2721	39.8284	29.9309	38.0698	32.7149	5.85627	15.1277	47.2658	50.4773	24.6404	18.4845	13.9323	5.68605	5.84796	8.51889	12.995	16.5061	20.7464	21.3681	27.7214	30.3362	30.4816	25.2286	24.2148	21.7768	21.6757	20.8512	20.1243	20.1743	17.7835	14.2339	11.706	12.6105	14.387	16.2608	26.7237	32.32	27.2959	27.5021	26.8846	24.8951	21.5014	16.1076	13.5034	22.519	19.7192	10.4518	19.5977	15.1637	15.081	17.0503	20.0411	21.2758	21.5949	21.4346	20.8671	18.7671	17.0899	15.0871	12.8706	8.89442	9.41818	6.82726	4.99129	15.0564	22.485	20.3085	15.2982	8.77025	15.4267	10.4944	20.422	22.9756	16.1429	13.2511	15.5144	17.7567	19.5521	11.2957	9.05196	8.51883	17.8506	10.985	4.03933	8.82863	16.3103	38.7575	37.6344	16.9379	13.301	11.7888	11.7139
7.68401	4.62816	6.66941	29.1473	27.5508	3.08917	1.03061	1.54571	2.57507	7.68401	13.6505	13.1628	11.6884	7.17728	3.08917	2.57507	4.11579	2.06056	3.60277	1.54571	10.6966	23.3522	29.5389	24.2152	11.6884	4.62816	20.2432	19.7882	9.69817	3.08917	17.9425	25.4881	11.1933	6.16048	14.6197	32.928	27.5508	2.57507	10.1981	21.1452	8.6938	29.9275	11.6884	1.54571	11.1933	21.1452	23.3522	30.6956	37.3998	22.4777	5.13978	2.57507	1.03061	6.66941	17.4748	27.1442	39.9129	39.3011	20.6955	19.3306	25.0668	11.6884	4.11579	19.7882	29.5389	20.6955	13.1628	7.17728	0.515347	1.54571	5.13978	7.68401	13.6505	23.3522	19.3306	6.16048	12.1817	12.1817	20.2432	14.1361	15.5804	12.1817	3.08917	4.11579	0	5.65058	3.08917	4.11579	4.11579	5.65058	6.16048	5.13978	5.65058	6.16048	4.62816	2.06056	2.57507	4.62816	3.60277	1.03061	1.03061	1.03061	1.03061	3.08917	9.19669	10.6966	1.03061	2.57507	4.11579	6.16048	6.16048	8.6938	7.17728	3.08917	2.06056	0.515347	4.62816	5.65058	6.16048	19.7882	17.0048	1.03061	2.06056	3.08917	5.65058	4.62816	0.515347	2.57507	5.13978	11.6884	10.1981	0.515347	0.515347	2.06056	2.06056	1.54571	5.13978	8.6938	23.7851	27.5508	12.6732	3.08917	8.6938	11.1933	6.16048	9.69817	15.1012	27.9544	27.9544	18.8704	18.4077	24.2152	27.9544	20.2432	13.6505	12.1817	7.68401	5.65058	8.18955	0.515347	21.5921	31.4517	21.1452	16.0575	9.19669	39.3011	23.7851	41.6844	33.2896	0.515347	13.6505	47.1859	50.1074	21.1452	15.1012	12.6732	2.06056	2.06056	4.62816	9.69817	13.6505	16.0575	12.6732	11.6884	0	4.62816	12.6732	12.6732	1.54571	1.54571	1.03061	2.57507	7.68401	5.65058	2.06056	3.60277	8.6938	15.1012	12.1817	2.57507	18.4077	7.17728	10.1981	4.11579	0.515347	5.13978	6.16048	9.69817	22.0363	18.8704	6.66941	17.0048	11.1933	6.16048	1.03061	2.06056	0.515347	0	1.54571	3.08917	2.06056	7.68401	7.68401	7.68401	0	5.65058	2.57507	1.54571	13.1628	20.6955	19.7882	15.1012	7.17728	15.5804	2.06056	13.1628	18.4077	10.1981	5.65058	11.1933	15.1012	17.9425	7.17728	4.11579	4.62816	17.0048	10.1981	4.62816	9.19669	17.4748	39.9129	37.7237	13.6505	8.18955	6.66941	7.68401
7.68333	4.62774	6.66881	29.1451	27.5487	3.08889	1.03052	1.54557	2.57484	7.68333	13.6493	13.1617	11.6874	7.17664	3.08889	2.57484	4.11543	2.06037	3.60245	1.54557	10.6956	23.3503	29.5367	24.2133	11.6874	4.62774	20.2415	19.7866	9.69731	3.08889	17.941	25.4861	11.1924	6.15993	14.6184	32.9256	27.5487	2.57484	10.1972	21.1434	8.69303	29.9252	11.6874	1.54557	11.1924	21.1434	23.3503	30.6934	37.3974	22.4759	5.13932	2.57484	1.03052	6.66881	17.4734	27.1421	39.9103	39.2986	20.6938	19.329	25.0648	11.6874	4.11543	19.7866	29.5367	20.6938	13.1617	7.17664	0.515301	1.54557	5.13932	7.68333	13.6493	23.3503	19.329	6.15993	12.1807	12.1807	20.2415	14.1349	15.5791	12.1807	3.08889	4.11543	0	5.65008	3.08889	4.11543	4.11543	5.65008	6.15993	5.13932	5.65008	6.15993	4.62774	2.06037	2.57484	4.62774	3.60245	1.03052	1.03052	1.03052	1.03052	3.08889	9.19588	10.6956	1.03052	2.57484	4.11543	6.15993	6.15993	8.69303	7.17664	3.08889	2.06037	0.515301	4.62774	5.65008	6.15993	19.7866	17.0033	1.03052	2.06037	3.08889	5.65008	4.62774	0.515301	2.57484	5.13932	11.6874	10.1972	0.515301	0.515301	2.06037	2.06037	1.54557	5.13932	8.69303	23.7832	27.5487	12.6721	3.08889	8.69303	11.1924	6.15993	9.69731	15.0999	27.9523	27.9523	18.8689	18.4062	24.2133	27.9523	20.2415	13.6493	12.1807	7.68333	5.65008	8.18882	0.515301	21.5904	31.4494	21.1434	16.0561	9.19588	39.2986	23.7832	41.6819	33.2872	0.515301	13.6493	47.1834	50.1049	21.1434	15.0999	12.6721	2.06037	2.06037	4.62774	9.69731	13.6493	16.0561	12.6721	11.6874	0	4.62774	12.6721	12.6721	1.54557	1.54557	1.03052	2.57484	7.68333	5.65008	2.06037	3.60245	8.69303	15.0999	12.1807	2.57484	18.4062	7.17664	10.1972	4.11543	0.515301	5.13932	6.15993	9.69731	22.0345	18.8689	6.66881	17.0033	11.1924	6.15993	1.03052	2.06037	0.515301	0	1.54557	3.08889	2.06037	7.68333	7.68333	7.68333	0	5.65008	2.57484	1.54557	13.1617	20.6938	19.7866	15.0999	7.17664	15.5791	2.06037	13.1617	18.4062	10.1972	5.65008	11.1924	15.0999	17.941	7.17664	4.11543	4.62774	17.0033	10.1972	4.62774	9.19588	17.4734	39.9103	37.7212	13.6493	8.18882	6.66881	7.68333
12.4145	11.7108	12.0312	29.5928	26.7929	11.2283	11.262	10.9422	10.9868	13.162	17.4737	18.938	19.9469	17.9989	16.3758	17.1129	17.9829	19.443	20.2523	15.5105	15.0442	24.6475	29.1813	22.8056	11.6593	4.94336	19.3506	19.5576	11.7824	9.92585	22.132	39.1529	44.4963	43.784	42.4254	41.6422	31.8859	18.817	19.5504	25.9686	19.3581	33.9923	24.7747	24.0879	34.6103	45.5529	48.0307	45.5012	38.8164	22.6608	11.4833	11.047	11.9585	17.9471	25.7987	28.6739	37.8185	38.8704	24.3019	22.6037	24.9821	12.9925	7.42744	18.9034	27.7561	21.0558	17.2913	14.2725	13.7707	14.9885	16.402	17.5766	19.6736	24.7611	20.566	10.9996	15.6356	16.141	21.2616	14.4496	14.5262	10.7211	2.82581	3.09392	0.407361	4.54474	3.47619	4.75703	5.29615	6.97602	7.31264	5.49063	5.3423	5.52336	4.3975	2.55526	3.09932	5.17067	4.37125	2.03596	1.83024	1.63914	1.46844	3.14167	8.47079	11.6891	7.88659	2.19261	5.55611	5.23062	5.39423	8.28593	7.48808	3.83718	2.44938	1.16637	4.60238	6.55234	7.78532	20.2893	18.4264	6.54008	6.93891	8.41574	10.4002	10.2588	9.32861	10.0868	11.1493	12.9532	9.20373	1.93588	2.06026	4.19836	5.24331	5.64105	7.81855	10.5994	23.9453	27.691	15.9849	9.08474	11.1815	12.1449	10.3406	15.2431	20.4499	29.5407	27.5607	21.6404	22.5183	26.2739	33.7646	36.726	36.8513	37.7182	37.7274	36.628	35.0096	34.4647	37.6917	37.2515	28.0905	27.2376	26.8418	42.1805	33.2295	44.457	44.0423	30.662	20.2383	45.7157	49.5108	21.0237	14.2978	12.6732	5.06806	6.43447	9.11292	12.2206	15.8185	18.4742	17.6138	20.2631	21.4807	19.3999	20.559	20.5861	20.019	21.327	21.1476	19.7148	18.0376	14.8249	12.1093	10.9594	11.3619	14.153	12.9062	7.93376	20.938	21.8608	23.3495	23.3858	24.5331	24.8883	24.9457	25.3466	26.2589	18.5559	9.95954	17.7717	16.6743	16.6309	17.4062	17.6827	17.2531	16.6524	16.2298	15.2265	13.4038	13.9739	13.3147	12.2053	7.35729	6.91057	3.11003	2.30309	11.1983	20.2928	22.0601	16.6302	8.07883	16.1481	5.91034	14.6505	21.2307	16.2295	13.1609	15.1277	17.1209	19.1869	10.814	9.03336	7.56378	16.4978	9.93202	5.20229	10.3278	19.3748	41.3516	38.7163	15.0122	8.16048	3.89265	7.0895
11.7672	11.922	15.3125	29.5906	23.3808	11.0461	11.3279	10.9815	10.9858	12.7739	15.9135	17.5051	19.695	18.5198	16.276	17.0287	17.9329	19.7447	20.1257	22.1644	21.7739	27.1456	28.3889	19.9001	11.1733	4.49708	17.4969	19.0973	15.6454	15.6695	24.6229	37.3694	44.2884	43.6962	41.9514	37.5277	26.6542	18.7513	19.0329	25.8023	18.4951	32.3949	24.8697	24.7522	40.2242	49.8142	48.2133	42.8973	30.8226	16.6018	11.7205	11.1823	12.3532	21.2006	27.1225	24.3105	31.9419	37.7627	29.4768	24.1545	21.8091	11.7843	7.29449	16.1863	24.0042	21.7232	24.3891	18.5131	13.8362	15.1477	16.559	17.6777	18.8204	22.1851	18.7812	10.4375	14.6286	15.6314	19.4582	11.9819	11.4969	7.71969	1.83007	1.10791	0.546464	2.2812	2.91773	4.18224	5.29567	8.65613	9.57774	5.99195	4.58757	4.24467	3.66083	2.36673	2.73639	5.17021	4.82857	2.19244	2.00295	1.83005	1.32593	2.37373	5.6317	9.15602	13.2459	10.1656	4.73943	2.91773	3.85825	7.28754	7.73437	5.09017	3.21926	1.83005	3.32042	5.64043	6.94755	19.4252	18.8564	6.65805	6.7961	8.14216	10.1519	10.2579	9.32092	10.2362	11.1483	10.6776	5.83446	2.0358	2.30296	5.11601	6.0003	5.53502	7.65885	10.5985	22.6928	25.9316	16.5648	10.3272	12.2258	10.7189	9.57825	14.1641	23.8682	30.8397	24.2504	20.2009	22.5165	21.2041	29.0851	35.7447	36.4805	37.4777	37.6977	36.5036	34.7488	34.5754	36.8091	32.9019	25.5192	29.3684	28.0683	40.0684	35.0604	39.1636	44.2218	34.6637	19.5431	41.7451	48.1722	20.5742	12.5971	12.6721	9.29465	6.90299	9.24485	11.5012	14.6782	16.8376	15.8307	18.7237	21.5019	19.6536	20.8363	19.2983	20.0622	21.3946	21.1459	19.6874	17.3068	14.3186	12.072	10.6956	9.93312	10.6134	13.3756	12.0717	16.7888	21.5704	23.2592	24.2128	24.5374	24.7812	24.9948	25.0706	22.3057	13.1339	9.64621	14.4422	15.408	16.1401	17.4752	17.6581	17.2788	16.6829	16.2101	15.0978	14.0862	14.399	14.2745	13.2577	7.77646	5.69829	3.10975	3.255	6.70898	17.4979	24.342	18.2048	7.85901	16.3772	6.77441	11.9821	20.3079	16.3777	12.8165	14.3226	15.9583	18.3543	10.9813	9.28463	6.84145	14.4324	8.73015	5.68367	12.5526	22.7122	43.5729	39.4736	13.0959	5.76967	1.87474	5.60851
5.13785	5.64846	15.0957	29.1381	20.2362	1.03022	2.05978	2.05978	2.5741	6.15817	8.69056	7.68115	10.6926	9.69457	1.54512	0.515153	3.60141	5.64846	1.03022	22.9086	24.6342	28.346	27.9455	18.4013	10.6926	3.60141	16.5264	18.8638	17.4686	17.4686	23.7771	14.6144	6.15817	1.54512	6.66691	7.68115	2.5741	1.03022	7.68115	20.6884	1.03022	25.4797	12.1773	9.19328	35.7278	43.0791	25.0584	5.13785	2.5741	1.03022	6.15817	3.60141	4.62642	17.9362	21.5847	15.0957	27.542	37.0628	31.4421	22.9086	17.9362	8.69056	3.60141	14.131	22.0288	22.0288	27.542	18.4013	2.05978	3.60141	6.15817	8.18649	10.6926	16.9987	15.0957	3.60141	9.19328	10.6926	16.0518	8.18649	9.19328	6.15817	0.515153	0.515153	0.515153	1.03022	1.54512	2.5741	4.11425	9.19328	10.6926	6.15817	4.11425	3.60141	3.08801	1.54512	1.54512	4.62642	4.62642	1.54512	1.54512	1.54512	0.515153	1.03022	2.05978	2.5741	15.0957	14.131	0	0.515153	3.08801	6.66691	7.68115	5.64846	3.60141	2.05978	1.03022	3.08801	3.60141	17.9362	17.9362	2.05978	0.515153	0.515153	4.62642	4.62642	0	3.60141	5.13785	5.13785	1.54512	1.03022	1.54512	4.62642	4.62642	0	4.62642	8.69056	21.1379	23.7771	14.131	7.68115	11.1892	7.68115	2.5741	5.13785	23.3443	30.6861	20.6884	15.0957	18.4013	7.17459	4.62642	13.6455	9.69457	9.19328	7.17459	0	2.5741	5.13785	16.0518	13.158	10.6926	23.3443	16.0518	33.6382	29.5296	23.7771	33.9938	26.726	11.1892	38.9805	47.4121	20.2362	11.6841	12.6686	11.1892	4.11425	5.13785	7.68115	10.6926	11.6841	5.64846	0	1.54512	6.66691	13.6455	6.66691	2.5741	3.08801	1.03022	2.05978	1.03022	0	1.54512	1.03022	3.60141	7.17459	13.158	13.158	0	4.62642	9.69457	10.6926	1.03022	3.60141	6.66691	7.68115	6.66691	1.03022	5.64846	8.18649	6.15817	1.54512	2.5741	1.54512	1.54512	1.54512	1.03022	1.03022	6.66691	9.19328	10.6926	10.6926	3.60141	1.03022	2.5741	3.60141	3.60141	14.6144	24.6342	18.4013	6.66691	16.0518	5.13785	5.13785	16.0518	10.6926	3.60141	8.69056	12.1773	16.0518	7.68115	5.13785	0.515153	12.6686	7.68115	5.64846	13.6455	24.2071	44.4229	39.2905	8.69056	0	4.62642	4.62642
11.2616	10.8695	17.2315	28.3585	21.0637	11.7506	11.8144	12.3017	12.5758	13.7971	16.0927	17.8387	20.2324	20.0095	17.4219	17.2402	17.3824	15.1041	10.101	29.6881	27.843	26.9134	25.1357	16.5686	11.1218	7.78541	16.0994	17.3695	15.3252	16.0522	25.8113	23.7137	18.9848	28.2505	27.5066	24.556	21.2753	19.1888	17.8908	25.1418	18.3732	31.2803	29.6864	30.6858	40.8476	43.8599	26.4017	11.1096	8.80961	8.57468	11.4911	11.1915	12.6447	25.4818	31.0471	26.8658	28.8629	35.9737	32.5309	23.8568	18.7471	10.6947	7.51227	14.8764	21.2888	20.1378	29.5463	23.7188	13.4874	14.2263	15.8874	17.7929	18.5453	20.2741	17.4237	10.4706	13.6728	13.9349	16.1991	8.47418	7.94538	5.05032	1.96928	2.33114	2.84266	3.25455	3.45149	4.01672	5.16608	10.5513	11.707	6.09891	3.99188	3.23909	2.72972	1.72724	1.7931	4.65427	4.76937	1.80229	1.7176	1.6285	1.09262	1.63868	1.90071	2.19194	13.3453	14.0831	4.81076	2.687	4.36633	6.33527	6.68572	5.44711	3.93366	2.57382	1.42221	3.92546	5.91144	17.6806	20.4766	11.1039	7.81664	6.2891	7.10359	7.42542	6.92064	6.93698	6.53814	5.49516	2.64995	2.44206	3.53181	6.23409	5.81928	3.23931	5.37758	8.80005	20.284	24.0073	18.7964	14.7582	15.3246	12.202	4.03729	7.8841	21.9292	27.1589	21.39	19.6144	22.3347	22.9079	33.8637	40.13	39.9631	38.4808	36.2368	31.8446	28.4797	27.7376	27.5076	21.6065	18.9	30.32	29.8081	34.4163	28.4275	22.6097	38.5712	37.4554	27.2342	33.7713	43.4788	24.7796	13.7964	13.3627	12.9876	6.82309	6.05615	9.92309	12.5556	15.1207	13.1914	12.9347	13.7258	14.9187	18.5203	17.5896	16.8256	14.8497	13.5693	13.6507	13.2941	12.3157	11.5703	10.9667	10.9436	11.8658	14.8409	14.7743	10.1705	17.976	28.8946	30.1169	27.3391	25.3497	22.3397	17.6913	12.8938	9.72382	11.446	14.7018	16.8675	18.1939	17.3849	14.6139	12.9263	11.524	7.58323	4.2787	7.21446	7.8078	9.45504	11.9756	6.48038	0.257572	3.05004	3.9169	4.42613	14.5064	23.6739	17.4208	7.56569	16.2209	7.21236	7.21256	16.735	15.0507	13.1634	14.1701	15.8115	17.9039	10.4839	8.74168	6.03197	12.9063	8.01028	6.53796	13.49	24.2327	46.0813	40.7075	4.19709	12.0372	23.2002	22.139
11.5036	12.3746	19.2001	25.5761	18.5082	11.8132	11.7494	12.2395	12.6287	13.4345	15.1186	17.302	20.0076	20.2305	17.4437	17.2384	17.488	14.7581	23.6587	38.8313	26.9879	20.7705	18.7942	12.5243	9.26975	7.78461	13.6351	14.0633	10.7334	10.6344	25.62	38.4449	29.3498	28.2597	27.2342	24.0771	21.3016	19.469	17.1932	25.1396	19.682	27.9187	28.9376	30.6831	38.8596	39.8317	21.8274	10.7384	9.08845	8.81053	12.0852	11.588	13.1947	30.2546	34.6157	26.1744	23.216	31.7286	33.2356	23.2456	17.6823	10.3073	7.63979	13.998	19.0683	16.1901	33.2898	30.7166	13.6357	14.289	16.4204	18.3836	18.0641	18.1558	15.63	10.323	12.9534	12.5495	13.4947	6.70718	5.05965	2.77751	1.93515	2.33089	2.84236	3.25421	3.45113	4.01632	5.37707	12.9971	13.6632	5.60665	3.49848	2.47533	1.96897	1.72707	2.03513	4.65385	5.0238	2.31653	1.96897	1.62835	1.50134	1.82953	1.27454	1.42198	9.46936	12.0837	8.96733	6.70943	4.55758	4.9415	4.65385	4.94145	4.43681	3.6007	2.19179	3.3443	5.34056	13.8629	19.5345	12.7204	8.10007	6.7677	6.94557	6.83232	6.9199	6.50012	5.63597	4.37722	2.4418	2.33089	4.00399	6.86063	5.44676	3.41751	5.16559	7.46586	16.8144	20.6936	18.626	16.3032	16.0565	14.0809	8.07582	12.7857	18.7828	19.0188	18.1429	19.1113	20.5646	26.1891	36.0232	39.7696	40.2997	38.8831	36.9416	32.7944	28.4424	27.6469	25.8038	19.7929	18.5396	33.7613	33.6197	27.5145	22.4915	16.6535	35.1027	39.661	28.8561	19.2825	33.5192	29.7447	15.5797	13.1333	15.5691	12.068	4.90837	9.38648	10.716	13.8421	13.0913	13.1044	13.7244	15.2653	16.8586	17.1016	16.7676	14.7375	13.5906	13.6177	13.2788	12.4402	11.6556	10.9425	10.8029	11.4612	13.4811	14.3556	12.6039	21.6333	32.0166	29.7885	27.4423	25.2673	22.0456	17.1488	12.1781	9.6965	10.781	13.6357	16.3527	18.1666	17.4202	14.9082	13.0536	12.361	9.93021	8.98336	8.2203	5.01072	6.08504	12.1968	10.4766	2.07539	3.27935	3.91654	5.12729	14.0263	21.6999	15.2963	8.02965	15.9864	8.74245	6.2546	13.9938	13.6929	13.0061	13.5269	15.2888	16.7247	9.45448	9.05828	6.19165	11.7689	7.11875	6.99902	12.538	23.806	49.1198	43.1179	6.56964	22.0029	28.116	23.5261
6.15642	10.1915	19.3187	23.3383	14.1271	2.05919	1.02993	1.02993	3.08712	4.11307	3.08712	4.11307	9.69184	10.6896	2.05919	0.515004	4.62509	3.08712	29.5225	42.2352	22.4643	14.1271	15.0916	10.1915	6.15642	3.60038	11.1861	12.1739	8.18417	3.60038	23.3383	44.1508	32.5461	2.05919	2.05919	0.515004	3.08712	5.13638	2.05919	20.6829	10.6896	12.6651	5.13638	9.19068	29.5225	32.9106	12.1739	3.08712	4.11307	3.08712	8.18417	5.64685	7.17255	29.911	31.8082	11.6809	10.1915	27.9387	32.9106	21.5791	15.5706	7.67896	4.11307	12.1739	17.4639	14.1271	35.0352	33.2721	3.60038	4.11307	8.6881	10.6896	8.6881	10.6896	10.1915	2.57336	6.66501	6.15642	9.69184	3.60038	3.08712	1.54468	0	0.515004	0.515004	1.02993	1.54468	2.57336	4.62509	14.1271	14.6104	5.13638	3.08712	2.05919	1.54468	1.54468	2.05919	4.62509	5.13638	2.57336	2.05919	1.54468	1.54468	1.54468	0.515004	1.02993	7.17255	9.69184	10.6896	8.6881	3.60038	3.60038	3.60038	4.62509	4.62509	4.11307	2.57336	1.02993	0	8.6881	15.5706	9.19068	3.08712	3.60038	4.11307	2.05919	0	1.02993	2.05919	2.05919	0.515004	0	3.08712	6.15642	3.60038	1.54468	4.11307	5.64685	13.6417	16.0474	13.6417	12.6651	13.1544	12.6651	10.1915	15.0916	16.9941	14.1271	12.6651	13.6417	13.1544	20.6829	22.0231	8.6881	14.1271	14.1271	15.0916	13.6417	1.02993	3.60038	5.13638	0	9.19068	32.1787	29.1311	12.1739	15.5706	9.19068	22.4643	33.9862	18.8588	4.11307	27.1288	31.0583	15.5706	12.1739	16.5219	14.6104	1.02993	6.15642	5.13638	7.67896	5.13638	3.08712	1.54468	8.18417	7.67896	2.57336	1.54468	1.54468	1.54468	1.54468	0.515004	2.57336	2.57336	0	2.57336	5.64685	9.69184	12.1739	10.6896	18.3963	24.201	7.67896	4.11307	1.54468	3.60038	4.11307	2.57336	0	1.02993	1.54468	0	0.515004	3.08712	4.62509	3.08712	6.66501	9.19068	11.1861	8.6881	3.60038	3.08712	11.1861	12.1739	3.08712	3.08712	3.60038	5.13638	13.6417	20.6829	14.1271	7.67896	15.5706	8.6881	0.515004	9.19068	5.64685	2.05919	6.15642	10.6896	13.1544	4.11307	6.15642	2.05919	10.1915	5.64685	6.66501	11.6809	23.3383	50.5089	44.1508	11.1861	25.8916	24.628	13.1544
6.15587	10.1906	19.3171	23.3364	14.1259	2.059	1.02983	1.02983	3.08684	4.1127	3.08684	4.1127	9.69098	10.6887	2.059	0.514958	4.62468	3.08684	29.5203	42.2327	22.4625	14.1259	15.0903	10.1906	6.15587	3.60006	11.1851	12.1728	8.18345	3.60006	23.3364	44.1482	32.5438	2.059	2.059	0.514958	3.08684	5.13592	2.059	20.6812	10.6887	12.664	5.13592	9.18987	29.5203	32.9082	12.1728	3.08684	4.1127	3.08684	8.18345	5.64634	7.17191	29.9088	31.8059	11.6798	10.1906	27.9365	32.9082	21.5773	15.5693	7.67828	4.1127	12.1728	17.4625	14.1259	35.0328	33.2697	3.60006	4.1127	8.68733	10.6887	8.68733	10.6887	10.1906	2.57313	6.66442	6.15587	9.69098	3.60006	3.08684	1.54454	0	0.514958	0.514958	1.02983	1.54454	2.57313	4.62468	14.1259	14.6091	5.13592	3.08684	2.059	1.54454	1.54454	2.059	4.62468	5.13592	2.57313	2.059	1.54454	1.54454	1.54454	0.514958	1.02983	7.17191	9.69098	10.6887	8.68733	3.60006	3.60006	3.60006	4.62468	4.62468	4.1127	2.57313	1.02983	0	8.68733	15.5693	9.18987	3.08684	3.60006	4.1127	2.059	0	1.02983	2.059	2.059	0.514958	0	3.08684	6.15587	3.60006	1.54454	4.1127	5.64634	13.6406	16.046	13.6406	12.664	13.1532	12.664	10.1906	15.0903	16.9927	14.1259	12.664	13.6406	13.1532	20.6812	22.0213	8.68733	14.1259	14.1259	15.0903	13.6406	1.02983	3.60006	5.13592	0	9.18987	32.1763	29.1289	12.1728	15.5693	9.18987	22.4625	33.9838	18.8572	4.1127	27.1267	31.0561	15.5693	12.1728	16.5205	14.6091	1.02983	6.15587	5.13592	7.67828	5.13592	3.08684	1.54454	8.18345	7.67828	2.57313	1.54454	1.54454	1.54454	1.54454	0.514958	2.57313	2.57313	0	2.57313	5.64634	9.69098	12.1728	10.6887	18.3948	24.199	7.67828	4.1127	1.54454	3.60006	4.1127	2.57313	0	1.02983	1.54454	0	0.514958	3.08684	4.62468	3.08684	6.66442	9.18987	11.1851	8.68733	3.60006	3.08684	11.1851	12.1728	3.08684	3.08684	3.60006	5.13592	13.6406	20.6812	14.1259	7.67828	15.5693	8.68733	0.514958	9.18987	5.64634	2.059	6.15587	10.6887	13.1532	4.1127	6.15587	2.059	10.1906	5.64634	6.66442	11.6798	23.3364	50.5064	44.1482	11.1851	25.8896	24.626	13.1532
6.15521	10.1895	19.3152	23.3342	14.1244	2.05878	1.02972	1.02972	3.08651	4.11226	3.08651	4.11226	9.68996	10.6875	2.05878	0.514903	4.62418	3.08651	29.5177	42.2296	22.4603	14.1244	15.0887	10.1895	6.15521	3.59967	11.1839	12.1715	8.18258	3.59967	23.3342	44.1451	32.541	2.05878	2.05878	0.514903	3.08651	5.13537	2.05878	20.6792	10.6875	12.6626	5.13537	9.1889	29.5177	32.9054	12.1715	3.08651	4.11226	3.08651	8.18258	5.64574	7.17115	29.9061	31.8031	11.6786	10.1895	27.934	32.9054	21.5752	15.5677	7.67746	4.11226	12.1715	17.4607	14.1244	35.0299	33.2669	3.59967	4.11226	8.68641	10.6875	8.68641	10.6875	10.1895	2.57285	6.6637	6.15521	9.68996	3.59967	3.08651	1.54438	0	0.514903	0.514903	1.02972	1.54438	2.57285	4.62418	14.1244	14.6076	5.13537	3.08651	2.05878	1.54438	1.54438	2.05878	4.62418	5.13537	2.57285	2.05878	1.54438	1.54438	1.54438	0.514903	1.02972	7.17115	9.68996	10.6875	8.68641	3.59967	3.59967	3.59967	4.62418	4.62418	4.11226	2.57285	1.02972	0	8.68641	15.5677	9.1889	3.08651	3.59967	4.11226	2.05878	0	1.02972	2.05878	2.05878	0.514903	0	3.08651	6.15521	3.59967	1.54438	4.11226	5.64574	13.6391	16.0444	13.6391	12.6626	13.1519	12.6626	10.1895	15.0887	16.9909	14.1244	12.6626	13.6391	13.1519	20.6792	22.0191	8.68641	14.1244	14.1244	15.0887	13.6391	1.02972	3.59967	5.13537	0	9.1889	32.1735	29.1263	12.1715	15.5677	9.1889	22.4603	33.9809	18.8553	4.11226	27.1242	31.0533	15.5677	12.1715	16.5188	14.6076	1.02972	6.15521	5.13537	7.67746	5.13537	3.08651	1.54438	8.18258	7.67746	2.57285	1.54438	1.54438	1.54438	1.54438	0.514903	2.57285	2.57285	0	2.57285	5.64574	9.68996	12.1715	10.6875	18.3929	24.1967	7.67746	4.11226	1.54438	3.59967	4.11226	2.57285	0	1.02972	1.54438	0	0.514903	3.08651	4.62418	3.08651	6.6637	9.1889	11.1839	8.68641	3.59967	3.08651	11.1839	12.1715	3.08651	3.08651	3.59967	5.13537	13.6391	20.6792	14.1244	7.67746	15.5677	8.68641	0.514903	9.1889	5.64574	2.05878	6.15521	10.6875	13.1519	4.11226	6.15521	2.05878	10.1895	5.64574	6.6637	11.6786	23.3342	50.5034	44.1451	11.1839	25.8872	24.6237	13.1519
10.9382	13.3245	20.4193	24.5351	16.929	8.7689	9.32169	10.9356	13.0595	14.9535	16.295	17.9694	21.5567	25.4547	25.3095	22.5786	20.2133	16.7642	32.2007	42.8064	25.046	16.5544	17.5014	16.8526	17.3971	19.1021	20.0462	19.5011	18.8218	21.0664	29.9053	43.9768	35.0277	18.1617	20.5931	20.7914	19.8655	19.1311	17.1427	23.2676	16.6854	18.5757	21.3142	23.6451	31.201	31.7257	13.1884	6.87482	7.38468	7.3869	12.0496	11.5511	12.4054	31.4252	33.6791	17.7986	18.2993	30.3636	33.2979	22.5403	16.7821	10.2665	8.37293	13.3106	16.1954	11.9243	34.9912	35.6337	9.75008	12.9045	17.4036	19.427	17.8762	16.1629	13.2876	9.22331	11.4994	10.4185	9.81513	4.1952	2.96071	1.32501	0.182038	0.514856	0.407036	1.38607	1.89982	3.27812	5.79675	13.861	13.6739	4.76715	3.18103	2.4744	2.1219	2.39294	2.91578	5.22669	5.79675	3.81716	3.49727	3.22238	4.27678	5.45983	5.66866	5.30162	7.59639	9.44389	9.33491	7.69785	4.9064	5.51038	4.87944	4.48673	4.39792	4.11988	2.8758	1.46731	1.3125	7.46307	15.5637	14.699	13.4845	13.1947	12.0291	9.60026	8.06514	7.32529	6.74354	4.93985	2.96082	3.33809	6.20765	8.14452	5.41464	3.96949	5.13501	6.47735	13.4531	16.0959	14.7326	13.444	13.8533	14.0126	11.4745	15.2318	17.8912	18.6133	18.795	19.1382	19.909	26.7887	30.8077	26.4686	31.1902	32.6352	33.3496	31.0468	25.6282	24.325	21.8509	18.1339	14.9695	29.9228	29.1498	14.9589	16.0617	10.9048	20.3209	35.6662	31.7843	22.5364	17.6231	29.334	21.8409	17.1018	18.1967	16.1844	4.72576	8.33237	8.51014	9.57344	10.4732	12.1915	12.8179	15.9392	18.3922	18.8091	17.2374	14.3392	11.7023	10.7609	11.4311	12.3767	12.6646	12.1737	12.1839	13.2878	13.8581	14.3473	14.5368	21.6601	26.9989	15.3816	13.5357	10.0794	8.17628	9.22331	12.212	14.0077	13.9607	12.9585	11.4558	9.13438	7.63694	7.42189	7.20914	11.0768	16.0367	19.7949	19.5281	18.1051	17.5277	16.9702	13.4041	5.92246	4.27678	4.57385	7.42172	14.5063	18.9392	12.0182	8.90837	15.0965	9.67598	5.08706	11.1113	14.7157	18.1219	18.4805	18.8089	19.6598	15.2984	15.6869	14.1983	11.4172	2.72852	5.69714	9.8603	21.8394	49.3318	44.6144	31.0159	34.2422	22.6029	18.057
11.2329	13.9052	19.5873	24.134	17.7379	8.7167	9.35511	11.1176	12.9059	14.7073	16.1654	17.773	20.615	24.5881	25.6105	23.2453	21.0692	18.695	34.0696	42.6681	26.593	15.9721	15.1604	15.9247	16.9064	19.2518	18.9926	18.9797	19.9011	23.0081	28.8035	40.411	35.6589	19.5778	20.5725	20.8296	20.1666	19.4124	17.1173	20.7198	16.992	16.4989	21.1469	23.2958	26.8364	26.4507	11.5797	6.87421	7.38402	7.77059	13.5942	12.4256	12.2681	31.9559	34.6836	18.7812	19.4602	29.5093	30.8889	20.7489	15.544	9.9128	8.6444	12.2678	12.7301	7.42313	34.816	39.9641	14.1836	14.4129	18.9743	19.9525	17.3956	14.5777	11.5271	9.11074	10.8213	9.50419	7.2085	3.33779	2.03424	0.750465	0.406999	0.51481	0.182022	1.87333	2.1295	3.98555	6.97018	12.9029	11.7194	4.00201	3.18075	3.23729	3.12844	3.04833	3.11264	5.45915	6.02826	4.0021	3.49696	3.2221	5.2669	6.08233	5.66816	5.26394	6.36778	8.24592	6.56658	5.29163	4.5735	7.84691	7.42313	3.98966	3.88937	4.11951	3.3818	1.67767	1.50067	4.25328	11.689	13.8305	13.4834	13.6295	12.9822	10.1413	8.1361	7.29804	6.59659	5.19813	3.27793	4.19483	7.25102	7.95945	4.79785	4.39394	5.13455	6.70396	12.2727	14.9545	15.1838	13.2164	13.1837	14.4568	11.4735	12.8898	14.6013	17.5125	19.1068	18.2535	19.1069	27.9102	34.1588	25.9887	30.5856	32.1876	34.0916	32.6647	25.7764	24.2208	21.7219	18.8325	13.6577	23.9871	28.9519	18.5581	14.7499	11.1157	12.8866	30.0457	31.2056	27.3044	7.2978	22.751	25.0655	22.0709	20.6631	19.2154	8.89133	7.55957	9.20491	8.12212	9.85346	12.513	13.0085	15.0066	17.6975	18.8804	17.9517	15.3451	12.2847	10.7128	11.4739	12.2949	12.6635	12.1931	12.1828	13.3928	12.6425	13.0615	15.8934	23.023	27.9167	15.7615	14.5149	12.0797	8.29297	9.02595	12.3328	14.0457	14.0989	13.2169	11.6503	10.0832	8.68698	6.82916	8.31613	19.4356	23.6423	22.4887	19.8446	18.062	17.436	15.2112	10.4009	5.69693	3.6807	4.57345	9.416	14.5051	14.9948	7.57855	9.35642	13.4519	10.6263	6.2307	9.13358	14.8089	18.386	18.1036	18.1346	19.3683	15.1865	15.7806	14.338	9.89697	5.84114	3.68052	5.79623	16.7718	45.2046	39.9221	32.219	31.5559	17.0045	26.7848
7.16911	11.6753	17.456	22.4545	16.04	1.54393	1.54393	3.08562	1.02943	1.02943	0.514755	1.02943	0.514755	2.05819	6.66181	8.68395	10.1867	12.6591	33.6178	41.9378	25.8807	12.6591	8.18026	6.15345	0.514755	5.1339	5.64412	10.1867	12.6591	14.6036	19.7672	36.0448	33.9733	11.1808	1.54393	2.05819	6.15345	7.16911	1.54393	13.6354	11.6753	0.514755	3.08562	6.66181	17.456	21.123	8.18026	3.08562	4.11108	4.62286	12.1681	8.68395	6.66181	31.046	33.9733	14.6036	14.1205	25.8807	27.5238	17.456	12.6591	6.66181	5.1339	9.68722	10.1867	5.1339	34.6754	41.9378	15.0846	10.1867	14.1205	12.6591	6.15345	3.08562	3.59864	1.54393	3.59864	0.514755	2.05819	0	0.514755	0	0.514755	0.514755	0	2.05819	2.05819	4.11108	7.16911	12.1681	10.6845	3.59864	3.08562	3.59864	3.59864	3.08562	2.57211	5.1339	5.64412	3.08562	2.05819	1.54393	4.62286	4.11108	0.514755	0.514755	4.11108	7.16911	5.1339	3.59864	2.57211	8.68395	8.68395	3.59864	3.59864	4.11108	3.59864	1.54393	1.02943	0.514755	5.1339	5.64412	3.08562	6.15345	8.18026	5.1339	1.54393	0.514755	0.514755	3.08562	2.05819	3.59864	6.15345	5.64412	0.514755	3.08562	4.11108	6.15345	11.1808	13.6354	14.6036	12.1681	11.6753	13.6354	10.1867	9.68722	8.18026	10.6845	13.6354	10.6845	10.1867	23.7608	31.4224	3.08562	9.68722	10.6845	19.31	21.5696	4.62286	0.514755	3.59864	7.67528	2.05819	19.7672	28.7249	19.7672	12.6591	9.68722	2.05819	16.9863	16.04	23.7608	16.9863	16.04	23.7608	23.3282	21.5696	20.6737	10.6845	3.59864	7.16911	2.57211	0.514755	5.1339	3.59864	2.05819	1.54393	3.59864	7.67528	8.18026	5.64412	0.514755	1.54393	1.54393	2.57211	1.02943	2.57211	6.15345	5.1339	8.68395	14.1205	21.5696	26.2959	9.1863	8.68395	9.68722	4.11108	3.08562	3.59864	1.54393	3.08562	4.11108	3.08562	6.15345	6.66181	2.05819	6.66181	23.3282	26.2959	19.31	10.1867	3.08562	1.54393	1.54393	1.02943	2.05819	0	3.59864	9.68722	13.6354	12.6591	5.1339	8.68395	12.1681	10.6845	5.1339	1.54393	6.15345	5.1339	2.57211	7.67528	12.1681	3.08562	6.66181	3.59864	6.15345	9.1863	2.57211	3.08562	12.1681	41.6517	32.1661	18.388	14.1205	12.6591	30.6667
10.6275	13.9026	19.0657	23.9754	18.6912	10.7578	12.0349	14.4987	16.4238	17.9291	18.275	19.7794	26.9449	36.2302	40.6597	39.773	37.4768	35.4061	41.4453	48.0539	47.0433	41.0945	31.5531	27.9505	30.0624	33.2783	35.6169	38.7773	42.936	46.5114	49.0107	48.9957	38.696	20.9138	15.2282	14.6332	15.4632	16.0579	15.8486	19.0091	17.5093	14.4379	16.0255	17.2394	22.1467	22.7471	11.1379	7.7795	7.67912	8.64271	14.968	13.3993	11.9632	28.8367	31.979	15.8685	18.2812	29.0481	28.4654	19.398	14.9408	9.8125	8.7864	11.4536	10.2635	5.33992	32.0915	41.2597	20.0988	14.677	16.8118	14.6047	9.11057	6.49581	5.58853	4.55108	6.02727	5.38893	4.14676	2.72781	1.6774	0.750317	1.06101	2.00929	1.87296	5.11116	4.87155	5.26276	7.56002	7.78543	13.4259	19.5549	19.728	16.1373	9.92374	5.45825	5.92902	7.81051	8.32033	6.81827	5.90693	4.54021	5.72708	5.28442	1.95926	2.47379	6.16629	7.63458	6.11578	5.26586	4.80709	7.76883	7.54925	3.9307	3.7463	4.4964	3.9307	1.85524	1.2737	1.64751	4.91503	8.19756	9.28637	11.5248	13.8576	12.9595	10.5561	7.69602	5.02075	5.19706	5.4463	7.24523	8.8482	6.90344	3.23682	3.83326	4.77619	6.61232	11.6905	14.6357	15.8791	14.513	15.1574	16.7451	13.612	12.9115	11.6706	13.5725	16.7918	17.1729	18.9107	22.9868	28.1155	6.40468	10.4927	15.2821	20.9961	23.9931	20.7486	19.6557	18.608	18.5994	15.6979	18.6566	24.9647	19.1942	13.3991	12.0606	10.7092	6.02708	24.2837	38.206	38.7562	31.0683	23.0561	20.3248	21.1265	21.0122	12.6605	6.58788	11.0012	8.17396	5.77275	7.77939	7.76908	8.46623	10.9354	13.2842	15.6261	15.3029	12.7379	10.944	11.3174	11.6333	11.8466	11.3603	11.7551	14.1069	15.1488	16.2026	18.6106	26.1734	26.5757	7.81051	9.16632	8.48291	6.89651	10.0765	9.59755	7.43951	6.85626	6.52319	5.09516	6.99679	7.77939	8.21534	11.3171	28.0425	29.9089	18.4429	6.65147	5.00767	11.1762	12.2658	7.07067	2.12129	0.514736	3.98473	10.348	13.4482	11.3099	4.95484	10.0809	12.5807	12.5362	13.065	20.6582	28.9247	29.8988	27.9476	25.4825	20.9506	13.6551	13.1862	11.3048	10.5602	10.1936	2.53308	3.22137	11.0908	38.5403	35.4243	8.84637	15.6568	25.1482	33.3119
10.6266	13.3197	18.253	23.578	18.4951	10.7098	12.4959	15.3869	16.9183	17.9276	18.2703	20.171	30.5161	38.5934	40.6378	40.632	37.9983	37.7059	39.4332	43.2331	47.4373	45.7659	34.1362	27.7173	30.4373	33.9098	36.0438	39.6621	44.5171	47.495	49.4338	46.1186	33.099	20.1321	15.2071	14.6692	15.5585	15.5576	15.8171	17.6232	17.357	14.769	16.1904	17.238	21.1798	20.0221	9.5967	8.29253	7.43877	8.93402	15.9937	14.6481	11.7086	23.1803	27.7216	18.21	25.2645	32.3091	26.9743	18.6043	14.1723	9.10278	8.78562	10.8602	8.18291	4.18184	26.4234	39.3308	28.7485	20.8729	17.0088	13.4542	8.41392	6.13409	5.03331	4.4337	5.51741	5.48473	4.03382	2.9373	2.19016	1.32451	2.07382	3.22108	5.4124	8.42129	4.6506	4.75172	7.09971	2.72749	14.6762	19.4227	20.3418	20.7203	14.5534	5.12364	5.69242	7.65097	8.31959	6.94042	6.58472	5.27474	5.93931	6.19466	4.43348	4.9939	6.74082	6.58462	6.11524	5.64903	4.95448	5.23728	5.26215	4.43348	4.00086	5.26215	4.43348	1.85507	1.10675	2.42631	3.78115	7.1795	9.06236	10.8547	13.3511	13.2829	11.4706	8.99125	5.45779	4.93794	5.26243	7.52524	8.84741	5.69239	3.88416	3.63904	4.37389	5.44268	10.3885	13.7763	14.841	13.4084	15.1561	17.3332	13.9836	13.0957	11.5019	12.4058	14.8911	16.0324	18.041	16.4411	20.5262	11.9865	8.19498	15.9855	18.7562	19.6761	20.7015	19.7542	18.9718	19.1279	16.0908	12.7111	16.6833	17.1632	11.924	10.0992	11.3094	17.9501	27.5135	36.3622	39.1377	30.8905	16.8879	13.146	20.224	21.6801	15.987	6.89587	11.0003	9.42033	5.80609	8.13556	8.5202	8.61601	11.1625	13.0535	15.8678	16.3325	13.0959	10.9431	11.4049	11.6053	11.9034	11.387	11.8811	14.8607	15.8781	15.6583	17.953	28.3002	22.5298	6.94042	9.90815	5.45761	7.22672	10.4708	9.2718	7.57677	7.61706	7.27572	5.44268	6.38383	6.30438	8.36992	13.1485	36.3018	34.9019	13.6423	2.21268	7.617	13.5624	14.8331	14.2653	2.1211	0.51469	4.75157	11.583	12.9614	8.56508	3.39555	10.755	11.8924	14.1192	18.6842	26.797	31.1052	29.7509	27.9454	25.0478	19.5367	14.1296	13.0676	13.0958	15.6386	11.9081	2.07385	2.78139	8.06178	29.5234	35.4219	19.4043	17.9676	25.2488	30.1637